 0.00030518
 0.00030518
 0.00061035
 0.00061035
 0.00061035
 0.00030518
 0.00030518
 0.00000000
 0.00030518
 0.00030518
 0.00061035
 0.00061035
 0.00061035
 0.00030518
 0.00000000
 0.00030518
 0.00030518
 0.00061035
 0.00030518
-0.00030518
-0.00030518
 0.00030518
 0.00030518
 0.00000000
 0.00030518
 0.00061035
 0.00061035
 0.00000000
-0.00061035
-0.00030518
 0.00000000
 0.00061035
 0.00030518
-0.00030518
-0.00091553
-0.00091553
-0.00030518
 0.00000000
 0.00000000
 0.00000000
 0.00030518
 0.00061035
 0.00061035
 0.00030518
 0.00000000
 0.00000000
 0.00000000
 0.00000000
 0.00000000
-0.00030518
-0.00030518
-0.00061035
-0.00091553
-0.00091553
-0.00030518
-0.00030518
 0.00000000
 0.00000000
 0.00000000
 0.00000000
 0.00030518
 0.00030518
 0.00030518
 0.00030518
-0.00030518
-0.00030518
 0.00000000
 0.00030518
 0.00030518
 0.00030518
 0.00000000
-0.00030518
-0.00030518
-0.00030518
-0.00030518
 0.00000000
 0.00061035
 0.00030518
 0.00030518
 0.00000000
-0.00030518
-0.00030518
-0.00030518
 0.00000000
 0.00030518
 0.00030518
 0.00061035
 0.00000000
-0.00030518
-0.00030518
 0.00000000
-0.00030518
 0.00000000
 0.00030518
 0.00030518
 0.00091553
 0.00671387
 0.03082275
 0.09033203
 0.17944336
 0.22521973
 0.07873535
-0.28350830
-0.55603027
-0.49591064
-0.20599365
 0.06439209
 0.39520264
 0.38879395
 0.14373779
-0.06896973
-0.17120361
-0.08941650
 0.11810303
 0.43853760
 0.61096191
 0.43884277
 0.05523682
-0.35095215
-0.55847168
-0.61279297
-0.50415039
-0.29296875
-0.05004883
 0.29144287
 0.57098389
 0.51422119
 0.16204834
-0.10681152
-0.35308838
-0.28961182
-0.02197266
 0.31402588
 0.46112061
 0.21362305
 0.08636475
-0.01098633
-0.19866943
-0.25695801
-0.11688232
-0.04791260
-0.17974854
-0.33538818
-0.25421143
 0.04150391
 0.31311035
 0.49926758
 0.44097900
 0.32623291
 0.14007568
-0.11718750
-0.25238037
-0.24047852
-0.14617920
-0.03173828
 0.04486084
 0.06072998
 0.03814697
-0.03387451
-0.10864258
-0.10498047
-0.01953125
 0.12298584
 0.28808594
 0.34362793
 0.22796631
 0.04089355
-0.14312744
-0.20172119
-0.17181396
-0.12298584
-0.09124756
-0.06652832
-0.01953125
 0.03204346
 0.05401611
 0.02777100
 0.02288818
 0.07446289
 0.10498047
 0.06256104
-0.01678467
-0.03601074
 0.01312256
 0.07049561
 0.06652832
-0.03265381
-0.16937256
-0.24566650
-0.25207520
-0.21392822
-0.12542725
 0.00244141
 0.10803223
 0.14678955
 0.13977051
 0.11474609
 0.08300781
 0.05249023
 0.02471924
 0.00640869
-0.00030518
-0.00762939
-0.05615234
-0.14678955
-0.19317627
-0.15594482
-0.07904053
-0.01678467
 0.03417969
 0.08972168
 0.12695313
 0.12115479
 0.07354736
 0.02929688
 0.02716064
 0.06530762
 0.09613037
 0.05859375
-0.05462646
-0.13183594
-0.14129639
-0.13305664
-0.12268066
-0.10192871
-0.06134033
 0.00213623
 0.07385254
 0.12725830
 0.15289307
 0.15808105
 0.14831543
 0.08544922
-0.06042480
-0.20690918
-0.26031494
-0.22735596
-0.14862061
-0.07141113
-0.01403809
 0.02807617
 0.06225586
 0.09155273
 0.09735107
 0.06774902
 0.03875732
 0.05493164
 0.09887695
 0.11932373
 0.06683350
-0.05279541
-0.14038086
-0.15106201
-0.12237549
-0.08148193
-0.02349854
 0.05340576
 0.12115479
 0.15350342
 0.14129639
 0.09429932
 0.05310059
 0.04425049
 0.05676270
 0.06317139
 0.02349854
-0.05187988
-0.09002686
-0.08392334
-0.07141113
-0.05676270
-0.02655029
 0.01678467
 0.05279541
 0.06469727
 0.06622314
 0.08789063
 0.11718750
 0.12664795
 0.09552002
 0.03723145
-0.01800537
-0.05889893
-0.07812500
-0.06988525
-0.04028320
 0.00061035
 0.04180908
 0.06317139
 0.03601074
-0.01403809
-0.02593994
-0.00335693
 0.02380371
 0.04669189
 0.05767822
 0.04425049
 0.00457764
-0.03845215
-0.06469727
-0.06866455
-0.04730225
-0.01037598
 0.01770020
 0.00976563
-0.02929688
-0.04669189
-0.03204346
-0.01129150
 0.00488281
 0.01403809
 0.02044678
 0.02624512
 0.02502441
 0.01556396
 0.00915527
 0.01190186
 0.01281738
-0.00671387
-0.05218506
-0.09368896
-0.09704590
-0.06408691
-0.01190186
 0.04241943
 0.08453369
 0.10406494
 0.08056641
 0.01861572
-0.04425049
-0.07629395
-0.07202148
-0.04211426
-0.00854492
 0.00885010
-0.00396729
-0.03234863
-0.04791260
-0.05584717
-0.06256104
-0.05065918
-0.01281738
 0.02807617
 0.04425049
 0.01525879
-0.02563477
-0.03570557
-0.02868652
-0.02960205
-0.04699707
-0.06622314
-0.06591797
-0.04852295
-0.02655029
-0.00793457
 0.00976563
 0.03295898
 0.05767822
 0.07080078
 0.06195068
 0.03845215
 0.02075195
 0.01373291
 0.00823975
-0.00518799
-0.02746582
-0.04852295
-0.06164551
-0.06774902
-0.06439209
-0.04455566
-0.00793457
 0.03814697
 0.08239746
 0.10986328
 0.09918213
 0.05310059
 0.00671387
-0.01800537
-0.02136230
-0.01068115
 0.00305176
 0.00854492
 0.00091553
-0.01312256
-0.01983643
-0.01403809
 0.00122070
 0.02136230
 0.03997803
 0.05187988
 0.05340576
 0.04333496
 0.02502441
 0.00610352
-0.00518799
-0.00732422
-0.00610352
-0.00946045
-0.01983643
-0.02777100
-0.02319336
-0.00671387
 0.01281738
 0.02655029
 0.03295898
 0.04058838
 0.05249023
 0.06072998
 0.05767822
 0.04455566
 0.03112793
 0.02227783
 0.01281738
-0.00091553
-0.01434326
-0.02075195
-0.01739502
-0.00366211
 0.01953125
 0.04791260
 0.07232666
 0.08026123
 0.06500244
 0.03753662
 0.01586914
 0.00762939
 0.00976563
 0.01403809
 0.01007080
-0.00518799
-0.02471924
-0.03936768
-0.04516602
-0.04302979
-0.03326416
-0.01586914
 0.00579834
 0.02655029
 0.03936768
 0.03967285
 0.02746582
 0.00671387
-0.02014160
-0.04760742
-0.06774902
-0.07232666
-0.06072998
-0.04058838
-0.02075195
-0.01007080
-0.01190186
-0.02044678
-0.02471924
-0.01953125
-0.00579834
 0.01251221
 0.02868652
 0.03204346
 0.01617432
-0.01342773
-0.04241943
-0.06256104
-0.07141113
-0.06805420
-0.05065918
-0.02197266
 0.01159668
 0.03997803
 0.05218506
 0.04211426
 0.01953125
 0.00030518
-0.01068115
-0.01556396
-0.01892090
-0.02349854
-0.03143311
-0.04241943
-0.05126953
-0.05249023
-0.04486084
-0.02868652
-0.00885010
 0.00976563
 0.02349854
 0.03234863
 0.03753662
 0.03631592
 0.02563477
 0.00549316
-0.01892090
-0.03967285
-0.05187988
-0.05340576
-0.04669189
-0.03692627
-0.02899170
-0.02258301
-0.01403809
 0.00030518
 0.01922607
 0.03936768
 0.05340576
 0.05493164
 0.04333496
 0.02319336
-0.00030518
-0.02441406
-0.04486084
-0.05706787
-0.05798340
-0.04852295
-0.02990723
-0.00640869
 0.01739502
 0.03570557
 0.04486084
 0.04608154
 0.04486084
 0.04333496
 0.04150391
 0.03692627
 0.02807617
 0.01556396
 0.00152588
-0.01068115
-0.01861572
-0.02105713
-0.01647949
-0.00427246
 0.01373291
 0.03356934
 0.05126953
 0.06256104
 0.06530762
 0.05859375
 0.04425049
 0.02563477
 0.00732422
-0.00762939
-0.01678467
-0.02044678
-0.02044678
-0.01678467
-0.01037598
-0.00183105
 0.00823975
 0.01892090
 0.02990723
 0.03845215
 0.04180908
 0.03814697
 0.02807617
 0.01525879
 0.00244141
-0.00762939
-0.01464844
-0.01739502
-0.01647949
-0.01281738
-0.00793457
-0.00183105
 0.00457764
 0.01037598
 0.01312256
 0.01190186
 0.00732422
 0.00183105
-0.00305176
-0.00701904
-0.01068115
-0.01342773
-0.01586914
-0.01861572
-0.02044678
-0.02227783
-0.02349854
-0.02319336
-0.02044678
-0.01586914
-0.00946045
-0.00305176
 0.00213623
 0.00427246
 0.00213623
-0.00305176
-0.01098633
-0.01922607
-0.02532959
-0.02807617
-0.02746582
-0.02410889
-0.02044678
-0.01739502
-0.01556396
-0.01434326
-0.01373291
-0.01159668
-0.00793457
-0.00213623
 0.00366211
 0.00793457
 0.00915527
 0.00518799
-0.00183105
-0.01068115
-0.01892090
-0.02502441
-0.02838135
-0.02929688
-0.02685547
-0.02105713
-0.01342773
-0.00579834
-0.00061035
 0.00122070
 0.00030518
-0.00152588
-0.00366211
-0.00640869
-0.00976563
-0.01373291
-0.01861572
-0.02441406
-0.02807617
-0.02838135
-0.02593994
-0.02136230
-0.01525879
-0.00823975
-0.00061035
 0.00671387
 0.01281738
 0.01647949
 0.01770020
 0.01617432
 0.01190186
 0.00732422
 0.00366211
 0.00030518
-0.00305176
-0.00701904
-0.01007080
-0.00946045
-0.00427246
 0.00457764
 0.01556396
 0.02502441
 0.02899170
 0.02685547
 0.02075195
 0.01556396
 0.01251221
 0.01037598
 0.00793457
 0.00457764
 0.00213623
 0.00122070
 0.00305176
 0.00732422
 0.01281738
 0.01800537
 0.02197266
 0.02593994
 0.03112793
 0.03662109
 0.03875732
 0.03540039
 0.02716064
 0.01617432
 0.00610352
-0.00061035
-0.00488281
-0.00610352
-0.00518799
-0.00335693
 0.00000000
 0.00488281
 0.01190186
 0.02014160
 0.02746582
 0.03265381
 0.03479004
 0.03326416
 0.02868652
 0.02075195
 0.00946045
-0.00366211
-0.01647949
-0.02655029
-0.03143311
-0.02960205
-0.02258301
-0.01373291
-0.00488281
 0.00244141
 0.00823975
 0.01190186
 0.01373291
 0.01312256
 0.00946045
 0.00396729
-0.00335693
-0.01159668
-0.01861572
-0.02380371
-0.02563477
-0.02410889
-0.01953125
-0.01220703
-0.00213623
 0.00946045
 0.02044678
 0.02868652
 0.03204346
 0.02929688
 0.02227783
 0.01190186
 0.00061035
-0.01007080
-0.01892090
-0.02380371
-0.02502441
-0.02380371
-0.02075195
-0.01617432
-0.01068115
-0.00457764
 0.00244141
 0.01037598
 0.01800537
 0.02258301
 0.02197266
 0.01495361
 0.00244141
-0.01220703
-0.02593994
-0.03601074
-0.04028320
-0.03936768
-0.03356934
-0.02441406
-0.01434326
-0.00549316
 0.00030518
 0.00274658
 0.00335693
 0.00274658
 0.00122070
-0.00091553
-0.00457764
-0.00915527
-0.01525879
-0.02197266
-0.02807617
-0.03173828
-0.03234863
-0.02929688
-0.02197266
-0.01190186
 0.00030518
 0.01159668
 0.01892090
 0.02044678
 0.01678467
 0.01007080
 0.00244141
-0.00427246
-0.00915527
-0.01129150
-0.01098633
-0.00915527
-0.00671387
-0.00396729
-0.00122070
 0.00335693
 0.01068115
 0.01892090
 0.02624512
 0.03051758
 0.03112793
 0.02807617
 0.02258301
 0.01586914
 0.00976563
 0.00518799
 0.00274658
 0.00274658
 0.00396729
 0.00579834
 0.00793457
 0.01037598
 0.01342773
 0.01617432
 0.01831055
 0.01983643
 0.01922607
 0.01617432
 0.00976563
 0.00152588
-0.00701904
-0.01403809
-0.01892090
-0.02136230
-0.02075195
-0.01708984
-0.01037598
-0.00305176
 0.00427246
 0.01037598
 0.01312256
 0.01281738
 0.01007080
 0.00610352
 0.00244141
-0.00061035
-0.00335693
-0.00579834
-0.00885010
-0.01251221
-0.01464844
-0.01434326
-0.01068115
-0.00427246
 0.00274658
 0.00946045
 0.01434326
 0.01525879
 0.01312256
 0.00915527
 0.00488281
-0.00030518
-0.00457764
-0.00793457
-0.00976563
-0.00915527
-0.00732422
-0.00457764
-0.00122070
 0.00274658
 0.00732422
 0.01098633
 0.01342773
 0.01342773
 0.01159668
 0.00885010
 0.00610352
 0.00274658
-0.00061035
-0.00488281
-0.01037598
-0.01556396
-0.01922607
-0.01953125
-0.01617432
-0.00976563
-0.00213623
 0.00457764
 0.00854492
 0.00885010
 0.00579834
 0.00030518
-0.00518799
-0.00976563
-0.01281738
-0.01434326
-0.01525879
-0.01647949
-0.01770020
-0.01922607
-0.01953125
-0.01800537
-0.01464844
-0.01007080
-0.00488281
-0.00122070
 0.00000000
-0.00091553
-0.00305176
-0.00579834
-0.00885010
-0.01190186
-0.01525879
-0.01831055
-0.01983643
-0.01922607
-0.01556396
-0.01007080
-0.00396729
 0.00244141
 0.00762939
 0.01068115
 0.01129150
 0.01037598
 0.00885010
 0.00671387
 0.00366211
-0.00030518
-0.00396729
-0.00701904
-0.00915527
-0.00885010
-0.00701904
-0.00305176
 0.00183105
 0.00671387
 0.00976563
 0.01037598
 0.00946045
 0.00762939
 0.00518799
 0.00244141
-0.00061035
-0.00488281
-0.00915527
-0.01281738
-0.01495361
-0.01495361
-0.01312256
-0.00915527
-0.00335693
 0.00274658
 0.00762939
 0.01037598
 0.01037598
 0.00885010
 0.00610352
 0.00244141
-0.00152588
-0.00549316
-0.00854492
-0.01129150
-0.01190186
-0.00976563
-0.00549316
-0.00061035
 0.00366211
 0.00671387
 0.00946045
 0.01129150
 0.01281738
 0.01312256
 0.01190186
 0.00823975
 0.00274658
-0.00366211
-0.00885010
-0.01190186
-0.01159668
-0.00762939
-0.00030518
 0.00793457
 0.01495361
 0.01892090
 0.02044678
 0.02014160
 0.01922607
 0.01739502
 0.01464844
 0.01159668
 0.00732422
 0.00213623
-0.00305176
-0.00762939
-0.00976563
-0.00885010
-0.00518799
 0.00000000
 0.00579834
 0.01068115
 0.01434326
 0.01586914
 0.01586914
 0.01373291
 0.00976563
 0.00396729
-0.00244141
-0.00823975
-0.01251221
-0.01342773
-0.01098633
-0.00579834
 0.00061035
 0.00671387
 0.01159668
 0.01495361
 0.01770020
 0.01953125
 0.01983643
 0.01892090
 0.01647949
 0.01251221
 0.00701904
 0.00061035
-0.00549316
-0.00976563
-0.01129150
-0.01037598
-0.00701904
-0.00244141
 0.00213623
 0.00579834
 0.00885010
 0.01068115
 0.01159668
 0.01129150
 0.00885010
 0.00396729
-0.00335693
-0.01129150
-0.01770020
-0.02166748
-0.02288818
-0.02075195
-0.01617432
-0.01068115
-0.00518799
-0.00122070
 0.00061035
 0.00091553
 0.00030518
-0.00091553
-0.00152588
-0.00305176
-0.00488281
-0.00793457
-0.01220703
-0.01617432
-0.01953125
-0.02105713
-0.02044678
-0.01770020
-0.01220703
-0.00549316
 0.00152588
 0.00732422
 0.01037598
 0.00976563
 0.00640869
 0.00122070
-0.00457764
-0.00946045
-0.01251221
-0.01312256
-0.01190186
-0.00976563
-0.00762939
-0.00549316
-0.00335693
-0.00061035
 0.00274658
 0.00610352
 0.00854492
 0.00915527
 0.00854492
 0.00610352
 0.00274658
-0.00122070
-0.00549316
-0.00885010
-0.01068115
-0.01129150
-0.01037598
-0.00793457
-0.00335693
 0.00213623
 0.00732422
 0.01068115
 0.01159668
 0.00946045
 0.00579834
 0.00183105
-0.00213623
-0.00457764
-0.00610352
-0.00671387
-0.00671387
-0.00671387
-0.00610352
-0.00427246
-0.00061035
 0.00366211
 0.00823975
 0.01190186
 0.01403809
 0.01373291
 0.01159668
 0.00793457
 0.00366211
 0.00000000
-0.00213623
-0.00305176
-0.00305176
-0.00244141
-0.00030518
 0.00213623
 0.00488281
 0.00854492
 0.01251221
 0.01586914
 0.01770020
 0.01739502
 0.01464844
 0.01098633
 0.00701904
 0.00335693
 0.00122070
 0.00030518
 0.00000000
 0.00122070
 0.00335693
 0.00640869
 0.00946045
 0.01190186
 0.01373291
 0.01434326
 0.01342773
 0.01220703
 0.01068115
 0.00793457
 0.00457764
 0.00061035
-0.00305176
-0.00671387
-0.01007080
-0.01159668
-0.01098633
-0.00793457
-0.00427246
-0.00061035
 0.00152588
 0.00213623
 0.00122070
-0.00122070
-0.00366211
-0.00640869
-0.00915527
-0.01129150
-0.01220703
-0.01190186
-0.01037598
-0.00885010
-0.00762939
-0.00671387
-0.00518799
-0.00305176
-0.00030518
 0.00244141
 0.00335693
 0.00213623
-0.00091553
-0.00549316
-0.01068115
-0.01617432
-0.01983643
-0.02197266
-0.02227783
-0.02044678
-0.01708984
-0.01373291
-0.01037598
-0.00793457
-0.00610352
-0.00518799
-0.00549316
-0.00732422
-0.00915527
-0.01098633
-0.01281738
-0.01434326
-0.01617432
-0.01708984
-0.01678467
-0.01495361
-0.01190186
-0.00885010
-0.00579834
-0.00274658
 0.00030518
 0.00335693
 0.00488281
 0.00396729
 0.00091553
-0.00274658
-0.00579834
-0.00793457
-0.00976563
-0.01037598
-0.00976563
-0.00885010
-0.00640869
-0.00335693
 0.00091553
 0.00579834
 0.00915527
 0.01068115
 0.00946045
 0.00579834
 0.00213623
-0.00061035
-0.00213623
-0.00396729
-0.00610352
-0.00762939
-0.00854492
-0.00762939
-0.00518799
-0.00183105
 0.00244141
 0.00732422
 0.01129150
 0.01373291
 0.01434326
 0.01342773
 0.01068115
 0.00732422
 0.00396729
 0.00122070
-0.00061035
-0.00183105
-0.00183105
-0.00122070
 0.00091553
 0.00488281
 0.01037598
 0.01525879
 0.01983643
 0.02227783
 0.02197266
 0.01922607
 0.01525879
 0.01159668
 0.00854492
 0.00610352
 0.00396729
 0.00213623
 0.00091553
 0.00091553
 0.00274658
 0.00610352
 0.01068115
 0.01586914
 0.02044678
 0.02349854
 0.02441406
 0.02288818
 0.01861572
 0.01312256
 0.00793457
 0.00244141
-0.00213623
-0.00549316
-0.00701904
-0.00671387
-0.00457764
-0.00091553
 0.00274658
 0.00671387
 0.01007080
 0.01190186
 0.01159668
 0.00854492
 0.00427246
-0.00091553
-0.00610352
-0.01129150
-0.01647949
-0.02075195
-0.02319336
-0.02349854
-0.02197266
-0.01861572
-0.01403809
-0.00915527
-0.00427246
 0.00000000
 0.00244141
 0.00274658
 0.00030518
-0.00396729
-0.00915527
-0.01403809
-0.01770020
-0.01983643
-0.01922607
-0.01708984
-0.01342773
-0.00915527
-0.00427246
 0.00061035
 0.00427246
 0.00671387
 0.00793457
 0.00732422
 0.00518799
 0.00061035
-0.00488281
-0.01037598
-0.01556396
-0.01983643
-0.02166748
-0.02044678
-0.01586914
-0.00976563
-0.00274658
 0.00274658
 0.00640869
 0.00885010
 0.00946045
 0.00823975
 0.00640869
 0.00305176
-0.00122070
-0.00640869
-0.01129150
-0.01464844
-0.01617432
-0.01617432
-0.01403809
-0.00976563
-0.00427246
 0.00152588
 0.00701904
 0.01159668
 0.01373291
 0.01342773
 0.01159668
 0.00762939
 0.00274658
-0.00274658
-0.00732422
-0.01037598
-0.01190186
-0.01159668
-0.00976563
-0.00579834
-0.00122070
 0.00427246
 0.01007080
 0.01495361
 0.01770020
 0.01922607
 0.01861572
 0.01617432
 0.01281738
 0.00854492
 0.00427246
 0.00061035
-0.00183105
-0.00274658
-0.00213623
 0.00091553
 0.00518799
 0.00946045
 0.01342773
 0.01617432
 0.01800537
 0.01861572
 0.01770020
 0.01617432
 0.01342773
 0.00946045
 0.00457764
-0.00030518
-0.00488281
-0.00793457
-0.00976563
-0.00885010
-0.00549316
-0.00091553
 0.00396729
 0.00732422
 0.00854492
 0.00885010
 0.00762939
 0.00610352
 0.00457764
 0.00335693
 0.00091553
-0.00244141
-0.00610352
-0.00976563
-0.01220703
-0.01251221
-0.01037598
-0.00610352
-0.00030518
 0.00518799
 0.00946045
 0.01129150
 0.01098633
 0.00885010
 0.00610352
 0.00305176
-0.00061035
-0.00457764
-0.00854492
-0.01159668
-0.01281738
-0.01251221
-0.01129150
-0.00915527
-0.00701904
-0.00457764
-0.00122070
 0.00213623
 0.00488281
 0.00610352
 0.00518799
 0.00244141
-0.00152588
-0.00610352
-0.01098633
-0.01495361
-0.01708984
-0.01647949
-0.01403809
-0.01037598
-0.00610352
-0.00152588
 0.00244141
 0.00457764
 0.00579834
 0.00579834
 0.00488281
 0.00305176
 0.00061035
-0.00305176
-0.00701904
-0.01098633
-0.01403809
-0.01586914
-0.01556396
-0.01342773
-0.01007080
-0.00579834
-0.00152588
 0.00244141
 0.00518799
 0.00701904
 0.00701904
 0.00549316
 0.00183105
-0.00274658
-0.00701904
-0.01007080
-0.01129150
-0.01159668
-0.01068115
-0.00915527
-0.00671387
-0.00274658
 0.00152588
 0.00579834
 0.00915527
 0.01098633
 0.01098633
 0.00885010
 0.00518799
 0.00091553
-0.00305176
-0.00610352
-0.00885010
-0.01037598
-0.01098633
-0.01007080
-0.00793457
-0.00427246
-0.00030518
 0.00427246
 0.00885010
 0.01220703
 0.01342773
 0.01251221
 0.00915527
 0.00488281
 0.00061035
-0.00335693
-0.00610352
-0.00701904
-0.00701904
-0.00579834
-0.00457764
-0.00244141
-0.00061035
 0.00183105
 0.00457764
 0.00671387
 0.00885010
 0.00976563
 0.00915527
 0.00640869
 0.00274658
-0.00183105
-0.00579834
-0.00885010
-0.01037598
-0.01068115
-0.00885010
-0.00640869
-0.00305176
 0.00061035
 0.00366211
 0.00610352
 0.00732422
 0.00732422
 0.00671387
 0.00549316
 0.00335693
 0.00152588
-0.00091553
-0.00305176
-0.00518799
-0.00640869
-0.00610352
-0.00488281
-0.00274658
-0.00030518
 0.00244141
 0.00518799
 0.00762939
 0.00885010
 0.00793457
 0.00549316
 0.00274658
 0.00000000
-0.00213623
-0.00396729
-0.00518799
-0.00610352
-0.00640869
-0.00579834
-0.00457764
-0.00274658
 0.00000000
 0.00244141
 0.00457764
 0.00579834
 0.00579834
 0.00457764
 0.00213623
-0.00091553
-0.00335693
-0.00518799
-0.00640869
-0.00701904
-0.00671387
-0.00518799
-0.00366211
-0.00213623
-0.00061035
 0.00152588
 0.00335693
 0.00396729
 0.00427246
 0.00305176
 0.00030518
-0.00274658
-0.00488281
-0.00640869
-0.00701904
-0.00762939
-0.00762939
-0.00762939
-0.00671387
-0.00518799
-0.00274658
-0.00030518
 0.00183105
 0.00274658
 0.00274658
 0.00213623
 0.00152588
 0.00061035
-0.00091553
-0.00244141
-0.00366211
-0.00427246
-0.00457764
-0.00366211
-0.00244141
-0.00061035
 0.00122070
 0.00335693
 0.00488281
 0.00549316
 0.00518799
 0.00488281
 0.00396729
 0.00244141
 0.00061035
-0.00091553
-0.00183105
-0.00274658
-0.00335693
-0.00366211
-0.00305176
-0.00244141
-0.00152588
 0.00000000
 0.00152588
 0.00213623
 0.00213623
 0.00152588
 0.00091553
 0.00061035
 0.00030518
-0.00030518
-0.00122070
-0.00213623
-0.00274658
-0.00274658
-0.00274658
-0.00183105
-0.00061035
 0.00091553
 0.00183105
 0.00183105
 0.00122070
 0.00061035
 0.00030518
 0.00000000
-0.00030518
-0.00061035
-0.00152588
-0.00244141
-0.00244141
-0.00213623
-0.00213623
-0.00183105
-0.00091553
 0.00000000
 0.00061035
 0.00030518
 0.00000000
-0.00030518
 0.00000000
 0.00061035
 0.00152588
 0.00213623
 0.00244141
 0.00335693
 0.00366211
 0.00396729
 0.00396729
 0.00427246
 0.00518799
 0.00610352
 0.00671387
 0.00640869
 0.00579834
 0.00488281
 0.00427246
 0.00366211
 0.00335693
 0.00274658
 0.00305176
 0.00366211
 0.00427246
 0.00457764
 0.00488281
 0.00518799
 0.00549316
 0.00610352
 0.00579834
 0.00457764
 0.00335693
 0.00213623
 0.00122070
 0.00061035
 0.00061035
 0.00061035
 0.00122070
 0.00152588
 0.00122070
 0.00030518
 0.00000000
 0.00000000
 0.00030518
 0.00030518
 0.00000000
-0.00122070
-0.00213623
-0.00305176
-0.00305176
-0.00335693
-0.00305176
-0.00244141
-0.00183105
-0.00091553
 0.00030518
 0.00152588
 0.00213623
 0.00213623
 0.00122070
 0.00030518
-0.00091553
-0.00213623
-0.00366211
-0.00457764
-0.00518799
-0.00488281
-0.00488281
-0.00457764
-0.00427246
-0.00335693
-0.00213623
-0.00152588
-0.00091553
-0.00061035
-0.00091553
-0.00183105
-0.00335693
-0.00457764
-0.00549316
-0.00671387
-0.00732422
-0.00732422
-0.00671387
-0.00610352
-0.00488281
-0.00396729
-0.00244141
-0.00183105
-0.00122070
-0.00061035
-0.00030518
 0.00000000
-0.00122070
-0.00305176
-0.00518799
-0.00640869
-0.00640869
-0.00640869
-0.00640869
-0.00640869
-0.00610352
-0.00518799
-0.00427246
-0.00305176
-0.00152588
-0.00061035
-0.00061035
-0.00152588
-0.00244141
-0.00366211
-0.00457764
-0.00518799
-0.00579834
-0.00640869
-0.00640869
-0.00671387
-0.00579834
-0.00366211
-0.00152588
 0.00030518
 0.00152588
 0.00274658
 0.00274658
 0.00305176
 0.00274658
 0.00183105
 0.00061035
-0.00030518
-0.00122070
-0.00244141
-0.00305176
-0.00335693
-0.00305176
-0.00213623
-0.00030518
 0.00152588
 0.00366211
 0.00549316
 0.00579834
 0.00488281
 0.00335693
 0.00274658
 0.00244141
 0.00213623
 0.00183105
 0.00061035
-0.00061035
-0.00122070
-0.00091553
 0.00030518
 0.00183105
 0.00366211
 0.00488281
 0.00549316
 0.00549316
 0.00518799
 0.00488281
 0.00427246
 0.00366211
 0.00274658
 0.00213623
 0.00122070
 0.00000000
-0.00091553
-0.00091553
 0.00000000
 0.00122070
 0.00274658
 0.00427246
 0.00549316
 0.00579834
 0.00549316
 0.00396729
 0.00274658
 0.00183105
 0.00152588
 0.00091553
 0.00030518
-0.00061035
-0.00122070
-0.00122070
-0.00061035
 0.00030518
 0.00152588
 0.00213623
 0.00183105
 0.00213623
 0.00274658
 0.00305176
 0.00244141
 0.00183105
 0.00091553
-0.00061035
-0.00274658
-0.00427246
-0.00549316
-0.00610352
-0.00579834
-0.00518799
-0.00457764
-0.00427246
-0.00366211
-0.00335693
-0.00274658
-0.00244141
-0.00183105
-0.00183105
-0.00274658
-0.00396729
-0.00579834
-0.00732422
-0.00823975
-0.00854492
-0.00762939
-0.00671387
-0.00579834
-0.00488281
-0.00366211
-0.00244141
-0.00122070
-0.00030518
 0.00030518
 0.00091553
 0.00091553
 0.00000000
-0.00091553
-0.00152588
-0.00183105
-0.00213623
-0.00305176
-0.00396729
-0.00427246
-0.00427246
-0.00335693
-0.00152588
 0.00030518
 0.00183105
 0.00274658
 0.00274658
 0.00152588
 0.00091553
-0.00030518
-0.00183105
-0.00274658
-0.00366211
-0.00427246
-0.00457764
-0.00427246
-0.00335693
-0.00244141
-0.00091553
 0.00091553
 0.00274658
 0.00457764
 0.00549316
 0.00518799
 0.00427246
 0.00274658
 0.00122070
 0.00061035
-0.00030518
-0.00152588
-0.00274658
-0.00305176
-0.00244141
-0.00091553
 0.00061035
 0.00213623
 0.00366211
 0.00549316
 0.00640869
 0.00640869
 0.00640869
 0.00610352
 0.00579834
 0.00427246
 0.00213623
 0.00061035
-0.00030518
-0.00061035
-0.00030518
 0.00091553
 0.00213623
 0.00366211
 0.00518799
 0.00671387
 0.00762939
 0.00793457
 0.00793457
 0.00762939
 0.00701904
 0.00579834
 0.00457764
 0.00335693
 0.00274658
 0.00152588
 0.00091553
 0.00061035
 0.00152588
 0.00213623
 0.00366211
 0.00488281
 0.00579834
 0.00579834
 0.00518799
 0.00427246
 0.00335693
 0.00183105
 0.00000000
-0.00122070
-0.00274658
-0.00366211
-0.00366211
-0.00274658
-0.00183105
-0.00091553
-0.00030518
 0.00061035
 0.00122070
 0.00152588
 0.00152588
 0.00122070
 0.00122070
 0.00061035
-0.00061035
-0.00183105
-0.00366211
-0.00488281
-0.00579834
-0.00610352
-0.00579834
-0.00549316
-0.00457764
-0.00274658
-0.00061035
 0.00030518
 0.00030518
 0.00030518
 0.00000000
-0.00091553
-0.00213623
-0.00335693
-0.00427246
-0.00488281
-0.00518799
-0.00579834
-0.00579834
-0.00549316
-0.00457764
-0.00335693
-0.00244141
-0.00152588
-0.00030518
 0.00061035
 0.00030518
-0.00030518
-0.00061035
-0.00152588
-0.00305176
-0.00396729
-0.00488281
-0.00518799
-0.00518799
-0.00488281
-0.00457764
-0.00427246
-0.00366211
-0.00244141
-0.00152588
-0.00061035
 0.00061035
 0.00091553
 0.00000000
-0.00152588
-0.00335693
-0.00457764
-0.00549316
-0.00610352
-0.00640869
-0.00549316
-0.00427246
-0.00305176
-0.00183105
-0.00030518
 0.00122070
 0.00213623
 0.00274658
 0.00274658
 0.00305176
 0.00305176
 0.00274658
 0.00152588
 0.00030518
-0.00091553
-0.00183105
-0.00183105
-0.00183105
-0.00122070
 0.00030518
 0.00244141
 0.00396729
 0.00488281
 0.00488281
 0.00457764
 0.00427246
 0.00366211
 0.00335693
 0.00274658
 0.00244141
 0.00213623
 0.00183105
 0.00122070
 0.00091553
 0.00122070
 0.00213623
 0.00396729
 0.00579834
 0.00701904
 0.00793457
 0.00793457
 0.00732422
 0.00579834
 0.00518799
 0.00457764
 0.00366211
 0.00274658
 0.00274658
 0.00305176
 0.00274658
 0.00213623
 0.00183105
 0.00152588
 0.00213623
 0.00305176
 0.00366211
 0.00335693
 0.00335693
 0.00274658
 0.00152588
 0.00030518
-0.00091553
-0.00152588
-0.00183105
-0.00244141
-0.00244141
-0.00183105
-0.00122070
-0.00122070
-0.00061035
-0.00030518
 0.00030518
 0.00030518
 0.00030518
 0.00030518
 0.00030518
 0.00000000
-0.00061035
-0.00183105
-0.00274658
-0.00305176
-0.00335693
-0.00305176
-0.00244141
-0.00183105
-0.00152588
-0.00152588
-0.00091553
-0.00061035
-0.00091553
-0.00152588
-0.00244141
-0.00335693
-0.00457764
-0.00518799
-0.00579834
-0.00610352
-0.00610352
-0.00549316
-0.00488281
-0.00457764
-0.00427246
-0.00335693
-0.00244141
-0.00152588
-0.00061035
-0.00030518
-0.00061035
-0.00091553
-0.00183105
-0.00274658
-0.00427246
-0.00549316
-0.00610352
-0.00640869
-0.00610352
-0.00549316
-0.00457764
-0.00366211
-0.00305176
-0.00244141
-0.00213623
-0.00213623
-0.00244141
-0.00305176
-0.00305176
-0.00305176
-0.00335693
-0.00366211
-0.00457764
-0.00488281
-0.00488281
-0.00457764
-0.00366211
-0.00244141
-0.00122070
 0.00061035
 0.00152588
 0.00183105
 0.00183105
 0.00183105
 0.00183105
 0.00213623
 0.00213623
 0.00213623
 0.00183105
 0.00213623
 0.00183105
 0.00183105
 0.00183105
 0.00244141
 0.00274658
 0.00305176
 0.00335693
 0.00366211
 0.00335693
 0.00366211
 0.00366211
 0.00305176
 0.00152588
 0.00061035
 0.00061035
 0.00091553
 0.00061035
 0.00030518
 0.00061035
 0.00183105
 0.00244141
 0.00274658
 0.00305176
 0.00335693
 0.00366211
 0.00366211
 0.00366211
 0.00366211
 0.00335693
 0.00274658
 0.00244141
 0.00183105
 0.00122070
 0.00122070
 0.00091553
 0.00091553
 0.00091553
 0.00091553
 0.00122070
 0.00122070
 0.00061035
 0.00000000
 0.00000000
-0.00030518
-0.00030518
-0.00030518
 0.00000000
 0.00000000
 0.00000000
 0.00000000
-0.00030518
-0.00091553
-0.00152588
-0.00122070
-0.00030518
 0.00061035
 0.00122070
 0.00122070
 0.00061035
 0.00091553
 0.00213623
 0.00274658
 0.00366211
 0.00427246
 0.00488281
 0.00488281
 0.00457764
 0.00396729
 0.00335693
 0.00244141
 0.00213623
 0.00274658
 0.00244141
 0.00183105
 0.00122070
 0.00091553
 0.00061035
 0.00061035
 0.00091553
 0.00183105
 0.00213623
 0.00152588
 0.00152588
 0.00152588
 0.00152588
 0.00213623
 0.00213623
 0.00183105
 0.00122070
 0.00061035
 0.00030518
 0.00061035
 0.00122070
 0.00183105
 0.00183105
 0.00152588
 0.00091553
 0.00061035
 0.00091553
 0.00091553
 0.00030518
-0.00030518
-0.00061035
-0.00091553
-0.00183105
-0.00244141
-0.00305176
-0.00305176
-0.00305176
-0.00244141
-0.00213623
-0.00183105
-0.00122070
-0.00091553
-0.00122070
-0.00183105
-0.00244141
-0.00244141
-0.00274658
-0.00305176
-0.00274658
-0.00274658
-0.00244141
-0.00213623
-0.00152588
-0.00122070
-0.00091553
-0.00061035
 0.00030518
 0.00152588
 0.00244141
 0.00274658
 0.00244141
 0.00183105
 0.00061035
-0.00061035
-0.00152588
-0.00213623
-0.00274658
-0.00305176
-0.00274658
-0.00183105
-0.00152588
-0.00152588
-0.00183105
-0.00122070
 0.00000000
 0.00061035
 0.00091553
 0.00030518
-0.00030518
-0.00030518
-0.00030518
-0.00122070
-0.00274658
-0.00396729
-0.00427246
-0.00335693
-0.00183105
 0.00000000
 0.00122070
 0.00183105
 0.00213623
 0.00244141
 0.00213623
 0.00152588
 0.00122070
 0.00091553
 0.00030518
-0.00030518
-0.00061035
-0.00152588
-0.00183105
-0.00213623
-0.00183105
-0.00122070
 0.00030518
 0.00183105
 0.00274658
 0.00335693
 0.00396729
 0.00396729
 0.00335693
 0.00213623
 0.00122070
 0.00061035
 0.00000000
-0.00030518
 0.00030518
 0.00122070
 0.00274658
 0.00396729
 0.00457764
 0.00549316
 0.00640869
 0.00671387
 0.00762939
 0.00793457
 0.00732422
 0.00640869
 0.00457764
 0.00305176
 0.00152588
 0.00030518
 0.00000000
 0.00000000
 0.00000000
 0.00061035
 0.00152588
 0.00244141
 0.00244141
 0.00213623
 0.00244141
 0.00274658
 0.00274658
 0.00183105
 0.00030518
-0.00091553
-0.00244141
-0.00335693
-0.00396729
-0.00366211
-0.00274658
-0.00213623
-0.00122070
-0.00030518
 0.00061035
 0.00091553
 0.00091553
 0.00030518
-0.00061035
-0.00122070
-0.00183105
-0.00305176
-0.00427246
-0.00488281
-0.00549316
-0.00640869
-0.00640869
-0.00610352
-0.00518799
-0.00427246
-0.00335693
-0.00244141
-0.00152588
-0.00122070
-0.00213623
-0.00366211
-0.00549316
-0.00640869
-0.00701904
-0.00701904
-0.00701904
-0.00671387
-0.00640869
-0.00579834
-0.00488281
-0.00366211
-0.00244141
-0.00091553
 0.00030518
 0.00091553
 0.00122070
 0.00091553
-0.00030518
-0.00183105
-0.00335693
-0.00427246
-0.00518799
-0.00549316
-0.00549316
-0.00488281
-0.00427246
-0.00305176
-0.00152588
 0.00000000
 0.00122070
 0.00183105
 0.00152588
 0.00091553
-0.00030518
-0.00091553
-0.00183105
-0.00244141
-0.00305176
-0.00305176
-0.00274658
-0.00244141
-0.00152588
 0.00000000
 0.00152588
 0.00305176
 0.00457764
 0.00549316
 0.00579834
 0.00518799
 0.00488281
 0.00427246
 0.00366211
 0.00244141
 0.00122070
 0.00122070
 0.00061035
 0.00030518
 0.00030518
 0.00152588
 0.00335693
 0.00427246
 0.00488281
 0.00518799
 0.00610352
 0.00640869
 0.00579834
 0.00488281
 0.00427246
 0.00366211
 0.00305176
 0.00274658
 0.00274658
 0.00244141
 0.00274658
 0.00335693
 0.00488281
 0.00640869
 0.00732422
 0.00793457
 0.00854492
 0.00823975
 0.00762939
 0.00732422
 0.00671387
 0.00549316
 0.00396729
 0.00274658
 0.00183105
 0.00213623
 0.00274658
 0.00335693
 0.00366211
 0.00366211
 0.00335693
 0.00366211
 0.00427246
 0.00427246
 0.00335693
 0.00244141
 0.00152588
 0.00030518
-0.00061035
-0.00152588
-0.00244141
-0.00244141
-0.00183105
-0.00091553
 0.00000000
 0.00000000
 0.00030518
 0.00091553
 0.00152588
 0.00183105
 0.00152588
 0.00030518
-0.00152588
-0.00335693
-0.00457764
-0.00488281
-0.00518799
-0.00518799
-0.00488281
-0.00488281
-0.00427246
-0.00396729
-0.00396729
-0.00396729
-0.00366211
-0.00305176
-0.00244141
-0.00244141
-0.00335693
-0.00488281
-0.00610352
-0.00671387
-0.00640869
-0.00610352
-0.00579834
-0.00488281
-0.00396729
-0.00274658
-0.00183105
-0.00122070
-0.00091553
-0.00061035
-0.00061035
-0.00030518
-0.00061035
-0.00091553
-0.00183105
-0.00213623
-0.00183105
-0.00152588
-0.00152588
-0.00152588
-0.00122070
-0.00091553
-0.00091553
 0.00000000
 0.00091553
 0.00152588
 0.00183105
 0.00122070
 0.00030518
-0.00091553
-0.00183105
-0.00244141
-0.00244141
-0.00152588
-0.00030518
 0.00091553
 0.00122070
 0.00152588
 0.00213623
 0.00335693
 0.00427246
 0.00457764
 0.00457764
 0.00427246
 0.00366211
 0.00274658
 0.00183105
 0.00091553
 0.00091553
 0.00152588
 0.00213623
 0.00274658
 0.00335693
 0.00427246
 0.00518799
 0.00579834
 0.00610352
 0.00640869
 0.00671387
 0.00671387
 0.00610352
 0.00488281
 0.00427246
 0.00366211
 0.00305176
 0.00274658
 0.00244141
 0.00305176
 0.00396729
 0.00457764
 0.00549316
 0.00610352
 0.00671387
 0.00701904
 0.00640869
 0.00549316
 0.00488281
 0.00427246
 0.00396729
 0.00396729
 0.00396729
 0.00366211
 0.00335693
 0.00305176
 0.00213623
 0.00183105
 0.00213623
 0.00305176
 0.00335693
 0.00335693
 0.00244141
 0.00122070
 0.00000000
-0.00091553
-0.00213623
-0.00274658
-0.00335693
-0.00335693
-0.00305176
-0.00274658
-0.00244141
-0.00213623
-0.00213623
-0.00183105
-0.00152588
-0.00213623
-0.00274658
-0.00335693
-0.00335693
-0.00366211
-0.00457764
-0.00549316
-0.00610352
-0.00640869
-0.00701904
-0.00671387
-0.00579834
-0.00488281
-0.00366211
-0.00305176
-0.00244141
-0.00213623
-0.00244141
-0.00335693
-0.00427246
-0.00518799
-0.00549316
-0.00640869
-0.00671387
-0.00701904
-0.00701904
-0.00671387
-0.00579834
-0.00457764
-0.00335693
-0.00244141
-0.00183105
-0.00122070
-0.00061035
-0.00091553
-0.00122070
-0.00183105
-0.00244141
-0.00305176
-0.00335693
-0.00366211
-0.00335693
-0.00305176
-0.00244141
-0.00152588
-0.00091553
-0.00061035
-0.00030518
-0.00061035
-0.00030518
-0.00030518
-0.00030518
-0.00030518
-0.00030518
-0.00091553
-0.00183105
-0.00244141
-0.00244141
-0.00183105
-0.00122070
 0.00000000
 0.00091553
 0.00122070
 0.00122070
 0.00091553
 0.00122070
 0.00122070
 0.00152588
 0.00152588
 0.00152588
 0.00152588
 0.00152588
 0.00091553
 0.00061035
 0.00122070
 0.00244141
 0.00335693
 0.00366211
 0.00427246
 0.00488281
 0.00488281
 0.00518799
 0.00488281
 0.00427246
 0.00366211
 0.00305176
 0.00244141
 0.00213623
 0.00183105
 0.00152588
 0.00122070
 0.00152588
 0.00244141
 0.00305176
 0.00335693
 0.00366211
 0.00366211
 0.00396729
 0.00457764
 0.00457764
 0.00396729
 0.00335693
 0.00244141
 0.00152588
 0.00061035
 0.00030518
 0.00061035
 0.00122070
 0.00152588
 0.00183105
 0.00213623
 0.00213623
 0.00244141
 0.00274658
 0.00244141
 0.00213623
 0.00152588
 0.00091553
 0.00000000
-0.00091553
-0.00183105
-0.00244141
-0.00213623
-0.00152588
-0.00122070
-0.00152588
-0.00122070
-0.00091553
 0.00000000
 0.00030518
-0.00030518
-0.00061035
-0.00091553
-0.00122070
-0.00183105
-0.00274658
-0.00335693
-0.00366211
-0.00305176
-0.00244141
-0.00244141
-0.00183105
-0.00091553
-0.00030518
 0.00030518
 0.00030518
 0.00030518
-0.00030518
-0.00091553
-0.00122070
-0.00152588
-0.00213623
-0.00244141
-0.00244141
-0.00213623
-0.00213623
-0.00213623
-0.00183105
-0.00122070
-0.00030518
 0.00000000
 0.00030518
 0.00000000
 0.00030518
 0.00030518
 0.00000000
-0.00061035
-0.00122070
-0.00091553
-0.00061035
-0.00061035
-0.00061035
-0.00030518
-0.00030518
 0.00000000
 0.00061035
 0.00122070
 0.00183105
 0.00152588
 0.00122070
 0.00091553
 0.00091553
 0.00061035
 0.00030518
 0.00000000
-0.00061035
-0.00061035
-0.00061035
-0.00030518
 0.00030518
 0.00122070
 0.00152588
 0.00183105
 0.00213623
 0.00213623
 0.00213623
 0.00244141
 0.00213623
 0.00183105
 0.00152588
 0.00122070
 0.00091553
 0.00091553
 0.00091553
 0.00183105
 0.00244141
 0.00274658
 0.00274658
 0.00274658
 0.00244141
 0.00213623
 0.00213623
 0.00213623
 0.00244141
 0.00244141
 0.00183105
 0.00183105
 0.00183105
 0.00152588
 0.00152588
 0.00183105
 0.00213623
 0.00244141
 0.00244141
 0.00274658
 0.00274658
 0.00274658
 0.00244141
 0.00244141
 0.00244141
 0.00183105
 0.00122070
 0.00091553
 0.00152588
 0.00152588
 0.00152588
 0.00122070
 0.00122070
 0.00183105
 0.00213623
 0.00244141
 0.00213623
 0.00244141
 0.00305176
 0.00274658
 0.00152588
 0.00061035
-0.00030518
-0.00030518
-0.00030518
-0.00061035
-0.00061035
-0.00091553
-0.00061035
-0.00030518
 0.00000000
-0.00030518
-0.00061035
-0.00061035
-0.00061035
-0.00030518
-0.00030518
-0.00061035
-0.00091553
-0.00091553
-0.00122070
-0.00183105
-0.00244141
-0.00213623
-0.00183105
-0.00122070
-0.00091553
-0.00030518
 0.00030518
 0.00061035
 0.00030518
-0.00061035
-0.00091553
-0.00122070
-0.00091553
-0.00061035
-0.00091553
-0.00122070
-0.00152588
-0.00152588
-0.00122070
-0.00122070
-0.00091553
-0.00091553
-0.00061035
-0.00030518
-0.00030518
-0.00061035
-0.00122070
-0.00183105
-0.00152588
-0.00122070
-0.00152588
-0.00152588
-0.00122070
-0.00122070
-0.00122070
-0.00122070
-0.00091553
-0.00061035
-0.00061035
-0.00030518
-0.00061035
-0.00030518
-0.00030518
-0.00091553
-0.00152588
-0.00152588
-0.00152588
-0.00152588
-0.00152588
-0.00152588
-0.00152588
-0.00122070
-0.00091553
-0.00061035
-0.00061035
-0.00061035
-0.00061035
-0.00030518
-0.00061035
-0.00122070
-0.00152588
-0.00183105
-0.00213623
-0.00183105
-0.00122070
-0.00091553
-0.00091553
-0.00091553
-0.00061035
-0.00030518
-0.00061035
-0.00061035
 0.00030518
 0.00000000
-0.00061035
-0.00152588
-0.00152588
-0.00122070
-0.00152588
-0.00152588
-0.00122070
-0.00061035
 0.00000000
 0.00030518
 0.00030518
 0.00000000
-0.00061035
-0.00091553
-0.00122070
-0.00152588
-0.00183105
-0.00183105
-0.00152588
-0.00152588
-0.00213623
-0.00213623
-0.00183105
-0.00122070
-0.00091553
-0.00061035
-0.00030518
 0.00061035
 0.00091553
 0.00091553
 0.00030518
 0.00000000
 0.00000000
-0.00030518
-0.00061035
-0.00091553
-0.00061035
-0.00061035
-0.00061035
-0.00091553
-0.00091553
 0.00000000
 0.00091553
 0.00152588
 0.00152588
 0.00122070
 0.00152588
 0.00122070
 0.00091553
 0.00061035
-0.00030518
-0.00061035
-0.00061035
-0.00061035
-0.00030518
 0.00000000
 0.00000000
 0.00000000
 0.00061035
 0.00122070
 0.00152588
 0.00152588
 0.00152588
 0.00152588
 0.00152588
 0.00091553
 0.00061035
 0.00000000
 0.00030518
 0.00091553
 0.00122070
 0.00091553
 0.00091553
 0.00091553
 0.00152588
 0.00152588
 0.00152588
 0.00091553
 0.00091553
 0.00091553
 0.00061035
 0.00000000
-0.00091553
-0.00091553
-0.00061035
-0.00030518
-0.00030518
 0.00000000
 0.00030518
 0.00061035
 0.00091553
 0.00122070
 0.00122070
 0.00091553
 0.00061035
 0.00091553
 0.00061035
 0.00000000
-0.00091553
-0.00122070
-0.00091553
-0.00091553
-0.00061035
-0.00061035
 0.00000000
 0.00000000
 0.00030518
 0.00030518
 0.00030518
 0.00030518
-0.00030518
-0.00061035
-0.00091553
-0.00122070
-0.00183105
-0.00244141
-0.00244141
-0.00213623
-0.00183105
-0.00091553
-0.00091553
-0.00122070
-0.00122070
-0.00061035
-0.00030518
-0.00030518
-0.00061035
-0.00061035
-0.00122070
-0.00183105
-0.00183105
-0.00183105
-0.00122070
-0.00091553
-0.00091553
-0.00091553
-0.00061035
-0.00030518
 0.00030518
 0.00030518
 0.00061035
 0.00061035
 0.00030518
-0.00030518
-0.00030518
-0.00061035
-0.00061035
-0.00091553
-0.00061035
 0.00000000
 0.00061035
 0.00091553
 0.00122070
 0.00122070
 0.00091553
 0.00122070
 0.00152588
 0.00183105
 0.00213623
 0.00244141
 0.00213623
 0.00183105
 0.00183105
 0.00244141
 0.00274658
 0.00244141
 0.00213623
 0.00213623
 0.00244141
 0.00244141
 0.00305176
 0.00366211
 0.00366211
 0.00366211
 0.00366211
 0.00274658
 0.00183105
 0.00152588
 0.00183105
 0.00244141
 0.00244141
 0.00213623
 0.00213623
 0.00213623
 0.00183105
 0.00122070
 0.00122070
 0.00152588
 0.00183105
 0.00213623
 0.00213623
 0.00213623
 0.00213623
 0.00183105
 0.00183105
 0.00183105
 0.00152588
 0.00091553
 0.00091553
 0.00091553
 0.00061035
 0.00030518
 0.00091553
 0.00152588
 0.00152588
 0.00061035
 0.00030518
 0.00030518
 0.00030518
 0.00061035
 0.00091553
 0.00061035
 0.00000000
-0.00030518
-0.00061035
-0.00091553
-0.00152588
-0.00183105
-0.00183105
-0.00213623
-0.00213623
-0.00183105
-0.00183105
-0.00183105
-0.00244141
-0.00305176
-0.00335693
-0.00305176
-0.00305176
-0.00305176
-0.00274658
-0.00274658
-0.00274658
-0.00274658
-0.00274658
-0.00305176
-0.00305176
-0.00305176
-0.00305176
-0.00335693
-0.00366211
-0.00396729
-0.00427246
-0.00396729
-0.00366211
-0.00366211
-0.00427246
-0.00457764
-0.00427246
-0.00396729
-0.00366211
-0.00335693
-0.00366211
-0.00396729
-0.00396729
-0.00366211
-0.00305176
-0.00274658
-0.00244141
-0.00213623
-0.00213623
-0.00183105
-0.00152588
-0.00122070
-0.00091553
-0.00091553
-0.00091553
-0.00091553
-0.00091553
-0.00091553
-0.00091553
-0.00091553
-0.00122070
-0.00091553
-0.00030518
 0.00000000
 0.00000000
 0.00030518
 0.00030518
 0.00000000
-0.00030518
 0.00000000
 0.00061035
 0.00091553
 0.00061035
 0.00061035
 0.00030518
 0.00000000
 0.00000000
 0.00061035
 0.00152588
 0.00152588
 0.00152588
 0.00152588
 0.00183105
 0.00244141
 0.00274658
 0.00244141
 0.00213623
 0.00183105
 0.00183105
 0.00152588
 0.00152588
 0.00183105
 0.00213623
 0.00213623
 0.00244141
 0.00274658
 0.00244141
 0.00274658
 0.00274658
 0.00244141
 0.00183105
 0.00183105
 0.00152588
 0.00122070
 0.00122070
 0.00122070
 0.00091553
 0.00030518
 0.00000000
 0.00030518
 0.00061035
 0.00091553
 0.00091553
 0.00091553
 0.00061035
 0.00061035
 0.00091553
 0.00091553
 0.00061035
 0.00061035
 0.00000000
-0.00061035
-0.00061035
-0.00091553
-0.00122070
-0.00122070
-0.00091553
-0.00091553
-0.00061035
-0.00061035
-0.00122070
-0.00183105
-0.00244141
-0.00244141
-0.00274658
-0.00213623
-0.00213623
-0.00274658
-0.00366211
-0.00396729
-0.00366211
-0.00335693
-0.00305176
-0.00244141
-0.00244141
-0.00213623
-0.00213623
-0.00274658
-0.00305176
-0.00335693
-0.00335693
-0.00366211
-0.00396729
-0.00396729
-0.00366211
-0.00335693
-0.00274658
-0.00244141
-0.00244141
-0.00213623
-0.00213623
-0.00244141
-0.00213623
-0.00183105
-0.00183105
-0.00244141
-0.00366211
-0.00335693
-0.00274658
-0.00274658
-0.00335693
-0.00305176
-0.00274658
-0.00183105
-0.00091553
-0.00030518
-0.00030518
 0.00000000
 0.00030518
 0.00000000
 0.00000000
 0.00000000
 0.00000000
-0.00061035
-0.00091553
-0.00152588
-0.00152588
-0.00122070
-0.00061035
 0.00030518
 0.00122070
 0.00183105
 0.00213623
 0.00244141
 0.00213623
 0.00244141
 0.00244141
 0.00213623
 0.00183105
 0.00183105
 0.00122070
 0.00091553
 0.00061035
 0.00030518
 0.00091553
 0.00152588
 0.00152588
 0.00183105
 0.00213623
 0.00305176
 0.00335693
 0.00396729
 0.00427246
 0.00366211
 0.00305176
 0.00244141
 0.00213623
 0.00213623
 0.00213623
 0.00213623
 0.00274658
 0.00305176
 0.00305176
 0.00274658
 0.00274658
 0.00305176
 0.00366211
 0.00366211
 0.00366211
 0.00366211
 0.00274658
 0.00244141
 0.00183105
 0.00152588
 0.00091553
 0.00061035
 0.00030518
 0.00061035
 0.00091553
 0.00091553
 0.00122070
 0.00152588
 0.00213623
 0.00213623
 0.00183105
 0.00122070
 0.00091553
 0.00091553
 0.00030518
 0.00030518
 0.00061035
 0.00030518
-0.00030518
-0.00091553
-0.00122070
-0.00122070
-0.00030518
-0.00030518
 0.00000000
 0.00061035
 0.00061035
 0.00030518
 0.00000000
-0.00030518
-0.00152588
-0.00244141
-0.00335693
-0.00366211
-0.00366211
-0.00396729
-0.00366211
-0.00335693
-0.00305176
-0.00305176
-0.00305176
-0.00244141
-0.00213623
-0.00213623
-0.00244141
-0.00244141
-0.00213623
-0.00244141
-0.00335693
-0.00335693
-0.00305176
-0.00305176
-0.00335693
-0.00366211
-0.00366211
-0.00274658
-0.00213623
-0.00213623
-0.00183105
-0.00152588
-0.00122070
-0.00122070
-0.00122070
-0.00152588
-0.00183105
-0.00183105
-0.00183105
-0.00213623
-0.00213623
-0.00183105
-0.00152588
-0.00152588
-0.00152588
-0.00122070
-0.00122070
-0.00061035
-0.00030518
 0.00000000
-0.00061035
-0.00091553
-0.00030518
-0.00030518
-0.00061035
-0.00091553
-0.00061035
 0.00000000
 0.00000000
 0.00030518
 0.00091553
 0.00122070
 0.00122070
 0.00152588
 0.00122070
 0.00091553
 0.00091553
 0.00091553
 0.00061035
 0.00061035
 0.00030518
 0.00030518
 0.00030518
 0.00030518
 0.00000000
 0.00030518
 0.00030518
 0.00061035
 0.00122070
 0.00152588
 0.00152588
 0.00122070
 0.00091553
 0.00122070
 0.00122070
 0.00122070
 0.00122070
 0.00091553
 0.00091553
 0.00122070
 0.00122070
 0.00091553
 0.00061035
 0.00122070
 0.00183105
 0.00152588
 0.00091553
 0.00061035
 0.00091553
 0.00091553
 0.00061035
 0.00030518
 0.00000000
-0.00061035
-0.00030518
-0.00030518
-0.00030518
-0.00030518
-0.00030518
-0.00030518
-0.00061035
-0.00152588
-0.00183105
-0.00152588
-0.00122070
-0.00122070
-0.00122070
-0.00122070
-0.00213623
-0.00244141
-0.00213623
-0.00213623
-0.00213623
-0.00213623
-0.00183105
-0.00183105
-0.00183105
-0.00183105
-0.00183105
-0.00244141
-0.00305176
-0.00335693
-0.00274658
-0.00274658
-0.00244141
-0.00213623
-0.00183105
-0.00183105
-0.00213623
-0.00244141
-0.00274658
-0.00274658
-0.00244141
-0.00244141
-0.00274658
-0.00274658
-0.00274658
-0.00244141
-0.00244141
-0.00213623
-0.00213623
-0.00183105
-0.00122070
-0.00091553
-0.00091553
-0.00091553
-0.00061035
-0.00091553
-0.00091553
-0.00122070
-0.00122070
-0.00091553
-0.00091553
-0.00091553
-0.00091553
-0.00091553
-0.00061035
-0.00061035
 0.00000000
 0.00000000
 0.00000000
-0.00030518
-0.00091553
-0.00152588
-0.00152588
-0.00122070
-0.00122070
-0.00091553
-0.00061035
-0.00030518
-0.00030518
-0.00030518
-0.00030518
-0.00030518
-0.00030518
-0.00030518
 0.00000000
 0.00000000
 0.00000000
 0.00000000
 0.00000000
-0.00030518
-0.00061035
-0.00030518
-0.00030518
-0.00030518
-0.00030518
 0.00000000
 0.00030518
 0.00091553
 0.00091553
 0.00091553
 0.00061035
 0.00030518
 0.00061035
 0.00030518
 0.00000000
-0.00061035
-0.00061035
-0.00030518
 0.00000000
-0.00030518
-0.00061035
-0.00061035
-0.00091553
-0.00061035
 0.00000000
 0.00061035
 0.00122070
 0.00061035
 0.00061035
 0.00091553
 0.00091553
 0.00091553
 0.00061035
 0.00030518
 0.00000000
 0.00000000
 0.00030518
 0.00030518
 0.00030518
 0.00030518
 0.00000000
 0.00030518
 0.00061035
 0.00061035
 0.00030518
 0.00000000
 0.00000000
-0.00030518
-0.00030518
-0.00091553
-0.00061035
-0.00091553
-0.00091553
-0.00091553
-0.00030518
 0.00030518
 0.00030518
 0.00030518
 0.00030518
 0.00091553
 0.00122070
 0.00091553
 0.00122070
 0.00122070
 0.00091553
 0.00030518
-0.00030518
-0.00030518
 0.00030518
 0.00061035
 0.00091553
 0.00061035
 0.00061035
 0.00061035
 0.00091553
 0.00091553
 0.00122070
 0.00183105
 0.00183105
 0.00152588
 0.00091553
 0.00030518
 0.00000000
 0.00000000
 0.00000000
 0.00000000
 0.00000000
 0.00000000
 0.00030518
 0.00061035
 0.00091553
 0.00061035
 0.00091553
 0.00122070
 0.00122070
 0.00091553
 0.00030518
 0.00061035
 0.00091553
 0.00091553
 0.00030518
-0.00030518
 0.00000000
 0.00030518
 0.00030518
 0.00000000
-0.00030518
-0.00030518
-0.00061035
-0.00030518
 0.00000000
 0.00000000
 0.00000000
-0.00030518
-0.00091553
-0.00122070
-0.00122070
-0.00091553
-0.00091553
-0.00122070
-0.00183105
-0.00183105
-0.00152588
-0.00091553
-0.00030518
-0.00030518
-0.00061035
-0.00061035
-0.00030518
-0.00061035
-0.00091553
-0.00061035
-0.00061035
-0.00091553
-0.00091553
-0.00122070
-0.00122070
-0.00152588
-0.00183105
-0.00213623
-0.00183105
-0.00122070
-0.00122070
-0.00152588
-0.00152588
-0.00183105
-0.00213623
-0.00213623
-0.00213623
-0.00183105
-0.00183105
-0.00183105
-0.00183105
-0.00183105
-0.00152588
-0.00152588
-0.00122070
-0.00152588
-0.00152588
-0.00152588
-0.00183105
-0.00152588
-0.00122070
-0.00122070
-0.00122070
-0.00091553
-0.00091553
-0.00122070
-0.00183105
-0.00152588
-0.00122070
-0.00061035
 0.00000000
 0.00000000
-0.00030518
-0.00030518
-0.00030518
-0.00030518
-0.00030518
-0.00061035
-0.00061035
-0.00061035
-0.00030518
-0.00030518
-0.00061035
-0.00061035
-0.00061035
-0.00030518
-0.00030518
 0.00000000
 0.00030518
 0.00030518
 0.00061035
 0.00030518
 0.00030518
 0.00000000
 0.00030518
 0.00061035
 0.00091553
 0.00091553
 0.00091553
 0.00091553
 0.00091553
 0.00122070
 0.00122070
 0.00122070
 0.00091553
 0.00091553
 0.00061035
 0.00061035
 0.00091553
 0.00061035
 0.00091553
 0.00122070
 0.00091553
 0.00061035
 0.00000000
 0.00000000
 0.00030518
 0.00030518
 0.00000000
-0.00030518
 0.00000000
 0.00030518
 0.00030518
 0.00000000
 0.00000000
-0.00030518
 0.00000000
 0.00000000
 0.00030518
 0.00030518
 0.00000000
-0.00061035
-0.00091553
-0.00091553
-0.00061035
-0.00061035
-0.00061035
-0.00061035
-0.00091553
-0.00183105
-0.00213623
-0.00183105
-0.00152588
-0.00152588
-0.00152588
-0.00152588
-0.00183105
-0.00213623
-0.00274658
-0.00274658
-0.00305176
-0.00305176
-0.00305176
-0.00274658
-0.00213623
-0.00183105
-0.00213623
-0.00244141
-0.00213623
-0.00244141
-0.00213623
-0.00244141
-0.00244141
-0.00244141
-0.00274658
-0.00274658
-0.00244141
-0.00244141
-0.00244141
-0.00244141
-0.00305176
-0.00305176
-0.00274658
-0.00244141
-0.00213623
-0.00213623
-0.00183105
-0.00213623
-0.00244141
-0.00244141
-0.00183105
-0.00213623
-0.00244141
-0.00274658
-0.00244141
-0.00183105
-0.00152588
-0.00122070
-0.00152588
-0.00152588
-0.00152588
-0.00061035
 0.00000000
-0.00030518
-0.00030518
-0.00061035
-0.00030518
 0.00000000
 0.00000000
 0.00000000
 0.00000000
 0.00000000
 0.00000000
 0.00030518
 0.00061035
 0.00122070
 0.00152588
 0.00122070
 0.00122070
 0.00152588
 0.00152588
 0.00091553
 0.00061035
 0.00061035
 0.00091553
 0.00091553
 0.00091553
 0.00152588
 0.00152588
 0.00152588
 0.00213623
 0.00274658
 0.00274658
 0.00305176
 0.00274658
 0.00274658
 0.00305176
 0.00274658
 0.00244141
 0.00244141
 0.00183105
 0.00152588
 0.00122070
 0.00152588
 0.00183105
 0.00213623
 0.00213623
 0.00244141
 0.00274658
 0.00274658
 0.00244141
 0.00183105
 0.00183105
 0.00152588
 0.00152588
 0.00122070
 0.00122070
 0.00061035
 0.00030518
 0.00030518
 0.00030518
 0.00030518
 0.00030518
 0.00030518
 0.00061035
 0.00030518
 0.00000000
 0.00000000
 0.00030518
 0.00061035
 0.00091553
 0.00091553
 0.00061035
-0.00030518
-0.00091553
-0.00152588
-0.00152588
-0.00122070
-0.00122070
-0.00122070
-0.00091553
-0.00091553
-0.00061035
-0.00122070
-0.00152588
-0.00213623
-0.00244141
-0.00213623
-0.00183105
-0.00213623
-0.00244141
-0.00274658
-0.00274658
-0.00274658
-0.00305176
-0.00305176
-0.00274658
-0.00305176
-0.00274658
-0.00244141
-0.00213623
-0.00213623
-0.00244141
-0.00244141
-0.00244141
-0.00274658
-0.00274658
-0.00274658
-0.00274658
-0.00213623
-0.00183105
-0.00183105
-0.00213623
-0.00213623
-0.00213623
-0.00183105
-0.00152588
-0.00152588
-0.00152588
-0.00122070
-0.00122070
-0.00152588
-0.00213623
-0.00274658
-0.00274658
-0.00213623
-0.00152588
-0.00122070
-0.00152588
-0.00183105
-0.00122070
-0.00061035
 0.00030518
 0.00061035
 0.00030518
 0.00030518
 0.00030518
 0.00030518
 0.00030518
 0.00000000
 0.00000000
 0.00030518
 0.00091553
 0.00091553
 0.00091553
 0.00091553
 0.00152588
 0.00213623
 0.00213623
 0.00213623
 0.00183105
 0.00183105
 0.00183105
 0.00183105
 0.00152588
 0.00122070
 0.00091553
 0.00061035
 0.00061035
 0.00061035
 0.00091553
 0.00091553
 0.00152588
 0.00213623
 0.00213623
 0.00244141
 0.00244141
 0.00213623
 0.00213623
 0.00183105
 0.00183105
 0.00183105
 0.00152588
 0.00152588
 0.00122070
 0.00122070
 0.00122070
 0.00152588
 0.00183105
 0.00183105
 0.00183105
 0.00183105
 0.00213623
 0.00244141
 0.00152588
 0.00122070
 0.00091553
 0.00091553
 0.00061035
-0.00061035
-0.00091553
-0.00030518
-0.00030518
-0.00061035
-0.00030518
 0.00030518
 0.00091553
 0.00091553
 0.00061035
-0.00030518
-0.00030518
-0.00061035
-0.00061035
-0.00091553
-0.00122070
-0.00183105
-0.00244141
-0.00213623
-0.00152588
-0.00122070
-0.00122070
-0.00091553
-0.00091553
-0.00091553
-0.00122070
-0.00152588
-0.00122070
-0.00122070
-0.00152588
-0.00213623
-0.00274658
-0.00305176
-0.00335693
-0.00305176
-0.00335693
-0.00305176
-0.00305176
-0.00244141
-0.00213623
-0.00152588
-0.00152588
-0.00152588
-0.00183105
-0.00213623
-0.00244141
-0.00244141
-0.00244141
-0.00244141
-0.00274658
-0.00274658
-0.00244141
-0.00213623
-0.00183105
-0.00152588
-0.00122070
-0.00091553
-0.00091553
-0.00122070
-0.00152588
-0.00152588
-0.00152588
-0.00122070
-0.00122070
-0.00122070
-0.00183105
-0.00244141
-0.00244141
-0.00152588
-0.00122070
-0.00122070
-0.00091553
-0.00061035
 0.00000000
-0.00030518
-0.00030518
-0.00061035
 0.00000000
 0.00030518
 0.00030518
 0.00000000
-0.00030518
-0.00030518
 0.00000000
 0.00030518
 0.00061035
 0.00061035
 0.00122070
 0.00122070
 0.00091553
 0.00061035
 0.00091553
 0.00061035
 0.00061035
 0.00061035
 0.00061035
 0.00030518
 0.00000000
-0.00030518
-0.00061035
-0.00030518
 0.00000000
 0.00091553
 0.00122070
 0.00122070
 0.00091553
 0.00061035
 0.00000000
 0.00000000
 0.00030518
 0.00061035
 0.00122070
 0.00122070
 0.00091553
 0.00061035
 0.00030518
 0.00030518
 0.00030518
 0.00030518
 0.00030518
 0.00061035
 0.00091553
 0.00122070
 0.00122070
 0.00091553
 0.00061035
 0.00030518
 0.00000000
-0.00061035
-0.00061035
-0.00030518
-0.00030518
 0.00000000
-0.00030518
-0.00061035
-0.00122070
-0.00122070
-0.00122070
-0.00091553
-0.00061035
-0.00030518
-0.00061035
-0.00122070
-0.00152588
-0.00152588
-0.00152588
-0.00152588
-0.00152588
-0.00091553
-0.00061035
-0.00061035
-0.00061035
-0.00091553
-0.00091553
-0.00122070
-0.00091553
-0.00091553
-0.00122070
-0.00152588
-0.00152588
-0.00152588
-0.00183105
-0.00183105
-0.00213623
-0.00213623
-0.00152588
-0.00091553
-0.00030518
-0.00030518
-0.00030518
-0.00030518
 0.00000000
 0.00000000
-0.00030518
-0.00091553
-0.00152588
-0.00152588
-0.00091553
-0.00061035
-0.00061035
-0.00091553
-0.00091553
-0.00091553
-0.00061035
 0.00000000
 0.00030518
 0.00091553
 0.00091553
 0.00091553
 0.00091553
 0.00061035
 0.00000000
-0.00030518
-0.00030518
-0.00061035
-0.00091553
-0.00061035
 0.00000000
 0.00061035
 0.00030518
 0.00000000
 0.00030518
 0.00061035
 0.00030518
 0.00030518
 0.00061035
 0.00091553
 0.00091553
 0.00030518
-0.00030518
-0.00030518
-0.00030518
 0.00030518
 0.00061035
 0.00061035
 0.00091553
 0.00152588
 0.00244141
 0.00244141
 0.00213623
 0.00122070
 0.00091553
 0.00122070
 0.00122070
 0.00091553
 0.00091553
 0.00061035
 0.00000000
 0.00000000
-0.00030518
-0.00030518
 0.00000000
 0.00061035
 0.00061035
 0.00061035
 0.00061035
 0.00061035
 0.00030518
-0.00061035
-0.00122070
-0.00122070
-0.00061035
-0.00030518
-0.00061035
-0.00091553
-0.00061035
-0.00061035
-0.00030518
-0.00030518
 0.00030518
 0.00061035
 0.00061035
 0.00061035
 0.00061035
 0.00000000
-0.00030518
-0.00061035
-0.00091553
-0.00122070
-0.00152588
-0.00122070
-0.00091553
-0.00061035
-0.00030518
-0.00030518
-0.00030518
-0.00061035
-0.00091553
-0.00061035
-0.00030518
-0.00061035
-0.00122070
-0.00122070
-0.00122070
-0.00091553
-0.00122070
-0.00152588
-0.00152588
-0.00122070
-0.00030518
 0.00000000
 0.00030518
 0.00061035
 0.00091553
 0.00061035
 0.00030518
-0.00030518
-0.00061035
-0.00061035
-0.00030518
-0.00061035
-0.00061035
-0.00061035
-0.00061035
 0.00000000
 0.00061035
 0.00091553
 0.00122070
 0.00091553
 0.00122070
 0.00091553
 0.00061035
 0.00030518
 0.00030518
 0.00000000
-0.00030518
-0.00091553
-0.00122070
-0.00122070
-0.00061035
 0.00030518
 0.00091553
 0.00122070
 0.00122070
 0.00122070
 0.00152588
 0.00183105
 0.00213623
 0.00183105
 0.00122070
 0.00122070
 0.00091553
 0.00030518
-0.00061035
-0.00061035
-0.00030518
-0.00030518
 0.00000000
 0.00030518
 0.00061035
 0.00091553
 0.00061035
 0.00061035
 0.00061035
 0.00061035
 0.00061035
 0.00000000
-0.00061035
-0.00122070
-0.00152588
-0.00152588
-0.00122070
-0.00091553
-0.00061035
-0.00061035
-0.00122070
-0.00091553
-0.00030518
 0.00000000
 0.00030518
 0.00061035
 0.00030518
 0.00000000
-0.00061035
-0.00091553
-0.00122070
-0.00152588
-0.00213623
-0.00213623
-0.00183105
-0.00183105
-0.00183105
-0.00122070
-0.00091553
-0.00061035
-0.00091553
-0.00122070
-0.00122070
-0.00122070
-0.00183105
-0.00244141
-0.00244141
-0.00244141
-0.00213623
-0.00183105
-0.00213623
-0.00244141
-0.00244141
-0.00213623
-0.00183105
-0.00091553
-0.00061035
 0.00000000
 0.00061035
 0.00030518
-0.00030518
-0.00091553
-0.00122070
-0.00122070
-0.00091553
-0.00030518
-0.00061035
-0.00122070
-0.00122070
-0.00091553
-0.00030518
 0.00000000
 0.00061035
 0.00091553
 0.00091553
 0.00091553
 0.00091553
 0.00030518
-0.00030518
-0.00030518
-0.00030518
-0.00030518
-0.00030518
-0.00030518
-0.00030518
 0.00030518
 0.00061035
 0.00061035
 0.00091553
 0.00152588
 0.00183105
 0.00152588
 0.00152588
 0.00183105
 0.00152588
 0.00122070
 0.00091553
 0.00061035
 0.00030518
 0.00000000
 0.00030518
 0.00122070
 0.00183105
 0.00213623
 0.00213623
 0.00213623
 0.00183105
 0.00183105
 0.00213623
 0.00183105
 0.00122070
 0.00030518
 0.00030518
 0.00030518
 0.00000000
-0.00061035
-0.00061035
-0.00030518
 0.00000000
 0.00061035
 0.00122070
 0.00183105
 0.00213623
 0.00213623
 0.00152588
 0.00122070
 0.00122070
 0.00122070
 0.00030518
-0.00091553
-0.00122070
-0.00091553
 0.00000000
 0.00030518
 0.00061035
 0.00000000
-0.00030518
-0.00061035
 0.00000000
 0.00000000
 0.00000000
 0.00030518
 0.00030518
 0.00000000
-0.00061035
-0.00122070
-0.00152588
-0.00152588
-0.00152588
-0.00183105
-0.00213623
-0.00183105
-0.00152588
-0.00061035
 0.00000000
 0.00000000
 0.00000000
-0.00030518
-0.00122070
-0.00183105
-0.00183105
-0.00152588
-0.00152588
-0.00152588
-0.00183105
-0.00213623
-0.00183105
-0.00152588
-0.00122070
-0.00122070
-0.00091553
-0.00061035
-0.00061035
-0.00122070
-0.00152588
-0.00152588
-0.00152588
-0.00183105
-0.00152588
-0.00122070
-0.00122070
-0.00183105
-0.00183105
-0.00152588
-0.00091553
-0.00030518
 0.00030518
 0.00030518
 0.00000000
 0.00030518
 0.00000000
-0.00061035
-0.00091553
-0.00030518
 0.00061035
 0.00061035
 0.00030518
 0.00030518
 0.00061035
 0.00061035
 0.00061035
 0.00030518
 0.00061035
 0.00122070
 0.00183105
 0.00183105
 0.00122070
 0.00091553
 0.00061035
 0.00061035
 0.00091553
 0.00122070
 0.00183105
 0.00152588
 0.00122070
 0.00122070
 0.00152588
 0.00183105
 0.00213623
 0.00213623
 0.00213623
 0.00213623
 0.00183105
 0.00152588
 0.00183105
 0.00183105
 0.00213623
 0.00213623
 0.00183105
 0.00152588
 0.00152588
 0.00152588
 0.00183105
 0.00244141
 0.00213623
 0.00183105
 0.00152588
 0.00152588
 0.00152588
 0.00183105
 0.00183105
 0.00152588
 0.00122070
 0.00091553
 0.00061035
 0.00061035
 0.00061035
 0.00091553
 0.00091553
 0.00122070
 0.00122070
 0.00122070
 0.00091553
 0.00091553
 0.00061035
 0.00061035
 0.00030518
 0.00000000
 0.00000000
 0.00000000
 0.00030518
-0.00030518
-0.00030518
-0.00030518
 0.00000000
-0.00030518
-0.00030518
-0.00030518
-0.00030518
-0.00061035
-0.00061035
-0.00061035
-0.00091553
-0.00152588
-0.00183105
-0.00183105
-0.00183105
-0.00183105
-0.00183105
-0.00152588
-0.00152588
-0.00152588
-0.00152588
-0.00183105
-0.00152588
-0.00091553
-0.00122070
-0.00152588
-0.00152588
-0.00152588
-0.00122070
-0.00152588
-0.00183105
-0.00213623
-0.00213623
-0.00183105
-0.00091553
-0.00030518
-0.00061035
-0.00091553
-0.00122070
-0.00122070
-0.00122070
-0.00091553
-0.00061035
-0.00061035
-0.00122070
-0.00152588
-0.00152588
-0.00152588
-0.00152588
-0.00122070
-0.00091553
-0.00061035
-0.00030518
-0.00030518
-0.00030518
 0.00000000
 0.00000000
 0.00030518
 0.00030518
 0.00030518
 0.00030518
 0.00061035
 0.00061035
 0.00061035
 0.00091553
 0.00122070
 0.00183105
 0.00152588
 0.00122070
 0.00122070
 0.00122070
 0.00183105
 0.00183105
 0.00152588
 0.00122070
 0.00091553
 0.00091553
 0.00091553
 0.00122070
 0.00122070
 0.00152588
 0.00122070
 0.00152588
 0.00183105
 0.00183105
 0.00152588
 0.00122070
 0.00122070
 0.00152588
 0.00152588
 0.00152588
 0.00152588
 0.00091553
 0.00091553
 0.00122070
 0.00122070
 0.00091553
 0.00122070
 0.00122070
 0.00183105
 0.00183105
 0.00152588
 0.00122070
 0.00122070
 0.00122070
 0.00091553
 0.00091553
 0.00061035
 0.00061035
 0.00091553
 0.00061035
 0.00000000
 0.00000000
 0.00000000
 0.00000000
 0.00000000
-0.00030518
 0.00030518
 0.00030518
 0.00030518
 0.00000000
-0.00061035
-0.00061035
-0.00061035
-0.00061035
-0.00061035
-0.00030518
-0.00061035
-0.00030518
-0.00030518
-0.00030518
-0.00030518
-0.00030518
-0.00061035
-0.00061035
-0.00091553
-0.00091553
-0.00061035
-0.00030518
-0.00030518
-0.00091553
-0.00122070
-0.00122070
-0.00122070
-0.00122070
-0.00152588
-0.00152588
-0.00152588
-0.00152588
-0.00183105
-0.00183105
-0.00183105
-0.00152588
-0.00091553
-0.00061035
-0.00091553
-0.00091553
-0.00061035
 0.00000000
-0.00030518
-0.00091553
-0.00091553
-0.00030518
 0.00000000
 0.00000000
 0.00000000
-0.00030518
-0.00091553
-0.00091553
-0.00122070
-0.00091553
-0.00061035
-0.00030518
 0.00030518
 0.00030518
 0.00030518
 0.00030518
 0.00030518
 0.00000000
-0.00030518
 0.00000000
 0.00030518
 0.00030518
 0.00000000
 0.00030518
 0.00030518
 0.00030518
 0.00000000
 0.00000000
 0.00030518
 0.00061035
 0.00091553
 0.00152588
 0.00213623
 0.00183105
 0.00122070
 0.00091553
 0.00091553
 0.00091553
 0.00122070
 0.00152588
 0.00152588
 0.00122070
 0.00122070
 0.00091553
 0.00122070
 0.00152588
 0.00152588
 0.00183105
 0.00213623
 0.00183105
 0.00122070
 0.00091553
 0.00061035
 0.00061035
 0.00030518
 0.00061035
 0.00091553
 0.00061035
 0.00030518
 0.00061035
 0.00091553
 0.00091553
 0.00091553
 0.00122070
 0.00091553
 0.00091553
 0.00122070
 0.00122070
 0.00091553
 0.00061035
 0.00061035
 0.00152588
 0.00152588
 0.00061035
 0.00061035
 0.00091553
 0.00122070
 0.00122070
 0.00091553
 0.00061035
 0.00030518
 0.00000000
-0.00030518
-0.00061035
-0.00061035
-0.00030518
 0.00030518
 0.00000000
-0.00030518
-0.00091553
-0.00091553
-0.00091553
-0.00030518
 0.00000000
 0.00030518
 0.00061035
 0.00061035
 0.00030518
 0.00030518
-0.00030518
-0.00061035
-0.00061035
 0.00000000
 0.00030518
 0.00000000
 0.00000000
 0.00000000
-0.00061035
-0.00061035
-0.00030518
 0.00000000
 0.00000000
 0.00030518
 0.00030518
 0.00000000
-0.00030518
 0.00000000
 0.00000000
 0.00000000
 0.00000000
 0.00000000
-0.00030518
-0.00061035
-0.00030518
 0.00000000
 0.00000000
 0.00000000
-0.00030518
-0.00061035
-0.00030518
 0.00030518
 0.00061035
 0.00091553
 0.00061035
 0.00000000
 0.00000000
 0.00030518
 0.00061035
 0.00061035
 0.00030518
 0.00030518
 0.00030518
 0.00061035
 0.00091553
 0.00091553
 0.00091553
 0.00091553
 0.00091553
 0.00091553
 0.00091553
 0.00091553
 0.00122070
 0.00061035
 0.00030518
 0.00030518
 0.00000000
 0.00000000
 0.00030518
 0.00030518
 0.00061035
 0.00091553
 0.00091553
 0.00091553
 0.00122070
 0.00152588
 0.00152588
 0.00122070
 0.00091553
 0.00061035
 0.00030518
 0.00030518
 0.00061035
 0.00122070
 0.00183105
 0.00122070
 0.00030518
 0.00030518
 0.00091553
 0.00122070
 0.00152588
 0.00122070
 0.00091553
 0.00030518
 0.00000000
 0.00000000
 0.00000000
 0.00000000
-0.00030518
-0.00061035
-0.00030518
 0.00030518
 0.00030518
 0.00000000
 0.00030518
 0.00061035
 0.00122070
 0.00091553
 0.00061035
 0.00030518
 0.00030518
 0.00000000
 0.00000000
-0.00030518
-0.00030518
-0.00030518
 0.00000000
 0.00000000
 0.00000000
-0.00030518
-0.00030518
 0.00000000
 0.00030518
 0.00030518
-0.00030518
-0.00061035
 0.00000000
 0.00061035
 0.00030518
-0.00030518
-0.00061035
-0.00091553
-0.00183105
-0.00213623
-0.00152588
-0.00091553
-0.00061035
-0.00061035
-0.00030518
 0.00000000
 0.00030518
 0.00030518
-0.00030518
-0.00030518
-0.00030518
-0.00030518
-0.00030518
-0.00030518
-0.00061035
-0.00061035
-0.00061035
-0.00061035
-0.00030518
-0.00061035
-0.00061035
-0.00030518
 0.00000000
 0.00000000
 0.00030518
 0.00030518
 0.00030518
 0.00030518
 0.00000000
 0.00000000
-0.00061035
-0.00091553
-0.00061035
-0.00061035
 0.00000000
 0.00061035
 0.00122070
 0.00091553
 0.00061035
 0.00030518
 0.00000000
 0.00030518
 0.00091553
 0.00091553
 0.00061035
 0.00061035
 0.00091553
 0.00091553
 0.00122070
 0.00122070
 0.00091553
 0.00061035
 0.00061035
 0.00122070
 0.00122070
 0.00091553
 0.00061035
 0.00030518
 0.00000000
 0.00000000
 0.00000000
 0.00030518
 0.00091553
 0.00091553
 0.00030518
 0.00000000
 0.00030518
 0.00061035
 0.00061035
 0.00000000
-0.00061035
-0.00061035
 0.00030518
 0.00061035
 0.00030518
 0.00000000
 0.00000000
 0.00000000
-0.00030518
-0.00030518
 0.00000000
 0.00030518
 0.00061035
 0.00030518
-0.00030518
-0.00030518
-0.00030518
-0.00061035
-0.00061035
 0.00000000
 0.00061035
 0.00061035
 0.00000000
-0.00061035
-0.00061035
-0.00030518
 0.00000000
-0.00030518
-0.00091553
-0.00061035
-0.00030518
 0.00000000
-0.00030518
-0.00030518
-0.00030518
-0.00061035
-0.00061035
-0.00030518
 0.00030518
 0.00061035
 0.00091553
 0.00061035
 0.00091553
 0.00091553
 0.00061035
 0.00030518
 0.00030518
 0.00030518
 0.00030518
 0.00030518
 0.00030518
 0.00061035
 0.00091553
 0.00061035
 0.00000000
 0.00000000
 0.00061035
 0.00061035
 0.00122070
 0.00122070
 0.00091553
 0.00061035
 0.00030518
 0.00000000
-0.00030518
 0.00000000
 0.00061035
 0.00122070
 0.00183105
 0.00183105
 0.00183105
 0.00152588
 0.00152588
 0.00122070
 0.00122070
 0.00183105
 0.00183105
 0.00152588
 0.00152588
 0.00152588
 0.00183105
 0.00152588
 0.00091553
 0.00061035
 0.00091553
 0.00152588
 0.00152588
 0.00152588
 0.00152588
 0.00122070
 0.00122070
 0.00122070
 0.00152588
 0.00122070
 0.00061035
 0.00061035
 0.00091553
 0.00122070
 0.00091553
 0.00061035
 0.00061035
 0.00061035
 0.00091553
 0.00091553
 0.00122070
 0.00122070
 0.00091553
 0.00091553
 0.00091553
 0.00091553
 0.00091553
 0.00091553
 0.00061035
 0.00091553
 0.00061035
 0.00000000
 0.00000000
 0.00030518
 0.00061035
 0.00030518
 0.00030518
 0.00000000
 0.00030518
 0.00091553
 0.00091553
 0.00091553
 0.00030518
 0.00000000
-0.00030518
-0.00030518
-0.00091553
-0.00061035
-0.00030518
-0.00030518
 0.00000000
-0.00030518
-0.00091553
-0.00091553
-0.00091553
-0.00091553
-0.00030518
 0.00000000
 0.00030518
 0.00030518
 0.00000000
 0.00000000
-0.00030518
-0.00061035
-0.00091553
-0.00091553
-0.00030518
-0.00030518
 0.00000000
 0.00000000
 0.00000000
-0.00030518
-0.00030518
-0.00061035
 0.00000000
 0.00030518
 0.00030518
 0.00000000
 0.00000000
-0.00061035
-0.00030518
-0.00030518
-0.00061035
-0.00030518
 0.00000000
 0.00030518
 0.00030518
 0.00030518
 0.00000000
 0.00000000
 0.00030518
 0.00061035
 0.00030518
 0.00061035
 0.00091553
 0.00061035
 0.00000000
 0.00000000
 0.00061035
 0.00091553
 0.00061035
 0.00000000
 0.00030518
 0.00061035
 0.00152588
 0.00152588
 0.00152588
 0.00152588
 0.00091553
 0.00030518
 0.00061035
 0.00061035
 0.00061035
 0.00061035
 0.00091553
 0.00122070
 0.00091553
 0.00091553
 0.00091553
 0.00091553
 0.00152588
 0.00152588
 0.00122070
 0.00122070
 0.00152588
 0.00122070
 0.00152588
 0.00122070
 0.00122070
 0.00061035
 0.00030518
 0.00091553
 0.00152588
 0.00183105
 0.00122070
 0.00091553
 0.00122070
 0.00152588
 0.00152588
 0.00091553
 0.00030518
 0.00000000
 0.00030518
 0.00030518
 0.00030518
 0.00000000
 0.00000000
-0.00030518
-0.00030518
 0.00000000
 0.00000000
-0.00030518
-0.00030518
-0.00030518
 0.00000000
 0.00030518
 0.00000000
-0.00061035
-0.00122070
-0.00091553
-0.00030518
 0.00030518
 0.00000000
-0.00061035
-0.00030518
 0.00000000
-0.00030518
-0.00061035
-0.00091553
-0.00061035
-0.00061035
-0.00061035
-0.00061035
-0.00030518
-0.00061035
-0.00091553
-0.00091553
-0.00091553
-0.00091553
-0.00030518
-0.00030518
-0.00061035
-0.00030518
-0.00030518
-0.00061035
-0.00061035
-0.00061035
-0.00091553
-0.00091553
-0.00061035
-0.00061035
-0.00030518
-0.00030518
-0.00030518
-0.00030518
-0.00030518
-0.00030518
-0.00030518
-0.00030518
-0.00061035
-0.00061035
-0.00061035
-0.00030518
 0.00000000
 0.00000000
 0.00000000
 0.00000000
 0.00030518
 0.00000000
-0.00030518
 0.00000000
 0.00061035
 0.00091553
 0.00091553
 0.00061035
 0.00061035
 0.00030518
 0.00030518
 0.00030518
 0.00030518
 0.00030518
 0.00030518
 0.00000000
 0.00000000
 0.00061035
 0.00122070
 0.00122070
 0.00091553
 0.00122070
 0.00122070
 0.00122070
 0.00122070
 0.00091553
 0.00122070
 0.00122070
 0.00091553
 0.00091553
 0.00091553
 0.00091553
 0.00122070
 0.00122070
 0.00152588
 0.00152588
 0.00122070
 0.00091553
 0.00091553
 0.00091553
 0.00152588
 0.00152588
 0.00122070
 0.00061035
 0.00061035
 0.00061035
 0.00122070
 0.00152588
 0.00122070
 0.00122070
 0.00091553
 0.00091553
 0.00091553
 0.00122070
 0.00122070
 0.00122070
 0.00091553
 0.00061035
 0.00091553
 0.00061035
 0.00030518
 0.00030518
 0.00061035
 0.00061035
 0.00091553
 0.00061035
 0.00061035
 0.00091553
 0.00061035
 0.00061035
 0.00061035
 0.00030518
 0.00030518
 0.00061035
 0.00061035
-0.00030518
-0.00061035
-0.00061035
 0.00000000
 0.00030518
 0.00030518
 0.00030518
 0.00030518
 0.00000000
 0.00030518
 0.00030518
 0.00091553
 0.00091553
 0.00061035
 0.00000000
 0.00030518
 0.00030518
 0.00000000
 0.00030518
 0.00030518
 0.00000000
 0.00000000
 0.00030518
 0.00030518
 0.00030518
 0.00030518
 0.00030518
 0.00000000
-0.00030518
-0.00030518
 0.00030518
 0.00030518
 0.00030518
-0.00030518
-0.00061035
-0.00061035
-0.00030518
 0.00000000
 0.00000000
 0.00000000
 0.00030518
 0.00091553
 0.00091553
 0.00091553
 0.00091553
 0.00122070
 0.00122070
 0.00122070
 0.00091553
 0.00091553
 0.00061035
 0.00000000
 0.00000000
 0.00061035
 0.00091553
 0.00122070
 0.00122070
 0.00122070
 0.00091553
 0.00091553
 0.00091553
 0.00091553
 0.00061035
 0.00091553
 0.00091553
 0.00091553
 0.00091553
 0.00091553
 0.00061035
 0.00000000
 0.00000000
 0.00000000
 0.00061035
 0.00122070
 0.00122070
 0.00091553
 0.00091553
 0.00061035
 0.00061035
 0.00061035
 0.00061035
 0.00030518
 0.00030518
 0.00061035
 0.00091553
 0.00091553
 0.00061035
 0.00061035
 0.00061035
 0.00061035
 0.00030518
 0.00030518
 0.00091553
 0.00122070
 0.00091553
 0.00030518
 0.00030518
 0.00030518
 0.00061035
 0.00030518
 0.00030518
 0.00030518
 0.00061035
 0.00091553
 0.00091553
 0.00030518
 0.00030518
 0.00030518
 0.00030518
 0.00030518
 0.00030518
 0.00061035
 0.00061035
 0.00030518
 0.00030518
 0.00030518
 0.00061035
 0.00030518
 0.00000000
-0.00030518
-0.00030518
-0.00030518
 0.00000000
 0.00000000
 0.00030518
 0.00061035
 0.00000000
-0.00030518
-0.00030518
 0.00000000
-0.00030518
 0.00000000
 0.00061035
 0.00030518
-0.00030518
-0.00061035
-0.00061035
-0.00061035
-0.00030518
 0.00000000
 0.00030518
 0.00030518
 0.00030518
 0.00000000
 0.00000000
 0.00000000
 0.00030518
 0.00030518
 0.00030518
 0.00030518
 0.00030518
 0.00061035
 0.00030518
 0.00030518
 0.00000000
-0.00030518
-0.00030518
 0.00030518
 0.00091553
 0.00061035
-0.00030518
-0.00091553
-0.00061035
 0.00000000
 0.00000000
 0.00000000
 0.00000000
 0.00030518
 0.00061035
 0.00030518
 0.00000000
 0.00000000
 0.00000000
 0.00030518
 0.00030518
 0.00030518
 0.00061035
 0.00091553
 0.00061035
 0.00000000
-0.00061035
-0.00091553
-0.00030518
 0.00061035
 0.00091553
 0.00091553
 0.00091553
 0.00061035
 0.00030518
 0.00030518
 0.00030518
 0.00030518
 0.00000000
-0.00030518
-0.00030518
 0.00000000
 0.00030518
 0.00000000
-0.00030518
-0.00030518
 0.00000000
 0.00030518
 0.00061035
 0.00091553
 0.00030518
 0.00000000
-0.00030518
-0.00030518
-0.00030518
 0.00000000
-0.00061035
-0.00061035
-0.00061035
-0.00091553
-0.00061035
-0.00030518
 0.00030518
 0.00030518
 0.00000000
-0.00030518
-0.00030518
-0.00030518
-0.00030518
 0.00000000
-0.00030518
-0.00091553
-0.00122070
-0.00091553
-0.00030518
 0.00000000
-0.00030518
-0.00061035
-0.00122070
-0.00091553
-0.00061035
-0.00030518
-0.00030518
-0.00030518
-0.00061035
-0.00091553
-0.00061035
-0.00061035
-0.00061035
-0.00091553
-0.00091553
 0.00000000
 0.00000000
-0.00030518
-0.00061035
-0.00061035
-0.00061035
-0.00030518
-0.00030518
-0.00030518
-0.00061035
-0.00091553
-0.00061035
-0.00030518
 0.00000000
 0.00000000
 0.00000000
 0.00030518
 0.00030518
 0.00030518
 0.00030518
 0.00000000
 0.00030518
 0.00061035
 0.00091553
 0.00091553
 0.00030518
-0.00030518
 0.00000000
 0.00061035
 0.00122070
 0.00122070
 0.00122070
 0.00091553
 0.00122070
 0.00152588
 0.00122070
 0.00091553
 0.00091553
 0.00122070
 0.00152588
 0.00152588
 0.00152588
 0.00122070
 0.00091553
 0.00061035
 0.00091553
 0.00091553
 0.00091553
 0.00122070
 0.00183105
 0.00213623
 0.00183105
 0.00122070
 0.00122070
 0.00152588
 0.00152588
 0.00091553
 0.00061035
 0.00091553
 0.00122070
 0.00152588
 0.00152588
 0.00152588
 0.00152588
 0.00122070
 0.00122070
 0.00122070
 0.00152588
 0.00122070
 0.00122070
 0.00122070
 0.00091553
 0.00061035
 0.00091553
 0.00122070
 0.00122070
 0.00091553
 0.00091553
 0.00061035
 0.00030518
-0.00030518
 0.00000000
 0.00030518
 0.00030518
-0.00030518
-0.00030518
-0.00030518
-0.00030518
-0.00030518
 0.00000000
 0.00030518
 0.00000000
-0.00061035
-0.00030518
-0.00061035
-0.00061035
-0.00061035
-0.00030518
-0.00030518
-0.00030518
-0.00030518
 0.00000000
 0.00030518
 0.00030518
 0.00000000
 0.00000000
 0.00030518
 0.00061035
 0.00030518
 0.00030518
 0.00000000
-0.00030518
-0.00091553
-0.00091553
-0.00091553
-0.00061035
-0.00030518
-0.00091553
-0.00091553
-0.00030518
-0.00030518
 0.00000000
 0.00000000
-0.00030518
-0.00061035
-0.00030518
-0.00030518
-0.00030518
 0.00000000
-0.00030518
 0.00000000
 0.00030518
 0.00030518
 0.00030518
 0.00061035
 0.00030518
 0.00061035
 0.00061035
 0.00061035
 0.00061035
 0.00030518
 0.00000000
 0.00030518
 0.00030518
 0.00030518
 0.00030518
 0.00091553
 0.00122070
 0.00122070
 0.00091553
 0.00061035
 0.00091553
 0.00091553
 0.00091553
 0.00122070
 0.00152588
 0.00122070
 0.00061035
 0.00000000
 0.00030518
 0.00030518
 0.00030518
 0.00061035
 0.00061035
 0.00122070
 0.00152588
 0.00122070
 0.00091553
 0.00091553
 0.00122070
 0.00122070
 0.00091553
 0.00061035
 0.00030518
 0.00030518
 0.00030518
 0.00030518
 0.00030518
 0.00000000
 0.00030518
 0.00061035
 0.00091553
 0.00091553
 0.00122070
 0.00122070
 0.00091553
 0.00091553
 0.00061035
 0.00030518
 0.00000000
 0.00061035
 0.00091553
 0.00061035
 0.00000000
-0.00030518
-0.00030518
-0.00030518
 0.00030518
 0.00061035
 0.00061035
 0.00091553
 0.00091553
 0.00030518
-0.00061035
-0.00091553
-0.00091553
-0.00091553
-0.00061035
-0.00061035
-0.00030518
 0.00000000
 0.00000000
-0.00030518
-0.00091553
-0.00091553
-0.00061035
-0.00061035
-0.00122070
-0.00152588
-0.00122070
-0.00091553
-0.00091553
-0.00122070
-0.00152588
-0.00152588
-0.00122070
-0.00091553
-0.00091553
-0.00091553
-0.00091553
-0.00061035
-0.00030518
-0.00030518
-0.00061035
-0.00061035
-0.00061035
-0.00091553
-0.00152588
-0.00152588
-0.00122070
-0.00091553
-0.00061035
-0.00091553
-0.00122070
-0.00122070
-0.00091553
-0.00061035
 0.00000000
 0.00030518
 0.00000000
-0.00061035
-0.00091553
-0.00122070
-0.00152588
-0.00122070
-0.00061035
-0.00091553
-0.00091553
-0.00091553
-0.00061035
-0.00030518
 0.00000000
 0.00000000
 0.00000000
 0.00000000
 0.00030518
 0.00061035
 0.00061035
 0.00061035
 0.00030518
 0.00030518
 0.00000000
-0.00030518
-0.00030518
 0.00000000
 0.00000000
 0.00030518
 0.00030518
 0.00061035
 0.00091553
 0.00091553
 0.00061035
 0.00091553
 0.00122070
 0.00091553
 0.00091553
 0.00091553
 0.00091553
 0.00030518
 0.00030518
 0.00061035
 0.00061035
 0.00091553
 0.00091553
 0.00122070
 0.00183105
 0.00152588
 0.00122070
 0.00152588
 0.00152588
 0.00152588
 0.00152588
 0.00122070
 0.00122070
 0.00091553
 0.00091553
 0.00091553
 0.00091553
 0.00061035
 0.00061035
 0.00091553
 0.00061035
 0.00091553
 0.00091553
 0.00091553
 0.00091553
 0.00091553
 0.00030518
-0.00030518
-0.00091553
-0.00061035
-0.00061035
-0.00030518
-0.00061035
-0.00061035
-0.00030518
 0.00000000
 0.00000000
-0.00030518
 0.00000000
 0.00000000
 0.00030518
 0.00000000
-0.00030518
-0.00061035
-0.00122070
-0.00091553
-0.00091553
-0.00061035
-0.00061035
-0.00091553
-0.00091553
-0.00091553
-0.00030518
 0.00000000
-0.00030518
-0.00030518
-0.00030518
-0.00030518
-0.00061035
-0.00091553
-0.00152588
-0.00152588
-0.00122070
-0.00122070
-0.00122070
-0.00091553
-0.00061035
-0.00030518
 0.00000000
 0.00000000
-0.00030518
-0.00030518
 0.00000000
 0.00000000
-0.00061035
-0.00091553
-0.00122070
-0.00061035
-0.00061035
-0.00061035
-0.00091553
-0.00061035
-0.00061035
-0.00030518
 0.00000000
 0.00030518
 0.00061035
 0.00091553
 0.00091553
 0.00091553
 0.00000000
-0.00030518
 0.00000000
 0.00030518
 0.00000000
-0.00030518
-0.00061035
 0.00000000
 0.00030518
 0.00061035
 0.00061035
 0.00061035
 0.00061035
 0.00061035
 0.00061035
 0.00091553
 0.00091553
 0.00061035
 0.00000000
 0.00030518
 0.00061035
 0.00061035
 0.00030518
 0.00000000
 0.00030518
 0.00030518
 0.00091553
 0.00091553
 0.00091553
 0.00061035
 0.00091553
 0.00152588
 0.00122070
 0.00061035
 0.00030518
 0.00030518
 0.00000000
 0.00000000
-0.00030518
-0.00061035
-0.00030518
 0.00000000
 0.00061035
 0.00061035
 0.00061035
 0.00061035
 0.00091553
 0.00122070
 0.00091553
 0.00061035
 0.00061035
 0.00061035
 0.00000000
-0.00030518
-0.00030518
-0.00061035
-0.00061035
-0.00030518
 0.00000000
 0.00000000
 0.00061035
 0.00091553
 0.00091553
 0.00030518
-0.00030518
-0.00030518
 0.00000000
 0.00061035
 0.00000000
-0.00030518
-0.00061035
-0.00061035
-0.00091553
-0.00122070
-0.00152588
-0.00122070
-0.00091553
-0.00030518
 0.00000000
 0.00030518
 0.00000000
 0.00000000
 0.00000000
 0.00000000
-0.00030518
-0.00030518
-0.00061035
-0.00061035
-0.00091553
-0.00091553
-0.00091553
-0.00091553
-0.00091553
-0.00061035
-0.00061035
-0.00061035
-0.00061035
-0.00030518
 0.00000000
 0.00000000
-0.00030518
-0.00061035
-0.00091553
-0.00091553
-0.00091553
-0.00122070
-0.00122070
-0.00122070
-0.00091553
-0.00091553
-0.00091553
-0.00061035
-0.00030518
 0.00000000
 0.00000000
 0.00030518
 0.00030518
 0.00000000
-0.00030518
-0.00061035
-0.00091553
-0.00061035
-0.00030518
-0.00030518
-0.00030518
-0.00030518
-0.00061035
-0.00030518
-0.00030518
 0.00000000
 0.00030518
 0.00061035
 0.00030518
 0.00000000
 0.00000000
 0.00000000
 0.00000000
-0.00030518
-0.00030518
-0.00030518
-0.00061035
-0.00030518
 0.00000000
 0.00030518
 0.00000000
 0.00000000
-0.00030518
-0.00030518
 0.00000000
 0.00030518
 0.00030518
 0.00000000
-0.00030518
-0.00061035
-0.00061035
-0.00061035
 0.00000000
 0.00000000
 0.00000000
-0.00030518
-0.00030518
-0.00030518
 0.00000000
 0.00061035
 0.00061035
 0.00000000
 0.00000000
 0.00000000
-0.00030518
-0.00030518
-0.00091553
-0.00122070
-0.00122070
-0.00061035
-0.00061035
-0.00030518
-0.00030518
-0.00030518
-0.00061035
-0.00122070
-0.00122070
-0.00061035
-0.00030518
-0.00061035
-0.00122070
-0.00152588
-0.00152588
-0.00091553
-0.00122070
-0.00122070
-0.00122070
-0.00061035
-0.00030518
-0.00030518
-0.00061035
-0.00030518
-0.00030518
-0.00030518
-0.00061035
-0.00030518
-0.00030518
-0.00091553
-0.00091553
-0.00091553
-0.00061035
-0.00091553
-0.00091553
-0.00091553
-0.00061035
-0.00030518
 0.00000000
 0.00000000
-0.00061035
-0.00091553
-0.00091553
-0.00091553
-0.00091553
-0.00030518
-0.00030518
-0.00030518
-0.00061035
-0.00061035
-0.00061035
-0.00061035
-0.00030518
-0.00030518
-0.00061035
-0.00091553
-0.00030518
 0.00000000
-0.00030518
-0.00030518
-0.00030518
-0.00030518
 0.00000000
 0.00000000
-0.00030518
 0.00000000
 0.00000000
 0.00030518
 0.00061035
 0.00061035
 0.00030518
-0.00030518
-0.00061035
-0.00061035
-0.00030518
 0.00000000
 0.00000000
 0.00000000
-0.00030518
 0.00000000
 0.00000000
 0.00000000
 0.00000000
 0.00000000
 0.00030518
 0.00030518
 0.00030518
 0.00091553
 0.00122070
 0.00091553
 0.00030518
 0.00030518
 0.00030518
 0.00000000
-0.00030518
-0.00030518
-0.00030518
-0.00030518
 0.00000000
 0.00000000
 0.00000000
-0.00030518
 0.00000000
 0.00030518
 0.00000000
 0.00000000
 0.00000000
-0.00061035
-0.00030518
-0.00030518
 0.00000000
 0.00000000
-0.00061035
-0.00030518
-0.00030518
 0.00000000
 0.00000000
-0.00030518
-0.00061035
-0.00061035
-0.00030518
 0.00000000
 0.00000000
-0.00030518
-0.00061035
-0.00091553
-0.00091553
-0.00091553
-0.00061035
-0.00030518
-0.00061035
-0.00122070
-0.00152588
-0.00122070
-0.00122070
-0.00061035
-0.00061035
-0.00030518
-0.00061035
-0.00061035
-0.00061035
-0.00061035
-0.00091553
-0.00091553
-0.00091553
-0.00061035
-0.00061035
-0.00061035
-0.00091553
-0.00091553
-0.00061035
-0.00030518
-0.00030518
-0.00030518
-0.00061035
-0.00061035
-0.00091553
-0.00061035
-0.00061035
-0.00061035
-0.00030518
 0.00030518
 0.00000000
 0.00000000
-0.00030518
-0.00061035
-0.00030518
 0.00000000
 0.00030518
 0.00030518
 0.00030518
 0.00000000
 0.00000000
-0.00030518
-0.00030518
-0.00061035
-0.00061035
 0.00000000
 0.00000000
-0.00030518
-0.00030518
 0.00000000
 0.00030518
 0.00030518
 0.00061035
 0.00030518
 0.00030518
 0.00030518
 0.00000000
 0.00000000
 0.00000000
 0.00000000
 0.00000000
 0.00030518
 0.00061035
 0.00061035
 0.00091553
 0.00061035
 0.00061035
 0.00030518
 0.00000000
 0.00030518
 0.00061035
 0.00030518
-0.00061035
-0.00091553
-0.00091553
-0.00030518
 0.00000000
 0.00000000
 0.00000000
 0.00030518
 0.00000000
-0.00061035
-0.00061035
 0.00000000
 0.00030518
 0.00000000
-0.00030518
-0.00061035
-0.00061035
-0.00030518
-0.00030518
-0.00030518
-0.00030518
 0.00000000
-0.00061035
-0.00091553
-0.00091553
-0.00091553
-0.00061035
-0.00061035
-0.00061035
-0.00061035
-0.00091553
-0.00091553
-0.00122070
-0.00122070
-0.00091553
-0.00091553
-0.00061035
-0.00061035
-0.00061035
-0.00091553
-0.00061035
-0.00061035
-0.00061035
-0.00061035
-0.00091553
-0.00122070
-0.00152588
-0.00122070
-0.00122070
-0.00122070
-0.00122070
-0.00091553
-0.00061035
-0.00091553
-0.00061035
-0.00061035
-0.00061035
-0.00061035
-0.00030518
 0.00000000
-0.00061035
-0.00091553
-0.00122070
-0.00122070
-0.00122070
-0.00122070
-0.00091553
-0.00061035
-0.00061035
-0.00091553
-0.00122070
-0.00122070
-0.00061035
-0.00061035
-0.00091553
-0.00122070
-0.00122070
-0.00122070
-0.00122070
-0.00091553
-0.00061035
-0.00030518
-0.00061035
-0.00061035
-0.00061035
 0.00000000
 0.00030518
 0.00061035
 0.00030518
-0.00030518
-0.00061035
-0.00061035
-0.00091553
-0.00091553
-0.00091553
-0.00091553
-0.00091553
-0.00061035
-0.00030518
-0.00030518
 0.00000000
 0.00000000
 0.00000000
-0.00030518
-0.00030518
 0.00000000
 0.00000000
 0.00000000
-0.00030518
 0.00000000
 0.00030518
 0.00000000
-0.00030518
-0.00061035
-0.00061035
-0.00061035
-0.00030518
-0.00030518
 0.00000000
 0.00000000
 0.00030518
 0.00030518
 0.00030518
 0.00000000
 0.00000000
 0.00000000
-0.00030518
-0.00030518
-0.00030518
-0.00061035
-0.00030518
 0.00000000
 0.00000000
-0.00061035
-0.00091553
-0.00091553
-0.00061035
-0.00030518
-0.00030518
-0.00061035
-0.00122070
-0.00091553
-0.00030518
-0.00061035
-0.00152588
-0.00213623
-0.00213623
-0.00183105
-0.00122070
-0.00091553
-0.00091553
-0.00122070
-0.00061035
-0.00061035
-0.00061035
-0.00091553
-0.00091553
-0.00122070
-0.00152588
-0.00152588
-0.00122070
-0.00122070
-0.00122070
-0.00122070
-0.00152588
-0.00122070
-0.00091553
-0.00061035
-0.00030518
-0.00061035
-0.00030518
-0.00030518
-0.00030518
-0.00030518
-0.00030518
-0.00030518
-0.00061035
-0.00091553
-0.00122070
-0.00122070
-0.00152588
-0.00122070
-0.00091553
-0.00030518
-0.00030518
 0.00000000
 0.00000000
-0.00030518
-0.00061035
-0.00061035
 0.00000000
 0.00000000
-0.00030518
-0.00061035
-0.00061035
-0.00061035
-0.00061035
-0.00061035
-0.00061035
-0.00030518
 0.00000000
 0.00030518
 0.00061035
 0.00030518
-0.00030518
-0.00030518
-0.00030518
 0.00000000
-0.00030518
-0.00061035
-0.00061035
-0.00030518
 0.00000000
 0.00030518
 0.00061035
 0.00061035
 0.00030518
 0.00030518
 0.00030518
 0.00030518
 0.00000000
-0.00030518
-0.00030518
-0.00061035
-0.00030518
-0.00030518
-0.00030518
-0.00030518
-0.00030518
-0.00030518
-0.00061035
-0.00030518
 0.00000000
 0.00000000
 0.00030518
 0.00030518
 0.00000000
-0.00030518
-0.00061035
-0.00061035
-0.00061035
-0.00061035
-0.00061035
-0.00061035
-0.00091553
-0.00061035
-0.00030518
-0.00030518
-0.00030518
-0.00061035
-0.00030518
-0.00030518
 0.00000000
 0.00000000
-0.00030518
-0.00122070
-0.00122070
-0.00061035
-0.00030518
-0.00030518
-0.00061035
-0.00061035
-0.00091553
-0.00061035
-0.00030518
-0.00030518
-0.00030518
-0.00061035
-0.00061035
-0.00091553
-0.00091553
-0.00061035
-0.00091553
-0.00091553
-0.00091553
-0.00122070
-0.00152588
-0.00183105
-0.00152588
-0.00091553
-0.00122070
-0.00091553
-0.00091553
-0.00061035
-0.00030518
-0.00061035
-0.00122070
-0.00122070
-0.00122070
-0.00122070
-0.00091553
-0.00091553
-0.00091553
-0.00091553
-0.00122070
-0.00091553
-0.00091553
-0.00091553
-0.00091553
-0.00061035
-0.00030518
-0.00030518
-0.00030518
-0.00061035
-0.00061035
-0.00061035
-0.00061035
-0.00061035
-0.00030518
 0.00030518
 0.00030518
-0.00030518
-0.00061035
-0.00061035
-0.00030518
 0.00000000
 0.00030518
 0.00000000
-0.00061035
-0.00061035
-0.00030518
-0.00030518
-0.00030518
-0.00061035
-0.00061035
-0.00061035
-0.00030518
 0.00000000
-0.00030518
-0.00030518
-0.00030518
 0.00000000
 0.00000000
 0.00000000
 0.00000000
 0.00000000
 0.00000000
-0.00030518
-0.00061035
-0.00061035
-0.00061035
 0.00000000
 0.00000000
 0.00000000
 0.00030518
 0.00061035
 0.00030518
-0.00030518
-0.00030518
 0.00000000
 0.00000000
 0.00030518
 0.00000000
 0.00030518
 0.00030518
-0.00030518
-0.00030518
-0.00030518
-0.00061035
-0.00061035
-0.00061035
-0.00061035
-0.00030518
-0.00030518
-0.00061035
-0.00091553
-0.00091553
 0.00000000
-0.00030518
-0.00061035
-0.00061035
-0.00061035
-0.00091553
-0.00091553
-0.00091553
-0.00122070
-0.00152588
-0.00152588
-0.00091553
-0.00091553
-0.00091553
-0.00061035
-0.00061035
-0.00061035
-0.00091553
-0.00091553
-0.00061035
-0.00091553
-0.00091553
-0.00061035
-0.00091553
-0.00152588
-0.00152588
-0.00183105
-0.00183105
-0.00213623
-0.00183105
-0.00122070
-0.00091553
-0.00152588
-0.00122070
-0.00122070
-0.00091553
-0.00122070
-0.00091553
-0.00061035
-0.00061035
-0.00091553
-0.00122070
-0.00152588
-0.00122070
-0.00091553
-0.00091553
-0.00091553
-0.00061035
-0.00030518
-0.00030518
-0.00030518
-0.00030518
-0.00030518
 0.00000000
 0.00000000
 0.00000000
-0.00030518
-0.00030518
-0.00061035
-0.00091553
-0.00122070
-0.00122070
-0.00091553
-0.00091553
-0.00091553
-0.00061035
-0.00030518
-0.00030518
-0.00030518
-0.00061035
-0.00061035
-0.00061035
-0.00091553
-0.00091553
-0.00061035
-0.00061035
-0.00061035
-0.00030518
-0.00061035
-0.00091553
-0.00061035
-0.00061035
 0.00000000
 0.00030518
 0.00030518
 0.00000000
 0.00000000
 0.00000000
-0.00030518
-0.00061035
-0.00030518
-0.00061035
-0.00061035
-0.00061035
-0.00061035
-0.00030518
 0.00000000
 0.00000000
 0.00030518
 0.00061035
 0.00030518
 0.00000000
-0.00030518
-0.00030518
 0.00000000
 0.00000000
-0.00030518
-0.00061035
-0.00061035
-0.00061035
-0.00061035
-0.00061035
-0.00061035
-0.00061035
 0.00000000
-0.00030518
-0.00030518
-0.00030518
 0.00000000
 0.00000000
-0.00030518
-0.00061035
-0.00091553
-0.00122070
-0.00091553
-0.00091553
-0.00091553
-0.00152588
-0.00183105
-0.00152588
-0.00061035
-0.00061035
-0.00030518
-0.00030518
-0.00030518
 0.00000000
-0.00061035
-0.00122070
-0.00122070
-0.00152588
-0.00152588
-0.00183105
-0.00152588
-0.00122070
-0.00122070
-0.00122070
-0.00122070
-0.00091553
-0.00091553
-0.00122070
-0.00061035
-0.00030518
-0.00030518
-0.00061035
-0.00091553
-0.00122070
-0.00152588
-0.00152588
-0.00183105
-0.00152588
-0.00091553
-0.00061035
-0.00061035
-0.00061035
-0.00030518
 0.00000000
-0.00061035
-0.00061035
-0.00061035
-0.00061035
-0.00091553
-0.00091553
-0.00122070
-0.00091553
-0.00061035
-0.00061035
-0.00061035
-0.00091553
-0.00122070
-0.00122070
-0.00030518
 0.00000000
 0.00000000
 0.00000000
-0.00030518
-0.00030518
-0.00030518
-0.00061035
-0.00061035
-0.00061035
-0.00061035
-0.00061035
-0.00061035
-0.00061035
-0.00030518
 0.00000000
 0.00000000
 0.00000000
 0.00030518
 0.00030518
 0.00000000
-0.00030518
-0.00061035
-0.00061035
-0.00030518
-0.00030518
-0.00061035
-0.00091553
-0.00061035
-0.00030518
-0.00061035
-0.00030518
-0.00030518
 0.00000000
-0.00030518
-0.00030518
-0.00030518
-0.00030518
-0.00030518
 0.00030518
 0.00030518
-0.00030518
-0.00061035
-0.00122070
-0.00091553
-0.00061035
 0.00000000
 0.00061035
 0.00030518
-0.00030518
-0.00030518
-0.00030518
-0.00030518
-0.00030518
-0.00030518
-0.00030518
-0.00030518
 0.00000000
 0.00000000
 0.00000000
-0.00061035
-0.00061035
-0.00061035
-0.00061035
-0.00061035
-0.00030518
-0.00061035
-0.00091553
-0.00091553
-0.00061035
-0.00030518
-0.00061035
-0.00091553
-0.00061035
