 0.00000000
-0.00030518
-0.00061035
-0.00030518
-0.00030518
-0.00061035
-0.00030518
 0.00000000
 0.00030518
 0.00030518
 0.00000000
-0.00061035
-0.00061035
-0.00061035
-0.00091553
-0.00091553
-0.00061035
-0.00030518
 0.00000000
 0.00030518
 0.00000000
-0.00030518
 0.00000000
 0.00000000
-0.00030518
-0.00061035
-0.00030518
-0.00030518
-0.00061035
-0.00061035
-0.00061035
-0.00061035
-0.00030518
-0.00030518
 0.00000000
 0.00000000
 0.00000000
-0.00030518
-0.00061035
-0.00061035
-0.00030518
 0.00000000
 0.00000000
-0.00030518
-0.00061035
-0.00061035
-0.00030518
-0.00030518
-0.00030518
-0.00030518
 0.00000000
 0.00061035
 0.00030518
 0.00000000
-0.00030518
-0.00061035
-0.00030518
 0.00000000
 0.00030518
 0.00000000
 0.00000000
 0.00000000
 0.00000000
 0.00000000
-0.00030518
-0.00061035
-0.00030518
 0.00030518
 0.00000000
-0.00030518
-0.00030518
-0.00030518
-0.00030518
-0.00061035
-0.00030518
 0.00000000
 0.00000000
 0.00000000
-0.00030518
-0.00030518
-0.00030518
 0.00030518
 0.00030518
-0.00030518
-0.00061035
-0.00091553
-0.00061035
 0.00000000
 0.00030518
 0.00030518
-0.00030518
-0.00061035
-0.00091553
-0.00061035
 0.00061035
 0.00396729
 0.01251221
 0.03173828
 0.06744385
 0.12237549
 0.19317627
 0.26428223
 0.30181885
 0.22705078
-0.00793457
-0.32012939
-0.59570313
-0.75317383
-0.76660156
-0.68023682
-0.57617188
-0.51452637
-0.50140381
-0.46936035
-0.35491943
-0.11779785
 0.21911621
 0.61889648
 0.99884033
 1.27593994
 1.36413574
 1.17004395
 0.70556641
 0.21484375
-0.23193359
-0.53253174
-0.67108154
-0.70465088
-0.65185547
-0.55877686
-0.43518066
-0.18615723
 0.21759033
 0.67138672
 1.10137939
 1.29913330
 1.14959717
 0.72662354
 0.29235840
-0.10223389
-0.43609619
-0.67321777
-0.87493896
-1.00524902
-1.03485107
-0.94787598
-0.73211670
-0.42480469
-0.08972168
 0.30212402
 0.67596436
 0.95214844
 1.10595703
 1.06140137
 0.72357178
 0.14770508
-0.51727295
-1.00769043
-1.18133545
-1.02722168
-0.61218262
-0.10375977
 0.35522461
 0.63354492
 0.67047119
 0.68817139
 0.79254150
 0.93597412
 1.05255127
 1.08032227
 0.96221924
 0.66101074
 0.20843506
-0.34240723
-0.88378906
-1.28997803
-1.44622803
-1.28173828
-0.80383301
-0.06866455
 0.60821533
 1.18438721
 1.36749268
 1.07666016
 0.65429688
 0.39611816
 0.19622803
-0.08514404
-0.33691406
-0.58074951
-0.75439453
-0.80902100
-0.74035645
-0.58288574
-0.39978027
-0.24200439
 0.05493164
 0.42327881
 0.79559326
 1.07513428
 1.12426758
 0.83953857
 0.30181885
-0.31524658
-0.83068848
-1.07727051
-1.11083984
-0.97351074
-0.71807861
-0.42297363
-0.19531250
 0.01861572
 0.20629883
 0.37994385
 0.55053711
 0.71441650
 0.83038330
 0.83770752
 0.65979004
 0.24993896
-0.30700684
-0.86456299
-1.28845215
-1.48559570
-1.41876221
-1.10870361
-0.64361572
-0.17395020
 0.31097412
 0.74005127
 0.92681885
 0.87341309
 0.62805176
 0.33569336
 0.01556396
-0.31799316
-0.59478760
-0.81481934
-0.96679688
-1.04644775
-1.06018066
-0.99884033
-0.84991455
-0.60211182
-0.25390625
 0.17700195
 0.65063477
 1.01501465
 1.17156982
 1.06750488
 0.76263428
 0.38696289
 0.04577637
-0.26519775
-0.44555664
-0.49591064
-0.48278809
-0.44189453
-0.38391113
-0.29968262
-0.16693115
 0.01678467
 0.25329590
 0.53833008
 0.84838867
 1.09130859
 1.11968994
 0.84106445
 0.33996582
-0.24383545
-0.78125000
-1.10839844
-1.18438721
-0.99853516
-0.61035156
-0.13580322
 0.31890869
 0.70709229
 0.86578369
 0.87127686
 0.80017090
 0.66253662
 0.45074463
 0.17150879
-0.13305664
-0.43395996
-0.71777344
-0.92926025
-1.02264404
-0.95855713
-0.72326660
-0.34545898
 0.08239746
 0.58715820
 0.95794678
 1.14257813
 1.10382080
 0.89538574
 0.61340332
 0.33905029
 0.08178711
-0.14129639
-0.32257080
-0.45440674
-0.51269531
-0.47637939
-0.34637451
-0.13458252
 0.17547607
 0.55419922
 0.85113525
 1.03668213
 1.06689453
 0.96740723
 0.78216553
 0.52124023
 0.18829346
-0.18646240
-0.52520752
-0.77331543
-0.88409424
-0.84106445
-0.65002441
-0.35888672
-0.03051758
 0.35003662
 0.64849854
 0.79803467
 0.78216553
 0.60943604
 0.34393311
 0.03784180
-0.24169922
-0.43579102
-0.54290771
-0.59082031
-0.59478760
-0.55999756
-0.47729492
-0.33416748
-0.12115479
 0.15625000
 0.47149658
 0.72509766
 0.86853027
 0.87158203
 0.73272705
 0.45257568
 0.06072998
-0.39764404
-0.80352783
-1.09313965
-1.20361328
-1.11541748
-0.84808350
-0.47027588
-0.12634277
 0.23101807
 0.50201416
 0.61126709
 0.65277100
 0.66009521
 0.62500000
 0.51391602
 0.28747559
-0.02746582
-0.36163330
-0.69061279
-0.94329834
-1.05865479
-0.99731445
-0.76049805
-0.38757324
 0.02471924
 0.50445557
 0.81359863
 0.90087891
 0.76049805
 0.49224854
 0.23834229
-0.08911133
-0.36010742
-0.56213379
-0.69335938
-0.74584961
-0.71258545
-0.58135986
-0.37078857
-0.12115479
 0.17456055
 0.48217773
 0.68969727
 0.80200195
 0.79742432
 0.65765381
 0.39306641
 0.04791260
-0.32836914
-0.64239502
-0.84167480
-0.89019775
-0.78735352
-0.56701660
-0.30731201
-0.04699707
 0.23712158
 0.51055908
 0.69976807
 0.82977295
 0.88195801
 0.84289551
 0.71044922
 0.48980713
 0.21087646
-0.08056641
-0.32348633
-0.48889160
-0.53558350
-0.46661377
-0.30822754
-0.09796143
 0.14068604
 0.43090820
 0.56762695
 0.62225342
 0.60913086
 0.54443359
 0.43182373
 0.24780273
 0.01434326
-0.22521973
-0.45043945
-0.61279297
-0.68542480
-0.65368652
-0.52124023
-0.33782959
-0.12817383
 0.10498047
 0.35949707
 0.52703857
 0.60638428
 0.58990479
 0.46630859
 0.26977539
 0.00457764
-0.23773193
-0.42388916
-0.51513672
-0.51483154
-0.43121338
-0.30975342
-0.15899658
 0.03387451
 0.24444580
 0.45593262
 0.60272217
 0.69152832
 0.69549561
 0.60028076
 0.40710449
 0.14739990
-0.13092041
-0.39245605
-0.59539795
-0.70190430
-0.69244385
-0.56610107
-0.36437988
-0.15106201
 0.09582520
 0.35888672
 0.51025391
 0.54962158
 0.49194336
 0.37384033
 0.20690918
-0.01403809
-0.20324707
-0.37292480
-0.48980713
-0.53710938
-0.51147461
-0.42236328
-0.31250000
-0.15991211
 0.02258301
 0.20019531
 0.36407471
 0.40649414
 0.35461426
 0.23773193
-0.00030518
-0.25634766
-0.46875000
-0.61004639
-0.66406250
-0.62805176
-0.51483154
-0.35339355
-0.18035889
 0.02899170
 0.23223877
 0.39916992
 0.46295166
 0.44403076
 0.35736084
 0.22308350
 0.01647949
-0.16815186
-0.33691406
-0.46203613
-0.53375244
-0.53985596
-0.47607422
-0.35003662
-0.19287109
 0.02166748
 0.26916504
 0.48248291
 0.59753418
 0.61981201
 0.55755615
 0.41839600
 0.23986816
 0.00823975
-0.18829346
-0.35797119
-0.45593262
-0.47760010
-0.43121338
-0.33721924
-0.21026611
-0.04272461
 0.12512207
 0.27008057
 0.35888672
 0.34362793
 0.30792236
 0.15319824
-0.03173828
-0.18585205
-0.31311035
-0.40863037
-0.45043945
-0.44464111
-0.38726807
-0.29876709
-0.15716553
 0.02655029
 0.23132324
 0.43304443
 0.53741455
 0.56365967
 0.50537109
 0.37933350
 0.22857666
 0.03082275
-0.13214111
-0.25695801
-0.33843994
-0.33020020
-0.26519775
-0.15472412
-0.01312256
 0.13153076
 0.26000977
 0.34454346
 0.34667969
 0.33050537
 0.22979736
 0.07812500
-0.06408691
-0.19104004
-0.30944824
-0.40008545
-0.44708252
-0.44708252
-0.39825439
-0.31616211
-0.20446777
-0.05432129
 0.10437012
 0.24719238
 0.35675049
 0.37506104
 0.34271240
 0.26977539
 0.11077881
-0.03570557
-0.15106201
-0.23376465
-0.26489258
-0.23956299
-0.15808105
-0.02593994
 0.13641357
 0.33325195
 0.46569824
 0.52612305
 0.52368164
 0.46691895
 0.37536621
 0.26153564
 0.13366699
 0.00671387
-0.11169434
-0.19897461
-0.24108887
-0.23223877
-0.17150879
-0.06103516
 0.08422852
 0.24597168
 0.39611816
 0.44311523
 0.40893555
 0.32562256
 0.16540527
-0.04974365
-0.23406982
-0.39825439
-0.50903320
-0.56427002
-0.55725098
-0.48980713
-0.37689209
-0.26794434
-0.11993408
 0.02410889
 0.14556885
 0.22186279
 0.25146484
 0.21362305
 0.10314941
-0.03601074
-0.16204834
-0.27618408
-0.37200928
-0.42297363
-0.42083740
-0.36254883
-0.28533936
-0.15594482
-0.00518799
 0.14190674
 0.26336670
 0.32928467
 0.34088135
 0.29724121
 0.16632080
 0.01953125
-0.10162354
-0.20263672
-0.27343750
-0.29876709
-0.27801514
-0.21148682
-0.10162354
 0.03997803
 0.19104004
 0.35766602
 0.43762207
 0.46295166
 0.43670654
 0.36712646
 0.27130127
 0.13824463
 0.01281738
-0.10650635
-0.20111084
-0.25787354
-0.27313232
-0.24902344
-0.18737793
-0.09246826
 0.02441406
 0.14465332
 0.24932861
 0.31677246
 0.33508301
 0.27465820
 0.14648438
 0.00549316
-0.10864258
-0.20019531
-0.26184082
-0.28472900
-0.26947021
-0.22033691
-0.14160156
-0.04180908
 0.06561279
 0.16693115
 0.24414063
 0.29083252
 0.29693604
 0.24597168
 0.16326904
 0.08270264
 0.00640869
-0.06805420
-0.12664795
-0.15686035
-0.15441895
-0.12115479
-0.06164551
 0.01800537
 0.10772705
 0.19378662
 0.26062012
 0.30395508
 0.30426025
 0.24475098
 0.15136719
 0.05706787
-0.03082275
-0.10650635
-0.15533447
-0.17059326
-0.15533447
-0.11657715
-0.06011963
 0.00793457
 0.07812500
 0.14129639
 0.19256592
 0.22247314
 0.21270752
 0.16937256
 0.11688232
 0.06286621
 0.00000000
-0.06591797
-0.12145996
-0.15502930
-0.15991211
-0.13488770
-0.08300781
-0.00885010
 0.07659912
 0.15777588
 0.21697998
 0.24444580
 0.21514893
 0.13427734
 0.04119873
-0.04333496
-0.12634277
-0.20080566
-0.25177002
-0.27191162
-0.26397705
-0.23284912
-0.18432617
-0.12420654
-0.05981445
 0.00274658
 0.05798340
 0.10070801
 0.11779785
 0.09796143
 0.05493164
 0.00762939
-0.04272461
-0.09490967
-0.13916016
-0.16510010
-0.16601563
-0.13977051
-0.08758545
-0.01068115
 0.08392334
 0.18157959
 0.26550293
 0.31707764
 0.32073975
 0.25512695
 0.14801025
 0.04394531
-0.04699707
-0.12939453
-0.19348145
-0.23040771
-0.24078369
-0.22827148
-0.19744873
-0.15411377
-0.10437012
-0.05401611
-0.00915527
 0.02075195
 0.02166748
-0.00640869
-0.05096436
-0.10375977
-0.16265869
-0.22094727
-0.26580811
-0.28808594
-0.28289795
-0.24932861
-0.18829346
-0.10131836
 0.00335693
 0.11260986
 0.21118164
 0.28167725
 0.31860352
 0.30334473
 0.23345947
 0.14831543
 0.07476807
 0.00640869
-0.05279541
-0.09185791
-0.10650635
-0.09826660
-0.06988525
-0.02471924
 0.03265381
 0.09643555
 0.15777588
 0.20660400
 0.22613525
 0.19500732
 0.12725830
 0.05493164
-0.01464844
-0.08422852
-0.14678955
-0.18981934
-0.20568848
-0.19317627
-0.15380859
-0.09277344
-0.01495361
 0.06866455
 0.14251709
 0.19592285
 0.22064209
 0.19348145
 0.12268066
 0.04272461
-0.03295898
-0.10803223
-0.17486572
-0.22247314
-0.24688721
-0.24932861
-0.23132324
-0.19683838
-0.14892578
-0.09246826
-0.03387451
 0.01953125
 0.05859375
 0.06561279
 0.03082275
-0.02197266
-0.06988525
-0.11291504
-0.14953613
-0.17181396
-0.17272949
-0.15045166
-0.10498047
-0.03967285
 0.04272461
 0.13305664
 0.21759033
 0.28350830
 0.32806396
 0.33660889
 0.30090332
 0.24505615
 0.19195557
 0.13671875
 0.08056641
 0.03448486
 0.00579834
-0.00427246
 0.00274658
 0.02441406
 0.05706787
 0.09674072
 0.13671875
 0.16815186
 0.17608643
 0.15045166
 0.09918213
 0.03509521
-0.03631592
-0.11199951
-0.18371582
-0.24505615
-0.29083252
-0.31951904
-0.32043457
-0.29968262
-0.26153564
-0.20965576
-0.15014648
-0.09033203
-0.03662109
 0.00610352
 0.02777100
 0.02227783
 0.00305176
-0.01403809
-0.02960205
-0.04455566
-0.05432129
-0.05279541
-0.03814697
-0.01037598
 0.02777100
 0.07232666
 0.11871338
 0.16143799
 0.19195557
 0.20111084
 0.18737793
 0.15777588
 0.11871338
 0.07202148
 0.02044678
-0.02960205
-0.07202148
-0.10101318
-0.11383057
-0.11108398
-0.09521484
-0.07049561
-0.04272461
-0.01739502
 0.00213623
 0.01586914
 0.02655029
 0.03662109
 0.04547119
 0.05004883
 0.04760742
 0.03753662
 0.02349854
 0.01159668
 0.00610352
 0.01037598
 0.02349854
 0.04486084
 0.07080078
 0.09613037
 0.11505127
 0.12329102
 0.12054443
 0.11077881
 0.09704590
 0.08087158
 0.06408691
 0.04913330
 0.03784180
 0.03021240
 0.02655029
 0.02624512
 0.02899170
 0.03356934
 0.03875732
 0.04425049
 0.04760742
 0.04669189
 0.04150391
 0.03265381
 0.02075195
 0.00854492
-0.00244141
-0.01159668
-0.01831055
-0.02410889
-0.02838135
-0.03082275
-0.03112793
-0.02838135
-0.02258301
-0.01617432
-0.01129150
-0.00976563
-0.01342773
-0.02319336
-0.03753662
-0.05340576
-0.06927490
-0.08239746
-0.09063721
-0.09185791
-0.08575439
-0.07354736
-0.05737305
-0.03997803
-0.02288818
-0.00854492
 0.00335693
 0.01220703
 0.01922607
 0.02502441
 0.03082275
 0.03723145
 0.04455566
 0.05371094
 0.06286621
 0.06958008
 0.07293701
 0.07385254
 0.07598877
 0.08087158
 0.08911133
 0.09979248
 0.10803223
 0.10894775
 0.10101318
 0.08666992
 0.07141113
 0.05828857
 0.04974365
 0.04486084
 0.04302979
 0.04211426
 0.03875732
 0.03234863
 0.02258301
 0.01159668
 0.00061035
-0.00915527
-0.01647949
-0.02014160
-0.02105713
-0.02014160
-0.01922607
-0.01953125
-0.02136230
-0.02319336
-0.02410889
-0.02380371
-0.02258301
-0.02288818
-0.02655029
-0.03265381
-0.04119873
-0.05096436
-0.06042480
-0.06896973
-0.07537842
-0.07720947
-0.07354736
-0.06439209
-0.05035400
-0.03326416
-0.01556396
 0.00061035
 0.01251221
 0.02044678
 0.02441406
 0.02563477
 0.02471924
 0.02258301
 0.01983643
 0.01708984
 0.01525879
 0.01556396
 0.01800537
 0.02288818
 0.03051758
 0.03967285
 0.04852295
 0.05584717
 0.05950928
 0.05920410
 0.05432129
 0.04425049
 0.02960205
 0.01251221
-0.00579834
-0.02258301
-0.03814697
-0.05126953
-0.06103516
-0.06683350
-0.06866455
-0.06591797
-0.05859375
-0.04638672
-0.03234863
-0.02014160
-0.01403809
-0.01678467
-0.02807617
-0.04302979
-0.05706787
-0.06713867
-0.07202148
-0.07141113
-0.06652832
-0.05981445
-0.05371094
-0.04882813
-0.04516602
-0.04211426
-0.03997803
-0.03906250
-0.03875732
-0.03936768
-0.04302979
-0.05096436
-0.06408691
-0.08209229
-0.10253906
-0.12176514
-0.13580322
-0.14068604
-0.13397217
-0.11627197
-0.09002686
-0.06011963
-0.03143311
-0.00946045
 0.00213623
 0.00518799
 0.00457764
 0.00427246
 0.00457764
 0.00518799
 0.00549316
 0.00488281
 0.00427246
 0.00396729
 0.00457764
 0.00640869
 0.01129150
 0.01983643
 0.03112793
 0.04333496
 0.05401611
 0.06011963
 0.06042480
 0.05554199
 0.04638672
 0.03417969
 0.02044678
 0.00762939
-0.00335693
-0.00976563
-0.00854492
-0.00030518
 0.01342773
 0.02990723
 0.04486084
 0.05554199
 0.06011963
 0.05889893
 0.05432129
 0.04791260
 0.04119873
 0.03356934
 0.02716064
 0.02349854
 0.02288818
 0.02532959
 0.02929688
 0.03234863
 0.03326416
 0.03112793
 0.02716064
 0.02288818
 0.01892090
 0.01464844
 0.00976563
 0.00305176
-0.00640869
-0.01892090
-0.03326416
-0.04669189
-0.05706787
-0.06256104
-0.06164551
-0.05432129
-0.04119873
-0.02441406
-0.00732422
 0.00579834
 0.01190186
 0.01037598
 0.00274658
-0.00671387
-0.01556396
-0.02197266
-0.02563477
-0.02746582
-0.02685547
-0.02563477
-0.02471924
-0.02471924
-0.02563477
-0.02593994
-0.02380371
-0.02014160
-0.01495361
-0.01007080
-0.00762939
-0.00854492
-0.01342773
-0.02136230
-0.02868652
-0.03204346
-0.03173828
-0.02777100
-0.02044678
-0.01251221
-0.00457764
 0.00274658
 0.00976563
 0.01586914
 0.02105713
 0.02441406
 0.02655029
 0.02716064
 0.02746582
 0.02777100
 0.02899170
 0.03112793
 0.03356934
 0.03601074
 0.03662109
 0.03540039
 0.03265381
 0.02838135
 0.02349854
 0.01831055
 0.01434326
 0.01098633
 0.00793457
 0.00640869
 0.00549316
 0.00549316
 0.00579834
 0.00793457
 0.01312256
 0.02044678
 0.02868652
 0.03540039
 0.03906250
 0.03814697
 0.03356934
 0.02655029
 0.02014160
 0.01525879
 0.01312256
 0.01342773
 0.01617432
 0.02105713
 0.02777100
 0.03479004
 0.04058838
 0.04486084
 0.04699707
 0.04608154
 0.04241943
 0.03692627
 0.03021240
 0.02380371
 0.01800537
 0.01342773
 0.01098633
 0.01037598
 0.01342773
 0.02075195
 0.03143311
 0.04486084
 0.05889893
 0.07171631
 0.08331299
 0.09277344
 0.09948730
 0.10162354
 0.09826660
 0.08941650
 0.07781982
 0.06500244
 0.05401611
 0.04699707
 0.04547119
 0.04913330
 0.05676270
 0.06683350
 0.07659912
 0.08392334
 0.08666992
 0.08331299
 0.07354736
 0.05950928
 0.04394531
 0.02899170
 0.01495361
 0.00091553
-0.01281738
-0.02563477
-0.03540039
-0.04089355
-0.04211426
-0.03967285
-0.03479004
-0.02990723
-0.02746582
-0.02868652
-0.03326416
-0.04272461
-0.05676270
-0.07446289
-0.09338379
-0.11047363
-0.12329102
-0.12878418
-0.12542725
-0.11352539
-0.09643555
-0.07751465
-0.06103516
-0.04791260
-0.03936768
-0.03509521
-0.03417969
-0.03570557
-0.03906250
-0.04455566
-0.05187988
-0.05920410
-0.06561279
-0.07110596
-0.07476807
-0.07354736
-0.06591797
-0.05249023
-0.03448486
-0.01373291
 0.00549316
 0.02014160
 0.02899170
 0.03204346
 0.03143311
 0.02838135
 0.02380371
 0.01800537
 0.01342773
 0.01281738
 0.01678467
 0.02410889
 0.03387451
 0.04425049
 0.05462646
 0.06408691
 0.07080078
 0.07476807
 0.07537842
 0.07171631
 0.06286621
 0.04852295
 0.02990723
 0.00946045
-0.01129150
-0.02960205
-0.04425049
-0.05371094
-0.05889893
-0.06042480
-0.06103516
-0.06134033
-0.06347656
-0.06622314
-0.06988525
-0.07415771
-0.07934570
-0.08300781
-0.08422852
-0.08422852
-0.08300781
-0.07995605
-0.07476807
-0.06713867
-0.05645752
-0.04211426
-0.02471924
-0.00518799
 0.01434326
 0.03173828
 0.04455566
 0.05065918
 0.05004883
 0.04425049
 0.03692627
 0.03082275
 0.02746582
 0.02716064
 0.02899170
 0.03326416
 0.03814697
 0.04302979
 0.04913330
 0.05554199
 0.06164551
 0.06439209
 0.06347656
 0.05767822
 0.04791260
 0.03601074
 0.02319336
 0.01068115
-0.00122070
-0.01281738
-0.02288818
-0.03143311
-0.03723145
-0.03875732
-0.03601074
-0.02807617
-0.01556396
-0.00183105
 0.01098633
 0.01983643
 0.02288818
 0.01983643
 0.01220703
 0.00274658
-0.00610352
-0.01312256
-0.01922607
-0.02319336
-0.02624512
-0.02838135
-0.02990723
-0.03051758
-0.03173828
-0.03326416
-0.03509521
-0.03631592
-0.03601074
-0.03326416
-0.02807617
-0.02166748
-0.01739502
-0.01678467
-0.02166748
-0.02990723
-0.03814697
-0.04364014
-0.04577637
-0.04425049
-0.03875732
-0.03051758
-0.02136230
-0.01251221
-0.00518799
 0.00091553
 0.00701904
 0.01434326
 0.02288818
 0.03234863
 0.04211426
 0.04974365
 0.05279541
 0.05004883
 0.04150391
 0.02929688
 0.01525879
 0.00244141
-0.00671387
-0.01007080
-0.00732422
 0.00061035
 0.01007080
 0.01861572
 0.02319336
 0.02441406
 0.02319336
 0.02105713
 0.01922607
 0.01861572
 0.01831055
 0.01708984
 0.01342773
 0.00732422
 0.00030518
-0.00518799
-0.00701904
-0.00457764
 0.00213623
 0.01281738
 0.02563477
 0.03753662
 0.04608154
 0.04882813
 0.04638672
 0.03875732
 0.02624512
 0.00976563
-0.00793457
-0.02471924
-0.03845215
-0.04821777
-0.05340576
-0.05493164
-0.05279541
-0.04882813
-0.04333496
-0.03662109
-0.02990723
-0.02349854
-0.01892090
-0.01770020
-0.02014160
-0.02655029
-0.03448486
-0.04211426
-0.04669189
-0.04669189
-0.04119873
-0.03112793
-0.01647949
 0.00152588
 0.02166748
 0.04241943
 0.06286621
 0.07995605
 0.09124756
 0.09368896
 0.08789063
 0.07537842
 0.05920410
 0.04272461
 0.02868652
 0.01861572
 0.01342773
 0.01312256
 0.01617432
 0.02166748
 0.02868652
 0.03631592
 0.04333496
 0.04791260
 0.04821777
 0.04272461
 0.03143311
 0.01403809
-0.00762939
-0.03021240
-0.05035400
-0.06530762
-0.07293701
-0.07354736
-0.06744385
-0.05493164
-0.03784180
-0.01861572
-0.00061035
 0.01281738
 0.02014160
 0.02075195
 0.01647949
 0.00885010
 0.00000000
-0.00915527
-0.01708984
-0.02288818
-0.02471924
-0.02319336
-0.01708984
-0.00488281
 0.01220703
 0.03204346
 0.05096436
 0.06530762
 0.07263184
 0.07263184
 0.06561279
 0.05249023
 0.03509521
 0.01647949
-0.00152588
-0.01739502
-0.02899170
-0.03540039
-0.03417969
-0.02593994
-0.01251221
 0.00335693
 0.01983643
 0.03387451
 0.04272461
 0.04394531
 0.03723145
 0.02563477
 0.01129150
-0.00366211
-0.01770020
-0.02899170
-0.03601074
-0.03845215
-0.03479004
-0.02502441
-0.01068115
 0.00579834
 0.02166748
 0.03417969
 0.04089355
 0.04058838
 0.03479004
 0.02410889
 0.00946045
-0.00793457
-0.02624512
-0.04241943
-0.05340576
-0.05706787
-0.05310059
-0.04211426
-0.02593994
-0.00671387
 0.01251221
 0.02899170
 0.04028320
 0.04577637
 0.04547119
 0.03997803
 0.02990723
 0.01647949
 0.00122070
-0.01373291
-0.02655029
-0.03509521
-0.03845215
-0.03570557
-0.02807617
-0.01617432
-0.00244141
 0.00976563
 0.01770020
 0.01953125
 0.01464844
 0.00396729
-0.01068115
-0.02899170
-0.04791260
-0.06500244
-0.07843018
-0.08544922
-0.08514404
-0.07690430
-0.06134033
-0.04119873
-0.01892090
 0.00213623
 0.02105713
 0.03570557
 0.04577637
 0.05035400
 0.05004883
 0.04516602
 0.03784180
 0.02990723
 0.02288818
 0.01861572
 0.01861572
 0.02349854
 0.03448486
 0.04913330
 0.06652832
 0.08270264
 0.09368896
 0.09704590
 0.09185791
 0.07934570
 0.06164551
 0.04150391
 0.02075195
 0.00030518
-0.01770020
-0.03143311
-0.04058838
-0.04455566
-0.04364014
-0.03753662
-0.02685547
-0.01373291
-0.00091553
 0.00885010
 0.01403809
 0.01312256
 0.00640869
-0.00427246
-0.01556396
-0.02532959
-0.03173828
-0.03326416
-0.02990723
-0.02166748
-0.00946045
 0.00610352
 0.02349854
 0.04089355
 0.05554199
 0.06591797
 0.07019043
 0.06896973
 0.06103516
 0.04882813
 0.03448486
 0.02075195
 0.00854492
-0.00061035
-0.00610352
-0.00793457
-0.00518799
 0.00244141
 0.01312256
 0.02441406
 0.03387451
 0.03997803
 0.04180908
 0.03997803
 0.03417969
 0.02563477
 0.01464844
 0.00305176
-0.00762939
-0.01617432
-0.02105713
-0.02166748
-0.01861572
-0.01190186
-0.00274658
 0.00732422
 0.01678467
 0.02319336
 0.02410889
 0.01861572
 0.00701904
-0.00946045
-0.02868652
-0.04882813
-0.06713867
-0.08270264
-0.09460449
-0.10101318
-0.10101318
-0.09552002
-0.08453369
-0.07141113
-0.05889893
-0.04791260
-0.03997803
-0.03387451
-0.03112793
-0.03265381
-0.03692627
-0.04302979
-0.05004883
-0.05676270
-0.06134033
-0.06225586
-0.05859375
-0.05126953
-0.04058838
-0.02899170
-0.01770020
-0.00793457
-0.00213623
-0.00122070
-0.00488281
-0.01281738
-0.02532959
-0.04028320
-0.05523682
-0.06835938
-0.07781982
-0.08178711
-0.07934570
-0.07110596
-0.05889893
-0.04516602
-0.03204346
-0.02197266
-0.01525879
-0.01159668
-0.01007080
-0.00946045
-0.01098633
-0.01495361
-0.02197266
-0.02960205
-0.03601074
-0.03936768
-0.03845215
-0.03295898
-0.02288818
-0.00976563
 0.00427246
 0.01708984
 0.02624512
 0.03051758
 0.02990723
 0.02471924
 0.01617432
 0.00518799
-0.00579834
-0.01556396
-0.02227783
-0.02502441
-0.02319336
-0.01708984
-0.00793457
 0.00274658
 0.01342773
 0.02410889
 0.03356934
 0.04119873
 0.04669189
 0.04943848
 0.04882813
 0.04425049
 0.03631592
 0.02655029
 0.01831055
 0.01434326
 0.01586914
 0.02288818
 0.03448486
 0.04913330
 0.06500244
 0.07934570
 0.09033203
 0.09582520
 0.09582520
 0.09033203
 0.08056641
 0.06774902
 0.05432129
 0.04150391
 0.03021240
 0.02136230
 0.01586914
 0.01403809
 0.01617432
 0.02105713
 0.02807617
 0.03570557
 0.04364014
 0.05035400
 0.05432129
 0.05462646
 0.05004883
 0.04089355
 0.02899170
 0.01617432
 0.00396729
-0.00579834
-0.01068115
-0.01098633
-0.00610352
 0.00244141
 0.01312256
 0.02441406
 0.03479004
 0.04180908
 0.04364014
 0.04058838
 0.03326416
 0.02288818
 0.01098633
-0.00122070
-0.01312256
-0.02349854
-0.03112793
-0.03448486
-0.03295898
-0.02685547
-0.01617432
-0.00366211
 0.00915527
 0.01922607
 0.02563477
 0.02746582
 0.02502441
 0.01953125
 0.00976563
-0.00274658
-0.01586914
-0.02746582
-0.03723145
-0.04455566
-0.04730225
-0.04577637
-0.03997803
-0.03082275
-0.02044678
-0.01098633
-0.00427246
-0.00183105
-0.00396729
-0.00915527
-0.01617432
-0.02471924
-0.03387451
-0.04333496
-0.05157471
-0.05950928
-0.06500244
-0.06713867
-0.06378174
-0.05432129
-0.03997803
-0.02319336
-0.00579834
 0.00946045
 0.02105713
 0.02685547
 0.02746582
 0.02380371
 0.01800537
 0.01190186
 0.00762939
 0.00671387
 0.00854492
 0.01251221
 0.01831055
 0.02441406
 0.03143311
 0.03906250
 0.04730225
 0.05584717
 0.06317139
 0.06713867
 0.06713867
 0.06195068
 0.05187988
 0.03875732
 0.02410889
 0.01007080
-0.00091553
-0.00671387
-0.00793457
-0.00457764
 0.00274658
 0.01251221
 0.02227783
 0.02929688
 0.03356934
 0.03448486
 0.03204346
 0.02716064
 0.01983643
 0.01098633
 0.00213623
-0.00579834
-0.01159668
-0.01464844
-0.01312256
-0.00823975
 0.00000000
 0.01129150
 0.02349854
 0.03601074
 0.04699707
 0.05432129
 0.05676270
 0.05432129
 0.04760742
 0.03875732
 0.02990723
 0.02197266
 0.01495361
 0.01007080
 0.00793457
 0.00976563
 0.01434326
 0.02136230
 0.03051758
 0.03967285
 0.04760742
 0.05249023
 0.05310059
 0.04943848
 0.04150391
 0.03051758
 0.01770020
 0.00488281
-0.00640869
-0.01525879
-0.02136230
-0.02563477
-0.02807617
-0.02899170
-0.02960205
-0.02929688
-0.02960205
-0.03051758
-0.03265381
-0.03662109
-0.04302979
-0.05187988
-0.06134033
-0.07141113
-0.07995605
-0.08605957
-0.08880615
-0.08728027
-0.08270264
-0.07598877
-0.06805420
-0.06103516
-0.05584717
-0.05310059
-0.05157471
-0.05065918
-0.05096436
-0.05218506
-0.05432129
-0.05676270
-0.05950928
-0.06195068
-0.06286621
-0.06103516
-0.05615234
-0.04821777
-0.03814697
-0.02777100
-0.01953125
-0.01373291
-0.01068115
-0.00946045
-0.01068115
-0.01403809
-0.01861572
-0.02471924
-0.03112793
-0.03692627
-0.03997803
-0.04058838
-0.03875732
-0.03417969
-0.02685547
-0.01800537
-0.01007080
-0.00396729
-0.00030518
 0.00152588
 0.00152588
 0.00061035
-0.00091553
-0.00335693
-0.00640869
-0.00976563
-0.01159668
-0.01159668
-0.00885010
-0.00366211
 0.00335693
 0.01068115
 0.01708984
 0.02105713
 0.02319336
 0.02349854
 0.02288818
 0.02105713
 0.01831055
 0.01495361
 0.01037598
 0.00640869
 0.00396729
 0.00335693
 0.00457764
 0.00732422
 0.01037598
 0.01373291
 0.01739502
 0.02105713
 0.02471924
 0.02807617
 0.03051758
 0.03234863
 0.03265381
 0.03204346
 0.03051758
 0.02746582
 0.02410889
 0.02227783
 0.02258301
 0.02502441
 0.02899170
 0.03295898
 0.03601074
 0.03753662
 0.03784180
 0.03753662
 0.03723145
 0.03631592
 0.03509521
 0.03387451
 0.03204346
 0.02929688
 0.02655029
 0.02441406
 0.02258301
 0.02075195
 0.01892090
 0.01739502
 0.01556396
 0.01220703
 0.00854492
 0.00427246
-0.00061035
-0.00518799
-0.00946045
-0.01312256
-0.01556396
-0.01586914
-0.01495361
-0.01373291
-0.01220703
-0.01068115
-0.00915527
-0.00762939
-0.00579834
-0.00518799
-0.00488281
-0.00488281
-0.00549316
-0.00549316
-0.00579834
-0.00579834
-0.00549316
-0.00518799
-0.00396729
-0.00244141
-0.00091553
 0.00000000
-0.00030518
-0.00122070
-0.00213623
-0.00274658
-0.00427246
-0.00610352
-0.00793457
-0.00854492
-0.00823975
-0.00701904
-0.00579834
-0.00427246
-0.00274658
-0.00122070
 0.00000000
 0.00122070
 0.00183105
 0.00213623
 0.00152588
-0.00030518
-0.00305176
-0.00579834
-0.00823975
-0.01007080
-0.01068115
-0.01068115
-0.00946045
-0.00823975
-0.00671387
-0.00518799
-0.00366211
-0.00244141
-0.00152588
-0.00061035
-0.00061035
-0.00122070
-0.00305176
-0.00579834
-0.00854492
-0.01007080
-0.01007080
-0.00732422
-0.00244141
 0.00427246
 0.01098633
 0.01708984
 0.02197266
 0.02593994
 0.02899170
 0.03173828
 0.03204346
 0.03082275
 0.02716064
 0.02197266
 0.01617432
 0.01007080
 0.00457764
 0.00152588
 0.00061035
 0.00274658
 0.00671387
 0.01159668
 0.01556396
 0.01770020
 0.01586914
 0.01129150
 0.00457764
-0.00427246
-0.01434326
-0.02410889
-0.03234863
-0.03845215
-0.04211426
-0.04241943
-0.04058838
-0.03540039
-0.02777100
-0.01800537
-0.00793457
 0.00183105
 0.01007080
 0.01556396
 0.01739502
 0.01556396
 0.01159668
 0.00610352
 0.00091553
-0.00244141
-0.00305176
 0.00000000
 0.00518799
 0.01251221
 0.02044678
 0.02929688
 0.03814697
 0.04638672
 0.05310059
 0.05615234
 0.05462646
 0.04943848
 0.04150391
 0.03021240
 0.01770020
 0.00610352
-0.00213623
-0.00640869
-0.00610352
-0.00213623
 0.00427246
 0.01281738
 0.02136230
 0.02746582
 0.03143311
 0.03265381
 0.03112793
 0.02685547
 0.02136230
 0.01403809
 0.00640869
-0.00091553
-0.00671387
-0.00976563
-0.00976563
-0.00732422
-0.00305176
 0.00244141
 0.00823975
 0.01312256
 0.01586914
 0.01525879
 0.01220703
 0.00732422
 0.00152588
-0.00427246
-0.00976563
-0.01403809
-0.01708984
-0.01861572
-0.01770020
-0.01464844
-0.00885010
-0.00152588
 0.00610352
 0.01220703
 0.01586914
 0.01708984
 0.01525879
 0.01068115
 0.00457764
-0.00244141
-0.00946045
-0.01556396
-0.01922607
-0.02044678
-0.01922607
-0.01617432
-0.01159668
-0.00701904
-0.00335693
-0.00152588
-0.00122070
-0.00244141
-0.00488281
-0.00946045
-0.01586914
-0.02319336
-0.03112793
-0.03814697
-0.04333496
-0.04516602
-0.04425049
-0.04028320
-0.03417969
-0.02716064
-0.02075195
-0.01586914
-0.01373291
-0.01464844
-0.01739502
-0.02105713
-0.02502441
-0.02838135
-0.03143311
-0.03417969
-0.03601074
-0.03662109
-0.03509521
-0.03204346
-0.02655029
-0.01953125
-0.01220703
-0.00579834
-0.00061035
 0.00274658
 0.00305176
 0.00122070
-0.00274658
-0.00762939
-0.01281738
-0.01678467
-0.01953125
-0.02044678
-0.01922607
-0.01647949
-0.01251221
-0.00823975
-0.00427246
-0.00061035
 0.00152588
 0.00183105
 0.00000000
-0.00244141
-0.00518799
-0.00823975
-0.01037598
-0.01190186
-0.01281738
-0.01251221
-0.01007080
-0.00549316
 0.00061035
 0.00793457
 0.01617432
 0.02349854
 0.02868652
 0.03173828
 0.03204346
 0.02990723
 0.02502441
 0.01953125
 0.01342773
 0.00854492
 0.00579834
 0.00579834
 0.00762939
 0.01037598
 0.01281738
 0.01525879
 0.01831055
 0.02075195
 0.02319336
 0.02410889
 0.02441406
 0.02349854
 0.02197266
 0.01922607
 0.01556396
 0.01190186
 0.00823975
 0.00518799
 0.00427246
 0.00518799
 0.00823975
 0.01190186
 0.01586914
 0.01922607
 0.02136230
 0.02166748
 0.02075195
 0.01922607
 0.01770020
 0.01617432
 0.01495361
 0.01434326
 0.01525879
 0.01739502
 0.01922607
 0.02044678
 0.02075195
 0.02044678
 0.01892090
 0.01678467
 0.01403809
 0.01068115
 0.00671387
 0.00091553
-0.00640869
-0.01434326
-0.02166748
-0.02746582
-0.03112793
-0.03295898
-0.03295898
-0.03173828
-0.02990723
-0.02807617
-0.02563477
-0.02410889
-0.02380371
-0.02532959
-0.02868652
-0.03295898
-0.03662109
-0.04028320
-0.04272461
-0.04364014
-0.04333496
-0.04150391
-0.03875732
-0.03540039
-0.03204346
-0.02929688
-0.02685547
-0.02502441
-0.02441406
-0.02502441
-0.02655029
-0.02838135
-0.03021240
-0.03173828
-0.03265381
-0.03173828
-0.02960205
-0.02624512
-0.02258301
-0.01861572
-0.01464844
-0.01129150
-0.00946045
-0.00885010
-0.00915527
-0.01007080
-0.01159668
-0.01342773
-0.01495361
-0.01556396
-0.01525879
-0.01373291
-0.01159668
-0.00915527
-0.00701904
-0.00488281
-0.00274658
-0.00122070
 0.00000000
 0.00061035
-0.00061035
-0.00335693
-0.00732422
-0.01129150
-0.01403809
-0.01495361
-0.01434326
-0.01129150
-0.00671387
-0.00152588
 0.00366211
 0.00854492
 0.01251221
 0.01586914
 0.01861572
 0.02075195
 0.02258301
 0.02380371
 0.02563477
 0.02838135
 0.03143311
 0.03479004
 0.03845215
 0.04241943
 0.04699707
 0.05249023
 0.05859375
 0.06469727
 0.06927490
 0.07141113
 0.07049561
 0.06744385
 0.06378174
 0.05981445
 0.05676270
 0.05462646
 0.05371094
 0.05371094
 0.05371094
 0.05401611
 0.05523682
 0.05676270
 0.05767822
 0.05828857
 0.05828857
 0.05737305
 0.05493164
 0.05126953
 0.04547119
 0.03906250
 0.03356934
 0.02960205
 0.02716064
 0.02685547
 0.02807617
 0.03021240
 0.03204346
 0.03448486
 0.03631592
 0.03753662
 0.03814697
 0.03723145
 0.03479004
 0.03112793
 0.02685547
 0.02227783
 0.01647949
 0.00946045
 0.00183105
-0.00396729
-0.00793457
-0.00915527
-0.00823975
-0.00579834
-0.00305176
-0.00183105
-0.00183105
-0.00366211
-0.00610352
-0.00976563
-0.01281738
-0.01556396
-0.01770020
-0.01983643
-0.02227783
-0.02502441
-0.02777100
-0.02990723
-0.03143311
-0.03143311
-0.02960205
-0.02624512
-0.02288818
-0.02075195
-0.02014160
-0.02166748
-0.02532959
-0.03082275
-0.03753662
-0.04364014
-0.04852295
-0.05249023
-0.05493164
-0.05645752
-0.05706787
-0.05737305
-0.05676270
-0.05462646
-0.05187988
-0.04821777
-0.04425049
-0.03967285
-0.03662109
-0.03540039
-0.03631592
-0.03906250
-0.04180908
-0.04455566
-0.04547119
-0.04455566
-0.04150391
-0.03631592
-0.03021240
-0.02410889
-0.01831055
-0.01312256
-0.00915527
-0.00671387
-0.00518799
-0.00396729
-0.00396729
-0.00427246
-0.00518799
-0.00701904
-0.00885010
-0.01037598
-0.01068115
-0.00915527
-0.00610352
-0.00183105
 0.00335693
 0.00885010
 0.01373291
 0.01739502
 0.01861572
 0.01770020
 0.01495361
 0.01129150
 0.00793457
 0.00518799
 0.00305176
 0.00305176
 0.00457764
 0.00640869
 0.00915527
 0.01220703
 0.01556396
 0.01953125
 0.02319336
 0.02655029
 0.02838135
 0.02807617
 0.02624512
 0.02349854
 0.01983643
 0.01617432
 0.01281738
 0.00976563
 0.00823975
 0.00854492
 0.01007080
 0.01159668
 0.01312256
 0.01495361
 0.01617432
 0.01708984
 0.01800537
 0.01831055
 0.01739502
 0.01586914
 0.01312256
 0.01068115
 0.00823975
 0.00671387
 0.00640869
 0.00701904
 0.00854492
 0.01037598
 0.01251221
 0.01373291
 0.01403809
 0.01312256
 0.01190186
 0.01007080
 0.00610352
 0.00091553
-0.00396729
-0.00854492
-0.01251221
-0.01556396
-0.01739502
-0.01953125
-0.02166748
-0.02319336
-0.02502441
-0.02685547
-0.02838135
-0.02960205
-0.03082275
-0.03326416
-0.03601074
-0.03906250
-0.04211426
-0.04425049
-0.04577637
-0.04638672
-0.04638672
-0.04577637
-0.04486084
-0.04333496
-0.04211426
-0.04058838
-0.03906250
-0.03662109
-0.03387451
-0.03173828
-0.03021240
-0.02960205
-0.03021240
-0.03082275
-0.03051758
-0.02929688
-0.02716064
-0.02471924
-0.02288818
-0.02075195
-0.01892090
-0.01708984
-0.01525879
-0.01251221
-0.01007080
-0.00823975
-0.00732422
-0.00701904
-0.00671387
-0.00671387
-0.00640869
-0.00549316
-0.00488281
-0.00427246
-0.00457764
-0.00488281
-0.00457764
-0.00366211
-0.00213623
-0.00030518
 0.00061035
 0.00183105
 0.00305176
 0.00366211
 0.00488281
 0.00610352
 0.00793457
 0.01007080
 0.01159668
 0.01312256
 0.01434326
 0.01495361
 0.01525879
 0.01556396
 0.01739502
 0.02014160
 0.02319336
 0.02593994
 0.02746582
 0.02868652
 0.02990723
 0.03112793
 0.03265381
 0.03417969
 0.03509521
 0.03601074
 0.03662109
 0.03723145
 0.03753662
 0.03723145
 0.03692627
 0.03753662
 0.03784180
 0.03784180
 0.03845215
 0.03967285
 0.04150391
 0.04364014
 0.04486084
 0.04516602
 0.04455566
 0.04302979
 0.04089355
 0.03814697
 0.03570557
 0.03387451
 0.03204346
 0.03021240
 0.02777100
 0.02532959
 0.02319336
 0.02105713
 0.01892090
 0.01708984
 0.01586914
 0.01525879
 0.01495361
 0.01434326
 0.01312256
 0.01098633
 0.00854492
 0.00579834
 0.00274658
 0.00000000
-0.00274658
-0.00488281
-0.00579834
-0.00610352
-0.00549316
-0.00396729
-0.00213623
-0.00030518
 0.00122070
 0.00183105
 0.00244141
 0.00274658
 0.00305176
 0.00274658
 0.00152588
-0.00091553
-0.00396729
-0.00762939
-0.01068115
-0.01159668
-0.01190186
-0.01159668
-0.01007080
-0.00762939
-0.00610352
-0.00457764
-0.00305176
-0.00183105
-0.00152588
-0.00274658
-0.00488281
-0.00885010
-0.01342773
-0.01739502
-0.02014160
-0.02105713
-0.02044678
-0.01861572
-0.01617432
-0.01312256
-0.01007080
-0.00671387
-0.00366211
-0.00030518
 0.00183105
 0.00244141
 0.00152588
-0.00061035
-0.00366211
-0.00732422
-0.01037598
-0.01251221
-0.01342773
-0.01312256
-0.01159668
-0.00976563
-0.00610352
-0.00091553
 0.00549316
 0.01098633
 0.01495361
 0.01586914
 0.01464844
 0.01129150
 0.00732422
 0.00396729
 0.00213623
 0.00152588
 0.00213623
 0.00335693
 0.00457764
 0.00640869
 0.00915527
 0.01312256
 0.01800537
 0.02258301
 0.02655029
 0.02868652
 0.02807617
 0.02563477
 0.02197266
 0.01647949
 0.01098633
 0.00579834
 0.00122070
-0.00274658
-0.00518799
-0.00640869
-0.00610352
-0.00457764
-0.00183105
 0.00061035
 0.00213623
 0.00274658
 0.00244141
 0.00183105
 0.00061035
-0.00152588
-0.00396729
-0.00732422
-0.01129150
-0.01464844
-0.01708984
-0.01831055
-0.01800537
-0.01586914
-0.01251221
-0.00915527
-0.00640869
-0.00518799
-0.00518799
-0.00671387
-0.00854492
-0.01098633
-0.01403809
-0.01678467
-0.01922607
-0.02075195
-0.02166748
-0.02258301
-0.02319336
-0.02288818
-0.02166748
-0.01983643
-0.01800537
-0.01678467
-0.01525879
-0.01403809
-0.01312256
-0.01251221
-0.01281738
-0.01403809
-0.01556396
-0.01647949
-0.01678467
-0.01678467
-0.01647949
-0.01586914
-0.01495361
-0.01464844
-0.01495361
-0.01617432
-0.01678467
-0.01708984
-0.01739502
-0.01800537
-0.01922607
-0.02136230
-0.02410889
-0.02685547
-0.02868652
-0.02990723
-0.02960205
-0.02899170
-0.02746582
-0.02593994
-0.02410889
-0.02227783
-0.02044678
-0.01831055
-0.01617432
-0.01342773
-0.01037598
-0.00762939
-0.00518799
-0.00244141
-0.00030518
 0.00122070
 0.00183105
 0.00183105
 0.00183105
 0.00213623
 0.00274658
 0.00457764
 0.00671387
 0.00946045
 0.01159668
 0.01251221
 0.01220703
 0.01098633
 0.00946045
 0.00762939
 0.00610352
 0.00579834
 0.00640869
 0.00671387
 0.00640869
 0.00549316
 0.00396729
 0.00183105
 0.00061035
 0.00061035
 0.00122070
 0.00183105
 0.00152588
 0.00122070
 0.00122070
 0.00091553
 0.00000000
-0.00030518
-0.00030518
-0.00061035
-0.00091553
 0.00000000
 0.00152588
 0.00366211
 0.00488281
 0.00488281
 0.00396729
 0.00274658
 0.00091553
-0.00091553
-0.00274658
-0.00366211
-0.00366211
-0.00366211
-0.00366211
-0.00335693
-0.00274658
-0.00183105
-0.00122070
-0.00091553
-0.00030518
 0.00061035
 0.00122070
 0.00152588
 0.00122070
 0.00122070
 0.00122070
 0.00152588
 0.00213623
 0.00305176
 0.00396729
 0.00518799
 0.00640869
 0.00793457
 0.00946045
 0.01098633
 0.01281738
 0.01403809
 0.01434326
 0.01312256
 0.01068115
 0.00793457
 0.00549316
 0.00366211
 0.00244141
 0.00152588
 0.00030518
-0.00122070
-0.00274658
-0.00366211
-0.00366211
-0.00396729
-0.00457764
-0.00488281
-0.00457764
-0.00396729
-0.00335693
-0.00244141
-0.00274658
-0.00305176
-0.00396729
-0.00457764
-0.00488281
-0.00457764
-0.00244141
 0.00152588
 0.00610352
 0.00915527
 0.01068115
 0.01068115
 0.01037598
 0.01007080
 0.01068115
 0.01129150
 0.01251221
 0.01281738
 0.01220703
 0.01129150
 0.00915527
 0.00823975
 0.00854492
 0.01007080
 0.01190186
 0.01342773
 0.01464844
 0.01525879
 0.01617432
 0.01617432
 0.01495361
 0.01403809
 0.01312256
 0.01251221
 0.01159668
 0.01068115
 0.01068115
 0.01159668
 0.01373291
 0.01647949
 0.01953125
 0.02197266
 0.02349854
 0.02410889
 0.02441406
 0.02380371
 0.02319336
 0.02197266
 0.02105713
 0.01892090
 0.01647949
 0.01464844
 0.01403809
 0.01342773
 0.01342773
 0.01342773
 0.01373291
 0.01342773
 0.01373291
 0.01312256
 0.01220703
 0.01098633
 0.00946045
 0.00701904
 0.00335693
-0.00030518
-0.00335693
-0.00549316
-0.00610352
-0.00488281
-0.00274658
 0.00061035
 0.00396729
 0.00732422
 0.01068115
 0.01281738
 0.01342773
 0.01220703
 0.01037598
 0.00762939
 0.00427246
 0.00030518
-0.00335693
-0.00671387
-0.00885010
-0.01007080
-0.00976563
-0.00915527
-0.00885010
-0.00793457
-0.00671387
-0.00579834
-0.00549316
-0.00610352
-0.00793457
-0.01129150
-0.01586914
-0.02075195
-0.02532959
-0.02838135
-0.02899170
-0.02716064
-0.02380371
-0.01983643
-0.01586914
-0.01251221
-0.00885010
-0.00579834
-0.00366211
-0.00244141
-0.00244141
-0.00305176
-0.00549316
-0.00976563
-0.01464844
-0.01892090
-0.02166748
-0.02288818
-0.02197266
-0.01800537
-0.01251221
-0.00610352
-0.00091553
 0.00274658
 0.00427246
 0.00366211
 0.00061035
-0.00396729
-0.00885010
-0.01342773
-0.01708984
-0.02014160
-0.02197266
-0.02288818
-0.02258301
-0.02044678
-0.01647949
-0.01190186
-0.00640869
 0.00000000
 0.00610352
 0.01098633
 0.01342773
 0.01251221
 0.00946045
 0.00549316
 0.00091553
-0.00335693
-0.00610352
-0.00671387
-0.00549316
-0.00305176
-0.00030518
 0.00244141
 0.00427246
 0.00549316
 0.00549316
 0.00518799
 0.00518799
 0.00488281
 0.00366211
 0.00213623
 0.00030518
-0.00183105
-0.00457764
-0.00701904
-0.00854492
-0.00732422
-0.00335693
 0.00274658
 0.01037598
 0.01708984
 0.02258301
 0.02563477
 0.02563477
 0.02349854
 0.02075195
 0.01647949
 0.01159668
 0.00701904
 0.00305176
 0.00030518
-0.00183105
-0.00305176
-0.00366211
-0.00274658
-0.00091553
 0.00091553
 0.00213623
 0.00305176
 0.00366211
 0.00335693
 0.00122070
-0.00305176
-0.00885010
-0.01525879
-0.02105713
-0.02441406
-0.02593994
-0.02471924
-0.02258301
-0.01892090
-0.01464844
-0.01068115
-0.00732422
-0.00488281
-0.00335693
-0.00335693
-0.00457764
-0.00701904
-0.01068115
-0.01525879
-0.02075195
-0.02624512
-0.03051758
-0.03234863
-0.03204346
-0.03021240
-0.02746582
-0.02380371
-0.01953125
-0.01617432
-0.01342773
-0.01159668
-0.01129150
-0.01190186
-0.01403809
-0.01708984
-0.01983643
-0.02197266
-0.02288818
-0.02319336
-0.02227783
-0.01983643
-0.01678467
-0.01312256
-0.00915527
-0.00518799
-0.00183105
 0.00000000
 0.00030518
-0.00030518
-0.00213623
-0.00518799
-0.00793457
-0.00885010
-0.00885010
-0.00793457
-0.00701904
-0.00610352
-0.00396729
-0.00244141
-0.00061035
 0.00183105
 0.00427246
 0.00671387
 0.00762939
 0.00640869
 0.00366211
 0.00061035
-0.00213623
-0.00396729
-0.00396729
-0.00213623
 0.00091553
 0.00488281
 0.00885010
 0.01251221
 0.01586914
 0.01861572
 0.02075195
 0.02166748
 0.02136230
 0.02075195
 0.01922607
 0.01708984
 0.01464844
 0.01251221
 0.01129150
 0.01159668
 0.01251221
 0.01434326
 0.01678467
 0.01983643
 0.02258301
 0.02471924
 0.02655029
 0.02716064
 0.02685547
 0.02532959
 0.02319336
 0.02044678
 0.01831055
 0.01647949
 0.01495361
 0.01373291
 0.01251221
 0.01251221
 0.01434326
 0.01739502
 0.02014160
 0.02227783
 0.02288818
 0.02258301
 0.02136230
 0.01922607
 0.01708984
 0.01464844
 0.01251221
 0.00976563
 0.00732422
 0.00427246
 0.00122070
-0.00091553
-0.00183105
-0.00183105
-0.00091553
 0.00000000
 0.00122070
 0.00122070
-0.00061035
-0.00305176
-0.00579834
-0.00823975
-0.01007080
-0.01159668
-0.01251221
-0.01403809
-0.01434326
-0.01373291
-0.01251221
-0.01129150
-0.01007080
-0.00885010
-0.00793457
-0.00701904
-0.00640869
-0.00640869
-0.00701904
-0.00854492
-0.01037598
-0.01312256
-0.01647949
-0.01922607
-0.02075195
-0.02075195
-0.01922607
-0.01617432
-0.01312256
-0.01068115
-0.00885010
-0.00823975
-0.00762939
-0.00701904
-0.00640869
-0.00579834
-0.00579834
-0.00671387
-0.00946045
-0.01220703
-0.01495361
-0.01708984
-0.01739502
-0.01647949
-0.01434326
-0.01068115
-0.00671387
-0.00335693
-0.00061035
 0.00152588
 0.00366211
 0.00640869
 0.00854492
 0.00976563
 0.00946045
 0.00885010
 0.00762939
 0.00610352
 0.00488281
 0.00366211
 0.00305176
 0.00396729
 0.00671387
 0.01037598
 0.01464844
 0.01861572
 0.02197266
 0.02471924
 0.02593994
 0.02593994
 0.02532959
 0.02410889
 0.02288818
 0.02166748
 0.02105713
 0.02014160
 0.01861572
 0.01708984
 0.01586914
 0.01586914
 0.01647949
 0.01770020
 0.01953125
 0.02105713
 0.02197266
 0.02258301
 0.02227783
 0.02075195
 0.01800537
 0.01464844
 0.01220703
 0.00976563
 0.00762939
 0.00549316
 0.00305176
 0.00152588
 0.00122070
 0.00213623
 0.00366211
 0.00518799
 0.00671387
 0.00762939
 0.00793457
 0.00762939
 0.00640869
 0.00396729
 0.00091553
-0.00305176
-0.00671387
-0.00976563
-0.01190186
-0.01281738
-0.01312256
-0.01281738
-0.01190186
-0.01068115
-0.00915527
-0.00701904
-0.00488281
-0.00335693
-0.00213623
-0.00213623
-0.00305176
-0.00549316
-0.00885010
-0.01281738
-0.01617432
-0.01892090
-0.01983643
-0.01861572
-0.01647949
-0.01434326
-0.01220703
-0.01037598
-0.00854492
-0.00732422
-0.00701904
-0.00793457
-0.00976563
-0.01312256
-0.01770020
-0.02197266
-0.02593994
-0.02899170
-0.03051758
-0.03021240
-0.02868652
-0.02624512
-0.02227783
-0.01800537
-0.01312256
-0.00823975
-0.00396729
-0.00091553
-0.00030518
-0.00122070
-0.00396729
-0.00762939
-0.01129150
-0.01373291
-0.01434326
-0.01342773
-0.01129150
-0.00793457
-0.00396729
 0.00000000
 0.00396729
 0.00732422
 0.00946045
 0.01068115
 0.01098633
 0.00976563
 0.00701904
 0.00305176
-0.00122070
-0.00549316
-0.00915527
-0.01159668
-0.01251221
-0.01098633
-0.00701904
-0.00213623
 0.00305176
 0.00762939
 0.01098633
 0.01251221
 0.01220703
 0.01007080
 0.00671387
 0.00274658
-0.00122070
-0.00457764
-0.00671387
-0.00823975
-0.00885010
-0.00823975
-0.00701904
-0.00549316
-0.00396729
-0.00213623
 0.00061035
 0.00274658
 0.00335693
 0.00152588
-0.00122070
-0.00488281
-0.00915527
-0.01312256
-0.01647949
-0.01831055
-0.01831055
-0.01708984
-0.01495361
-0.01190186
-0.00885010
-0.00549316
-0.00274658
-0.00061035
 0.00061035
 0.00091553
-0.00030518
-0.00244141
-0.00488281
-0.00762939
-0.00976563
-0.01129150
-0.01190186
-0.01129150
-0.01007080
-0.00823975
-0.00549316
-0.00244141
-0.00030518
 0.00091553
 0.00122070
 0.00000000
-0.00183105
-0.00396729
-0.00549316
-0.00762939
-0.00946045
-0.01068115
-0.01068115
-0.01007080
-0.00854492
-0.00701904
-0.00518799
-0.00366211
-0.00213623
-0.00061035
 0.00000000
 0.00061035
 0.00000000
-0.00122070
-0.00274658
-0.00366211
-0.00427246
-0.00457764
-0.00488281
-0.00427246
-0.00244141
 0.00000000
 0.00274658
 0.00549316
 0.00793457
 0.01007080
 0.01129150
 0.01098633
 0.00976563
 0.00854492
 0.00762939
 0.00640869
 0.00549316
 0.00549316
 0.00579834
 0.00610352
 0.00640869
 0.00671387
 0.00762939
 0.00946045
 0.01159668
 0.01312256
 0.01495361
 0.01617432
 0.01678467
 0.01678467
 0.01617432
 0.01586914
 0.01586914
 0.01556396
 0.01586914
 0.01556396
 0.01556396
 0.01556396
 0.01586914
 0.01617432
 0.01647949
 0.01647949
 0.01617432
 0.01556396
 0.01403809
 0.01159668
 0.00946045
 0.00762939
 0.00610352
 0.00457764
 0.00274658
 0.00091553
-0.00061035
-0.00091553
-0.00061035
-0.00030518
 0.00030518
 0.00152588
 0.00244141
 0.00244141
 0.00183105
 0.00030518
-0.00030518
-0.00061035
-0.00091553
-0.00122070
-0.00091553
-0.00030518
 0.00061035
 0.00122070
 0.00152588
 0.00122070
 0.00091553
 0.00122070
 0.00152588
 0.00122070
 0.00061035
-0.00030518
-0.00122070
-0.00183105
-0.00274658
-0.00305176
-0.00305176
-0.00244141
-0.00183105
-0.00122070
-0.00122070
-0.00091553
-0.00122070
-0.00213623
-0.00366211
-0.00549316
-0.00640869
-0.00732422
-0.00885010
-0.01007080
-0.01037598
-0.01007080
-0.00915527
-0.00885010
-0.00793457
-0.00640869
-0.00457764
-0.00335693
-0.00274658
-0.00213623
-0.00183105
-0.00183105
-0.00274658
-0.00366211
-0.00396729
-0.00366211
-0.00274658
-0.00183105
-0.00030518
 0.00091553
 0.00183105
 0.00244141
 0.00335693
 0.00549316
 0.00762939
 0.00946045
 0.01068115
 0.01098633
 0.00976563
 0.00823975
 0.00701904
 0.00640869
 0.00701904
 0.00793457
 0.00946045
 0.01159668
 0.01312256
 0.01373291
 0.01373291
 0.01312256
 0.01251221
 0.01159668
 0.01129150
 0.01068115
 0.01037598
 0.00976563
 0.00915527
 0.00854492
 0.00823975
 0.00823975
 0.00854492
 0.00915527
 0.01037598
 0.01129150
 0.01220703
 0.01251221
 0.01190186
 0.01007080
 0.00762939
 0.00457764
 0.00183105
 0.00000000
-0.00061035
-0.00061035
-0.00030518
 0.00030518
 0.00091553
 0.00122070
 0.00213623
 0.00274658
 0.00396729
 0.00488281
 0.00579834
 0.00579834
 0.00457764
 0.00244141
 0.00000000
-0.00244141
-0.00457764
-0.00579834
-0.00640869
-0.00671387
-0.00671387
-0.00640869
-0.00610352
-0.00640869
-0.00701904
-0.00793457
-0.00823975
-0.00915527
-0.01129150
-0.01373291
-0.01678467
-0.02014160
-0.02319336
-0.02563477
-0.02746582
-0.02868652
-0.02838135
-0.02685547
-0.02441406
-0.02166748
-0.01953125
-0.01800537
-0.01678467
-0.01708984
-0.01800537
-0.01892090
-0.01983643
-0.02044678
-0.02105713
-0.02105713
-0.02166748
-0.02197266
-0.02227783
-0.02227783
-0.02105713
-0.01922607
-0.01678467
-0.01464844
-0.01281738
-0.01190186
-0.01159668
-0.01251221
-0.01434326
-0.01586914
-0.01678467
-0.01708984
-0.01647949
-0.01525879
-0.01373291
-0.01190186
-0.00976563
-0.00671387
-0.00457764
-0.00274658
-0.00091553
 0.00030518
 0.00091553
 0.00122070
 0.00091553
 0.00061035
-0.00030518
-0.00122070
-0.00213623
-0.00274658
-0.00305176
-0.00244141
-0.00061035
 0.00213623
 0.00549316
 0.00854492
 0.01129150
 0.01373291
 0.01464844
 0.01403809
 0.01281738
 0.01098633
 0.00885010
 0.00701904
 0.00610352
 0.00488281
 0.00457764
 0.00488281
 0.00549316
 0.00640869
 0.00762939
 0.00946045
 0.01190186
 0.01525879
 0.01831055
 0.02014160
 0.02136230
 0.02166748
 0.02014160
 0.01770020
 0.01495361
 0.01281738
 0.01068115
 0.00915527
 0.00854492
 0.00823975
 0.00946045
 0.01129150
 0.01312256
 0.01434326
 0.01495361
 0.01434326
 0.01342773
 0.01220703
 0.01037598
 0.00854492
 0.00701904
 0.00579834
 0.00457764
 0.00366211
 0.00244141
 0.00091553
 0.00030518
 0.00091553
 0.00244141
 0.00518799
 0.00732422
 0.00854492
 0.00823975
 0.00671387
 0.00396729
 0.00091553
-0.00183105
-0.00427246
-0.00579834
-0.00701904
-0.00793457
-0.00793457
-0.00793457
-0.00823975
-0.00885010
-0.00885010
-0.00823975
-0.00793457
-0.00854492
-0.00885010
-0.00946045
-0.01037598
-0.01159668
-0.01312256
-0.01434326
-0.01525879
-0.01495361
-0.01403809
-0.01251221
-0.01037598
-0.00793457
-0.00518799
-0.00305176
-0.00152588
-0.00091553
-0.00091553
-0.00122070
-0.00152588
-0.00244141
-0.00366211
-0.00488281
-0.00579834
-0.00640869
-0.00640869
-0.00610352
-0.00549316
-0.00457764
-0.00335693
-0.00213623
-0.00122070
-0.00030518
 0.00030518
 0.00030518
 0.00030518
-0.00030518
-0.00122070
-0.00244141
-0.00274658
-0.00305176
-0.00305176
-0.00213623
-0.00122070
 0.00000000
 0.00152588
 0.00335693
 0.00518799
 0.00701904
 0.00854492
 0.00885010
 0.00823975
 0.00701904
 0.00549316
 0.00457764
 0.00457764
 0.00488281
 0.00518799
 0.00640869
 0.00762939
 0.00885010
 0.00946045
 0.01068115
 0.01159668
 0.01220703
 0.01251221
 0.01220703
 0.01159668
 0.01098633
 0.01037598
 0.00976563
 0.00946045
 0.01037598
 0.01098633
 0.01190186
 0.01251221
 0.01403809
 0.01525879
 0.01647949
 0.01739502
 0.01739502
 0.01708984
 0.01556396
 0.01373291
 0.01129150
 0.00915527
 0.00793457
 0.00701904
 0.00640869
 0.00610352
 0.00579834
 0.00549316
 0.00518799
 0.00579834
 0.00671387
 0.00701904
 0.00701904
 0.00640869
 0.00457764
 0.00244141
-0.00091553
-0.00396729
-0.00579834
-0.00640869
-0.00671387
-0.00671387
-0.00640869
-0.00549316
-0.00396729
-0.00274658
-0.00213623
-0.00152588
-0.00152588
-0.00152588
-0.00183105
-0.00305176
-0.00457764
-0.00610352
-0.00762939
-0.00976563
-0.01190186
-0.01281738
-0.01251221
-0.01129150
-0.00976563
-0.00823975
-0.00671387
-0.00579834
-0.00610352
-0.00762939
-0.01007080
-0.01220703
-0.01403809
-0.01495361
-0.01525879
-0.01495361
-0.01403809
-0.01312256
-0.01220703
-0.01220703
-0.01159668
-0.01037598
-0.00915527
-0.00793457
-0.00671387
-0.00549316
-0.00579834
-0.00701904
-0.00976563
-0.01251221
-0.01495361
-0.01678467
-0.01678467
-0.01556396
-0.01342773
-0.01037598
-0.00640869
-0.00305176
-0.00122070
-0.00061035
-0.00061035
-0.00091553
-0.00122070
-0.00122070
-0.00122070
-0.00152588
-0.00244141
-0.00305176
-0.00366211
-0.00366211
-0.00305176
-0.00213623
-0.00030518
 0.00213623
 0.00549316
 0.00793457
 0.00976563
 0.01068115
 0.01068115
 0.01007080
 0.00854492
 0.00671387
 0.00518799
 0.00457764
 0.00457764
 0.00579834
 0.00732422
 0.00915527
 0.01098633
 0.01251221
 0.01342773
 0.01373291
 0.01312256
 0.01251221
 0.01220703
 0.01190186
 0.01159668
 0.00976563
 0.00823975
 0.00610352
 0.00488281
 0.00396729
 0.00457764
 0.00610352
 0.00793457
 0.00946045
 0.01068115
 0.01220703
 0.01281738
 0.01281738
 0.01190186
 0.01068115
 0.00854492
 0.00671387
 0.00457764
 0.00305176
 0.00183105
 0.00122070
 0.00091553
 0.00091553
 0.00122070
 0.00152588
 0.00183105
 0.00152588
 0.00152588
 0.00122070
 0.00122070
 0.00000000
-0.00122070
-0.00274658
-0.00396729
-0.00518799
-0.00579834
-0.00579834
-0.00579834
-0.00518799
-0.00457764
-0.00366211
-0.00244141
-0.00244141
-0.00305176
-0.00427246
-0.00579834
-0.00823975
-0.01098633
-0.01403809
-0.01647949
-0.01739502
-0.01770020
-0.01617432
-0.01434326
-0.01251221
-0.01098633
-0.00915527
-0.00793457
-0.00701904
-0.00640869
-0.00610352
-0.00640869
-0.00701904
-0.00823975
-0.00976563
-0.01159668
-0.01373291
-0.01464844
-0.01525879
-0.01464844
-0.01251221
-0.00976563
-0.00732422
-0.00579834
-0.00549316
-0.00518799
-0.00579834
-0.00762939
-0.00976563
-0.01159668
-0.01281738
-0.01281738
-0.01251221
-0.01190186
-0.01068115
-0.00823975
-0.00549316
-0.00274658
 0.00030518
 0.00305176
 0.00579834
 0.00823975
 0.00915527
 0.00885010
 0.00671387
 0.00396729
 0.00091553
-0.00122070
-0.00305176
-0.00396729
-0.00457764
-0.00427246
-0.00305176
-0.00091553
 0.00152588
 0.00396729
 0.00579834
 0.00671387
 0.00640869
 0.00579834
 0.00488281
 0.00366211
 0.00213623
 0.00030518
-0.00152588
-0.00274658
-0.00335693
-0.00274658
-0.00091553
 0.00152588
 0.00396729
 0.00640869
 0.00885010
 0.01007080
 0.01007080
 0.00915527
 0.00793457
 0.00671387
 0.00610352
 0.00518799
 0.00427246
 0.00335693
 0.00244141
 0.00244141
 0.00244141
 0.00305176
 0.00427246
 0.00640869
 0.00823975
 0.00946045
 0.01037598
 0.01037598
 0.00946045
 0.00793457
 0.00579834
 0.00366211
 0.00183105
 0.00061035
 0.00030518
 0.00122070
 0.00213623
 0.00244141
 0.00244141
 0.00244141
 0.00183105
 0.00122070
 0.00152588
 0.00244141
 0.00335693
 0.00427246
 0.00518799
 0.00488281
 0.00366211
 0.00213623
 0.00061035
 0.00000000
 0.00030518
 0.00122070
 0.00213623
 0.00305176
 0.00274658
 0.00122070
-0.00061035
-0.00213623
-0.00274658
-0.00213623
-0.00091553
 0.00091553
 0.00183105
 0.00183105
 0.00183105
 0.00213623
 0.00183105
 0.00183105
 0.00213623
 0.00244141
 0.00366211
 0.00518799
 0.00640869
 0.00793457
 0.00976563
 0.01098633
 0.01129150
 0.01098633
 0.01068115
 0.01007080
 0.00946045
 0.00885010
 0.00793457
 0.00732422
 0.00610352
 0.00427246
 0.00274658
 0.00152588
 0.00122070
 0.00152588
 0.00213623
 0.00274658
 0.00396729
 0.00549316
 0.00640869
 0.00671387
 0.00640869
 0.00549316
 0.00427246
 0.00244141
 0.00091553
 0.00000000
-0.00061035
-0.00091553
-0.00061035
 0.00030518
 0.00152588
 0.00274658
 0.00396729
 0.00457764
 0.00457764
 0.00457764
 0.00427246
 0.00366211
 0.00305176
 0.00213623
 0.00091553
-0.00030518
-0.00183105
-0.00274658
-0.00305176
-0.00244141
-0.00122070
-0.00030518
 0.00030518
 0.00030518
 0.00030518
 0.00000000
-0.00152588
-0.00305176
-0.00427246
-0.00579834
-0.00671387
-0.00701904
-0.00701904
-0.00640869
-0.00518799
-0.00488281
-0.00457764
-0.00396729
-0.00305176
-0.00244141
-0.00305176
-0.00396729
-0.00518799
-0.00579834
-0.00579834
-0.00610352
-0.00701904
-0.00793457
-0.00885010
-0.00885010
-0.00885010
-0.00854492
-0.00732422
-0.00610352
-0.00488281
-0.00396729
-0.00335693
-0.00274658
-0.00244141
-0.00213623
-0.00183105
-0.00152588
-0.00152588
-0.00152588
-0.00152588
-0.00122070
-0.00030518
 0.00030518
 0.00061035
 0.00122070
 0.00122070
 0.00122070
 0.00152588
 0.00213623
 0.00305176
 0.00366211
 0.00427246
 0.00488281
 0.00579834
 0.00640869
 0.00671387
 0.00610352
 0.00579834
 0.00579834
 0.00518799
 0.00488281
 0.00488281
 0.00488281
 0.00488281
 0.00427246
 0.00396729
 0.00488281
 0.00579834
 0.00579834
 0.00610352
 0.00701904
 0.00793457
 0.00854492
 0.00823975
 0.00823975
 0.00762939
 0.00701904
 0.00610352
 0.00579834
 0.00610352
 0.00671387
 0.00640869
 0.00610352
 0.00579834
 0.00518799
 0.00427246
 0.00335693
 0.00305176
 0.00244141
 0.00122070
 0.00000000
-0.00122070
-0.00213623
-0.00335693
-0.00427246
-0.00457764
-0.00488281
-0.00518799
-0.00518799
-0.00549316
-0.00549316
-0.00549316
-0.00549316
-0.00610352
-0.00701904
-0.00762939
-0.00885010
-0.00976563
-0.01098633
-0.01190186
-0.01281738
-0.01281738
-0.01251221
-0.01220703
-0.01220703
-0.01251221
-0.01251221
-0.01281738
-0.01342773
-0.01373291
-0.01342773
-0.01281738
-0.01281738
-0.01342773
-0.01434326
-0.01525879
-0.01708984
-0.01922607
-0.02136230
-0.02258301
-0.02258301
-0.02197266
-0.02105713
-0.02044678
-0.01953125
-0.01831055
-0.01770020
-0.01770020
-0.01739502
-0.01739502
-0.01708984
-0.01617432
-0.01525879
-0.01464844
-0.01434326
-0.01434326
-0.01525879
-0.01586914
-0.01495361
-0.01342773
-0.01129150
-0.00915527
-0.00640869
-0.00366211
-0.00091553
 0.00061035
 0.00091553
 0.00152588
 0.00152588
 0.00061035
 0.00000000
 0.00000000
 0.00030518
 0.00030518
 0.00030518
 0.00000000
 0.00061035
 0.00152588
 0.00274658
 0.00427246
 0.00579834
 0.00732422
 0.00854492
 0.00976563
 0.01037598
 0.01098633
 0.01159668
 0.01220703
 0.01281738
 0.01342773
 0.01373291
 0.01403809
 0.01434326
 0.01464844
 0.01464844
 0.01434326
 0.01464844
 0.01556396
 0.01556396
 0.01525879
 0.01434326
 0.01312256
 0.01190186
 0.01159668
 0.01220703
 0.01312256
 0.01403809
 0.01495361
 0.01586914
 0.01647949
 0.01617432
 0.01617432
 0.01647949
 0.01770020
 0.01861572
 0.01892090
 0.01922607
 0.01892090
 0.01831055
 0.01647949
 0.01434326
 0.01281738
 0.01190186
 0.01129150
 0.01129150
 0.01159668
 0.01281738
 0.01373291
 0.01403809
 0.01464844
 0.01464844
 0.01403809
 0.01342773
 0.01251221
 0.01129150
 0.00946045
 0.00762939
 0.00610352
 0.00427246
 0.00213623
 0.00030518
-0.00183105
-0.00396729
-0.00549316
-0.00610352
-0.00610352
-0.00549316
-0.00488281
-0.00427246
-0.00396729
-0.00366211
-0.00396729
-0.00457764
-0.00518799
-0.00610352
-0.00640869
-0.00671387
-0.00610352
-0.00518799
-0.00427246
-0.00335693
-0.00305176
-0.00305176
-0.00335693
-0.00366211
-0.00427246
-0.00457764
-0.00488281
-0.00518799
-0.00549316
-0.00640869
-0.00823975
-0.00946045
-0.01037598
-0.01098633
-0.01068115
-0.01007080
-0.00915527
-0.00823975
-0.00762939
-0.00701904
-0.00640869
-0.00610352
-0.00610352
-0.00610352
-0.00610352
-0.00701904
-0.00762939
-0.00701904
-0.00610352
-0.00549316
-0.00488281
-0.00457764
-0.00396729
-0.00335693
-0.00244141
-0.00091553
 0.00030518
 0.00091553
 0.00152588
 0.00122070
 0.00061035
 0.00000000
-0.00061035
-0.00091553
-0.00091553
-0.00061035
 0.00000000
 0.00122070
 0.00274658
 0.00396729
 0.00518799
 0.00579834
 0.00701904
 0.00823975
 0.00885010
 0.00915527
 0.00946045
 0.00976563
 0.00976563
 0.01007080
 0.01007080
 0.01007080
 0.01037598
 0.00976563
 0.00946045
 0.00946045
 0.00915527
 0.00946045
 0.01037598
 0.01129150
 0.01190186
 0.01220703
 0.01220703
 0.01159668
 0.01098633
 0.01007080
 0.00946045
 0.00885010
 0.00854492
 0.00793457
 0.00762939
 0.00732422
 0.00671387
 0.00640869
 0.00579834
 0.00549316
 0.00518799
 0.00457764
 0.00457764
 0.00457764
 0.00457764
 0.00427246
 0.00427246
 0.00366211
 0.00244141
 0.00122070
 0.00061035
 0.00000000
-0.00030518
-0.00061035
-0.00061035
-0.00091553
-0.00152588
-0.00244141
-0.00335693
-0.00457764
-0.00549316
-0.00640869
-0.00762939
-0.00823975
-0.00885010
-0.00976563
-0.01068115
-0.01098633
-0.01068115
-0.01068115
-0.01068115
-0.00976563
-0.00915527
-0.00885010
-0.00915527
-0.00976563
-0.01037598
-0.01129150
-0.01251221
-0.01373291
-0.01464844
-0.01495361
-0.01556396
-0.01556396
-0.01586914
-0.01586914
-0.01586914
-0.01556396
-0.01495361
-0.01434326
-0.01403809
-0.01373291
-0.01342773
-0.01342773
-0.01403809
-0.01434326
-0.01495361
-0.01495361
-0.01556396
-0.01525879
-0.01464844
-0.01403809
-0.01342773
-0.01312256
-0.01281738
-0.01251221
-0.01220703
-0.01098633
-0.00976563
-0.00885010
-0.00854492
-0.00823975
-0.00793457
-0.00793457
-0.00732422
-0.00640869
-0.00579834
-0.00488281
-0.00366211
-0.00213623
-0.00061035
 0.00000000
 0.00000000
 0.00061035
 0.00122070
 0.00244141
 0.00396729
 0.00518799
 0.00640869
 0.00701904
 0.00701904
 0.00640869
 0.00610352
 0.00579834
 0.00640869
 0.00640869
 0.00671387
 0.00732422
 0.00732422
 0.00732422
 0.00671387
 0.00640869
 0.00610352
 0.00579834
 0.00610352
 0.00671387
 0.00732422
 0.00793457
 0.00885010
 0.00915527
 0.00915527
 0.00885010
 0.00854492
 0.00885010
 0.00946045
 0.01037598
 0.01129150
 0.01159668
 0.01159668
 0.01098633
 0.01037598
 0.00976563
 0.00915527
 0.00915527
 0.00946045
 0.00915527
 0.00823975
 0.00732422
 0.00671387
 0.00579834
 0.00518799
 0.00457764
 0.00457764
 0.00488281
 0.00518799
 0.00579834
 0.00549316
 0.00488281
 0.00427246
 0.00366211
 0.00274658
 0.00122070
 0.00030518
-0.00030518
-0.00061035
-0.00091553
-0.00152588
-0.00213623
-0.00274658
-0.00335693
-0.00396729
-0.00427246
-0.00427246
-0.00366211
-0.00305176
-0.00305176
-0.00396729
-0.00457764
-0.00579834
-0.00671387
-0.00762939
-0.00823975
-0.00823975
-0.00823975
-0.00854492
-0.00915527
-0.00915527
-0.00976563
-0.01098633
-0.01159668
-0.01098633
-0.01037598
-0.00946045
-0.00823975
-0.00762939
-0.00671387
-0.00579834
-0.00518799
-0.00427246
-0.00274658
-0.00122070
-0.00122070
-0.00152588
-0.00152588
-0.00152588
-0.00213623
-0.00305176
-0.00335693
-0.00305176
-0.00305176
-0.00305176
-0.00274658
-0.00183105
-0.00091553
 0.00030518
 0.00061035
 0.00091553
 0.00091553
 0.00000000
-0.00030518
-0.00030518
 0.00000000
 0.00000000
 0.00000000
 0.00061035
 0.00122070
 0.00183105
 0.00244141
 0.00335693
 0.00488281
 0.00640869
 0.00793457
 0.00854492
 0.00885010
 0.00885010
 0.00915527
 0.00946045
 0.00915527
 0.00915527
 0.00915527
 0.00885010
 0.00854492
 0.00854492
 0.00915527
 0.01007080
 0.01129150
 0.01220703
 0.01281738
 0.01312256
 0.01251221
 0.01159668
 0.01037598
 0.00976563
 0.00946045
 0.00976563
 0.00976563
 0.01007080
 0.01037598
 0.01068115
 0.01068115
 0.01098633
 0.01129150
 0.01129150
 0.01068115
 0.01037598
 0.01037598
 0.01037598
 0.00976563
 0.00915527
 0.00823975
 0.00762939
 0.00610352
 0.00488281
 0.00396729
 0.00366211
 0.00366211
 0.00366211
 0.00335693
 0.00305176
 0.00244141
 0.00244141
 0.00213623
 0.00152588
 0.00061035
 0.00000000
-0.00122070
-0.00213623
-0.00244141
-0.00305176
-0.00366211
-0.00457764
-0.00488281
-0.00457764
-0.00366211
-0.00244141
-0.00152588
-0.00091553
-0.00091553
-0.00091553
-0.00061035
-0.00061035
-0.00152588
-0.00244141
-0.00366211
-0.00518799
-0.00640869
-0.00732422
-0.00793457
-0.00793457
-0.00793457
-0.00701904
-0.00610352
-0.00549316
-0.00518799
-0.00518799
-0.00457764
-0.00396729
-0.00366211
-0.00366211
-0.00427246
-0.00488281
-0.00579834
-0.00610352
-0.00671387
-0.00701904
-0.00732422
-0.00671387
-0.00488281
-0.00244141
-0.00061035
 0.00091553
 0.00183105
 0.00183105
 0.00061035
-0.00061035
-0.00213623
-0.00427246
-0.00610352
-0.00671387
-0.00701904
-0.00671387
-0.00610352
-0.00549316
-0.00488281
-0.00427246
-0.00335693
-0.00213623
-0.00122070
 0.00000000
 0.00091553
 0.00152588
 0.00091553
 0.00061035
 0.00000000
-0.00091553
-0.00152588
-0.00213623
-0.00213623
-0.00122070
 0.00030518
 0.00152588
 0.00274658
 0.00396729
 0.00457764
 0.00457764
 0.00335693
 0.00152588
-0.00061035
-0.00244141
-0.00396729
-0.00518799
-0.00549316
-0.00549316
-0.00518799
-0.00488281
-0.00335693
-0.00152588
-0.00030518
 0.00030518
 0.00061035
 0.00091553
 0.00030518
-0.00122070
-0.00335693
-0.00518799
-0.00732422
-0.00885010
-0.01007080
-0.01037598
-0.01037598
-0.00976563
-0.00915527
-0.00732422
-0.00488281
-0.00274658
-0.00183105
-0.00213623
-0.00366211
-0.00457764
-0.00579834
-0.00732422
-0.00854492
-0.00915527
-0.00885010
-0.00823975
-0.00793457
-0.00823975
-0.00823975
-0.00762939
-0.00671387
-0.00549316
-0.00488281
-0.00549316
-0.00579834
-0.00610352
-0.00671387
-0.00762939
-0.00854492
-0.00915527
-0.00885010
-0.00823975
-0.00701904
-0.00518799
-0.00244141
 0.00000000
 0.00152588
 0.00244141
 0.00213623
 0.00061035
-0.00122070
-0.00274658
-0.00457764
-0.00518799
-0.00549316
-0.00549316
-0.00549316
-0.00457764
-0.00366211
-0.00213623
-0.00061035
 0.00122070
 0.00305176
 0.00457764
 0.00518799
 0.00518799
 0.00457764
 0.00427246
 0.00274658
 0.00061035
-0.00122070
-0.00244141
-0.00244141
-0.00061035
 0.00091553
 0.00305176
 0.00549316
 0.00762939
 0.00946045
 0.01068115
 0.01068115
 0.01037598
 0.00976563
 0.00946045
 0.00915527
 0.00854492
 0.00762939
 0.00671387
 0.00518799
 0.00427246
 0.00427246
 0.00518799
 0.00671387
 0.00793457
 0.00854492
 0.00885010
 0.00823975
 0.00701904
 0.00549316
 0.00396729
 0.00244141
 0.00030518
-0.00091553
-0.00183105
-0.00213623
-0.00122070
 0.00000000
 0.00152588
 0.00274658
 0.00335693
 0.00335693
 0.00335693
 0.00335693
 0.00305176
 0.00244141
 0.00183105
 0.00061035
-0.00061035
-0.00183105
-0.00274658
-0.00335693
-0.00305176
-0.00213623
-0.00091553
 0.00030518
 0.00091553
 0.00061035
 0.00000000
-0.00061035
-0.00152588
-0.00183105
-0.00244141
-0.00274658
-0.00366211
-0.00488281
-0.00549316
-0.00518799
-0.00396729
-0.00244141
-0.00091553
 0.00091553
 0.00244141
 0.00366211
 0.00457764
 0.00427246
 0.00366211
 0.00274658
 0.00152588
 0.00000000
-0.00122070
-0.00152588
-0.00213623
-0.00183105
-0.00122070
 0.00000000
 0.00122070
 0.00244141
 0.00335693
 0.00427246
 0.00488281
 0.00518799
 0.00549316
 0.00549316
 0.00518799
 0.00457764
 0.00335693
 0.00244141
 0.00213623
 0.00244141
 0.00305176
 0.00366211
 0.00488281
 0.00610352
 0.00671387
 0.00671387
 0.00671387
 0.00610352
 0.00610352
 0.00579834
 0.00549316
 0.00579834
 0.00579834
 0.00701904
 0.00823975
 0.00976563
 0.01159668
 0.01281738
 0.01464844
 0.01617432
 0.01678467
 0.01678467
 0.01647949
 0.01556396
 0.01403809
 0.01159668
 0.00915527
 0.00701904
 0.00579834
 0.00488281
 0.00488281
 0.00549316
 0.00671387
 0.00762939
 0.00854492
 0.00915527
 0.00885010
 0.00854492
 0.00823975
 0.00701904
 0.00610352
 0.00457764
 0.00305176
 0.00152588
 0.00091553
 0.00061035
 0.00061035
 0.00122070
 0.00213623
 0.00335693
 0.00427246
 0.00488281
 0.00518799
 0.00549316
 0.00549316
 0.00457764
 0.00274658
 0.00091553
-0.00091553
-0.00335693
-0.00579834
-0.00793457
-0.00854492
-0.00854492
-0.00854492
-0.00854492
-0.00762939
-0.00640869
-0.00579834
-0.00549316
-0.00549316
-0.00579834
-0.00640869
-0.00762939
-0.00915527
-0.01007080
-0.01068115
-0.01159668
-0.01190186
-0.01220703
-0.01220703
-0.01159668
-0.01098633
-0.01037598
-0.00976563
-0.00854492
-0.00793457
-0.00823975
-0.00946045
-0.01037598
-0.01159668
-0.01281738
-0.01403809
-0.01464844
-0.01495361
-0.01434326
-0.01403809
-0.01373291
-0.01281738
-0.01159668
-0.01068115
-0.00976563
-0.00946045
-0.00915527
-0.00854492
-0.00793457
-0.00823975
-0.00915527
-0.00976563
-0.01037598
-0.01098633
-0.01159668
-0.01159668
-0.01098633
-0.00976563
-0.00854492
-0.00732422
-0.00640869
-0.00549316
-0.00427246
-0.00335693
-0.00305176
-0.00335693
-0.00396729
-0.00488281
-0.00488281
-0.00457764
-0.00396729
-0.00335693
-0.00244141
-0.00122070
-0.00030518
 0.00061035
 0.00152588
 0.00183105
 0.00274658
 0.00335693
 0.00366211
 0.00396729
 0.00366211
 0.00274658
 0.00213623
 0.00091553
 0.00030518
 0.00030518
 0.00061035
 0.00122070
 0.00244141
 0.00335693
 0.00427246
 0.00488281
 0.00518799
 0.00518799
 0.00457764
 0.00396729
 0.00396729
 0.00396729
 0.00396729
 0.00366211
 0.00335693
 0.00244141
 0.00122070
 0.00091553
 0.00061035
 0.00061035
 0.00091553
 0.00152588
 0.00152588
 0.00122070
 0.00061035
 0.00030518
 0.00061035
 0.00091553
 0.00091553
 0.00091553
 0.00183105
 0.00274658
 0.00305176
 0.00213623
 0.00122070
 0.00091553
 0.00061035
-0.00061035
-0.00183105
-0.00274658
-0.00274658
-0.00244141
-0.00213623
-0.00152588
-0.00122070
-0.00061035
-0.00061035
-0.00091553
-0.00122070
-0.00152588
-0.00152588
-0.00183105
-0.00305176
-0.00396729
-0.00488281
-0.00610352
-0.00671387
-0.00732422
-0.00701904
-0.00579834
-0.00427246
-0.00335693
-0.00305176
-0.00244141
-0.00213623
-0.00213623
-0.00183105
-0.00213623
-0.00244141
-0.00274658
-0.00366211
-0.00427246
-0.00457764
-0.00396729
-0.00335693
-0.00274658
-0.00183105
-0.00091553
 0.00030518
 0.00122070
 0.00183105
 0.00213623
 0.00183105
 0.00152588
 0.00061035
-0.00030518
-0.00061035
-0.00091553
-0.00061035
 0.00030518
 0.00122070
 0.00213623
 0.00305176
 0.00427246
 0.00549316
 0.00610352
 0.00671387
 0.00762939
 0.00793457
 0.00762939
 0.00671387
 0.00579834
 0.00549316
 0.00488281
 0.00457764
 0.00457764
 0.00549316
 0.00640869
 0.00762939
 0.00854492
 0.00915527
 0.00976563
 0.01007080
 0.00976563
 0.00915527
 0.00793457
 0.00701904
 0.00610352
 0.00549316
 0.00457764
 0.00366211
 0.00335693
 0.00366211
 0.00396729
 0.00457764
 0.00549316
 0.00640869
 0.00762939
 0.00854492
 0.00885010
 0.00854492
 0.00823975
 0.00762939
 0.00732422
 0.00671387
 0.00610352
 0.00610352
 0.00640869
 0.00732422
 0.00823975
 0.00885010
 0.00885010
 0.00885010
 0.00885010
 0.00885010
 0.00793457
 0.00671387
 0.00549316
 0.00396729
 0.00305176
 0.00244141
 0.00213623
 0.00183105
 0.00122070
 0.00152588
 0.00183105
 0.00274658
 0.00335693
 0.00366211
 0.00305176
 0.00244141
 0.00183105
 0.00030518
-0.00152588
-0.00335693
-0.00457764
-0.00488281
-0.00427246
-0.00335693
-0.00183105
-0.00061035
 0.00030518
 0.00061035
 0.00030518
 0.00091553
 0.00122070
 0.00152588
 0.00122070
 0.00061035
-0.00030518
-0.00152588
-0.00244141
-0.00335693
-0.00427246
-0.00427246
-0.00396729
-0.00366211
-0.00244141
-0.00152588
-0.00061035
-0.00061035
-0.00122070
-0.00213623
-0.00366211
-0.00488281
-0.00549316
-0.00518799
-0.00488281
-0.00396729
-0.00366211
-0.00274658
-0.00213623
-0.00183105
-0.00152588
-0.00091553
-0.00030518
 0.00000000
 0.00000000
-0.00061035
-0.00091553
-0.00244141
-0.00335693
-0.00366211
-0.00335693
-0.00274658
-0.00213623
-0.00122070
 0.00000000
 0.00091553
 0.00091553
 0.00061035
 0.00030518
-0.00030518
-0.00091553
-0.00183105
-0.00213623
-0.00244141
-0.00335693
-0.00366211
-0.00396729
-0.00396729
-0.00396729
-0.00305176
-0.00213623
-0.00091553
-0.00030518
 0.00000000
 0.00000000
 0.00030518
 0.00030518
-0.00030518
-0.00091553
-0.00152588
-0.00244141
-0.00274658
-0.00305176
-0.00335693
-0.00305176
-0.00274658
-0.00244141
-0.00213623
-0.00152588
-0.00122070
-0.00091553
-0.00061035
-0.00061035
-0.00152588
-0.00213623
-0.00244141
-0.00305176
-0.00366211
-0.00427246
-0.00488281
-0.00488281
-0.00457764
-0.00427246
-0.00366211
-0.00396729
-0.00457764
-0.00488281
-0.00518799
-0.00518799
-0.00457764
-0.00427246
-0.00427246
-0.00457764
-0.00488281
-0.00488281
-0.00518799
-0.00549316
-0.00488281
-0.00427246
-0.00427246
-0.00427246
-0.00488281
-0.00579834
-0.00610352
-0.00579834
-0.00549316
-0.00549316
-0.00549316
-0.00549316
-0.00549316
-0.00579834
-0.00579834
-0.00549316
-0.00488281
-0.00488281
-0.00488281
-0.00518799
-0.00518799
-0.00457764
-0.00427246
-0.00366211
-0.00305176
-0.00274658
-0.00274658
-0.00305176
-0.00274658
-0.00274658
-0.00305176
-0.00274658
-0.00213623
-0.00091553
-0.00061035
 0.00000000
 0.00091553
 0.00122070
 0.00091553
 0.00030518
 0.00000000
 0.00000000
 0.00000000
-0.00030518
-0.00030518
 0.00000000
 0.00000000
 0.00061035
 0.00061035
 0.00030518
 0.00061035
 0.00183105
 0.00274658
 0.00396729
 0.00518799
 0.00579834
 0.00640869
 0.00671387
 0.00610352
 0.00549316
 0.00549316
 0.00579834
 0.00579834
 0.00579834
 0.00610352
 0.00640869
 0.00610352
 0.00549316
 0.00579834
 0.00549316
 0.00518799
 0.00488281
 0.00518799
 0.00579834
 0.00610352
 0.00610352
 0.00549316
 0.00518799
 0.00457764
 0.00396729
 0.00335693
 0.00274658
 0.00244141
 0.00213623
 0.00213623
 0.00183105
 0.00091553
 0.00030518
 0.00030518
 0.00000000
 0.00030518
 0.00030518
 0.00000000
-0.00030518
-0.00091553
-0.00061035
-0.00061035
-0.00091553
-0.00122070
-0.00152588
-0.00183105
-0.00183105
-0.00244141
-0.00305176
-0.00335693
-0.00335693
-0.00335693
-0.00366211
-0.00366211
-0.00335693
-0.00305176
-0.00244141
-0.00183105
-0.00213623
-0.00213623
-0.00213623
-0.00213623
-0.00183105
-0.00152588
-0.00091553
-0.00091553
-0.00122070
-0.00183105
-0.00244141
-0.00335693
-0.00457764
-0.00518799
-0.00488281
-0.00396729
-0.00305176
-0.00244141
-0.00213623
-0.00213623
-0.00244141
-0.00213623
-0.00152588
-0.00091553
-0.00061035
-0.00091553
-0.00091553
-0.00152588
-0.00183105
-0.00213623
-0.00183105
-0.00183105
-0.00152588
-0.00061035
 0.00091553
 0.00274658
 0.00396729
 0.00549316
 0.00701904
 0.00762939
 0.00732422
 0.00671387
 0.00610352
 0.00518799
 0.00457764
 0.00366211
 0.00335693
 0.00305176
 0.00305176
 0.00396729
 0.00518799
 0.00732422
 0.00885010
 0.00976563
 0.01068115
 0.01129150
 0.01159668
 0.01190186
 0.01159668
 0.01068115
 0.00976563
 0.00793457
 0.00610352
 0.00488281
 0.00457764
 0.00427246
 0.00488281
 0.00610352
 0.00732422
 0.00854492
 0.01007080
 0.01129150
 0.01159668
 0.01098633
 0.01068115
 0.01007080
 0.00885010
 0.00732422
 0.00640869
 0.00518799
 0.00427246
 0.00335693
 0.00305176
 0.00274658
 0.00305176
 0.00366211
 0.00427246
 0.00518799
 0.00549316
 0.00579834
 0.00518799
 0.00396729
 0.00274658
 0.00122070
-0.00122070
-0.00335693
-0.00457764
-0.00518799
-0.00518799
-0.00518799
-0.00427246
-0.00366211
-0.00335693
-0.00335693
-0.00335693
-0.00366211
-0.00366211
-0.00366211
-0.00396729
-0.00457764
-0.00518799
-0.00579834
-0.00640869
-0.00732422
-0.00762939
-0.00701904
-0.00610352
-0.00457764
-0.00335693
-0.00244141
-0.00244141
-0.00305176
-0.00335693
-0.00427246
-0.00549316
-0.00762939
-0.00976563
-0.01159668
-0.01251221
-0.01373291
-0.01403809
-0.01373291
-0.01251221
-0.01129150
-0.00946045
-0.00701904
-0.00457764
-0.00213623
-0.00061035
-0.00061035
-0.00152588
-0.00305176
-0.00488281
-0.00671387
-0.00885010
-0.00976563
-0.00976563
-0.00915527
-0.00823975
-0.00671387
-0.00518799
-0.00366211
-0.00274658
-0.00183105
-0.00091553
-0.00030518
-0.00030518
-0.00061035
-0.00183105
-0.00305176
-0.00457764
-0.00518799
-0.00518799
-0.00427246
-0.00305176
-0.00122070
 0.00091553
 0.00244141
 0.00396729
 0.00549316
 0.00640869
 0.00671387
 0.00671387
 0.00671387
 0.00579834
 0.00427246
 0.00274658
 0.00152588
 0.00091553
 0.00091553
 0.00122070
 0.00213623
 0.00366211
 0.00640869
 0.00854492
 0.00946045
 0.00946045
 0.00885010
 0.00793457
 0.00610352
 0.00396729
 0.00213623
 0.00061035
-0.00091553
-0.00213623
-0.00305176
-0.00305176
-0.00274658
-0.00152588
-0.00061035
 0.00091553
 0.00244141
 0.00366211
 0.00396729
 0.00396729
 0.00305176
 0.00152588
-0.00030518
-0.00183105
-0.00366211
-0.00457764
-0.00457764
-0.00457764
-0.00396729
-0.00305176
-0.00183105
-0.00030518
 0.00122070
 0.00213623
 0.00244141
 0.00183105
 0.00122070
-0.00030518
-0.00183105
-0.00305176
-0.00457764
-0.00640869
-0.00762939
-0.00854492
-0.00854492
-0.00793457
-0.00671387
-0.00549316
-0.00457764
-0.00427246
-0.00427246
-0.00427246
-0.00488281
-0.00579834
-0.00640869
-0.00732422
-0.00762939
-0.00732422
-0.00732422
-0.00701904
-0.00701904
-0.00640869
-0.00579834
-0.00549316
-0.00549316
-0.00488281
-0.00396729
-0.00335693
-0.00366211
-0.00427246
-0.00488281
-0.00579834
-0.00610352
-0.00671387
-0.00701904
-0.00671387
-0.00610352
-0.00488281
-0.00305176
-0.00122070
-0.00061035
 0.00000000
 0.00061035
 0.00122070
 0.00183105
 0.00213623
 0.00274658
 0.00335693
 0.00305176
 0.00244141
 0.00183105
 0.00183105
 0.00213623
 0.00274658
 0.00366211
 0.00427246
 0.00488281
 0.00518799
 0.00518799
 0.00488281
 0.00488281
 0.00457764
 0.00488281
 0.00518799
 0.00457764
 0.00457764
 0.00427246
 0.00427246
 0.00488281
 0.00549316
 0.00610352
 0.00640869
 0.00671387
 0.00640869
 0.00610352
 0.00640869
 0.00701904
 0.00793457
 0.00885010
 0.00946045
 0.00915527
 0.00885010
 0.00885010
 0.00854492
 0.00854492
 0.00823975
 0.00823975
 0.00793457
 0.00762939
 0.00671387
 0.00610352
 0.00640869
 0.00640869
 0.00610352
 0.00579834
 0.00549316
 0.00549316
 0.00549316
 0.00488281
 0.00427246
 0.00427246
 0.00396729
 0.00366211
 0.00305176
 0.00183105
 0.00091553
 0.00030518
 0.00000000
-0.00030518
-0.00061035
-0.00091553
-0.00122070
-0.00091553
-0.00030518
 0.00030518
 0.00061035
 0.00122070
 0.00183105
 0.00183105
 0.00091553
 0.00000000
-0.00183105
-0.00335693
-0.00457764
-0.00549316
-0.00610352
-0.00640869
-0.00671387
-0.00701904
-0.00579834
-0.00457764
-0.00305176
-0.00152588
 0.00000000
 0.00061035
 0.00091553
 0.00061035
 0.00000000
-0.00122070
-0.00213623
-0.00335693
-0.00427246
-0.00518799
-0.00610352
-0.00671387
-0.00640869
-0.00488281
-0.00366211
-0.00305176
-0.00213623
-0.00152588
-0.00122070
-0.00091553
-0.00061035
-0.00091553
-0.00183105
-0.00305176
-0.00366211
-0.00396729
-0.00427246
-0.00427246
-0.00396729
-0.00366211
-0.00244141
-0.00091553
 0.00030518
 0.00091553
 0.00152588
 0.00152588
 0.00122070
 0.00061035
 0.00000000
-0.00061035
-0.00091553
-0.00091553
-0.00091553
-0.00091553
 0.00000000
 0.00091553
 0.00244141
 0.00396729
 0.00488281
 0.00579834
 0.00671387
 0.00732422
 0.00732422
 0.00671387
 0.00610352
 0.00488281
 0.00335693
 0.00213623
 0.00152588
 0.00091553
 0.00091553
 0.00183105
 0.00274658
 0.00366211
 0.00457764
 0.00549316
 0.00640869
 0.00701904
 0.00701904
 0.00610352
 0.00488281
 0.00305176
 0.00183105
 0.00030518
-0.00061035
-0.00152588
-0.00244141
-0.00213623
-0.00152588
-0.00061035
 0.00061035
 0.00213623
 0.00396729
 0.00518799
 0.00610352
 0.00610352
 0.00549316
 0.00488281
 0.00335693
 0.00152588
 0.00030518
-0.00091553
-0.00183105
-0.00244141
-0.00244141
-0.00213623
-0.00183105
-0.00213623
-0.00152588
-0.00122070
-0.00122070
-0.00152588
-0.00152588
-0.00152588
-0.00183105
-0.00244141
-0.00335693
-0.00427246
-0.00549316
-0.00701904
-0.00793457
-0.00762939
-0.00671387
-0.00549316
-0.00488281
-0.00427246
-0.00366211
-0.00366211
-0.00366211
-0.00396729
-0.00457764
-0.00457764
-0.00396729
-0.00366211
-0.00335693
-0.00335693
-0.00335693
-0.00366211
-0.00488281
-0.00579834
-0.00610352
-0.00640869
-0.00579834
-0.00518799
-0.00518799
-0.00549316
-0.00549316
-0.00518799
-0.00549316
-0.00610352
-0.00701904
-0.00732422
-0.00732422
-0.00762939
-0.00732422
-0.00732422
-0.00732422
-0.00671387
-0.00610352
-0.00549316
-0.00488281
-0.00396729
-0.00335693
-0.00274658
-0.00213623
-0.00183105
-0.00152588
-0.00091553
-0.00061035
-0.00061035
-0.00091553
-0.00091553
-0.00030518
 0.00000000
 0.00000000
 0.00030518
 0.00091553
 0.00213623
 0.00305176
 0.00305176
 0.00244141
 0.00152588
 0.00061035
 0.00000000
-0.00030518
-0.00030518
 0.00030518
 0.00061035
 0.00061035
 0.00122070
 0.00213623
 0.00335693
 0.00396729
 0.00457764
 0.00549316
 0.00640869
 0.00671387
 0.00701904
 0.00732422
 0.00671387
 0.00579834
 0.00427246
 0.00274658
 0.00213623
 0.00152588
 0.00183105
 0.00183105
 0.00183105
 0.00183105
 0.00213623
 0.00305176
 0.00305176
 0.00244141
 0.00213623
 0.00244141
 0.00244141
 0.00244141
 0.00183105
 0.00091553
 0.00030518
-0.00030518
 0.00000000
 0.00000000
 0.00030518
 0.00061035
 0.00152588
 0.00244141
 0.00305176
 0.00366211
 0.00396729
 0.00427246
 0.00396729
 0.00366211
 0.00305176
 0.00244141
 0.00183105
 0.00152588
 0.00091553
 0.00000000
-0.00061035
-0.00091553
-0.00061035
-0.00030518
-0.00061035
-0.00061035
-0.00030518
 0.00030518
-0.00030518
-0.00122070
-0.00213623
-0.00274658
-0.00274658
-0.00305176
-0.00335693
-0.00305176
-0.00274658
-0.00274658
-0.00274658
-0.00244141
-0.00213623
-0.00213623
-0.00244141
-0.00244141
-0.00183105
-0.00091553
-0.00030518
 0.00000000
 0.00061035
 0.00091553
 0.00152588
 0.00183105
 0.00152588
 0.00061035
 0.00000000
-0.00061035
-0.00122070
-0.00244141
-0.00335693
-0.00366211
-0.00396729
-0.00366211
-0.00335693
-0.00274658
-0.00183105
-0.00061035
 0.00061035
 0.00213623
 0.00335693
 0.00335693
 0.00305176
 0.00274658
 0.00244141
 0.00183105
 0.00152588
 0.00122070
 0.00091553
 0.00091553
 0.00091553
 0.00213623
 0.00305176
 0.00366211
 0.00427246
 0.00549316
 0.00610352
 0.00579834
 0.00579834
 0.00579834
 0.00579834
 0.00549316
 0.00457764
 0.00335693
 0.00213623
 0.00122070
 0.00030518
 0.00000000
 0.00000000
 0.00091553
 0.00152588
 0.00213623
 0.00305176
 0.00305176
 0.00244141
 0.00213623
 0.00213623
 0.00152588
 0.00061035
 0.00000000
-0.00061035
-0.00091553
-0.00122070
-0.00152588
-0.00122070
-0.00061035
-0.00030518
 0.00061035
 0.00122070
 0.00183105
 0.00244141
 0.00244141
 0.00244141
 0.00213623
 0.00152588
 0.00030518
-0.00091553
-0.00244141
-0.00305176
-0.00335693
-0.00335693
-0.00305176
-0.00183105
 0.00000000
 0.00091553
 0.00122070
 0.00183105
 0.00183105
 0.00152588
 0.00091553
 0.00000000
-0.00061035
-0.00091553
-0.00122070
-0.00152588
-0.00213623
-0.00244141
-0.00244141
-0.00183105
-0.00122070
-0.00061035
 0.00000000
 0.00061035
 0.00152588
 0.00183105
 0.00122070
-0.00030518
-0.00213623
-0.00427246
-0.00549316
-0.00640869
-0.00701904
-0.00701904
-0.00610352
-0.00518799
-0.00396729
-0.00274658
-0.00183105
-0.00122070
-0.00030518
 0.00030518
 0.00091553
 0.00122070
 0.00091553
 0.00030518
-0.00030518
-0.00122070
-0.00152588
-0.00061035
 0.00030518
 0.00152588
 0.00274658
 0.00396729
 0.00518799
 0.00640869
 0.00732422
 0.00671387
 0.00549316
 0.00366211
 0.00274658
 0.00152588
 0.00000000
-0.00122070
-0.00183105
-0.00183105
-0.00091553
 0.00030518
 0.00122070
 0.00244141
 0.00305176
 0.00366211
 0.00396729
 0.00366211
 0.00305176
 0.00213623
 0.00091553
-0.00091553
-0.00213623
-0.00305176
-0.00274658
-0.00244141
-0.00183105
-0.00122070
 0.00000000
 0.00122070
 0.00244141
 0.00366211
 0.00427246
 0.00457764
 0.00427246
 0.00305176
 0.00122070
 0.00000000
-0.00152588
-0.00274658
-0.00305176
-0.00305176
-0.00305176
-0.00335693
-0.00305176
-0.00183105
-0.00061035
 0.00000000
 0.00030518
 0.00000000
-0.00091553
-0.00213623
-0.00305176
-0.00427246
-0.00579834
-0.00732422
-0.00762939
-0.00671387
-0.00549316
-0.00396729
-0.00335693
-0.00213623
-0.00061035
 0.00030518
 0.00091553
 0.00061035
-0.00061035
-0.00244141
-0.00427246
-0.00549316
-0.00640869
-0.00701904
-0.00793457
-0.00946045
-0.01037598
-0.00976563
-0.00823975
-0.00640869
-0.00457764
-0.00305176
-0.00183105
-0.00152588
-0.00183105
-0.00244141
-0.00335693
-0.00457764
-0.00549316
-0.00579834
-0.00610352
-0.00610352
-0.00549316
-0.00427246
-0.00244141
-0.00061035
 0.00122070
 0.00274658
 0.00427246
 0.00457764
 0.00396729
 0.00244141
 0.00091553
-0.00061035
-0.00183105
-0.00305176
-0.00396729
-0.00457764
-0.00457764
-0.00366211
-0.00213623
-0.00030518
 0.00122070
 0.00274658
 0.00396729
 0.00457764
 0.00518799
 0.00488281
 0.00427246
 0.00305176
 0.00183105
 0.00030518
-0.00122070
-0.00213623
-0.00213623
-0.00152588
 0.00030518
 0.00305176
 0.00579834
 0.00793457
 0.00976563
 0.01068115
 0.01068115
 0.01007080
 0.00946045
 0.00793457
 0.00610352
 0.00366211
 0.00183105
 0.00030518
-0.00061035
-0.00091553
-0.00061035
 0.00091553
 0.00274658
 0.00457764
 0.00640869
 0.00762939
 0.00823975
 0.00762939
 0.00640869
 0.00488281
 0.00244141
-0.00030518
-0.00274658
-0.00396729
-0.00427246
-0.00396729
-0.00274658
-0.00122070
 0.00061035
 0.00213623
 0.00366211
 0.00488281
 0.00579834
 0.00549316
 0.00457764
 0.00305176
 0.00122070
-0.00122070
-0.00366211
-0.00610352
-0.00732422
-0.00762939
-0.00762939
-0.00671387
-0.00518799
-0.00335693
-0.00152588
 0.00030518
 0.00213623
 0.00274658
 0.00213623
 0.00061035
-0.00122070
-0.00305176
-0.00549316
-0.00762939
-0.00854492
-0.00854492
-0.00793457
-0.00671387
-0.00518799
-0.00366211
-0.00183105
 0.00030518
 0.00122070
 0.00213623
 0.00244141
 0.00213623
 0.00183105
 0.00061035
-0.00122070
-0.00335693
-0.00488281
-0.00579834
-0.00610352
-0.00579834
-0.00488281
-0.00335693
-0.00152588
 0.00000000
 0.00152588
 0.00274658
 0.00335693
 0.00305176
 0.00274658
 0.00213623
 0.00091553
 0.00030518
-0.00030518
-0.00091553
-0.00091553
-0.00122070
-0.00091553
-0.00030518
 0.00091553
 0.00244141
 0.00457764
 0.00640869
 0.00732422
 0.00701904
 0.00640869
 0.00549316
 0.00518799
 0.00457764
 0.00366211
 0.00274658
 0.00183105
 0.00152588
 0.00183105
 0.00274658
 0.00366211
 0.00457764
 0.00549316
 0.00579834
 0.00640869
 0.00640869
 0.00610352
 0.00579834
 0.00518799
 0.00396729
 0.00305176
 0.00274658
 0.00244141
 0.00183105
 0.00183105
 0.00274658
 0.00366211
 0.00427246
 0.00549316
 0.00579834
 0.00579834
 0.00579834
 0.00549316
 0.00457764
 0.00366211
 0.00213623
 0.00091553
 0.00030518
-0.00030518
-0.00061035
-0.00061035
 0.00000000
 0.00061035
 0.00152588
 0.00183105
 0.00122070
 0.00030518
-0.00030518
-0.00091553
-0.00183105
-0.00274658
-0.00396729
-0.00488281
-0.00579834
-0.00640869
-0.00732422
-0.00762939
-0.00701904
-0.00640869
-0.00579834
-0.00427246
-0.00274658
-0.00152588
-0.00122070
-0.00122070
-0.00183105
-0.00274658
-0.00396729
-0.00518799
-0.00610352
-0.00640869
-0.00701904
-0.00732422
-0.00671387
-0.00579834
-0.00488281
-0.00396729
-0.00274658
-0.00183105
-0.00152588
-0.00152588
-0.00152588
-0.00213623
-0.00274658
-0.00335693
-0.00396729
-0.00457764
-0.00488281
-0.00488281
-0.00518799
-0.00518799
-0.00488281
-0.00427246
-0.00396729
-0.00366211
-0.00335693
-0.00274658
-0.00274658
-0.00274658
-0.00305176
-0.00305176
-0.00305176
-0.00335693
-0.00396729
-0.00366211
-0.00274658
-0.00152588
-0.00061035
 0.00061035
 0.00122070
 0.00152588
 0.00183105
 0.00213623
 0.00213623
 0.00213623
 0.00213623
 0.00152588
 0.00122070
 0.00091553
 0.00122070
 0.00122070
 0.00152588
 0.00183105
 0.00244141
 0.00305176
 0.00335693
 0.00427246
 0.00488281
 0.00518799
 0.00518799
 0.00518799
 0.00457764
 0.00457764
 0.00457764
 0.00488281
 0.00457764
 0.00396729
 0.00396729
 0.00396729
 0.00457764
 0.00457764
 0.00457764
 0.00488281
 0.00488281
 0.00488281
 0.00427246
 0.00366211
 0.00305176
 0.00274658
 0.00244141
 0.00183105
 0.00122070
 0.00030518
-0.00061035
-0.00091553
-0.00091553
-0.00122070
-0.00122070
-0.00091553
-0.00061035
 0.00000000
 0.00030518
 0.00030518
 0.00061035
 0.00091553
 0.00091553
 0.00061035
 0.00030518
 0.00000000
-0.00030518
-0.00091553
-0.00091553
-0.00183105
-0.00274658
-0.00396729
-0.00457764
-0.00488281
-0.00488281
-0.00488281
-0.00457764
-0.00396729
-0.00335693
-0.00305176
-0.00305176
-0.00335693
-0.00366211
-0.00396729
-0.00427246
-0.00457764
-0.00549316
-0.00610352
-0.00640869
-0.00640869
-0.00640869
-0.00640869
-0.00640869
-0.00610352
-0.00549316
-0.00488281
-0.00488281
-0.00488281
-0.00488281
-0.00518799
-0.00549316
-0.00610352
-0.00579834
-0.00518799
-0.00518799
-0.00488281
-0.00457764
-0.00396729
-0.00335693
-0.00274658
-0.00213623
-0.00213623
-0.00213623
-0.00213623
-0.00305176
-0.00335693
-0.00366211
-0.00396729
-0.00488281
-0.00488281
-0.00457764
-0.00366211
-0.00244141
-0.00152588
-0.00061035
 0.00030518
 0.00061035
 0.00122070
 0.00183105
 0.00213623
 0.00274658
 0.00274658
 0.00274658
 0.00305176
 0.00305176
 0.00274658
 0.00213623
 0.00152588
 0.00213623
 0.00305176
 0.00396729
 0.00427246
 0.00518799
 0.00610352
 0.00579834
 0.00549316
 0.00457764
 0.00396729
 0.00305176
 0.00183105
 0.00152588
 0.00183105
 0.00244141
 0.00305176
 0.00335693
 0.00396729
 0.00457764
 0.00549316
 0.00610352
 0.00701904
 0.00732422
 0.00732422
 0.00732422
 0.00701904
 0.00549316
 0.00396729
 0.00274658
 0.00183105
 0.00091553
 0.00061035
 0.00091553
 0.00183105
 0.00305176
 0.00396729
 0.00457764
 0.00518799
 0.00549316
 0.00579834
 0.00549316
 0.00488281
 0.00396729
 0.00274658
 0.00152588
 0.00091553
 0.00030518
-0.00030518
-0.00091553
-0.00152588
-0.00122070
-0.00061035
 0.00061035
 0.00152588
 0.00183105
 0.00183105
 0.00152588
 0.00122070
 0.00061035
 0.00030518
 0.00000000
-0.00061035
-0.00091553
-0.00091553
-0.00152588
-0.00152588
-0.00183105
-0.00183105
-0.00183105
-0.00122070
-0.00061035
-0.00061035
-0.00122070
-0.00183105
-0.00244141
-0.00335693
-0.00396729
-0.00427246
-0.00457764
-0.00488281
-0.00518799
-0.00488281
-0.00427246
-0.00366211
-0.00274658
-0.00183105
-0.00091553
-0.00030518
 0.00030518
 0.00030518
 0.00061035
 0.00030518
-0.00030518
-0.00122070
-0.00213623
-0.00213623
-0.00213623
-0.00213623
-0.00152588
-0.00091553
 0.00061035
 0.00183105
 0.00244141
 0.00244141
 0.00244141
 0.00244141
 0.00213623
 0.00152588
 0.00091553
 0.00030518
-0.00091553
-0.00213623
-0.00244141
-0.00274658
-0.00244141
-0.00183105
-0.00091553
 0.00030518
 0.00183105
 0.00274658
 0.00366211
 0.00457764
 0.00488281
 0.00488281
 0.00396729
 0.00305176
 0.00244141
 0.00152588
 0.00091553
 0.00061035
 0.00000000
-0.00030518
 0.00000000
 0.00122070
 0.00244141
 0.00274658
 0.00366211
 0.00427246
 0.00427246
 0.00427246
 0.00366211
 0.00305176
 0.00213623
 0.00122070
 0.00061035
 0.00000000
 0.00030518
 0.00061035
 0.00000000
 0.00000000
 0.00030518
 0.00091553
 0.00152588
 0.00244141
