 0.00000000
 0.00000000
 0.00030518
 0.00030518
 0.00000000
-0.00061035
-0.00061035
-0.00061035
-0.00030518
-0.00061035
-0.00061035
 0.00000000
 0.00000000
-0.00030518
-0.00091553
-0.00122070
-0.00030518
 0.00000000
-0.00030518
-0.00061035
-0.00061035
-0.00061035
-0.00061035
-0.00030518
-0.00061035
-0.00061035
 0.00000000
-0.00030518
-0.00061035
-0.00061035
-0.00030518
-0.00061035
-0.00061035
-0.00061035
-0.00030518
-0.00030518
 0.00000000
-0.00030518
-0.00061035
-0.00091553
-0.00091553
-0.00061035
-0.00030518
-0.00061035
-0.00030518
-0.00030518
 0.00000000
 0.00000000
-0.00030518
-0.00091553
-0.00061035
 0.00000000
 0.00030518
-0.00030518
-0.00061035
-0.00061035
-0.00030518
-0.00030518
-0.00030518
-0.00030518
-0.00030518
-0.00061035
-0.00030518
 0.00030518
-0.00030518
-0.00061035
-0.00030518
-0.00030518
 0.00000000
 0.00000000
-0.00061035
-0.00061035
-0.00030518
-0.00030518
-0.00091553
-0.00091553
-0.00091553
-0.00091553
-0.00122070
-0.00122070
-0.00030518
 0.00030518
 0.00000000
 0.00000000
-0.00030518
-0.00061035
-0.00061035
-0.00030518
 0.00000000
-0.00030518
-0.00061035
-0.00061035
-0.00061035
 0.00000000
 0.00061035
 0.00305176
 0.00976563
 0.02380371
 0.05035400
 0.09063721
 0.13885498
 0.18280029
 0.19104004
 0.10803223
-0.06805420
-0.27618408
-0.45593262
-0.56091309
-0.51879883
-0.33538818
-0.11352539
 0.02746582
 0.00030518
-0.20050049
-0.51544189
-0.62011719
-0.42602539
 0.04211426
 0.56854248
 1.04187012
 1.22833252
 1.08123779
 0.74523926
 0.30731201
-0.25085449
-0.69763184
-0.79193115
-0.58013916
-0.28778076
-0.08148193
 0.03326416
-0.02349854
-0.20446777
-0.35430908
-0.11230469
 0.25573730
 0.72326660
 1.08337402
 1.10321045
 0.75714111
 0.34698486
-0.03509521
-0.48553467
-0.82946777
-1.01837158
-0.96832275
-0.67352295
-0.22949219
 0.15899658
 0.50506592
 0.50994873
 0.27587891
 0.02624512
-0.15686035
-0.16723633
-0.07812500
 0.02227783
 0.09399414
 0.10131836
 0.01434326
-0.13397217
-0.25115967
-0.29479980
-0.27099609
-0.16296387
 0.06469727
 0.40405273
 0.66101074
 0.67016602
 0.48980713
 0.34973145
 0.32592773
 0.16906738
-0.03173828
-0.22796631
-0.40435791
-0.47729492
-0.41320801
-0.25207520
-0.03448486
 0.27557373
 0.58898926
 0.73394775
 0.65216064
 0.42633057
 0.24230957
 0.04241943
-0.15014648
-0.36834717
-0.58868408
-0.68939209
-0.63446045
-0.50750732
-0.41748047
-0.38574219
-0.35827637
-0.27618408
-0.12756348
 0.09582520
 0.35186768
 0.58013916
 0.73822021
 0.78277588
 0.63812256
 0.34088135
 0.03417969
-0.16754150
-0.21942139
-0.20019531
-0.18188477
-0.24597168
-0.46813965
-0.84350586
-1.15539551
-1.19934082
-0.89630127
-0.27832031
 0.42419434
 1.08886719
 1.46697998
 1.21765137
 0.47515869
-0.24597168
-0.79772949
-0.93536377
-0.72967529
-0.26306152
 0.27893066
 0.79772949
 1.04125977
 0.88104248
 0.48919678
 0.18310547
-0.23162842
-0.56854248
-0.74218750
-0.74310303
-0.58685303
-0.33996582
-0.05859375
 0.25848389
 0.51391602
 0.62988281
 0.66711426
 0.63354492
 0.48309326
 0.20477295
-0.09887695
-0.28259277
-0.27282715
-0.18615723
-0.13061523
-0.15014648
-0.22766113
-0.35919189
-0.38818359
-0.34790039
-0.30944824
-0.25756836
-0.16418457
-0.03326416
 0.09735107
 0.18859863
 0.23590088
 0.24414063
 0.19287109
 0.08300781
-0.03173828
-0.07781982
-0.04577637
 0.01922607
 0.05340576
 0.01342773
-0.11505127
-0.25787354
-0.31738281
-0.24658203
-0.11505127
 0.05554199
 0.22369385
 0.35430908
 0.34027100
 0.29876709
 0.14831543
-0.06103516
-0.26306152
-0.42724609
-0.52124023
-0.47485352
-0.25878906
 0.06072998
 0.48522949
 0.77789307
 0.88470459
 0.80047607
 0.60272217
 0.36895752
 0.09613037
-0.19775391
-0.42449951
-0.54595947
-0.54016113
-0.45013428
-0.34637451
-0.28869629
-0.22888184
-0.18676758
-0.10528564
 0.08758545
 0.38543701
 0.71716309
 0.91461182
 0.83770752
 0.49438477
 0.13854980
-0.33538818
-0.66070557
-0.86273193
-0.96435547
-0.95184326
-0.80230713
-0.52154541
-0.15228271
 0.22369385
 0.57464600
 0.67810059
 0.54656982
 0.32592773
 0.11718750
-0.07049561
-0.15655518
-0.19775391
-0.22949219
-0.27557373
-0.34545898
-0.40863037
-0.40740967
-0.30639648
-0.10589600
 0.20690918
 0.59783936
 0.88562012
 1.01165771
 0.89569092
 0.58288574
 0.24993896
-0.09368896
-0.35552979
-0.44525146
-0.39520264
-0.29083252
-0.18737793
-0.08270264
 0.03295898
 0.17120361
 0.31768799
 0.45288086
 0.53009033
 0.52673340
 0.47119141
 0.39245605
 0.29937744
 0.19042969
 0.05706787
-0.11474609
-0.30059814
-0.47088623
-0.56884766
-0.54534912
-0.39764404
-0.18096924
 0.07720947
 0.40496826
 0.55053711
 0.57891846
 0.50018311
 0.35186768
 0.17059326
-0.04272461
-0.19042969
-0.30395508
-0.38085938
-0.41503906
-0.40466309
-0.34484863
-0.24719238
-0.09002686
 0.09063721
 0.28045654
 0.40496826
 0.42510986
 0.38024902
 0.33813477
 0.27496338
 0.19378662
 0.08178711
-0.11627197
-0.35644531
-0.59600830
-0.74554443
-0.75927734
-0.62561035
-0.37536621
-0.07476807
 0.28839111
 0.60119629
 0.72631836
 0.68420410
 0.51025391
 0.29052734
-0.01251221
-0.31311035
-0.55358887
-0.71502686
-0.76873779
-0.70709229
-0.55603027
-0.36285400
-0.16326904
 0.07293701
 0.30609131
 0.48278809
 0.56488037
 0.57342529
 0.54107666
 0.47363281
 0.37261963
 0.20935059
 0.00640869
-0.22277832
-0.43884277
-0.60180664
-0.67413330
-0.65826416
-0.55877686
-0.39794922
-0.24871826
-0.05584717
 0.12878418
 0.29266357
 0.38726807
 0.39184570
 0.32226563
 0.15930176
-0.06958008
-0.25970459
-0.38574219
-0.41839600
-0.36163330
-0.26733398
-0.12451172
 0.04699707
 0.23590088
 0.42236328
 0.54199219
 0.59906006
 0.58349609
 0.49896240
 0.35736084
 0.16723633
-0.03692627
-0.24475098
-0.43609619
-0.56335449
-0.58990479
-0.50689697
-0.34423828
-0.14129639
 0.09277344
 0.35827637
 0.52276611
 0.58288574
 0.56671143
 0.48370361
 0.33905029
 0.13763428
-0.06103516
-0.21209717
-0.32165527
-0.34729004
-0.30548096
-0.22491455
-0.11901855
-0.00854492
 0.09857178
 0.19989014
 0.28259277
 0.33630371
 0.35675049
 0.32348633
 0.20721436
 0.03845215
-0.11444092
-0.24139404
-0.35400391
-0.41992188
-0.44006348
-0.40344238
-0.32012939
-0.20050049
-0.04577637
 0.10253906
 0.21575928
 0.27648926
 0.26916504
 0.16998291
 0.01159668
-0.14923096
-0.28320313
-0.40588379
-0.48706055
-0.52093506
-0.49468994
-0.40649414
-0.29449463
-0.14526367
 0.02136230
 0.17395020
 0.29876709
 0.35400391
 0.34393311
 0.32897949
 0.20050049
 0.05218506
-0.07751465
-0.19409180
-0.28778076
-0.34729004
-0.35064697
-0.31433105
-0.24261475
-0.12756348
 0.01556396
 0.15930176
 0.28137207
 0.33874512
 0.34149170
 0.25451660
 0.09582520
-0.05584717
-0.15441895
-0.21362305
-0.23864746
-0.23803711
-0.22186279
-0.19622803
-0.16174316
-0.11779785
-0.06195068
 0.00701904
 0.08728027
 0.17059326
 0.23834229
 0.27160645
 0.23620605
 0.12573242
-0.00976563
-0.12084961
-0.19836426
-0.22949219
-0.20507813
-0.12420654
 0.00640869
 0.16235352
 0.34271240
 0.44311523
 0.46264648
 0.42114258
 0.34423828
 0.24078369
 0.11535645
 0.01922607
-0.05889893
-0.11322021
-0.13977051
-0.14099121
-0.12237549
-0.08666992
-0.03448486
 0.03326416
 0.11535645
 0.20568848
 0.29083252
 0.34271240
 0.34332275
 0.32012939
 0.23101807
 0.13275146
 0.06561279
 0.02105713
-0.00366211
-0.00671387
 0.01098633
 0.04791260
 0.10162354
 0.16876221
 0.24230957
 0.31372070
 0.35095215
 0.34515381
 0.31707764
 0.23742676
 0.15167236
 0.06988525
-0.01586914
-0.09735107
-0.16052246
-0.19836426
-0.20874023
-0.19592285
-0.16784668
-0.13244629
-0.09674072
-0.06744385
-0.05218506
-0.05401611
-0.07141113
-0.10894775
-0.17333984
-0.25726318
-0.33905029
-0.40161133
-0.42846680
-0.41595459
-0.38024902
-0.33142090
-0.28015137
-0.21026611
-0.13854980
-0.07690430
-0.03479004
-0.03051758
-0.08056641
-0.15258789
-0.20507813
-0.23437500
-0.24505615
-0.23773193
-0.21423340
-0.17639160
-0.12573242
-0.06225586
 0.01251221
 0.09155273
 0.16265869
 0.21514893
 0.24017334
 0.22949219
 0.20141602
 0.18218994
 0.16632080
 0.13854980
 0.09643555
 0.05218506
 0.01861572
 0.00091553
 0.00000000
 0.01251221
 0.03417969
 0.06164551
 0.09185791
 0.11993408
 0.13610840
 0.12786865
 0.08972168
 0.03540039
-0.01403809
-0.04516602
-0.04943848
-0.02929688
 0.00854492
 0.05218506
 0.08850098
 0.09613037
 0.05432129
-0.02166748
-0.10101318
-0.17547607
-0.24536133
-0.30090332
-0.33111572
-0.32348633
-0.29815674
-0.25756836
-0.21240234
-0.17028809
-0.13427734
-0.10589600
-0.07843018
-0.04364014
-0.00335693
 0.03479004
 0.05920410
 0.05920410
 0.03753662
 0.01098633
-0.00854492
-0.01464844
-0.00122070
 0.03784180
 0.10253906
 0.19165039
 0.32196045
 0.42846680
 0.50170898
 0.53161621
 0.51391602
 0.45532227
 0.37811279
 0.29418945
 0.21484375
 0.13885498
 0.07415771
 0.02777100
 0.00305176
-0.00091553
 0.01342773
 0.04119873
 0.07720947
 0.11627197
 0.15319824
 0.18127441
 0.19134521
 0.17425537
 0.12756348
 0.05554199
-0.03173828
-0.11810303
-0.18676758
-0.22430420
-0.22644043
-0.19744873
-0.14465332
-0.07537842
 0.00030518
 0.06927490
 0.12298584
 0.15625000
 0.14984131
 0.10162354
 0.04058838
-0.01464844
-0.06652832
-0.11169434
-0.14312744
-0.15686035
-0.15289307
-0.13244629
-0.09643555
-0.04699707
 0.01220703
 0.07507324
 0.13366699
 0.17913818
 0.19256592
 0.15411377
 0.07720947
-0.01708984
-0.12451172
-0.24169922
-0.35003662
-0.42022705
-0.44372559
-0.41534424
-0.34912109
-0.28320313
-0.19317627
-0.10803223
-0.04180908
 0.00061035
 0.01953125
 0.00701904
-0.01800537
-0.03387451
-0.04394531
-0.05218506
-0.05798340
-0.05798340
-0.05004883
-0.03082275
 0.00183105
 0.05157471
 0.11993408
 0.20629883
 0.32196045
 0.40649414
 0.44342041
 0.42968750
 0.36956787
 0.27893066
 0.16052246
 0.05126953
-0.04760742
-0.12329102
-0.16448975
-0.16998291
-0.14526367
-0.09704590
-0.03479004
 0.03021240
 0.08483887
 0.12420654
 0.13641357
 0.11444092
 0.07537842
 0.03204346
-0.02349854
-0.09399414
-0.16601563
-0.22460938
-0.25817871
-0.26336670
-0.24017334
-0.19134521
-0.11962891
-0.03082275
 0.06256104
 0.14282227
 0.19439697
 0.20629883
 0.15411377
 0.05889893
-0.03662109
-0.12115479
-0.20080566
-0.26641846
-0.30853271
-0.31890869
-0.29693604
-0.25054932
-0.18188477
-0.09857178
-0.01403809
 0.05584717
 0.10559082
 0.13122559
 0.12084961
 0.08972168
 0.06439209
 0.04364014
 0.01647949
-0.01495361
-0.03906250
-0.04455566
-0.02624512
 0.01647949
 0.08178711
 0.16571045
 0.25726318
 0.35003662
 0.38726807
 0.38482666
 0.34057617
 0.26458740
 0.15319824
 0.04943848
-0.05004883
-0.13427734
-0.19226074
-0.22186279
-0.22583008
-0.20751953
-0.17364502
-0.13031006
-0.08209229
-0.03509521
 0.00366211
 0.02258301
 0.00885010
-0.03234863
-0.08666992
-0.14587402
-0.20568848
-0.25543213
-0.28594971
-0.29174805
-0.27313232
-0.23162842
-0.16937256
-0.09002686
-0.00213623
 0.07995605
 0.14282227
 0.18249512
 0.18188477
 0.13488770
 0.07202148
 0.01556396
-0.03967285
-0.09185791
-0.12939453
-0.14434814
-0.13580322
-0.10742188
-0.06439209
-0.01312256
 0.03967285
 0.08728027
 0.12237549
 0.13519287
 0.12512207
 0.10406494
 0.07751465
 0.04455566
 0.01007080
-0.01678467
-0.02868652
-0.02166748
 0.00366211
 0.04608154
 0.10253906
 0.16998291
 0.24230957
 0.31036377
 0.34942627
 0.34912109
 0.31921387
 0.24780273
 0.16693115
 0.09582520
 0.03234863
-0.01770020
-0.04791260
-0.05798340
-0.04852295
-0.02349854
 0.01251221
 0.05371094
 0.09338379
 0.12268066
 0.13244629
 0.12054443
 0.09460449
 0.05859375
 0.00946045
-0.05157471
-0.11474609
-0.16998291
-0.20721436
-0.21911621
-0.20324707
-0.16265869
-0.10284424
-0.03295898
 0.03387451
 0.08575439
 0.11444092
 0.10131836
 0.05279541
-0.00030518
-0.04608154
-0.09155273
-0.13549805
-0.16937256
-0.18890381
-0.19317627
-0.18127441
-0.15258789
-0.10955811
-0.05462646
 0.00732422
 0.06866455
 0.12115479
 0.15380859
 0.14923096
 0.11108398
 0.06835938
 0.03173828
-0.00366211
-0.03753662
-0.06195068
-0.07171631
-0.06439209
-0.03997803
-0.00244141
 0.04394531
 0.09185791
 0.13183594
 0.15075684
 0.13732910
 0.10162354
 0.06164551
 0.01953125
-0.02777100
-0.07659912
-0.11901855
-0.14953613
-0.16510010
-0.16510010
-0.15197754
-0.12817383
-0.09887695
-0.06713867
-0.03723145
-0.01434326
-0.00335693
-0.00640869
-0.02227783
-0.04730225
-0.07720947
-0.10375977
-0.12145996
-0.12664795
-0.11749268
-0.09490967
-0.06134033
-0.02136230
 0.02136230
 0.06256104
 0.09582520
 0.11352539
 0.11260986
 0.09948730
 0.08178711
 0.06164551
 0.04089355
 0.02166748
 0.00762939
 0.00000000
 0.00122070
 0.01342773
 0.03631592
 0.06805420
 0.10589600
 0.14373779
 0.17517090
 0.19042969
 0.18432617
 0.16265869
 0.13488770
 0.10498047
 0.07568359
 0.05218506
 0.03814697
 0.03570557
 0.04394531
 0.05981445
 0.07934570
 0.09857178
 0.11352539
 0.12359619
 0.12878418
 0.12847900
 0.11993408
 0.10223389
 0.07415771
 0.03997803
 0.00518799
-0.02532959
-0.04730225
-0.05798340
-0.05615234
-0.04425049
-0.02593994
-0.00671387
 0.00946045
 0.01922607
 0.02258301
 0.02044678
 0.01251221
-0.00122070
-0.02014160
-0.04211426
-0.06469727
-0.08514404
-0.09979248
-0.10681152
-0.10467529
-0.09277344
-0.07415771
-0.05187988
-0.03051758
-0.01434326
-0.00701904
-0.00823975
-0.01373291
-0.01892090
-0.02410889
-0.03112793
-0.04180908
-0.05523682
-0.06835938
-0.07751465
-0.07904053
-0.07232666
-0.05889893
-0.04180908
-0.02502441
-0.01251221
-0.00549316
-0.00396729
-0.00854492
-0.02014160
-0.03906250
-0.06317139
-0.08880615
-0.11077881
-0.12512207
-0.13031006
-0.12725830
-0.11688232
-0.10192871
-0.08544922
-0.07049561
-0.05950928
-0.05249023
-0.04760742
-0.04241943
-0.03631592
-0.02960205
-0.02532959
-0.02624512
-0.03509521
-0.04821777
-0.06042480
-0.06591797
-0.06225586
-0.04943848
-0.02777100
-0.00122070
 0.02746582
 0.05432129
 0.07415771
 0.08209229
 0.07598877
 0.05950928
 0.03814697
 0.01586914
-0.00213623
-0.01220703
-0.01251221
-0.00366211
 0.01068115
 0.02563477
 0.03753662
 0.04425049
 0.04821777
 0.05371094
 0.06225586
 0.07293701
 0.08239746
 0.08575439
 0.07934570
 0.06195068
 0.03723145
 0.01129150
-0.01037598
-0.02349854
-0.02563477
-0.01617432
 0.00366211
 0.03082275
 0.06042480
 0.08483887
 0.09552002
 0.08636475
 0.06195068
 0.03021240
-0.00335693
-0.03417969
-0.05920410
-0.07537842
-0.08300781
-0.08331299
-0.07843018
-0.07019043
-0.05950928
-0.04516602
-0.02532959
 0.00061035
 0.03051758
 0.05920410
 0.07965088
 0.08483887
 0.07293701
 0.04974365
 0.02380371
 0.00061035
-0.01495361
-0.02075195
-0.01495361
-0.00030518
 0.01983643
 0.04119873
 0.05859375
 0.06774902
 0.06774902
 0.05950928
 0.04394531
 0.02227783
-0.00305176
-0.02960205
-0.05462646
-0.07629395
-0.09368896
-0.10528564
-0.10986328
-0.10803223
-0.10101318
-0.09094238
-0.08087158
-0.07202148
-0.06378174
-0.05645752
-0.05187988
-0.05096436
-0.05493164
-0.06347656
-0.07415771
-0.08422852
-0.08941650
-0.08575439
-0.07202148
-0.04791260
-0.01678467
 0.01678467
 0.04669189
 0.06591797
 0.06896973
 0.05950928
 0.04486084
 0.02960205
 0.01586914
 0.00488281
-0.00122070
-0.00183105
 0.00244141
 0.01037598
 0.02136230
 0.03387451
 0.04699707
 0.06103516
 0.07476807
 0.08758545
 0.09796143
 0.10498047
 0.10589600
 0.09887695
 0.08514404
 0.06622314
 0.04699707
 0.03143311
 0.02410889
 0.02685547
 0.03936768
 0.05767822
 0.07629395
 0.08972168
 0.09307861
 0.08453369
 0.06835938
 0.04821777
 0.02563477
 0.00244141
-0.01922607
-0.03814697
-0.05432129
-0.06713867
-0.07659912
-0.08239746
-0.08270264
-0.07629395
-0.06317139
-0.04425049
-0.02166748
 0.00274658
 0.02593994
 0.04486084
 0.05676270
 0.06195068
 0.06195068
 0.05950928
 0.05798340
 0.05950928
 0.06591797
 0.07751465
 0.09277344
 0.11047363
 0.12817383
 0.14373779
 0.15502930
 0.15991211
 0.15777588
 0.14801025
 0.13092041
 0.10833740
 0.08239746
 0.05554199
 0.03112793
 0.00885010
-0.01098633
-0.02777100
-0.04058838
-0.04852295
-0.05126953
-0.04913330
-0.04241943
-0.03479004
-0.02929688
-0.02868652
-0.03387451
-0.04516602
-0.06011963
-0.07537842
-0.08850098
-0.09826660
-0.10223389
-0.09979248
-0.09155273
-0.07934570
-0.06439209
-0.04852295
-0.03417969
-0.02319336
-0.01678467
-0.01373291
-0.01403809
-0.01678467
-0.02166748
-0.02716064
-0.03265381
-0.03753662
-0.04150391
-0.04394531
-0.04364014
-0.03845215
-0.02777100
-0.01098633
 0.00976563
 0.03143311
 0.04974365
 0.06164551
 0.06683350
 0.06713867
 0.06378174
 0.05767822
 0.05004883
 0.04180908
 0.03417969
 0.02868652
 0.02563477
 0.02502441
 0.02563477
 0.02471924
 0.02197266
 0.01647949
 0.00854492
-0.00030518
-0.01007080
-0.02136230
-0.03417969
-0.04852295
-0.06378174
-0.08026123
-0.09674072
-0.11138916
-0.12115479
-0.12420654
-0.12084961
-0.11199951
-0.09979248
-0.08666992
-0.07537842
-0.06713867
-0.06225586
-0.06042480
-0.06103516
-0.06408691
-0.06744385
-0.06958008
-0.06958008
-0.06744385
-0.06378174
-0.05889893
-0.05432129
-0.05035400
-0.04577637
-0.03906250
-0.03082275
-0.02136230
-0.01220703
-0.00549316
-0.00274658
-0.00335693
-0.00732422
-0.01373291
-0.02136230
-0.02777100
-0.03021240
-0.02807617
-0.02075195
-0.01037598
 0.00122070
 0.01251221
 0.02288818
 0.03143311
 0.03845215
 0.04364014
 0.04760742
 0.04974365
 0.05004883
 0.04913330
 0.04791260
 0.04699707
 0.04699707
 0.04852295
 0.05096436
 0.05371094
 0.05645752
 0.05950928
 0.06256104
 0.06500244
 0.06683350
 0.06622314
 0.06317139
 0.05676270
 0.04760742
 0.03753662
 0.02716064
 0.01617432
 0.00549316
-0.00274658
-0.00640869
-0.00427246
 0.00335693
 0.01373291
 0.02258301
 0.02746582
 0.02716064
 0.02288818
 0.01800537
 0.01403809
 0.01068115
 0.00885010
 0.00793457
 0.00640869
 0.00457764
 0.00274658
 0.00183105
 0.00305176
 0.00671387
 0.01342773
 0.02227783
 0.03234863
 0.04150391
 0.04791260
 0.05035400
 0.04943848
 0.04516602
 0.03753662
 0.02807617
 0.01831055
 0.00885010
 0.00244141
 0.00122070
 0.00610352
 0.01586914
 0.02777100
 0.03967285
 0.04974365
 0.05828857
 0.06622314
 0.07415771
 0.07995605
 0.08209229
 0.07904053
 0.07080078
 0.05981445
 0.04882813
 0.03936768
 0.03173828
 0.02471924
 0.01739502
 0.01037598
 0.00518799
 0.00244141
 0.00183105
 0.00213623
 0.00213623
 0.00061035
-0.00366211
-0.01129150
-0.02288818
-0.03784180
-0.05340576
-0.06774902
-0.07812500
-0.08361816
-0.08575439
-0.08728027
-0.08941650
-0.09155273
-0.09094238
-0.08697510
-0.08056641
-0.07385254
-0.06866455
-0.06622314
-0.06561279
-0.06591797
-0.06652832
-0.06774902
-0.07019043
-0.07415771
-0.07904053
-0.08148193
-0.07934570
-0.07110596
-0.05737305
-0.03997803
-0.02349854
-0.01129150
-0.00610352
-0.00671387
-0.01068115
-0.01586914
-0.02136230
-0.02746582
-0.03387451
-0.04089355
-0.04699707
-0.05157471
-0.05340576
-0.05065918
-0.04272461
-0.03021240
-0.01464844
 0.00122070
 0.01434326
 0.02349854
 0.02777100
 0.02899170
 0.02807617
 0.02593994
 0.02380371
 0.02166748
 0.01953125
 0.01831055
 0.01983643
 0.02502441
 0.03448486
 0.04608154
 0.05828857
 0.06896973
 0.07537842
 0.07720947
 0.07507324
 0.06805420
 0.05676270
 0.04272461
 0.02746582
 0.01159668
-0.00244141
-0.01251221
-0.01770020
-0.01831055
-0.01586914
-0.01312256
-0.01129150
-0.01190186
-0.01312256
-0.01342773
-0.01373291
-0.01403809
-0.01495361
-0.01739502
-0.02227783
-0.02716064
-0.02990723
-0.02929688
-0.02410889
-0.01434326
 0.00030518
 0.01708984
 0.03448486
 0.05004883
 0.06286621
 0.07202148
 0.07751465
 0.07904053
 0.07690430
 0.07171631
 0.06408691
 0.05523682
 0.04638672
 0.03814697
 0.03234863
 0.02960205
 0.03021240
 0.03387451
 0.03845215
 0.04302979
 0.04577637
 0.04547119
 0.04241943
 0.03692627
 0.02838135
 0.01617432
 0.00305176
-0.00885010
-0.01800537
-0.02502441
-0.02929688
-0.03204346
-0.03387451
-0.03448486
-0.03234863
-0.02807617
-0.02136230
-0.01464844
-0.01037598
-0.01190186
-0.02014160
-0.03234863
-0.04608154
-0.05889893
-0.06927490
-0.07537842
-0.07598877
-0.07324219
-0.06896973
-0.06500244
-0.06225586
-0.06042480
-0.05798340
-0.05371094
-0.04730225
-0.03936768
-0.03234863
-0.02746582
-0.02471924
-0.02410889
-0.02380371
-0.02197266
-0.01617432
-0.00610352
 0.00671387
 0.02197266
 0.03784180
 0.05340576
 0.06683350
 0.07659912
 0.08178711
 0.08209229
 0.07934570
 0.07476807
 0.06958008
 0.06378174
 0.05798340
 0.05249023
 0.04791260
 0.04333496
 0.03906250
 0.03448486
 0.03112793
 0.02868652
 0.02746582
 0.02655029
 0.02502441
 0.02166748
 0.01495361
 0.00549316
-0.00518799
-0.01373291
-0.01831055
-0.01953125
-0.01800537
-0.01525879
-0.01220703
-0.00946045
-0.00701904
-0.00335693
 0.00183105
 0.00732422
 0.01190186
 0.01403809
 0.01220703
 0.00762939
 0.00122070
-0.00457764
-0.00793457
-0.00762939
-0.00366211
 0.00396729
 0.01281738
 0.02014160
 0.02441406
 0.02471924
 0.02166748
 0.01708984
 0.01342773
 0.01068115
 0.00854492
 0.00488281
 0.00000000
-0.00518799
-0.01007080
-0.01342773
-0.01403809
-0.01068115
-0.00396729
 0.00579834
 0.01647949
 0.02532959
 0.03051758
 0.03112793
 0.02777100
 0.02197266
 0.01525879
 0.00915527
 0.00488281
 0.00274658
 0.00274658
 0.00366211
 0.00366211
 0.00244141
-0.00030518
-0.00335693
-0.00701904
-0.01068115
-0.01403809
-0.01617432
-0.01892090
-0.02319336
-0.02868652
-0.03387451
-0.03967285
-0.04516602
-0.04913330
-0.05065918
-0.04943848
-0.04638672
-0.04241943
-0.03784180
-0.03540039
-0.03448486
-0.03479004
-0.03540039
-0.03723145
-0.04058838
-0.04364014
-0.04608154
-0.04699707
-0.04577637
-0.04241943
-0.03753662
-0.03295898
-0.02838135
-0.02288818
-0.01617432
-0.00823975
 0.00061035
 0.00885010
 0.01708984
 0.02288818
 0.02716064
 0.02838135
 0.02716064
 0.02563477
 0.02410889
 0.02349854
 0.02441406
 0.02777100
 0.03265381
 0.03753662
 0.04089355
 0.04150391
 0.03936768
 0.03570557
 0.03173828
 0.02807617
 0.02532959
 0.02319336
 0.01983643
 0.01434326
 0.00640869
-0.00152588
-0.00915527
-0.01464844
-0.01800537
-0.01922607
-0.01892090
-0.01800537
-0.01678467
-0.01678467
-0.01922607
-0.02410889
-0.03112793
-0.03875732
-0.04638672
-0.05218506
-0.05584717
-0.05706787
-0.05645752
-0.05432129
-0.05279541
-0.05126953
-0.04852295
-0.04394531
-0.03845215
-0.03326416
-0.02868652
-0.02563477
-0.02441406
-0.02593994
-0.02960205
-0.03509521
-0.04058838
-0.04425049
-0.04425049
-0.04058838
-0.03417969
-0.02624512
-0.01708984
-0.00762939
 0.00152588
 0.01007080
 0.01800537
 0.02349854
 0.02624512
 0.02563477
 0.02227783
 0.01739502
 0.01251221
 0.00885010
 0.00701904
 0.00732422
 0.00946045
 0.01312256
 0.01922607
 0.02716064
 0.03631592
 0.04486084
 0.05096436
 0.05371094
 0.05340576
 0.04974365
 0.04302979
 0.03417969
 0.02380371
 0.01434326
 0.00732422
 0.00366211
 0.00396729
 0.00793457
 0.01525879
 0.02441406
 0.03448486
 0.04394531
 0.05126953
 0.05462646
 0.05371094
 0.04943848
 0.04150391
 0.03112793
 0.01983643
 0.00885010
 0.00030518
-0.00549316
-0.00854492
-0.00976563
-0.00793457
-0.00396729
 0.00213623
 0.00885010
 0.01495361
 0.01892090
 0.01983643
 0.01800537
 0.01373291
 0.00701904
-0.00152588
-0.01007080
-0.01739502
-0.02166748
-0.02166748
-0.01739502
-0.00885010
 0.00305176
 0.01678467
 0.03051758
 0.04241943
 0.05035400
 0.05401611
 0.05279541
 0.04882813
 0.04272461
 0.03479004
 0.02655029
 0.01861572
 0.01220703
 0.00762939
 0.00610352
 0.00793457
 0.01251221
 0.01922607
 0.02655029
 0.03265381
 0.03723145
 0.03936768
 0.03875732
 0.03540039
 0.02960205
 0.02227783
 0.01403809
 0.00518799
-0.00366211
-0.01129150
-0.01556396
-0.01708984
-0.01617432
-0.01342773
-0.01037598
-0.00762939
-0.00671387
-0.00762939
-0.01190186
-0.01800537
-0.02563477
-0.03509521
-0.04516602
-0.05523682
-0.06469727
-0.07263184
-0.07904053
-0.08270264
-0.08270264
-0.07873535
-0.07141113
-0.06134033
-0.05065918
-0.04089355
-0.03295898
-0.02777100
-0.02471924
-0.02471924
-0.02624512
-0.02838135
-0.03021240
-0.02960205
-0.02685547
-0.02288818
-0.01739502
-0.00976563
 0.00030518
 0.01190186
 0.02410889
 0.03509521
 0.04364014
 0.04882813
 0.05157471
 0.05157471
 0.04852295
 0.04302979
 0.03570557
 0.02838135
 0.02258301
 0.01983643
 0.01983643
 0.02319336
 0.02838135
 0.03509521
 0.04241943
 0.04913330
 0.05493164
 0.05859375
 0.05889893
 0.05645752
 0.05126953
 0.04425049
 0.03570557
 0.02655029
 0.01892090
 0.01373291
 0.01159668
 0.01251221
 0.01525879
 0.01922607
 0.02380371
 0.02807617
 0.03112793
 0.03295898
 0.03265381
 0.02899170
 0.02197266
 0.01281738
 0.00274658
-0.00701904
-0.01617432
-0.02410889
-0.02990723
-0.03295898
-0.03356934
-0.03051758
-0.02563477
-0.01861572
-0.01220703
-0.00793457
-0.00762939
-0.00976563
-0.01373291
-0.01953125
-0.02624512
-0.03173828
-0.03601074
-0.03845215
-0.03845215
-0.03662109
-0.03356934
-0.02899170
-0.02319336
-0.01617432
-0.00854492
-0.00152588
 0.00274658
 0.00274658
-0.00274658
-0.01281738
-0.02532959
-0.03814697
-0.04852295
-0.05554199
-0.05920410
-0.06011963
-0.05920410
-0.05615234
-0.05157471
-0.04547119
-0.03906250
-0.03326416
-0.02899170
-0.02655029
-0.02624512
-0.02929688
-0.03570557
-0.04364014
-0.05126953
-0.05706787
-0.05981445
-0.05767822
-0.05096436
-0.04119873
-0.03051758
-0.02075195
-0.01312256
-0.00732422
-0.00366211
-0.00183105
-0.00183105
-0.00366211
-0.00732422
-0.01281738
-0.01892090
-0.02441406
-0.02807617
-0.02838135
-0.02410889
-0.01617432
-0.00610352
 0.00518799
 0.01586914
 0.02410889
 0.02838135
 0.02929688
 0.02746582
 0.02410889
 0.01983643
 0.01464844
 0.01037598
 0.00701904
 0.00610352
 0.00823975
 0.01281738
 0.01922607
 0.02716064
 0.03479004
 0.04089355
 0.04516602
 0.04852295
 0.05065918
 0.05004883
 0.04608154
 0.03967285
 0.03204346
 0.02471924
 0.01861572
 0.01373291
 0.01098633
 0.01098633
 0.01373291
 0.01770020
 0.02258301
 0.02685547
 0.03051758
 0.03295898
 0.03387451
 0.03387451
 0.03234863
 0.02929688
 0.02532959
 0.02136230
 0.01770020
 0.01464844
 0.01495361
 0.01800537
 0.02380371
 0.03051758
 0.03662109
 0.03997803
 0.04058838
 0.03906250
 0.03631592
 0.03295898
 0.02777100
 0.02105713
 0.01434326
 0.00854492
 0.00488281
 0.00305176
 0.00366211
 0.00640869
 0.01037598
 0.01434326
 0.01770020
 0.02014160
 0.02105713
 0.01983643
 0.01495361
 0.00701904
-0.00335693
-0.01464844
-0.02471924
-0.03143311
-0.03570557
-0.03753662
-0.03753662
-0.03570557
-0.03265381
-0.02868652
-0.02410889
-0.01953125
-0.01617432
-0.01464844
-0.01495361
-0.01586914
-0.01800537
-0.02136230
-0.02532959
-0.02868652
-0.03021240
-0.02899170
-0.02563477
-0.01983643
-0.01342773
-0.00732422
-0.00122070
 0.00518799
 0.01068115
 0.01434326
 0.01525879
 0.01434326
 0.01312256
 0.01190186
 0.01098633
 0.00976563
 0.00854492
 0.00793457
 0.00854492
 0.01037598
 0.01220703
 0.01342773
 0.01373291
 0.01220703
 0.00885010
 0.00366211
-0.00244141
-0.00915527
-0.01556396
-0.02136230
-0.02532959
-0.02807617
-0.02868652
-0.02777100
-0.02532959
-0.02136230
-0.01556396
-0.00915527
-0.00274658
 0.00122070
 0.00152588
-0.00152588
-0.00762939
-0.01556396
-0.02349854
-0.02838135
-0.03082275
-0.03082275
-0.02929688
-0.02563477
-0.02105713
-0.01403809
-0.00488281
 0.00610352
 0.01678467
 0.02563477
 0.03082275
 0.03143311
 0.02807617
 0.02227783
 0.01586914
 0.00976563
 0.00549316
 0.00366211
 0.00427246
 0.00732422
 0.01190186
 0.01739502
 0.02227783
 0.02624512
 0.02807617
 0.02777100
 0.02563477
 0.02166748
 0.01647949
 0.01007080
 0.00213623
-0.00610352
-0.01342773
-0.01953125
-0.02258301
-0.02319336
-0.02105713
-0.01739502
-0.01281738
-0.00854492
-0.00549316
-0.00549316
-0.00915527
-0.01678467
-0.02655029
-0.03692627
-0.04577637
-0.05157471
-0.05432129
-0.05523682
-0.05493164
-0.05249023
-0.04791260
-0.04089355
-0.03173828
-0.02197266
-0.01281738
-0.00701904
-0.00549316
-0.00823975
-0.01464844
-0.02319336
-0.03112793
-0.03753662
-0.04150391
-0.04272461
-0.04119873
-0.03570557
-0.02716064
-0.01586914
-0.00396729
 0.00762939
 0.01739502
 0.02410889
 0.02746582
 0.02777100
 0.02593994
 0.02227783
 0.01861572
 0.01525879
 0.01373291
 0.01525879
 0.01892090
 0.02471924
 0.03143311
 0.03784180
 0.04486084
 0.05340576
 0.06134033
 0.06561279
 0.06622314
 0.06317139
 0.05706787
 0.04913330
 0.04028320
 0.03173828
 0.02532959
 0.02258301
 0.02319336
 0.02746582
 0.03479004
 0.04302979
 0.05035400
 0.05462646
 0.05462646
 0.05126953
 0.04638672
 0.04028320
 0.03295898
 0.02532959
 0.01739502
 0.00946045
 0.00335693
 0.00030518
 0.00000000
 0.00213623
 0.00671387
 0.01281738
 0.01953125
 0.02563477
 0.02960205
 0.02960205
 0.02410889
 0.01403809
 0.00122070
-0.01159668
-0.02258301
-0.02990723
-0.03265381
-0.03112793
-0.02624512
-0.01983643
-0.01312256
-0.00701904
-0.00213623
 0.00213623
 0.00579834
 0.00885010
 0.01068115
 0.01007080
 0.00701904
 0.00030518
-0.00793457
-0.01556396
-0.02044678
-0.02136230
-0.01861572
-0.01220703
-0.00335693
 0.00640869
 0.01464844
 0.02014160
 0.02197266
 0.02044678
 0.01617432
 0.00915527
 0.00000000
-0.01068115
-0.02166748
-0.03204346
-0.03906250
-0.04272461
-0.04333496
-0.04089355
-0.03692627
-0.03204346
-0.02685547
-0.02227783
-0.01922607
-0.01831055
-0.02014160
-0.02532959
-0.03234863
-0.03997803
-0.04760742
-0.05401611
-0.05798340
-0.05889893
-0.05554199
-0.04852295
-0.03936768
-0.02838135
-0.01678467
-0.00640869
 0.00122070
 0.00549316
 0.00671387
 0.00396729
-0.00244141
-0.01037598
-0.01861572
-0.02532959
-0.02960205
-0.03082275
-0.02929688
-0.02502441
-0.01953125
-0.01312256
-0.00579834
 0.00183105
 0.00946045
 0.01525879
 0.01800537
 0.01739502
 0.01312256
 0.00671387
-0.00091553
-0.00701904
-0.01068115
-0.01190186
-0.00885010
-0.00213623
 0.00671387
 0.01647949
 0.02593994
 0.03387451
 0.03936768
 0.04180908
 0.04119873
 0.03723145
 0.03051758
 0.02227783
 0.01373291
 0.00518799
-0.00183105
-0.00579834
-0.00671387
-0.00488281
-0.00122070
 0.00427246
 0.01068115
 0.01800537
 0.02502441
 0.02960205
 0.02990723
 0.02593994
 0.01800537
 0.00701904
-0.00457764
-0.01464844
-0.02197266
-0.02655029
-0.02746582
-0.02471924
-0.01922607
-0.01220703
-0.00427246
 0.00335693
 0.00946045
 0.01190186
 0.01068115
 0.00671387
 0.00061035
-0.00640869
-0.01342773
-0.02014160
-0.02532959
-0.02868652
-0.02899170
-0.02685547
-0.02166748
-0.01495361
-0.00732422
 0.00000000
 0.00610352
 0.01007080
 0.01098633
 0.00915527
 0.00518799
-0.00061035
-0.00671387
-0.01129150
-0.01342773
-0.01312256
-0.01098633
-0.00671387
-0.00183105
 0.00305176
 0.00854492
 0.01373291
 0.01892090
 0.02380371
 0.02655029
 0.02655029
 0.02258301
 0.01678467
 0.00976563
 0.00305176
-0.00122070
-0.00305176
-0.00213623
 0.00152588
 0.00671387
 0.01220703
 0.01678467
 0.02014160
 0.02136230
 0.01983643
 0.01617432
 0.01220703
 0.00793457
 0.00274658
-0.00274658
-0.00793457
-0.01251221
-0.01647949
-0.01953125
-0.02105713
-0.01983643
-0.01586914
-0.00976563
-0.00274658
 0.00274658
 0.00610352
 0.00671387
 0.00488281
 0.00122070
-0.00274658
-0.00610352
-0.00732422
-0.00579834
-0.00305176
 0.00000000
 0.00213623
 0.00427246
 0.00610352
 0.00854492
 0.01098633
 0.01312256
 0.01495361
 0.01556396
 0.01434326
 0.01068115
 0.00579834
 0.00030518
-0.00457764
-0.00823975
-0.01068115
-0.01007080
-0.00762939
-0.00396729
 0.00091553
 0.00488281
 0.00732422
 0.00793457
 0.00732422
 0.00579834
 0.00427246
 0.00305176
 0.00183105
 0.00061035
-0.00122070
-0.00305176
-0.00457764
-0.00457764
-0.00274658
 0.00061035
 0.00427246
 0.00823975
 0.01159668
 0.01373291
 0.01342773
 0.01068115
 0.00579834
 0.00061035
-0.00396729
-0.00701904
-0.00793457
-0.00762939
-0.00671387
-0.00518799
-0.00305176
-0.00030518
 0.00305176
 0.00701904
 0.01007080
 0.01220703
 0.01251221
 0.01159668
 0.00915527
 0.00488281
-0.00030518
-0.00488281
-0.00762939
-0.00854492
-0.00701904
-0.00366211
 0.00213623
 0.00793457
 0.01281738
 0.01617432
 0.01739502
 0.01770020
 0.01800537
 0.01770020
 0.01647949
 0.01403809
 0.01068115
 0.00640869
 0.00152588
-0.00305176
-0.00579834
-0.00640869
-0.00488281
-0.00213623
 0.00122070
 0.00457764
 0.00671387
 0.00701904
 0.00610352
 0.00457764
 0.00183105
-0.00152588
-0.00396729
-0.00579834
-0.00640869
-0.00732422
-0.00701904
-0.00640869
-0.00457764
-0.00244141
 0.00030518
 0.00335693
 0.00640869
 0.00823975
 0.00885010
 0.00793457
 0.00579834
 0.00244141
-0.00213623
-0.00671387
-0.01007080
-0.01159668
-0.01129150
-0.00946045
-0.00732422
-0.00549316
-0.00427246
-0.00335693
-0.00213623
-0.00091553
 0.00030518
 0.00122070
 0.00091553
 0.00030518
-0.00183105
-0.00457764
-0.00732422
-0.00854492
-0.00823975
-0.00701904
-0.00457764
-0.00213623
 0.00030518
 0.00183105
 0.00183105
 0.00061035
-0.00213623
-0.00488281
-0.00701904
-0.00885010
-0.01037598
-0.01159668
-0.01342773
-0.01556396
-0.01770020
-0.01953125
-0.01983643
-0.01892090
-0.01739502
-0.01586914
-0.01495361
-0.01525879
-0.01678467
-0.01861572
-0.02136230
-0.02349854
-0.02410889
-0.02319336
-0.02075195
-0.01770020
-0.01464844
-0.01190186
-0.00885010
-0.00640869
-0.00335693
-0.00091553
 0.00061035
 0.00122070
 0.00030518
-0.00091553
-0.00213623
-0.00244141
-0.00244141
-0.00183105
-0.00122070
-0.00061035
 0.00000000
 0.00152588
 0.00366211
 0.00518799
 0.00579834
 0.00640869
 0.00610352
 0.00488281
 0.00244141
 0.00030518
-0.00061035
-0.00122070
-0.00122070
-0.00152588
-0.00183105
-0.00274658
-0.00305176
-0.00274658
-0.00152588
 0.00000000
 0.00122070
 0.00091553
-0.00183105
-0.00518799
-0.00885010
-0.01190186
-0.01434326
-0.01586914
-0.01678467
-0.01678467
-0.01617432
-0.01495361
-0.01403809
-0.01251221
-0.01098633
-0.00854492
-0.00610352
-0.00305176
-0.00091553
 0.00000000
 0.00000000
-0.00122070
-0.00213623
-0.00244141
-0.00213623
-0.00091553
 0.00091553
 0.00366211
 0.00671387
 0.01007080
 0.01281738
 0.01434326
 0.01434326
 0.01312256
 0.01159668
 0.01037598
 0.00976563
 0.00946045
 0.00976563
 0.00946045
 0.00885010
 0.00823975
 0.00823975
 0.00885010
 0.00946045
 0.01068115
 0.01129150
 0.01068115
 0.00915527
 0.00640869
 0.00305176
-0.00030518
-0.00305176
-0.00549316
-0.00671387
-0.00671387
-0.00579834
-0.00366211
-0.00091553
 0.00152588
 0.00488281
 0.00854492
 0.01129150
 0.01190186
 0.01190186
 0.01068115
 0.00915527
 0.00793457
 0.00732422
 0.00793457
 0.00915527
 0.01037598
 0.01220703
 0.01403809
 0.01647949
 0.01922607
 0.02288818
 0.02624512
 0.02838135
 0.02899170
 0.02868652
 0.02716064
 0.02410889
 0.01983643
 0.01464844
 0.01007080
 0.00640869
 0.00518799
 0.00488281
 0.00610352
 0.00793457
 0.01068115
 0.01342773
 0.01647949
 0.01861572
 0.01953125
 0.01831055
 0.01617432
 0.01251221
 0.00854492
 0.00427246
 0.00000000
-0.00335693
-0.00579834
-0.00701904
-0.00671387
-0.00518799
-0.00244141
 0.00122070
 0.00427246
 0.00640869
 0.00579834
 0.00366211
 0.00030518
-0.00366211
-0.00854492
-0.01373291
-0.01861572
-0.02197266
-0.02410889
-0.02441406
-0.02258301
-0.01922607
-0.01434326
-0.00915527
-0.00396729
-0.00061035
 0.00000000
-0.00183105
-0.00640869
-0.01342773
-0.02044678
-0.02624512
-0.02960205
-0.03173828
-0.03234863
-0.03143311
-0.02868652
-0.02471924
-0.01983643
-0.01464844
-0.00976563
-0.00518799
-0.00244141
-0.00183105
-0.00396729
-0.00854492
-0.01373291
-0.01892090
-0.02349854
-0.02624512
-0.02716064
-0.02502441
-0.02105713
-0.01525879
-0.00885010
-0.00244141
 0.00213623
 0.00427246
 0.00396729
 0.00213623
-0.00091553
-0.00366211
-0.00610352
-0.00823975
-0.01037598
-0.01190186
-0.01312256
-0.01342773
-0.01281738
-0.01037598
-0.00640869
-0.00061035
 0.00488281
 0.00854492
 0.00946045
 0.00793457
 0.00457764
 0.00122070
-0.00274658
-0.00640869
-0.00946045
-0.01068115
-0.01068115
-0.00915527
-0.00640869
-0.00305176
 0.00122070
 0.00579834
 0.00976563
 0.01129150
 0.01220703
 0.01312256
 0.01312256
 0.01281738
 0.01129150
 0.00915527
 0.00579834
 0.00335693
 0.00244141
 0.00335693
 0.00640869
 0.01159668
 0.01770020
 0.02380371
 0.02868652
 0.03173828
 0.03295898
 0.03265381
 0.03082275
 0.02807617
 0.02441406
 0.02044678
 0.01556396
 0.01098633
 0.00823975
 0.00701904
 0.00823975
 0.01068115
 0.01373291
 0.01678467
 0.01892090
 0.02014160
 0.02105713
 0.02227783
 0.02288818
 0.02227783
 0.01983643
 0.01617432
 0.01159668
 0.00640869
 0.00122070
-0.00213623
-0.00305176
-0.00213623
-0.00030518
 0.00152588
 0.00213623
 0.00091553
-0.00122070
-0.00335693
-0.00396729
-0.00366211
-0.00335693
-0.00366211
-0.00457764
-0.00610352
-0.00823975
-0.01068115
-0.01190186
-0.01159668
-0.01068115
-0.00946045
-0.00793457
-0.00579834
-0.00457764
-0.00457764
-0.00549316
-0.00732422
-0.01007080
-0.01220703
-0.01342773
-0.01312256
-0.01129150
-0.00915527
-0.00701904
-0.00549316
-0.00518799
-0.00518799
-0.00518799
-0.00457764
-0.00335693
-0.00183105
-0.00091553
-0.00091553
-0.00244141
-0.00518799
-0.00854492
-0.01190186
-0.01403809
-0.01464844
-0.01281738
-0.00915527
-0.00518799
-0.00183105
-0.00091553
-0.00183105
-0.00305176
-0.00335693
-0.00366211
-0.00305176
-0.00183105
-0.00091553
-0.00122070
-0.00244141
-0.00366211
-0.00427246
-0.00427246
-0.00366211
-0.00335693
-0.00244141
 0.00000000
 0.00183105
 0.00274658
 0.00213623
-0.00030518
-0.00335693
-0.00610352
-0.00823975
-0.01007080
-0.01068115
-0.01007080
-0.00885010
-0.00793457
-0.00732422
-0.00762939
-0.00732422
-0.00732422
-0.00793457
-0.00793457
-0.00732422
-0.00732422
-0.00793457
-0.00823975
-0.00854492
-0.00793457
-0.00640869
-0.00427246
-0.00152588
 0.00122070
 0.00305176
 0.00427246
 0.00396729
 0.00366211
 0.00335693
 0.00305176
 0.00274658
 0.00152588
-0.00091553
-0.00366211
-0.00579834
-0.00671387
-0.00671387
-0.00579834
-0.00366211
-0.00122070
 0.00183105
 0.00366211
 0.00396729
 0.00213623
-0.00061035
-0.00274658
-0.00427246
-0.00518799
-0.00549316
-0.00579834
-0.00671387
-0.00793457
-0.00885010
-0.00885010
-0.00854492
-0.00701904
-0.00488281
-0.00213623
 0.00091553
 0.00366211
 0.00518799
 0.00457764
 0.00213623
-0.00061035
-0.00366211
-0.00610352
-0.00762939
-0.00701904
-0.00549316
-0.00366211
-0.00335693
-0.00396729
-0.00427246
-0.00427246
-0.00396729
-0.00396729
-0.00457764
-0.00488281
-0.00518799
-0.00518799
-0.00488281
-0.00518799
-0.00518799
-0.00549316
-0.00518799
-0.00366211
-0.00091553
 0.00244141
 0.00640869
 0.00976563
 0.01129150
 0.01190186
 0.01129150
 0.00915527
 0.00640869
 0.00335693
 0.00091553
 0.00000000
 0.00061035
 0.00122070
 0.00091553
 0.00030518
-0.00061035
-0.00091553
-0.00091553
 0.00000000
 0.00091553
 0.00122070
 0.00030518
-0.00152588
-0.00366211
-0.00518799
-0.00579834
-0.00518799
-0.00457764
-0.00396729
-0.00274658
-0.00213623
-0.00122070
 0.00030518
 0.00183105
 0.00305176
 0.00457764
 0.00610352
 0.00732422
 0.00854492
 0.00946045
 0.00976563
 0.00976563
 0.01007080
 0.01098633
 0.01220703
 0.01312256
 0.01373291
 0.01312256
 0.01190186
 0.01068115
 0.00976563
 0.00915527
 0.00915527
 0.00946045
 0.01007080
 0.01098633
 0.01159668
 0.01220703
 0.01220703
 0.01159668
 0.01098633
 0.01098633
 0.01098633
 0.01159668
 0.01251221
 0.01373291
 0.01464844
 0.01434326
 0.01312256
 0.01068115
 0.00854492
 0.00732422
 0.00701904
 0.00762939
 0.00854492
 0.00885010
 0.00915527
 0.00762939
 0.00488281
 0.00183105
-0.00030518
-0.00183105
-0.00152588
 0.00000000
 0.00213623
 0.00366211
 0.00366211
 0.00244141
 0.00000000
-0.00305176
-0.00549316
-0.00701904
-0.00793457
-0.00762939
-0.00671387
-0.00610352
-0.00610352
-0.00610352
-0.00610352
-0.00579834
-0.00488281
-0.00305176
 0.00000000
 0.00396729
 0.00732422
 0.00946045
 0.01007080
 0.00915527
 0.00732422
 0.00488281
 0.00305176
 0.00122070
 0.00000000
-0.00122070
-0.00183105
-0.00122070
-0.00030518
-0.00030518
-0.00122070
-0.00213623
-0.00305176
-0.00335693
-0.00366211
-0.00305176
-0.00305176
-0.00396729
-0.00518799
-0.00762939
-0.01037598
-0.01251221
-0.01342773
-0.01312256
-0.01251221
-0.01159668
-0.01037598
-0.00854492
-0.00671387
-0.00579834
-0.00549316
-0.00610352
-0.00793457
-0.01037598
-0.01220703
-0.01373291
-0.01464844
-0.01495361
-0.01434326
-0.01281738
-0.01098633
-0.00946045
-0.00854492
-0.00762939
-0.00671387
-0.00488281
-0.00274658
-0.00061035
 0.00091553
 0.00213623
 0.00152588
-0.00030518
-0.00274658
-0.00366211
-0.00213623
 0.00091553
 0.00488281
 0.00885010
 0.01251221
 0.01525879
 0.01617432
 0.01617432
 0.01556396
 0.01434326
 0.01312256
 0.01220703
 0.01159668
 0.01098633
 0.01068115
 0.00976563
 0.00823975
 0.00671387
 0.00579834
 0.00518799
 0.00579834
 0.00671387
 0.00732422
 0.00701904
 0.00610352
 0.00427246
 0.00091553
-0.00305176
-0.00671387
-0.01007080
-0.01220703
-0.01312256
-0.01281738
-0.01129150
-0.00854492
-0.00549316
-0.00244141
-0.00030518
 0.00122070
 0.00244141
 0.00366211
 0.00396729
 0.00274658
-0.00030518
-0.00366211
-0.00671387
-0.00946045
-0.01129150
-0.01159668
-0.01007080
-0.00793457
-0.00610352
-0.00457764
-0.00335693
-0.00152588
-0.00061035
-0.00061035
-0.00274658
-0.00518799
-0.00732422
-0.00976563
-0.01281738
-0.01586914
-0.01831055
-0.01861572
-0.01708984
-0.01434326
-0.01129150
-0.00793457
-0.00488281
-0.00335693
-0.00305176
-0.00366211
-0.00488281
-0.00701904
-0.00885010
-0.01068115
-0.01251221
-0.01434326
-0.01617432
-0.01647949
-0.01586914
-0.01434326
-0.01190186
-0.00915527
-0.00640869
-0.00488281
-0.00457764
-0.00549316
-0.00671387
-0.00823975
-0.01007080
-0.01190186
-0.01312256
-0.01373291
-0.01434326
-0.01403809
-0.01312256
-0.01129150
-0.00854492
-0.00518799
-0.00213623
 0.00061035
 0.00305176
 0.00488281
 0.00518799
 0.00396729
 0.00244141
 0.00061035
-0.00030518
-0.00091553
-0.00091553
-0.00091553
-0.00152588
-0.00213623
-0.00152588
 0.00000000
 0.00213623
 0.00366211
 0.00457764
 0.00518799
 0.00579834
 0.00640869
 0.00640869
 0.00518799
 0.00335693
 0.00122070
-0.00030518
-0.00091553
-0.00030518
 0.00183105
 0.00457764
 0.00701904
 0.00915527
 0.01098633
 0.01251221
 0.01342773
 0.01373291
 0.01342773
 0.01342773
 0.01342773
 0.01312256
 0.01220703
 0.00946045
 0.00671387
 0.00427246
 0.00274658
 0.00244141
 0.00366211
 0.00671387
 0.00976563
 0.01098633
 0.01007080
 0.00793457
 0.00518799
 0.00274658
 0.00091553
-0.00030518
-0.00122070
-0.00244141
-0.00335693
-0.00427246
-0.00518799
-0.00671387
-0.00762939
-0.00671387
-0.00457764
-0.00122070
 0.00213623
 0.00518799
 0.00701904
 0.00701904
 0.00549316
 0.00366211
 0.00183105
 0.00091553
 0.00122070
 0.00122070
 0.00183105
 0.00305176
 0.00396729
 0.00488281
 0.00579834
 0.00701904
 0.00854492
 0.01037598
 0.01220703
 0.01464844
 0.01678467
 0.01678467
 0.01495361
 0.01190186
 0.00885010
 0.00640869
 0.00518799
 0.00579834
 0.00732422
 0.00976563
 0.01190186
 0.01342773
 0.01403809
 0.01373291
 0.01312256
 0.01251221
 0.01220703
 0.01190186
 0.01159668
 0.01098633
 0.01007080
 0.00915527
 0.00793457
 0.00579834
 0.00457764
 0.00427246
 0.00518799
 0.00671387
 0.00823975
 0.00854492
 0.00762939
 0.00579834
 0.00427246
 0.00305176
 0.00213623
 0.00122070
 0.00061035
 0.00030518
 0.00000000
 0.00000000
 0.00000000
 0.00000000
 0.00030518
 0.00152588
 0.00305176
 0.00396729
 0.00396729
 0.00396729
 0.00366211
 0.00213623
 0.00030518
-0.00091553
-0.00152588
-0.00152588
-0.00122070
-0.00091553
 0.00000000
 0.00061035
 0.00061035
-0.00030518
-0.00122070
-0.00183105
-0.00183105
-0.00152588
-0.00152588
-0.00091553
-0.00061035
-0.00061035
-0.00183105
-0.00305176
-0.00366211
-0.00396729
-0.00396729
-0.00457764
-0.00640869
-0.00793457
-0.00946045
-0.01007080
-0.01007080
-0.01007080
-0.01007080
-0.01098633
-0.01190186
-0.01220703
-0.01190186
-0.01098633
-0.01007080
-0.00976563
-0.01007080
-0.01129150
-0.01312256
-0.01495361
-0.01647949
-0.01892090
-0.02075195
-0.02166748
-0.02166748
-0.02105713
-0.02014160
-0.01953125
-0.01953125
-0.01861572
-0.01739502
-0.01708984
-0.01678467
-0.01678467
-0.01770020
-0.01922607
-0.02075195
-0.02136230
-0.02136230
-0.02044678
-0.01983643
-0.01892090
-0.01739502
-0.01464844
-0.01129150
-0.00762939
-0.00457764
-0.00335693
-0.00366211
-0.00457764
-0.00610352
-0.00732422
-0.00793457
-0.00823975
-0.00793457
-0.00701904
-0.00518799
-0.00244141
 0.00000000
 0.00213623
 0.00457764
 0.00671387
 0.00823975
 0.00915527
 0.00946045
 0.00915527
 0.00762939
 0.00518799
 0.00274658
 0.00061035
 0.00000000
 0.00030518
 0.00122070
 0.00305176
 0.00610352
 0.00976563
 0.01342773
 0.01678467
 0.01953125
 0.02044678
 0.01953125
 0.01800537
 0.01617432
 0.01403809
 0.01129150
 0.00823975
 0.00579834
 0.00549316
 0.00640869
 0.00793457
 0.01007080
 0.01342773
 0.01739502
 0.02075195
 0.02349854
 0.02471924
 0.02410889
 0.02166748
 0.01800537
 0.01373291
 0.01037598
 0.00793457
 0.00640869
 0.00579834
 0.00518799
 0.00549316
 0.00671387
 0.00854492
 0.01068115
 0.01342773
 0.01556396
 0.01647949
 0.01647949
 0.01464844
 0.01098633
 0.00640869
 0.00152588
-0.00335693
-0.00701904
-0.00885010
-0.00885010
-0.00701904
-0.00427246
-0.00152588
 0.00091553
 0.00274658
 0.00427246
 0.00396729
 0.00213623
-0.00122070
-0.00549316
-0.00976563
-0.01373291
-0.01647949
-0.01861572
-0.02014160
-0.02044678
-0.02014160
-0.01861572
-0.01647949
-0.01342773
-0.00976563
-0.00579834
-0.00305176
-0.00244141
-0.00335693
-0.00579834
-0.00885010
-0.01190186
-0.01464844
-0.01647949
-0.01708984
-0.01617432
-0.01434326
-0.01220703
-0.01007080
-0.00793457
-0.00549316
-0.00335693
-0.00183105
-0.00091553
-0.00091553
-0.00152588
-0.00305176
-0.00518799
-0.00732422
-0.00946045
-0.01068115
-0.01068115
-0.00976563
-0.00823975
-0.00640869
-0.00396729
-0.00152588
 0.00061035
 0.00183105
 0.00213623
 0.00213623
 0.00122070
 0.00000000
-0.00061035
-0.00122070
-0.00091553
 0.00000000
 0.00122070
 0.00244141
 0.00427246
 0.00671387
 0.00915527
 0.01007080
 0.01068115
 0.01098633
 0.01068115
 0.00976563
 0.00762939
 0.00457764
 0.00091553
-0.00183105
-0.00366211
-0.00457764
-0.00396729
-0.00183105
 0.00122070
 0.00396729
 0.00640869
 0.00854492
 0.01037598
 0.01159668
 0.01129150
 0.00976563
 0.00762939
 0.00579834
 0.00366211
 0.00152588
-0.00061035
-0.00213623
-0.00305176
-0.00305176
-0.00183105
 0.00030518
 0.00305176
 0.00549316
 0.00732422
 0.00885010
 0.00946045
 0.00885010
 0.00762939
 0.00549316
 0.00335693
 0.00091553
-0.00122070
-0.00335693
-0.00457764
-0.00518799
-0.00518799
-0.00518799
-0.00457764
-0.00396729
-0.00305176
-0.00152588
 0.00000000
 0.00030518
-0.00091553
-0.00305176
-0.00549316
-0.00823975
-0.01068115
-0.01159668
-0.01129150
-0.00946045
-0.00671387
-0.00427246
-0.00213623
-0.00061035
 0.00000000
 0.00061035
 0.00030518
-0.00030518
-0.00152588
-0.00244141
-0.00366211
-0.00518799
-0.00640869
-0.00732422
-0.00732422
-0.00579834
-0.00335693
 0.00000000
 0.00274658
 0.00488281
 0.00701904
 0.00854492
 0.00946045
 0.00946045
 0.00823975
 0.00610352
 0.00457764
 0.00335693
 0.00274658
 0.00244141
 0.00274658
 0.00305176
 0.00427246
 0.00579834
 0.00823975
 0.01129150
 0.01373291
 0.01556396
 0.01586914
 0.01464844
 0.01220703
 0.00915527
 0.00701904
 0.00579834
 0.00518799
 0.00427246
 0.00396729
 0.00396729
 0.00427246
 0.00518799
 0.00732422
 0.00976563
 0.01220703
 0.01403809
 0.01464844
 0.01373291
 0.01159668
 0.00915527
 0.00579834
 0.00244141
 0.00030518
 0.00000000
 0.00091553
 0.00305176
 0.00610352
 0.00915527
 0.01159668
 0.01342773
 0.01464844
 0.01586914
 0.01586914
 0.01464844
 0.01251221
 0.00976563
 0.00732422
 0.00488281
 0.00274658
 0.00061035
-0.00030518
-0.00030518
 0.00122070
 0.00305176
 0.00518799
 0.00732422
 0.00885010
 0.00885010
 0.00762939
 0.00549316
 0.00244141
-0.00091553
-0.00457764
-0.00793457
-0.01068115
-0.01190186
-0.01098633
-0.00885010
-0.00640869
-0.00488281
-0.00335693
-0.00274658
-0.00335693
-0.00457764
-0.00610352
-0.00854492
-0.01098633
-0.01312256
-0.01495361
-0.01586914
-0.01708984
-0.01861572
-0.01922607
-0.01800537
-0.01617432
-0.01312256
-0.00915527
-0.00549316
-0.00244141
-0.00122070
-0.00213623
-0.00549316
-0.00976563
-0.01403809
-0.01708984
-0.01922607
-0.02044678
-0.02014160
-0.01861572
-0.01647949
-0.01586914
-0.01525879
-0.01434326
-0.01220703
-0.01007080
-0.00823975
-0.00610352
-0.00488281
-0.00518799
-0.00732422
-0.01007080
-0.01281738
-0.01464844
-0.01556396
-0.01525879
-0.01373291
-0.01159668
-0.00946045
-0.00671387
-0.00427246
-0.00274658
-0.00213623
-0.00244141
-0.00335693
-0.00488281
-0.00610352
-0.00762939
-0.00915527
-0.01037598
-0.01098633
-0.01190186
-0.01159668
-0.01068115
-0.00915527
-0.00671387
-0.00396729
-0.00122070
 0.00061035
 0.00183105
 0.00213623
 0.00091553
-0.00152588
-0.00366211
-0.00518799
-0.00610352
-0.00671387
-0.00732422
-0.00640869
-0.00488281
-0.00274658
 0.00030518
 0.00366211
 0.00671387
 0.00793457
 0.00793457
 0.00732422
 0.00579834
 0.00305176
 0.00000000
-0.00213623
-0.00396729
-0.00518799
-0.00640869
-0.00671387
-0.00549316
-0.00274658
 0.00061035
 0.00396729
 0.00732422
 0.01037598
 0.01312256
 0.01464844
 0.01464844
 0.01312256
 0.01037598
 0.00671387
 0.00396729
 0.00213623
 0.00122070
 0.00122070
 0.00213623
 0.00366211
 0.00518799
 0.00701904
 0.00915527
 0.01068115
 0.01159668
 0.01159668
 0.01159668
 0.01190186
 0.01068115
 0.00823975
 0.00579834
 0.00305176
 0.00122070
 0.00030518
 0.00061035
 0.00274658
 0.00549316
 0.00793457
 0.00946045
 0.01068115
 0.01129150
 0.01098633
 0.01007080
 0.00915527
 0.00762939
 0.00518799
 0.00274658
 0.00152588
 0.00122070
 0.00122070
 0.00213623
 0.00335693
 0.00518799
 0.00793457
 0.01098633
 0.01312256
 0.01464844
 0.01434326
 0.01312256
 0.01190186
 0.01037598
 0.00915527
 0.00854492
 0.00762939
 0.00671387
 0.00610352
 0.00640869
 0.00701904
 0.00854492
 0.01007080
 0.01129150
 0.01190186
 0.01251221
 0.01251221
 0.01190186
 0.01037598
 0.00793457
 0.00579834
 0.00427246
 0.00366211
 0.00335693
 0.00396729
 0.00427246
 0.00427246
 0.00335693
 0.00274658
 0.00244141
 0.00183105
 0.00061035
-0.00030518
-0.00122070
-0.00274658
-0.00457764
-0.00671387
-0.00915527
-0.01007080
-0.00976563
-0.00823975
-0.00640869
-0.00488281
-0.00335693
-0.00244141
-0.00183105
-0.00244141
-0.00335693
-0.00427246
-0.00549316
-0.00671387
-0.00732422
-0.00701904
-0.00640869
-0.00610352
-0.00610352
-0.00640869
-0.00732422
-0.00793457
-0.00762939
-0.00701904
-0.00518799
-0.00335693
-0.00274658
-0.00305176
-0.00518799
-0.00732422
-0.00946045
-0.01068115
-0.01068115
-0.00915527
-0.00671387
-0.00396729
-0.00152588
 0.00030518
 0.00061035
 0.00000000
-0.00122070
-0.00213623
-0.00213623
-0.00091553
 0.00000000
 0.00061035
 0.00000000
-0.00091553
-0.00213623
-0.00335693
-0.00335693
-0.00244141
-0.00122070
 0.00122070
 0.00396729
 0.00610352
 0.00762939
 0.00854492
 0.00823975
 0.00640869
 0.00366211
 0.00091553
-0.00122070
-0.00152588
-0.00091553
 0.00091553
 0.00305176
 0.00427246
 0.00396729
 0.00366211
 0.00396729
 0.00488281
 0.00640869
 0.00762939
 0.00854492
 0.00915527
 0.00946045
 0.00885010
 0.00793457
 0.00579834
 0.00335693
 0.00183105
 0.00091553
 0.00061035
 0.00152588
 0.00335693
 0.00488281
 0.00549316
 0.00579834
 0.00640869
 0.00610352
 0.00488281
 0.00335693
 0.00152588
 0.00030518
-0.00030518
-0.00061035
-0.00061035
-0.00061035
-0.00061035
-0.00152588
-0.00274658
-0.00335693
-0.00366211
-0.00335693
-0.00305176
-0.00305176
-0.00366211
-0.00488281
-0.00671387
-0.00823975
-0.01007080
-0.01129150
-0.01190186
-0.01220703
-0.01220703
-0.01129150
-0.00976563
-0.00823975
-0.00762939
-0.00701904
-0.00671387
-0.00732422
-0.00823975
-0.00976563
-0.01129150
-0.01251221
-0.01342773
-0.01373291
-0.01434326
-0.01464844
-0.01434326
-0.01403809
-0.01312256
-0.01129150
-0.00885010
-0.00640869
-0.00396729
-0.00213623
-0.00122070
-0.00152588
-0.00213623
-0.00305176
-0.00488281
-0.00640869
-0.00701904
-0.00732422
-0.00732422
-0.00671387
-0.00579834
-0.00366211
-0.00122070
 0.00030518
 0.00152588
 0.00244141
 0.00274658
 0.00305176
 0.00335693
 0.00335693
 0.00335693
 0.00244141
 0.00152588
 0.00000000
-0.00152588
-0.00305176
-0.00396729
-0.00396729
-0.00305176
-0.00152588
 0.00000000
 0.00152588
 0.00335693
 0.00457764
 0.00488281
 0.00457764
 0.00305176
 0.00122070
 0.00000000
-0.00091553
-0.00122070
-0.00122070
-0.00061035
 0.00030518
 0.00091553
 0.00152588
 0.00183105
 0.00244141
 0.00335693
 0.00488281
 0.00671387
 0.00701904
 0.00732422
 0.00671387
 0.00488281
 0.00274658
 0.00030518
-0.00213623
-0.00274658
-0.00244141
-0.00152588
-0.00061035
 0.00000000
 0.00091553
 0.00213623
 0.00366211
 0.00457764
 0.00427246
 0.00335693
 0.00213623
 0.00061035
-0.00091553
-0.00335693
-0.00488281
-0.00640869
-0.00732422
-0.00762939
-0.00640869
-0.00335693
 0.00000000
 0.00244141
 0.00396729
 0.00518799
 0.00549316
 0.00488281
 0.00457764
 0.00427246
 0.00427246
 0.00396729
 0.00244141
-0.00030518
-0.00335693
-0.00640869
-0.00823975
-0.00854492
-0.00671387
-0.00427246
-0.00091553
 0.00244141
 0.00396729
 0.00396729
 0.00305176
 0.00183105
 0.00061035
 0.00030518
 0.00061035
 0.00061035
 0.00091553
 0.00091553
 0.00030518
-0.00061035
-0.00152588
-0.00152588
-0.00030518
 0.00183105
 0.00488281
 0.00793457
 0.00946045
 0.00976563
 0.00793457
 0.00518799
 0.00213623
-0.00061035
-0.00213623
-0.00213623
-0.00061035
 0.00183105
 0.00396729
 0.00488281
 0.00457764
 0.00366211
 0.00305176
 0.00366211
 0.00549316
 0.00793457
 0.01037598
 0.01190186
 0.01190186
 0.01068115
 0.00793457
 0.00488281
 0.00274658
 0.00213623
 0.00305176
 0.00549316
 0.00793457
 0.01007080
 0.01129150
 0.01159668
 0.01220703
 0.01190186
 0.01159668
 0.01129150
 0.01068115
 0.01007080
 0.00915527
 0.00793457
 0.00640869
 0.00457764
 0.00183105
-0.00061035
-0.00244141
-0.00305176
-0.00213623
-0.00030518
 0.00183105
 0.00366211
 0.00518799
 0.00610352
 0.00640869
 0.00549316
 0.00457764
 0.00366211
 0.00244141
 0.00183105
 0.00091553
 0.00000000
-0.00061035
-0.00091553
-0.00030518
 0.00030518
 0.00152588
 0.00366211
 0.00610352
 0.00732422
 0.00732422
 0.00640869
 0.00549316
 0.00396729
 0.00152588
-0.00091553
-0.00396729
-0.00640869
-0.00823975
-0.00885010
-0.00823975
-0.00701904
-0.00518799
-0.00335693
-0.00091553
 0.00091553
 0.00213623
 0.00305176
 0.00366211
 0.00396729
 0.00335693
 0.00122070
-0.00183105
-0.00396729
-0.00579834
-0.00671387
-0.00701904
-0.00640869
-0.00457764
-0.00305176
-0.00213623
-0.00091553
-0.00030518
 0.00000000
 0.00061035
 0.00091553
 0.00000000
-0.00183105
-0.00396729
-0.00640869
-0.00823975
-0.00976563
-0.01007080
-0.00915527
-0.00732422
-0.00518799
-0.00335693
-0.00213623
-0.00061035
 0.00030518
 0.00061035
 0.00030518
-0.00061035
-0.00244141
-0.00427246
-0.00579834
-0.00640869
-0.00640869
-0.00640869
-0.00610352
-0.00549316
-0.00427246
-0.00274658
-0.00091553
 0.00091553
 0.00152588
 0.00152588
 0.00091553
 0.00000000
-0.00152588
-0.00305176
-0.00427246
-0.00549316
-0.00610352
-0.00549316
-0.00427246
-0.00335693
-0.00183105
-0.00061035
 0.00030518
 0.00152588
 0.00305176
 0.00396729
 0.00427246
 0.00366211
 0.00213623
 0.00000000
-0.00274658
-0.00518799
-0.00671387
-0.00671387
-0.00610352
-0.00518799
-0.00305176
-0.00122070
 0.00000000
 0.00061035
 0.00091553
 0.00122070
 0.00091553
-0.00030518
-0.00122070
-0.00213623
-0.00335693
-0.00457764
-0.00610352
-0.00732422
-0.00762939
-0.00610352
-0.00427246
-0.00183105
 0.00152588
 0.00396729
 0.00457764
 0.00366211
 0.00244141
 0.00061035
-0.00091553
-0.00183105
-0.00213623
-0.00244141
-0.00213623
-0.00183105
-0.00152588
-0.00122070
 0.00000000
 0.00244141
 0.00518799
 0.00823975
 0.00976563
 0.01007080
 0.01007080
 0.00885010
 0.00640869
 0.00305176
 0.00061035
-0.00091553
-0.00152588
-0.00091553
-0.00061035
 0.00000000
 0.00030518
 0.00122070
 0.00213623
 0.00305176
 0.00335693
 0.00366211
 0.00427246
 0.00549316
 0.00671387
 0.00671387
 0.00518799
 0.00335693
 0.00061035
-0.00122070
-0.00213623
-0.00213623
-0.00122070
 0.00030518
 0.00244141
 0.00427246
 0.00518799
 0.00579834
 0.00549316
 0.00579834
 0.00549316
 0.00518799
 0.00457764
 0.00366211
 0.00274658
 0.00183105
 0.00030518
-0.00091553
-0.00152588
-0.00122070
-0.00122070
-0.00091553
-0.00061035
 0.00030518
 0.00122070
 0.00244141
 0.00213623
 0.00091553
-0.00030518
-0.00213623
-0.00427246
-0.00640869
-0.00854492
-0.00946045
-0.01007080
-0.01007080
-0.00976563
-0.00885010
-0.00732422
-0.00549316
-0.00366211
-0.00274658
-0.00274658
-0.00366211
-0.00549316
-0.00732422
-0.00946045
-0.01129150
-0.01251221
-0.01373291
-0.01434326
-0.01464844
-0.01495361
-0.01434326
-0.01220703
-0.00915527
-0.00579834
-0.00305176
-0.00244141
-0.00274658
-0.00427246
-0.00610352
-0.00793457
-0.00946045
-0.01068115
-0.01068115
-0.00946045
-0.00823975
-0.00671387
-0.00549316
-0.00427246
-0.00274658
-0.00122070
 0.00000000
 0.00122070
 0.00183105
 0.00213623
 0.00183105
 0.00061035
-0.00061035
-0.00183105
-0.00244141
-0.00213623
-0.00122070
-0.00030518
 0.00061035
 0.00213623
 0.00427246
 0.00610352
 0.00732422
 0.00732422
 0.00610352
 0.00488281
 0.00274658
 0.00122070
 0.00030518
-0.00030518
 0.00000000
 0.00122070
 0.00366211
 0.00701904
 0.01068115
 0.01434326
 0.01708984
 0.01892090
 0.01983643
 0.02014160
 0.01953125
 0.01861572
 0.01708984
 0.01556396
 0.01373291
 0.01190186
 0.01068115
 0.00946045
 0.00854492
 0.00885010
 0.01037598
 0.01312256
 0.01586914
 0.01800537
 0.01892090
 0.01861572
 0.01708984
 0.01525879
 0.01342773
 0.01159668
 0.00915527
 0.00732422
 0.00640869
 0.00640869
 0.00671387
 0.00640869
 0.00640869
 0.00671387
 0.00793457
 0.00915527
 0.01098633
 0.01190186
 0.01190186
 0.01098633
 0.01007080
 0.00854492
 0.00610352
 0.00335693
 0.00091553
-0.00030518
-0.00061035
 0.00000000
 0.00152588
 0.00305176
 0.00366211
 0.00335693
 0.00244141
 0.00152588
 0.00091553
 0.00030518
-0.00030518
-0.00122070
-0.00274658
-0.00488281
-0.00671387
-0.00732422
-0.00732422
-0.00640869
-0.00549316
-0.00427246
-0.00244141
-0.00030518
 0.00122070
 0.00152588
 0.00091553
 0.00000000
-0.00152588
-0.00335693
-0.00488281
-0.00671387
-0.00823975
-0.00946045
-0.01007080
-0.00915527
-0.00762939
-0.00549316
-0.00335693
-0.00183105
-0.00061035
 0.00030518
 0.00061035
 0.00000000
-0.00122070
-0.00305176
-0.00457764
-0.00640869
-0.00762939
-0.00915527
-0.01007080
-0.01007080
-0.00946045
-0.00854492
-0.00671387
-0.00427246
-0.00152588
 0.00030518
 0.00183105
 0.00244141
 0.00213623
 0.00122070
-0.00061035
-0.00274658
-0.00518799
-0.00762939
-0.00885010
-0.00854492
-0.00793457
-0.00732422
-0.00640869
-0.00579834
-0.00457764
-0.00305176
-0.00122070
-0.00030518
 0.00061035
 0.00030518
-0.00091553
-0.00274658
-0.00518799
-0.00762939
-0.00885010
-0.00885010
-0.00793457
-0.00610352
-0.00366211
-0.00152588
-0.00061035
 0.00030518
 0.00122070
 0.00183105
 0.00183105
 0.00183105
 0.00152588
 0.00061035
-0.00061035
-0.00152588
-0.00244141
-0.00305176
-0.00366211
-0.00366211
-0.00305176
-0.00183105
-0.00061035
 0.00091553
 0.00183105
 0.00244141
 0.00183105
 0.00091553
-0.00030518
-0.00183105
-0.00366211
-0.00518799
-0.00640869
-0.00671387
-0.00671387
-0.00640869
-0.00579834
-0.00457764
-0.00274658
-0.00061035
 0.00122070
 0.00244141
 0.00274658
 0.00213623
 0.00122070
 0.00061035
 0.00000000
-0.00091553
-0.00183105
-0.00274658
-0.00335693
-0.00396729
-0.00457764
-0.00457764
-0.00366211
-0.00152588
 0.00061035
 0.00274658
 0.00366211
 0.00396729
 0.00335693
 0.00183105
-0.00030518
-0.00244141
-0.00396729
-0.00518799
-0.00488281
-0.00396729
-0.00335693
-0.00274658
-0.00152588
-0.00030518
 0.00091553
 0.00183105
 0.00305176
 0.00457764
 0.00549316
 0.00579834
 0.00457764
 0.00274658
 0.00061035
-0.00183105
-0.00396729
-0.00488281
-0.00427246
-0.00244141
 0.00030518
 0.00305176
 0.00457764
 0.00518799
 0.00549316
 0.00518799
 0.00457764
 0.00427246
 0.00427246
 0.00396729
 0.00305176
 0.00183105
 0.00061035
-0.00061035
-0.00122070
-0.00091553
 0.00091553
 0.00274658
 0.00457764
 0.00640869
 0.00793457
 0.00885010
 0.00854492
 0.00762939
 0.00579834
 0.00274658
 0.00000000
-0.00152588
-0.00213623
-0.00213623
-0.00183105
-0.00061035
 0.00030518
 0.00061035
 0.00000000
-0.00030518
 0.00000000
 0.00030518
 0.00122070
 0.00183105
 0.00183105
 0.00091553
-0.00122070
-0.00335693
-0.00549316
-0.00610352
-0.00457764
-0.00244141
 0.00030518
 0.00244141
 0.00427246
 0.00488281
 0.00366211
 0.00213623
 0.00061035
-0.00061035
-0.00152588
-0.00213623
-0.00274658
-0.00305176
-0.00335693
-0.00244141
-0.00091553
 0.00122070
 0.00274658
 0.00366211
 0.00457764
 0.00549316
 0.00610352
 0.00610352
 0.00488281
 0.00335693
 0.00213623
 0.00061035
-0.00091553
-0.00213623
-0.00274658
-0.00152588
 0.00030518
 0.00305176
 0.00549316
 0.00671387
 0.00732422
 0.00671387
 0.00579834
 0.00427246
 0.00244141
 0.00122070
-0.00061035
-0.00152588
-0.00183105
-0.00091553
 0.00061035
 0.00183105
 0.00366211
 0.00549316
 0.00732422
 0.00915527
 0.01068115
 0.01098633
 0.01037598
 0.00885010
 0.00671387
 0.00518799
 0.00427246
 0.00305176
 0.00244141
 0.00274658
 0.00427246
 0.00701904
 0.01007080
 0.01281738
 0.01525879
 0.01617432
 0.01525879
 0.01312256
 0.01068115
 0.00885010
 0.00640869
 0.00396729
 0.00244141
 0.00122070
 0.00030518
 0.00030518
 0.00061035
 0.00213623
 0.00457764
 0.00732422
 0.01007080
 0.01220703
 0.01312256
 0.01281738
 0.01068115
 0.00793457
 0.00518799
 0.00183105
-0.00122070
-0.00366211
-0.00488281
-0.00549316
-0.00518799
-0.00427246
-0.00274658
-0.00091553
 0.00061035
 0.00152588
 0.00152588
 0.00030518
-0.00152588
-0.00305176
-0.00488281
-0.00671387
-0.00915527
-0.01129150
-0.01312256
-0.01403809
-0.01373291
-0.01190186
-0.00946045
-0.00671387
-0.00427246
-0.00274658
-0.00183105
-0.00183105
-0.00274658
-0.00366211
-0.00488281
-0.00671387
-0.00885010
-0.01098633
-0.01220703
-0.01251221
-0.01251221
-0.01190186
-0.01037598
-0.00762939
-0.00488281
-0.00305176
-0.00213623
-0.00152588
-0.00213623
-0.00274658
-0.00366211
-0.00427246
-0.00518799
-0.00671387
-0.00732422
-0.00854492
-0.00915527
-0.00976563
-0.01007080
-0.00885010
-0.00701904
-0.00488281
-0.00305176
-0.00091553
 0.00091553
 0.00122070
 0.00061035
-0.00091553
-0.00305176
-0.00518799
-0.00640869
-0.00579834
-0.00457764
-0.00396729
-0.00335693
-0.00335693
-0.00335693
-0.00335693
-0.00244141
-0.00122070
 0.00000000
 0.00122070
 0.00244141
 0.00335693
 0.00396729
 0.00335693
 0.00274658
 0.00183105
 0.00152588
 0.00213623
 0.00335693
 0.00488281
 0.00610352
 0.00732422
 0.00854492
 0.00946045
 0.01007080
 0.00976563
 0.00885010
 0.00854492
 0.00762939
 0.00610352
 0.00488281
 0.00427246
 0.00427246
 0.00488281
 0.00518799
 0.00579834
 0.00610352
 0.00671387
 0.00793457
 0.00854492
 0.00823975
 0.00732422
 0.00610352
 0.00427246
 0.00335693
 0.00274658
 0.00274658
 0.00183105
 0.00122070
 0.00152588
 0.00183105
 0.00274658
 0.00396729
 0.00518799
 0.00640869
 0.00732422
 0.00732422
 0.00610352
 0.00366211
 0.00091553
-0.00091553
-0.00244141
-0.00305176
-0.00335693
-0.00335693
-0.00305176
-0.00213623
-0.00183105
-0.00183105
-0.00213623
-0.00183105
-0.00183105
-0.00152588
-0.00152588
-0.00213623
-0.00335693
-0.00457764
-0.00518799
-0.00579834
-0.00549316
-0.00457764
-0.00396729
-0.00274658
-0.00091553
 0.00122070
 0.00244141
 0.00274658
 0.00213623
 0.00000000
-0.00244141
-0.00457764
-0.00671387
-0.00854492
-0.00915527
-0.00976563
-0.00976563
-0.00946045
-0.00823975
-0.00671387
-0.00549316
-0.00427246
-0.00305176
-0.00244141
-0.00183105
-0.00244141
-0.00335693
-0.00488281
-0.00671387
-0.00854492
-0.00915527
-0.00976563
-0.00946045
-0.00854492
-0.00671387
-0.00366211
 0.00000000
 0.00305176
 0.00518799
 0.00610352
 0.00579834
 0.00427246
 0.00244141
 0.00030518
-0.00213623
-0.00427246
-0.00579834
-0.00610352
-0.00610352
-0.00579834
-0.00488281
-0.00274658
-0.00061035
 0.00183105
 0.00427246
 0.00579834
 0.00610352
 0.00549316
 0.00457764
 0.00335693
 0.00152588
-0.00091553
-0.00274658
-0.00457764
-0.00518799
-0.00518799
-0.00335693
-0.00030518
 0.00244141
 0.00518799
 0.00732422
 0.00823975
 0.00854492
 0.00793457
 0.00701904
 0.00549316
 0.00366211
 0.00183105
 0.00000000
-0.00183105
-0.00274658
-0.00213623
-0.00030518
 0.00183105
 0.00427246
 0.00579834
 0.00732422
 0.00854492
 0.00885010
 0.00885010
 0.00793457
 0.00610352
 0.00396729
 0.00152588
-0.00061035
-0.00213623
-0.00244141
-0.00152588
 0.00061035
 0.00335693
 0.00579834
 0.00793457
 0.00976563
 0.01098633
 0.01098633
 0.01007080
 0.00885010
 0.00732422
 0.00518799
 0.00213623
-0.00030518
-0.00213623
-0.00335693
-0.00335693
-0.00244141
-0.00061035
 0.00183105
 0.00457764
 0.00671387
 0.00793457
 0.00823975
 0.00762939
 0.00640869
 0.00457764
 0.00244141
 0.00091553
-0.00030518
-0.00152588
-0.00244141
-0.00213623
-0.00061035
 0.00122070
 0.00244141
 0.00396729
 0.00579834
 0.00732422
 0.00854492
 0.00885010
 0.00793457
 0.00610352
 0.00396729
 0.00183105
-0.00061035
-0.00274658
-0.00366211
-0.00335693
-0.00213623
-0.00061035
 0.00152588
 0.00366211
 0.00579834
 0.00701904
 0.00732422
 0.00671387
 0.00579834
 0.00488281
 0.00305176
 0.00091553
-0.00152588
-0.00366211
-0.00549316
-0.00610352
-0.00610352
-0.00518799
-0.00396729
-0.00244141
-0.00122070
 0.00030518
 0.00091553
 0.00152588
 0.00091553
-0.00030518
-0.00183105
-0.00335693
-0.00427246
-0.00549316
-0.00610352
-0.00610352
-0.00549316
-0.00457764
-0.00305176
-0.00152588
 0.00030518
 0.00152588
 0.00274658
 0.00274658
 0.00152588
 0.00000000
-0.00122070
-0.00274658
-0.00427246
-0.00579834
-0.00671387
-0.00701904
-0.00671387
-0.00579834
-0.00427246
-0.00244141
-0.00061035
 0.00091553
 0.00244141
 0.00274658
 0.00183105
 0.00061035
-0.00091553
-0.00305176
-0.00457764
-0.00579834
-0.00671387
-0.00701904
-0.00640869
-0.00549316
-0.00427246
-0.00305176
-0.00152588
 0.00061035
 0.00305176
 0.00427246
 0.00488281
 0.00488281
 0.00366211
 0.00213623
 0.00061035
-0.00152588
-0.00335693
-0.00457764
-0.00488281
-0.00396729
-0.00274658
-0.00183105
-0.00122070
-0.00030518
 0.00091553
 0.00213623
 0.00244141
 0.00244141
 0.00244141
 0.00213623
 0.00122070
-0.00061035
-0.00213623
-0.00274658
-0.00274658
-0.00244141
-0.00183105
-0.00030518
 0.00152588
 0.00366211
 0.00518799
 0.00579834
 0.00579834
 0.00488281
 0.00366211
 0.00244141
 0.00091553
-0.00030518
-0.00122070
-0.00183105
-0.00213623
-0.00213623
-0.00213623
-0.00183105
-0.00091553
 0.00030518
 0.00152588
 0.00274658
 0.00305176
 0.00274658
 0.00183105
 0.00030518
-0.00122070
-0.00305176
-0.00488281
-0.00610352
-0.00671387
-0.00579834
-0.00488281
-0.00396729
-0.00305176
-0.00183105
-0.00061035
 0.00000000
-0.00030518
-0.00030518
-0.00091553
-0.00152588
-0.00274658
-0.00457764
-0.00610352
-0.00762939
-0.00793457
-0.00762939
-0.00671387
-0.00549316
-0.00427246
-0.00305176
-0.00213623
-0.00152588
-0.00122070
-0.00152588
-0.00152588
-0.00213623
-0.00274658
-0.00335693
-0.00335693
-0.00366211
-0.00335693
-0.00305176
-0.00183105
-0.00061035
 0.00061035
 0.00213623
 0.00335693
 0.00366211
 0.00366211
 0.00335693
 0.00213623
 0.00061035
-0.00061035
-0.00152588
-0.00213623
-0.00244141
-0.00244141
-0.00244141
-0.00183105
-0.00061035
 0.00030518
 0.00091553
 0.00213623
 0.00274658
 0.00274658
 0.00213623
 0.00244141
 0.00244141
 0.00244141
 0.00183105
 0.00091553
 0.00061035
 0.00061035
 0.00091553
 0.00122070
 0.00213623
 0.00305176
 0.00366211
 0.00457764
 0.00457764
 0.00457764
 0.00457764
 0.00427246
 0.00457764
 0.00457764
 0.00488281
 0.00488281
 0.00457764
 0.00396729
 0.00366211
 0.00366211
 0.00335693
 0.00305176
 0.00335693
 0.00366211
 0.00427246
 0.00427246
 0.00427246
 0.00457764
 0.00488281
 0.00488281
 0.00488281
 0.00488281
 0.00488281
 0.00518799
 0.00518799
 0.00518799
 0.00518799
 0.00457764
 0.00335693
 0.00183105
 0.00061035
-0.00030518
-0.00091553
-0.00091553
-0.00030518
-0.00030518
 0.00000000
 0.00000000
 0.00000000
-0.00030518
-0.00061035
-0.00122070
-0.00152588
-0.00213623
-0.00213623
-0.00183105
-0.00183105
-0.00183105
-0.00244141
-0.00213623
-0.00183105
-0.00122070
-0.00091553
 0.00000000
 0.00091553
 0.00152588
 0.00152588
 0.00061035
-0.00030518
-0.00122070
-0.00213623
-0.00335693
-0.00427246
-0.00457764
-0.00427246
-0.00305176
-0.00213623
-0.00122070
 0.00000000
 0.00030518
 0.00152588
 0.00244141
 0.00244141
 0.00152588
-0.00030518
-0.00183105
-0.00305176
-0.00427246
-0.00518799
-0.00549316
-0.00549316
-0.00549316
-0.00579834
-0.00579834
-0.00518799
-0.00396729
-0.00274658
-0.00152588
-0.00061035
-0.00030518
-0.00061035
-0.00091553
-0.00152588
-0.00274658
-0.00396729
-0.00457764
-0.00427246
-0.00305176
-0.00244141
-0.00122070
-0.00122070
-0.00122070
-0.00091553
-0.00091553
-0.00091553
-0.00091553
-0.00061035
-0.00061035
-0.00091553
-0.00122070
-0.00183105
-0.00274658
-0.00305176
-0.00244141
-0.00183105
-0.00061035
 0.00091553
 0.00244141
 0.00366211
 0.00396729
 0.00305176
 0.00183105
 0.00030518
-0.00091553
-0.00122070
-0.00122070
-0.00091553
-0.00091553
-0.00091553
-0.00030518
 0.00061035
 0.00152588
 0.00183105
 0.00244141
 0.00366211
 0.00488281
 0.00610352
 0.00640869
 0.00610352
 0.00518799
 0.00427246
 0.00305176
 0.00152588
 0.00061035
 0.00091553
 0.00122070
 0.00152588
 0.00183105
 0.00213623
 0.00183105
 0.00122070
 0.00122070
 0.00152588
 0.00183105
 0.00152588
 0.00122070
 0.00152588
 0.00152588
 0.00122070
 0.00061035
 0.00061035
 0.00061035
 0.00122070
 0.00244141
 0.00366211
 0.00488281
 0.00549316
 0.00549316
 0.00488281
 0.00457764
 0.00396729
 0.00366211
 0.00335693
 0.00274658
 0.00183105
 0.00122070
 0.00030518
-0.00030518
-0.00091553
-0.00091553
-0.00061035
-0.00061035
-0.00030518
 0.00030518
 0.00122070
 0.00183105
 0.00213623
 0.00152588
 0.00030518
-0.00061035
-0.00122070
-0.00183105
-0.00183105
-0.00122070
-0.00091553
-0.00152588
-0.00244141
-0.00335693
-0.00366211
-0.00366211
-0.00335693
-0.00274658
-0.00152588
-0.00091553
-0.00122070
-0.00183105
-0.00274658
-0.00305176
-0.00335693
-0.00396729
-0.00427246
-0.00396729
-0.00335693
-0.00335693
-0.00366211
-0.00396729
-0.00518799
-0.00579834
-0.00671387
-0.00732422
-0.00732422
-0.00701904
-0.00671387
-0.00640869
-0.00610352
-0.00610352
-0.00610352
-0.00671387
-0.00701904
-0.00701904
-0.00640869
-0.00549316
-0.00457764
-0.00396729
-0.00366211
-0.00457764
-0.00610352
-0.00701904
-0.00762939
-0.00762939
-0.00671387
-0.00518799
-0.00427246
-0.00366211
-0.00335693
-0.00335693
-0.00366211
-0.00488281
-0.00610352
-0.00610352
-0.00610352
-0.00518799
-0.00457764
-0.00396729
-0.00366211
-0.00366211
-0.00396729
-0.00396729
-0.00335693
-0.00274658
-0.00183105
-0.00091553
 0.00030518
 0.00091553
 0.00213623
 0.00244141
 0.00213623
 0.00213623
 0.00213623
 0.00244141
 0.00305176
 0.00396729
 0.00488281
 0.00549316
 0.00549316
 0.00518799
 0.00488281
 0.00488281
 0.00488281
 0.00518799
 0.00488281
 0.00427246
 0.00366211
 0.00305176
 0.00244141
 0.00213623
 0.00183105
 0.00213623
 0.00244141
 0.00335693
 0.00427246
 0.00488281
 0.00549316
 0.00610352
 0.00671387
 0.00732422
 0.00762939
 0.00701904
 0.00671387
 0.00640869
 0.00640869
 0.00549316
 0.00457764
 0.00396729
 0.00396729
 0.00457764
 0.00549316
 0.00610352
 0.00701904
 0.00793457
 0.00823975
 0.00793457
 0.00732422
 0.00701904
 0.00671387
 0.00579834
 0.00488281
 0.00457764
 0.00427246
 0.00366211
 0.00244141
 0.00152588
 0.00061035
 0.00000000
 0.00030518
 0.00091553
 0.00183105
 0.00305176
 0.00366211
 0.00335693
 0.00213623
 0.00091553
 0.00000000
-0.00091553
-0.00122070
-0.00183105
-0.00152588
-0.00152588
-0.00152588
-0.00213623
-0.00213623
-0.00213623
-0.00183105
-0.00213623
-0.00213623
-0.00244141
-0.00305176
-0.00335693
-0.00366211
-0.00396729
-0.00457764
-0.00549316
-0.00610352
-0.00610352
-0.00610352
-0.00579834
-0.00518799
-0.00427246
-0.00366211
-0.00305176
-0.00274658
-0.00274658
-0.00335693
-0.00427246
-0.00488281
-0.00488281
-0.00518799
-0.00549316
-0.00579834
-0.00549316
-0.00518799
-0.00457764
-0.00396729
-0.00335693
-0.00305176
-0.00244141
-0.00183105
-0.00122070
-0.00091553
-0.00091553
-0.00122070
-0.00152588
-0.00152588
-0.00183105
-0.00305176
-0.00396729
-0.00488281
-0.00549316
-0.00488281
-0.00335693
-0.00183105
-0.00061035
-0.00030518
 0.00030518
 0.00061035
 0.00122070
 0.00152588
 0.00183105
 0.00183105
 0.00152588
 0.00030518
-0.00091553
-0.00183105
-0.00274658
-0.00335693
-0.00335693
-0.00274658
-0.00213623
-0.00122070
 0.00030518
 0.00183105
 0.00305176
 0.00427246
 0.00457764
 0.00488281
 0.00457764
 0.00366211
 0.00274658
 0.00122070
-0.00030518
-0.00122070
-0.00122070
-0.00061035
 0.00000000
 0.00061035
 0.00152588
 0.00244141
 0.00335693
 0.00427246
 0.00427246
 0.00457764
 0.00427246
 0.00366211
 0.00305176
 0.00213623
 0.00122070
 0.00061035
-0.00030518
-0.00091553
-0.00152588
-0.00122070
-0.00091553
-0.00030518
 0.00061035
 0.00152588
 0.00152588
 0.00152588
 0.00091553
-0.00030518
-0.00152588
-0.00244141
-0.00274658
-0.00244141
-0.00274658
-0.00244141
-0.00183105
-0.00122070
-0.00030518
 0.00030518
 0.00091553
 0.00091553
 0.00091553
 0.00061035
-0.00030518
-0.00152588
-0.00274658
-0.00427246
-0.00579834
-0.00671387
-0.00671387
-0.00610352
-0.00518799
-0.00396729
-0.00213623
-0.00030518
 0.00091553
 0.00152588
 0.00122070
 0.00061035
 0.00000000
-0.00061035
-0.00091553
-0.00122070
-0.00152588
-0.00213623
-0.00305176
-0.00335693
-0.00305176
-0.00213623
-0.00122070
 0.00030518
 0.00213623
 0.00427246
 0.00518799
 0.00549316
 0.00457764
 0.00335693
 0.00213623
 0.00061035
-0.00122070
-0.00213623
-0.00244141
-0.00274658
-0.00305176
-0.00274658
-0.00152588
 0.00000000
 0.00183105
 0.00335693
 0.00427246
 0.00366211
 0.00305176
 0.00244141
 0.00213623
 0.00091553
-0.00091553
-0.00213623
-0.00244141
-0.00244141
-0.00183105
-0.00152588
-0.00091553
 0.00030518
 0.00152588
 0.00244141
 0.00335693
 0.00335693
 0.00305176
 0.00305176
 0.00213623
 0.00030518
-0.00122070
-0.00213623
-0.00213623
-0.00152588
-0.00030518
 0.00061035
 0.00152588
 0.00305176
 0.00396729
 0.00518799
 0.00579834
 0.00640869
 0.00640869
 0.00579834
 0.00427246
 0.00274658
 0.00122070
-0.00061035
-0.00213623
-0.00335693
-0.00396729
-0.00335693
-0.00152588
 0.00030518
 0.00152588
 0.00183105
 0.00183105
 0.00122070
 0.00122070
 0.00061035
-0.00030518
-0.00122070
-0.00152588
-0.00122070
-0.00091553
-0.00122070
-0.00152588
-0.00244141
-0.00305176
-0.00244141
-0.00061035
 0.00122070
 0.00244141
 0.00274658
 0.00213623
 0.00122070
-0.00030518
-0.00152588
-0.00274658
-0.00335693
-0.00305176
-0.00244141
-0.00213623
-0.00244141
-0.00244141
-0.00244141
-0.00244141
-0.00183105
-0.00152588
-0.00122070
-0.00030518
 0.00000000
 0.00030518
 0.00000000
-0.00091553
-0.00244141
-0.00305176
-0.00305176
-0.00305176
-0.00244141
-0.00152588
-0.00091553
-0.00030518
-0.00030518
-0.00122070
-0.00244141
-0.00305176
-0.00305176
-0.00305176
-0.00366211
-0.00366211
-0.00396729
-0.00396729
-0.00396729
-0.00457764
-0.00457764
-0.00457764
-0.00427246
-0.00396729
-0.00396729
-0.00366211
-0.00335693
-0.00335693
-0.00335693
-0.00274658
-0.00244141
-0.00274658
-0.00244141
-0.00244141
-0.00244141
-0.00244141
-0.00183105
-0.00183105
-0.00183105
-0.00122070
-0.00122070
-0.00213623
-0.00274658
-0.00274658
-0.00274658
-0.00244141
-0.00244141
-0.00183105
-0.00152588
-0.00091553
-0.00061035
-0.00091553
-0.00122070
-0.00152588
-0.00152588
-0.00183105
-0.00244141
-0.00274658
-0.00305176
-0.00244141
-0.00183105
-0.00183105
-0.00274658
-0.00305176
-0.00305176
-0.00183105
-0.00030518
 0.00091553
 0.00183105
 0.00213623
 0.00213623
 0.00183105
 0.00061035
-0.00030518
-0.00061035
-0.00061035
-0.00030518
 0.00030518
 0.00061035
 0.00152588
 0.00244141
 0.00305176
 0.00366211
 0.00457764
 0.00518799
 0.00579834
 0.00549316
 0.00396729
 0.00244141
 0.00183105
 0.00152588
 0.00122070
 0.00061035
 0.00000000
-0.00030518
 0.00030518
 0.00152588
 0.00274658
 0.00366211
 0.00518799
 0.00610352
 0.00579834
 0.00518799
 0.00457764
 0.00427246
 0.00335693
 0.00244141
 0.00152588
 0.00061035
 0.00030518
 0.00000000
 0.00000000
 0.00061035
 0.00152588
 0.00244141
 0.00305176
 0.00305176
 0.00335693
 0.00305176
 0.00244141
 0.00183105
 0.00122070
 0.00061035
 0.00000000
-0.00061035
-0.00091553
-0.00091553
-0.00030518
 0.00091553
 0.00183105
 0.00244141
 0.00244141
 0.00305176
 0.00335693
 0.00335693
 0.00274658
 0.00183105
 0.00030518
-0.00122070
-0.00274658
-0.00366211
-0.00457764
-0.00518799
-0.00427246
-0.00305176
-0.00213623
-0.00213623
-0.00213623
-0.00244141
-0.00305176
-0.00396729
-0.00366211
-0.00305176
-0.00274658
-0.00366211
-0.00457764
-0.00518799
-0.00518799
-0.00549316
-0.00549316
-0.00488281
-0.00427246
-0.00305176
-0.00213623
-0.00213623
-0.00244141
-0.00335693
-0.00457764
-0.00518799
-0.00579834
-0.00640869
-0.00701904
-0.00732422
-0.00762939
-0.00762939
-0.00701904
-0.00610352
-0.00457764
-0.00335693
-0.00274658
-0.00244141
-0.00213623
-0.00152588
-0.00183105
-0.00244141
-0.00305176
-0.00335693
-0.00335693
-0.00274658
-0.00213623
-0.00183105
-0.00122070
-0.00122070
-0.00152588
-0.00091553
-0.00030518
 0.00091553
 0.00183105
 0.00274658
 0.00274658
 0.00183105
 0.00061035
-0.00030518
-0.00122070
-0.00183105
-0.00183105
-0.00122070
 0.00000000
 0.00091553
 0.00213623
 0.00305176
 0.00305176
 0.00305176
 0.00335693
 0.00396729
 0.00427246
 0.00396729
 0.00366211
 0.00305176
 0.00244141
 0.00152588
 0.00091553
 0.00122070
 0.00122070
 0.00122070
 0.00152588
 0.00244141
 0.00335693
 0.00457764
 0.00549316
 0.00579834
 0.00610352
 0.00549316
 0.00427246
 0.00305176
 0.00152588
 0.00061035
 0.00000000
 0.00030518
 0.00091553
 0.00122070
 0.00183105
 0.00244141
 0.00305176
 0.00396729
 0.00427246
 0.00457764
 0.00488281
 0.00518799
 0.00518799
 0.00427246
 0.00366211
 0.00213623
 0.00061035
-0.00061035
-0.00122070
-0.00183105
-0.00122070
 0.00000000
 0.00152588
 0.00274658
 0.00396729
 0.00396729
 0.00305176
 0.00152588
 0.00000000
-0.00122070
-0.00152588
-0.00213623
-0.00244141
-0.00274658
-0.00274658
-0.00305176
-0.00305176
-0.00274658
-0.00244141
-0.00152588
-0.00061035
 0.00030518
 0.00091553
 0.00091553
 0.00030518
-0.00122070
-0.00305176
-0.00488281
-0.00671387
-0.00793457
-0.00823975
-0.00793457
-0.00701904
-0.00579834
-0.00427246
-0.00305176
-0.00122070
 0.00000000
 0.00122070
 0.00183105
 0.00213623
 0.00183105
 0.00061035
-0.00122070
-0.00244141
-0.00335693
-0.00396729
-0.00427246
-0.00427246
-0.00366211
-0.00244141
-0.00152588
-0.00030518
 0.00091553
 0.00213623
 0.00274658
 0.00274658
 0.00183105
 0.00091553
-0.00030518
-0.00152588
-0.00335693
-0.00488281
-0.00640869
-0.00701904
-0.00640869
-0.00488281
-0.00335693
-0.00152588
 0.00000000
 0.00152588
 0.00244141
 0.00274658
 0.00305176
 0.00244141
 0.00183105
 0.00061035
-0.00122070
-0.00305176
-0.00427246
-0.00488281
-0.00488281
-0.00366211
-0.00152588
 0.00091553
 0.00335693
 0.00518799
 0.00610352
 0.00579834
 0.00518799
 0.00396729
 0.00213623
 0.00030518
-0.00183105
-0.00305176
-0.00457764
-0.00518799
-0.00488281
-0.00427246
-0.00366211
-0.00244141
-0.00061035
 0.00122070
 0.00305176
 0.00457764
 0.00488281
 0.00396729
 0.00213623
 0.00061035
-0.00152588
-0.00335693
-0.00488281
-0.00518799
-0.00488281
-0.00457764
-0.00366211
-0.00274658
-0.00213623
-0.00122070
 0.00000000
 0.00061035
 0.00122070
 0.00183105
 0.00122070
 0.00000000
-0.00152588
-0.00366211
-0.00549316
-0.00671387
-0.00701904
-0.00701904
-0.00640869
-0.00549316
-0.00457764
-0.00305176
-0.00183105
-0.00152588
-0.00183105
-0.00213623
-0.00244141
-0.00183105
-0.00183105
-0.00244141
-0.00366211
-0.00488281
-0.00518799
-0.00488281
-0.00366211
-0.00244141
-0.00122070
 0.00000000
 0.00122070
 0.00213623
 0.00244141
 0.00213623
 0.00183105
 0.00122070
 0.00030518
-0.00122070
-0.00244141
-0.00396729
-0.00488281
-0.00488281
-0.00366211
-0.00274658
-0.00122070
 0.00061035
 0.00213623
 0.00335693
 0.00427246
 0.00488281
 0.00457764
 0.00366211
 0.00244141
 0.00091553
-0.00030518
-0.00122070
-0.00213623
-0.00305176
-0.00335693
-0.00244141
-0.00091553
 0.00091553
 0.00244141
 0.00366211
 0.00488281
 0.00579834
 0.00579834
 0.00488281
 0.00335693
 0.00152588
-0.00061035
-0.00274658
-0.00396729
-0.00427246
-0.00366211
-0.00305176
-0.00244141
-0.00183105
-0.00091553
 0.00030518
 0.00183105
 0.00305176
 0.00396729
 0.00427246
 0.00396729
 0.00305176
 0.00122070
-0.00061035
-0.00183105
-0.00213623
-0.00152588
-0.00030518
 0.00091553
 0.00213623
 0.00335693
 0.00457764
 0.00518799
 0.00549316
 0.00488281
 0.00366211
 0.00213623
-0.00030518
-0.00183105
-0.00305176
-0.00366211
-0.00457764
-0.00427246
-0.00335693
-0.00244141
-0.00091553
 0.00091553
 0.00274658
 0.00488281
 0.00640869
 0.00610352
 0.00457764
 0.00244141
 0.00000000
-0.00213623
-0.00396729
-0.00488281
-0.00549316
-0.00549316
-0.00457764
-0.00335693
-0.00183105
 0.00030518
 0.00274658
 0.00457764
 0.00579834
 0.00640869
 0.00640869
 0.00579834
 0.00427246
 0.00244141
 0.00061035
-0.00091553
-0.00213623
-0.00305176
-0.00366211
-0.00274658
-0.00122070
 0.00061035
 0.00244141
 0.00396729
 0.00518799
 0.00579834
 0.00549316
 0.00457764
 0.00274658
 0.00061035
-0.00122070
-0.00213623
-0.00274658
-0.00305176
-0.00274658
-0.00152588
 0.00061035
 0.00274658
 0.00427246
 0.00549316
 0.00549316
 0.00488281
 0.00427246
 0.00335693
 0.00152588
-0.00030518
-0.00183105
-0.00366211
-0.00488281
-0.00549316
-0.00488281
-0.00396729
-0.00244141
-0.00091553
 0.00061035
 0.00183105
 0.00244141
 0.00244141
 0.00152588
 0.00030518
-0.00061035
-0.00244141
-0.00427246
-0.00549316
-0.00640869
-0.00610352
-0.00549316
-0.00427246
-0.00335693
-0.00183105
 0.00061035
 0.00213623
 0.00244141
 0.00213623
 0.00152588
 0.00061035
-0.00030518
-0.00183105
-0.00366211
-0.00457764
-0.00518799
-0.00518799
-0.00518799
-0.00518799
-0.00457764
-0.00427246
-0.00305176
-0.00183105
-0.00183105
-0.00244141
-0.00274658
-0.00274658
-0.00274658
-0.00335693
-0.00457764
-0.00579834
-0.00640869
-0.00610352
-0.00549316
-0.00457764
-0.00305176
-0.00122070
 0.00061035
 0.00152588
 0.00122070
 0.00122070
 0.00091553
 0.00061035
 0.00000000
-0.00091553
-0.00213623
-0.00305176
-0.00335693
-0.00366211
-0.00396729
-0.00335693
-0.00244141
-0.00091553
 0.00030518
 0.00183105
 0.00274658
 0.00335693
 0.00396729
 0.00335693
 0.00213623
 0.00091553
-0.00091553
-0.00244141
-0.00396729
-0.00457764
-0.00427246
-0.00366211
-0.00213623
 0.00000000
 0.00152588
 0.00274658
 0.00366211
 0.00457764
 0.00488281
 0.00457764
 0.00427246
 0.00335693
 0.00213623
 0.00091553
-0.00030518
-0.00122070
-0.00152588
-0.00122070
-0.00091553
 0.00000000
 0.00122070
 0.00244141
 0.00366211
 0.00396729
 0.00396729
 0.00366211
 0.00274658
 0.00122070
-0.00030518
-0.00213623
-0.00335693
-0.00396729
-0.00427246
-0.00396729
-0.00305176
-0.00183105
-0.00030518
 0.00091553
 0.00183105
 0.00274658
 0.00305176
 0.00305176
 0.00244141
 0.00091553
-0.00061035
-0.00122070
-0.00244141
-0.00305176
-0.00396729
-0.00427246
-0.00396729
-0.00366211
-0.00305176
-0.00244141
-0.00152588
-0.00061035
-0.00061035
-0.00091553
-0.00122070
-0.00122070
-0.00213623
-0.00366211
-0.00488281
-0.00518799
-0.00549316
-0.00549316
-0.00549316
-0.00518799
-0.00488281
-0.00457764
-0.00427246
-0.00335693
-0.00305176
-0.00244141
-0.00244141
-0.00274658
-0.00274658
-0.00305176
-0.00305176
-0.00335693
-0.00305176
-0.00335693
-0.00335693
-0.00335693
-0.00305176
-0.00213623
-0.00152588
-0.00122070
-0.00152588
-0.00213623
-0.00274658
-0.00335693
-0.00366211
-0.00427246
-0.00488281
-0.00518799
-0.00488281
-0.00457764
-0.00366211
-0.00274658
-0.00152588
 0.00000000
 0.00091553
 0.00152588
 0.00183105
 0.00213623
 0.00244141
 0.00244141
 0.00213623
 0.00183105
 0.00152588
 0.00091553
 0.00030518
-0.00030518
-0.00030518
 0.00000000
 0.00030518
 0.00152588
 0.00213623
 0.00274658
 0.00274658
 0.00213623
 0.00183105
 0.00152588
 0.00030518
 0.00000000
 0.00000000
 0.00000000
 0.00030518
 0.00061035
 0.00091553
 0.00122070
 0.00152588
 0.00213623
 0.00274658
 0.00305176
 0.00335693
 0.00396729
 0.00457764
 0.00518799
 0.00610352
 0.00610352
 0.00579834
 0.00518799
 0.00488281
 0.00549316
 0.00579834
 0.00640869
 0.00701904
 0.00701904
 0.00640869
 0.00610352
 0.00549316
 0.00457764
 0.00366211
 0.00335693
 0.00274658
 0.00213623
 0.00152588
 0.00152588
 0.00183105
 0.00305176
 0.00396729
 0.00457764
 0.00427246
 0.00396729
 0.00366211
 0.00335693
 0.00244141
 0.00152588
 0.00122070
 0.00122070
 0.00061035
-0.00030518
-0.00061035
-0.00091553
-0.00091553
-0.00061035
 0.00030518
 0.00091553
 0.00152588
 0.00213623
 0.00213623
 0.00183105
 0.00091553
 0.00091553
 0.00091553
 0.00061035
 0.00030518
-0.00030518
-0.00061035
-0.00061035
-0.00030518
 0.00000000
 0.00030518
 0.00030518
 0.00000000
-0.00061035
-0.00122070
-0.00152588
-0.00213623
-0.00244141
-0.00213623
-0.00183105
-0.00183105
-0.00183105
-0.00183105
-0.00183105
-0.00152588
-0.00122070
-0.00091553
-0.00061035
-0.00030518
-0.00030518
-0.00061035
-0.00183105
-0.00335693
-0.00427246
-0.00457764
-0.00488281
-0.00579834
-0.00610352
-0.00579834
-0.00518799
-0.00488281
-0.00396729
-0.00305176
-0.00305176
-0.00335693
-0.00366211
-0.00305176
-0.00305176
-0.00335693
-0.00396729
-0.00457764
-0.00457764
-0.00396729
-0.00396729
-0.00427246
-0.00427246
-0.00396729
-0.00427246
-0.00427246
-0.00396729
-0.00366211
-0.00335693
-0.00274658
-0.00274658
-0.00305176
-0.00335693
-0.00366211
-0.00335693
-0.00274658
-0.00244141
-0.00183105
-0.00122070
-0.00091553
-0.00061035
-0.00091553
-0.00152588
-0.00244141
-0.00274658
-0.00244141
-0.00244141
-0.00274658
-0.00305176
-0.00366211
-0.00457764
-0.00518799
-0.00518799
-0.00427246
-0.00335693
-0.00244141
-0.00122070
-0.00030518
 0.00091553
 0.00122070
 0.00091553
 0.00030518
 0.00000000
 0.00000000
 0.00000000
 0.00000000
-0.00061035
-0.00061035
-0.00122070
-0.00091553
-0.00030518
 0.00061035
 0.00152588
 0.00244141
 0.00305176
 0.00366211
 0.00366211
 0.00396729
 0.00366211
 0.00305176
 0.00183105
 0.00091553
 0.00061035
 0.00091553
 0.00122070
 0.00122070
 0.00061035
 0.00122070
 0.00152588
 0.00213623
 0.00244141
 0.00244141
 0.00274658
 0.00305176
 0.00335693
 0.00366211
 0.00366211
 0.00335693
 0.00274658
 0.00244141
 0.00122070
 0.00061035
 0.00061035
 0.00122070
 0.00244141
 0.00305176
 0.00274658
 0.00274658
 0.00244141
 0.00213623
 0.00122070
 0.00030518
-0.00030518
-0.00061035
-0.00061035
 0.00000000
 0.00000000
 0.00000000
-0.00030518
-0.00061035
-0.00061035
-0.00122070
-0.00152588
-0.00122070
-0.00030518
 0.00000000
-0.00061035
-0.00152588
-0.00244141
-0.00305176
-0.00274658
-0.00244141
-0.00213623
-0.00213623
-0.00183105
-0.00183105
-0.00213623
-0.00305176
-0.00396729
-0.00427246
-0.00427246
-0.00457764
-0.00488281
-0.00488281
-0.00427246
-0.00366211
-0.00305176
-0.00366211
-0.00457764
-0.00488281
-0.00427246
-0.00396729
-0.00305176
-0.00274658
-0.00274658
-0.00305176
-0.00366211
-0.00427246
-0.00427246
-0.00457764
-0.00427246
-0.00305176
-0.00122070
-0.00030518
-0.00030518
-0.00091553
-0.00152588
-0.00183105
-0.00213623
-0.00244141
-0.00274658
-0.00274658
-0.00274658
-0.00274658
-0.00335693
-0.00335693
-0.00335693
-0.00335693
-0.00305176
-0.00213623
-0.00152588
-0.00091553
-0.00030518
 0.00030518
 0.00061035
 0.00061035
 0.00030518
 0.00030518
 0.00000000
-0.00030518
 0.00030518
 0.00030518
 0.00030518
 0.00030518
 0.00061035
 0.00091553
 0.00122070
 0.00122070
 0.00183105
 0.00274658
 0.00335693
 0.00366211
 0.00305176
 0.00213623
 0.00152588
 0.00152588
 0.00152588
 0.00183105
 0.00213623
 0.00244141
 0.00213623
 0.00152588
 0.00122070
 0.00183105
 0.00244141
 0.00335693
 0.00396729
 0.00427246
 0.00427246
 0.00335693
 0.00274658
 0.00244141
 0.00244141
 0.00244141
 0.00274658
 0.00274658
 0.00305176
 0.00335693
 0.00305176
 0.00335693
 0.00335693
 0.00335693
 0.00335693
 0.00335693
 0.00305176
 0.00305176
 0.00305176
 0.00274658
 0.00183105
 0.00061035
-0.00061035
-0.00122070
-0.00091553
