 0.00000000
 0.00000000
-0.00030518
-0.00030518
 0.00000000
 0.00030518
 0.00000000
 0.00000000
-0.00030518
 0.00000000
 0.00000000
 0.00000000
-0.00030518
-0.00061035
-0.00091553
-0.00091553
-0.00061035
-0.00030518
-0.00030518
 0.00000000
 0.00000000
 0.00000000
-0.00030518
-0.00030518
-0.00061035
-0.00061035
-0.00030518
-0.00030518
-0.00030518
-0.00061035
-0.00061035
-0.00030518
 0.00000000
 0.00000000
-0.00061035
-0.00091553
-0.00030518
 0.00030518
 0.00000000
 0.00000000
-0.00030518
 0.00000000
 0.00000000
-0.00061035
-0.00061035
-0.00091553
-0.00061035
-0.00030518
-0.00061035
-0.00030518
 0.00000000
 0.00000000
-0.00030518
-0.00030518
 0.00000000
 0.00000000
 0.00000000
 0.00000000
 0.00000000
-0.00030518
-0.00030518
 0.00000000
 0.00000000
-0.00030518
-0.00030518
-0.00030518
 0.00000000
 0.00000000
 0.00030518
 0.00000000
-0.00030518
-0.00030518
 0.00000000
-0.00030518
-0.00061035
-0.00061035
 0.00000000
-0.00030518
-0.00030518
-0.00030518
-0.00030518
-0.00061035
-0.00061035
 0.00000000
 0.00030518
 0.00030518
-0.00030518
-0.00030518
-0.00030518
-0.00061035
-0.00061035
-0.00061035
 0.00000000
 0.00091553
 0.00244141
 0.00610352
 0.01525879
 0.03082275
 0.04943848
 0.05950928
 0.03692627
-0.04425049
-0.17486572
-0.30456543
-0.38177490
-0.33813477
-0.16418457
 0.07354736
 0.34698486
 0.43334961
 0.31951904
 0.18371582
 0.04913330
 0.00549316
 0.02624512
 0.05187988
 0.05554199
 0.02868652
-0.02593994
-0.07934570
-0.13732910
-0.22277832
-0.30639648
-0.32409668
-0.21728516
-0.01831055
 0.21850586
 0.43548584
 0.41290283
 0.30303955
 0.17486572
 0.05828857
-0.01220703
-0.07232666
-0.13031006
-0.16357422
-0.15991211
-0.11993408
-0.05737305
-0.00457764
 0.00427246
-0.05462646
-0.12512207
-0.11932373
-0.03326416
 0.10131836
 0.24108887
 0.31860352
 0.26123047
 0.13732910
-0.02349854
-0.13305664
-0.17364502
-0.18218994
-0.16235352
-0.11840820
-0.06652832
-0.01922607
 0.02227783
 0.06256104
 0.10620117
 0.15014648
 0.17822266
 0.16845703
 0.12542725
 0.07476807
 0.01525879
-0.06225586
-0.12542725
-0.13763428
-0.10406494
-0.04669189
 0.00457764
 0.02655029
 0.01739502
-0.00671387
-0.00427246
 0.02777100
 0.07293701
 0.11871338
 0.14831543
 0.14190674
 0.09704590
 0.03509521
-0.03723145
-0.11993408
-0.19378662
-0.23254395
-0.22338867
-0.16540527
-0.06408691
 0.05340576
 0.14862061
 0.19622803
 0.17944336
 0.08575439
-0.02014160
-0.06683350
-0.05523682
-0.01129150
 0.04272461
 0.07934570
 0.07904053
 0.01037598
-0.10192871
-0.18341064
-0.20111084
-0.16662598
-0.08178711
 0.03784180
 0.15472412
 0.23132324
 0.24658203
 0.18676758
 0.07598877
-0.01129150
-0.03814697
-0.03723145
-0.03601074
-0.05218506
-0.08789063
-0.11901855
-0.13092041
-0.13061523
-0.12786865
-0.12359619
-0.10986328
-0.08422852
-0.05218506
-0.01647949
 0.01983643
 0.05279541
 0.07507324
 0.07507324
 0.04638672
 0.00061035
-0.04089355
-0.06713867
-0.07446289
-0.06469727
-0.04241943
-0.01129150
 0.02502441
 0.06103516
 0.08666992
 0.08483887
 0.05401611
 0.01953125
 0.00579834
 0.01281738
 0.03204346
 0.05279541
 0.06744385
 0.07202148
 0.06958008
 0.06896973
 0.07385254
 0.07507324
 0.06683350
 0.05279541
 0.04180908
 0.03784180
 0.03692627
 0.03051758
 0.00640869
-0.03784180
-0.08789063
-0.12542725
-0.14343262
-0.13732910
-0.10864258
-0.06439209
-0.01403809
 0.03265381
 0.06469727
 0.06103516
 0.01953125
-0.02624512
-0.05218506
-0.05920410
-0.05004883
-0.02960205
-0.00518799
 0.00976563
 0.00061035
-0.03234863
-0.06774902
-0.08850098
-0.09063721
-0.07324219
-0.04058838
 0.00000000
 0.03784180
 0.05767822
 0.04272461
 0.00274658
-0.03051758
-0.03814697
-0.02197266
 0.00762939
 0.03662109
 0.05004883
 0.03753662
 0.01586914
 0.00488281
 0.00427246
 0.00701904
 0.01068115
 0.02044678
 0.04119873
 0.06683350
 0.08422852
 0.07537842
 0.03814697
-0.00274658
-0.02960205
-0.03997803
-0.03631592
-0.02227783
-0.00549316
 0.00885010
 0.01708984
 0.01678467
 0.00793457
-0.00793457
-0.02502441
-0.03387451
-0.02929688
-0.01068115
 0.01434326
 0.03448486
 0.03417969
 0.00732422
-0.02838135
-0.05340576
-0.06378174
-0.05981445
-0.04241943
-0.01617432
 0.01220703
 0.03387451
 0.04119873
 0.03417969
 0.01953125
 0.00000000
-0.02136230
-0.03692627
-0.03936768
-0.02960205
-0.01556396
-0.00823975
-0.01342773
-0.02288818
-0.02075195
-0.00152588
 0.03112793
 0.06744385
 0.09765625
 0.10894775
 0.09674072
 0.07354736
 0.05157471
 0.03112793
 0.00946045
-0.00976563
-0.02105713
-0.01983643
-0.00518799
 0.01983643
 0.04943848
 0.07446289
 0.08605957
 0.08300781
 0.07751465
 0.07659912
 0.07629395
 0.06713867
 0.04486084
 0.01556396
-0.01129150
-0.03234863
-0.04730225
-0.05767822
-0.06500244
-0.06591797
-0.05676270
-0.03570557
-0.00610352
 0.02380371
 0.04425049
 0.04486084
 0.02685547
 0.00640869
-0.00396729
-0.00244141
 0.00610352
 0.00946045
-0.00183105
-0.02624512
-0.04882813
-0.05706787
-0.04852295
-0.02593994
 0.00488281
 0.03601074
 0.05584717
 0.05279541
 0.02929688
 0.00061035
-0.02380371
-0.04302979
-0.05645752
-0.06317139
-0.06317139
-0.05889893
-0.05584717
-0.05828857
-0.06713867
-0.07568359
-0.07476807
-0.06072998
-0.03540039
-0.00518799
 0.02258301
 0.03875732
 0.03814697
 0.02807617
 0.01770020
 0.01098633
 0.00671387
 0.00427246
 0.00305176
 0.00396729
 0.00762939
 0.01495361
 0.02288818
 0.02685547
 0.02532959
 0.02044678
 0.01861572
 0.02349854
 0.03326416
 0.04150391
 0.04058838
 0.02593994
 0.00274658
-0.02075195
-0.03540039
-0.03723145
-0.02807617
-0.01312256
 0.00183105
 0.01129150
 0.01251221
 0.00671387
-0.00305176
-0.01312256
-0.01983643
-0.02075195
-0.01464844
-0.00274658
 0.01037598
 0.01831055
 0.01647949
 0.00549316
-0.00885010
-0.02044678
-0.02593994
-0.02471924
-0.01739502
-0.00671387
 0.00396729
 0.01098633
 0.01190186
 0.00579834
-0.00518799
-0.01831055
-0.03051758
-0.03814697
-0.03936768
-0.03417969
-0.02502441
-0.01464844
-0.00610352
-0.00061035
 0.00244141
 0.00396729
 0.00610352
 0.00976563
 0.01403809
 0.01708984
 0.01708984
 0.01342773
 0.00915527
 0.00762939
 0.01098633
 0.01892090
 0.02929688
 0.03845215
 0.04516602
 0.04852295
 0.04913330
 0.04852295
 0.04455566
 0.03631592
 0.02227783
 0.00396729
-0.01434326
-0.02838135
-0.03692627
-0.03967285
-0.03753662
-0.03326416
-0.02746582
-0.02044678
-0.01220703
-0.00457764
-0.00030518
-0.00122070
-0.00671387
-0.01617432
-0.02868652
-0.04180908
-0.05493164
-0.06622314
-0.07324219
-0.07293701
-0.06561279
-0.05157471
-0.03356934
-0.01586914
-0.00335693
 0.00122070
-0.00152588
-0.00488281
-0.00640869
-0.00610352
-0.00732422
-0.01159668
-0.01892090
-0.02563477
-0.02868652
-0.02502441
-0.01525879
-0.00122070
 0.01281738
 0.02288818
 0.02655029
 0.02502441
 0.02044678
 0.01495361
 0.00946045
 0.00488281
 0.00335693
 0.00549316
 0.01098633
 0.01861572
 0.02624512
 0.03204346
 0.03662109
 0.04150391
 0.04608154
 0.04882813
 0.04821777
 0.04302979
 0.03387451
 0.02410889
 0.01617432
 0.01159668
 0.01068115
 0.01251221
 0.01525879
 0.01831055
 0.02014160
 0.02227783
 0.02532959
 0.02868652
 0.03021240
 0.02746582
 0.01983643
 0.00793457
-0.00396729
-0.01312256
-0.01800537
-0.01861572
-0.01586914
-0.01098633
-0.00518799
 0.00152588
 0.00823975
 0.01434326
 0.01831055
 0.01983643
 0.02044678
 0.02014160
 0.01892090
 0.01464844
 0.00640869
-0.00457764
-0.01525879
-0.02227783
-0.02258301
-0.01525879
-0.00213623
 0.01312256
 0.02624512
 0.03387451
 0.03509521
 0.02960205
 0.02014160
 0.00823975
-0.00396729
-0.01495361
-0.02380371
-0.03051758
-0.03479004
-0.03784180
-0.03875732
-0.03692627
-0.03204346
-0.02471924
-0.01556396
-0.00610352
 0.00122070
 0.00366211
 0.00091553
-0.00610352
-0.01525879
-0.02441406
-0.03265381
-0.03753662
-0.03936768
-0.03814697
-0.03326416
-0.02410889
-0.01220703
 0.00000000
 0.00885010
 0.01129150
 0.00732422
-0.00152588
-0.01190186
-0.02105713
-0.02624512
-0.02685547
-0.02441406
-0.02075195
-0.01708984
-0.01434326
-0.01190186
-0.00854492
-0.00274658
 0.00488281
 0.01281738
 0.01922607
 0.02227783
 0.02166748
 0.01861572
 0.01373291
 0.00885010
 0.00549316
 0.00335693
 0.00244141
 0.00274658
 0.00183105
 0.00000000
-0.00213623
-0.00305176
-0.00183105
 0.00091553
 0.00183105
-0.00030518
-0.00610352
-0.01342773
-0.01892090
-0.02136230
-0.02014160
-0.01647949
-0.01159668
-0.00701904
-0.00366211
-0.00122070
 0.00152588
 0.00518799
 0.00915527
 0.01403809
 0.02014160
 0.02624512
 0.03143311
 0.03479004
 0.03448486
 0.03082275
 0.02380371
 0.01617432
 0.01007080
 0.00640869
 0.00640869
 0.00915527
 0.01373291
 0.01892090
 0.02349854
 0.02624512
 0.02746582
 0.02838135
 0.02929688
 0.02960205
 0.02777100
 0.02288818
 0.01495361
 0.00488281
-0.00640869
-0.01739502
-0.02685547
-0.03326416
-0.03509521
-0.03143311
-0.02227783
-0.00823975
 0.00823975
 0.02319336
 0.03387451
 0.03875732
 0.03662109
 0.02929688
 0.01861572
 0.00732422
-0.00274658
-0.00976563
-0.01251221
-0.01190186
-0.00915527
-0.00579834
-0.00366211
-0.00335693
-0.00274658
-0.00122070
 0.00152588
 0.00488281
 0.00518799
 0.00091553
-0.00915527
-0.02319336
-0.03662109
-0.04699707
-0.05187988
-0.05035400
-0.04302979
-0.03112793
-0.01708984
-0.00213623
 0.01251221
 0.02563477
 0.03387451
 0.03540039
 0.03112793
 0.02258301
 0.01251221
 0.00213623
-0.00640869
-0.01220703
-0.01556396
-0.01586914
-0.01342773
-0.00854492
-0.00274658
 0.00274658
 0.00823975
 0.01312256
 0.01678467
 0.01770020
 0.01556396
 0.00915527
-0.00152588
-0.01495361
-0.02777100
-0.03753662
-0.04180908
-0.03967285
-0.03173828
-0.01922607
-0.00518799
 0.00793457
 0.01953125
 0.02868652
 0.03448486
 0.03723145
 0.03631592
 0.03265381
 0.02593994
 0.01739502
 0.00762939
-0.00183105
-0.01037598
-0.01739502
-0.02136230
-0.02105713
-0.01678467
-0.00946045
-0.00152588
 0.00518799
 0.00915527
 0.00823975
 0.00274658
-0.00671387
-0.01800537
-0.02960205
-0.04028320
-0.04821777
-0.05249023
-0.05126953
-0.04516602
-0.03448486
-0.02197266
-0.00885010
 0.00305176
 0.01251221
 0.01861572
 0.02105713
 0.02014160
 0.01617432
 0.01007080
 0.00244141
-0.00549316
-0.01220703
-0.01678467
-0.01831055
-0.01708984
-0.01312256
-0.00671387
 0.00183105
 0.01129150
 0.02136230
 0.02868652
 0.03204346
 0.03082275
 0.02532959
 0.01556396
 0.00305176
-0.01068115
-0.02227783
-0.02929688
-0.03143311
-0.02899170
-0.02410889
-0.01647949
-0.00854492
-0.00213623
 0.00122070
 0.00274658
 0.00244141
 0.00122070
-0.00091553
-0.00396729
-0.00640869
-0.00915527
-0.01220703
-0.01525879
-0.01800537
-0.01892090
-0.01647949
-0.00946045
 0.00122070
 0.01342773
 0.02593994
 0.03509521
 0.03936768
 0.03845215
 0.03295898
 0.02410889
 0.01403809
 0.00457764
-0.00274658
-0.00671387
-0.00732422
-0.00457764
 0.00030518
 0.00549316
 0.01098633
 0.01678467
 0.02349854
 0.03082275
 0.03723145
 0.04150391
 0.04119873
 0.03631592
 0.02899170
 0.02044678
 0.01190186
 0.00396729
-0.00244141
-0.00671387
-0.00793457
-0.00549316
 0.00000000
 0.00701904
 0.01251221
 0.01495361
 0.01342773
 0.00793457
-0.00030518
-0.01007080
-0.02075195
-0.03112793
-0.03936768
-0.04547119
-0.04913330
-0.04943848
-0.04669189
-0.04180908
-0.03601074
-0.02990723
-0.02380371
-0.01708984
-0.01098633
-0.00610352
-0.00305176
-0.00183105
-0.00274658
-0.00488281
-0.00823975
-0.01037598
-0.01129150
-0.01007080
-0.00640869
-0.00061035
 0.00640869
 0.01403809
 0.02166748
 0.02746582
 0.02960205
 0.02746582
 0.02166748
 0.01373291
 0.00610352
-0.00061035
-0.00579834
-0.01037598
-0.01464844
-0.01800537
-0.01983643
-0.01983643
-0.01708984
-0.01342773
-0.00885010
-0.00396729
 0.00061035
 0.00457764
 0.00701904
 0.00762939
 0.00610352
 0.00274658
-0.00122070
-0.00396729
-0.00457764
-0.00213623
 0.00213623
 0.00762939
 0.01312256
 0.01800537
 0.02227783
 0.02593994
 0.02929688
 0.03143311
 0.03204346
 0.03112793
 0.02929688
 0.02716064
 0.02410889
 0.02044678
 0.01617432
 0.01220703
 0.00946045
 0.00885010
 0.01037598
 0.01281738
 0.01556396
 0.01708984
 0.01708984
 0.01617432
 0.01464844
 0.01251221
 0.00915527
 0.00610352
 0.00335693
 0.00000000
-0.00274658
-0.00396729
-0.00183105
 0.00244141
 0.00793457
 0.01281738
 0.01586914
 0.01678467
 0.01586914
 0.01403809
 0.01098633
 0.00701904
 0.00335693
-0.00061035
-0.00518799
-0.00915527
-0.01251221
-0.01342773
-0.01251221
-0.00946045
-0.00457764
 0.00122070
 0.00671387
 0.01007080
 0.01037598
 0.00823975
 0.00457764
-0.00061035
-0.00579834
-0.01159668
-0.01556396
-0.01770020
-0.01739502
-0.01434326
-0.00915527
-0.00305176
 0.00244141
 0.00610352
 0.00823975
 0.00793457
 0.00518799
 0.00061035
-0.00549316
-0.01281738
-0.02136230
-0.03021240
-0.03936768
-0.04669189
-0.05126953
-0.05249023
-0.05035400
-0.04516602
-0.03845215
-0.03143311
-0.02563477
-0.02258301
-0.02227783
-0.02410889
-0.02746582
-0.03173828
-0.03631592
-0.04058838
-0.04211426
-0.04058838
-0.03570557
-0.02777100
-0.01800537
-0.00793457
 0.00213623
 0.01159668
 0.01953125
 0.02502441
 0.02777100
 0.02807617
 0.02593994
 0.02166748
 0.01678467
 0.01220703
 0.00946045
 0.00885010
 0.01098633
 0.01556396
 0.02166748
 0.02807617
 0.03479004
 0.04119873
 0.04577637
 0.04882813
 0.04943848
 0.04699707
 0.04119873
 0.03295898
 0.02319336
 0.01373291
 0.00579834
 0.00000000
-0.00183105
 0.00061035
 0.00671387
 0.01373291
 0.02044678
 0.02563477
 0.02868652
 0.02868652
 0.02532959
 0.01892090
 0.01037598
 0.00000000
-0.01098633
-0.02105713
-0.02868652
-0.03356934
-0.03479004
-0.03326416
-0.02929688
-0.02441406
-0.01861572
-0.01129150
-0.00366211
 0.00244141
 0.00579834
 0.00549316
 0.00091553
-0.00701904
-0.01556396
-0.02288818
-0.02777100
-0.02929688
-0.02685547
-0.02136230
-0.01312256
-0.00335693
 0.00640869
 0.01403809
 0.01861572
 0.02075195
 0.02105713
 0.01800537
 0.01220703
 0.00396729
-0.00518799
-0.01434326
-0.02197266
-0.02624512
-0.02777100
-0.02655029
-0.02349854
-0.01831055
-0.01129150
-0.00427246
 0.00213623
 0.00640869
 0.00701904
 0.00305176
-0.00427246
-0.01281738
-0.02105713
-0.02777100
-0.03234863
-0.03417969
-0.03387451
-0.03143311
-0.02685547
-0.02014160
-0.01251221
-0.00488281
 0.00152588
 0.00579834
 0.00701904
 0.00518799
 0.00122070
-0.00427246
-0.01007080
-0.01495361
-0.01831055
-0.01892090
-0.01678467
-0.01251221
-0.00640869
 0.00091553
 0.00885010
 0.01678467
 0.02380371
 0.02868652
 0.03051758
 0.02868652
 0.02502441
 0.01983643
 0.01525879
 0.01129150
 0.00793457
 0.00457764
 0.00213623
 0.00213623
 0.00488281
 0.00976563
 0.01678467
 0.02502441
 0.03204346
 0.03601074
 0.03631592
 0.03295898
 0.02807617
 0.02227783
 0.01586914
 0.01037598
 0.00610352
 0.00366211
 0.00274658
 0.00305176
 0.00488281
 0.00793457
 0.01190186
 0.01556396
 0.01861572
 0.02044678
 0.01953125
 0.01708984
 0.01281738
 0.00762939
 0.00183105
-0.00335693
-0.00823975
-0.01190186
-0.01403809
-0.01403809
-0.01190186
-0.00854492
-0.00396729
 0.00152588
 0.00610352
 0.00946045
 0.01037598
 0.00976563
 0.00701904
 0.00305176
-0.00152588
-0.00579834
-0.00854492
-0.01098633
-0.01220703
-0.01281738
-0.01129150
-0.00885010
-0.00549316
-0.00213623
 0.00061035
 0.00152588
 0.00091553
-0.00152588
-0.00549316
-0.01007080
-0.01434326
-0.01861572
-0.02227783
-0.02471924
-0.02624512
-0.02593994
-0.02380371
-0.02044678
-0.01556396
-0.01037598
-0.00549316
-0.00244141
-0.00091553
-0.00122070
-0.00366211
-0.00701904
-0.01068115
-0.01342773
-0.01556396
-0.01617432
-0.01556396
-0.01312256
-0.00915527
-0.00427246
 0.00091553
 0.00579834
 0.01037598
 0.01312256
 0.01434326
 0.01403809
 0.01190186
 0.00946045
 0.00640869
 0.00305176
 0.00000000
-0.00244141
-0.00427246
-0.00427246
-0.00244141
 0.00030518
 0.00396729
 0.00823975
 0.01159668
 0.01312256
 0.01251221
 0.01068115
 0.00762939
 0.00488281
 0.00274658
 0.00122070
 0.00061035
 0.00061035
 0.00122070
 0.00213623
 0.00366211
 0.00579834
 0.00762939
 0.00976563
 0.01190186
 0.01312256
 0.01312256
 0.01220703
 0.01007080
 0.00701904
 0.00396729
 0.00091553
-0.00152588
-0.00366211
-0.00427246
-0.00305176
-0.00091553
 0.00183105
 0.00427246
 0.00640869
 0.00793457
 0.00793457
 0.00671387
 0.00549316
 0.00366211
 0.00244141
 0.00152588
 0.00061035
 0.00000000
-0.00122070
-0.00213623
-0.00152588
-0.00030518
 0.00183105
 0.00488281
 0.00762939
 0.01007080
 0.01068115
 0.00946045
 0.00701904
 0.00396729
 0.00091553
-0.00152588
-0.00305176
-0.00457764
-0.00579834
-0.00671387
-0.00671387
-0.00549316
-0.00366211
-0.00213623
-0.00091553
 0.00000000
 0.00091553
 0.00122070
 0.00061035
-0.00061035
-0.00274658
-0.00518799
-0.00671387
-0.00671387
-0.00610352
-0.00549316
-0.00366211
-0.00152588
 0.00122070
 0.00427246
 0.00671387
 0.00793457
 0.00762939
 0.00640869
 0.00457764
 0.00305176
 0.00183105
 0.00000000
-0.00244141
-0.00427246
-0.00518799
-0.00457764
-0.00335693
-0.00122070
 0.00213623
 0.00579834
 0.00854492
 0.00976563
 0.00946045
 0.00854492
 0.00640869
 0.00335693
 0.00061035
-0.00152588
-0.00305176
-0.00427246
-0.00488281
-0.00427246
-0.00183105
 0.00152588
 0.00549316
 0.00915527
 0.01190186
 0.01373291
 0.01373291
 0.01220703
 0.01007080
 0.00732422
 0.00396729
 0.00030518
-0.00335693
-0.00671387
-0.00946045
-0.01129150
-0.01129150
-0.00976563
-0.00732422
-0.00488281
-0.00305176
-0.00244141
-0.00335693
-0.00549316
-0.00823975
-0.01098633
-0.01434326
-0.01770020
-0.02136230
-0.02410889
-0.02502441
-0.02380371
-0.02136230
-0.01800537
-0.01403809
-0.00976563
-0.00610352
-0.00335693
-0.00152588
-0.00061035
 0.00000000
-0.00122070
-0.00305176
-0.00549316
-0.00823975
-0.01037598
-0.01129150
-0.01068115
-0.00823975
-0.00488281
-0.00061035
 0.00335693
 0.00671387
 0.00885010
 0.00976563
 0.00946045
 0.00793457
 0.00549316
 0.00274658
-0.00030518
-0.00366211
-0.00732422
-0.00946045
-0.00976563
-0.00793457
-0.00488281
-0.00061035
 0.00366211
 0.00793457
 0.01129150
 0.01312256
 0.01251221
 0.01037598
 0.00732422
 0.00335693
-0.00122070
-0.00610352
-0.01007080
-0.01312256
-0.01403809
-0.01220703
-0.00915527
-0.00518799
-0.00091553
 0.00335693
 0.00701904
 0.00915527
 0.00976563
 0.00854492
 0.00579834
 0.00244141
-0.00091553
-0.00366211
-0.00549316
-0.00671387
-0.00640869
-0.00518799
-0.00152588
 0.00335693
 0.00946045
 0.01556396
 0.02075195
 0.02471924
 0.02655029
 0.02532959
 0.02105713
 0.01525879
 0.00976563
 0.00488281
 0.00122070
-0.00061035
-0.00152588
-0.00152588
-0.00061035
 0.00061035
 0.00213623
 0.00366211
 0.00579834
 0.00793457
 0.00915527
 0.00732422
 0.00335693
-0.00213623
-0.00823975
-0.01403809
-0.01922607
-0.02227783
-0.02319336
-0.02197266
-0.01983643
-0.01617432
-0.01159668
-0.00701904
-0.00305176
 0.00000000
 0.00152588
 0.00122070
-0.00030518
-0.00274658
-0.00579834
-0.00946045
-0.01312256
-0.01586914
-0.01770020
-0.01770020
-0.01586914
-0.01251221
-0.00823975
-0.00305176
 0.00091553
 0.00366211
 0.00488281
 0.00366211
 0.00091553
-0.00244141
-0.00579834
-0.00915527
-0.01251221
-0.01495361
-0.01647949
-0.01678467
-0.01525879
-0.01129150
-0.00549316
 0.00091553
 0.00732422
 0.01281738
 0.01647949
 0.01831055
 0.01770020
 0.01464844
 0.01037598
 0.00610352
 0.00183105
-0.00091553
-0.00122070
 0.00030518
 0.00335693
 0.00762939
 0.01190186
 0.01647949
 0.02075195
 0.02441406
 0.02655029
 0.02777100
 0.02746582
 0.02563477
 0.02136230
 0.01586914
 0.01037598
 0.00579834
 0.00274658
 0.00213623
 0.00396729
 0.00762939
 0.01220703
 0.01617432
 0.01953125
 0.02227783
 0.02380371
 0.02441406
 0.02380371
 0.02258301
 0.01983643
 0.01556396
 0.01007080
 0.00488281
 0.00061035
-0.00152588
-0.00152588
 0.00000000
 0.00274658
 0.00549316
 0.00854492
 0.01098633
 0.01190186
 0.01098633
 0.00793457
 0.00396729
-0.00091553
-0.00640869
-0.01220703
-0.01739502
-0.02136230
-0.02319336
-0.02288818
-0.02075195
-0.01739502
-0.01312256
-0.00823975
-0.00396729
-0.00030518
 0.00213623
 0.00366211
 0.00366211
 0.00244141
 0.00000000
-0.00335693
-0.00610352
-0.00762939
-0.00732422
-0.00518799
-0.00274658
 0.00000000
 0.00366211
 0.00762939
 0.01129150
 0.01434326
 0.01647949
 0.01647949
 0.01464844
 0.01037598
 0.00518799
 0.00000000
-0.00427246
-0.00823975
-0.01068115
-0.01129150
-0.01068115
-0.00915527
-0.00762939
-0.00610352
-0.00488281
-0.00335693
-0.00213623
-0.00183105
-0.00305176
-0.00518799
-0.00793457
-0.01098633
-0.01312256
-0.01525879
-0.01678467
-0.01708984
-0.01525879
-0.01220703
-0.00854492
-0.00457764
-0.00122070
 0.00000000
-0.00030518
-0.00183105
-0.00396729
-0.00671387
-0.00915527
-0.01190186
-0.01403809
-0.01586914
-0.01770020
-0.01861572
-0.01831055
-0.01647949
-0.01342773
-0.00915527
-0.00457764
 0.00000000
 0.00305176
 0.00457764
 0.00488281
 0.00457764
 0.00335693
 0.00213623
 0.00152588
 0.00183105
 0.00244141
 0.00305176
 0.00488281
 0.00793457
 0.01159668
 0.01525879
 0.01892090
 0.02166748
 0.02319336
 0.02349854
 0.02258301
 0.02075195
 0.01800537
 0.01403809
 0.00946045
 0.00518799
 0.00183105
 0.00000000
-0.00030518
 0.00030518
 0.00091553
 0.00122070
 0.00152588
 0.00244141
 0.00244141
 0.00183105
 0.00122070
 0.00091553
 0.00030518
-0.00122070
-0.00366211
-0.00610352
-0.00762939
-0.00823975
-0.00701904
-0.00518799
-0.00274658
 0.00000000
 0.00213623
 0.00335693
 0.00335693
 0.00244141
 0.00091553
-0.00091553
-0.00244141
-0.00396729
-0.00518799
-0.00579834
-0.00671387
-0.00762939
-0.00701904
-0.00579834
-0.00396729
-0.00152588
 0.00061035
 0.00244141
 0.00396729
 0.00488281
 0.00579834
 0.00549316
 0.00518799
 0.00457764
 0.00457764
 0.00488281
 0.00579834
 0.00701904
 0.00885010
 0.01068115
 0.01220703
 0.01312256
 0.01281738
 0.01281738
 0.01220703
 0.01129150
 0.00946045
 0.00732422
 0.00427246
 0.00061035
-0.00305176
-0.00671387
-0.00915527
-0.01068115
-0.01098633
-0.01098633
-0.01159668
-0.01220703
-0.01281738
-0.01342773
-0.01373291
-0.01434326
-0.01525879
-0.01647949
-0.01739502
-0.01800537
-0.01800537
-0.01770020
-0.01739502
-0.01647949
-0.01495361
-0.01281738
-0.01037598
-0.00823975
-0.00610352
-0.00396729
-0.00244141
-0.00152588
-0.00122070
-0.00152588
-0.00274658
-0.00396729
-0.00457764
-0.00427246
-0.00396729
-0.00396729
-0.00396729
-0.00335693
-0.00274658
-0.00152588
 0.00030518
 0.00213623
 0.00427246
 0.00579834
 0.00701904
 0.00793457
 0.00793457
 0.00701904
 0.00579834
 0.00549316
 0.00549316
 0.00640869
 0.00671387
 0.00762939
 0.00946045
 0.01129150
 0.01312256
 0.01464844
 0.01586914
 0.01647949
 0.01617432
 0.01495361
 0.01373291
 0.01190186
 0.01007080
 0.00793457
 0.00579834
 0.00366211
 0.00152588
-0.00030518
-0.00213623
-0.00244141
-0.00213623
-0.00122070
-0.00061035
-0.00061035
-0.00091553
-0.00183105
-0.00335693
-0.00488281
-0.00518799
-0.00488281
-0.00488281
-0.00549316
-0.00610352
-0.00579834
-0.00427246
-0.00244141
-0.00061035
 0.00122070
 0.00335693
 0.00457764
 0.00518799
 0.00457764
 0.00427246
 0.00366211
 0.00274658
 0.00122070
 0.00000000
-0.00122070
-0.00244141
-0.00335693
-0.00366211
-0.00274658
-0.00183105
 0.00000000
 0.00183105
 0.00366211
 0.00457764
 0.00488281
 0.00488281
 0.00427246
 0.00305176
 0.00183105
 0.00091553
 0.00061035
 0.00061035
 0.00091553
 0.00152588
 0.00305176
 0.00518799
 0.00701904
 0.00854492
 0.00976563
 0.01068115
 0.01068115
 0.01068115
 0.01007080
 0.00854492
 0.00671387
 0.00427246
 0.00183105
-0.00061035
-0.00274658
-0.00396729
-0.00457764
-0.00427246
-0.00396729
-0.00366211
-0.00335693
-0.00305176
-0.00335693
-0.00366211
-0.00457764
-0.00640869
-0.00823975
-0.00976563
-0.01037598
-0.01007080
-0.00946045
-0.00823975
-0.00671387
-0.00518799
-0.00396729
-0.00305176
-0.00152588
 0.00000000
 0.00152588
 0.00274658
 0.00427246
 0.00488281
 0.00457764
 0.00366211
 0.00244141
 0.00122070
 0.00061035
 0.00091553
 0.00152588
 0.00183105
 0.00213623
 0.00244141
 0.00274658
 0.00335693
 0.00427246
 0.00518799
 0.00610352
 0.00640869
 0.00640869
 0.00610352
 0.00579834
 0.00549316
 0.00518799
 0.00488281
 0.00396729
 0.00305176
 0.00274658
 0.00366211
 0.00518799
 0.00701904
 0.00823975
 0.00854492
 0.00823975
 0.00762939
 0.00640869
 0.00518799
 0.00396729
 0.00213623
 0.00091553
-0.00091553
-0.00274658
-0.00488281
-0.00732422
-0.00854492
-0.00885010
-0.00854492
-0.00762939
-0.00610352
-0.00549316
-0.00549316
-0.00610352
-0.00671387
-0.00640869
-0.00610352
-0.00610352
-0.00610352
-0.00671387
-0.00640869
-0.00610352
-0.00518799
-0.00396729
-0.00183105
 0.00061035
 0.00274658
 0.00427246
 0.00610352
 0.00762939
 0.00854492
 0.00885010
 0.00885010
 0.00823975
 0.00671387
 0.00579834
 0.00488281
 0.00427246
 0.00427246
 0.00457764
 0.00518799
 0.00610352
 0.00701904
 0.00823975
 0.00854492
 0.00885010
 0.00915527
 0.00885010
 0.00823975
 0.00732422
 0.00549316
 0.00335693
 0.00152588
 0.00061035
 0.00030518
 0.00122070
 0.00244141
 0.00366211
 0.00457764
 0.00488281
 0.00488281
 0.00457764
 0.00396729
 0.00305176
 0.00122070
-0.00152588
-0.00427246
-0.00762939
-0.01068115
-0.01312256
-0.01495361
-0.01556396
-0.01586914
-0.01586914
-0.01495361
-0.01342773
-0.01220703
-0.01159668
-0.01098633
-0.00976563
-0.00915527
-0.00976563
-0.01037598
-0.01098633
-0.01098633
-0.01068115
-0.00976563
-0.00823975
-0.00701904
-0.00518799
-0.00305176
-0.00030518
 0.00274658
 0.00549316
 0.00762939
 0.00885010
 0.00946045
 0.00915527
 0.00823975
 0.00701904
 0.00549316
 0.00427246
 0.00305176
 0.00122070
-0.00061035
-0.00213623
-0.00244141
-0.00274658
-0.00244141
-0.00183105
-0.00061035
 0.00000000
 0.00061035
 0.00000000
-0.00152588
-0.00274658
-0.00396729
-0.00457764
-0.00549316
-0.00579834
-0.00610352
-0.00610352
-0.00579834
-0.00488281
-0.00366211
-0.00152588
-0.00030518
 0.00061035
 0.00152588
 0.00244141
 0.00274658
 0.00244141
 0.00244141
 0.00122070
-0.00061035
-0.00213623
-0.00396729
-0.00457764
-0.00457764
-0.00396729
-0.00305176
-0.00122070
 0.00030518
 0.00152588
 0.00213623
 0.00274658
 0.00335693
 0.00366211
 0.00366211
 0.00366211
 0.00335693
 0.00305176
 0.00274658
 0.00305176
 0.00366211
 0.00457764
 0.00610352
 0.00793457
 0.00976563
 0.01129150
 0.01251221
 0.01373291
 0.01403809
 0.01312256
 0.01190186
 0.01037598
 0.00854492
 0.00640869
 0.00427246
 0.00274658
 0.00213623
 0.00213623
 0.00213623
 0.00274658
 0.00274658
 0.00274658
 0.00244141
 0.00183105
 0.00152588
 0.00122070
 0.00061035
-0.00122070
-0.00305176
-0.00396729
-0.00488281
-0.00549316
-0.00610352
-0.00640869
-0.00610352
-0.00549316
-0.00488281
-0.00427246
-0.00335693
-0.00274658
-0.00244141
-0.00305176
-0.00427246
-0.00610352
-0.00671387
-0.00732422
-0.00793457
-0.00885010
-0.00946045
-0.00976563
-0.00976563
-0.00946045
-0.00885010
-0.00823975
-0.00762939
-0.00701904
-0.00640869
-0.00579834
-0.00518799
-0.00518799
-0.00518799
-0.00518799
-0.00427246
-0.00305176
-0.00213623
-0.00122070
 0.00000000
 0.00122070
 0.00213623
 0.00305176
 0.00366211
 0.00457764
 0.00579834
 0.00701904
 0.00793457
 0.00854492
 0.00885010
 0.00823975
 0.00793457
 0.00762939
 0.00640869
 0.00518799
 0.00457764
 0.00427246
 0.00457764
 0.00427246
 0.00335693
 0.00274658
 0.00183105
 0.00122070
 0.00030518
 0.00000000
 0.00000000
 0.00061035
 0.00122070
 0.00183105
 0.00244141
 0.00244141
 0.00274658
 0.00244141
 0.00274658
 0.00274658
 0.00305176
 0.00274658
 0.00244141
 0.00213623
 0.00183105
 0.00183105
 0.00152588
 0.00152588
 0.00122070
 0.00152588
 0.00213623
 0.00274658
 0.00274658
 0.00274658
 0.00244141
 0.00183105
 0.00122070
 0.00061035
-0.00030518
-0.00091553
-0.00122070
-0.00122070
-0.00061035
-0.00030518
 0.00030518
 0.00091553
 0.00183105
 0.00244141
 0.00335693
 0.00457764
 0.00549316
 0.00610352
 0.00579834
 0.00518799
 0.00488281
 0.00488281
 0.00488281
 0.00518799
 0.00518799
 0.00579834
 0.00640869
 0.00701904
 0.00762939
 0.00823975
 0.00885010
 0.00854492
 0.00854492
 0.00854492
 0.00793457
 0.00671387
 0.00488281
 0.00335693
 0.00183105
 0.00030518
-0.00061035
-0.00061035
 0.00000000
 0.00061035
 0.00091553
 0.00183105
 0.00274658
 0.00305176
 0.00274658
 0.00244141
 0.00152588
 0.00030518
-0.00091553
-0.00213623
-0.00305176
-0.00396729
-0.00518799
-0.00610352
-0.00701904
-0.00701904
-0.00610352
-0.00488281
-0.00305176
-0.00183105
-0.00122070
-0.00183105
-0.00335693
-0.00457764
-0.00579834
-0.00732422
-0.00915527
-0.01007080
-0.01037598
-0.01037598
-0.00946045
-0.00823975
-0.00671387
-0.00488281
-0.00335693
-0.00183105
-0.00030518
 0.00091553
 0.00183105
 0.00183105
 0.00122070
 0.00030518
-0.00091553
-0.00091553
-0.00091553
-0.00061035
 0.00000000
 0.00152588
 0.00335693
 0.00518799
 0.00640869
 0.00762939
 0.00762939
 0.00762939
 0.00701904
 0.00579834
 0.00396729
 0.00152588
-0.00030518
-0.00183105
-0.00366211
-0.00518799
-0.00579834
-0.00549316
-0.00427246
-0.00335693
-0.00213623
-0.00122070
-0.00061035
-0.00152588
-0.00305176
-0.00488281
-0.00732422
-0.00946045
-0.01159668
-0.01342773
-0.01464844
-0.01495361
-0.01495361
-0.01403809
-0.01251221
-0.01007080
-0.00793457
-0.00610352
-0.00457764
-0.00396729
-0.00396729
-0.00488281
-0.00610352
-0.00823975
-0.01068115
-0.01190186
-0.01220703
-0.01129150
-0.00976563
-0.00762939
-0.00579834
-0.00366211
-0.00183105
 0.00000000
 0.00244141
 0.00427246
 0.00610352
 0.00671387
 0.00640869
 0.00549316
 0.00366211
 0.00213623
 0.00061035
 0.00030518
 0.00091553
 0.00213623
 0.00427246
 0.00640869
 0.00854492
 0.01068115
 0.01190186
 0.01312256
 0.01342773
 0.01220703
 0.01068115
 0.00854492
 0.00610352
 0.00366211
 0.00152588
 0.00000000
-0.00091553
-0.00152588
-0.00152588
-0.00061035
 0.00091553
 0.00244141
 0.00335693
 0.00396729
 0.00457764
 0.00457764
 0.00366211
 0.00244141
 0.00061035
-0.00091553
-0.00244141
-0.00335693
-0.00335693
-0.00274658
-0.00122070
 0.00000000
 0.00152588
 0.00335693
 0.00549316
 0.00671387
 0.00762939
 0.00762939
 0.00640869
 0.00457764
 0.00274658
 0.00152588
 0.00061035
-0.00030518
-0.00061035
-0.00061035
 0.00030518
 0.00152588
 0.00305176
 0.00427246
 0.00610352
 0.00762939
 0.00885010
 0.00915527
 0.00885010
 0.00732422
 0.00518799
 0.00305176
 0.00122070
-0.00030518
-0.00091553
-0.00061035
 0.00030518
 0.00152588
 0.00335693
 0.00488281
 0.00701904
 0.00793457
 0.00823975
 0.00762939
 0.00701904
 0.00579834
 0.00396729
 0.00122070
-0.00091553
-0.00335693
-0.00579834
-0.00732422
-0.00793457
-0.00793457
-0.00701904
-0.00579834
-0.00396729
-0.00244141
-0.00183105
-0.00213623
-0.00274658
-0.00335693
-0.00518799
-0.00762939
-0.00915527
-0.01068115
-0.01129150
-0.01159668
-0.01129150
-0.01068115
-0.00915527
-0.00762939
-0.00610352
-0.00457764
-0.00274658
-0.00122070
-0.00061035
-0.00030518
-0.00061035
-0.00183105
-0.00335693
-0.00427246
-0.00549316
-0.00640869
-0.00640869
-0.00518799
-0.00366211
-0.00213623
-0.00030518
 0.00122070
 0.00274658
 0.00427246
 0.00549316
 0.00640869
 0.00610352
 0.00518799
 0.00427246
 0.00335693
 0.00305176
 0.00274658
 0.00335693
 0.00396729
 0.00518799
 0.00640869
 0.00854492
 0.00976563
 0.01098633
 0.01190186
 0.01251221
 0.01251221
 0.01220703
 0.01098633
 0.00946045
 0.00793457
 0.00640869
 0.00518799
 0.00457764
 0.00457764
 0.00457764
 0.00457764
 0.00488281
 0.00549316
 0.00610352
 0.00610352
 0.00640869
 0.00610352
 0.00518799
 0.00366211
 0.00183105
 0.00030518
-0.00091553
-0.00183105
-0.00213623
-0.00244141
-0.00274658
-0.00244141
-0.00213623
-0.00122070
-0.00030518
 0.00061035
 0.00122070
 0.00183105
 0.00213623
 0.00152588
 0.00030518
-0.00061035
-0.00152588
-0.00183105
-0.00244141
-0.00274658
-0.00274658
-0.00274658
-0.00335693
-0.00396729
-0.00366211
-0.00335693
-0.00366211
-0.00396729
-0.00427246
-0.00366211
-0.00335693
-0.00335693
-0.00366211
-0.00427246
-0.00518799
-0.00488281
-0.00488281
-0.00488281
-0.00457764
-0.00396729
-0.00396729
-0.00427246
-0.00427246
-0.00457764
-0.00488281
-0.00488281
-0.00457764
-0.00457764
-0.00488281
-0.00518799
-0.00549316
-0.00579834
-0.00579834
-0.00610352
-0.00640869
-0.00671387
-0.00701904
-0.00762939
-0.00823975
-0.00854492
-0.00946045
-0.00976563
-0.01037598
-0.01068115
-0.01007080
-0.00946045
-0.00885010
-0.00793457
-0.00732422
-0.00701904
-0.00671387
-0.00640869
-0.00610352
-0.00579834
-0.00488281
-0.00366211
-0.00213623
-0.00122070
-0.00030518
 0.00061035
 0.00183105
 0.00274658
 0.00366211
 0.00396729
 0.00488281
 0.00549316
 0.00640869
 0.00732422
 0.00732422
 0.00671387
 0.00610352
 0.00579834
 0.00610352
 0.00671387
 0.00793457
 0.00885010
 0.00946045
 0.01037598
 0.01098633
 0.01129150
 0.01129150
 0.01098633
 0.01037598
 0.01007080
 0.00976563
 0.00946045
 0.00885010
 0.00793457
 0.00732422
 0.00701904
 0.00701904
 0.00732422
 0.00762939
 0.00793457
 0.00823975
 0.00793457
 0.00701904
 0.00640869
 0.00610352
 0.00549316
 0.00396729
 0.00213623
 0.00030518
-0.00091553
-0.00183105
-0.00274658
-0.00335693
-0.00335693
-0.00274658
-0.00274658
-0.00305176
-0.00366211
-0.00366211
-0.00396729
-0.00427246
-0.00457764
-0.00518799
-0.00518799
-0.00579834
-0.00579834
-0.00610352
-0.00610352
-0.00610352
-0.00579834
-0.00518799
-0.00427246
-0.00305176
-0.00183105
-0.00122070
-0.00091553
-0.00122070
-0.00213623
-0.00335693
-0.00427246
-0.00549316
-0.00701904
-0.00793457
-0.00823975
-0.00793457
-0.00793457
-0.00793457
-0.00762939
-0.00701904
-0.00701904
-0.00701904
-0.00732422
-0.00732422
-0.00732422
-0.00793457
-0.00854492
-0.00946045
-0.01068115
-0.01098633
-0.01129150
-0.01098633
-0.01037598
-0.00976563
-0.00854492
-0.00732422
-0.00610352
-0.00549316
-0.00488281
-0.00488281
-0.00549316
-0.00549316
-0.00518799
-0.00549316
-0.00610352
-0.00671387
-0.00732422
-0.00762939
-0.00701904
-0.00640869
-0.00549316
-0.00396729
-0.00244141
-0.00152588
-0.00152588
-0.00122070
-0.00061035
 0.00000000
 0.00061035
 0.00061035
 0.00061035
 0.00030518
 0.00061035
 0.00091553
 0.00213623
 0.00366211
 0.00518799
 0.00701904
 0.00946045
 0.01129150
 0.01251221
 0.01281738
 0.01281738
 0.01312256
 0.01281738
 0.01190186
 0.01037598
 0.00976563
 0.00885010
 0.00823975
 0.00823975
 0.00854492
 0.00885010
 0.00885010
 0.00946045
 0.01007080
 0.01037598
 0.01068115
 0.01068115
 0.01007080
 0.00946045
 0.00854492
 0.00701904
 0.00518799
 0.00427246
 0.00457764
 0.00549316
 0.00640869
 0.00732422
 0.00823975
 0.00915527
 0.00946045
 0.00976563
 0.00976563
 0.00946045
 0.00885010
 0.00793457
 0.00671387
 0.00549316
 0.00457764
 0.00366211
 0.00274658
 0.00244141
 0.00213623
 0.00213623
 0.00244141
 0.00274658
 0.00335693
 0.00396729
 0.00427246
 0.00457764
 0.00427246
 0.00335693
 0.00152588
 0.00000000
-0.00091553
-0.00122070
-0.00061035
 0.00000000
 0.00030518
 0.00091553
 0.00183105
 0.00274658
 0.00335693
 0.00366211
 0.00427246
 0.00457764
 0.00488281
 0.00427246
 0.00305176
 0.00152588
-0.00061035
-0.00183105
-0.00244141
-0.00305176
-0.00366211
-0.00396729
-0.00396729
-0.00335693
-0.00244141
-0.00213623
-0.00213623
-0.00305176
-0.00366211
-0.00457764
-0.00549316
-0.00671387
-0.00762939
-0.00823975
-0.00885010
-0.00915527
-0.00885010
-0.00854492
-0.00732422
-0.00640869
-0.00579834
-0.00549316
-0.00488281
-0.00457764
-0.00457764
-0.00549316
-0.00640869
-0.00701904
-0.00793457
-0.00854492
-0.00915527
-0.00915527
-0.00915527
-0.00915527
-0.00885010
-0.00793457
-0.00701904
-0.00610352
-0.00579834
-0.00549316
-0.00579834
-0.00640869
-0.00701904
-0.00762939
-0.00793457
-0.00823975
-0.00854492
-0.00793457
-0.00701904
-0.00549316
-0.00427246
-0.00335693
-0.00213623
-0.00091553
 0.00000000
 0.00122070
 0.00183105
 0.00152588
 0.00122070
 0.00091553
 0.00030518
-0.00030518
-0.00091553
-0.00152588
-0.00152588
-0.00122070
 0.00000000
 0.00091553
 0.00152588
 0.00183105
 0.00213623
 0.00244141
 0.00274658
 0.00274658
 0.00213623
 0.00152588
 0.00030518
-0.00061035
-0.00122070
-0.00152588
-0.00122070
-0.00030518
 0.00061035
 0.00152588
 0.00274658
 0.00305176
 0.00366211
 0.00427246
 0.00488281
 0.00518799
 0.00488281
 0.00457764
 0.00396729
 0.00366211
 0.00305176
 0.00244141
 0.00183105
 0.00122070
 0.00152588
 0.00213623
 0.00244141
 0.00274658
 0.00274658
 0.00366211
 0.00396729
 0.00396729
 0.00335693
 0.00213623
 0.00122070
 0.00061035
 0.00030518
 0.00030518
 0.00091553
 0.00091553
 0.00122070
 0.00122070
 0.00122070
 0.00183105
 0.00274658
 0.00335693
 0.00366211
 0.00366211
 0.00335693
 0.00274658
 0.00244141
 0.00213623
 0.00183105
 0.00091553
 0.00000000
-0.00122070
-0.00183105
-0.00183105
-0.00183105
-0.00152588
-0.00183105
-0.00244141
-0.00305176
-0.00396729
-0.00427246
-0.00457764
-0.00488281
-0.00579834
-0.00610352
-0.00640869
-0.00610352
-0.00671387
-0.00732422
-0.00793457
-0.00823975
-0.00823975
-0.00762939
-0.00732422
-0.00701904
-0.00671387
-0.00640869
-0.00579834
-0.00549316
-0.00579834
-0.00610352
-0.00610352
-0.00610352
-0.00640869
-0.00640869
-0.00579834
-0.00488281
-0.00427246
-0.00396729
-0.00366211
-0.00396729
-0.00427246
-0.00427246
-0.00457764
-0.00427246
-0.00366211
-0.00335693
-0.00305176
-0.00305176
-0.00305176
-0.00274658
-0.00244141
-0.00213623
-0.00122070
-0.00030518
 0.00061035
 0.00122070
 0.00122070
 0.00152588
 0.00213623
 0.00244141
 0.00274658
 0.00305176
 0.00335693
 0.00396729
 0.00427246
 0.00457764
 0.00457764
 0.00488281
 0.00488281
 0.00488281
 0.00457764
 0.00427246
 0.00427246
 0.00427246
 0.00427246
 0.00366211
 0.00366211
 0.00366211
 0.00366211
 0.00366211
 0.00335693
 0.00335693
 0.00396729
 0.00488281
 0.00518799
 0.00488281
 0.00427246
 0.00396729
 0.00396729
 0.00396729
 0.00396729
 0.00396729
 0.00427246
 0.00427246
 0.00427246
 0.00427246
 0.00427246
 0.00427246
 0.00457764
 0.00488281
 0.00457764
 0.00366211
 0.00305176
 0.00244141
 0.00183105
 0.00061035
 0.00000000
-0.00030518
-0.00030518
-0.00061035
-0.00091553
-0.00091553
-0.00122070
-0.00152588
-0.00122070
-0.00061035
-0.00030518
-0.00091553
-0.00122070
-0.00152588
-0.00213623
-0.00244141
-0.00305176
-0.00305176
-0.00335693
-0.00274658
-0.00244141
-0.00213623
-0.00183105
-0.00091553
-0.00061035
-0.00061035
-0.00122070
-0.00152588
-0.00213623
-0.00244141
-0.00305176
-0.00335693
-0.00427246
-0.00518799
-0.00610352
-0.00610352
-0.00610352
-0.00579834
-0.00518799
-0.00427246
-0.00366211
-0.00305176
-0.00305176
-0.00396729
-0.00457764
-0.00457764
-0.00488281
-0.00518799
-0.00518799
-0.00457764
-0.00396729
-0.00366211
-0.00305176
-0.00244141
-0.00213623
-0.00213623
-0.00152588
-0.00061035
 0.00000000
-0.00030518
-0.00061035
-0.00061035
-0.00061035
-0.00091553
-0.00183105
-0.00213623
-0.00183105
-0.00122070
-0.00152588
-0.00152588
-0.00122070
-0.00061035
-0.00061035
 0.00000000
 0.00030518
 0.00030518
 0.00061035
 0.00091553
 0.00061035
 0.00061035
 0.00061035
 0.00091553
 0.00061035
 0.00061035
 0.00091553
 0.00152588
 0.00244141
 0.00396729
 0.00457764
 0.00488281
 0.00457764
 0.00457764
 0.00427246
 0.00427246
 0.00427246
 0.00335693
 0.00274658
 0.00213623
 0.00213623
 0.00152588
 0.00122070
 0.00122070
 0.00122070
 0.00152588
 0.00183105
 0.00213623
 0.00244141
 0.00274658
 0.00274658
 0.00213623
 0.00122070
 0.00061035
 0.00091553
 0.00091553
 0.00091553
 0.00091553
 0.00091553
 0.00122070
 0.00183105
 0.00213623
 0.00305176
 0.00396729
 0.00457764
 0.00457764
 0.00427246
 0.00396729
 0.00396729
 0.00366211
 0.00335693
 0.00213623
 0.00030518
-0.00030518
-0.00061035
-0.00030518
-0.00030518
 0.00030518
 0.00091553
 0.00122070
 0.00122070
 0.00091553
 0.00061035
 0.00091553
 0.00091553
 0.00061035
-0.00030518
-0.00091553
-0.00152588
-0.00183105
-0.00213623
-0.00213623
-0.00183105
-0.00122070
-0.00030518
-0.00030518
-0.00091553
-0.00091553
 0.00000000
 0.00030518
 0.00061035
 0.00000000
-0.00122070
-0.00274658
-0.00457764
-0.00579834
-0.00640869
-0.00671387
-0.00671387
-0.00671387
-0.00640869
-0.00610352
-0.00549316
-0.00549316
-0.00549316
-0.00488281
-0.00457764
-0.00518799
-0.00579834
-0.00579834
-0.00640869
-0.00762939
-0.00823975
-0.00793457
-0.00701904
-0.00640869
-0.00549316
-0.00457764
-0.00427246
-0.00396729
-0.00366211
-0.00335693
-0.00274658
-0.00244141
-0.00305176
-0.00396729
-0.00549316
-0.00579834
-0.00579834
-0.00579834
-0.00610352
-0.00640869
-0.00579834
-0.00488281
-0.00457764
-0.00396729
-0.00305176
-0.00244141
-0.00244141
-0.00335693
-0.00366211
-0.00396729
-0.00427246
-0.00427246
-0.00396729
-0.00396729
-0.00427246
-0.00427246
-0.00427246
-0.00427246
-0.00396729
-0.00274658
-0.00152588
-0.00091553
 0.00000000
 0.00091553
 0.00061035
 0.00000000
-0.00030518
-0.00091553
-0.00183105
-0.00213623
-0.00183105
-0.00152588
-0.00122070
-0.00061035
-0.00030518
 0.00000000
 0.00030518
 0.00030518
-0.00030518
-0.00030518
 0.00000000
 0.00030518
 0.00091553
 0.00122070
 0.00183105
 0.00183105
 0.00091553
 0.00122070
 0.00122070
 0.00152588
 0.00244141
 0.00335693
 0.00427246
 0.00518799
 0.00549316
 0.00518799
 0.00457764
 0.00396729
 0.00335693
 0.00274658
 0.00244141
 0.00213623
 0.00183105
 0.00183105
 0.00213623
 0.00183105
 0.00152588
 0.00122070
 0.00091553
 0.00122070
 0.00152588
 0.00213623
 0.00244141
 0.00274658
 0.00274658
 0.00244141
 0.00213623
 0.00122070
 0.00061035
 0.00000000
-0.00030518
 0.00030518
 0.00091553
 0.00122070
 0.00122070
 0.00122070
 0.00061035
 0.00061035
 0.00122070
 0.00152588
 0.00183105
 0.00183105
 0.00183105
 0.00091553
 0.00000000
-0.00061035
-0.00122070
-0.00122070
-0.00122070
-0.00122070
-0.00061035
-0.00030518
 0.00000000
 0.00061035
 0.00091553
 0.00061035
 0.00030518
-0.00061035
-0.00122070
-0.00152588
-0.00091553
-0.00061035
-0.00091553
-0.00152588
-0.00152588
-0.00152588
-0.00152588
-0.00122070
-0.00091553
-0.00030518
 0.00000000
 0.00061035
 0.00061035
 0.00000000
-0.00030518
-0.00030518
-0.00030518
 0.00000000
 0.00000000
-0.00030518
-0.00061035
-0.00091553
-0.00122070
-0.00122070
-0.00122070
-0.00122070
-0.00091553
-0.00122070
-0.00152588
-0.00152588
-0.00152588
-0.00213623
-0.00244141
-0.00213623
-0.00183105
-0.00152588
-0.00122070
-0.00030518
-0.00030518
-0.00061035
-0.00030518
 0.00000000
-0.00030518
-0.00030518
 0.00000000
 0.00030518
 0.00030518
 0.00030518
 0.00030518
 0.00000000
-0.00030518
-0.00030518
-0.00030518
-0.00061035
-0.00030518
 0.00030518
 0.00061035
 0.00000000
-0.00061035
-0.00091553
-0.00061035
 0.00000000
 0.00000000
 0.00030518
 0.00000000
 0.00000000
 0.00000000
-0.00030518
-0.00091553
-0.00122070
-0.00122070
-0.00122070
-0.00061035
 0.00000000
 0.00030518
 0.00061035
 0.00091553
 0.00122070
 0.00183105
 0.00183105
 0.00152588
 0.00122070
 0.00122070
 0.00091553
 0.00061035
 0.00030518
 0.00030518
-0.00030518
-0.00122070
-0.00183105
-0.00152588
-0.00122070
-0.00061035
-0.00061035
-0.00091553
-0.00061035
-0.00061035
-0.00122070
-0.00183105
-0.00274658
-0.00305176
-0.00305176
-0.00366211
-0.00427246
-0.00427246
-0.00396729
-0.00366211
-0.00305176
-0.00213623
-0.00152588
-0.00091553
-0.00091553
-0.00122070
-0.00122070
-0.00183105
-0.00213623
-0.00244141
-0.00274658
-0.00335693
-0.00366211
-0.00335693
-0.00366211
-0.00427246
-0.00427246
-0.00396729
-0.00335693
-0.00305176
-0.00274658
-0.00244141
-0.00244141
-0.00274658
-0.00335693
-0.00396729
-0.00457764
-0.00488281
-0.00488281
-0.00427246
-0.00366211
-0.00335693
-0.00305176
-0.00274658
-0.00244141
-0.00183105
-0.00152588
-0.00122070
-0.00061035
-0.00061035
-0.00091553
-0.00122070
-0.00152588
-0.00244141
-0.00305176
-0.00335693
-0.00335693
-0.00396729
-0.00396729
-0.00366211
-0.00305176
-0.00244141
-0.00183105
-0.00244141
-0.00305176
-0.00305176
-0.00244141
-0.00274658
-0.00274658
-0.00274658
-0.00244141
-0.00274658
-0.00244141
-0.00274658
-0.00335693
-0.00305176
-0.00213623
-0.00091553
-0.00091553
-0.00091553
-0.00030518
 0.00030518
 0.00061035
 0.00091553
 0.00061035
 0.00030518
 0.00030518
 0.00000000
 0.00000000
-0.00030518
-0.00030518
-0.00030518
-0.00030518
 0.00000000
-0.00030518
 0.00000000
 0.00030518
 0.00061035
 0.00091553
 0.00091553
 0.00061035
 0.00061035
 0.00122070
 0.00122070
 0.00091553
 0.00030518
 0.00061035
 0.00091553
 0.00091553
 0.00152588
 0.00213623
 0.00244141
 0.00274658
 0.00335693
 0.00366211
 0.00366211
 0.00305176
 0.00305176
 0.00305176
 0.00335693
 0.00305176
 0.00213623
 0.00091553
 0.00030518
 0.00091553
 0.00183105
 0.00213623
 0.00183105
 0.00183105
 0.00183105
 0.00152588
 0.00152588
 0.00152588
 0.00183105
 0.00152588
 0.00122070
 0.00061035
-0.00030518
-0.00122070
-0.00152588
-0.00091553
-0.00061035
-0.00030518
 0.00000000
 0.00030518
 0.00091553
 0.00152588
 0.00183105
 0.00213623
 0.00213623
 0.00152588
 0.00030518
-0.00030518
-0.00061035
-0.00091553
-0.00152588
-0.00213623
-0.00244141
-0.00244141
-0.00274658
-0.00244141
-0.00213623
-0.00152588
-0.00122070
-0.00061035
-0.00091553
-0.00122070
-0.00183105
-0.00274658
-0.00335693
-0.00366211
-0.00396729
-0.00427246
-0.00457764
-0.00457764
-0.00427246
-0.00396729
-0.00274658
-0.00183105
-0.00152588
-0.00152588
-0.00122070
-0.00091553
-0.00061035
-0.00061035
-0.00122070
-0.00183105
-0.00274658
-0.00335693
-0.00366211
-0.00366211
-0.00335693
-0.00305176
-0.00244141
-0.00213623
-0.00152588
-0.00122070
-0.00122070
-0.00122070
-0.00122070
-0.00152588
-0.00213623
-0.00244141
-0.00244141
-0.00274658
-0.00274658
-0.00274658
-0.00274658
-0.00213623
-0.00122070
-0.00091553
-0.00030518
 0.00000000
 0.00091553
 0.00183105
 0.00152588
 0.00122070
 0.00091553
 0.00091553
 0.00061035
 0.00030518
 0.00000000
 0.00030518
 0.00030518
 0.00061035
 0.00030518
 0.00030518
 0.00061035
 0.00061035
 0.00091553
 0.00091553
 0.00061035
 0.00061035
 0.00030518
 0.00030518
 0.00000000
-0.00030518
-0.00061035
-0.00061035
-0.00030518
 0.00061035
 0.00091553
 0.00122070
 0.00152588
 0.00122070
 0.00152588
 0.00183105
 0.00244141
 0.00244141
 0.00183105
 0.00122070
 0.00122070
 0.00152588
 0.00183105
 0.00152588
 0.00152588
 0.00122070
 0.00152588
 0.00183105
 0.00213623
 0.00183105
 0.00152588
 0.00152588
 0.00091553
 0.00000000
-0.00091553
-0.00152588
-0.00183105
-0.00152588
-0.00091553
-0.00091553
-0.00091553
-0.00091553
-0.00061035
 0.00000000
 0.00000000
 0.00000000
 0.00000000
 0.00000000
 0.00000000
 0.00030518
-0.00030518
-0.00061035
-0.00061035
-0.00091553
-0.00091553
-0.00091553
-0.00091553
-0.00091553
-0.00091553
-0.00030518
-0.00030518
 0.00000000
 0.00000000
-0.00030518
-0.00061035
-0.00122070
-0.00152588
-0.00152588
-0.00152588
-0.00122070
-0.00152588
-0.00152588
-0.00213623
-0.00183105
-0.00122070
-0.00061035
-0.00030518
 0.00030518
 0.00030518
 0.00030518
 0.00030518
 0.00030518
 0.00061035
 0.00000000
 0.00000000
 0.00000000
 0.00030518
 0.00030518
 0.00030518
 0.00030518
 0.00030518
 0.00030518
 0.00000000
 0.00030518
 0.00030518
 0.00030518
 0.00061035
 0.00030518
 0.00000000
-0.00061035
-0.00122070
-0.00152588
-0.00183105
-0.00213623
-0.00244141
-0.00274658
-0.00213623
-0.00183105
-0.00152588
-0.00183105
-0.00183105
-0.00152588
-0.00122070
-0.00061035
-0.00091553
-0.00091553
-0.00091553
-0.00091553
-0.00152588
-0.00213623
-0.00213623
-0.00213623
-0.00213623
-0.00183105
-0.00183105
-0.00122070
-0.00061035
-0.00061035
-0.00091553
-0.00122070
-0.00183105
-0.00213623
-0.00244141
-0.00213623
-0.00213623
-0.00213623
-0.00244141
-0.00274658
-0.00244141
-0.00244141
-0.00244141
-0.00183105
-0.00091553
-0.00030518
 0.00000000
 0.00000000
 0.00000000
 0.00000000
 0.00000000
 0.00000000
 0.00000000
 0.00000000
-0.00030518
-0.00061035
-0.00061035
-0.00030518
-0.00030518
-0.00061035
-0.00091553
-0.00061035
-0.00030518
-0.00061035
-0.00061035
-0.00091553
-0.00122070
-0.00183105
-0.00213623
-0.00244141
-0.00274658
-0.00305176
-0.00305176
-0.00335693
-0.00366211
-0.00366211
-0.00335693
-0.00305176
-0.00244141
-0.00244141
-0.00244141
-0.00274658
-0.00244141
-0.00183105
-0.00183105
-0.00183105
-0.00183105
-0.00213623
-0.00213623
-0.00213623
-0.00213623
-0.00213623
-0.00183105
-0.00183105
-0.00152588
-0.00213623
-0.00183105
-0.00152588
-0.00152588
-0.00152588
-0.00183105
-0.00244141
-0.00335693
-0.00366211
-0.00366211
-0.00335693
-0.00396729
-0.00396729
-0.00366211
-0.00335693
-0.00305176
-0.00244141
-0.00183105
-0.00183105
-0.00183105
-0.00183105
-0.00183105
-0.00183105
-0.00213623
-0.00244141
-0.00274658
-0.00305176
-0.00305176
-0.00305176
-0.00274658
-0.00274658
-0.00244141
-0.00244141
-0.00244141
-0.00213623
-0.00152588
-0.00152588
-0.00152588
-0.00183105
-0.00213623
-0.00244141
-0.00244141
-0.00305176
-0.00335693
-0.00335693
-0.00305176
-0.00244141
-0.00183105
-0.00122070
-0.00091553
-0.00030518
 0.00030518
 0.00061035
 0.00091553
 0.00091553
 0.00122070
 0.00122070
 0.00091553
 0.00091553
 0.00091553
 0.00091553
 0.00061035
 0.00061035
 0.00061035
 0.00122070
 0.00183105
 0.00244141
 0.00274658
 0.00305176
 0.00305176
 0.00305176
 0.00305176
 0.00305176
 0.00274658
 0.00244141
 0.00274658
 0.00274658
 0.00274658
 0.00274658
 0.00213623
 0.00213623
 0.00244141
 0.00305176
 0.00366211
 0.00366211
 0.00396729
 0.00427246
 0.00488281
 0.00488281
 0.00488281
 0.00457764
 0.00457764
 0.00427246
 0.00427246
 0.00396729
 0.00396729
 0.00396729
 0.00457764
 0.00427246
 0.00396729
 0.00396729
 0.00427246
 0.00488281
 0.00518799
 0.00457764
 0.00366211
 0.00335693
 0.00305176
 0.00305176
 0.00274658
 0.00213623
 0.00183105
 0.00152588
 0.00152588
 0.00183105
 0.00305176
 0.00366211
 0.00366211
 0.00335693
 0.00305176
 0.00335693
 0.00305176
 0.00244141
 0.00213623
 0.00183105
 0.00122070
 0.00091553
 0.00091553
 0.00091553
 0.00091553
 0.00091553
 0.00152588
 0.00183105
 0.00183105
 0.00122070
 0.00061035
 0.00061035
 0.00030518
-0.00030518
-0.00122070
-0.00183105
-0.00244141
-0.00274658
-0.00335693
-0.00335693
-0.00335693
-0.00335693
-0.00305176
-0.00213623
-0.00152588
-0.00122070
-0.00122070
-0.00152588
-0.00183105
-0.00244141
-0.00274658
-0.00305176
-0.00335693
-0.00366211
-0.00396729
-0.00427246
-0.00427246
-0.00427246
-0.00396729
-0.00335693
-0.00305176
-0.00305176
-0.00335693
-0.00335693
-0.00366211
-0.00396729
-0.00396729
-0.00457764
-0.00488281
-0.00457764
-0.00488281
-0.00518799
-0.00518799
-0.00488281
-0.00366211
-0.00366211
-0.00366211
-0.00335693
-0.00305176
-0.00274658
-0.00305176
-0.00305176
-0.00305176
-0.00274658
-0.00274658
-0.00274658
-0.00335693
-0.00335693
-0.00305176
-0.00305176
-0.00244141
-0.00183105
-0.00183105
-0.00152588
-0.00091553
-0.00061035
-0.00061035
-0.00091553
-0.00122070
-0.00152588
-0.00152588
-0.00183105
-0.00213623
-0.00213623
-0.00183105
-0.00183105
-0.00183105
-0.00183105
-0.00091553
 0.00000000
 0.00091553
 0.00152588
 0.00213623
 0.00183105
 0.00152588
 0.00152588
 0.00152588
 0.00122070
 0.00122070
 0.00122070
 0.00122070
 0.00122070
 0.00183105
 0.00244141
 0.00244141
 0.00213623
 0.00152588
 0.00152588
 0.00244141
 0.00305176
 0.00305176
 0.00213623
 0.00122070
 0.00091553
 0.00091553
 0.00091553
 0.00061035
 0.00091553
 0.00122070
 0.00152588
 0.00213623
 0.00244141
 0.00244141
 0.00213623
 0.00213623
 0.00183105
 0.00183105
 0.00183105
 0.00213623
 0.00213623
 0.00183105
 0.00122070
 0.00091553
 0.00122070
 0.00122070
 0.00152588
 0.00244141
 0.00335693
 0.00396729
 0.00366211
 0.00305176
 0.00274658
 0.00244141
 0.00122070
 0.00000000
-0.00030518
-0.00061035
-0.00091553
-0.00091553
-0.00061035
-0.00061035
-0.00030518
-0.00030518
-0.00061035
 0.00000000
 0.00030518
 0.00030518
 0.00000000
-0.00030518
-0.00091553
-0.00152588
-0.00183105
-0.00244141
-0.00274658
-0.00274658
-0.00305176
-0.00274658
-0.00183105
-0.00122070
-0.00061035
-0.00030518
-0.00030518
-0.00030518
-0.00030518
-0.00091553
-0.00122070
-0.00122070
-0.00122070
-0.00213623
-0.00274658
-0.00305176
-0.00335693
-0.00305176
-0.00244141
-0.00183105
-0.00183105
-0.00183105
-0.00122070
-0.00122070
-0.00091553
-0.00091553
-0.00122070
-0.00152588
-0.00213623
-0.00274658
-0.00274658
-0.00274658
-0.00213623
-0.00152588
-0.00091553
-0.00061035
-0.00030518
 0.00000000
 0.00030518
 0.00030518
 0.00030518
 0.00000000
-0.00061035
-0.00091553
-0.00152588
-0.00244141
-0.00305176
-0.00335693
-0.00335693
-0.00305176
-0.00274658
-0.00213623
-0.00152588
-0.00091553
-0.00030518
-0.00030518
-0.00030518
-0.00091553
-0.00091553
-0.00091553
-0.00091553
-0.00122070
-0.00152588
-0.00152588
-0.00152588
-0.00122070
-0.00122070
-0.00030518
 0.00030518
 0.00091553
 0.00122070
 0.00122070
 0.00152588
 0.00122070
 0.00091553
 0.00061035
 0.00000000
-0.00061035
-0.00091553
-0.00122070
-0.00152588
-0.00152588
-0.00091553
-0.00030518
 0.00030518
 0.00122070
 0.00183105
 0.00183105
 0.00122070
 0.00091553
 0.00091553
 0.00091553
 0.00030518
 0.00000000
-0.00061035
-0.00061035
-0.00061035
-0.00030518
 0.00030518
 0.00091553
 0.00091553
 0.00152588
 0.00183105
 0.00244141
 0.00244141
 0.00213623
 0.00244141
 0.00213623
 0.00152588
 0.00091553
 0.00030518
 0.00000000
-0.00030518
-0.00091553
-0.00122070
-0.00091553
-0.00091553
-0.00061035
-0.00061035
-0.00030518
 0.00000000
 0.00000000
 0.00000000
-0.00030518
-0.00091553
-0.00152588
-0.00152588
-0.00152588
-0.00183105
-0.00183105
-0.00152588
-0.00122070
-0.00061035
 0.00000000
 0.00000000
 0.00030518
 0.00061035
 0.00030518
 0.00030518
 0.00061035
 0.00030518
-0.00030518
-0.00152588
-0.00183105
-0.00152588
-0.00152588
-0.00183105
-0.00183105
-0.00183105
-0.00152588
-0.00091553
-0.00061035
-0.00122070
-0.00152588
-0.00122070
-0.00061035
-0.00030518
 0.00000000
-0.00030518
-0.00061035
-0.00061035
-0.00061035
-0.00030518
 0.00000000
 0.00061035
 0.00091553
 0.00122070
 0.00122070
 0.00122070
 0.00091553
 0.00091553
 0.00091553
 0.00091553
 0.00091553
 0.00091553
 0.00122070
 0.00152588
 0.00122070
 0.00091553
 0.00122070
 0.00122070
 0.00122070
 0.00183105
 0.00183105
 0.00244141
 0.00244141
 0.00213623
 0.00122070
 0.00091553
 0.00061035
 0.00061035
 0.00061035
 0.00030518
 0.00061035
 0.00122070
 0.00183105
 0.00183105
 0.00213623
 0.00213623
 0.00274658
 0.00305176
 0.00305176
 0.00274658
 0.00213623
 0.00183105
 0.00183105
 0.00183105
 0.00183105
 0.00152588
 0.00152588
 0.00152588
 0.00152588
 0.00183105
 0.00213623
 0.00213623
 0.00213623
 0.00213623
 0.00244141
 0.00274658
 0.00213623
 0.00183105
 0.00061035
 0.00000000
 0.00000000
 0.00000000
 0.00061035
 0.00061035
 0.00091553
 0.00091553
 0.00122070
 0.00183105
 0.00244141
 0.00244141
 0.00213623
 0.00152588
 0.00152588
 0.00152588
 0.00091553
 0.00000000
-0.00030518
-0.00091553
-0.00091553
-0.00061035
-0.00030518
 0.00061035
 0.00091553
 0.00061035
 0.00000000
 0.00000000
 0.00000000
-0.00030518
-0.00061035
-0.00122070
-0.00152588
-0.00183105
-0.00213623
-0.00244141
-0.00274658
-0.00244141
-0.00183105
-0.00152588
-0.00061035
-0.00030518
-0.00030518
-0.00061035
 0.00000000
 0.00000000
-0.00030518
-0.00061035
-0.00122070
-0.00183105
-0.00152588
-0.00091553
-0.00122070
-0.00122070
-0.00091553
-0.00122070
-0.00122070
-0.00091553
-0.00061035
-0.00061035
-0.00061035
-0.00061035
-0.00061035
-0.00091553
-0.00152588
-0.00183105
-0.00213623
-0.00183105
-0.00122070
-0.00061035
-0.00030518
-0.00030518
 0.00000000
 0.00030518
 0.00061035
 0.00061035
 0.00030518
 0.00000000
-0.00030518
 0.00030518
 0.00000000
-0.00030518
-0.00061035
-0.00061035
-0.00030518
 0.00030518
-0.00030518
-0.00061035
 0.00000000
 0.00061035
 0.00091553
 0.00061035
 0.00030518
 0.00000000
-0.00030518
-0.00061035
-0.00030518
-0.00030518
-0.00030518
-0.00030518
-0.00030518
-0.00061035
-0.00030518
 0.00030518
 0.00061035
 0.00091553
 0.00091553
 0.00061035
 0.00061035
 0.00061035
 0.00061035
 0.00030518
 0.00000000
-0.00030518
-0.00030518
-0.00030518
-0.00030518
 0.00000000
 0.00000000
 0.00000000
 0.00061035
 0.00091553
 0.00091553
 0.00061035
 0.00030518
 0.00000000
 0.00000000
-0.00061035
-0.00091553
-0.00091553
-0.00091553
-0.00061035
-0.00030518
-0.00061035
-0.00061035
-0.00030518
 0.00000000
 0.00000000
-0.00030518
-0.00030518
-0.00030518
-0.00061035
-0.00091553
-0.00091553
-0.00061035
-0.00030518
 0.00030518
 0.00000000
-0.00030518
 0.00000000
 0.00000000
 0.00030518
 0.00091553
 0.00122070
 0.00091553
 0.00030518
 0.00030518
 0.00030518
 0.00030518
-0.00030518
-0.00091553
-0.00122070
-0.00152588
-0.00183105
-0.00183105
-0.00183105
-0.00122070
-0.00091553
-0.00091553
-0.00091553
-0.00091553
-0.00061035
-0.00030518
-0.00061035
-0.00061035
-0.00091553
-0.00152588
-0.00152588
-0.00152588
-0.00152588
-0.00152588
-0.00152588
-0.00122070
-0.00091553
-0.00030518
 0.00000000
 0.00030518
 0.00030518
 0.00000000
-0.00030518
-0.00061035
-0.00061035
-0.00061035
-0.00061035
-0.00122070
-0.00152588
-0.00152588
-0.00122070
-0.00091553
-0.00061035
-0.00061035
-0.00030518
-0.00030518
 0.00000000
 0.00000000
 0.00000000
 0.00030518
 0.00061035
 0.00061035
 0.00000000
-0.00061035
-0.00030518
 0.00000000
 0.00030518
 0.00061035
 0.00061035
 0.00061035
 0.00122070
 0.00183105
 0.00213623
 0.00152588
 0.00152588
 0.00213623
 0.00244141
 0.00213623
 0.00122070
 0.00061035
 0.00061035
 0.00030518
 0.00000000
 0.00030518
 0.00030518
 0.00030518
 0.00091553
 0.00091553
 0.00122070
 0.00183105
 0.00213623
 0.00213623
 0.00213623
 0.00213623
 0.00183105
 0.00152588
 0.00152588
 0.00122070
 0.00122070
 0.00122070
 0.00152588
 0.00213623
 0.00213623
 0.00274658
 0.00305176
 0.00274658
 0.00274658
 0.00244141
 0.00244141
 0.00213623
 0.00183105
 0.00213623
 0.00244141
 0.00213623
 0.00183105
 0.00152588
 0.00152588
 0.00122070
 0.00122070
 0.00122070
 0.00213623
 0.00244141
 0.00213623
 0.00183105
 0.00152588
 0.00152588
 0.00183105
 0.00244141
 0.00244141
 0.00244141
 0.00244141
 0.00213623
 0.00183105
 0.00183105
 0.00183105
 0.00213623
 0.00244141
 0.00274658
 0.00244141
 0.00152588
 0.00122070
 0.00122070
 0.00091553
 0.00122070
 0.00091553
 0.00091553
 0.00122070
 0.00091553
 0.00030518
-0.00030518
-0.00061035
-0.00061035
-0.00030518
-0.00061035
-0.00061035
-0.00061035
-0.00030518
 0.00000000
-0.00030518
-0.00061035
-0.00030518
-0.00030518
-0.00061035
-0.00061035
-0.00061035
-0.00091553
-0.00091553
-0.00030518
 0.00000000
-0.00061035
-0.00122070
-0.00122070
-0.00091553
-0.00061035
-0.00030518
-0.00030518
 0.00000000
 0.00000000
-0.00030518
-0.00091553
-0.00152588
-0.00183105
-0.00244141
-0.00305176
-0.00305176
-0.00305176
-0.00335693
-0.00305176
-0.00274658
-0.00274658
-0.00244141
-0.00213623
-0.00152588
-0.00122070
-0.00122070
-0.00152588
-0.00183105
-0.00213623
-0.00213623
-0.00183105
-0.00213623
-0.00274658
-0.00244141
-0.00213623
-0.00183105
-0.00183105
-0.00152588
-0.00091553
-0.00061035
-0.00030518
-0.00061035
-0.00061035
-0.00122070
-0.00152588
-0.00183105
-0.00244141
-0.00244141
-0.00213623
-0.00183105
-0.00152588
-0.00152588
-0.00122070
-0.00091553
-0.00030518
-0.00030518
-0.00030518
-0.00061035
-0.00091553
-0.00061035
 0.00000000
 0.00030518
 0.00030518
 0.00000000
-0.00030518
-0.00030518
 0.00000000
 0.00061035
 0.00122070
 0.00152588
 0.00183105
 0.00183105
 0.00183105
 0.00213623
 0.00183105
 0.00152588
 0.00091553
 0.00091553
 0.00091553
 0.00061035
 0.00030518
 0.00030518
 0.00030518
 0.00030518
 0.00030518
 0.00000000
 0.00061035
 0.00122070
 0.00183105
 0.00213623
 0.00213623
 0.00244141
 0.00244141
 0.00213623
 0.00152588
 0.00122070
 0.00122070
 0.00122070
 0.00152588
 0.00152588
 0.00183105
 0.00244141
 0.00274658
 0.00274658
 0.00274658
 0.00305176
 0.00335693
 0.00335693
 0.00305176
 0.00213623
 0.00183105
 0.00152588
 0.00152588
 0.00152588
 0.00122070
 0.00122070
 0.00122070
 0.00122070
 0.00183105
 0.00183105
 0.00183105
 0.00183105
 0.00213623
 0.00213623
 0.00152588
 0.00122070
 0.00091553
 0.00091553
 0.00122070
 0.00122070
 0.00091553
 0.00091553
 0.00091553
 0.00122070
 0.00183105
 0.00213623
 0.00213623
 0.00183105
 0.00152588
 0.00152588
 0.00152588
 0.00152588
 0.00091553
 0.00061035
 0.00061035
 0.00000000
 0.00000000
 0.00000000
 0.00000000
 0.00030518
 0.00091553
 0.00091553
 0.00091553
 0.00122070
 0.00122070
 0.00091553
 0.00061035
 0.00030518
 0.00000000
 0.00030518
 0.00030518
 0.00061035
 0.00061035
 0.00061035
 0.00061035
 0.00030518
 0.00030518
 0.00091553
 0.00122070
 0.00091553
 0.00091553
 0.00061035
 0.00061035
 0.00091553
 0.00091553
 0.00030518
-0.00030518
-0.00061035
-0.00030518
 0.00000000
 0.00061035
 0.00061035
 0.00030518
-0.00030518
-0.00061035
-0.00030518
-0.00061035
-0.00061035
-0.00061035
-0.00061035
-0.00091553
-0.00061035
-0.00061035
-0.00061035
-0.00030518
-0.00030518
-0.00030518
-0.00030518
 0.00000000
 0.00000000
 0.00000000
 0.00000000
 0.00000000
 0.00000000
-0.00061035
-0.00091553
-0.00122070
-0.00152588
-0.00152588
-0.00122070
-0.00152588
-0.00183105
-0.00183105
-0.00152588
-0.00122070
-0.00152588
-0.00152588
-0.00152588
-0.00152588
-0.00213623
-0.00244141
-0.00213623
-0.00183105
-0.00152588
-0.00152588
-0.00183105
-0.00152588
-0.00152588
-0.00122070
-0.00091553
-0.00091553
-0.00091553
-0.00122070
-0.00122070
-0.00091553
-0.00091553
-0.00091553
-0.00091553
-0.00061035
-0.00061035
-0.00122070
-0.00152588
-0.00152588
-0.00152588
-0.00061035
-0.00030518
-0.00061035
-0.00061035
-0.00030518
-0.00061035
-0.00122070
-0.00152588
-0.00122070
-0.00091553
-0.00061035
-0.00091553
-0.00091553
-0.00091553
-0.00030518
-0.00030518
-0.00030518
-0.00030518
 0.00030518
 0.00091553
 0.00183105
 0.00213623
 0.00183105
 0.00183105
 0.00183105
 0.00183105
 0.00152588
 0.00122070
 0.00122070
 0.00122070
 0.00183105
 0.00213623
 0.00183105
 0.00152588
 0.00122070
 0.00152588
 0.00183105
 0.00213623
 0.00183105
 0.00152588
 0.00152588
 0.00122070
 0.00091553
 0.00091553
 0.00061035
 0.00061035
 0.00091553
 0.00152588
 0.00152588
 0.00152588
 0.00183105
 0.00244141
 0.00213623
 0.00183105
 0.00213623
 0.00213623
 0.00183105
 0.00213623
 0.00244141
 0.00244141
 0.00152588
 0.00152588
 0.00152588
 0.00183105
 0.00122070
 0.00091553
 0.00122070
 0.00152588
 0.00183105
 0.00183105
 0.00183105
 0.00183105
 0.00122070
 0.00061035
 0.00091553
 0.00091553
 0.00122070
 0.00091553
 0.00091553
 0.00091553
 0.00091553
 0.00061035
 0.00091553
 0.00152588
 0.00183105
 0.00183105
 0.00152588
 0.00122070
 0.00091553
 0.00091553
 0.00091553
 0.00030518
 0.00000000
 0.00000000
 0.00030518
 0.00030518
 0.00000000
 0.00030518
 0.00030518
 0.00030518
 0.00000000
-0.00030518
-0.00061035
-0.00091553
-0.00091553
-0.00091553
-0.00061035
-0.00091553
-0.00122070
-0.00122070
-0.00122070
-0.00122070
-0.00122070
-0.00091553
-0.00122070
-0.00152588
-0.00122070
-0.00091553
-0.00091553
-0.00122070
-0.00091553
-0.00061035
-0.00030518
-0.00122070
-0.00152588
-0.00122070
-0.00091553
-0.00061035
-0.00061035
-0.00122070
-0.00122070
-0.00122070
-0.00152588
-0.00152588
-0.00213623
-0.00274658
-0.00244141
-0.00183105
-0.00213623
-0.00213623
-0.00183105
-0.00152588
-0.00152588
-0.00152588
-0.00122070
-0.00122070
-0.00122070
-0.00152588
-0.00152588
-0.00122070
-0.00091553
-0.00122070
-0.00152588
-0.00152588
-0.00091553
-0.00091553
-0.00091553
-0.00122070
-0.00122070
-0.00122070
-0.00061035
-0.00061035
-0.00061035
-0.00091553
-0.00122070
-0.00091553
-0.00091553
-0.00091553
-0.00091553
-0.00122070
-0.00122070
-0.00122070
-0.00091553
-0.00061035
-0.00061035
-0.00091553
-0.00122070
-0.00122070
-0.00061035
-0.00030518
-0.00030518
-0.00030518
 0.00000000
-0.00061035
-0.00091553
-0.00152588
-0.00122070
-0.00030518
-0.00030518
 0.00000000
 0.00030518
 0.00030518
 0.00000000
 0.00000000
 0.00030518
 0.00000000
-0.00030518
-0.00061035
-0.00030518
-0.00030518
-0.00030518
-0.00030518
-0.00030518
-0.00030518
 0.00000000
-0.00030518
-0.00030518
-0.00030518
-0.00030518
-0.00030518
 0.00000000
 0.00030518
 0.00061035
 0.00091553
 0.00091553
 0.00061035
 0.00030518
-0.00030518
 0.00030518
 0.00061035
 0.00061035
 0.00061035
 0.00061035
 0.00061035
 0.00091553
 0.00122070
 0.00091553
 0.00061035
 0.00030518
 0.00061035
 0.00091553
 0.00152588
 0.00152588
 0.00152588
 0.00122070
 0.00091553
 0.00091553
 0.00091553
 0.00061035
 0.00091553
 0.00091553
 0.00122070
 0.00183105
 0.00152588
 0.00122070
 0.00091553
 0.00091553
 0.00091553
 0.00091553
 0.00152588
 0.00213623
 0.00244141
 0.00244141
 0.00244141
 0.00274658
 0.00305176
 0.00335693
 0.00274658
 0.00213623
 0.00213623
 0.00213623
 0.00244141
 0.00244141
 0.00244141
 0.00183105
 0.00122070
 0.00122070
 0.00122070
 0.00152588
 0.00183105
 0.00183105
 0.00213623
 0.00244141
 0.00274658
 0.00244141
 0.00183105
 0.00183105
 0.00152588
 0.00152588
 0.00122070
 0.00122070
 0.00152588
 0.00152588
 0.00183105
 0.00183105
 0.00213623
 0.00213623
 0.00244141
 0.00274658
 0.00274658
 0.00244141
 0.00213623
 0.00183105
 0.00183105
 0.00183105
 0.00213623
 0.00244141
 0.00183105
 0.00122070
 0.00061035
 0.00091553
 0.00122070
 0.00152588
 0.00152588
 0.00122070
 0.00061035
 0.00061035
 0.00030518
 0.00000000
 0.00000000
-0.00030518
 0.00000000
-0.00030518
-0.00091553
-0.00091553
-0.00061035
-0.00030518
-0.00030518
-0.00030518
 0.00000000
-0.00030518
-0.00061035
-0.00061035
-0.00061035
-0.00061035
-0.00061035
-0.00091553
-0.00122070
-0.00152588
-0.00122070
-0.00091553
-0.00061035
-0.00030518
-0.00061035
-0.00091553
-0.00122070
-0.00122070
-0.00122070
-0.00152588
-0.00213623
-0.00183105
-0.00122070
-0.00122070
-0.00183105
-0.00244141
-0.00244141
-0.00244141
-0.00183105
-0.00122070
-0.00091553
-0.00091553
-0.00122070
-0.00152588
-0.00183105
-0.00183105
-0.00183105
-0.00183105
-0.00152588
-0.00152588
-0.00152588
-0.00122070
-0.00122070
-0.00122070
-0.00152588
-0.00152588
-0.00183105
-0.00152588
-0.00152588
-0.00152588
-0.00183105
-0.00213623
-0.00274658
-0.00244141
-0.00213623
-0.00213623
-0.00244141
-0.00244141
-0.00244141
-0.00213623
-0.00152588
-0.00091553
-0.00122070
-0.00152588
-0.00091553
-0.00030518
-0.00061035
-0.00091553
-0.00152588
-0.00183105
-0.00122070
-0.00091553
-0.00122070
-0.00152588
-0.00122070
-0.00091553
-0.00061035
-0.00091553
-0.00152588
-0.00122070
-0.00091553
-0.00091553
-0.00091553
-0.00091553
-0.00152588
-0.00152588
-0.00152588
-0.00152588
-0.00152588
-0.00183105
-0.00183105
-0.00152588
-0.00122070
-0.00091553
-0.00091553
-0.00091553
-0.00091553
-0.00091553
-0.00122070
-0.00152588
-0.00152588
-0.00122070
-0.00061035
-0.00030518
 0.00000000
 0.00000000
 0.00061035
 0.00091553
 0.00061035
 0.00030518
 0.00000000
 0.00030518
 0.00000000
-0.00091553
-0.00091553
-0.00091553
-0.00091553
-0.00091553
-0.00122070
-0.00122070
-0.00061035
-0.00030518
 0.00000000
-0.00030518
-0.00061035
-0.00061035
 0.00000000
 0.00030518
 0.00030518
 0.00000000
-0.00091553
-0.00122070
-0.00122070
-0.00122070
-0.00122070
-0.00061035
 0.00000000
 0.00000000
-0.00030518
-0.00030518
 0.00030518
 0.00091553
 0.00061035
 0.00000000
-0.00030518
-0.00091553
-0.00061035
-0.00030518
-0.00030518
-0.00091553
-0.00122070
-0.00091553
-0.00030518
 0.00000000
 0.00030518
 0.00030518
 0.00030518
 0.00061035
 0.00091553
 0.00061035
 0.00061035
 0.00030518
 0.00030518
 0.00000000
-0.00030518
-0.00030518
 0.00000000
 0.00030518
 0.00061035
 0.00091553
 0.00122070
 0.00152588
 0.00122070
 0.00091553
 0.00122070
 0.00122070
 0.00152588
 0.00122070
 0.00122070
 0.00122070
 0.00091553
 0.00061035
 0.00061035
 0.00000000
 0.00030518
 0.00061035
 0.00122070
 0.00183105
 0.00152588
 0.00152588
 0.00152588
 0.00122070
 0.00152588
 0.00122070
 0.00091553
 0.00061035
 0.00091553
 0.00091553
 0.00122070
 0.00091553
 0.00122070
 0.00122070
 0.00122070
 0.00091553
 0.00122070
 0.00183105
 0.00183105
 0.00183105
 0.00122070
 0.00091553
 0.00061035
 0.00000000
 0.00000000
 0.00030518
 0.00030518
 0.00061035
 0.00061035
 0.00061035
 0.00091553
 0.00091553
 0.00091553
 0.00091553
 0.00091553
 0.00091553
 0.00091553
 0.00061035
-0.00030518
-0.00122070
-0.00152588
-0.00122070
-0.00091553
-0.00061035
-0.00030518
-0.00061035
-0.00030518
 0.00030518
 0.00030518
 0.00030518
 0.00061035
 0.00061035
 0.00030518
 0.00030518
 0.00000000
-0.00061035
-0.00122070
-0.00183105
-0.00213623
-0.00183105
-0.00183105
-0.00183105
-0.00183105
-0.00091553
-0.00061035
-0.00061035
-0.00091553
-0.00152588
-0.00152588
-0.00183105
-0.00213623
-0.00244141
-0.00274658
-0.00305176
-0.00274658
-0.00244141
-0.00213623
-0.00244141
-0.00213623
-0.00152588
-0.00091553
-0.00030518
-0.00030518
-0.00030518
-0.00061035
-0.00091553
-0.00091553
-0.00122070
-0.00122070
-0.00152588
-0.00152588
-0.00152588
-0.00122070
-0.00122070
-0.00061035
-0.00030518
-0.00030518
-0.00061035
-0.00061035
-0.00061035
-0.00091553
-0.00091553
-0.00122070
-0.00122070
-0.00091553
-0.00091553
-0.00183105
-0.00183105
-0.00122070
-0.00061035
-0.00030518
-0.00030518
 0.00030518
 0.00091553
 0.00152588
 0.00152588
 0.00122070
 0.00091553
 0.00061035
 0.00061035
 0.00030518
 0.00000000
-0.00061035
-0.00061035
-0.00030518
 0.00000000
 0.00000000
 0.00000000
 0.00061035
 0.00091553
 0.00152588
 0.00152588
 0.00122070
 0.00091553
 0.00091553
 0.00061035
 0.00030518
 0.00030518
 0.00000000
 0.00000000
 0.00030518
 0.00030518
 0.00030518
 0.00091553
 0.00122070
 0.00183105
 0.00213623
 0.00213623
 0.00244141
 0.00244141
 0.00213623
 0.00152588
 0.00122070
 0.00122070
 0.00061035
 0.00030518
 0.00030518
 0.00030518
 0.00061035
 0.00061035
 0.00030518
 0.00030518
 0.00061035
 0.00061035
 0.00030518
 0.00030518
 0.00030518
 0.00030518
 0.00000000
-0.00030518
-0.00061035
-0.00061035
-0.00091553
-0.00091553
-0.00091553
-0.00122070
-0.00091553
-0.00030518
 0.00000000
 0.00000000
 0.00030518
 0.00030518
-0.00030518
-0.00030518
-0.00030518
-0.00030518
-0.00061035
-0.00091553
-0.00091553
-0.00091553
-0.00061035
-0.00122070
-0.00122070
-0.00122070
-0.00152588
-0.00183105
-0.00183105
-0.00152588
-0.00152588
-0.00152588
-0.00152588
-0.00213623
-0.00305176
-0.00305176
-0.00274658
-0.00213623
-0.00183105
-0.00183105
-0.00213623
-0.00213623
-0.00213623
-0.00213623
-0.00183105
-0.00183105
-0.00183105
-0.00213623
-0.00183105
-0.00122070
-0.00061035
-0.00091553
-0.00122070
-0.00152588
-0.00152588
-0.00152588
-0.00122070
-0.00122070
-0.00122070
-0.00152588
-0.00152588
-0.00152588
-0.00213623
-0.00244141
-0.00213623
-0.00213623
-0.00213623
-0.00213623
-0.00122070
-0.00122070
-0.00122070
-0.00183105
-0.00183105
-0.00152588
-0.00122070
-0.00091553
-0.00061035
-0.00061035
-0.00061035
-0.00061035
-0.00091553
-0.00122070
-0.00091553
-0.00091553
-0.00030518
 0.00030518
 0.00030518
 0.00030518
 0.00061035
 0.00030518
-0.00030518
-0.00061035
-0.00030518
-0.00030518
-0.00030518
-0.00030518
-0.00030518
 0.00000000
 0.00000000
-0.00030518
-0.00061035
-0.00030518
 0.00030518
 0.00061035
 0.00091553
 0.00030518
 0.00000000
 0.00000000
 0.00030518
 0.00030518
 0.00000000
-0.00030518
 0.00000000
 0.00030518
 0.00091553
 0.00091553
 0.00091553
 0.00091553
 0.00061035
 0.00061035
 0.00061035
 0.00030518
 0.00000000
 0.00030518
 0.00061035
 0.00061035
 0.00030518
-0.00030518
-0.00061035
-0.00030518
-0.00030518
-0.00061035
-0.00061035
-0.00061035
-0.00061035
-0.00030518
-0.00030518
 0.00000000
-0.00030518
-0.00091553
-0.00091553
-0.00091553
-0.00091553
-0.00061035
-0.00061035
-0.00091553
-0.00061035
-0.00030518
-0.00030518
-0.00061035
-0.00061035
-0.00091553
-0.00091553
-0.00091553
-0.00061035
-0.00061035
-0.00061035
-0.00091553
-0.00122070
-0.00091553
-0.00091553
-0.00152588
-0.00122070
-0.00091553
-0.00061035
-0.00091553
-0.00122070
-0.00183105
-0.00152588
-0.00122070
-0.00122070
-0.00122070
-0.00122070
-0.00122070
-0.00122070
-0.00030518
 0.00000000
-0.00061035
-0.00091553
-0.00091553
-0.00030518
 0.00000000
 0.00000000
-0.00030518
-0.00091553
-0.00091553
 0.00000000
 0.00000000
 0.00000000
 0.00000000
 0.00030518
 0.00030518
 0.00030518
 0.00000000
-0.00030518
 0.00000000
 0.00030518
 0.00061035
 0.00030518
-0.00061035
-0.00061035
-0.00030518
-0.00030518
-0.00030518
-0.00061035
-0.00030518
 0.00000000
 0.00030518
 0.00030518
 0.00061035
 0.00061035
 0.00091553
 0.00091553
 0.00091553
 0.00061035
 0.00122070
 0.00122070
 0.00091553
 0.00030518
 0.00030518
 0.00091553
 0.00152588
 0.00152588
 0.00122070
 0.00091553
 0.00061035
 0.00061035
 0.00061035
 0.00061035
 0.00061035
 0.00030518
 0.00030518
 0.00030518
 0.00061035
 0.00091553
 0.00061035
 0.00061035
 0.00061035
 0.00030518
 0.00030518
 0.00030518
 0.00030518
 0.00061035
 0.00061035
 0.00061035
 0.00061035
 0.00061035
 0.00030518
 0.00000000
 0.00000000
 0.00061035
 0.00061035
 0.00000000
-0.00030518
-0.00061035
-0.00061035
-0.00030518
-0.00030518
 0.00000000
 0.00000000
 0.00000000
 0.00000000
-0.00030518
-0.00061035
-0.00122070
-0.00152588
-0.00183105
-0.00152588
-0.00152588
-0.00122070
-0.00122070
-0.00122070
-0.00122070
-0.00091553
-0.00091553
-0.00091553
-0.00091553
-0.00091553
-0.00061035
-0.00030518
-0.00061035
-0.00122070
-0.00122070
-0.00152588
-0.00122070
-0.00152588
-0.00152588
-0.00122070
-0.00122070
-0.00183105
-0.00183105
-0.00122070
-0.00091553
-0.00122070
-0.00152588
-0.00122070
-0.00091553
-0.00091553
-0.00091553
-0.00091553
-0.00091553
-0.00122070
-0.00152588
-0.00152588
-0.00152588
-0.00183105
-0.00152588
-0.00152588
-0.00183105
-0.00152588
-0.00122070
-0.00122070
-0.00091553
-0.00122070
-0.00122070
-0.00061035
-0.00030518
-0.00061035
-0.00091553
-0.00122070
-0.00091553
-0.00061035
-0.00061035
-0.00091553
-0.00061035
-0.00061035
-0.00030518
-0.00030518
-0.00030518
-0.00061035
-0.00061035
-0.00061035
-0.00091553
-0.00122070
-0.00152588
-0.00122070
-0.00122070
-0.00122070
-0.00122070
-0.00122070
-0.00091553
-0.00030518
-0.00030518
-0.00091553
-0.00091553
-0.00061035
-0.00030518
-0.00030518
-0.00061035
-0.00091553
-0.00091553
-0.00091553
-0.00091553
-0.00122070
-0.00091553
-0.00122070
-0.00091553
-0.00091553
-0.00091553
-0.00061035
-0.00061035
-0.00061035
-0.00091553
-0.00061035
-0.00061035
-0.00061035
-0.00061035
-0.00091553
-0.00091553
-0.00122070
-0.00122070
-0.00152588
-0.00152588
-0.00122070
-0.00122070
-0.00091553
-0.00030518
 0.00000000
-0.00030518
-0.00030518
-0.00030518
-0.00030518
-0.00061035
-0.00122070
-0.00122070
-0.00091553
-0.00061035
-0.00061035
-0.00091553
-0.00091553
-0.00061035
-0.00061035
-0.00061035
-0.00030518
-0.00030518
-0.00030518
 0.00000000
 0.00030518
 0.00000000
-0.00061035
-0.00122070
-0.00122070
-0.00061035
-0.00061035
-0.00122070
-0.00091553
-0.00091553
-0.00030518
 0.00000000
 0.00030518
 0.00000000
 0.00030518
 0.00061035
 0.00061035
 0.00000000
-0.00061035
-0.00061035
-0.00030518
 0.00000000
 0.00000000
-0.00030518
-0.00061035
-0.00030518
 0.00000000
 0.00030518
 0.00030518
 0.00061035
 0.00091553
 0.00061035
 0.00061035
 0.00061035
 0.00061035
 0.00091553
 0.00091553
 0.00061035
-0.00030518
-0.00061035
-0.00030518
 0.00030518
 0.00091553
 0.00122070
 0.00122070
 0.00091553
 0.00091553
 0.00091553
 0.00061035
 0.00061035
 0.00061035
 0.00091553
 0.00091553
 0.00061035
 0.00061035
 0.00091553
 0.00061035
 0.00061035
 0.00122070
 0.00152588
 0.00183105
 0.00152588
 0.00122070
 0.00091553
 0.00091553
 0.00091553
 0.00061035
 0.00030518
 0.00000000
-0.00030518
-0.00091553
-0.00061035
 0.00000000
 0.00061035
 0.00091553
 0.00030518
 0.00000000
 0.00000000
 0.00061035
 0.00091553
 0.00061035
 0.00061035
 0.00000000
-0.00061035
-0.00061035
-0.00091553
-0.00091553
-0.00091553
-0.00091553
-0.00061035
 0.00000000
 0.00061035
 0.00061035
 0.00030518
 0.00000000
 0.00000000
 0.00000000
-0.00030518
-0.00061035
-0.00122070
-0.00152588
-0.00152588
-0.00183105
-0.00183105
-0.00122070
-0.00152588
-0.00122070
-0.00061035
 0.00000000
-0.00030518
-0.00030518
-0.00030518
-0.00091553
-0.00122070
-0.00152588
-0.00183105
-0.00183105
-0.00183105
-0.00213623
-0.00244141
-0.00213623
-0.00183105
-0.00122070
-0.00152588
-0.00152588
-0.00122070
-0.00122070
-0.00091553
-0.00091553
-0.00122070
-0.00122070
-0.00152588
-0.00183105
-0.00244141
-0.00305176
-0.00274658
-0.00244141
-0.00213623
-0.00152588
-0.00152588
-0.00152588
-0.00152588
-0.00122070
-0.00091553
-0.00091553
-0.00091553
-0.00091553
-0.00091553
-0.00091553
-0.00122070
-0.00152588
-0.00152588
-0.00183105
-0.00152588
-0.00152588
-0.00122070
-0.00061035
 0.00000000
 0.00000000
 0.00030518
 0.00030518
 0.00030518
 0.00030518
 0.00061035
 0.00061035
 0.00000000
-0.00091553
-0.00091553
-0.00061035
-0.00061035
-0.00030518
-0.00091553
-0.00122070
-0.00091553
-0.00061035
-0.00030518
-0.00030518
 0.00000000
 0.00000000
 0.00000000
-0.00030518
-0.00061035
-0.00122070
-0.00122070
-0.00091553
-0.00091553
 0.00000000
 0.00030518
 0.00000000
-0.00030518
-0.00030518
 0.00000000
 0.00030518
 0.00030518
 0.00000000
 0.00030518
-0.00030518
-0.00091553
-0.00122070
-0.00091553
-0.00091553
-0.00152588
-0.00183105
-0.00183105
-0.00091553
 0.00000000
 0.00061035
 0.00061035
 0.00030518
-0.00030518
-0.00030518
-0.00030518
 0.00000000
 0.00000000
-0.00030518
-0.00091553
-0.00122070
-0.00122070
-0.00091553
-0.00061035
-0.00061035
-0.00030518
 0.00030518
 0.00061035
 0.00061035
 0.00000000
 0.00000000
 0.00000000
 0.00000000
-0.00061035
-0.00091553
-0.00122070
-0.00122070
-0.00122070
-0.00152588
-0.00183105
-0.00183105
-0.00183105
-0.00122070
-0.00061035
-0.00030518
 0.00000000
 0.00000000
 0.00000000
 0.00000000
-0.00030518
-0.00091553
-0.00091553
-0.00122070
-0.00152588
-0.00152588
-0.00122070
-0.00061035
-0.00030518
 0.00000000
 0.00000000
 0.00000000
 0.00061035
 0.00061035
 0.00030518
 0.00000000
-0.00061035
-0.00061035
-0.00061035
-0.00061035
-0.00091553
-0.00091553
-0.00091553
-0.00122070
-0.00091553
 0.00000000
 0.00030518
 0.00061035
 0.00091553
 0.00061035
 0.00030518
 0.00030518
 0.00030518
 0.00030518
 0.00000000
-0.00091553
-0.00091553
-0.00061035
-0.00030518
-0.00030518
-0.00030518
-0.00030518
 0.00000000
 0.00061035
 0.00091553
 0.00061035
 0.00061035
 0.00061035
 0.00091553
 0.00061035
 0.00000000
-0.00061035
-0.00061035
-0.00061035
-0.00061035
-0.00061035
-0.00030518
 0.00000000
 0.00000000
 0.00030518
 0.00061035
 0.00091553
 0.00091553
 0.00061035
 0.00030518
 0.00000000
 0.00000000
-0.00030518
-0.00030518
-0.00030518
-0.00030518
-0.00061035
-0.00061035
-0.00030518
 0.00000000
 0.00030518
 0.00061035
 0.00091553
 0.00091553
 0.00061035
 0.00000000
-0.00030518
-0.00030518
-0.00030518
-0.00061035
-0.00091553
-0.00122070
-0.00122070
-0.00091553
-0.00030518
 0.00000000
 0.00000000
-0.00030518
 0.00000000
 0.00000000
 0.00030518
 0.00061035
 0.00061035
 0.00000000
-0.00061035
-0.00122070
-0.00122070
-0.00122070
-0.00061035
-0.00030518
-0.00030518
 0.00000000
 0.00000000
 0.00061035
 0.00091553
 0.00091553
 0.00061035
 0.00030518
 0.00030518
 0.00030518
 0.00000000
-0.00030518
-0.00091553
-0.00091553
-0.00061035
-0.00061035
-0.00030518
-0.00030518
 0.00000000
 0.00030518
 0.00030518
 0.00030518
 0.00000000
 0.00030518
 0.00030518
 0.00000000
-0.00030518
-0.00091553
-0.00091553
-0.00061035
-0.00061035
-0.00061035
-0.00030518
 0.00030518
 0.00122070
 0.00122070
 0.00091553
 0.00091553
 0.00091553
 0.00061035
 0.00061035
 0.00030518
 0.00000000
 0.00000000
 0.00000000
 0.00000000
 0.00000000
 0.00030518
 0.00030518
 0.00030518
 0.00061035
 0.00061035
 0.00030518
 0.00000000
 0.00030518
 0.00030518
 0.00030518
 0.00000000
-0.00061035
-0.00061035
-0.00061035
-0.00061035
-0.00061035
-0.00030518
 0.00000000
 0.00000000
 0.00030518
 0.00000000
 0.00030518
-0.00030518
-0.00030518
 0.00000000
 0.00000000
-0.00030518
-0.00061035
-0.00122070
-0.00183105
-0.00152588
-0.00091553
-0.00091553
-0.00122070
-0.00152588
-0.00091553
-0.00061035
 0.00000000
-0.00061035
-0.00122070
-0.00152588
-0.00152588
-0.00183105
-0.00183105
-0.00183105
-0.00152588
-0.00122070
-0.00122070
-0.00122070
-0.00122070
-0.00061035
-0.00030518
-0.00030518
-0.00030518
-0.00030518
-0.00061035
-0.00091553
-0.00122070
-0.00122070
-0.00122070
-0.00152588
-0.00152588
-0.00122070
-0.00122070
-0.00122070
-0.00091553
-0.00091553
-0.00091553
-0.00091553
-0.00061035
-0.00061035
-0.00091553
-0.00091553
-0.00122070
-0.00122070
-0.00091553
-0.00091553
-0.00183105
-0.00183105
-0.00152588
-0.00122070
-0.00091553
-0.00091553
-0.00061035
-0.00030518
-0.00061035
-0.00061035
-0.00091553
-0.00061035
-0.00061035
-0.00091553
-0.00122070
-0.00122070
-0.00091553
-0.00091553
-0.00091553
-0.00091553
-0.00061035
-0.00030518
 0.00000000
 0.00000000
 0.00000000
 0.00000000
 0.00000000
 0.00000000
 0.00000000
-0.00061035
-0.00061035
-0.00030518
-0.00030518
-0.00030518
-0.00030518
-0.00030518
 0.00000000
 0.00061035
 0.00061035
 0.00061035
 0.00061035
 0.00061035
 0.00061035
 0.00030518
 0.00030518
 0.00061035
 0.00030518
 0.00000000
 0.00000000
 0.00030518
 0.00030518
 0.00000000
 0.00061035
 0.00091553
 0.00091553
 0.00061035
 0.00061035
 0.00061035
 0.00061035
 0.00091553
 0.00061035
 0.00030518
 0.00000000
-0.00030518
-0.00061035
-0.00091553
-0.00091553
-0.00061035
 0.00000000
 0.00000000
 0.00030518
 0.00030518
 0.00030518
 0.00030518
 0.00000000
 0.00000000
 0.00030518
 0.00061035
 0.00061035
 0.00061035
 0.00030518
-0.00030518
-0.00061035
-0.00091553
-0.00030518
 0.00030518
 0.00091553
 0.00091553
 0.00061035
 0.00061035
 0.00000000
-0.00030518
-0.00030518
-0.00061035
-0.00122070
-0.00122070
-0.00061035
-0.00091553
-0.00091553
-0.00061035
-0.00061035
-0.00030518
-0.00061035
-0.00091553
-0.00091553
-0.00061035
-0.00030518
-0.00061035
-0.00091553
-0.00122070
-0.00152588
-0.00152588
-0.00122070
-0.00091553
-0.00091553
-0.00061035
-0.00061035
-0.00061035
-0.00061035
-0.00061035
-0.00030518
 0.00000000
-0.00030518
-0.00122070
-0.00213623
-0.00274658
-0.00244141
-0.00152588
-0.00122070
-0.00152588
-0.00183105
-0.00183105
-0.00122070
-0.00122070
-0.00122070
-0.00122070
-0.00091553
-0.00061035
-0.00061035
-0.00091553
-0.00122070
-0.00152588
-0.00183105
-0.00213623
-0.00183105
-0.00183105
-0.00152588
-0.00122070
-0.00061035
-0.00091553
-0.00091553
-0.00061035
 0.00000000
 0.00030518
 0.00000000
-0.00030518
-0.00091553
-0.00091553
-0.00091553
-0.00061035
-0.00091553
-0.00122070
-0.00091553
-0.00091553
-0.00091553
-0.00091553
-0.00030518
 0.00030518
 0.00091553
 0.00122070
 0.00061035
 0.00000000
 0.00000000
 0.00030518
 0.00000000
-0.00061035
-0.00122070
-0.00122070
-0.00091553
-0.00091553
-0.00061035
 0.00000000
 0.00061035
 0.00030518
 0.00030518
 0.00091553
 0.00091553
 0.00091553
 0.00061035
 0.00030518
-0.00030518
-0.00061035
-0.00061035
 0.00000000
 0.00000000
 0.00000000
 0.00000000
 0.00030518
 0.00091553
 0.00091553
 0.00091553
 0.00122070
 0.00152588
 0.00183105
 0.00183105
 0.00122070
 0.00061035
 0.00061035
 0.00000000
-0.00030518
-0.00030518
 0.00061035
 0.00122070
 0.00091553
 0.00091553
 0.00122070
 0.00122070
 0.00122070
 0.00152588
 0.00152588
 0.00122070
 0.00091553
 0.00061035
 0.00030518
 0.00030518
 0.00030518
 0.00061035
 0.00030518
 0.00000000
-0.00030518
 0.00000000
 0.00030518
 0.00091553
 0.00091553
 0.00030518
 0.00000000
 0.00030518
 0.00061035
 0.00061035
 0.00000000
-0.00030518
-0.00030518
-0.00030518
 0.00000000
 0.00000000
 0.00000000
 0.00000000
-0.00030518
-0.00030518
 0.00000000
 0.00000000
 0.00061035
 0.00061035
 0.00000000
-0.00030518
 0.00000000
 0.00000000
 0.00000000
-0.00030518
 0.00000000
-0.00030518
-0.00030518
 0.00000000
 0.00000000
 0.00000000
 0.00000000
 0.00000000
 0.00000000
-0.00030518
-0.00030518
-0.00061035
-0.00091553
-0.00091553
-0.00061035
-0.00061035
-0.00061035
 0.00000000
 0.00000000
-0.00030518
-0.00061035
-0.00030518
-0.00030518
-0.00030518
-0.00030518
-0.00061035
-0.00030518
-0.00030518
-0.00061035
-0.00061035
-0.00030518
-0.00061035
-0.00091553
-0.00061035
-0.00061035
-0.00061035
-0.00091553
-0.00091553
-0.00091553
-0.00091553
-0.00030518
-0.00061035
-0.00091553
-0.00122070
-0.00091553
-0.00122070
-0.00122070
-0.00091553
-0.00061035
-0.00030518
-0.00061035
-0.00030518
-0.00030518
-0.00061035
-0.00061035
-0.00091553
-0.00091553
-0.00061035
-0.00030518
-0.00030518
-0.00030518
-0.00061035
-0.00091553
-0.00122070
-0.00152588
-0.00152588
-0.00183105
-0.00122070
-0.00091553
-0.00122070
-0.00122070
-0.00122070
-0.00061035
-0.00030518
-0.00030518
-0.00030518
-0.00030518
-0.00061035
-0.00122070
-0.00122070
-0.00122070
-0.00091553
-0.00091553
-0.00091553
-0.00122070
-0.00122070
-0.00091553
-0.00061035
 0.00000000
 0.00000000
-0.00030518
-0.00030518
-0.00030518
-0.00030518
-0.00061035
-0.00091553
-0.00030518
-0.00030518
-0.00061035
-0.00030518
-0.00030518
 0.00000000
 0.00000000
-0.00030518
-0.00061035
-0.00030518
-0.00030518
-0.00061035
-0.00061035
-0.00061035
-0.00030518
 0.00000000
 0.00030518
 0.00000000
-0.00091553
-0.00091553
-0.00030518
 0.00000000
 0.00030518
 0.00061035
 0.00061035
 0.00061035
 0.00091553
 0.00061035
-0.00030518
-0.00030518
 0.00000000
 0.00061035
 0.00091553
 0.00091553
 0.00030518
 0.00000000
 0.00030518
 0.00091553
 0.00091553
 0.00091553
 0.00061035
 0.00091553
 0.00091553
 0.00061035
 0.00030518
 0.00030518
 0.00061035
 0.00061035
 0.00061035
 0.00030518
 0.00030518
 0.00030518
 0.00030518
 0.00030518
 0.00061035
 0.00091553
 0.00061035
 0.00030518
 0.00000000
 0.00030518
 0.00061035
 0.00091553
 0.00122070
 0.00122070
 0.00091553
 0.00030518
-0.00030518
 0.00000000
 0.00000000
 0.00030518
 0.00061035
 0.00030518
-0.00030518
 0.00000000
 0.00030518
 0.00061035
 0.00061035
 0.00030518
 0.00030518
 0.00061035
 0.00061035
 0.00061035
 0.00030518
-0.00030518
-0.00061035
-0.00061035
-0.00030518
-0.00030518
 0.00000000
 0.00000000
 0.00030518
 0.00000000
-0.00030518
-0.00030518
-0.00030518
-0.00030518
 0.00000000
 0.00000000
 0.00030518
 0.00000000
-0.00061035
-0.00061035
-0.00061035
-0.00061035
-0.00091553
-0.00091553
-0.00091553
-0.00091553
-0.00122070
-0.00122070
-0.00091553
-0.00091553
-0.00061035
-0.00091553
-0.00091553
-0.00091553
-0.00061035
-0.00061035
-0.00061035
-0.00122070
-0.00152588
-0.00183105
-0.00183105
-0.00152588
-0.00122070
-0.00122070
-0.00122070
-0.00122070
-0.00091553
-0.00091553
-0.00091553
-0.00122070
-0.00122070
-0.00152588
-0.00152588
-0.00152588
-0.00152588
-0.00152588
-0.00183105
-0.00183105
-0.00152588
-0.00122070
-0.00152588
-0.00213623
-0.00213623
-0.00183105
-0.00122070
-0.00091553
-0.00122070
-0.00152588
-0.00122070
-0.00152588
-0.00213623
-0.00152588
-0.00122070
-0.00122070
-0.00183105
-0.00213623
-0.00244141
-0.00183105
-0.00152588
-0.00091553
-0.00061035
-0.00061035
-0.00061035
-0.00061035
-0.00061035
-0.00061035
-0.00061035
-0.00091553
-0.00122070
-0.00122070
-0.00122070
-0.00091553
-0.00091553
-0.00061035
-0.00091553
-0.00091553
-0.00091553
-0.00061035
-0.00030518
-0.00061035
-0.00061035
-0.00061035
-0.00061035
-0.00061035
-0.00061035
-0.00091553
-0.00091553
-0.00030518
-0.00030518
-0.00030518
-0.00030518
 0.00030518
 0.00061035
 0.00091553
 0.00061035
 0.00000000
-0.00030518
-0.00030518
 0.00000000
 0.00030518
 0.00061035
 0.00091553
 0.00091553
 0.00091553
 0.00091553
 0.00091553
 0.00091553
 0.00091553
 0.00091553
 0.00061035
 0.00030518
 0.00061035
 0.00061035
 0.00061035
 0.00091553
 0.00091553
 0.00091553
 0.00061035
 0.00030518
 0.00061035
 0.00122070
 0.00122070
 0.00091553
 0.00061035
 0.00091553
 0.00122070
 0.00122070
 0.00091553
 0.00091553
 0.00061035
 0.00030518
 0.00000000
 0.00030518
 0.00061035
 0.00061035
 0.00030518
 0.00061035
 0.00061035
 0.00091553
 0.00061035
 0.00061035
 0.00030518
 0.00000000
 0.00030518
 0.00061035
 0.00061035
 0.00061035
 0.00091553
 0.00091553
 0.00061035
 0.00061035
 0.00030518
 0.00000000
 0.00000000
 0.00061035
 0.00122070
 0.00091553
 0.00061035
 0.00030518
 0.00061035
 0.00061035
 0.00061035
 0.00030518
 0.00030518
 0.00000000
 0.00000000
 0.00000000
 0.00030518
 0.00030518
 0.00030518
 0.00000000
 0.00000000
 0.00000000
 0.00000000
 0.00000000
 0.00000000
 0.00030518
 0.00030518
 0.00000000
 0.00000000
 0.00030518
 0.00061035
 0.00030518
-0.00030518
-0.00030518
-0.00061035
-0.00030518
-0.00030518
-0.00030518
-0.00030518
-0.00030518
-0.00061035
