-0.00061035
-0.00061035
-0.00061035
-0.00061035
-0.00030518
 0.00000000
 0.00000000
 0.00000000
 0.00000000
 0.00000000
-0.00030518
-0.00030518
-0.00030518
-0.00030518
-0.00061035
-0.00061035
 0.00000000
 0.00030518
 0.00030518
-0.00030518
-0.00061035
-0.00061035
-0.00030518
-0.00030518
 0.00000000
 0.00000000
 0.00000000
 0.00000000
 0.00000000
-0.00030518
-0.00030518
-0.00030518
-0.00061035
-0.00030518
 0.00030518
 0.00030518
 0.00000000
-0.00061035
-0.00061035
-0.00030518
 0.00030518
 0.00000000
 0.00000000
 0.00000000
-0.00030518
-0.00030518
 0.00000000
 0.00030518
 0.00061035
 0.00000000
-0.00061035
-0.00091553
-0.00061035
 0.00000000
-0.00030518
-0.00061035
 0.00000000
 0.00030518
 0.00030518
 0.00000000
 0.00000000
 0.00000000
-0.00030518
-0.00030518
-0.00030518
-0.00030518
-0.00030518
-0.00030518
 0.00000000
 0.00000000
 0.00000000
-0.00030518
-0.00030518
-0.00030518
-0.00030518
-0.00030518
 0.00000000
 0.00000000
 0.00030518
 0.00030518
 0.00000000
 0.00000000
-0.00030518
-0.00030518
-0.00030518
-0.00061035
-0.00091553
-0.00091553
-0.00030518
 0.00000000
 0.00000000
-0.00030518
-0.00030518
 0.00000000
 0.00122070
 0.00549316
 0.01586914
 0.03570557
 0.06500244
 0.09735107
 0.11657715
 0.08850098
-0.01129150
-0.14495850
-0.23651123
-0.23925781
-0.14953613
-0.02349854
 0.03662109
-0.00579834
-0.09826660
-0.15502930
-0.16296387
-0.16784668
-0.14099121
-0.04486084
 0.09277344
 0.19836426
 0.24688721
 0.22735596
 0.11810303
-0.02197266
-0.09674072
-0.06835938
 0.02838135
 0.11810303
 0.13244629
 0.06835938
-0.03601074
-0.08758545
-0.04058838
 0.06439209
 0.14007568
 0.14495850
 0.11505127
 0.08789063
 0.08941650
 0.09918213
 0.08026123
 0.01708984
-0.03234863
-0.02319336
 0.00762939
 0.01129150
-0.03936768
-0.11657715
-0.14038086
-0.10498047
-0.03448486
 0.06134033
 0.15380859
 0.18920898
 0.12420654
-0.01464844
-0.10467529
-0.10833740
-0.08239746
-0.06103516
-0.05065918
-0.04394531
-0.02655029
-0.00732422
-0.01403809
-0.03692627
-0.03021240
-0.00183105
 0.01953125
 0.02624512
 0.02075195
-0.00457764
-0.06958008
-0.16601563
-0.25329590
-0.29205322
-0.26306152
-0.15441895
 0.02746582
 0.25329590
 0.38970947
 0.32440186
 0.21118164
 0.08270264
-0.01129150
-0.06408691
-0.06591797
-0.00274658
 0.08666992
 0.13366699
 0.09429932
-0.03723145
-0.16235352
-0.21118164
-0.21240234
-0.17517090
-0.06744385
 0.10528564
 0.29571533
 0.40161133
 0.35491943
 0.28045654
 0.17181396
 0.09796143
 0.04791260
-0.01983643
-0.09368896
-0.15258789
-0.19683838
-0.21331787
-0.18554688
-0.12573242
-0.06103516
-0.01251221
 0.00946045
-0.01098633
-0.04974365
-0.03417969
 0.04089355
 0.12603760
 0.17211914
 0.15930176
 0.08666992
-0.01129150
-0.11474609
-0.20782471
-0.24932861
-0.20812988
-0.07965088
 0.10314941
 0.31860352
 0.36956787
 0.25177002
 0.06195068
-0.16357422
-0.33355713
-0.37231445
-0.31005859
-0.21453857
-0.12481689
-0.05645752
-0.00335693
 0.04119873
 0.07476807
 0.08239746
 0.07537842
 0.09582520
 0.14221191
 0.18646240
 0.20141602
 0.14617920
 0.01892090
-0.13336182
-0.26336670
-0.36621094
-0.40496826
-0.36865234
-0.28320313
-0.13946533
 0.02349854
 0.16235352
 0.25329590
 0.28869629
 0.26336670
 0.17578125
 0.07263184
 0.00244141
-0.03204346
-0.04180908
-0.04699707
-0.07446289
-0.13092041
-0.18157959
-0.19714355
-0.17700195
-0.12115479
-0.02593994
 0.09185791
 0.18920898
 0.23254395
 0.20446777
 0.11352539
 0.02899170
-0.00885010
-0.02105713
-0.02380371
-0.01586914
 0.00366211
 0.02563477
 0.03295898
 0.02227783
 0.02258301
 0.05187988
 0.09185791
 0.12054443
 0.11596680
 0.06805420
 0.00366211
-0.05645752
-0.11718750
-0.17761230
-0.21881104
-0.22247314
-0.18646240
-0.11718750
-0.02441406
 0.08056641
 0.18585205
 0.27282715
 0.31616211
 0.29632568
 0.21362305
 0.12298584
 0.06683350
 0.03143311
-0.00335693
-0.05065918
-0.10864258
-0.15472412
-0.16571045
-0.13702393
-0.07171631
 0.02044678
 0.11810303
 0.19775391
 0.24475098
 0.25360107
 0.22247314
 0.18035889
 0.13977051
 0.07720947
-0.01861572
-0.12237549
-0.20263672
-0.24139404
-0.23345947
-0.18646240
-0.11291504
-0.02960205
 0.04943848
 0.10833740
 0.13916016
 0.12786865
 0.07507324
 0.01892090
-0.01647949
-0.03540039
-0.03814697
-0.03112793
-0.03784180
-0.08514404
-0.15960693
-0.20751953
-0.20324707
-0.15472412
-0.07415771
 0.01800537
 0.09948730
 0.15380859
 0.17181396
 0.14556885
 0.09490967
 0.05401611
 0.01800537
-0.03051758
-0.07476807
-0.08453369
-0.05615234
-0.00885010
 0.03143311
 0.04119873
-0.00091553
-0.06378174
-0.08544922
-0.05859375
-0.00396729
 0.06164551
 0.12054443
 0.15563965
 0.14953613
 0.08819580
 0.00854492
-0.05462646
-0.10772705
-0.15747070
-0.18890381
-0.18402100
-0.14373779
-0.07751465
 0.00030518
 0.07568359
 0.14007568
 0.19195557
 0.22949219
 0.23620605
 0.19866943
 0.12451172
 0.02899170
-0.07629395
-0.17272949
-0.23773193
-0.26245117
-0.25207520
-0.21759033
-0.16479492
-0.09399414
-0.00335693
 0.10375977
 0.20751953
 0.28259277
 0.31524658
 0.27343750
 0.16418457
 0.04913330
-0.03112793
-0.09185791
-0.14068604
-0.17272949
-0.18157959
-0.16235352
-0.11474609
-0.04058838
 0.05279541
 0.14831543
 0.22613525
 0.26977539
 0.26000977
 0.18890381
 0.09704590
 0.02197266
-0.04455566
-0.10894775
-0.15655518
-0.17456055
-0.16296387
-0.12786865
-0.07843018
-0.02136230
 0.03967285
 0.10192871
 0.16235352
 0.21514893
 0.24597168
 0.22918701
 0.15991211
 0.06835938
-0.01983643
-0.09582520
-0.15014648
-0.17852783
-0.18249512
-0.16387939
-0.12603760
-0.07385254
-0.01281738
 0.05187988
 0.11291504
 0.16174316
 0.17974854
 0.14404297
 0.07141113
-0.00366211
-0.07354736
-0.14099121
-0.19592285
-0.22949219
-0.23925781
-0.22674561
-0.19409180
-0.14678955
-0.09185791
-0.03662109
 0.01312256
 0.05340576
 0.07629395
 0.08056641
 0.07019043
 0.04394531
-0.00488281
-0.07049561
-0.13458252
-0.17730713
-0.19073486
-0.17456055
-0.13336182
-0.07537842
-0.01129150
 0.04638672
 0.09124756
 0.11535645
 0.11016846
 0.09063721
 0.07293701
 0.05554199
 0.03112793
 0.00091553
-0.02746582
-0.04882813
-0.06225586
-0.06622314
-0.05676270
-0.02929688
 0.01739502
 0.07843018
 0.14434814
 0.20233154
 0.23834229
 0.22918701
 0.17425537
 0.11047363
 0.05798340
 0.00732422
-0.04302979
-0.08117676
-0.09552002
-0.08209229
-0.04364014
 0.01190186
 0.07324219
 0.12603760
 0.16021729
 0.16113281
 0.13488770
 0.11383057
 0.10772705
 0.10070801
 0.08056641
 0.04730225
 0.01007080
-0.02136230
-0.04455566
-0.06042480
-0.06896973
-0.06958008
-0.06134033
-0.04364014
-0.01861572
 0.00823975
 0.02777100
 0.02899170
 0.00518799
-0.03234863
-0.06805420
-0.09735107
-0.11962891
-0.13458252
-0.13946533
-0.12939453
-0.10406494
-0.06713867
-0.02777100
 0.00427246
 0.01190186
-0.01159668
-0.04821777
-0.07324219
-0.08056641
-0.07507324
-0.06378174
-0.05676270
-0.06347656
-0.08209229
-0.09979248
-0.10528564
-0.09674072
-0.07659912
-0.04882813
-0.01831055
 0.01068115
 0.03509521
 0.05126953
 0.05645752
 0.05004883
 0.03448486
 0.01617432
 0.00152588
-0.00396729
-0.00213623
 0.00305176
 0.00366211
-0.00549316
-0.01953125
-0.02716064
-0.02044678
-0.00030518
 0.02655029
 0.05371094
 0.07446289
 0.08361816
 0.08026123
 0.06805420
 0.04913330
 0.02441406
-0.00518799
-0.03295898
-0.05096436
-0.05432129
-0.04425049
-0.02655029
-0.00854492
 0.00396729
 0.01068115
 0.01647949
 0.02532959
 0.03692627
 0.04577637
 0.04547119
 0.03417969
 0.01708984
 0.00305176
-0.00335693
-0.00335693
-0.00030518
 0.00274658
 0.00427246
 0.00701904
 0.01373291
 0.02624512
 0.04089355
 0.05249023
 0.05706787
 0.05523682
 0.05157471
 0.05065918
 0.05218506
 0.05249023
 0.04791260
 0.03845215
 0.03112793
 0.03051758
 0.03875732
 0.05279541
 0.06713867
 0.07385254
 0.06805420
 0.05157471
 0.03295898
 0.01983643
 0.01495361
 0.01800537
 0.02716064
 0.03906250
 0.05096436
 0.05981445
 0.06347656
 0.06042480
 0.05157471
 0.03845215
 0.02502441
 0.01525879
 0.01037598
 0.00854492
 0.00549316
-0.00305176
-0.01708984
-0.03173828
-0.03967285
-0.03692627
-0.02471924
-0.00762939
 0.00762939
 0.01281738
 0.00427246
-0.01525879
-0.03753662
-0.05859375
-0.07629395
-0.08911133
-0.09521484
-0.09429932
-0.08850098
-0.08087158
-0.07537842
-0.07537842
-0.08117676
-0.08941650
-0.09582520
-0.09796143
-0.09429932
-0.08728027
-0.08148193
-0.08026123
-0.08514404
-0.09094238
-0.09155273
-0.08422852
-0.06774902
-0.04455566
-0.01708984
 0.01129150
 0.03631592
 0.05401611
 0.06103516
 0.05615234
 0.04180908
 0.02105713
-0.00152588
-0.02136230
-0.03692627
-0.04730225
-0.05310059
-0.05371094
-0.04974365
-0.04089355
-0.02685547
-0.00946045
 0.00762939
 0.01922607
 0.02197266
 0.01586914
 0.00366211
-0.01098633
-0.02624512
-0.04119873
-0.05462646
-0.06561279
-0.07232666
-0.07232666
-0.06347656
-0.04516602
-0.01861572
 0.01220703
 0.04211426
 0.06622314
 0.08087158
 0.08758545
 0.09002686
 0.09063721
 0.08850098
 0.08300781
 0.07537842
 0.06896973
 0.06683350
 0.07080078
 0.08178711
 0.09826660
 0.11779785
 0.13763428
 0.15472412
 0.16571045
 0.16754150
 0.15899658
 0.14190674
 0.11901855
 0.09399414
 0.07080078
 0.05187988
 0.03906250
 0.03234863
 0.02929688
 0.03021240
 0.03417969
 0.04089355
 0.04882813
 0.05310059
 0.05065918
 0.04058838
 0.02471924
 0.00915527
-0.00396729
-0.01312256
-0.02105713
-0.02868652
-0.03723145
-0.04486084
-0.04791260
-0.04425049
-0.03295898
-0.01647949
 0.00152588
 0.01708984
 0.02624512
 0.02746582
 0.02166748
 0.01251221
 0.00061035
-0.01342773
-0.02838135
-0.04180908
-0.05187988
-0.05798340
-0.06072998
-0.06195068
-0.06439209
-0.06805420
-0.07080078
-0.07080078
-0.06744385
-0.06164551
-0.05584717
-0.05279541
-0.05432129
-0.05920410
-0.06500244
-0.06927490
-0.07080078
-0.07049561
-0.06866455
-0.06500244
-0.05798340
-0.04638672
-0.03143311
-0.01495361
 0.00061035
 0.01403809
 0.02380371
 0.02868652
 0.02807617
 0.02105713
 0.00854492
-0.00762939
-0.02563477
-0.04333496
-0.05798340
-0.06866455
-0.07629395
-0.08087158
-0.08239746
-0.07965088
-0.06958008
-0.05310059
-0.03234863
-0.01037598
 0.00701904
 0.01525879
 0.01342773
 0.00396729
-0.00701904
-0.01647949
-0.02410889
-0.02807617
-0.02838135
-0.02349854
-0.01220703
 0.00549316
 0.02838135
 0.05401611
 0.07965088
 0.10192871
 0.11871338
 0.12908936
 0.13275146
 0.13092041
 0.12237549
 0.10772705
 0.08819580
 0.06652832
 0.04608154
 0.02960205
 0.01983643
 0.01770020
 0.02319336
 0.03509521
 0.05096436
 0.06622314
 0.07629395
 0.07843018
 0.07171631
 0.05859375
 0.04089355
 0.02288818
 0.00762939
-0.00396729
-0.01190186
-0.01708984
-0.01861572
-0.01617432
-0.00885010
 0.00396729
 0.02136230
 0.04119873
 0.05828857
 0.06805420
 0.06744385
 0.05523682
 0.03356934
 0.00610352
-0.02380371
-0.05310059
-0.07873535
-0.09826660
-0.11108398
-0.11627197
-0.11444092
-0.10742188
-0.09552002
-0.08026123
-0.06408691
-0.05065918
-0.04455566
-0.04852295
-0.06256104
-0.08331299
-0.10711670
-0.12878418
-0.14465332
-0.15258789
-0.15380859
-0.14923096
-0.13916016
-0.12420654
-0.10375977
-0.07812500
-0.04852295
-0.01861572
 0.00732422
 0.02319336
 0.02471924
 0.01373291
-0.00518799
-0.02685547
-0.04974365
-0.07110596
-0.08819580
-0.09765625
-0.09979248
-0.09338379
-0.07965088
-0.06011963
-0.03601074
-0.01068115
 0.01190186
 0.02655029
 0.03112793
 0.02532959
 0.01342773
-0.00030518
-0.01403809
-0.02471924
-0.03082275
-0.03082275
-0.02441406
-0.01068115
 0.01098633
 0.03997803
 0.07507324
 0.11230469
 0.14739990
 0.17364502
 0.18585205
 0.18280029
 0.16967773
 0.15106201
 0.12908936
 0.10589600
 0.08422852
 0.06622314
 0.05401611
 0.04943848
 0.05371094
 0.06652832
 0.08666992
 0.11108398
 0.13519287
 0.15411377
 0.16265869
 0.15747070
 0.14007568
 0.11413574
 0.08300781
 0.05096436
 0.02227783
 0.00152588
-0.00946045
-0.01037598
-0.00244141
 0.01251221
 0.03204346
 0.05279541
 0.07385254
 0.09246826
 0.10620117
 0.11169434
 0.10681152
 0.09033203
 0.06500244
 0.03326416
 0.00061035
-0.02838135
-0.04974365
-0.06164551
-0.06317139
-0.05493164
-0.03906250
-0.01831055
 0.00457764
 0.02502441
 0.03875732
 0.04272461
 0.03723145
 0.02380371
 0.00427246
-0.01983643
-0.04608154
-0.07049561
-0.08972168
-0.10101318
-0.10162354
-0.09246826
-0.07476807
-0.05065918
-0.02319336
 0.00366211
 0.02716064
 0.04364014
 0.05035400
 0.04486084
 0.02899170
 0.00610352
-0.01892090
-0.04180908
-0.05859375
-0.06774902
-0.06866455
-0.06195068
-0.04943848
-0.03326416
-0.01586914
 0.00061035
 0.01312256
 0.01983643
 0.01892090
 0.01037598
-0.00488281
-0.02685547
-0.05401611
-0.08392334
-0.11291504
-0.13671875
-0.15167236
-0.15594482
-0.14923096
-0.13244629
-0.10864258
-0.08117676
-0.05615234
-0.03784180
-0.03051758
-0.03295898
-0.04180908
-0.05462646
-0.06958008
-0.08392334
-0.09582520
-0.10345459
-0.10467529
-0.10009766
-0.08880615
-0.07202148
-0.05065918
-0.02532959
 0.00152588
 0.02716064
 0.04913330
 0.06317139
 0.06866455
 0.06439209
 0.05279541
 0.03631592
 0.01800537
 0.00152588
-0.00976563
-0.01190186
-0.00488281
 0.01068115
 0.03173828
 0.05462646
 0.07537842
 0.09063721
 0.09887695
 0.10070801
 0.09796143
 0.09124756
 0.08087158
 0.06774902
 0.05157471
 0.03173828
 0.01037598
-0.00915527
-0.02349854
-0.02990723
-0.02716064
-0.01678467
-0.00091553
 0.01647949
 0.03173828
 0.04180908
 0.04516602
 0.04028320
 0.02807617
 0.01068115
-0.01007080
-0.03021240
-0.04699707
-0.05889893
-0.06469727
-0.06469727
-0.05889893
-0.04730225
-0.03234863
-0.01556396
 0.00213623
 0.01831055
 0.03143311
 0.04028320
 0.04486084
 0.04486084
 0.03906250
 0.02716064
 0.01068115
-0.00640869
-0.02075195
-0.02899170
-0.02990723
-0.02349854
-0.01098633
 0.00427246
 0.01983643
 0.03448486
 0.04608154
 0.05371094
 0.05615234
 0.05279541
 0.04425049
 0.03234863
 0.01831055
 0.00518799
-0.00610352
-0.01342773
-0.01556396
-0.01281738
-0.00579834
 0.00427246
 0.01525879
 0.02685547
 0.03692627
 0.04364014
 0.04669189
 0.04516602
 0.03814697
 0.02563477
 0.00823975
-0.01129150
-0.03082275
-0.04791260
-0.06042480
-0.06591797
-0.06439209
-0.05615234
-0.04364014
-0.02929688
-0.01647949
-0.00732422
-0.00244141
-0.00061035
-0.00030518
-0.00152588
-0.00457764
-0.00946045
-0.01586914
-0.02349854
-0.03051758
-0.03509521
-0.03509521
-0.03021240
-0.01953125
-0.00335693
 0.01617432
 0.03631592
 0.05401611
 0.06500244
 0.06866455
 0.06622314
 0.05920410
 0.04943848
 0.03845215
 0.02716064
 0.01647949
 0.00823975
 0.00427246
 0.00549316
 0.01129150
 0.02044678
 0.03112793
 0.04089355
 0.04913330
 0.05615234
 0.06225586
 0.06683350
 0.06835938
 0.06469727
 0.05615234
 0.04302979
 0.02868652
 0.01556396
 0.00579834
 0.00183105
 0.00427246
 0.01220703
 0.02410889
 0.03784180
 0.04943848
 0.05615234
 0.05676270
 0.05157471
 0.04211426
 0.02960205
 0.01464844
-0.00152588
-0.01678467
-0.02929688
-0.03906250
-0.04516602
-0.04760742
-0.04791260
-0.04608154
-0.04333496
-0.03997803
-0.03631592
-0.03295898
-0.03112793
-0.03326416
-0.04058838
-0.05401611
-0.07080078
-0.08789063
-0.10253906
-0.11230469
-0.11505127
-0.11047363
-0.09948730
-0.08361816
-0.06591797
-0.04821777
-0.03326416
-0.02410889
-0.02136230
-0.02349854
-0.02868652
-0.03417969
-0.03997803
-0.04455566
-0.04760742
-0.04913330
-0.04882813
-0.04577637
-0.03906250
-0.02868652
-0.01495361
 0.00122070
 0.01739502
 0.03173828
 0.04180908
 0.04577637
 0.04302979
 0.03570557
 0.02593994
 0.01678467
 0.00915527
 0.00427246
 0.00244141
 0.00427246
 0.00915527
 0.01678467
 0.02655029
 0.03784180
 0.04852295
 0.05584717
 0.05828857
 0.05462646
 0.04638672
 0.03601074
 0.02349854
 0.01037598
-0.00274658
-0.01434326
-0.02471924
-0.03143311
-0.03326416
-0.02990723
-0.02319336
-0.01495361
-0.00793457
-0.00305176
-0.00183105
-0.00335693
-0.00732422
-0.01342773
-0.02105713
-0.02929688
-0.03723145
-0.04425049
-0.04913330
-0.05065918
-0.04821777
-0.04119873
-0.02929688
-0.01373291
 0.00244141
 0.01831055
 0.03112793
 0.03936768
 0.04241943
 0.04180908
 0.03875732
 0.03448486
 0.02990723
 0.02593994
 0.02380371
 0.02441406
 0.02899170
 0.03662109
 0.04638672
 0.05737305
 0.06927490
 0.08056641
 0.09002686
 0.09582520
 0.09765625
 0.09643555
 0.09216309
 0.08575439
 0.07690430
 0.06835938
 0.06134033
 0.05676270
 0.05432129
 0.05432129
 0.05554199
 0.05798340
 0.06011963
 0.06134033
 0.06103516
 0.06011963
 0.05767822
 0.05310059
 0.04516602
 0.03417969
 0.02136230
 0.00823975
-0.00396729
-0.01495361
-0.02319336
-0.02868652
-0.03265381
-0.03662109
-0.04058838
-0.04516602
-0.05065918
-0.05615234
-0.06164551
-0.06683350
-0.07232666
-0.07690430
-0.08026123
-0.08209229
-0.08239746
-0.08209229
-0.07995605
-0.07720947
-0.07324219
-0.06835938
-0.06256104
-0.05584717
-0.04913330
-0.04302979
-0.03814697
-0.03356934
-0.02960205
-0.02593994
-0.02258301
-0.01861572
-0.01434326
-0.00915527
-0.00335693
 0.00274658
 0.00854492
 0.01373291
 0.01739502
 0.02014160
 0.02166748
 0.02258301
 0.02319336
 0.02349854
 0.02349854
 0.02319336
 0.02227783
 0.02136230
 0.02075195
 0.02075195
 0.02166748
 0.02319336
 0.02410889
 0.02319336
 0.02044678
 0.01708984
 0.01373291
 0.01068115
 0.00762939
 0.00488281
 0.00213623
-0.00061035
-0.00396729
-0.00793457
-0.01190186
-0.01647949
-0.02105713
-0.02380371
-0.02471924
-0.02502441
-0.02593994
-0.02807617
-0.03112793
-0.03540039
-0.04089355
-0.04577637
-0.04791260
-0.04730225
-0.04455566
-0.04150391
-0.03784180
-0.03295898
-0.02716064
-0.02105713
-0.01556396
-0.01068115
-0.00701904
-0.00457764
-0.00274658
-0.00152588
-0.00122070
-0.00091553
-0.00061035
 0.00030518
 0.00183105
 0.00396729
 0.00793457
 0.01281738
 0.01861572
 0.02502441
 0.03234863
 0.03936768
 0.04547119
 0.04974365
 0.05096436
 0.05004883
 0.04760742
 0.04394531
 0.03936768
 0.03448486
 0.03051758
 0.02807617
 0.02777100
 0.02960205
 0.03387451
 0.03936768
 0.04547119
 0.05157471
 0.05584717
 0.05798340
 0.05828857
 0.05706787
 0.05432129
 0.05065918
 0.04608154
 0.04089355
 0.03540039
 0.02960205
 0.02349854
 0.01800537
 0.01373291
 0.01007080
 0.00762939
 0.00579834
 0.00305176
-0.00061035
-0.00640869
-0.01373291
-0.02136230
-0.02990723
-0.03845215
-0.04638672
-0.05432129
-0.06103516
-0.06591797
-0.06835938
-0.06896973
-0.06774902
-0.06439209
-0.05889893
-0.05279541
-0.04638672
-0.04028320
-0.03692627
-0.03570557
-0.03662109
-0.03845215
-0.03967285
-0.04058838
-0.04058838
-0.03967285
-0.03814697
-0.03509521
-0.03051758
-0.02441406
-0.01800537
-0.01098633
-0.00396729
 0.00274658
 0.00823975
 0.01098633
 0.01037598
 0.00671387
 0.00183105
-0.00274658
-0.00640869
-0.00885010
-0.00976563
-0.00885010
-0.00640869
-0.00305176
 0.00091553
 0.00610352
 0.01098633
 0.01586914
 0.01953125
 0.02166748
 0.02166748
 0.01953125
 0.01525879
 0.00946045
 0.00335693
-0.00305176
-0.00823975
-0.01129150
-0.01251221
-0.01190186
-0.01007080
-0.00793457
-0.00610352
-0.00579834
-0.00762939
-0.01129150
-0.01739502
-0.02410889
-0.03143311
-0.03814697
-0.04425049
-0.05004883
-0.05554199
-0.05981445
-0.06195068
-0.06134033
-0.05798340
-0.05126953
-0.04150391
-0.03082275
-0.02136230
-0.01464844
-0.01098633
-0.00976563
-0.01007080
-0.01159668
-0.01220703
-0.01068115
-0.00762939
-0.00305176
 0.00213623
 0.00793457
 0.01525879
 0.02380371
 0.03326416
 0.04272461
 0.05187988
 0.05950928
 0.06439209
 0.06622314
 0.06530762
 0.06195068
 0.05645752
 0.05065918
 0.04577637
 0.04241943
 0.04150391
 0.04364014
 0.04882813
 0.05554199
 0.06286621
 0.07019043
 0.07598877
 0.07934570
 0.08026123
 0.07904053
 0.07598877
 0.07080078
 0.06286621
 0.05371094
 0.04486084
 0.03692627
 0.03051758
 0.02624512
 0.02532959
 0.02685547
 0.03021240
 0.03387451
 0.03570557
 0.03479004
 0.03112793
 0.02502441
 0.01739502
 0.00915527
 0.00061035
-0.00885010
-0.01739502
-0.02441406
-0.02960205
-0.03265381
-0.03295898
-0.02960205
-0.02441406
-0.01770020
-0.01068115
-0.00457764
 0.00000000
 0.00274658
 0.00335693
 0.00091553
-0.00335693
-0.00885010
-0.01312256
-0.01525879
-0.01464844
-0.01129150
-0.00518799
 0.00274658
 0.01129150
 0.01922607
 0.02593994
 0.03112793
 0.03479004
 0.03662109
 0.03662109
 0.03356934
 0.02777100
 0.01953125
 0.01037598
 0.00091553
-0.00701904
-0.01220703
-0.01403809
-0.01342773
-0.00976563
-0.00549316
-0.00091553
 0.00274658
 0.00518799
 0.00640869
 0.00640869
 0.00427246
 0.00000000
-0.00579834
-0.01312256
-0.02044678
-0.02655029
-0.03051758
-0.03295898
-0.03326416
-0.03265381
-0.03021240
-0.02685547
-0.02349854
-0.02105713
-0.01983643
-0.02075195
-0.02441406
-0.03021240
-0.03784180
-0.04577637
-0.05340576
-0.06042480
-0.06530762
-0.06774902
-0.06805420
-0.06591797
-0.06225586
-0.05706787
-0.05096436
-0.04364014
-0.03631592
-0.02929688
-0.02410889
-0.02105713
-0.02075195
-0.02227783
-0.02410889
-0.02593994
-0.02685547
-0.02563477
-0.02227783
-0.01647949
-0.00885010
-0.00091553
 0.00701904
 0.01403809
 0.01953125
 0.02349854
 0.02624512
 0.02685547
 0.02532959
 0.02075195
 0.01434326
 0.00671387
-0.00091553
-0.00762939
-0.01190186
-0.01281738
-0.01098633
-0.00701904
-0.00244141
 0.00274658
 0.00732422
 0.01007080
 0.01068115
 0.01007080
 0.00885010
 0.00610352
 0.00213623
-0.00244141
-0.00701904
-0.01098633
-0.01281738
-0.01281738
-0.01068115
-0.00701904
-0.00183105
 0.00427246
 0.00915527
 0.01251221
 0.01403809
 0.01373291
 0.01220703
 0.00854492
 0.00457764
 0.00030518
-0.00396729
-0.00793457
-0.01037598
-0.01129150
-0.01007080
-0.00671387
-0.00183105
 0.00366211
 0.00976563
 0.01586914
 0.02136230
 0.02563477
 0.02838135
 0.02868652
 0.02746582
 0.02532959
 0.02349854
 0.02288818
 0.02349854
 0.02563477
 0.02868652
 0.03204346
 0.03570557
 0.04058838
 0.04638672
 0.05218506
 0.05676270
 0.06042480
 0.06103516
 0.05859375
 0.05371094
 0.04669189
 0.03875732
 0.03082275
 0.02410889
 0.01861572
 0.01495361
 0.01281738
 0.01220703
 0.01190186
 0.01220703
 0.01190186
 0.01159668
 0.00946045
 0.00610352
 0.00152588
-0.00366211
-0.00946045
-0.01617432
-0.02288818
-0.02929688
-0.03540039
-0.03997803
-0.04272461
-0.04272461
-0.03967285
-0.03448486
-0.02838135
-0.02319336
-0.01953125
-0.01770020
-0.01800537
-0.01983643
-0.02258301
-0.02532959
-0.02716064
-0.02868652
-0.02929688
-0.02929688
-0.02838135
-0.02655029
-0.02349854
-0.01831055
-0.01220703
-0.00640869
-0.00122070
 0.00274658
 0.00488281
 0.00579834
 0.00518799
 0.00396729
 0.00213623
 0.00091553
 0.00061035
 0.00122070
 0.00274658
 0.00518799
 0.00854492
 0.01220703
 0.01647949
 0.02166748
 0.02563477
 0.02899170
 0.03143311
 0.03143311
 0.02990723
 0.02716064
 0.02319336
 0.01892090
 0.01342773
 0.00793457
 0.00335693
 0.00091553
-0.00091553
-0.00183105
-0.00244141
-0.00274658
-0.00366211
-0.00579834
-0.00854492
-0.01129150
-0.01464844
-0.01922607
-0.02410889
-0.02929688
-0.03417969
-0.03875732
-0.04241943
-0.04516602
-0.04547119
-0.04364014
-0.03967285
-0.03479004
-0.02929688
-0.02349854
-0.01831055
-0.01464844
-0.01281738
-0.01312256
-0.01434326
-0.01556396
-0.01617432
-0.01739502
-0.01831055
-0.01800537
-0.01678467
-0.01403809
-0.01007080
-0.00488281
 0.00061035
 0.00549316
 0.01037598
 0.01403809
 0.01647949
 0.01831055
 0.01831055
 0.01739502
 0.01556396
 0.01342773
 0.01159668
 0.01068115
 0.01098633
 0.01190186
 0.01373291
 0.01647949
 0.01953125
 0.02319336
 0.02593994
 0.02868652
 0.03082275
 0.03112793
 0.02899170
 0.02532959
 0.02105713
 0.01586914
 0.01068115
 0.00640869
 0.00305176
 0.00030518
-0.00183105
-0.00305176
-0.00366211
-0.00366211
-0.00396729
-0.00396729
-0.00396729
-0.00396729
-0.00396729
-0.00579834
-0.00823975
-0.01190186
-0.01586914
-0.01831055
-0.01953125
-0.01922607
-0.01708984
-0.01312256
-0.00885010
-0.00427246
 0.00000000
 0.00457764
 0.00854492
 0.01129150
 0.01342773
 0.01495361
 0.01647949
 0.01678467
 0.01647949
 0.01556396
 0.01495361
 0.01434326
 0.01434326
 0.01495361
 0.01647949
 0.01953125
 0.02349854
 0.02838135
 0.03326416
 0.03601074
 0.03723145
 0.03631592
 0.03479004
 0.03295898
 0.03021240
 0.02685547
 0.02471924
 0.02441406
 0.02502441
 0.02563477
 0.02655029
 0.02716064
 0.02807617
 0.02868652
 0.03021240
 0.03204346
 0.03265381
 0.03234863
 0.03051758
 0.02716064
 0.02227783
 0.01617432
 0.00976563
 0.00305176
-0.00244141
-0.00610352
-0.00823975
-0.00976563
-0.01098633
-0.01281738
-0.01434326
-0.01617432
-0.01831055
-0.02044678
-0.02258301
-0.02532959
-0.02777100
-0.03051758
-0.03295898
-0.03448486
-0.03570557
-0.03601074
-0.03570557
-0.03479004
-0.03356934
-0.03173828
-0.03112793
-0.03082275
-0.03112793
-0.03051758
-0.03021240
-0.02990723
-0.03082275
-0.03234863
-0.03387451
-0.03509521
-0.03479004
-0.03326416
-0.03112793
-0.02868652
-0.02563477
-0.02166748
-0.01770020
-0.01434326
-0.01251221
-0.01068115
-0.00946045
-0.00823975
-0.00732422
-0.00671387
-0.00610352
-0.00457764
-0.00305176
-0.00091553
 0.00152588
 0.00335693
 0.00488281
 0.00640869
 0.00854492
 0.01098633
 0.01342773
 0.01556396
 0.01708984
 0.01739502
 0.01586914
 0.01373291
 0.01098633
 0.00946045
 0.00885010
 0.00854492
 0.00854492
 0.00823975
 0.00762939
 0.00640869
 0.00518799
 0.00396729
 0.00274658
 0.00122070
-0.00061035
-0.00183105
-0.00274658
-0.00274658
-0.00244141
-0.00274658
-0.00366211
-0.00488281
-0.00579834
-0.00579834
-0.00488281
-0.00274658
 0.00000000
 0.00274658
 0.00488281
 0.00579834
 0.00610352
 0.00549316
 0.00549316
 0.00610352
 0.00762939
 0.00946045
 0.01098633
 0.01251221
 0.01373291
 0.01495361
 0.01586914
 0.01770020
 0.02044678
 0.02349854
 0.02655029
 0.02868652
 0.03021240
 0.03051758
 0.03021240
 0.02929688
 0.02929688
 0.02868652
 0.02777100
 0.02716064
 0.02563477
 0.02441406
 0.02410889
 0.02441406
 0.02410889
 0.02319336
 0.02136230
 0.01892090
 0.01617432
 0.01251221
 0.00885010
 0.00579834
 0.00213623
-0.00152588
-0.00427246
-0.00701904
-0.00915527
-0.01159668
-0.01373291
-0.01556396
-0.01708984
-0.01861572
-0.02075195
-0.02319336
-0.02563477
-0.02777100
-0.02960205
-0.03173828
-0.03326416
-0.03387451
-0.03479004
-0.03540039
-0.03601074
-0.03570557
-0.03509521
-0.03326416
-0.03112793
-0.02960205
-0.02868652
-0.02807617
-0.02746582
-0.02685547
-0.02593994
-0.02502441
-0.02380371
-0.02288818
-0.02166748
-0.02014160
-0.01770020
-0.01495361
-0.01251221
-0.00976563
-0.00732422
-0.00579834
-0.00427246
-0.00335693
-0.00274658
-0.00305176
-0.00305176
-0.00427246
-0.00579834
-0.00762939
-0.00854492
-0.00885010
-0.00885010
-0.00762939
-0.00640869
-0.00518799
-0.00427246
-0.00305176
-0.00183105
-0.00030518
 0.00122070
 0.00213623
 0.00274658
 0.00274658
 0.00305176
 0.00274658
 0.00183105
 0.00091553
 0.00061035
 0.00030518
 0.00030518
 0.00091553
 0.00183105
 0.00305176
 0.00457764
 0.00640869
 0.00854492
 0.01007080
 0.01068115
 0.01068115
 0.01068115
 0.01098633
 0.01129150
 0.01159668
 0.01190186
 0.01220703
 0.01220703
 0.01251221
 0.01312256
 0.01464844
 0.01617432
 0.01770020
 0.01892090
 0.01953125
 0.02014160
 0.02044678
 0.02105713
 0.02227783
 0.02349854
 0.02471924
 0.02563477
 0.02624512
 0.02716064
 0.02929688
 0.03082275
 0.03143311
 0.03173828
 0.03173828
 0.03173828
 0.03143311
 0.02990723
 0.02716064
 0.02410889
 0.02105713
 0.01831055
 0.01617432
 0.01464844
 0.01312256
 0.01220703
 0.01098633
 0.01007080
 0.00915527
 0.00793457
 0.00640869
 0.00457764
 0.00244141
 0.00000000
-0.00213623
-0.00396729
-0.00488281
-0.00610352
-0.00732422
-0.00885010
-0.01068115
-0.01220703
-0.01342773
-0.01342773
-0.01373291
-0.01403809
-0.01434326
-0.01495361
-0.01586914
-0.01770020
-0.01922607
-0.02014160
-0.02044678
-0.02014160
-0.01922607
-0.01739502
-0.01617432
-0.01525879
-0.01434326
-0.01373291
-0.01251221
-0.01190186
-0.01129150
-0.01098633
-0.01037598
-0.01007080
-0.00915527
-0.00732422
-0.00579834
-0.00427246
-0.00244141
-0.00030518
 0.00183105
 0.00457764
 0.00732422
 0.00976563
 0.01190186
 0.01434326
 0.01617432
 0.01770020
 0.01861572
 0.01892090
 0.01892090
 0.01861572
 0.01770020
 0.01678467
 0.01586914
 0.01556396
 0.01556396
 0.01525879
 0.01586914
 0.01617432
 0.01647949
 0.01678467
 0.01708984
 0.01678467
 0.01617432
 0.01617432
 0.01586914
 0.01586914
 0.01586914
 0.01525879
 0.01342773
 0.01129150
 0.00946045
 0.00762939
 0.00671387
 0.00671387
 0.00701904
 0.00793457
 0.00854492
 0.00915527
 0.00885010
 0.00762939
 0.00579834
 0.00366211
 0.00183105
 0.00091553
 0.00030518
-0.00091553
-0.00274658
-0.00488281
-0.00732422
-0.01037598
-0.01281738
-0.01403809
-0.01464844
-0.01403809
-0.01312256
-0.01129150
-0.00885010
-0.00793457
-0.00823975
-0.00946045
-0.01068115
-0.01129150
-0.01159668
-0.01129150
-0.01037598
-0.00946045
-0.00946045
-0.01007080
-0.01068115
-0.01098633
-0.01068115
-0.01068115
-0.01037598
-0.00976563
-0.00946045
-0.01007080
-0.01068115
-0.01251221
-0.01525879
-0.01800537
-0.02136230
-0.02410889
-0.02624512
-0.02807617
-0.02868652
-0.02868652
-0.02868652
-0.02868652
-0.02899170
-0.02929688
-0.03021240
-0.03082275
-0.03143311
-0.03234863
-0.03326416
-0.03448486
-0.03570557
-0.03723145
-0.03814697
-0.03814697
-0.03753662
-0.03631592
-0.03509521
-0.03387451
-0.03295898
-0.03204346
-0.03082275
-0.02990723
-0.02868652
-0.02838135
-0.02838135
-0.02838135
-0.02899170
-0.02990723
-0.03021240
-0.02807617
-0.02502441
-0.02136230
-0.01739502
-0.01281738
-0.00823975
-0.00427246
-0.00122070
 0.00091553
 0.00305176
 0.00427246
 0.00640869
 0.00885010
 0.01037598
 0.01129150
 0.01220703
 0.01373291
 0.01617432
 0.01892090
 0.02197266
 0.02502441
 0.02807617
 0.03173828
 0.03509521
 0.03784180
 0.03967285
 0.03967285
 0.03875732
 0.03692627
 0.03417969
 0.03173828
 0.02990723
 0.02838135
 0.02777100
 0.02777100
 0.02777100
 0.02807617
 0.02868652
 0.02929688
 0.02960205
 0.03021240
 0.03082275
 0.03082275
 0.03051758
 0.03021240
 0.02899170
 0.02685547
 0.02532959
 0.02380371
 0.02319336
 0.02410889
 0.02532959
 0.02655029
 0.02777100
 0.02868652
 0.02990723
 0.03112793
 0.03173828
 0.03173828
 0.03082275
 0.02868652
 0.02593994
 0.02319336
 0.02166748
 0.02044678
 0.01953125
 0.01922607
 0.01953125
 0.01953125
 0.01983643
 0.02014160
 0.02136230
 0.02258301
 0.02380371
 0.02349854
 0.02166748
 0.01953125
 0.01739502
 0.01495361
 0.01251221
 0.01037598
 0.00946045
 0.00915527
 0.00915527
 0.00915527
 0.00946045
 0.01037598
 0.01159668
 0.01251221
 0.01251221
 0.01159668
 0.00915527
 0.00549316
 0.00122070
-0.00335693
-0.00701904
-0.01007080
-0.01312256
-0.01586914
-0.01861572
-0.02075195
-0.02166748
-0.02166748
-0.02166748
-0.02197266
-0.02227783
-0.02288818
-0.02410889
-0.02655029
-0.02960205
-0.03326416
-0.03631592
-0.03784180
-0.03845215
-0.03814697
-0.03723145
-0.03601074
-0.03448486
-0.03356934
-0.03234863
-0.03204346
-0.03173828
-0.03204346
-0.03173828
-0.03143311
-0.03143311
-0.03173828
-0.03295898
-0.03448486
-0.03509521
-0.03570557
-0.03601074
-0.03509521
-0.03295898
-0.03021240
-0.02716064
-0.02532959
-0.02410889
-0.02410889
-0.02532959
-0.02624512
-0.02624512
-0.02624512
-0.02502441
-0.02349854
-0.02197266
-0.02014160
-0.01800537
-0.01525879
-0.01220703
-0.00915527
-0.00640869
-0.00335693
-0.00061035
 0.00122070
 0.00274658
 0.00305176
 0.00274658
 0.00183105
 0.00122070
 0.00152588
 0.00244141
 0.00396729
 0.00640869
 0.00823975
 0.00946045
 0.01007080
 0.01007080
 0.01007080
 0.01007080
 0.01007080
 0.00976563
 0.00946045
 0.00946045
 0.00976563
 0.01037598
 0.01098633
 0.01129150
 0.01251221
 0.01495361
 0.01861572
 0.02227783
 0.02532959
 0.02716064
 0.02868652
 0.02929688
 0.02960205
 0.02899170
 0.02838135
 0.02746582
 0.02685547
 0.02685547
 0.02655029
 0.02624512
 0.02593994
 0.02532959
 0.02410889
 0.02227783
 0.02136230
 0.02044678
 0.01953125
 0.01831055
 0.01770020
 0.01708984
 0.01617432
 0.01525879
 0.01342773
 0.01220703
 0.01251221
 0.01403809
 0.01495361
 0.01434326
 0.01403809
 0.01373291
 0.01342773
 0.01312256
 0.01281738
 0.01342773
 0.01403809
 0.01464844
 0.01434326
 0.01373291
 0.01342773
 0.01312256
 0.01251221
 0.01190186
 0.01159668
 0.01190186
 0.01251221
 0.01190186
 0.01068115
 0.00915527
 0.00762939
 0.00579834
 0.00335693
 0.00122070
-0.00030518
-0.00091553
-0.00152588
-0.00213623
-0.00244141
-0.00305176
-0.00335693
-0.00366211
-0.00396729
-0.00366211
-0.00305176
-0.00152588
 0.00000000
 0.00061035
 0.00030518
-0.00030518
-0.00152588
-0.00244141
-0.00274658
-0.00274658
-0.00213623
-0.00152588
-0.00091553
-0.00061035
-0.00152588
-0.00305176
-0.00488281
-0.00671387
-0.00885010
-0.01068115
-0.01220703
-0.01342773
-0.01434326
-0.01525879
-0.01678467
-0.01800537
-0.01861572
-0.01892090
-0.01922607
-0.01922607
-0.01831055
-0.01708984
-0.01617432
-0.01647949
-0.01739502
-0.01861572
-0.01983643
-0.02044678
-0.02044678
-0.02044678
-0.02044678
-0.02014160
-0.01983643
-0.01983643
-0.02014160
-0.02044678
-0.02075195
-0.02044678
-0.02014160
-0.02044678
-0.02136230
-0.02258301
-0.02441406
-0.02593994
-0.02655029
-0.02716064
-0.02746582
-0.02807617
-0.02777100
-0.02716064
-0.02563477
-0.02410889
-0.02227783
-0.02014160
-0.01800537
-0.01586914
-0.01434326
-0.01312256
-0.01251221
-0.01220703
-0.01190186
-0.01159668
-0.01068115
-0.00976563
-0.00854492
-0.00732422
-0.00579834
-0.00427246
-0.00274658
-0.00152588
-0.00030518
 0.00091553
 0.00091553
 0.00030518
-0.00061035
-0.00152588
-0.00244141
-0.00366211
-0.00549316
-0.00671387
-0.00732422
-0.00732422
-0.00671387
-0.00610352
-0.00457764
-0.00244141
-0.00030518
 0.00061035
 0.00061035
 0.00061035
 0.00091553
 0.00122070
 0.00183105
 0.00244141
 0.00366211
 0.00518799
 0.00732422
 0.00885010
 0.01007080
 0.01129150
 0.01251221
 0.01403809
 0.01556396
 0.01708984
 0.01861572
 0.01922607
 0.01892090
 0.01800537
 0.01647949
 0.01556396
 0.01464844
 0.01434326
 0.01495361
 0.01617432
 0.01770020
 0.01922607
 0.02075195
 0.02227783
 0.02349854
 0.02410889
 0.02410889
 0.02441406
 0.02441406
 0.02441406
 0.02471924
 0.02471924
 0.02441406
 0.02380371
 0.02349854
 0.02349854
 0.02410889
 0.02471924
 0.02563477
 0.02624512
 0.02655029
 0.02593994
 0.02471924
 0.02319336
 0.02105713
 0.01861572
 0.01647949
 0.01434326
 0.01220703
 0.01007080
 0.00885010
 0.00762939
 0.00671387
 0.00579834
 0.00579834
 0.00610352
 0.00640869
 0.00610352
 0.00549316
 0.00396729
 0.00152588
-0.00091553
-0.00335693
-0.00488281
-0.00579834
-0.00640869
-0.00671387
-0.00671387
-0.00610352
-0.00549316
-0.00457764
-0.00396729
-0.00366211
-0.00335693
-0.00366211
-0.00457764
-0.00640869
-0.00885010
-0.01129150
-0.01312256
-0.01525879
-0.01739502
-0.01953125
-0.02044678
-0.02075195
-0.01983643
-0.01831055
-0.01678467
-0.01556396
-0.01495361
-0.01525879
-0.01556396
-0.01586914
-0.01678467
-0.01770020
-0.01861572
-0.01953125
-0.02014160
-0.02105713
-0.02044678
-0.01922607
-0.01770020
-0.01586914
-0.01373291
-0.01159668
-0.00976563
-0.00885010
-0.00823975
-0.00823975
-0.00885010
-0.00976563
-0.01068115
-0.01068115
-0.01068115
-0.01037598
-0.01068115
-0.01007080
-0.00885010
-0.00732422
-0.00518799
-0.00305176
-0.00061035
 0.00122070
 0.00305176
 0.00366211
 0.00396729
 0.00396729
 0.00457764
 0.00518799
 0.00610352
 0.00732422
 0.00946045
 0.01190186
 0.01403809
 0.01617432
 0.01770020
 0.01892090
 0.02014160
 0.02166748
 0.02288818
 0.02380371
 0.02471924
 0.02471924
 0.02410889
 0.02258301
 0.02014160
 0.01800537
 0.01647949
 0.01556396
 0.01556396
 0.01586914
 0.01647949
 0.01678467
 0.01708984
 0.01708984
 0.01647949
 0.01556396
 0.01464844
 0.01342773
 0.01190186
 0.01037598
 0.00946045
 0.00854492
 0.00793457
 0.00793457
 0.00823975
 0.00885010
 0.00946045
 0.01007080
 0.01098633
 0.01220703
 0.01281738
 0.01312256
 0.01281738
 0.01098633
 0.00854492
 0.00579834
 0.00366211
 0.00183105
 0.00091553
 0.00061035
 0.00061035
 0.00091553
 0.00030518
-0.00030518
-0.00061035
-0.00061035
-0.00061035
-0.00091553
-0.00213623
-0.00396729
-0.00610352
-0.00823975
-0.01037598
-0.01190186
-0.01220703
-0.01220703
-0.01251221
-0.01342773
-0.01373291
-0.01373291
-0.01342773
-0.01312256
-0.01312256
-0.01403809
-0.01495361
-0.01647949
-0.01861572
-0.02136230
-0.02410889
-0.02593994
-0.02716064
-0.02777100
-0.02868652
-0.02960205
-0.02960205
-0.02929688
-0.02899170
-0.02868652
-0.02838135
-0.02868652
-0.02868652
-0.02838135
-0.02777100
-0.02746582
-0.02716064
-0.02655029
-0.02593994
-0.02532959
-0.02410889
-0.02288818
-0.02166748
-0.02014160
-0.01831055
-0.01678467
-0.01495361
-0.01373291
-0.01281738
-0.01220703
-0.01190186
-0.01190186
-0.01159668
-0.01129150
-0.01037598
-0.00915527
-0.00823975
-0.00732422
-0.00640869
-0.00518799
-0.00427246
-0.00335693
-0.00244141
-0.00213623
-0.00244141
-0.00274658
-0.00335693
-0.00396729
-0.00396729
-0.00335693
-0.00183105
 0.00030518
 0.00274658
 0.00457764
 0.00640869
 0.00793457
 0.00946045
 0.01129150
 0.01312256
 0.01403809
 0.01464844
 0.01495361
 0.01525879
 0.01495361
 0.01403809
 0.01312256
 0.01159668
 0.01159668
 0.01220703
 0.01281738
 0.01403809
 0.01464844
 0.01586914
 0.01647949
 0.01617432
 0.01556396
 0.01434326
 0.01251221
 0.01129150
 0.01068115
 0.01068115
 0.01129150
 0.01190186
 0.01190186
 0.01220703
 0.01190186
 0.01220703
 0.01312256
 0.01434326
 0.01586914
 0.01678467
 0.01678467
 0.01678467
 0.01647949
 0.01617432
 0.01464844
 0.01312256
 0.01129150
 0.01037598
 0.01007080
 0.00976563
 0.00885010
 0.00823975
 0.00762939
 0.00701904
 0.00549316
 0.00366211
 0.00213623
 0.00091553
-0.00030518
-0.00152588
-0.00183105
-0.00244141
-0.00305176
-0.00366211
-0.00396729
-0.00427246
-0.00457764
-0.00427246
-0.00335693
-0.00183105
-0.00061035
 0.00000000
-0.00030518
-0.00122070
-0.00244141
-0.00274658
-0.00305176
-0.00396729
-0.00488281
-0.00579834
-0.00610352
-0.00610352
-0.00579834
-0.00549316
-0.00488281
-0.00488281
-0.00549316
-0.00671387
-0.00762939
-0.00823975
-0.00793457
-0.00701904
-0.00640869
-0.00610352
-0.00640869
-0.00732422
-0.00823975
-0.00885010
-0.00885010
-0.00885010
-0.00823975
-0.00640869
-0.00457764
-0.00244141
-0.00122070
-0.00061035
-0.00122070
-0.00183105
-0.00274658
-0.00274658
-0.00244141
-0.00213623
-0.00152588
-0.00061035
 0.00030518
 0.00061035
 0.00030518
 0.00000000
 0.00000000
 0.00091553
 0.00183105
 0.00274658
 0.00305176
 0.00335693
 0.00335693
 0.00305176
 0.00183105
 0.00061035
 0.00061035
 0.00122070
 0.00213623
 0.00305176
 0.00488281
 0.00732422
 0.00885010
 0.01007080
 0.01129150
 0.01190186
 0.01190186
 0.01190186
 0.01159668
 0.01129150
 0.01068115
 0.01007080
 0.00946045
 0.00885010
 0.00823975
 0.00762939
 0.00701904
 0.00701904
 0.00793457
 0.00823975
 0.00823975
 0.00854492
 0.00823975
 0.00732422
 0.00549316
 0.00366211
 0.00122070
-0.00091553
-0.00305176
-0.00549316
-0.00762939
-0.00854492
-0.00915527
-0.00885010
-0.00793457
-0.00640869
-0.00549316
-0.00488281
-0.00457764
-0.00427246
-0.00457764
-0.00518799
-0.00579834
-0.00640869
-0.00701904
-0.00793457
-0.00885010
-0.00976563
-0.01098633
-0.01129150
-0.01068115
-0.00915527
-0.00762939
-0.00610352
-0.00488281
-0.00427246
-0.00488281
-0.00640869
-0.00762939
-0.00885010
-0.00946045
-0.00976563
-0.00976563
-0.00915527
-0.00854492
-0.00701904
-0.00549316
-0.00396729
-0.00213623
-0.00091553
 0.00000000
 0.00122070
 0.00183105
 0.00244141
 0.00213623
 0.00122070
 0.00061035
 0.00030518
 0.00030518
 0.00030518
 0.00091553
 0.00244141
 0.00488281
 0.00762939
 0.01007080
 0.01190186
 0.01281738
 0.01281738
 0.01159668
 0.00976563
 0.00823975
 0.00671387
 0.00518799
 0.00335693
 0.00183105
 0.00091553
 0.00061035
 0.00091553
 0.00152588
 0.00244141
 0.00427246
 0.00610352
 0.00762939
 0.00854492
 0.00854492
 0.00793457
 0.00762939
 0.00671387
 0.00579834
 0.00396729
 0.00213623
 0.00091553
 0.00030518
 0.00000000
 0.00030518
 0.00030518
 0.00122070
 0.00305176
 0.00366211
 0.00305176
 0.00213623
 0.00091553
-0.00061035
-0.00244141
-0.00427246
-0.00579834
-0.00640869
-0.00701904
-0.00793457
-0.00915527
-0.00976563
-0.00915527
-0.00823975
-0.00732422
-0.00610352
-0.00427246
-0.00274658
-0.00152588
-0.00152588
-0.00274658
-0.00457764
-0.00640869
-0.00732422
-0.00732422
-0.00732422
-0.00732422
-0.00610352
-0.00488281
-0.00335693
-0.00274658
-0.00305176
-0.00366211
-0.00396729
-0.00427246
-0.00427246
-0.00549316
-0.00671387
-0.00762939
-0.00915527
-0.01098633
-0.01281738
-0.01434326
-0.01495361
-0.01464844
-0.01281738
-0.01037598
-0.00793457
-0.00610352
-0.00610352
-0.00671387
-0.00793457
-0.00915527
-0.01007080
-0.01098633
-0.01129150
-0.01190186
-0.01190186
-0.01129150
-0.01037598
-0.01037598
-0.01007080
-0.00915527
-0.00762939
-0.00610352
-0.00457764
-0.00335693
-0.00274658
-0.00274658
-0.00335693
-0.00518799
-0.00732422
-0.00885010
-0.00976563
-0.01007080
-0.01007080
-0.00946045
-0.00854492
-0.00793457
-0.00701904
-0.00549316
-0.00427246
-0.00274658
-0.00152588
-0.00122070
-0.00122070
-0.00122070
-0.00152588
-0.00213623
-0.00274658
-0.00305176
-0.00305176
-0.00244141
-0.00122070
 0.00030518
 0.00183105
 0.00396729
 0.00549316
 0.00579834
 0.00610352
 0.00610352
 0.00610352
 0.00549316
 0.00457764
 0.00305176
 0.00122070
-0.00030518
-0.00122070
-0.00152588
-0.00091553
 0.00061035
 0.00244141
 0.00335693
 0.00457764
 0.00579834
 0.00671387
 0.00762939
 0.00854492
 0.00915527
 0.00915527
 0.00854492
 0.00793457
 0.00701904
 0.00640869
 0.00671387
 0.00762939
 0.00854492
 0.00976563
 0.01037598
 0.01098633
 0.01159668
 0.01190186
 0.01220703
 0.01190186
 0.01068115
 0.00915527
 0.00762939
 0.00640869
 0.00579834
 0.00518799
 0.00427246
 0.00396729
 0.00488281
 0.00549316
 0.00579834
 0.00671387
 0.00732422
 0.00793457
 0.00854492
 0.00915527
 0.00976563
 0.00915527
 0.00885010
 0.00854492
 0.00732422
 0.00640869
 0.00579834
 0.00579834
 0.00579834
 0.00579834
 0.00610352
 0.00701904
 0.00823975
 0.00946045
 0.00976563
 0.00946045
 0.00885010
 0.00823975
 0.00732422
 0.00610352
 0.00488281
 0.00427246
 0.00335693
 0.00244141
 0.00122070
 0.00030518
 0.00030518
 0.00091553
 0.00183105
 0.00335693
 0.00518799
 0.00671387
 0.00732422
 0.00793457
 0.00762939
 0.00732422
 0.00640869
 0.00549316
 0.00457764
 0.00427246
 0.00396729
 0.00427246
 0.00488281
 0.00549316
 0.00671387
 0.00823975
 0.00915527
 0.00915527
 0.00915527
 0.00885010
 0.00823975
 0.00762939
 0.00701904
 0.00640869
 0.00488281
 0.00274658
 0.00061035
-0.00122070
-0.00244141
-0.00274658
-0.00244141
-0.00183105
-0.00122070
 0.00000000
 0.00122070
 0.00152588
 0.00152588
 0.00091553
 0.00000000
-0.00122070
-0.00274658
-0.00518799
-0.00762939
-0.00885010
-0.01007080
-0.01068115
-0.01098633
-0.01098633
-0.01037598
-0.00915527
-0.00854492
-0.00793457
-0.00701904
-0.00701904
-0.00762939
-0.00885010
-0.01098633
-0.01312256
-0.01556396
-0.01770020
-0.01922607
-0.02014160
-0.02075195
-0.02105713
-0.02075195
-0.01983643
-0.01892090
-0.01739502
-0.01556396
-0.01403809
-0.01342773
-0.01312256
-0.01342773
-0.01403809
-0.01525879
-0.01586914
-0.01678467
-0.01708984
-0.01708984
-0.01708984
-0.01678467
-0.01586914
-0.01434326
-0.01251221
-0.01068115
-0.00885010
-0.00732422
-0.00640869
-0.00671387
-0.00762939
-0.00915527
-0.01037598
-0.01098633
-0.01159668
-0.01159668
-0.01129150
-0.01007080
-0.00854492
-0.00671387
-0.00488281
-0.00305176
-0.00061035
 0.00091553
 0.00274658
 0.00427246
 0.00518799
 0.00518799
 0.00427246
 0.00366211
 0.00305176
 0.00305176
 0.00335693
 0.00427246
 0.00549316
 0.00732422
 0.01007080
 0.01281738
 0.01464844
 0.01586914
 0.01678467
 0.01678467
 0.01647949
 0.01525879
 0.01434326
 0.01312256
 0.01159668
 0.01037598
 0.00915527
 0.00854492
 0.00854492
 0.00946045
 0.01068115
 0.01190186
 0.01281738
 0.01434326
 0.01556396
 0.01586914
 0.01586914
 0.01495361
 0.01434326
 0.01312256
 0.01159668
 0.01007080
 0.00823975
 0.00732422
 0.00671387
 0.00640869
 0.00640869
 0.00701904
 0.00762939
 0.00823975
 0.00885010
 0.00885010
 0.00823975
 0.00671387
 0.00396729
 0.00183105
-0.00030518
-0.00274658
-0.00457764
-0.00579834
-0.00701904
-0.00793457
-0.00823975
-0.00854492
-0.00854492
-0.00823975
-0.00823975
-0.00793457
-0.00732422
-0.00671387
-0.00732422
-0.00885010
-0.01037598
-0.01159668
-0.01251221
-0.01312256
-0.01342773
-0.01373291
-0.01281738
-0.01190186
-0.01129150
-0.01098633
-0.01068115
-0.01037598
-0.01007080
-0.01007080
-0.01007080
-0.01068115
-0.01098633
-0.01159668
-0.01220703
-0.01281738
-0.01312256
-0.01373291
-0.01373291
-0.01403809
-0.01312256
-0.01220703
-0.01068115
-0.00885010
-0.00671387
-0.00457764
-0.00335693
-0.00274658
-0.00305176
-0.00305176
-0.00305176
-0.00274658
-0.00183105
-0.00122070
-0.00030518
 0.00030518
 0.00091553
 0.00152588
 0.00305176
 0.00427246
 0.00579834
 0.00701904
 0.00793457
 0.00854492
 0.00885010
 0.00885010
 0.00854492
 0.00823975
 0.00701904
 0.00610352
 0.00579834
 0.00518799
 0.00518799
 0.00518799
 0.00518799
 0.00549316
 0.00671387
 0.00823975
 0.00976563
 0.01037598
 0.01068115
 0.01098633
 0.01129150
 0.01159668
 0.01220703
 0.01251221
 0.01281738
 0.01281738
 0.01251221
 0.01190186
 0.01190186
 0.01220703
 0.01190186
 0.01129150
 0.01098633
 0.01068115
 0.00976563
 0.00885010
 0.00793457
 0.00701904
 0.00610352
 0.00488281
 0.00396729
 0.00335693
 0.00244141
 0.00122070
 0.00000000
-0.00152588
-0.00213623
-0.00244141
-0.00183105
-0.00152588
-0.00152588
-0.00183105
-0.00152588
-0.00091553
-0.00030518
-0.00091553
-0.00122070
-0.00122070
-0.00122070
-0.00213623
-0.00274658
-0.00305176
-0.00335693
-0.00335693
-0.00305176
-0.00274658
-0.00183105
-0.00122070
-0.00091553
-0.00091553
-0.00091553
-0.00122070
-0.00183105
-0.00274658
-0.00396729
-0.00518799
-0.00640869
-0.00701904
-0.00793457
-0.00854492
-0.00823975
-0.00762939
-0.00671387
-0.00640869
-0.00579834
-0.00427246
-0.00274658
-0.00183105
-0.00091553
-0.00030518
 0.00000000
-0.00061035
-0.00152588
-0.00244141
-0.00335693
-0.00396729
-0.00366211
-0.00335693
-0.00274658
-0.00244141
-0.00152588
-0.00061035
 0.00030518
 0.00061035
 0.00061035
 0.00061035
 0.00061035
 0.00030518
-0.00030518
-0.00152588
-0.00244141
-0.00366211
-0.00396729
-0.00427246
-0.00457764
-0.00457764
-0.00366211
-0.00213623
-0.00061035
 0.00091553
 0.00183105
 0.00274658
 0.00366211
 0.00396729
 0.00396729
 0.00274658
 0.00152588
 0.00061035
 0.00030518
 0.00061035
 0.00061035
 0.00091553
 0.00152588
 0.00183105
 0.00244141
 0.00244141
 0.00244141
 0.00213623
 0.00213623
 0.00183105
 0.00091553
-0.00030518
-0.00152588
-0.00274658
-0.00396729
-0.00488281
-0.00579834
-0.00610352
-0.00579834
-0.00457764
-0.00335693
-0.00183105
-0.00061035
 0.00030518
 0.00152588
 0.00244141
 0.00274658
 0.00183105
 0.00091553
 0.00000000
-0.00091553
-0.00183105
-0.00244141
-0.00244141
-0.00244141
-0.00244141
-0.00213623
-0.00122070
 0.00000000
 0.00091553
 0.00152588
 0.00061035
-0.00030518
-0.00152588
-0.00244141
-0.00366211
-0.00579834
-0.00762939
-0.00885010
-0.00915527
-0.00854492
-0.00793457
-0.00732422
-0.00640869
-0.00488281
-0.00366211
-0.00183105
-0.00061035
 0.00061035
 0.00030518
-0.00091553
-0.00213623
-0.00335693
-0.00366211
-0.00366211
-0.00305176
-0.00305176
-0.00366211
-0.00335693
-0.00244141
-0.00152588
-0.00061035
 0.00030518
 0.00061035
 0.00091553
 0.00122070
 0.00091553
 0.00091553
 0.00030518
-0.00030518
-0.00122070
-0.00244141
-0.00335693
-0.00335693
-0.00305176
-0.00213623
-0.00091553
 0.00030518
 0.00122070
 0.00213623
 0.00305176
 0.00366211
 0.00366211
 0.00396729
 0.00457764
 0.00457764
 0.00427246
 0.00396729
 0.00305176
 0.00244141
 0.00244141
 0.00244141
 0.00305176
 0.00396729
 0.00518799
 0.00610352
 0.00701904
 0.00762939
 0.00732422
 0.00640869
 0.00518799
 0.00488281
 0.00457764
 0.00366211
 0.00244141
 0.00122070
 0.00122070
 0.00122070
 0.00122070
 0.00122070
 0.00183105
 0.00335693
 0.00488281
 0.00579834
 0.00640869
 0.00701904
 0.00671387
 0.00579834
 0.00488281
 0.00366211
 0.00213623
 0.00122070
 0.00030518
 0.00000000
-0.00061035
-0.00122070
-0.00122070
-0.00061035
 0.00030518
 0.00152588
 0.00274658
 0.00366211
 0.00396729
 0.00274658
 0.00061035
-0.00183105
-0.00427246
-0.00579834
-0.00640869
-0.00640869
-0.00610352
-0.00610352
-0.00610352
-0.00549316
-0.00488281
-0.00396729
-0.00274658
-0.00091553
 0.00000000
 0.00061035
 0.00091553
 0.00061035
-0.00030518
-0.00183105
-0.00305176
-0.00366211
-0.00366211
-0.00305176
-0.00213623
-0.00091553
 0.00000000
 0.00091553
 0.00152588
 0.00152588
 0.00152588
 0.00122070
-0.00030518
-0.00122070
-0.00213623
-0.00274658
-0.00335693
-0.00396729
-0.00396729
-0.00396729
-0.00396729
-0.00396729
-0.00335693
-0.00274658
-0.00183105
-0.00183105
-0.00152588
-0.00152588
-0.00213623
-0.00335693
-0.00457764
-0.00457764
-0.00427246
-0.00396729
-0.00366211
-0.00305176
-0.00244141
-0.00213623
-0.00183105
-0.00183105
-0.00183105
-0.00183105
-0.00183105
-0.00183105
-0.00274658
-0.00366211
-0.00457764
-0.00579834
-0.00640869
-0.00671387
-0.00640869
-0.00610352
-0.00549316
-0.00488281
-0.00457764
-0.00366211
-0.00274658
-0.00152588
-0.00030518
 0.00061035
 0.00122070
 0.00122070
 0.00091553
 0.00061035
 0.00030518
 0.00030518
 0.00000000
-0.00030518
-0.00030518
 0.00000000
 0.00091553
 0.00183105
 0.00274658
 0.00335693
 0.00396729
 0.00396729
 0.00396729
 0.00366211
 0.00335693
 0.00305176
 0.00274658
 0.00244141
 0.00274658
 0.00274658
 0.00244141
 0.00244141
 0.00274658
 0.00274658
 0.00305176
 0.00396729
 0.00488281
 0.00488281
 0.00457764
 0.00457764
 0.00427246
 0.00335693
 0.00305176
 0.00335693
 0.00396729
 0.00457764
 0.00518799
 0.00579834
 0.00640869
 0.00640869
 0.00610352
 0.00549316
 0.00518799
 0.00518799
 0.00488281
 0.00427246
 0.00396729
 0.00335693
 0.00305176
 0.00274658
 0.00213623
 0.00183105
 0.00183105
 0.00183105
 0.00213623
 0.00244141
 0.00244141
 0.00183105
 0.00122070
 0.00091553
 0.00091553
 0.00122070
 0.00152588
 0.00183105
 0.00213623
 0.00274658
 0.00305176
 0.00366211
 0.00335693
 0.00335693
 0.00366211
 0.00335693
 0.00274658
 0.00213623
 0.00152588
 0.00122070
 0.00122070
 0.00091553
 0.00000000
-0.00061035
-0.00091553
-0.00091553
-0.00122070
-0.00091553
-0.00061035
-0.00091553
-0.00152588
-0.00213623
-0.00244141
-0.00305176
-0.00335693
-0.00366211
-0.00366211
-0.00396729
-0.00396729
-0.00396729
-0.00396729
-0.00366211
-0.00305176
-0.00244141
-0.00183105
-0.00122070
-0.00091553
-0.00122070
-0.00122070
-0.00183105
-0.00213623
-0.00274658
-0.00305176
-0.00335693
-0.00335693
-0.00335693
-0.00335693
-0.00244141
-0.00122070
-0.00030518
 0.00030518
 0.00061035
 0.00061035
 0.00000000
-0.00122070
-0.00183105
-0.00274658
-0.00305176
-0.00335693
-0.00335693
-0.00335693
-0.00366211
-0.00335693
-0.00244141
-0.00152588
-0.00061035
 0.00061035
 0.00213623
 0.00305176
 0.00366211
 0.00366211
 0.00335693
 0.00244141
 0.00091553
-0.00030518
-0.00152588
-0.00213623
-0.00274658
-0.00274658
-0.00183105
-0.00122070
-0.00091553
-0.00030518
 0.00000000
 0.00000000
 0.00000000
 0.00030518
 0.00061035
 0.00122070
 0.00122070
 0.00030518
-0.00122070
-0.00213623
-0.00244141
-0.00213623
-0.00244141
-0.00244141
-0.00122070
 0.00000000
 0.00091553
 0.00122070
 0.00122070
 0.00152588
 0.00122070
 0.00061035
 0.00030518
 0.00000000
-0.00091553
-0.00213623
-0.00274658
-0.00305176
-0.00335693
-0.00366211
-0.00305176
-0.00244141
-0.00183105
-0.00152588
-0.00091553
-0.00061035
-0.00061035
-0.00152588
-0.00305176
-0.00427246
-0.00518799
-0.00549316
-0.00579834
-0.00579834
-0.00610352
-0.00610352
-0.00579834
-0.00518799
-0.00427246
-0.00335693
-0.00244141
-0.00152588
-0.00061035
-0.00122070
-0.00274658
-0.00366211
-0.00427246
-0.00518799
-0.00579834
-0.00579834
-0.00518799
-0.00488281
-0.00427246
-0.00366211
-0.00213623
-0.00122070
-0.00061035
 0.00000000
 0.00061035
 0.00091553
 0.00061035
 0.00000000
-0.00091553
-0.00183105
-0.00305176
-0.00366211
-0.00427246
-0.00427246
-0.00366211
-0.00213623
-0.00030518
 0.00091553
 0.00183105
 0.00305176
 0.00427246
 0.00488281
 0.00518799
 0.00518799
 0.00518799
 0.00518799
 0.00518799
 0.00518799
 0.00457764
 0.00366211
 0.00274658
 0.00305176
 0.00396729
 0.00457764
 0.00518799
 0.00640869
 0.00732422
 0.00762939
 0.00732422
 0.00671387
 0.00579834
 0.00549316
 0.00427246
 0.00335693
 0.00274658
 0.00274658
 0.00274658
 0.00274658
 0.00305176
 0.00366211
 0.00518799
 0.00610352
 0.00671387
 0.00701904
 0.00701904
 0.00671387
 0.00610352
 0.00488281
 0.00396729
 0.00213623
 0.00061035
 0.00000000
 0.00000000
 0.00030518
 0.00030518
 0.00061035
 0.00091553
 0.00122070
 0.00244141
 0.00335693
 0.00396729
 0.00457764
 0.00427246
 0.00366211
 0.00305176
 0.00152588
-0.00030518
-0.00213623
-0.00274658
-0.00274658
-0.00244141
-0.00122070
-0.00030518
 0.00061035
 0.00122070
 0.00183105
 0.00122070
 0.00091553
 0.00061035
 0.00061035
 0.00030518
-0.00091553
-0.00122070
-0.00152588
-0.00152588
-0.00183105
-0.00244141
-0.00244141
-0.00213623
-0.00213623
-0.00152588
-0.00061035
 0.00030518
 0.00061035
 0.00000000
-0.00152588
-0.00366211
-0.00518799
-0.00640869
-0.00701904
-0.00701904
-0.00640869
-0.00579834
-0.00518799
-0.00457764
-0.00427246
-0.00396729
-0.00396729
-0.00335693
-0.00274658
-0.00183105
-0.00091553
 0.00000000
 0.00000000
-0.00091553
-0.00213623
-0.00244141
-0.00305176
-0.00366211
-0.00366211
-0.00305176
-0.00183105
-0.00061035
 0.00000000
 0.00091553
 0.00061035
 0.00000000
-0.00091553
-0.00122070
-0.00152588
-0.00091553
-0.00030518
 0.00030518
 0.00000000
-0.00091553
-0.00244141
-0.00335693
-0.00335693
-0.00244141
-0.00122070
 0.00030518
 0.00213623
 0.00335693
 0.00427246
 0.00457764
 0.00427246
 0.00366211
 0.00305176
 0.00335693
 0.00366211
 0.00396729
 0.00366211
 0.00396729
 0.00396729
 0.00396729
 0.00396729
 0.00427246
 0.00457764
 0.00488281
 0.00549316
 0.00610352
 0.00610352
 0.00579834
 0.00549316
 0.00457764
 0.00366211
 0.00274658
 0.00183105
 0.00122070
 0.00122070
 0.00213623
 0.00274658
 0.00274658
 0.00274658
 0.00335693
 0.00396729
 0.00427246
 0.00427246
 0.00488281
 0.00457764
 0.00427246
 0.00335693
 0.00244141
 0.00152588
 0.00091553
 0.00030518
-0.00091553
-0.00183105
-0.00152588
-0.00091553
-0.00030518
-0.00030518
-0.00061035
-0.00061035
-0.00061035
-0.00091553
-0.00152588
-0.00244141
-0.00335693
-0.00366211
-0.00457764
-0.00518799
-0.00579834
-0.00610352
-0.00610352
-0.00518799
-0.00427246
-0.00427246
-0.00457764
-0.00457764
-0.00427246
-0.00427246
-0.00457764
-0.00488281
-0.00518799
-0.00518799
-0.00457764
-0.00427246
-0.00396729
-0.00427246
-0.00488281
-0.00518799
-0.00518799
-0.00488281
-0.00457764
-0.00427246
-0.00396729
-0.00457764
-0.00518799
-0.00579834
-0.00579834
-0.00549316
-0.00518799
-0.00518799
-0.00488281
-0.00396729
-0.00305176
-0.00244141
-0.00213623
-0.00183105
-0.00183105
-0.00122070
-0.00061035
 0.00000000
 0.00000000
 0.00030518
 0.00061035
 0.00122070
 0.00152588
 0.00091553
 0.00061035
 0.00030518
 0.00030518
 0.00091553
 0.00183105
 0.00244141
 0.00213623
 0.00244141
 0.00244141
 0.00274658
 0.00274658
 0.00244141
 0.00274658
 0.00335693
 0.00427246
 0.00518799
 0.00549316
 0.00549316
 0.00518799
 0.00518799
 0.00518799
 0.00488281
 0.00457764
 0.00488281
 0.00549316
 0.00671387
 0.00701904
 0.00701904
 0.00701904
 0.00762939
 0.00823975
 0.00854492
 0.00885010
 0.00946045
 0.00976563
 0.00976563
 0.00946045
 0.00915527
 0.00885010
 0.00793457
 0.00732422
 0.00671387
 0.00671387
 0.00701904
 0.00671387
 0.00701904
 0.00671387
 0.00640869
 0.00579834
 0.00488281
 0.00366211
 0.00305176
 0.00274658
 0.00213623
 0.00213623
 0.00152588
 0.00122070
 0.00122070
 0.00122070
 0.00091553
 0.00091553
 0.00091553
 0.00152588
 0.00183105
 0.00244141
 0.00244141
 0.00122070
 0.00030518
-0.00061035
-0.00122070
-0.00213623
-0.00305176
-0.00366211
-0.00457764
-0.00610352
-0.00701904
-0.00762939
-0.00793457
-0.00762939
-0.00732422
-0.00701904
-0.00671387
-0.00732422
-0.00793457
-0.00915527
-0.01037598
-0.01098633
-0.01129150
-0.01129150
-0.01068115
-0.01068115
-0.01098633
-0.01220703
-0.01220703
-0.01159668
-0.01037598
-0.00946045
-0.00915527
-0.00823975
-0.00793457
-0.00823975
-0.00854492
-0.00915527
-0.01037598
-0.01129150
-0.01159668
-0.01190186
-0.01190186
-0.01159668
-0.01098633
-0.01007080
-0.00946045
-0.00915527
-0.00885010
-0.00885010
-0.00854492
-0.00854492
-0.00854492
-0.00823975
-0.00854492
-0.00854492
-0.00793457
-0.00762939
-0.00671387
-0.00610352
-0.00518799
-0.00396729
-0.00244141
-0.00122070
-0.00030518
 0.00000000
 0.00000000
 0.00000000
 0.00000000
-0.00030518
-0.00061035
-0.00061035
-0.00061035
 0.00000000
 0.00030518
 0.00091553
 0.00183105
 0.00244141
 0.00335693
 0.00396729
 0.00457764
 0.00518799
 0.00518799
 0.00488281
 0.00427246
 0.00366211
 0.00366211
 0.00396729
 0.00366211
 0.00396729
 0.00427246
 0.00457764
 0.00488281
 0.00579834
 0.00671387
 0.00732422
 0.00793457
 0.00946045
 0.01037598
 0.01129150
 0.01129150
 0.01098633
 0.01098633
 0.01129150
 0.01159668
 0.01159668
 0.01129150
 0.01159668
 0.01159668
 0.01190186
 0.01190186
 0.01159668
 0.01098633
 0.01037598
 0.01007080
 0.00946045
 0.00854492
 0.00762939
 0.00732422
 0.00701904
 0.00671387
 0.00701904
 0.00701904
 0.00701904
 0.00671387
 0.00640869
 0.00671387
 0.00732422
 0.00762939
 0.00762939
 0.00762939
 0.00762939
 0.00732422
 0.00640869
 0.00518799
 0.00427246
 0.00366211
 0.00335693
 0.00305176
 0.00244141
 0.00183105
 0.00152588
 0.00213623
 0.00244141
 0.00213623
 0.00183105
 0.00152588
 0.00061035
 0.00000000
-0.00091553
-0.00183105
-0.00244141
-0.00335693
-0.00396729
-0.00488281
-0.00579834
-0.00610352
-0.00549316
-0.00427246
-0.00305176
-0.00213623
-0.00122070
-0.00061035
-0.00030518
 0.00000000
 0.00030518
 0.00000000
-0.00061035
-0.00122070
-0.00122070
-0.00152588
-0.00213623
-0.00213623
-0.00213623
-0.00274658
-0.00335693
-0.00335693
-0.00244141
-0.00183105
-0.00152588
-0.00152588
-0.00152588
-0.00213623
-0.00305176
-0.00366211
-0.00396729
-0.00396729
-0.00366211
-0.00274658
-0.00183105
-0.00122070
-0.00061035
 0.00030518
 0.00091553
 0.00061035
 0.00061035
 0.00091553
 0.00091553
 0.00091553
 0.00061035
 0.00000000
-0.00030518
-0.00030518
-0.00030518
 0.00000000
 0.00030518
 0.00061035
 0.00122070
 0.00244141
 0.00335693
 0.00335693
 0.00274658
 0.00183105
 0.00122070
 0.00030518
-0.00030518
-0.00061035
-0.00061035
-0.00122070
-0.00152588
-0.00152588
-0.00152588
-0.00152588
-0.00091553
 0.00000000
 0.00091553
 0.00152588
 0.00213623
 0.00213623
 0.00183105
 0.00122070
 0.00091553
 0.00030518
 0.00000000
-0.00030518
-0.00030518
-0.00030518
-0.00061035
-0.00091553
-0.00091553
-0.00091553
-0.00091553
-0.00122070
-0.00122070
-0.00152588
-0.00183105
-0.00213623
-0.00244141
-0.00305176
-0.00396729
-0.00457764
-0.00488281
-0.00518799
-0.00518799
-0.00518799
-0.00488281
-0.00427246
-0.00396729
-0.00366211
-0.00427246
-0.00427246
-0.00396729
-0.00366211
-0.00366211
-0.00366211
-0.00305176
-0.00274658
-0.00274658
-0.00335693
-0.00335693
-0.00305176
-0.00213623
-0.00122070
-0.00061035
-0.00061035
-0.00061035
 0.00000000
-0.00030518
-0.00091553
-0.00122070
-0.00152588
-0.00152588
-0.00122070
-0.00122070
-0.00122070
-0.00122070
-0.00091553
-0.00091553
-0.00061035
 0.00000000
 0.00061035
 0.00122070
 0.00122070
 0.00091553
 0.00061035
 0.00030518
 0.00000000
 0.00000000
 0.00030518
 0.00030518
 0.00030518
 0.00061035
 0.00061035
 0.00152588
 0.00213623
 0.00305176
 0.00335693
 0.00335693
 0.00305176
 0.00274658
 0.00122070
 0.00061035
 0.00000000
-0.00061035
-0.00122070
-0.00213623
-0.00213623
-0.00183105
-0.00152588
-0.00091553
-0.00061035
-0.00030518
 0.00030518
 0.00122070
 0.00183105
 0.00183105
 0.00152588
 0.00152588
 0.00091553
 0.00030518
-0.00061035
-0.00122070
-0.00183105
-0.00122070
-0.00030518
 0.00061035
 0.00122070
 0.00152588
 0.00122070
 0.00122070
 0.00122070
 0.00122070
 0.00061035
 0.00030518
 0.00000000
-0.00030518
-0.00152588
-0.00274658
-0.00366211
-0.00396729
-0.00396729
-0.00396729
-0.00396729
-0.00305176
-0.00213623
-0.00152588
-0.00122070
-0.00091553
-0.00091553
-0.00091553
-0.00061035
-0.00091553
-0.00091553
-0.00061035
-0.00091553
-0.00091553
-0.00030518
 0.00000000
 0.00000000
 0.00030518
 0.00091553
 0.00152588
 0.00213623
 0.00274658
 0.00335693
 0.00335693
 0.00244141
 0.00091553
 0.00000000
-0.00061035
-0.00152588
-0.00183105
-0.00183105
-0.00091553
-0.00061035
 0.00030518
 0.00061035
 0.00061035
 0.00091553
 0.00152588
 0.00183105
 0.00183105
 0.00213623
 0.00213623
 0.00152588
 0.00091553
 0.00061035
 0.00030518
 0.00030518
 0.00061035
 0.00122070
 0.00183105
 0.00213623
 0.00213623
 0.00213623
 0.00244141
 0.00274658
 0.00305176
 0.00244141
 0.00152588
 0.00091553
 0.00030518
-0.00030518
-0.00061035
-0.00061035
-0.00091553
-0.00091553
-0.00122070
-0.00152588
-0.00091553
 0.00000000
 0.00091553
 0.00091553
 0.00030518
 0.00030518
 0.00061035
 0.00030518
 0.00000000
-0.00061035
-0.00122070
-0.00122070
-0.00061035
 0.00030518
 0.00091553
 0.00091553
 0.00122070
 0.00122070
 0.00091553
 0.00091553
 0.00091553
 0.00091553
 0.00030518
-0.00030518
-0.00030518
-0.00061035
-0.00091553
-0.00122070
-0.00183105
-0.00213623
-0.00213623
-0.00183105
-0.00183105
-0.00183105
-0.00183105
-0.00183105
-0.00152588
-0.00152588
-0.00213623
-0.00213623
-0.00244141
-0.00213623
-0.00183105
-0.00091553
 0.00000000
 0.00061035
 0.00122070
 0.00152588
 0.00091553
 0.00030518
 0.00000000
 0.00000000
 0.00000000
 0.00000000
-0.00030518
-0.00030518
-0.00030518
-0.00030518
-0.00030518
-0.00030518
 0.00030518
 0.00061035
 0.00091553
 0.00122070
 0.00152588
 0.00122070
 0.00091553
 0.00030518
-0.00030518
-0.00091553
-0.00091553
-0.00152588
-0.00152588
-0.00061035
 0.00000000
 0.00091553
 0.00122070
 0.00152588
 0.00183105
 0.00274658
 0.00335693
 0.00305176
 0.00274658
 0.00274658
 0.00274658
 0.00213623
 0.00122070
 0.00030518
-0.00030518
-0.00122070
-0.00091553
-0.00030518
 0.00030518
 0.00061035
 0.00091553
 0.00152588
 0.00152588
 0.00122070
 0.00122070
 0.00152588
 0.00152588
 0.00061035
-0.00061035
-0.00152588
-0.00213623
-0.00213623
-0.00152588
-0.00122070
 0.00000000
 0.00122070
 0.00213623
 0.00305176
 0.00335693
 0.00274658
 0.00244141
 0.00183105
 0.00152588
 0.00061035
 0.00030518
 0.00030518
 0.00000000
-0.00030518
 0.00000000
-0.00030518
-0.00030518
-0.00030518
 0.00000000
 0.00061035
 0.00152588
 0.00244141
 0.00305176
 0.00244141
 0.00183105
 0.00091553
 0.00030518
 0.00000000
 0.00000000
 0.00000000
 0.00000000
 0.00030518
 0.00091553
 0.00152588
 0.00183105
 0.00183105
 0.00152588
 0.00091553
 0.00091553
 0.00122070
 0.00152588
 0.00122070
 0.00061035
 0.00091553
 0.00122070
 0.00091553
 0.00000000
-0.00030518
 0.00030518
 0.00030518
 0.00030518
 0.00030518
 0.00000000
-0.00030518
-0.00122070
-0.00183105
-0.00213623
-0.00274658
-0.00274658
-0.00213623
-0.00183105
-0.00152588
-0.00122070
-0.00091553
-0.00091553
-0.00091553
-0.00061035
-0.00030518
 0.00030518
 0.00030518
-0.00030518
-0.00122070
-0.00152588
-0.00152588
-0.00183105
-0.00183105
-0.00244141
-0.00274658
-0.00305176
-0.00305176
-0.00305176
-0.00335693
-0.00366211
-0.00396729
-0.00457764
-0.00488281
-0.00488281
-0.00518799
-0.00610352
-0.00701904
-0.00732422
-0.00671387
-0.00610352
-0.00579834
-0.00579834
-0.00549316
-0.00518799
-0.00488281
-0.00549316
-0.00549316
-0.00640869
-0.00732422
-0.00793457
-0.00732422
-0.00701904
-0.00671387
-0.00640869
-0.00610352
-0.00610352
-0.00610352
-0.00579834
-0.00518799
-0.00488281
-0.00488281
-0.00518799
-0.00579834
-0.00610352
-0.00640869
-0.00701904
-0.00762939
-0.00823975
-0.00823975
-0.00732422
-0.00610352
-0.00457764
-0.00366211
-0.00274658
-0.00274658
-0.00305176
-0.00335693
-0.00366211
-0.00366211
-0.00396729
-0.00396729
-0.00366211
-0.00366211
-0.00396729
-0.00396729
-0.00335693
-0.00213623
-0.00091553
 0.00030518
 0.00122070
 0.00183105
 0.00213623
 0.00213623
 0.00213623
 0.00183105
 0.00122070
 0.00030518
 0.00000000
 0.00030518
 0.00091553
 0.00122070
 0.00213623
 0.00305176
 0.00366211
 0.00457764
 0.00610352
 0.00732422
 0.00793457
 0.00823975
 0.00823975
 0.00762939
 0.00701904
 0.00671387
 0.00610352
 0.00579834
 0.00610352
 0.00640869
 0.00701904
 0.00793457
 0.00823975
 0.00885010
 0.00915527
 0.00946045
 0.00976563
 0.00976563
 0.00915527
 0.00885010
 0.00854492
 0.00793457
 0.00732422
 0.00701904
 0.00640869
 0.00579834
 0.00610352
 0.00701904
 0.00854492
 0.00915527
 0.00946045
 0.00976563
 0.00976563
 0.00976563
 0.00915527
 0.00854492
 0.00762939
 0.00701904
 0.00671387
 0.00640869
 0.00610352
 0.00549316
 0.00518799
 0.00488281
 0.00518799
 0.00610352
 0.00671387
 0.00762939
 0.00823975
 0.00793457
 0.00701904
 0.00579834
 0.00427246
 0.00305176
 0.00213623
 0.00122070
 0.00061035
 0.00000000
 0.00030518
 0.00061035
 0.00000000
-0.00091553
-0.00183105
-0.00183105
-0.00152588
-0.00122070
-0.00122070
-0.00183105
-0.00305176
-0.00396729
-0.00427246
-0.00518799
-0.00610352
-0.00610352
-0.00518799
-0.00396729
-0.00305176
-0.00244141
-0.00244141
-0.00244141
-0.00213623
-0.00244141
-0.00335693
-0.00366211
-0.00396729
-0.00427246
-0.00457764
-0.00518799
-0.00579834
-0.00640869
-0.00671387
-0.00671387
-0.00640869
-0.00518799
-0.00457764
-0.00427246
-0.00396729
-0.00427246
-0.00457764
-0.00518799
-0.00579834
-0.00610352
-0.00579834
-0.00518799
-0.00488281
-0.00457764
-0.00396729
-0.00335693
-0.00274658
-0.00244141
-0.00213623
-0.00152588
-0.00061035
 0.00000000
 0.00030518
 0.00000000
-0.00091553
-0.00213623
-0.00305176
-0.00335693
-0.00335693
-0.00274658
-0.00183105
-0.00122070
-0.00061035
 0.00000000
 0.00061035
 0.00091553
 0.00122070
 0.00122070
 0.00091553
 0.00091553
 0.00030518
-0.00030518
-0.00091553
-0.00183105
-0.00274658
-0.00305176
-0.00274658
-0.00244141
-0.00152588
-0.00030518
 0.00030518
 0.00030518
 0.00000000
 0.00000000
 0.00061035
 0.00091553
 0.00091553
 0.00091553
 0.00030518
-0.00061035
-0.00122070
-0.00122070
-0.00091553
-0.00122070
-0.00122070
-0.00091553
 0.00000000
 0.00030518
 0.00030518
-0.00030518
-0.00091553
-0.00091553
-0.00091553
-0.00122070
-0.00213623
-0.00244141
-0.00213623
-0.00213623
-0.00244141
-0.00274658
-0.00244141
-0.00213623
-0.00183105
-0.00122070
-0.00122070
-0.00122070
-0.00122070
-0.00122070
-0.00091553
-0.00122070
-0.00152588
-0.00152588
-0.00183105
-0.00213623
-0.00183105
-0.00183105
-0.00244141
-0.00244141
-0.00213623
-0.00213623
-0.00244141
-0.00274658
-0.00274658
-0.00305176
-0.00305176
-0.00366211
-0.00427246
-0.00396729
-0.00427246
-0.00488281
-0.00488281
-0.00427246
-0.00396729
-0.00396729
-0.00335693
-0.00305176
-0.00244141
-0.00213623
-0.00213623
-0.00152588
-0.00091553
-0.00061035
-0.00091553
-0.00091553
-0.00122070
-0.00122070
-0.00122070
-0.00091553
-0.00091553
-0.00091553
-0.00122070
-0.00152588
-0.00152588
-0.00122070
-0.00122070
-0.00152588
-0.00122070
-0.00122070
-0.00122070
-0.00122070
-0.00152588
-0.00152588
-0.00122070
-0.00122070
-0.00061035
-0.00030518
 0.00000000
 0.00061035
 0.00091553
 0.00091553
 0.00061035
 0.00091553
 0.00122070
 0.00152588
 0.00152588
 0.00152588
 0.00122070
 0.00152588
 0.00122070
 0.00122070
 0.00091553
 0.00152588
 0.00213623
 0.00244141
 0.00213623
 0.00122070
 0.00122070
 0.00122070
 0.00061035
 0.00000000
 0.00000000
 0.00030518
 0.00061035
 0.00061035
 0.00061035
 0.00061035
 0.00122070
 0.00152588
 0.00122070
 0.00061035
 0.00000000
 0.00030518
 0.00030518
-0.00030518
-0.00061035
-0.00122070
-0.00152588
-0.00091553
-0.00061035
-0.00030518
 0.00000000
 0.00061035
 0.00091553
 0.00091553
 0.00061035
 0.00000000
-0.00061035
-0.00122070
-0.00152588
-0.00152588
-0.00152588
-0.00152588
-0.00152588
-0.00183105
-0.00244141
-0.00213623
-0.00122070
-0.00061035
 0.00000000
 0.00030518
 0.00061035
 0.00030518
 0.00000000
 0.00000000
-0.00030518
-0.00030518
-0.00030518
 0.00000000
 0.00061035
 0.00122070
 0.00183105
 0.00183105
 0.00213623
 0.00244141
 0.00274658
 0.00244141
 0.00183105
 0.00122070
 0.00122070
 0.00152588
 0.00183105
 0.00152588
 0.00183105
 0.00183105
 0.00183105
 0.00122070
 0.00152588
 0.00244141
 0.00305176
 0.00335693
 0.00396729
 0.00366211
 0.00335693
 0.00274658
 0.00244141
 0.00213623
 0.00183105
 0.00213623
 0.00244141
 0.00274658
 0.00335693
 0.00366211
 0.00366211
 0.00427246
 0.00518799
 0.00549316
 0.00549316
 0.00549316
 0.00549316
 0.00518799
 0.00488281
 0.00488281
 0.00457764
 0.00427246
 0.00396729
 0.00366211
 0.00335693
 0.00335693
 0.00335693
 0.00335693
 0.00335693
 0.00396729
 0.00396729
 0.00396729
 0.00366211
 0.00274658
 0.00213623
 0.00183105
 0.00152588
 0.00091553
 0.00061035
 0.00061035
 0.00061035
 0.00091553
 0.00122070
 0.00122070
 0.00122070
 0.00122070
 0.00091553
 0.00091553
 0.00091553
 0.00091553
 0.00152588
 0.00122070
 0.00061035
-0.00061035
-0.00152588
-0.00213623
-0.00274658
-0.00305176
-0.00274658
-0.00244141
-0.00213623
-0.00244141
-0.00305176
-0.00335693
-0.00335693
-0.00335693
-0.00396729
-0.00427246
-0.00457764
-0.00457764
-0.00457764
-0.00457764
-0.00488281
-0.00518799
-0.00488281
-0.00518799
-0.00488281
-0.00457764
-0.00427246
-0.00427246
-0.00427246
-0.00396729
-0.00427246
-0.00488281
-0.00549316
-0.00549316
-0.00518799
-0.00488281
-0.00488281
-0.00488281
-0.00457764
-0.00427246
-0.00396729
-0.00427246
-0.00457764
-0.00457764
-0.00427246
-0.00396729
-0.00427246
-0.00488281
-0.00518799
-0.00549316
-0.00579834
-0.00610352
-0.00640869
-0.00579834
-0.00488281
-0.00427246
-0.00366211
-0.00335693
-0.00274658
-0.00213623
-0.00152588
-0.00152588
-0.00183105
-0.00213623
-0.00213623
-0.00213623
-0.00244141
-0.00244141
-0.00274658
-0.00274658
-0.00274658
-0.00274658
-0.00183105
-0.00122070
-0.00091553
-0.00061035
-0.00061035
-0.00030518
 0.00030518
 0.00030518
 0.00000000
-0.00030518
-0.00091553
-0.00091553
-0.00091553
-0.00061035
-0.00030518
-0.00030518
-0.00030518
 0.00030518
 0.00091553
 0.00122070
 0.00183105
 0.00244141
 0.00274658
 0.00274658
 0.00305176
 0.00244141
 0.00152588
 0.00122070
 0.00122070
 0.00091553
 0.00091553
 0.00091553
 0.00091553
 0.00091553
 0.00091553
 0.00091553
 0.00122070
 0.00122070
 0.00122070
 0.00061035
 0.00030518
-0.00030518
-0.00061035
-0.00061035
-0.00122070
-0.00152588
-0.00152588
-0.00152588
-0.00122070
-0.00061035
 0.00030518
 0.00091553
 0.00152588
 0.00152588
 0.00152588
 0.00152588
 0.00061035
 0.00000000
-0.00061035
-0.00122070
-0.00183105
-0.00183105
-0.00122070
-0.00030518
-0.00030518
-0.00091553
-0.00091553
-0.00091553
-0.00061035
-0.00030518
 0.00000000
 0.00000000
-0.00061035
-0.00091553
-0.00122070
-0.00183105
-0.00244141
-0.00335693
-0.00396729
-0.00457764
-0.00427246
-0.00366211
-0.00274658
-0.00183105
-0.00091553
-0.00091553
-0.00061035
-0.00030518
 0.00000000
 0.00030518
 0.00030518
 0.00000000
 0.00030518
 0.00030518
 0.00000000
-0.00061035
-0.00152588
-0.00152588
-0.00122070
-0.00091553
-0.00030518
 0.00000000
 0.00030518
 0.00030518
 0.00000000
-0.00030518
-0.00030518
-0.00030518
-0.00030518
-0.00061035
-0.00091553
-0.00061035
-0.00030518
 0.00030518
 0.00061035
 0.00091553
 0.00122070
 0.00183105
 0.00244141
 0.00244141
 0.00213623
 0.00152588
 0.00091553
 0.00091553
 0.00091553
 0.00152588
 0.00183105
 0.00183105
 0.00152588
 0.00122070
 0.00122070
 0.00122070
 0.00152588
 0.00152588
 0.00183105
 0.00213623
 0.00244141
 0.00213623
 0.00183105
 0.00152588
 0.00091553
 0.00091553
 0.00061035
 0.00000000
 0.00000000
 0.00061035
 0.00152588
 0.00183105
 0.00213623
 0.00183105
 0.00122070
 0.00091553
 0.00122070
 0.00091553
 0.00061035
 0.00122070
 0.00122070
 0.00122070
 0.00091553
 0.00061035
 0.00030518
 0.00030518
 0.00030518
 0.00061035
 0.00091553
 0.00091553
 0.00061035
 0.00000000
-0.00091553
-0.00183105
-0.00213623
-0.00183105
-0.00183105
-0.00183105
-0.00213623
-0.00213623
-0.00183105
-0.00152588
-0.00122070
-0.00152588
-0.00183105
-0.00183105
-0.00183105
-0.00183105
-0.00183105
-0.00213623
-0.00213623
-0.00244141
-0.00274658
-0.00305176
-0.00274658
-0.00244141
-0.00213623
-0.00183105
-0.00183105
-0.00152588
-0.00122070
-0.00122070
-0.00183105
-0.00213623
-0.00274658
-0.00305176
-0.00305176
-0.00366211
-0.00366211
-0.00335693
-0.00274658
-0.00274658
-0.00305176
-0.00274658
-0.00183105
-0.00091553
-0.00061035
-0.00030518
-0.00030518
-0.00030518
-0.00030518
 0.00000000
 0.00030518
 0.00030518
 0.00061035
 0.00091553
 0.00122070
 0.00122070
 0.00152588
 0.00183105
 0.00213623
 0.00244141
 0.00305176
 0.00366211
 0.00427246
 0.00457764
 0.00427246
 0.00305176
 0.00183105
 0.00152588
 0.00122070
 0.00122070
 0.00122070
 0.00122070
 0.00152588
 0.00152588
 0.00183105
 0.00213623
 0.00274658
 0.00335693
 0.00396729
 0.00396729
 0.00396729
 0.00366211
 0.00335693
 0.00335693
 0.00274658
 0.00213623
 0.00213623
 0.00244141
 0.00274658
 0.00305176
 0.00335693
 0.00335693
 0.00305176
 0.00213623
 0.00152588
 0.00183105
 0.00183105
 0.00183105
 0.00122070
 0.00091553
 0.00030518
 0.00000000
-0.00030518
-0.00030518
 0.00030518
 0.00030518
 0.00061035
 0.00091553
 0.00122070
 0.00152588
 0.00122070
 0.00091553
 0.00061035
 0.00030518
-0.00061035
-0.00122070
-0.00152588
-0.00122070
-0.00122070
-0.00122070
-0.00122070
-0.00091553
-0.00030518
 0.00000000
 0.00030518
 0.00091553
 0.00122070
 0.00091553
 0.00030518
-0.00030518
-0.00091553
-0.00183105
-0.00244141
-0.00335693
-0.00396729
-0.00366211
-0.00366211
-0.00366211
-0.00335693
-0.00305176
-0.00274658
-0.00244141
-0.00244141
-0.00244141
-0.00213623
-0.00213623
-0.00244141
-0.00335693
-0.00396729
-0.00427246
-0.00457764
-0.00488281
-0.00518799
-0.00457764
-0.00396729
-0.00335693
-0.00274658
-0.00183105
-0.00152588
-0.00122070
-0.00152588
-0.00183105
-0.00213623
-0.00244141
-0.00305176
-0.00366211
-0.00396729
-0.00396729
-0.00457764
-0.00518799
-0.00549316
-0.00549316
-0.00488281
-0.00427246
-0.00366211
-0.00305176
-0.00244141
-0.00244141
-0.00274658
-0.00274658
-0.00274658
-0.00305176
-0.00366211
-0.00396729
-0.00396729
-0.00366211
-0.00366211
-0.00335693
-0.00274658
-0.00213623
-0.00244141
-0.00183105
-0.00091553
-0.00030518
-0.00030518
-0.00030518
-0.00061035
-0.00061035
-0.00122070
-0.00152588
-0.00213623
-0.00244141
-0.00183105
-0.00091553
-0.00030518
 0.00061035
 0.00091553
 0.00061035
 0.00061035
 0.00122070
 0.00152588
 0.00183105
 0.00152588
 0.00152588
 0.00152588
 0.00183105
 0.00183105
 0.00183105
 0.00152588
 0.00152588
 0.00152588
 0.00244141
 0.00335693
 0.00366211
 0.00396729
 0.00427246
 0.00488281
 0.00488281
 0.00457764
 0.00396729
 0.00427246
 0.00396729
 0.00366211
 0.00335693
 0.00305176
 0.00274658
 0.00274658
 0.00274658
 0.00213623
 0.00213623
 0.00244141
 0.00366211
 0.00457764
 0.00488281
 0.00488281
 0.00488281
 0.00427246
 0.00335693
 0.00244141
 0.00244141
 0.00305176
 0.00335693
 0.00366211
 0.00366211
 0.00366211
 0.00396729
 0.00366211
 0.00335693
 0.00335693
 0.00366211
 0.00427246
 0.00427246
 0.00396729
 0.00335693
 0.00244141
 0.00122070
 0.00030518
 0.00000000
-0.00030518
-0.00061035
-0.00122070
-0.00183105
-0.00152588
-0.00091553
 0.00000000
 0.00061035
 0.00061035
 0.00091553
 0.00061035
 0.00030518
-0.00061035
-0.00122070
-0.00152588
-0.00122070
-0.00183105
-0.00244141
-0.00274658
-0.00305176
-0.00305176
-0.00274658
-0.00213623
-0.00183105
-0.00183105
-0.00122070
-0.00091553
-0.00061035
-0.00061035
-0.00091553
-0.00152588
-0.00213623
-0.00305176
-0.00427246
-0.00518799
-0.00549316
-0.00488281
-0.00457764
-0.00366211
-0.00274658
-0.00244141
-0.00305176
-0.00366211
-0.00366211
-0.00335693
-0.00305176
-0.00305176
-0.00305176
-0.00335693
-0.00396729
-0.00488281
-0.00549316
-0.00549316
-0.00518799
-0.00457764
-0.00366211
-0.00244141
-0.00213623
-0.00183105
-0.00122070
-0.00091553
-0.00091553
-0.00122070
-0.00183105
-0.00213623
-0.00244141
-0.00274658
-0.00244141
-0.00244141
-0.00274658
-0.00274658
-0.00274658
-0.00213623
-0.00152588
-0.00122070
-0.00091553
-0.00030518
 0.00091553
 0.00152588
 0.00183105
 0.00183105
 0.00152588
 0.00091553
 0.00091553
 0.00122070
 0.00152588
 0.00183105
 0.00183105
 0.00213623
 0.00183105
 0.00213623
 0.00305176
 0.00366211
 0.00366211
 0.00335693
 0.00305176
 0.00274658
 0.00244141
 0.00244141
 0.00244141
 0.00274658
 0.00305176
 0.00244141
 0.00213623
 0.00213623
 0.00213623
 0.00244141
 0.00244141
 0.00305176
 0.00366211
 0.00396729
 0.00427246
 0.00427246
 0.00396729
 0.00366211
 0.00305176
 0.00244141
 0.00183105
 0.00183105
 0.00183105
 0.00152588
 0.00152588
 0.00213623
 0.00244141
 0.00244141
 0.00183105
 0.00122070
 0.00091553
 0.00061035
 0.00061035
 0.00030518
 0.00061035
 0.00000000
-0.00061035
-0.00152588
-0.00213623
-0.00244141
-0.00244141
-0.00274658
-0.00213623
-0.00183105
-0.00183105
-0.00152588
-0.00152588
-0.00183105
-0.00213623
-0.00274658
-0.00274658
-0.00274658
-0.00244141
-0.00244141
-0.00244141
-0.00274658
-0.00366211
-0.00396729
-0.00396729
-0.00366211
-0.00335693
-0.00366211
-0.00366211
-0.00335693
-0.00335693
-0.00366211
-0.00396729
-0.00457764
-0.00549316
-0.00549316
-0.00549316
-0.00549316
-0.00518799
-0.00488281
-0.00518799
-0.00549316
-0.00579834
-0.00579834
-0.00579834
-0.00579834
-0.00518799
-0.00488281
-0.00427246
-0.00427246
-0.00457764
-0.00488281
-0.00457764
-0.00427246
-0.00396729
-0.00396729
-0.00366211
-0.00305176
-0.00274658
-0.00274658
-0.00335693
-0.00396729
-0.00335693
-0.00305176
-0.00244141
-0.00213623
-0.00122070
-0.00091553
-0.00091553
-0.00061035
-0.00091553
-0.00122070
-0.00122070
-0.00061035
-0.00030518
 0.00000000
-0.00030518
-0.00030518
 0.00061035
 0.00061035
 0.00061035
 0.00091553
 0.00183105
 0.00274658
 0.00366211
 0.00366211
 0.00396729
 0.00396729
 0.00427246
 0.00396729
 0.00366211
 0.00335693
 0.00366211
 0.00396729
 0.00427246
 0.00427246
 0.00457764
 0.00488281
 0.00457764
 0.00457764
 0.00457764
 0.00457764
 0.00488281
 0.00457764
 0.00457764
 0.00396729
 0.00335693
 0.00335693
 0.00366211
 0.00396729
 0.00396729
 0.00396729
 0.00366211
 0.00396729
 0.00427246
 0.00457764
 0.00488281
 0.00488281
 0.00457764
 0.00427246
 0.00488281
 0.00549316
 0.00518799
 0.00518799
 0.00457764
 0.00427246
 0.00396729
 0.00366211
 0.00396729
 0.00427246
 0.00396729
 0.00366211
 0.00366211
 0.00335693
 0.00305176
 0.00305176
 0.00335693
 0.00335693
 0.00244141
 0.00183105
 0.00183105
 0.00183105
 0.00091553
 0.00061035
 0.00091553
 0.00122070
 0.00122070
 0.00091553
 0.00091553
 0.00152588
 0.00213623
 0.00183105
 0.00152588
 0.00152588
 0.00122070
 0.00091553
 0.00091553
 0.00061035
 0.00000000
-0.00030518
-0.00091553
-0.00091553
-0.00091553
-0.00122070
-0.00061035
-0.00061035
-0.00061035
-0.00091553
-0.00091553
-0.00091553
-0.00122070
-0.00152588
-0.00213623
-0.00274658
-0.00305176
-0.00244141
-0.00244141
-0.00213623
-0.00183105
-0.00244141
-0.00305176
-0.00244141
-0.00183105
-0.00122070
-0.00091553
-0.00091553
-0.00122070
-0.00183105
-0.00183105
-0.00213623
-0.00244141
-0.00244141
-0.00274658
-0.00305176
-0.00335693
-0.00335693
-0.00274658
-0.00244141
-0.00305176
-0.00335693
-0.00366211
-0.00427246
-0.00457764
-0.00457764
-0.00396729
-0.00396729
-0.00396729
-0.00396729
-0.00396729
-0.00427246
-0.00427246
-0.00427246
-0.00396729
-0.00366211
-0.00335693
-0.00305176
-0.00305176
-0.00335693
-0.00335693
-0.00366211
-0.00366211
-0.00366211
-0.00335693
-0.00305176
-0.00274658
-0.00274658
-0.00305176
-0.00335693
-0.00366211
-0.00366211
-0.00335693
-0.00305176
-0.00274658
-0.00274658
-0.00305176
-0.00305176
-0.00274658
-0.00244141
-0.00244141
-0.00244141
-0.00244141
-0.00213623
-0.00213623
-0.00244141
-0.00305176
-0.00274658
-0.00244141
-0.00213623
-0.00183105
-0.00152588
-0.00030518
 0.00030518
 0.00061035
 0.00061035
 0.00061035
 0.00091553
 0.00122070
 0.00152588
 0.00122070
 0.00091553
 0.00061035
 0.00030518
 0.00030518
 0.00000000
 0.00000000
 0.00030518
 0.00061035
 0.00061035
 0.00091553
 0.00091553
 0.00152588
 0.00183105
 0.00213623
 0.00244141
 0.00244141
 0.00244141
 0.00213623
 0.00213623
 0.00213623
 0.00244141
 0.00274658
 0.00274658
 0.00274658
 0.00274658
 0.00335693
 0.00396729
 0.00396729
 0.00396729
 0.00396729
 0.00457764
 0.00488281
 0.00518799
 0.00518799
 0.00488281
 0.00488281
 0.00427246
 0.00366211
 0.00305176
 0.00274658
 0.00244141
 0.00244141
 0.00244141
 0.00274658
 0.00274658
 0.00305176
 0.00335693
 0.00366211
 0.00366211
 0.00366211
 0.00396729
 0.00366211
 0.00335693
 0.00335693
 0.00335693
 0.00335693
 0.00305176
 0.00305176
 0.00366211
 0.00427246
 0.00427246
 0.00427246
 0.00427246
 0.00396729
 0.00396729
 0.00396729
 0.00335693
 0.00305176
 0.00244141
 0.00152588
 0.00091553
 0.00122070
 0.00152588
 0.00091553
 0.00061035
 0.00061035
 0.00091553
 0.00152588
 0.00213623
 0.00183105
 0.00152588
 0.00122070
 0.00091553
 0.00000000
-0.00091553
-0.00152588
-0.00152588
-0.00152588
-0.00122070
-0.00183105
-0.00213623
-0.00213623
-0.00122070
-0.00061035
-0.00061035
-0.00061035
-0.00091553
-0.00152588
-0.00152588
-0.00183105
-0.00213623
-0.00244141
-0.00305176
-0.00305176
-0.00335693
-0.00366211
-0.00396729
-0.00427246
-0.00427246
-0.00427246
-0.00396729
-0.00366211
-0.00305176
-0.00305176
-0.00274658
-0.00305176
-0.00396729
-0.00427246
-0.00457764
-0.00427246
-0.00396729
-0.00427246
-0.00457764
-0.00457764
-0.00427246
-0.00366211
-0.00305176
-0.00305176
-0.00274658
-0.00244141
-0.00213623
-0.00213623
-0.00274658
-0.00335693
-0.00366211
-0.00396729
-0.00427246
-0.00427246
-0.00396729
-0.00366211
-0.00396729
-0.00396729
-0.00335693
-0.00274658
-0.00244141
-0.00213623
-0.00183105
-0.00183105
-0.00152588
-0.00152588
-0.00213623
-0.00244141
-0.00274658
-0.00274658
-0.00274658
-0.00213623
-0.00183105
-0.00122070
-0.00061035
 0.00000000
 0.00061035
 0.00091553
 0.00061035
 0.00000000
 0.00000000
 0.00030518
 0.00030518
 0.00030518
-0.00030518
-0.00061035
-0.00030518
-0.00061035
-0.00030518
 0.00030518
 0.00061035
 0.00122070
 0.00152588
 0.00152588
 0.00152588
 0.00152588
 0.00122070
 0.00091553
 0.00061035
 0.00030518
 0.00030518
 0.00091553
 0.00152588
 0.00183105
 0.00213623
 0.00213623
 0.00274658
 0.00335693
 0.00396729
 0.00427246
 0.00396729
 0.00366211
 0.00396729
 0.00366211
 0.00335693
 0.00305176
 0.00244141
 0.00213623
 0.00183105
 0.00183105
 0.00183105
 0.00213623
 0.00305176
 0.00335693
 0.00396729
 0.00457764
 0.00427246
 0.00335693
 0.00274658
 0.00274658
 0.00244141
 0.00244141
 0.00213623
 0.00152588
 0.00122070
 0.00122070
 0.00152588
 0.00183105
 0.00183105
 0.00244141
 0.00305176
 0.00366211
 0.00396729
 0.00427246
 0.00427246
 0.00427246
 0.00366211
 0.00335693
 0.00244141
 0.00152588
 0.00091553
 0.00091553
 0.00061035
 0.00091553
 0.00091553
 0.00152588
 0.00213623
 0.00183105
 0.00213623
 0.00213623
 0.00213623
 0.00152588
 0.00091553
 0.00061035
 0.00061035
 0.00000000
-0.00030518
-0.00030518
-0.00030518
-0.00030518
-0.00061035
-0.00030518
 0.00000000
 0.00061035
 0.00061035
 0.00061035
 0.00061035
 0.00091553
 0.00061035
 0.00000000
 0.00000000
 0.00000000
-0.00091553
-0.00213623
-0.00213623
-0.00213623
-0.00183105
-0.00152588
-0.00122070
-0.00091553
-0.00122070
-0.00152588
-0.00122070
-0.00091553
-0.00091553
-0.00091553
-0.00091553
-0.00122070
-0.00152588
-0.00183105
-0.00183105
-0.00213623
-0.00213623
-0.00213623
-0.00244141
-0.00274658
-0.00213623
-0.00122070
-0.00091553
-0.00091553
-0.00091553
-0.00061035
-0.00091553
-0.00061035
-0.00030518
-0.00030518
-0.00122070
-0.00152588
-0.00122070
-0.00122070
-0.00152588
-0.00213623
-0.00274658
-0.00274658
-0.00213623
-0.00183105
-0.00183105
-0.00152588
-0.00152588
-0.00152588
-0.00183105
-0.00213623
-0.00183105
-0.00213623
-0.00152588
-0.00122070
-0.00091553
-0.00122070
-0.00152588
-0.00152588
-0.00091553
-0.00030518
-0.00030518
-0.00061035
-0.00030518
-0.00030518
-0.00061035
-0.00061035
-0.00061035
-0.00030518
-0.00030518
 0.00000000
 0.00061035
 0.00061035
 0.00000000
-0.00030518
 0.00000000
 0.00030518
 0.00091553
 0.00122070
 0.00122070
 0.00122070
 0.00091553
 0.00030518
-0.00030518
-0.00030518
-0.00030518
 0.00000000
 0.00000000
 0.00030518
 0.00030518
 0.00000000
 0.00000000
 0.00030518
 0.00030518
 0.00061035
 0.00030518
 0.00030518
 0.00061035
 0.00061035
 0.00061035
 0.00030518
 0.00030518
 0.00000000
 0.00000000
 0.00000000
 0.00000000
 0.00000000
 0.00030518
 0.00000000
 0.00000000
 0.00000000
-0.00061035
-0.00122070
-0.00122070
-0.00091553
-0.00091553
-0.00030518
 0.00030518
 0.00061035
 0.00030518
 0.00000000
-0.00061035
-0.00091553
-0.00030518
 0.00061035
 0.00091553
 0.00030518
-0.00030518
-0.00061035
-0.00091553
-0.00122070
-0.00061035
-0.00061035
-0.00061035
-0.00030518
 0.00061035
 0.00122070
 0.00091553
 0.00061035
 0.00030518
 0.00030518
 0.00061035
 0.00030518
-0.00030518
-0.00061035
-0.00061035
-0.00061035
-0.00030518
 0.00000000
-0.00030518
-0.00061035
-0.00091553
-0.00061035
-0.00030518
-0.00030518
 0.00000000
 0.00030518
 0.00030518
 0.00030518
 0.00000000
 0.00000000
-0.00030518
 0.00000000
 0.00030518
 0.00030518
 0.00061035
 0.00091553
 0.00122070
 0.00091553
 0.00061035
 0.00061035
 0.00091553
 0.00030518
 0.00000000
 0.00000000
 0.00061035
 0.00091553
 0.00091553
 0.00061035
 0.00030518
 0.00000000
 0.00030518
 0.00000000
 0.00030518
 0.00030518
 0.00030518
 0.00030518
 0.00030518
 0.00030518
 0.00000000
 0.00030518
 0.00030518
 0.00030518
 0.00030518
 0.00061035
 0.00061035
 0.00061035
 0.00030518
 0.00030518
 0.00000000
 0.00000000
-0.00030518
-0.00061035
-0.00061035
 0.00000000
 0.00000000
 0.00000000
 0.00030518
 0.00061035
 0.00091553
 0.00091553
 0.00030518
-0.00030518
-0.00061035
-0.00122070
-0.00152588
-0.00152588
-0.00183105
-0.00183105
-0.00183105
-0.00183105
-0.00152588
-0.00122070
-0.00091553
-0.00030518
 0.00000000
 0.00000000
-0.00030518
-0.00061035
-0.00061035
-0.00061035
-0.00091553
-0.00122070
-0.00122070
-0.00091553
-0.00061035
-0.00061035
-0.00061035
-0.00030518
 0.00000000
 0.00000000
 0.00030518
 0.00061035
 0.00030518
-0.00030518
-0.00061035
-0.00091553
-0.00152588
-0.00183105
-0.00183105
-0.00183105
-0.00122070
-0.00091553
-0.00061035
-0.00030518
-0.00030518
 0.00030518
 0.00091553
 0.00091553
 0.00122070
 0.00152588
 0.00122070
 0.00030518
-0.00030518
-0.00030518
-0.00061035
-0.00091553
-0.00091553
 0.00000000
 0.00061035
 0.00091553
 0.00091553
 0.00091553
 0.00122070
 0.00152588
 0.00152588
 0.00122070
 0.00091553
 0.00122070
 0.00122070
 0.00030518
-0.00091553
-0.00152588
-0.00122070
-0.00061035
 0.00000000
 0.00000000
 0.00030518
 0.00061035
 0.00122070
 0.00183105
 0.00183105
 0.00122070
 0.00091553
 0.00122070
 0.00122070
 0.00091553
 0.00030518
 0.00000000
 0.00000000
 0.00061035
 0.00091553
 0.00122070
 0.00152588
 0.00152588
 0.00183105
 0.00213623
 0.00183105
 0.00152588
 0.00122070
 0.00122070
 0.00091553
 0.00030518
-0.00030518
-0.00061035
-0.00061035
-0.00030518
-0.00030518
-0.00091553
-0.00091553
-0.00091553
-0.00061035
 0.00000000
 0.00030518
 0.00000000
 0.00000000
-0.00030518
-0.00061035
-0.00091553
-0.00091553
-0.00122070
-0.00091553
-0.00122070
-0.00122070
-0.00091553
-0.00061035
-0.00030518
-0.00030518
-0.00030518
-0.00030518
-0.00030518
 0.00000000
 0.00000000
-0.00091553
-0.00152588
-0.00213623
-0.00213623
-0.00213623
-0.00183105
-0.00213623
-0.00244141
-0.00274658
-0.00305176
-0.00244141
-0.00122070
-0.00030518
 0.00030518
 0.00000000
-0.00030518
-0.00030518
-0.00061035
-0.00091553
-0.00091553
-0.00122070
-0.00152588
-0.00213623
-0.00213623
-0.00152588
-0.00091553
-0.00091553
-0.00061035
-0.00030518
 0.00030518
 0.00061035
 0.00030518
 0.00030518
 0.00000000
-0.00030518
-0.00061035
-0.00122070
-0.00122070
-0.00152588
-0.00152588
-0.00152588
-0.00122070
-0.00091553
-0.00030518
 0.00000000
 0.00000000
 0.00030518
 0.00061035
 0.00061035
 0.00061035
