-0.00061035
-0.00061035
-0.00061035
-0.00030518
 0.00000000
 0.00000000
 0.00000000
 0.00030518
 0.00061035
 0.00061035
 0.00030518
-0.00030518
-0.00030518
-0.00030518
 0.00000000
 0.00030518
 0.00030518
 0.00000000
-0.00030518
-0.00030518
 0.00000000
 0.00030518
 0.00000000
 0.00000000
 0.00000000
 0.00030518
 0.00061035
 0.00030518
 0.00030518
 0.00061035
 0.00061035
 0.00030518
 0.00000000
 0.00000000
 0.00030518
 0.00000000
 0.00000000
 0.00030518
 0.00030518
 0.00000000
 0.00030518
 0.00030518
 0.00030518
 0.00061035
 0.00061035
 0.00061035
 0.00030518
 0.00000000
 0.00000000
 0.00030518
 0.00061035
 0.00030518
 0.00030518
 0.00030518
 0.00030518
 0.00000000
 0.00000000
 0.00030518
 0.00030518
 0.00061035
 0.00061035
 0.00030518
 0.00000000
 0.00030518
 0.00061035
 0.00030518
 0.00030518
 0.00000000
 0.00000000
-0.00030518
-0.00061035
 0.00000000
 0.00030518
 0.00030518
 0.00000000
 0.00000000
 0.00000000
 0.00030518
 0.00030518
 0.00061035
 0.00030518
-0.00030518
-0.00061035
-0.00061035
 0.00000000
 0.00030518
 0.00061035
 0.00061035
 0.00030518
 0.00030518
 0.00030518
 0.00030518
 0.00061035
 0.00061035
 0.00122070
 0.00335693
 0.00946045
 0.02349854
 0.05157471
 0.09704590
 0.15930176
 0.22888184
 0.27954102
 0.24200439
 0.00457764
-0.41320801
-0.95642090
-1.52587891
-1.98394775
-2.21923828
-2.16064453
-1.80541992
-1.21490479
-0.48828125
 0.20599365
 0.78216553
 0.88806152
 0.63598633
 0.56182861
 0.87249756
 1.38214111
 1.90704346
 2.25341797
 2.19024658
 1.60858154
 0.62133789
-0.57891846
-1.73034668
-2.40570068
-2.43255615
-1.89666748
-0.99792480
 0.00915527
 0.80078125
 1.28967285
 1.35833740
 1.19354248
 1.13494873
 1.11236572
 1.01287842
 0.91918945
 0.88836670
 0.79650879
 0.42999268
-0.30609131
-1.19171143
-1.89758301
-2.16522217
-1.96166992
-1.29058838
-0.06591797
 1.08917236
 2.23571777
 2.94250488
 2.90985107
 1.93756104
 0.76354980
 0.18463135
-0.27801514
-0.43823242
-0.31097412
-0.05096436
 0.26397705
 0.50262451
 0.25207520
-0.35247803
-0.96374512
-1.11968994
-0.71502686
 0.32958984
 1.24938965
 2.22808838
 2.69866943
 2.19970703
 0.84594727
-0.30334473
-0.97625732
-1.20574951
-1.23840332
-1.06964111
-0.68786621
-0.17425537
 0.39947510
 0.93750000
 1.26098633
 1.28112793
 1.19445801
 1.23840332
 1.33666992
 1.26678467
 0.82733154
 0.01708984
-0.91674805
-1.64031982
-1.96929932
-1.90338135
-1.55944824
-1.11755371
-0.72021484
-0.42816162
-0.22369385
 0.16937256
 0.56762695
 0.89508057
 0.97015381
 0.73883057
 0.40161133
 0.11505127
-0.28289795
-0.75347900
-1.35101318
-1.89941406
-2.19818115
-2.12341309
-1.64031982
-0.82672119
 0.25817871
 1.05804443
 1.68762207
 1.74102783
 1.18591309
 0.61981201
 0.36529541
 0.10650635
-0.28350830
-0.64086914
-0.91033936
-1.00799561
-1.00616455
-0.96862793
-0.92437744
-0.84381104
-0.63476563
-0.17791748
 0.37170410
 0.91125488
 1.20422363
 0.92376709
 0.21850586
-0.63476563
-1.20605469
-1.53259277
-1.65283203
-1.63421631
-1.51062012
-1.23657227
-0.77362061
-0.19989014
 0.42144775
 0.92926025
 1.13189697
 0.98541260
 0.65368652
 0.35766602
 0.03356934
-0.35858154
-0.73577881
-1.10015869
-1.42852783
-1.70196533
-1.83410645
-1.72729492
-1.35345459
-0.77972412
-0.10131836
 0.65338135
 1.33789063
 1.80541992
 1.85974121
 1.48223877
 0.87646484
 0.25451660
-0.39855957
-0.88592529
-1.14715576
-1.22833252
-1.18927002
-1.07208252
-0.86547852
-0.53283691
-0.01892090
 0.54290771
 1.13494873
 1.60125732
 1.78894043
 1.71234131
 1.54296875
 1.34155273
 1.01501465
 0.48400879
-0.17486572
-0.86181641
-1.33178711
-1.47644043
-1.26190186
-0.72235107
 0.11779785
 0.88562012
 1.65924072
 2.16247559
 2.12799072
 1.65863037
 1.20422363
 0.87219238
 0.50354004
 0.05859375
-0.36834717
-0.66162109
-0.80932617
-0.82305908
-0.70098877
-0.45288086
-0.14648438
 0.24414063
 0.69366455
 1.15509033
 1.55914307
 1.74652100
 1.58782959
 1.16363525
 0.63934326
 0.10711670
-0.50933838
-1.04492188
-1.41052246
-1.53320313
-1.37359619
-0.95672607
-0.34973145
 0.27587891
 0.85693359
 1.20147705
 1.27624512
 1.24908447
 1.23901367
 1.16546631
 0.88653564
 0.37506104
-0.23834229
-0.82244873
-1.21246338
-1.32934570
-1.14654541
-0.71685791
-0.15075684
 0.45684814
 1.01928711
 1.37207031
 1.43707275
 1.28417969
 1.04003906
 0.75073242
 0.39489746
-0.01739502
-0.42938232
-0.81390381
-1.20178223
-1.59729004
-1.90521240
-1.98059082
-1.74926758
-1.24450684
-0.54321289
 0.20202637
 0.90606689
 1.33666992
 1.21734619
 0.63323975
 0.14038086
-0.42785645
-0.80932617
-1.04553223
-1.12976074
-1.07482910
-0.94329834
-0.79864502
-0.69183350
-0.61309814
-0.49438477
-0.24658203
 0.14923096
 0.63201904
 1.10504150
 1.38641357
 1.29119873
 0.80566406
 0.19805908
-0.52886963
-1.12518311
-1.47308350
-1.52923584
-1.30828857
-0.89294434
-0.39855957
 0.01434326
 0.51696777
 0.73791504
 0.80139160
 0.80596924
 0.82946777
 0.86944580
 0.88531494
 0.82092285
 0.63476563
 0.31066895
-0.11901855
-0.55145264
-0.86761475
-0.97015381
-0.81970215
-0.45410156
 0.02258301
 0.56884766
 0.99609375
 1.18438721
 1.11175537
 0.89263916
 0.64025879
 0.38055420
 0.11444092
-0.12542725
-0.32409668
-0.49072266
-0.60638428
-0.65246582
-0.61370850
-0.48126221
-0.29296875
-0.02563477
 0.32714844
 0.69213867
 0.98876953
 1.18865967
 1.24603271
 1.16577148
 0.97900391
 0.72540283
 0.43182373
 0.13641357
-0.15716553
-0.34606934
-0.36132813
-0.15258789
 0.21514893
 0.71868896
 1.22619629
 1.60064697
 1.71142578
 1.56402588
 1.30096436
 1.03088379
 0.75927734
 0.48248291
 0.23559570
-0.02014160
-0.20812988
-0.33599854
-0.38574219
-0.37780762
-0.33721924
-0.27862549
-0.13885498
 0.07995605
 0.37048340
 0.66375732
 0.84960938
 0.81939697
 0.53649902
 0.12939453
-0.41809082
-0.88012695
-1.19903564
-1.34185791
-1.30981445
-1.13189697
-0.85418701
-0.53466797
-0.28686523
-0.09185791
 0.03021240
 0.08148193
 0.10040283
 0.08087158
 0.00946045
-0.12695313
-0.33538818
-0.63659668
-0.98388672
-1.25183105
-1.36810303
-1.29669189
-1.05804443
-0.70007324
-0.33996582
-0.05035400
 0.23895264
 0.37536621
 0.33477783
 0.20385742
-0.08056641
-0.46173096
-0.78674316
-1.04461670
-1.19415283
-1.21856689
-1.12640381
-0.93505859
-0.68847656
-0.42327881
-0.23498535
 0.00732422
 0.21484375
 0.37017822
 0.37200928
 0.30883789
 0.07171631
-0.26367188
-0.58990479
-0.85235596
-1.05651855
-1.18286133
-1.21246338
-1.13372803
-0.94329834
-0.66162109
-0.37292480
-0.10894775
 0.18127441
 0.42236328
 0.44647217
 0.38238525
 0.27832031
 0.03051758
-0.24627686
-0.48797607
-0.63079834
-0.66528320
-0.59020996
-0.42938232
-0.26550293
-0.04577637
 0.20660400
 0.48187256
 0.71685791
 0.92498779
 1.06506348
 1.09649658
 0.99975586
 0.79193115
 0.52551270
 0.28564453
 0.06439209
-0.08697510
-0.16174316
-0.17028809
-0.11230469
 0.01342773
 0.21240234
 0.47668457
 0.72479248
 0.93688965
 1.08093262
 1.13647461
 1.10778809
 0.99914551
 0.81878662
 0.56976318
 0.28594971
-0.00793457
-0.25390625
-0.40924072
-0.43548584
-0.34332275
-0.17456055
 0.05310059
 0.34210205
 0.55694580
 0.66589355
 0.68695068
 0.63537598
 0.53405762
 0.40008545
 0.23315430
 0.07385254
-0.08392334
-0.23071289
-0.35278320
-0.41900635
-0.40649414
-0.31097412
-0.13580322
 0.11535645
 0.46112061
 0.69458008
 0.81054688
 0.77911377
 0.62042236
 0.38970947
 0.12878418
-0.14251709
-0.36499023
-0.52307129
-0.59875488
-0.58990479
-0.49987793
-0.35278320
-0.18707275
 0.02105713
 0.23193359
 0.42053223
 0.50567627
 0.50903320
 0.42236328
 0.26397705
-0.00732422
-0.31463623
-0.61218262
-0.86761475
-1.02569580
-1.06231689
-0.97259521
-0.78430176
-0.53619385
-0.30975342
-0.12023926
 0.03692627
 0.11474609
 0.13122559
 0.05950928
-0.11108398
-0.32592773
-0.53070068
-0.71502686
-0.84869385
-0.91522217
-0.90179443
-0.80474854
-0.63201904
-0.41381836
-0.19897461
 0.04913330
 0.28991699
 0.44952393
 0.48278809
 0.42541504
 0.32287598
 0.15563965
-0.05310059
-0.21820068
-0.36468506
-0.42480469
-0.40679932
-0.32073975
-0.18341064
 0.00244141
 0.20904541
 0.41442871
 0.51269531
 0.55053711
 0.53497314
 0.47424316
 0.37170410
 0.22949219
 0.08666992
-0.03753662
-0.11962891
-0.14373779
-0.11047363
-0.02166748
 0.11688232
 0.31280518
 0.51971436
 0.68206787
 0.80230713
 0.85144043
 0.81237793
 0.68420410
 0.48095703
 0.23742676
-0.02349854
-0.24871826
-0.41809082
-0.49865723
-0.49194336
-0.40130615
-0.27221680
-0.07263184
 0.15319824
 0.42694092
 0.59997559
 0.69793701
 0.71960449
 0.67291260
 0.58013916
 0.45318604
 0.31250000
 0.17486572
 0.06347656
 0.00366211
 0.00457764
 0.06744385
 0.19195557
 0.41320801
 0.60760498
 0.78277588
 0.91278076
 0.98419189
 0.98510742
 0.90698242
 0.75469971
 0.54046631
 0.30212402
 0.05523682
-0.15716553
-0.31280518
-0.40588379
-0.41748047
-0.36254883
-0.27618408
-0.13488770
 0.02685547
 0.17700195
 0.29449463
 0.32989502
 0.29754639
 0.16632080
-0.01770020
-0.18829346
-0.32409668
-0.43212891
-0.49591064
-0.51116943
-0.47302246
-0.38238525
-0.28564453
-0.14495850
-0.00427246
 0.11474609
 0.19592285
 0.22888184
 0.19805908
 0.09094238
-0.06225586
-0.22430420
-0.39306641
-0.55541992
-0.67749023
-0.73852539
-0.73181152
-0.65948486
-0.53985596
-0.38757324
-0.25390625
-0.08636475
 0.06805420
 0.18341064
 0.24414063
 0.26062012
 0.20629883
 0.09887695
-0.01220703
-0.10833740
-0.20446777
-0.29113770
-0.35095215
-0.35949707
-0.31250000
-0.21759033
-0.07232666
 0.09460449
 0.27252197
 0.39215088
 0.40924072
 0.36651611
 0.30548096
 0.16021729
-0.00946045
-0.16632080
-0.32348633
-0.45898438
-0.55358887
-0.59997559
-0.59814453
-0.55694580
-0.48797607
-0.40435791
-0.31616211
-0.22552490
-0.13885498
-0.07904053
-0.05432129
-0.09979248
-0.21759033
-0.35491943
-0.47241211
-0.56030273
-0.60852051
-0.60150146
-0.54290771
-0.43365479
-0.31829834
-0.16174316
 0.01556396
 0.17944336
 0.32012939
 0.38238525
 0.38848877
 0.35644531
 0.31005859
 0.20843506
 0.09918213
-0.01342773
-0.11199951
-0.17120361
-0.18066406
-0.14129639
-0.05676270
 0.06225586
 0.19653320
 0.35522461
 0.44311523
 0.48614502
 0.47943115
 0.41778564
 0.30883789
 0.15411377
 0.00000000
-0.14526367
-0.26275635
-0.34393311
-0.35827637
-0.32287598
-0.25085449
-0.14160156
-0.01129150
 0.12298584
 0.24475098
 0.32989502
 0.35400391
 0.33752441
 0.27954102
 0.14984131
 0.02655029
-0.08331299
-0.18096924
-0.24932861
-0.27465820
-0.25390625
-0.18707275
-0.07843018
 0.05493164
 0.18768311
 0.30609131
 0.36560059
 0.36590576
 0.33477783
 0.26550293
 0.13000488
-0.00366211
-0.13366699
-0.24536133
-0.32104492
-0.33721924
-0.29907227
-0.22033691
-0.10528564
 0.03051758
 0.17089844
 0.30609131
 0.40374756
 0.45501709
 0.45166016
 0.39062500
 0.27770996
 0.12054443
-0.02716064
-0.15686035
-0.25268555
-0.30731201
-0.31433105
-0.28594971
-0.22705078
-0.14190674
-0.04058838
 0.06408691
 0.15350342
 0.20996094
 0.23071289
 0.18981934
 0.09643555
-0.00854492
-0.10559082
-0.20355225
-0.29266357
-0.35675049
-0.37994385
-0.36071777
-0.31036377
-0.23986816
-0.14434814
-0.03875732
 0.06561279
 0.15258789
 0.20874023
 0.23254395
 0.19836426
 0.11657715
 0.03295898
-0.03051758
-0.07873535
-0.10803223
-0.11474609
-0.09918213
-0.06317139
-0.00885010
 0.06378174
 0.14953613
 0.23681641
 0.30456543
 0.32562256
 0.31372070
 0.21606445
 0.09521484
-0.00854492
-0.09948730
-0.18218994
-0.25115967
-0.30242920
-0.33569336
-0.34118652
-0.31707764
-0.27557373
-0.21759033
-0.15533447
-0.10314941
-0.07171631
-0.08148193
-0.13854980
-0.21057129
-0.27404785
-0.33691406
-0.39398193
-0.43212891
-0.44342041
-0.41748047
-0.35949707
-0.29693604
-0.19378662
-0.06805420
 0.06561279
 0.18981934
 0.28656006
 0.33813477
 0.33996582
 0.27679443
 0.18554688
 0.11383057
 0.06195068
 0.02502441
 0.00946045
 0.01770020
 0.05004883
 0.10559082
 0.18402100
 0.29449463
 0.40740967
 0.48950195
 0.53741455
 0.55206299
 0.54016113
 0.50598145
 0.45562744
 0.38696289
 0.30395508
 0.21759033
 0.14892578
 0.11199951
 0.11047363
 0.14038086
 0.19531250
 0.26458740
 0.35217285
 0.39672852
 0.41809082
 0.40954590
 0.37078857
 0.29357910
 0.20080566
 0.09918213
-0.00457764
-0.09216309
-0.15167236
-0.17944336
-0.17547607
-0.14251709
-0.08483887
-0.00793457
 0.07873535
 0.16052246
 0.22216797
 0.25909424
 0.24932861
 0.18951416
 0.11535645
 0.05126953
-0.00915527
-0.06622314
-0.11016846
-0.13153076
-0.12573242
-0.09124756
-0.02868652
 0.05920410
 0.16296387
 0.27252197
 0.36437988
 0.41198730
 0.42602539
 0.40496826
 0.35217285
 0.26702881
 0.18280029
 0.10559082
 0.04669189
 0.01556396
 0.00976563
 0.02197266
 0.04608154
 0.07598877
 0.10772705
 0.14007568
 0.17059326
 0.19500732
 0.20233154
 0.17944336
 0.12023926
 0.03143311
-0.07324219
-0.18127441
-0.27923584
-0.35644531
-0.39947510
-0.41076660
-0.39001465
-0.34515381
-0.30273438
-0.24719238
-0.19775391
-0.16174316
-0.15167236
-0.17608643
-0.21636963
-0.25268555
-0.28869629
-0.33203125
-0.37353516
-0.40374756
-0.41473389
-0.40344238
-0.37078857
-0.32257080
-0.26977539
-0.19989014
-0.12725830
-0.06347656
-0.01770020
-0.00335693
-0.04028320
-0.11322021
-0.18829346
-0.25512695
-0.31616211
-0.36041260
-0.38055420
-0.37597656
-0.35552979
-0.32379150
-0.28106689
-0.22430420
-0.15686035
-0.08300781
-0.01159668
 0.04547119
 0.07904053
 0.06744385
 0.01068115
-0.05493164
-0.10620117
-0.14770508
-0.17761230
-0.18798828
-0.17700195
-0.14648438
-0.10192871
-0.04791260
 0.00976563
 0.06561279
 0.11413574
 0.14556885
 0.14770508
 0.12207031
 0.08331299
 0.03723145
-0.01770020
-0.07415771
-0.12054443
-0.14831543
-0.15411377
-0.13702393
-0.09857178
-0.04089355
 0.03295898
 0.11810303
 0.20477295
 0.27923584
 0.32318115
 0.33966064
 0.33386230
 0.31097412
 0.27648926
 0.24353027
 0.20874023
 0.17395020
 0.14770508
 0.13793945
 0.14953613
 0.18280029
 0.23284912
 0.30029297
 0.36682129
 0.40557861
 0.41564941
 0.39825439
 0.35980225
 0.30303955
 0.24047852
 0.17303467
 0.10284424
 0.04180908
-0.00213623
-0.02532959
-0.02716064
-0.00976563
 0.02349854
 0.06805420
 0.12084961
 0.17730713
 0.23010254
 0.26916504
 0.27282715
 0.23132324
 0.16448975
 0.09460449
 0.02563477
-0.03723145
-0.08300781
-0.10406494
-0.10131836
-0.07873535
-0.04302979
-0.00152588
 0.03692627
 0.06164551
 0.05737305
 0.02410889
-0.02471924
-0.08117676
-0.14709473
-0.21911621
-0.29022217
-0.35400391
-0.40649414
-0.43975830
-0.44525146
-0.42236328
-0.37780762
-0.32318115
-0.26214600
-0.18676758
-0.11627197
-0.06072998
-0.02655029
-0.03631592
-0.09704590
-0.17517090
-0.24169922
-0.29907227
-0.34362793
-0.35980225
-0.35034180
-0.32135010
-0.28411865
-0.23223877
-0.17456055
-0.11810303
-0.06988525
-0.04119873
-0.05187988
-0.10223389
-0.16387939
-0.22277832
-0.28137207
-0.33843994
-0.38024902
-0.40466309
-0.41320801
-0.40313721
-0.37384033
-0.32806396
-0.27587891
-0.20324707
-0.12359619
-0.04974365
 0.00274658
 0.02380371
-0.00854492
-0.07904053
-0.14038086
-0.17639160
-0.19073486
-0.18249512
-0.15197754
-0.10406494
-0.04516602
 0.01800537
 0.07843018
 0.13122559
 0.17089844
 0.18585205
 0.17333984
 0.14831543
 0.11993408
 0.08575439
 0.04638672
 0.00915527
-0.02044678
-0.03845215
-0.03997803
-0.02136230
 0.01770020
 0.07690430
 0.15502930
 0.24719238
 0.35827637
 0.42724609
 0.46508789
 0.46936035
 0.44250488
 0.39672852
 0.33843994
 0.29144287
 0.26000977
 0.24871826
 0.26062012
 0.29449463
 0.34759521
 0.40496826
 0.46081543
 0.51086426
 0.54687500
 0.56213379
 0.55664063
 0.52642822
 0.47760010
 0.41687012
 0.34942627
 0.27374268
 0.20385742
 0.14404297
 0.10253906
 0.08636475
 0.09704590
 0.13275146
 0.18676758
 0.25085449
 0.31921387
 0.35919189
 0.37048340
 0.35125732
 0.30303955
 0.23712158
 0.17669678
 0.12115479
 0.07751465
 0.05187988
 0.04455566
 0.05249023
 0.07202148
 0.09857178
 0.12817383
 0.15502930
 0.17333984
 0.17669678
 0.15930176
 0.12023926
 0.06256104
-0.01129150
-0.09613037
-0.18676758
-0.27374268
-0.35095215
-0.40161133
-0.41870117
-0.39886475
-0.35034180
-0.30212402
-0.23254395
-0.16723633
-0.11993408
-0.09918213
-0.12451172
-0.18463135
-0.24230957
-0.28503418
-0.32409668
-0.35278320
-0.36407471
-0.35766602
-0.33050537
-0.29479980
-0.24230957
-0.18066406
-0.11505127
-0.05249023
 0.00030518
 0.03631592
 0.03814697
 0.00183105
-0.04821777
-0.09460449
-0.14129639
-0.18707275
-0.22369385
-0.24566650
-0.24902344
-0.23284912
-0.19866943
-0.14984131
-0.09155273
-0.03143311
 0.02288818
 0.06347656
 0.07781982
 0.06011963
 0.02960205
 0.00183105
-0.02593994
-0.05432129
-0.07537842
-0.08056641
-0.06683350
-0.03631592
 0.00610352
 0.05493164
 0.10314941
 0.14282227
 0.16113281
 0.15014648
 0.12237549
 0.09155273
 0.05828857
 0.02105713
-0.01647949
-0.04913330
-0.07324219
-0.08605957
-0.08514404
-0.06896973
-0.03906250
 0.00274658
 0.05218506
 0.10437012
 0.15136719
 0.18188477
 0.18157959
 0.15350342
 0.11962891
 0.09094238
 0.06622314
 0.04791260
 0.04272461
 0.05462646
 0.08300781
 0.12512207
 0.17700195
 0.23345947
 0.28930664
 0.33416748
 0.36224365
 0.37780762
 0.37658691
 0.36132813
 0.33081055
 0.28839111
 0.23895264
 0.18646240
 0.13946533
 0.10345459
 0.08148193
 0.07507324
 0.08270264
 0.10101318
 0.12359619
 0.14251709
 0.14739990
 0.13122559
 0.09582520
 0.04791260
-0.00762939
-0.06652832
-0.12329102
-0.17181396
-0.20721436
-0.22766113
-0.23315430
-0.22430420
-0.20324707
-0.17395020
-0.13977051
-0.10620117
-0.07751465
-0.05920410
-0.05432129
-0.06347656
-0.08544922
-0.11871338
-0.15899658
-0.20019531
-0.23498535
-0.25909424
-0.26947021
-0.26580811
-0.25146484
-0.22979736
-0.20599365
-0.18463135
-0.17211914
-0.17120361
-0.18096924
-0.19775391
-0.21881104
-0.24230957
-0.26641846
-0.28808594
-0.30303955
-0.30822754
-0.30181885
-0.28442383
-0.25695801
-0.22247314
-0.18371582
-0.14434814
-0.10772705
-0.07843018
-0.06103516
-0.05737305
-0.06591797
-0.08361816
-0.10650635
-0.13000488
-0.14923096
-0.16052246
-0.16235352
-0.15411377
-0.13610840
-0.10925293
-0.07629395
-0.04150391
-0.01129150
 0.00701904
 0.00701904
-0.00854492
-0.03295898
-0.06103516
-0.08911133
-0.11474609
-0.13397217
-0.14343262
-0.14099121
-0.12756348
-0.10314941
-0.07080078
-0.03326416
 0.00610352
 0.04394531
 0.07537842
 0.09552002
 0.10101318
 0.09246826
 0.07293701
 0.04638672
 0.01892090
-0.00305176
-0.01495361
-0.01647949
-0.00885010
 0.00640869
 0.02777100
 0.05340576
 0.08117676
 0.10650635
 0.12329102
 0.12603760
 0.11413574
 0.09216309
 0.06652832
 0.03967285
 0.01342773
-0.01068115
-0.02960205
-0.04089355
-0.04272461
-0.03448486
-0.01617432
 0.01007080
 0.04150391
 0.07476807
 0.10711670
 0.13549805
 0.15686035
 0.16906738
 0.17181396
 0.16632080
 0.15441895
 0.13824463
 0.12145996
 0.10711670
 0.09857178
 0.09857178
 0.10803223
 0.12603760
 0.14923096
 0.17272949
 0.19012451
 0.19531250
 0.18829346
 0.17333984
 0.15411377
 0.13275146
 0.10955811
 0.08422852
 0.05828857
 0.03387451
 0.01464844
 0.00305176
 0.00061035
 0.00762939
 0.02227783
 0.04394531
 0.06927490
 0.09582520
 0.12054443
 0.13946533
 0.14923096
 0.14862061
 0.13793945
 0.12023926
 0.10009766
 0.08087158
 0.06622314
 0.05737305
 0.05493164
 0.05798340
 0.06591797
 0.07873535
 0.09613037
 0.11596680
 0.13549805
 0.15197754
 0.16082764
 0.15869141
 0.14465332
 0.11871338
 0.08514404
 0.04882813
 0.01556396
-0.00976563
-0.02563477
-0.03173828
-0.02838135
-0.01617432
 0.00396729
 0.03051758
 0.06103516
 0.09094238
 0.11444092
 0.12634277
 0.12420654
 0.11047363
 0.09033203
 0.06683350
 0.04180908
 0.01922607
 0.00030518
-0.01495361
-0.02593994
-0.03082275
-0.02746582
-0.01586914
 0.00244141
 0.02410889
 0.04333496
 0.05249023
 0.04669189
 0.02563477
-0.00518799
-0.04028320
-0.07690430
-0.11199951
-0.14007568
-0.15716553
-0.16174316
-0.15380859
-0.13519287
-0.10894775
-0.07873535
-0.04760742
-0.01922607
 0.00183105
 0.01129150
 0.00885010
-0.00213623
-0.01770020
-0.03570557
-0.05432129
-0.07110596
-0.08392334
-0.09063721
-0.08789063
-0.07446289
-0.05065918
-0.02014160
 0.01312256
 0.04302979
 0.06469727
 0.07415771
 0.07415771
 0.06866455
 0.05889893
 0.04241943
 0.01892090
-0.00854492
-0.03387451
-0.05218506
-0.06072998
-0.05737305
-0.04302979
-0.02197266
 0.00152588
 0.02227783
 0.03662109
 0.04272461
 0.04089355
 0.03295898
 0.02105713
 0.00762939
-0.00701904
-0.02288818
-0.03967285
-0.05584717
-0.06927490
-0.07659912
-0.07507324
-0.06347656
-0.04272461
-0.01617432
 0.01342773
 0.04180908
 0.06469727
 0.07751465
 0.07720947
 0.06439209
 0.04241943
 0.01617432
-0.00946045
-0.03112793
-0.04730225
-0.05615234
-0.05706787
-0.05157471
-0.04241943
-0.03112793
-0.01922607
-0.00671387
 0.00610352
 0.01831055
 0.02746582
 0.03082275
 0.02471924
 0.00885010
-0.01373291
-0.03723145
-0.05676270
-0.06958008
-0.07324219
-0.06622314
-0.04730225
-0.01892090
 0.01586914
 0.05157471
 0.08270264
 0.10375977
 0.11322021
 0.11322021
 0.10650635
 0.09307861
 0.07049561
 0.04028320
 0.00671387
-0.02471924
-0.05065918
-0.06835938
-0.07659912
-0.07568359
-0.06652832
-0.05004883
-0.02960205
-0.00946045
 0.00579834
 0.01342773
 0.01281738
 0.00610352
-0.00701904
-0.02685547
-0.05279541
-0.08056641
-0.10589600
-0.12359619
-0.13153076
-0.12969971
-0.11962891
-0.10284424
-0.08087158
-0.05645752
-0.03387451
-0.01831055
-0.01556396
-0.02838135
-0.05401611
-0.08697510
-0.12390137
-0.16174316
-0.19622803
-0.22247314
-0.23742676
-0.23986816
-0.23101807
-0.21331787
-0.19042969
-0.16387939
-0.13610840
-0.10925293
-0.08728027
-0.07598877
-0.07934570
-0.09582520
-0.11962891
-0.14404297
-0.16326904
-0.17211914
-0.16784668
-0.14984131
-0.11962891
-0.07995605
-0.03448486
 0.01220703
 0.05432129
 0.08636475
 0.10192871
 0.10223389
 0.09338379
 0.07659912
 0.05157471
 0.01861572
-0.01739502
-0.05096436
-0.07781982
-0.09552002
-0.10070801
-0.09216309
-0.07080078
-0.03997803
-0.00335693
 0.03204346
 0.05920410
 0.07019043
 0.06225586
 0.04302979
 0.01800537
-0.01037598
-0.03875732
-0.06195068
-0.07568359
-0.07781982
-0.06927490
-0.05218506
-0.02655029
 0.00671387
 0.04455566
 0.08392334
 0.11932373
 0.14373779
 0.15045166
 0.13854980
 0.11474609
 0.08392334
 0.04821777
 0.01159668
-0.02166748
-0.04638672
-0.05767822
-0.05371094
-0.03540039
-0.00518799
 0.03295898
 0.07476807
 0.11505127
 0.14831543
 0.16784668
 0.17272949
 0.16754150
 0.15686035
 0.14190674
 0.12542725
 0.11108398
 0.10314941
 0.10406494
 0.11535645
 0.13702393
 0.16876221
 0.20751953
 0.24841309
 0.28442383
 0.30609131
 0.30639648
 0.28869629
 0.26000977
 0.22430420
 0.18066406
 0.13183594
 0.08270264
 0.03784180
 0.00305176
-0.01770020
-0.02136230
-0.00976563
 0.01342773
 0.04455566
 0.07812500
 0.10742188
 0.12512207
 0.12481689
 0.10803223
 0.08026123
 0.04608154
 0.00915527
-0.02655029
-0.05523682
-0.07415771
-0.08148193
-0.07690430
-0.06195068
-0.03784180
-0.00793457
 0.02349854
 0.05126953
 0.06927490
 0.07202148
 0.05950928
 0.03417969
-0.00183105
-0.04608154
-0.09460449
-0.14160156
-0.18066406
-0.20629883
-0.21514893
-0.20660400
-0.18463135
-0.15380859
-0.11993408
-0.08850098
-0.06561279
-0.05645752
-0.06164551
-0.07751465
-0.10040283
-0.12786865
-0.15563965
-0.17883301
-0.19317627
-0.19622803
-0.18676758
-0.16571045
-0.13397217
-0.09368896
-0.04882813
-0.00457764
 0.03265381
 0.05371094
 0.05249023
 0.03448486
 0.00976563
-0.01953125
-0.05310059
-0.08697510
-0.11383057
-0.13031006
-0.13427734
-0.12664795
-0.10955811
-0.08483887
-0.05523682
-0.02380371
 0.00579834
 0.02899170
 0.04241943
 0.04302979
 0.03204346
 0.01525879
-0.00305176
-0.01892090
-0.02868652
-0.02929688
-0.01953125
 0.00030518
 0.02868652
 0.06317139
 0.10040283
 0.13732910
 0.16967773
 0.19409180
 0.20782471
 0.21057129
 0.20446777
 0.19073486
 0.17303467
 0.15380859
 0.13641357
 0.12451172
 0.11871338
 0.12054443
 0.12817383
 0.14038086
 0.15594482
 0.17211914
 0.18707275
 0.19866943
 0.20446777
 0.20263672
 0.19378662
 0.18035889
 0.16571045
 0.15258789
 0.14190674
 0.13458252
 0.13092041
 0.13153076
 0.13671875
 0.14617920
 0.15899658
 0.17181396
 0.18188477
 0.18493652
 0.17913818
 0.16510010
 0.14465332
 0.11962891
 0.09246826
 0.06561279
 0.04241943
 0.02471924
 0.01251221
 0.00457764
 0.00000000
-0.00213623
-0.00366211
-0.00579834
-0.00885010
-0.01342773
-0.02044678
-0.03112793
-0.04486084
-0.06072998
-0.07720947
-0.09277344
-0.10589600
-0.11444092
-0.11779785
-0.11535645
-0.10772705
-0.09552002
-0.08117676
-0.06774902
-0.05706787
-0.05126953
-0.05187988
-0.06011963
-0.07507324
-0.09429932
-0.11474609
-0.13336182
-0.14953613
-0.16326904
-0.17395020
-0.18035889
-0.18157959
-0.17791748
-0.17120361
-0.16510010
-0.16265869
-0.16510010
-0.17150879
-0.17883301
-0.18707275
-0.19714355
-0.20843506
-0.21911621
-0.22644043
-0.22857666
-0.22491455
-0.21545410
-0.20141602
-0.18432617
-0.16571045
-0.14617920
-0.12695313
-0.11108398
-0.10101318
-0.09765625
-0.10009766
-0.10742188
-0.11627197
-0.12542725
-0.13214111
-0.13427734
-0.13000488
-0.11871338
-0.10162354
-0.08087158
-0.06042480
-0.04333496
-0.03173828
-0.02655029
-0.02624512
-0.02899170
-0.03234863
-0.03540039
-0.03814697
-0.04028320
-0.04058838
-0.03692627
-0.02685547
-0.00885010
 0.01678467
 0.04821777
 0.08239746
 0.11474609
 0.14160156
 0.15991211
 0.16845703
 0.16876221
 0.16235352
 0.14923096
 0.13122559
 0.11260986
 0.09704590
 0.08605957
 0.08117676
 0.08270264
 0.09063721
 0.10437012
 0.12176514
 0.13885498
 0.15106201
 0.15655518
 0.15533447
 0.14892578
 0.13824463
 0.12298584
 0.10223389
 0.07812500
 0.05462646
 0.03570557
 0.02471924
 0.02349854
 0.03173828
 0.04699707
 0.06591797
 0.08453369
 0.09918213
 0.10772705
 0.10925293
 0.10284424
 0.08941650
 0.06896973
 0.04302979
 0.01464844
-0.01190186
-0.03356934
-0.04882813
-0.05706787
-0.05889893
-0.05676270
-0.05371094
-0.05096436
-0.05004883
-0.05065918
-0.05371094
-0.05981445
-0.07171631
-0.09033203
-0.11474609
-0.14282227
-0.16967773
-0.19012451
-0.20050049
-0.19866943
-0.18493652
-0.16113281
-0.13092041
-0.09826660
-0.06805420
-0.04455566
-0.03021240
-0.02441406
-0.02471924
-0.03082275
-0.04180908
-0.05676270
-0.07232666
-0.08544922
-0.09277344
-0.09368896
-0.08789063
-0.07781982
-0.06561279
-0.05218506
-0.03845215
-0.02624512
-0.01678467
-0.01251221
-0.01495361
-0.02593994
-0.04333496
-0.06439209
-0.08544922
-0.10131836
-0.10955811
-0.10803223
-0.09735107
-0.07934570
-0.05493164
-0.02685547
 0.00152588
 0.02777100
 0.04821777
 0.06042480
 0.06317139
 0.05767822
 0.04791260
 0.03601074
 0.02380371
 0.01342773
 0.00671387
 0.00427246
 0.00579834
 0.01159668
 0.02166748
 0.03601074
 0.05340576
 0.07171631
 0.08697510
 0.09399414
 0.09002686
 0.07629395
 0.05645752
 0.03448486
 0.01434326
-0.00030518
-0.00701904
-0.00396729
 0.00885010
 0.03051758
 0.05859375
 0.09094238
 0.12512207
 0.15838623
 0.18768311
 0.20874023
 0.21942139
 0.21942139
 0.21057129
 0.19531250
 0.17700195
 0.15869141
 0.14343262
 0.13488770
 0.13336182
 0.13885498
 0.15045166
 0.16571045
 0.18249512
 0.19744873
 0.20568848
 0.20538330
 0.19470215
 0.17578125
 0.15167236
 0.12481689
 0.09765625
 0.07171631
 0.04943848
 0.03326416
 0.02502441
 0.02593994
 0.03601074
 0.05279541
 0.07385254
 0.09490967
 0.11169434
 0.12084961
 0.12084961
 0.11169434
 0.09490967
 0.07354736
 0.05187988
 0.03387451
 0.02166748
 0.01556396
 0.01495361
 0.01800537
 0.02471924
 0.03387451
 0.04455566
 0.05554199
 0.06408691
 0.06622314
 0.05889893
 0.04119873
 0.01464844
-0.01647949
-0.05004883
-0.08270264
-0.11077881
-0.13061523
-0.14068604
-0.13824463
-0.12329102
-0.09887695
-0.06835938
-0.03662109
-0.00793457
 0.01373291
 0.02563477
 0.02807617
 0.02410889
 0.01434326
 0.00061035
-0.01586914
-0.03204346
-0.04577637
-0.05493164
-0.05859375
-0.05523682
-0.04455566
-0.02807617
-0.00732422
 0.01220703
 0.02624512
 0.02899170
 0.01831055
-0.00244141
-0.02929688
-0.05767822
-0.08514404
-0.10925293
-0.12664795
-0.13702393
-0.13916016
-0.13244629
-0.11810303
-0.09765625
-0.07385254
-0.04943848
-0.02777100
-0.01220703
-0.00488281
-0.00518799
-0.01190186
-0.02380371
-0.03906250
-0.05432129
-0.06774902
-0.07690430
-0.07995605
-0.07568359
-0.06469727
-0.04669189
-0.02441406
-0.00183105
 0.01617432
 0.02471924
 0.02044678
 0.00518799
-0.01770020
-0.04577637
-0.07507324
-0.10253906
-0.12542725
-0.14068604
-0.14770508
-0.14617920
-0.13641357
-0.12054443
-0.09948730
-0.07537842
-0.05065918
-0.02899170
-0.01312256
-0.00549316
-0.00701904
-0.01556396
-0.02899170
-0.04486084
-0.06103516
-0.07415771
-0.08148193
-0.08148193
-0.07293701
-0.05737305
-0.03692627
-0.01434326
 0.00640869
 0.02136230
 0.02807617
 0.02655029
 0.01861572
 0.00701904
-0.00732422
-0.02319336
-0.03936768
-0.05371094
-0.06439209
-0.06988525
-0.06958008
-0.06317139
-0.05096436
-0.03417969
-0.01556396
 0.00122070
 0.01312256
 0.01831055
 0.01800537
 0.01373291
 0.00762939
 0.00061035
-0.00610352
-0.01190186
-0.01464844
-0.01281738
-0.00701904
 0.00305176
 0.01617432
 0.03173828
 0.04821777
 0.06256104
 0.07263184
 0.07598877
 0.07232666
 0.06134033
 0.04577637
 0.02777100
 0.00885010
-0.00885010
-0.02319336
-0.03265381
-0.03753662
-0.03692627
-0.03173828
-0.02166748
-0.00854492
 0.00549316
 0.01861572
 0.02899170
 0.03417969
 0.03387451
 0.02746582
 0.01525879
-0.00122070
-0.01800537
-0.03204346
-0.04119873
-0.04486084
-0.04272461
-0.03631592
-0.02655029
-0.01434326
-0.00152588
 0.01098633
 0.02075195
 0.02624512
 0.02563477
 0.01831055
 0.00457764
-0.01434326
-0.03662109
-0.05950928
-0.07934570
-0.09368896
-0.10162354
-0.10253906
-0.09735107
-0.08758545
-0.07415771
-0.05981445
-0.04669189
-0.03601074
-0.02777100
-0.02288818
-0.02227783
-0.02593994
-0.03356934
-0.04333496
-0.05371094
-0.06134033
-0.06439209
-0.06225586
-0.05432129
-0.04119873
-0.02349854
-0.00396729
 0.01434326
 0.02716064
 0.03173828
 0.02746582
 0.01770020
 0.00640869
-0.00518799
-0.01678467
-0.02899170
-0.04180908
-0.05371094
-0.06347656
-0.06835938
-0.06622314
-0.05706787
-0.04241943
-0.02410889
-0.00457764
 0.01251221
 0.02502441
 0.03143311
 0.03143311
 0.02685547
 0.01922607
 0.01129150
 0.00549316
 0.00366211
 0.00518799
 0.01068115
 0.01831055
 0.02777100
 0.03906250
 0.05218506
 0.06683350
 0.08148193
 0.09552002
 0.10711670
 0.11444092
 0.11627197
 0.11169434
 0.10162354
 0.08789063
 0.07293701
 0.06042480
 0.05279541
 0.05126953
 0.05645752
 0.06622314
 0.07843018
 0.09155273
 0.10406494
 0.11505127
 0.12359619
 0.12847900
 0.12969971
 0.12664795
 0.12054443
 0.11322021
 0.10620117
 0.10070801
 0.09857178
 0.09918213
 0.10253906
 0.10864258
 0.11779785
 0.12939453
 0.14221191
 0.15594482
 0.16723633
 0.17364502
 0.17364502
 0.16784668
 0.15686035
 0.14160156
 0.12390137
 0.10589600
 0.09002686
 0.07751465
 0.06896973
 0.06469727
 0.06378174
 0.06713867
 0.07324219
 0.08056641
 0.08636475
 0.09002686
 0.08972168
 0.08483887
 0.07751465
 0.06866455
 0.05859375
 0.04577637
 0.03143311
 0.01800537
 0.00701904
-0.00030518
-0.00305176
-0.00305176
-0.00122070
 0.00152588
 0.00427246
 0.00549316
 0.00396729
-0.00122070
-0.00976563
-0.02075195
-0.03387451
-0.04791260
-0.06195068
-0.07476807
-0.08514404
-0.09307861
-0.09674072
-0.09704590
-0.09429932
-0.09094238
-0.08819580
-0.08819580
-0.09124756
-0.09674072
-0.10314941
-0.10955811
-0.11535645
-0.11962891
-0.12237549
-0.12298584
-0.12084961
-0.11566162
-0.10772705
-0.09765625
-0.08575439
-0.07263184
-0.06072998
-0.05218506
-0.04791260
-0.04821777
-0.05279541
-0.06195068
-0.07415771
-0.08728027
-0.09765625
-0.10314941
-0.10314941
-0.09857178
-0.09124756
-0.08300781
-0.07446289
-0.06652832
-0.05950928
-0.05432129
-0.05096436
-0.05004883
-0.05187988
-0.05523682
-0.06011963
-0.06683350
-0.07385254
-0.07965088
-0.08148193
-0.07629395
-0.06469727
-0.04760742
-0.02746582
-0.00640869
 0.01251221
 0.02777100
 0.03753662
 0.04180908
 0.04180908
 0.03906250
 0.03601074
 0.03234863
 0.02838135
 0.02471924
 0.02197266
 0.02105713
 0.02197266
 0.02471924
 0.02990723
 0.03723145
 0.04486084
 0.05187988
 0.05676270
 0.05737305
 0.05371094
 0.04760742
 0.04119873
 0.03662109
 0.03448486
 0.03479004
 0.03692627
 0.04028320
 0.04455566
 0.05004883
 0.05676270
 0.06469727
 0.07293701
 0.08056641
 0.08758545
 0.09307861
 0.09490967
 0.09246826
 0.08605957
 0.07720947
 0.06713867
 0.05767822
 0.04974365
 0.04486084
 0.04241943
 0.04180908
 0.04150391
 0.04119873
 0.03997803
 0.03845215
 0.03662109
 0.03387451
 0.03082275
 0.02624512
 0.01953125
 0.01007080
-0.00122070
-0.01373291
-0.02624512
-0.03631592
-0.04302979
-0.04577637
-0.04486084
-0.04089355
-0.03601074
-0.03173828
-0.02929688
-0.02868652
-0.03051758
-0.03387451
-0.03875732
-0.04608154
-0.05584717
-0.06774902
-0.08056641
-0.09368896
-0.10620117
-0.11688232
-0.12512207
-0.13000488
-0.13183594
-0.13122559
-0.12969971
-0.12847900
-0.12908936
-0.13183594
-0.13702393
-0.14343262
-0.14984131
-0.15625000
-0.16235352
-0.16754150
-0.17059326
-0.17089844
-0.16906738
-0.16479492
-0.15808105
-0.14862061
-0.13641357
-0.12268066
-0.10894775
-0.09704590
-0.08819580
-0.08239746
-0.07965088
-0.07904053
-0.08117676
-0.08453369
-0.08728027
-0.08789063
-0.08636475
-0.08270264
-0.07751465
-0.07171631
-0.06591797
-0.06011963
-0.05462646
-0.04821777
-0.04150391
-0.03540039
-0.03051758
-0.02716064
-0.02441406
-0.02075195
-0.01556396
-0.00946045
-0.00274658
 0.00518799
 0.01403809
 0.02441406
 0.03662109
 0.04913330
 0.06195068
 0.07446289
 0.08666992
 0.09826660
 0.10742188
 0.11383057
 0.11718750
 0.11810303
 0.11779785
 0.11871338
 0.12115479
 0.12451172
 0.12725830
 0.12939453
 0.13061523
 0.13092041
 0.13122559
 0.13214111
 0.13366699
 0.13458252
 0.13580322
 0.13702393
 0.13854980
 0.14038086
 0.14160156
 0.14282227
 0.14343262
 0.14373779
 0.14404297
 0.14434814
 0.14465332
 0.14556885
 0.14556885
 0.14343262
 0.14007568
 0.13641357
 0.13275146
 0.12969971
 0.12878418
 0.12969971
 0.13183594
 0.13458252
 0.13702393
 0.13671875
 0.13183594
 0.12237549
 0.11077881
 0.09918213
 0.08850098
 0.07812500
 0.06744385
 0.05554199
 0.04333496
 0.03112793
 0.02166748
 0.01556396
 0.01251221
 0.01159668
 0.01220703
 0.01251221
 0.01159668
 0.00854492
 0.00366211
-0.00274658
-0.00976563
-0.01739502
-0.02563477
-0.03356934
-0.04058838
-0.04608154
-0.04943848
-0.05065918
-0.05004883
-0.04913330
-0.04699707
-0.04394531
-0.04089355
-0.03906250
-0.03875732
-0.04028320
-0.04516602
-0.05493164
-0.06866455
-0.08422852
-0.09948730
-0.11322021
-0.12268066
-0.12695313
-0.12695313
-0.12268066
-0.11749268
-0.11230469
-0.10711670
-0.10101318
-0.09368896
-0.08605957
-0.07904053
-0.07415771
-0.07293701
-0.07629395
-0.08239746
-0.08819580
-0.09124756
-0.09033203
-0.08422852
-0.07354736
-0.06011963
-0.04547119
-0.03143311
-0.01953125
-0.01098633
-0.00610352
-0.00427246
-0.00488281
-0.00701904
-0.01068115
-0.01495361
-0.01922607
-0.02349854
-0.02716064
-0.02868652
-0.02685547
-0.02105713
-0.01159668
 0.00122070
 0.01586914
 0.03082275
 0.04486084
 0.05493164
 0.06072998
 0.06195068
 0.06195068
 0.06256104
 0.06500244
 0.06958008
 0.07537842
 0.08178711
 0.08789063
 0.09338379
 0.09918213
 0.10559082
 0.11169434
 0.11688232
 0.11993408
 0.12115479
 0.11932373
 0.11474609
 0.10803223
 0.09979248
 0.09155273
 0.08422852
 0.07781982
 0.07171631
 0.06561279
 0.06164551
 0.05950928
 0.05950928
 0.06042480
 0.06195068
 0.06317139
 0.06378174
 0.06317139
 0.06164551
 0.05828857
 0.05340576
 0.04730225
 0.04058838
 0.03387451
 0.02838135
 0.02532959
 0.02441406
 0.02502441
 0.02563477
 0.02563477
 0.02349854
 0.01953125
 0.01464844
 0.00946045
 0.00427246
-0.00122070
-0.00823975
-0.01678467
-0.02563477
-0.03509521
-0.04486084
-0.05340576
-0.05950928
-0.06317139
-0.06408691
-0.06256104
-0.05981445
-0.05767822
-0.05706787
-0.05859375
-0.06103516
-0.06347656
-0.06500244
-0.06683350
-0.06927490
-0.07263184
-0.07598877
-0.07873535
-0.08056641
-0.08148193
-0.08087158
-0.07843018
-0.07385254
-0.06896973
-0.06439209
-0.06103516
-0.05981445
-0.06134033
-0.06591797
-0.07354736
-0.08331299
-0.09368896
-0.10314941
-0.11138916
-0.11718750
-0.12054443
-0.12084961
-0.11840820
-0.11260986
-0.10375977
-0.09338379
-0.08209229
-0.07171631
-0.06408691
-0.05950928
-0.05706787
-0.05584717
-0.05706787
-0.05950928
-0.06317139
-0.06652832
-0.06835938
-0.06774902
-0.06317139
-0.05615234
-0.04730225
-0.03662109
-0.02532959
-0.01525879
-0.00640869
-0.00091553
 0.00030518
-0.00244141
-0.00793457
-0.01495361
-0.02349854
-0.03234863
-0.03936768
-0.04364014
-0.04394531
-0.04119873
-0.03509521
-0.02624512
-0.01556396
-0.00457764
 0.00549316
 0.01403809
 0.02014160
 0.02319336
 0.02441406
 0.02410889
 0.02197266
 0.01831055
 0.01373291
 0.01007080
 0.00885010
 0.01098633
 0.01708984
 0.02502441
 0.03326416
 0.04058838
 0.04638672
 0.05065918
 0.05310059
 0.05310059
 0.05035400
 0.04516602
 0.03814697
 0.02960205
 0.02044678
 0.01098633
 0.00244141
-0.00457764
-0.00946045
-0.01098633
-0.00823975
-0.00335693
 0.00213623
 0.00823975
 0.01434326
 0.02044678
 0.02593994
 0.03021240
 0.03234863
 0.03143311
 0.02746582
 0.02227783
 0.01770020
 0.01495361
 0.01373291
 0.01464844
 0.01800537
 0.02227783
 0.02624512
 0.02899170
 0.03051758
 0.03112793
 0.03173828
 0.03204346
 0.03173828
 0.02899170
 0.02380371
 0.01708984
 0.00854492
 0.00061035
-0.00701904
-0.01251221
-0.01556396
-0.01525879
-0.01220703
-0.00640869
 0.00030518
 0.00671387
 0.01220703
 0.01586914
 0.01770020
 0.01800537
 0.01831055
 0.01892090
 0.01983643
 0.02105713
 0.02166748
 0.02227783
 0.02258301
 0.02197266
 0.02166748
 0.02227783
 0.02471924
 0.02929688
 0.03479004
 0.03906250
 0.04058838
 0.03784180
 0.03204346
 0.02471924
 0.01770020
 0.01251221
 0.01007080
 0.00976563
 0.01068115
 0.01190186
 0.01220703
 0.01281738
 0.01434326
 0.01770020
 0.02197266
 0.02746582
 0.03265381
 0.03662109
 0.03845215
 0.03662109
 0.03234863
 0.02716064
 0.02410889
 0.02380371
 0.02624512
 0.02990723
 0.03387451
 0.03631592
 0.03723145
 0.03723145
 0.03692627
 0.03631592
 0.03631592
 0.03692627
 0.03692627
 0.03509521
 0.03051758
 0.02349854
 0.01525879
 0.00701904
-0.00030518
-0.00518799
-0.00701904
-0.00610352
-0.00305176
 0.00030518
 0.00213623
 0.00122070
-0.00122070
-0.00427246
-0.00640869
-0.00518799
-0.00061035
 0.00549316
 0.01129150
 0.01586914
 0.01892090
 0.01983643
 0.01983643
 0.01983643
 0.02044678
 0.02227783
 0.02502441
 0.02655029
 0.02563477
 0.02136230
 0.01403809
 0.00549316
-0.00183105
-0.00701904
-0.00946045
-0.00946045
-0.00762939
-0.00579834
-0.00396729
-0.00305176
-0.00244141
-0.00213623
-0.00152588
-0.00061035
 0.00061035
 0.00213623
 0.00366211
 0.00518799
 0.00640869
 0.00732422
 0.00885010
 0.01068115
 0.01342773
 0.01770020
 0.02258301
 0.02838135
 0.03387451
 0.03784180
 0.04058838
 0.04211426
 0.04241943
 0.04241943
 0.04119873
 0.03967285
 0.03784180
 0.03570557
 0.03265381
 0.02960205
 0.02746582
 0.02593994
 0.02593994
 0.02685547
 0.02746582
 0.02716064
 0.02624512
 0.02380371
 0.02166748
 0.02014160
 0.01922607
 0.01892090
 0.01892090
 0.01953125
 0.02075195
 0.02227783
 0.02288818
 0.02288818
 0.02288818
 0.02349854
 0.02502441
 0.02746582
 0.02960205
 0.03051758
 0.02929688
 0.02502441
 0.01770020
 0.00793457
-0.00183105
-0.01068115
-0.01708984
-0.02044678
-0.02197266
-0.02288818
-0.02471924
-0.02807617
-0.03265381
-0.03662109
-0.03936768
-0.04028320
-0.03936768
-0.03784180
-0.03662109
-0.03814697
-0.04180908
-0.04730225
-0.05279541
-0.05645752
-0.05706787
-0.05432129
-0.04943848
-0.04425049
-0.03997803
-0.03784180
-0.03723145
-0.03906250
-0.04272461
-0.04669189
-0.05126953
-0.05554199
-0.05889893
-0.06134033
-0.06378174
-0.06652832
-0.07049561
-0.07507324
-0.07904053
-0.08209229
-0.08422852
-0.08544922
-0.08575439
-0.08544922
-0.08605957
-0.08850098
-0.09307861
-0.10040283
-0.10803223
-0.11413574
-0.11627197
-0.11535645
-0.11138916
-0.10589600
-0.09979248
-0.09368896
-0.08758545
-0.08087158
-0.07415771
-0.06744385
-0.06164551
-0.05889893
-0.05859375
-0.06072998
-0.06408691
-0.06683350
-0.06927490
-0.07080078
-0.07110596
-0.06988525
-0.06713867
-0.06469727
-0.06195068
-0.05859375
-0.05462646
-0.04943848
-0.04394531
-0.03875732
-0.03540039
-0.03387451
-0.03387451
-0.03417969
-0.03356934
-0.03082275
-0.02624512
-0.01861572
-0.00823975
 0.00396729
 0.01739502
 0.02960205
 0.03936768
 0.04638672
 0.05035400
 0.05218506
 0.05371094
 0.05523682
 0.05645752
 0.05737305
 0.05676270
 0.05493164
 0.05218506
 0.04974365
 0.04882813
 0.05035400
 0.05432129
 0.06011963
 0.06622314
 0.07110596
 0.07385254
 0.07324219
 0.06988525
 0.06561279
 0.06164551
 0.05920410
 0.05920410
 0.06011963
 0.06286621
 0.06683350
 0.07110596
 0.07568359
 0.07995605
 0.08422852
 0.08819580
 0.09155273
 0.09368896
 0.09399414
 0.09307861
 0.09002686
 0.08453369
 0.07720947
 0.06805420
 0.05920410
 0.05249023
 0.04882813
 0.04821777
 0.04943848
 0.05126953
 0.05218506
 0.05187988
 0.05004883
 0.04638672
 0.04180908
 0.03662109
 0.03082275
 0.02410889
 0.01617432
 0.00793457
 0.00030518
-0.00579834
-0.00885010
-0.00762939
-0.00335693
 0.00244141
 0.00823975
 0.01251221
 0.01495361
 0.01586914
 0.01464844
 0.01159668
 0.00640869
-0.00122070
-0.01098633
-0.02136230
-0.03112793
-0.03997803
-0.04608154
-0.04943848
-0.05035400
-0.04821777
-0.04455566
-0.04058838
-0.03662109
-0.03326416
-0.03173828
-0.03265381
-0.03570557
-0.04119873
-0.04730225
-0.05401611
-0.06011963
-0.06439209
-0.06591797
-0.06408691
-0.05981445
-0.05432129
-0.04760742
-0.03997803
-0.03112793
-0.02166748
-0.01159668
-0.00335693
 0.00152588
 0.00244141
-0.00061035
-0.00579834
-0.01220703
-0.01800537
-0.02136230
-0.02227783
-0.02166748
-0.01892090
-0.01403809
-0.00762939
 0.00030518
 0.00915527
 0.01861572
 0.02716064
 0.03387451
 0.03662109
 0.03570557
 0.03173828
 0.02563477
 0.01892090
 0.01342773
 0.01129150
 0.01312256
 0.01831055
 0.02563477
 0.03509521
 0.04577637
 0.05676270
 0.06835938
 0.07873535
 0.08636475
 0.09063721
 0.09185791
 0.09033203
 0.08575439
 0.07904053
 0.07232666
 0.06591797
 0.06134033
 0.05981445
 0.06164551
 0.06713867
 0.07476807
 0.08331299
 0.09063721
 0.09521484
 0.09613037
 0.09338379
 0.08789063
 0.08056641
 0.07324219
 0.06530762
 0.05737305
 0.05096436
 0.04730225
 0.04669189
 0.05004883
 0.05584717
 0.06378174
 0.07202148
 0.07873535
 0.08300781
 0.08361816
 0.07995605
 0.07324219
 0.06469727
 0.05432129
 0.04302979
 0.03143311
 0.02105713
 0.01251221
 0.00671387
 0.00427246
 0.00488281
 0.00762939
 0.01129150
 0.01373291
 0.01403809
 0.01098633
 0.00427246
-0.00457764
-0.01525879
-0.02716064
-0.03875732
-0.04943848
-0.05859375
-0.06469727
-0.06805420
-0.06835938
-0.06591797
-0.06225586
-0.05737305
-0.05218506
-0.04730225
-0.04547119
-0.04638672
-0.05035400
-0.05706787
-0.06683350
-0.07873535
-0.09033203
-0.09887695
-0.10345459
-0.10437012
-0.10101318
-0.09521484
-0.08850098
-0.08270264
-0.07904053
-0.07812500
-0.07965088
-0.08331299
-0.08880615
-0.09460449
-0.10009766
-0.10498047
-0.10955811
-0.11322021
-0.11596680
-0.11627197
-0.11291504
-0.10589600
-0.09582520
-0.08422852
-0.07232666
-0.06164551
-0.05371094
-0.05004883
-0.04974365
-0.05249023
-0.05706787
-0.06134033
-0.06408691
-0.06439209
-0.06286621
-0.06011963
-0.05645752
-0.05126953
-0.04364014
-0.03356934
-0.02258301
-0.01129150
-0.00061035
 0.00793457
 0.01312256
 0.01464844
 0.01220703
 0.00732422
 0.00091553
-0.00518799
-0.01007080
-0.01129150
-0.00976563
-0.00518799
 0.00152588
 0.01068115
 0.02044678
 0.03082275
 0.03967285
 0.04669189
 0.05126953
 0.05371094
 0.05462646
 0.05401611
 0.05187988
 0.04791260
 0.04425049
 0.04089355
 0.03906250
 0.03906250
 0.03997803
 0.04211426
 0.04455566
 0.04791260
 0.05187988
 0.05554199
 0.05767822
 0.05706787
 0.05371094
 0.04852295
 0.04180908
 0.03540039
 0.02899170
 0.02471924
 0.02197266
 0.02075195
 0.02166748
 0.02441406
 0.02868652
 0.03295898
 0.03601074
 0.03723145
 0.03692627
 0.03540039
 0.03143311
 0.02624512
 0.01983643
 0.01312256
 0.00671387
 0.00183105
-0.00122070
-0.00152588
 0.00030518
 0.00366211
 0.00701904
 0.01037598
 0.01251221
 0.01220703
 0.00946045
 0.00427246
-0.00305176
-0.01159668
-0.02105713
-0.02990723
-0.03814697
-0.04486084
-0.04943848
-0.05187988
-0.05157471
-0.04943848
-0.04608154
-0.04150391
-0.03662109
-0.03265381
-0.03051758
-0.03082275
-0.03295898
-0.03692627
-0.04150391
-0.04547119
-0.04913330
-0.05065918
-0.05096436
-0.05004883
-0.04821777
-0.04486084
-0.03997803
-0.03417969
-0.02868652
-0.02410889
-0.02136230
-0.02105713
-0.02319336
-0.02777100
-0.03387451
-0.04089355
-0.04699707
-0.05096436
-0.05126953
-0.04882813
-0.04394531
-0.03845215
-0.03204346
-0.02502441
-0.01800537
-0.01129150
-0.00488281
 0.00091553
 0.00579834
 0.00946045
 0.01129150
 0.01098633
 0.00915527
 0.00671387
 0.00549316
 0.00610352
 0.00915527
 0.01495361
 0.02258301
 0.03051758
 0.03784180
 0.04272461
 0.04516602
 0.04608154
 0.04638672
 0.04638672
 0.04608154
 0.04547119
 0.04394531
 0.04150391
 0.03875732
 0.03601074
 0.03601074
 0.03753662
 0.04058838
 0.04394531
 0.04760742
 0.05065918
 0.05371094
 0.05645752
 0.05859375
 0.05981445
 0.05981445
 0.05950928
 0.05798340
 0.05645752
 0.05432129
 0.05218506
 0.05096436
 0.05096436
 0.05157471
 0.05310059
 0.05462646
 0.05523682
 0.05432129
 0.05187988
 0.04852295
 0.04486084
 0.04119873
 0.03814697
 0.03570557
 0.03356934
 0.03204346
 0.03082275
 0.02960205
 0.02838135
 0.02685547
 0.02502441
 0.02288818
 0.02105713
 0.01983643
 0.01831055
 0.01678467
 0.01434326
 0.01159668
 0.00915527
 0.00701904
 0.00457764
 0.00335693
 0.00335693
 0.00457764
 0.00640869
 0.00823975
 0.01007080
 0.01098633
 0.00946045
 0.00640869
 0.00244141
-0.00061035
-0.00274658
-0.00427246
-0.00488281
-0.00518799
-0.00579834
-0.00671387
-0.00762939
-0.00854492
-0.00915527
-0.00915527
-0.00915527
-0.00823975
-0.00671387
-0.00549316
-0.00396729
-0.00213623
-0.00061035
-0.00030518
-0.00091553
-0.00213623
-0.00274658
-0.00213623
 0.00000000
 0.00305176
 0.00549316
 0.00671387
 0.00793457
 0.00854492
 0.00823975
 0.00762939
 0.00640869
 0.00488281
 0.00274658
 0.00152588
 0.00091553
 0.00091553
 0.00091553
 0.00061035
 0.00000000
-0.00091553
-0.00183105
-0.00244141
-0.00274658
-0.00274658
-0.00213623
-0.00213623
-0.00244141
-0.00213623
-0.00213623
-0.00274658
-0.00427246
-0.00579834
-0.00640869
-0.00610352
-0.00518799
-0.00488281
-0.00518799
-0.00610352
-0.00701904
-0.00671387
-0.00579834
-0.00457764
-0.00335693
-0.00244141
-0.00213623
-0.00213623
-0.00305176
-0.00427246
-0.00427246
-0.00457764
-0.00610352
-0.00793457
-0.00976563
-0.01129150
-0.01251221
-0.01403809
-0.01495361
-0.01525879
-0.01495361
-0.01434326
-0.01373291
-0.01342773
-0.01403809
-0.01464844
-0.01586914
-0.01708984
-0.01892090
-0.02075195
-0.02319336
-0.02563477
-0.02685547
-0.02746582
-0.02716064
-0.02624512
-0.02563477
-0.02563477
-0.02563477
-0.02471924
-0.02319336
-0.02166748
-0.02105713
-0.02166748
-0.02410889
-0.02838135
-0.03326416
-0.03753662
-0.03936768
-0.03997803
-0.03967285
-0.03814697
-0.03540039
-0.03173828
-0.02746582
-0.02349854
-0.02075195
-0.01922607
-0.01953125
-0.02136230
-0.02441406
-0.02777100
-0.03143311
-0.03417969
-0.03631592
-0.03692627
-0.03601074
-0.03356934
-0.03021240
-0.02593994
-0.02075195
-0.01403809
-0.00701904
-0.00091553
 0.00274658
 0.00396729
 0.00274658
-0.00030518
-0.00396729
-0.00762939
-0.01068115
-0.01251221
-0.01434326
-0.01464844
-0.01342773
-0.01037598
-0.00610352
-0.00061035
 0.00457764
 0.00885010
 0.01190186
 0.01281738
 0.01190186
 0.00976563
 0.00762939
 0.00549316
 0.00396729
 0.00335693
 0.00305176
 0.00274658
 0.00305176
 0.00518799
 0.00946045
 0.01495361
 0.02136230
 0.02655029
 0.02990723
 0.03143311
 0.03082275
 0.02777100
 0.02258301
 0.01647949
 0.01037598
 0.00427246
-0.00061035
-0.00427246
-0.00640869
-0.00701904
-0.00640869
-0.00427246
-0.00152588
 0.00122070
 0.00396729
 0.00488281
 0.00457764
 0.00213623
-0.00122070
-0.00549316
-0.01068115
-0.01617432
-0.02105713
-0.02441406
-0.02655029
-0.02716064
-0.02593994
-0.02288818
-0.01983643
-0.01647949
-0.01403809
-0.01220703
-0.01159668
-0.01190186
-0.01373291
-0.01739502
-0.02258301
-0.02899170
-0.03570557
-0.04180908
-0.04669189
-0.04943848
-0.04943848
-0.04638672
-0.04089355
-0.03479004
-0.02929688
-0.02471924
-0.02227783
-0.02136230
-0.02197266
-0.02319336
-0.02471924
-0.02624512
-0.02777100
-0.02990723
-0.03234863
-0.03356934
-0.03417969
-0.03326416
-0.02960205
-0.02410889
-0.01708984
-0.00976563
-0.00305176
 0.00183105
 0.00518799
 0.00701904
 0.00762939
 0.00701904
 0.00549316
 0.00305176
 0.00122070
 0.00091553
 0.00274658
 0.00579834
 0.00976563
 0.01373291
 0.01770020
 0.02044678
 0.02288818
 0.02532959
 0.02868652
 0.03295898
 0.03784180
 0.04241943
 0.04608154
 0.04760742
 0.04730225
 0.04577637
 0.04394531
 0.04272461
 0.04302979
 0.04486084
 0.04882813
 0.05371094
 0.05889893
 0.06347656
 0.06713867
 0.06988525
 0.07171631
 0.07232666
 0.07263184
 0.07202148
 0.07049561
 0.06835938
 0.06652832
 0.06469727
 0.06195068
 0.05859375
 0.05523682
 0.05218506
 0.05126953
 0.05371094
 0.05859375
 0.06408691
 0.06866455
 0.07171631
 0.07263184
 0.07141113
 0.06805420
 0.06408691
 0.05981445
 0.05554199
 0.05157471
 0.04821777
 0.04608154
 0.04455566
 0.04364014
 0.04333496
 0.04364014
 0.04394531
 0.04394531
 0.04455566
 0.04425049
 0.04333496
 0.04089355
 0.03662109
 0.03021240
 0.02197266
 0.01220703
 0.00213623
-0.00640869
-0.01342773
-0.01739502
-0.01800537
-0.01678467
-0.01403809
-0.01037598
-0.00762939
-0.00610352
-0.00518799
-0.00549316
-0.00640869
-0.00915527
-0.01373291
-0.01922607
-0.02624512
-0.03265381
-0.03814697
-0.04241943
-0.04547119
-0.04730225
-0.04760742
-0.04669189
-0.04425049
-0.04058838
-0.03601074
-0.03204346
-0.02990723
-0.03112793
-0.03509521
-0.04028320
-0.04577637
-0.05126953
-0.05493164
-0.05676270
-0.05645752
-0.05462646
-0.05157471
-0.04821777
-0.04455566
-0.04119873
-0.03784180
-0.03448486
-0.03234863
-0.03173828
-0.03265381
-0.03509521
-0.03753662
-0.03906250
-0.03967285
-0.03875732
-0.03692627
-0.03356934
-0.02899170
-0.02349854
-0.01678467
-0.00976563
-0.00335693
 0.00183105
 0.00396729
 0.00335693
 0.00152588
 0.00000000
-0.00183105
-0.00335693
-0.00488281
-0.00610352
-0.00671387
-0.00518799
-0.00152588
 0.00396729
 0.01037598
 0.01708984
 0.02319336
 0.02899170
 0.03295898
 0.03479004
 0.03448486
 0.03234863
 0.02929688
 0.02593994
 0.02319336
 0.02136230
 0.02044678
 0.01983643
 0.02105713
 0.02349854
 0.02777100
 0.03234863
 0.03692627
 0.04058838
 0.04302979
 0.04364014
 0.04302979
 0.04150391
 0.03906250
 0.03509521
 0.03021240
 0.02410889
 0.01770020
 0.01159668
 0.00732422
 0.00457764
 0.00335693
 0.00335693
 0.00366211
 0.00427246
 0.00457764
 0.00457764
 0.00335693
 0.00061035
-0.00244141
-0.00549316
-0.00823975
-0.01037598
-0.01251221
-0.01403809
-0.01556396
-0.01770020
-0.01983643
-0.02105713
-0.02197266
-0.02258301
-0.02227783
-0.02258301
-0.02349854
-0.02532959
-0.02899170
-0.03356934
-0.03906250
-0.04455566
-0.04882813
-0.05126953
-0.05187988
-0.05187988
-0.05218506
-0.05249023
-0.05310059
-0.05462646
-0.05615234
-0.05737305
-0.05737305
-0.05645752
-0.05554199
-0.05462646
-0.05432129
-0.05523682
-0.05798340
-0.06134033
-0.06317139
-0.06286621
-0.06103516
-0.05737305
-0.05340576
-0.04974365
-0.04699707
-0.04547119
-0.04425049
-0.04333496
-0.04211426
-0.04028320
-0.03906250
-0.03845215
-0.03906250
-0.04028320
-0.04241943
-0.04455566
-0.04608154
-0.04577637
-0.04333496
-0.04028320
-0.03723145
-0.03417969
-0.03021240
-0.02532959
-0.02044678
-0.01525879
-0.01007080
-0.00610352
-0.00274658
-0.00091553
-0.00061035
-0.00091553
-0.00152588
-0.00183105
-0.00122070
 0.00061035
 0.00396729
 0.00854492
 0.01312256
 0.01739502
 0.02105713
 0.02410889
 0.02716064
 0.02899170
 0.02990723
 0.03051758
 0.03143311
 0.03143311
 0.03143311
 0.03143311
 0.03204346
 0.03265381
 0.03387451
 0.03570557
 0.03875732
 0.04333496
 0.04882813
 0.05401611
 0.05798340
 0.06103516
 0.06225586
 0.06103516
 0.05737305
 0.05249023
 0.04730225
 0.04302979
 0.03936768
 0.03692627
 0.03601074
 0.03662109
 0.03814697
 0.04119873
 0.04455566
 0.04852295
 0.05279541
 0.05615234
 0.05828857
 0.05828857
 0.05554199
 0.05035400
 0.04364014
 0.03631592
 0.02960205
 0.02319336
 0.01800537
 0.01434326
 0.01220703
 0.01129150
 0.01129150
 0.01220703
 0.01464844
 0.01800537
 0.02044678
 0.02258301
 0.02288818
 0.02075195
 0.01647949
 0.01129150
 0.00549316
 0.00030518
-0.00335693
-0.00640869
-0.00823975
-0.00915527
-0.00885010
-0.00793457
-0.00640869
-0.00457764
-0.00274658
-0.00152588
-0.00030518
 0.00000000
-0.00061035
-0.00305176
-0.00762939
-0.01373291
-0.02014160
-0.02471924
-0.02716064
-0.02777100
-0.02593994
-0.02197266
-0.01708984
-0.01220703
-0.00793457
-0.00457764
-0.00274658
-0.00213623
-0.00244141
-0.00183105
-0.00152588
-0.00152588
-0.00122070
-0.00152588
-0.00152588
-0.00122070
-0.00030518
 0.00152588
 0.00396729
 0.00732422
 0.01098633
 0.01403809
 0.01647949
 0.01861572
 0.01922607
 0.01861572
 0.01647949
 0.01403809
 0.01159668
 0.00976563
 0.00885010
 0.00946045
 0.01007080
 0.01159668
 0.01342773
 0.01464844
 0.01495361
 0.01525879
 0.01617432
 0.01739502
 0.01861572
 0.02014160
 0.02105713
 0.02197266
 0.02258301
 0.02258301
 0.02258301
 0.02258301
 0.02288818
 0.02380371
 0.02502441
 0.02655029
 0.02716064
 0.02716064
 0.02685547
 0.02624512
 0.02532959
 0.02349854
 0.02136230
 0.01922607
 0.01739502
 0.01617432
 0.01525879
 0.01464844
 0.01373291
 0.01220703
 0.01037598
 0.00885010
 0.00823975
 0.00823975
 0.00885010
 0.00915527
 0.00854492
 0.00823975
 0.00793457
 0.00762939
 0.00793457
 0.00762939
 0.00610352
 0.00396729
 0.00152588
-0.00061035
-0.00183105
-0.00305176
-0.00335693
-0.00366211
-0.00427246
-0.00488281
-0.00610352
-0.00793457
-0.01037598
-0.01312256
-0.01586914
-0.01892090
-0.02197266
-0.02471924
-0.02685547
-0.02868652
-0.02960205
-0.03021240
-0.03051758
-0.03143311
-0.03204346
-0.03234863
-0.03234863
-0.03143311
-0.02990723
-0.02868652
-0.02807617
-0.02868652
-0.03082275
-0.03265381
-0.03356934
-0.03387451
-0.03326416
-0.03173828
-0.02899170
-0.02593994
-0.02319336
-0.02105713
-0.02014160
-0.02014160
-0.02075195
-0.02105713
-0.02136230
-0.02227783
-0.02380371
-0.02563477
-0.02746582
-0.02838135
-0.02838135
-0.02716064
-0.02563477
-0.02410889
-0.02197266
-0.01953125
-0.01739502
-0.01617432
-0.01525879
-0.01525879
-0.01678467
-0.01892090
-0.01922607
-0.01739502
-0.01525879
-0.01220703
-0.00885010
-0.00640869
-0.00457764
-0.00305176
-0.00152588
 0.00122070
 0.00396729
 0.00640869
 0.00793457
 0.00823975
 0.00701904
 0.00488281
 0.00244141
-0.00061035
-0.00335693
-0.00549316
-0.00640869
-0.00671387
-0.00579834
-0.00396729
-0.00213623
 0.00061035
 0.00305176
 0.00518799
 0.00671387
 0.00732422
 0.00701904
 0.00518799
 0.00274658
-0.00030518
-0.00274658
-0.00457764
-0.00610352
-0.00793457
-0.00854492
-0.00823975
-0.00671387
-0.00457764
-0.00213623
 0.00000000
 0.00152588
 0.00183105
 0.00091553
-0.00061035
-0.00274658
-0.00488281
-0.00793457
-0.01159668
-0.01525879
-0.01831055
-0.02014160
-0.02075195
-0.02044678
-0.01922607
-0.01770020
-0.01678467
-0.01617432
-0.01556396
-0.01556396
-0.01617432
-0.01678467
-0.01770020
-0.01953125
-0.02258301
-0.02563477
-0.02868652
-0.03082275
-0.03143311
-0.02960205
-0.02532959
-0.02075195
-0.01647949
-0.01251221
-0.00976563
-0.00793457
-0.00823975
-0.00946045
-0.01190186
-0.01464844
-0.01770020
-0.02105713
-0.02410889
-0.02532959
-0.02502441
-0.02319336
-0.02014160
-0.01586914
-0.01037598
-0.00518799
-0.00091553
 0.00213623
 0.00396729
 0.00366211
 0.00244141
 0.00091553
-0.00030518
-0.00122070
-0.00091553
 0.00061035
 0.00335693
 0.00762939
 0.01281738
 0.01800537
 0.02319336
 0.02868652
 0.03387451
 0.03723145
 0.03845215
 0.03723145
 0.03417969
 0.02960205
 0.02441406
 0.02014160
 0.01770020
 0.01708984
 0.01922607
 0.02380371
 0.02868652
 0.03356934
 0.03753662
 0.04150391
 0.04394531
 0.04486084
 0.04486084
 0.04364014
 0.04119873
 0.03723145
 0.03234863
 0.02777100
 0.02441406
 0.02288818
 0.02410889
 0.02807617
 0.03387451
 0.04058838
 0.04669189
 0.05187988
 0.05523682
 0.05615234
 0.05401611
 0.05004883
 0.04394531
 0.03753662
 0.03112793
 0.02593994
 0.02197266
 0.01861572
 0.01586914
 0.01495361
 0.01556396
 0.01647949
 0.01800537
 0.01953125
 0.02166748
 0.02319336
 0.02258301
 0.01892090
 0.01312256
 0.00610352
-0.00061035
-0.00610352
-0.01007080
-0.01129150
-0.01098633
-0.00946045
-0.00640869
-0.00274658
 0.00152588
 0.00549316
 0.00915527
 0.01159668
 0.01129150
 0.00823975
 0.00305176
-0.00396729
-0.01159668
-0.01922607
-0.02563477
-0.02960205
-0.03143311
-0.03082275
-0.02777100
-0.02319336
-0.01739502
-0.01159668
-0.00640869
-0.00274658
-0.00091553
-0.00091553
-0.00366211
-0.00885010
-0.01525879
-0.02197266
-0.02777100
-0.03326416
-0.03723145
-0.03814697
-0.03570557
-0.02990723
-0.02258301
-0.01464844
-0.00732422
-0.00183105
 0.00152588
 0.00152588
-0.00091553
-0.00457764
-0.00823975
-0.01159668
-0.01495361
-0.01770020
-0.01953125
-0.01953125
-0.01861572
-0.01586914
-0.01068115
-0.00335693
 0.00488281
 0.01190186
 0.01708984
 0.01983643
 0.01953125
 0.01770020
 0.01495361
 0.01068115
 0.00640869
 0.00366211
 0.00213623
 0.00274658
 0.00610352
 0.01098633
 0.01739502
 0.02380371
 0.02929688
 0.03387451
 0.03723145
 0.03875732
 0.03967285
 0.03936768
 0.03692627
 0.03356934
 0.02899170
 0.02471924
 0.02166748
 0.01922607
 0.01770020
 0.01861572
 0.02258301
 0.02777100
 0.03356934
 0.03814697
 0.03997803
 0.03936768
 0.03692627
 0.03265381
 0.02746582
 0.02136230
 0.01403809
 0.00701904
 0.00122070
-0.00244141
-0.00274658
-0.00152588
 0.00061035
 0.00366211
 0.00762939
 0.01190186
 0.01556396
 0.01861572
 0.02014160
 0.01892090
 0.01525879
 0.00915527
 0.00183105
-0.00701904
-0.01556396
-0.02258301
-0.02716064
-0.02899170
-0.02838135
-0.02624512
-0.02319336
-0.01953125
-0.01678467
-0.01495361
-0.01464844
-0.01617432
-0.02014160
-0.02655029
-0.03417969
-0.04150391
-0.04760742
-0.05187988
-0.05462646
-0.05523682
-0.05371094
-0.05157471
-0.04852295
-0.04516602
-0.04058838
-0.03509521
-0.03051758
-0.02777100
-0.02807617
-0.03112793
-0.03723145
-0.04455566
-0.05218506
-0.05889893
-0.06317139
-0.06408691
-0.06256104
-0.05767822
-0.05157471
-0.04425049
-0.03753662
-0.03204346
-0.02868652
-0.02655029
-0.02685547
-0.02960205
-0.03387451
-0.03845215
-0.04272461
-0.04638672
-0.04913330
-0.04974365
-0.04791260
-0.04364014
-0.03662109
-0.02685547
-0.01647949
-0.00640869
 0.00213623
 0.00732422
 0.00823975
 0.00579834
 0.00152588
-0.00396729
-0.00946045
-0.01434326
-0.01831055
-0.02014160
-0.01983643
-0.01739502
-0.01342773
-0.00732422
 0.00000000
 0.00885010
 0.01770020
 0.02532959
 0.02990723
 0.03173828
 0.03021240
 0.02624512
 0.02044678
 0.01434326
 0.00915527
 0.00488281
 0.00274658
 0.00366211
 0.00732422
 0.01281738
 0.02044678
 0.02899170
 0.03692627
 0.04302979
 0.04730225
 0.04882813
 0.04791260
 0.04394531
 0.03784180
 0.03021240
 0.02227783
 0.01525879
 0.01007080
 0.00732422
 0.00793457
 0.01068115
 0.01586914
 0.02105713
 0.02593994
 0.03112793
 0.03509521
 0.03723145
 0.03692627
 0.03326416
 0.02746582
 0.02044678
 0.01220703
 0.00335693
-0.00457764
-0.01098633
-0.01434326
-0.01464844
-0.01129150
-0.00549316
 0.00152588
 0.00915527
 0.01495361
 0.01831055
 0.01892090
 0.01739502
 0.01281738
 0.00610352
-0.00274658
-0.01159668
-0.01953125
-0.02563477
-0.02838135
-0.02899170
-0.02655029
-0.02227783
-0.01647949
-0.00976563
-0.00366211
 0.00030518
 0.00122070
-0.00122070
-0.00610352
-0.01251221
-0.01983643
-0.02807617
-0.03601074
-0.04180908
-0.04516602
-0.04486084
-0.04119873
-0.03479004
-0.02624512
-0.01647949
-0.00793457
-0.00122070
 0.00274658
 0.00427246
 0.00366211
 0.00030518
-0.00518799
-0.01159668
-0.01770020
-0.02227783
-0.02471924
-0.02410889
-0.02044678
-0.01373291
-0.00488281
 0.00457764
 0.01403809
 0.02166748
 0.02777100
 0.03143311
 0.03204346
 0.02929688
 0.02441406
 0.01800537
 0.01068115
 0.00396729
-0.00030518
-0.00213623
-0.00091553
 0.00427246
 0.01281738
 0.02258301
 0.03204346
 0.04028320
 0.04669189
 0.05096436
 0.05310059
 0.05279541
 0.05065918
 0.04730225
 0.04364014
 0.03906250
 0.03387451
 0.02990723
 0.02777100
 0.02746582
 0.02899170
 0.03295898
 0.03845215
 0.04486084
 0.05065918
 0.05523682
 0.05767822
 0.05767822
 0.05523682
 0.05096436
 0.04577637
 0.04058838
 0.03662109
 0.03387451
 0.03173828
 0.03082275
 0.03051758
 0.03082275
 0.03204346
 0.03356934
 0.03601074
 0.03967285
 0.04241943
 0.04394531
 0.04302979
 0.03997803
 0.03417969
 0.02746582
 0.02105713
 0.01647949
 0.01312256
 0.01159668
 0.01159668
 0.01281738
 0.01373291
 0.01403809
 0.01312256
 0.01190186
 0.01037598
 0.00793457
 0.00518799
 0.00213623
-0.00183105
-0.00671387
-0.01220703
-0.01739502
-0.02197266
-0.02502441
-0.02593994
-0.02471924
-0.02197266
-0.01831055
-0.01525879
-0.01342773
-0.01312256
-0.01495361
-0.01831055
-0.02136230
-0.02410889
-0.02655029
-0.02868652
-0.03082275
-0.03295898
-0.03540039
-0.03753662
-0.03845215
-0.03662109
-0.03326416
-0.02868652
-0.02441406
-0.02105713
-0.02014160
-0.02166748
-0.02532959
-0.02990723
-0.03479004
-0.03967285
-0.04364014
-0.04547119
-0.04516602
-0.04394531
-0.04180908
-0.03906250
-0.03570557
-0.03173828
-0.02777100
-0.02349854
-0.02014160
-0.01739502
-0.01525879
-0.01495361
-0.01678467
-0.02014160
-0.02380371
-0.02563477
-0.02563477
-0.02349854
-0.01861572
-0.01312256
-0.00793457
-0.00457764
-0.00335693
-0.00305176
-0.00305176
-0.00335693
-0.00335693
-0.00366211
-0.00396729
-0.00549316
-0.00762939
-0.01007080
-0.01129150
-0.01159668
-0.01068115
-0.00762939
-0.00274658
 0.00305176
 0.00885010
 0.01281738
 0.01464844
 0.01434326
 0.01159668
 0.00793457
 0.00457764
 0.00152588
 0.00000000
-0.00091553
-0.00183105
-0.00213623
-0.00183105
 0.00061035
 0.00366211
 0.00671387
 0.01068115
 0.01495361
 0.01861572
 0.02014160
 0.01922607
 0.01556396
 0.00885010
 0.00183105
-0.00427246
-0.00915527
-0.01312256
-0.01556396
-0.01647949
-0.01586914
-0.01464844
-0.01281738
-0.01129150
-0.00946045
-0.00762939
-0.00610352
-0.00549316
-0.00610352
-0.00854492
-0.01159668
-0.01617432
-0.02166748
-0.02685547
-0.03021240
-0.03143311
-0.03021240
-0.02746582
-0.02319336
-0.01922607
-0.01556396
-0.01373291
-0.01434326
-0.01708984
-0.02075195
-0.02410889
-0.02777100
-0.03082275
-0.03326416
-0.03570557
-0.03753662
-0.03845215
-0.03845215
-0.03753662
-0.03631592
-0.03448486
-0.03204346
-0.02868652
-0.02563477
-0.02349854
-0.02288818
-0.02349854
-0.02471924
-0.02685547
-0.02929688
-0.03051758
-0.03021240
-0.02807617
-0.02441406
-0.01953125
-0.01434326
-0.00946045
-0.00549316
-0.00274658
-0.00091553
 0.00061035
 0.00152588
 0.00152588
 0.00061035
-0.00152588
-0.00457764
-0.00701904
-0.00854492
-0.00885010
-0.00701904
-0.00396729
 0.00061035
 0.00640869
 0.01281738
 0.01800537
 0.02197266
 0.02441406
 0.02502441
 0.02471924
 0.02410889
 0.02288818
 0.02136230
 0.02014160
 0.01983643
 0.02136230
 0.02441406
 0.02838135
 0.03204346
 0.03540039
 0.03814697
 0.03997803
 0.04119873
 0.04119873
 0.04028320
 0.03906250
 0.03692627
 0.03448486
 0.03234863
 0.03112793
 0.03112793
 0.03143311
 0.03265381
 0.03509521
 0.03814697
 0.03997803
 0.04119873
 0.04119873
 0.03997803
 0.03784180
 0.03540039
 0.03204346
 0.02899170
 0.02624512
 0.02471924
 0.02319336
 0.02227783
 0.02227783
 0.02349854
 0.02593994
 0.02929688
 0.03204346
 0.03387451
 0.03326416
 0.03112793
 0.02716064
 0.02288818
 0.01831055
 0.01464844
 0.01159668
 0.00885010
 0.00640869
 0.00488281
 0.00427246
 0.00427246
 0.00488281
 0.00579834
 0.00671387
 0.00671387
 0.00671387
 0.00701904
 0.00610352
 0.00396729
 0.00030518
-0.00335693
-0.00701904
-0.00976563
-0.01159668
-0.01281738
-0.01373291
-0.01281738
-0.01098633
-0.00823975
-0.00549316
-0.00305176
-0.00183105
-0.00213623
-0.00335693
-0.00518799
-0.00701904
-0.00915527
-0.01129150
-0.01373291
-0.01647949
-0.01892090
-0.02044678
-0.02014160
-0.01892090
-0.01678467
-0.01373291
-0.01098633
-0.00915527
-0.00762939
-0.00671387
-0.00732422
-0.00885010
-0.01037598
-0.01159668
-0.01251221
-0.01190186
-0.01068115
-0.00823975
-0.00518799
-0.00091553
 0.00396729
 0.00885010
 0.01312256
 0.01647949
 0.01800537
 0.01800537
 0.01678467
 0.01495361
 0.01312256
 0.01129150
 0.00915527
 0.00701904
 0.00640869
 0.00671387
 0.00854492
 0.01159668
 0.01525879
 0.01861572
 0.02166748
 0.02410889
 0.02532959
 0.02502441
 0.02288818
 0.01953125
 0.01525879
 0.01098633
 0.00762939
 0.00610352
 0.00610352
 0.00823975
 0.01129150
 0.01525879
 0.02044678
 0.02532959
 0.02929688
 0.03204346
 0.03326416
 0.03295898
 0.03112793
 0.02716064
 0.02166748
 0.01495361
 0.00793457
 0.00183105
-0.00213623
-0.00366211
-0.00305176
-0.00061035
 0.00274658
 0.00610352
 0.00854492
 0.01068115
 0.01159668
 0.01037598
 0.00762939
 0.00335693
-0.00183105
-0.00823975
-0.01495361
-0.02136230
-0.02685547
-0.03082275
-0.03295898
-0.03265381
-0.02990723
-0.02532959
-0.02014160
-0.01495361
-0.01129150
-0.00915527
-0.00976563
-0.01190186
-0.01556396
-0.02044678
-0.02593994
-0.03112793
-0.03540039
-0.03906250
-0.04180908
-0.04333496
-0.04333496
-0.04180908
-0.03936768
-0.03662109
-0.03417969
-0.03173828
-0.03021240
-0.03082275
-0.03234863
-0.03479004
-0.03723145
-0.03967285
-0.04211426
-0.04364014
-0.04333496
-0.04089355
-0.03753662
-0.03356934
-0.02899170
-0.02532959
-0.02227783
-0.02044678
-0.01892090
-0.01831055
-0.01892090
-0.02014160
-0.02227783
-0.02471924
-0.02655029
-0.02746582
-0.02716064
-0.02532959
-0.02227783
-0.01831055
-0.01464844
-0.01098633
-0.00701904
-0.00427246
-0.00244141
-0.00183105
-0.00183105
-0.00244141
-0.00335693
-0.00488281
-0.00640869
-0.00732422
-0.00762939
-0.00610352
-0.00274658
 0.00152588
 0.00640869
 0.01190186
 0.01708984
 0.02075195
 0.02319336
 0.02441406
 0.02471924
 0.02441406
 0.02349854
 0.02166748
 0.01953125
 0.01770020
 0.01617432
 0.01586914
 0.01556396
 0.01586914
 0.01708984
 0.01922607
 0.02227783
 0.02410889
 0.02532959
 0.02532959
 0.02380371
 0.02075195
 0.01678467
 0.01281738
 0.00885010
 0.00640869
 0.00488281
 0.00457764
 0.00518799
 0.00701904
 0.00946045
 0.01159668
 0.01342773
 0.01434326
 0.01434326
 0.01403809
 0.01342773
 0.01251221
 0.01159668
 0.00946045
 0.00732422
 0.00396729
 0.00000000
-0.00366211
-0.00671387
-0.00885010
-0.00854492
-0.00732422
-0.00610352
-0.00488281
-0.00457764
-0.00518799
-0.00793457
-0.01129150
-0.01464844
-0.01800537
-0.02166748
-0.02502441
-0.02777100
-0.02960205
-0.03082275
-0.03173828
-0.03204346
-0.03173828
-0.03021240
-0.02807617
-0.02532959
-0.02227783
-0.01922607
-0.01678467
-0.01556396
-0.01617432
-0.01708984
-0.01861572
-0.02044678
-0.02258301
-0.02471924
-0.02563477
-0.02532959
-0.02441406
-0.02380371
-0.02288818
-0.02197266
-0.02044678
-0.01892090
-0.01678467
-0.01495361
-0.01312256
-0.01251221
-0.01220703
-0.01190186
-0.01098633
-0.01007080
-0.00885010
-0.00732422
-0.00518799
-0.00274658
 0.00061035
 0.00396729
 0.00640869
 0.00823975
 0.01098633
 0.01312256
 0.01464844
 0.01586914
 0.01739502
 0.01861572
 0.01892090
 0.01892090
 0.01953125
 0.02075195
 0.02227783
 0.02471924
 0.02685547
 0.02929688
 0.03204346
 0.03417969
 0.03540039
 0.03570557
 0.03540039
 0.03448486
 0.03417969
 0.03387451
 0.03356934
 0.03356934
 0.03387451
 0.03417969
 0.03509521
 0.03570557
 0.03570557
 0.03601074
 0.03784180
 0.04119873
 0.04455566
 0.04699707
 0.04760742
 0.04730225
 0.04577637
 0.04425049
 0.04302979
 0.04119873
 0.03936768
 0.03784180
 0.03692627
 0.03662109
 0.03692627
 0.03631592
 0.03509521
 0.03356934
 0.03112793
 0.02868652
 0.02655029
 0.02410889
 0.02258301
 0.02105713
 0.01953125
 0.01770020
 0.01525879
 0.01281738
 0.01068115
 0.00885010
 0.00793457
 0.00793457
 0.00823975
 0.00823975
 0.00732422
 0.00579834
 0.00427246
 0.00152588
-0.00152588
-0.00549316
-0.00854492
-0.01098633
-0.01281738
-0.01403809
-0.01403809
-0.01342773
-0.01220703
-0.01159668
-0.01098633
-0.01068115
-0.01129150
-0.01251221
-0.01373291
-0.01556396
-0.01739502
-0.01983643
-0.02197266
-0.02471924
-0.02807617
-0.03173828
-0.03387451
-0.03448486
-0.03295898
-0.02929688
-0.02502441
-0.02105713
-0.01831055
-0.01708984
-0.01678467
-0.01647949
-0.01647949
-0.01770020
-0.01892090
-0.01983643
-0.02136230
-0.02288818
-0.02319336
-0.02258301
-0.02136230
-0.01983643
-0.01739502
-0.01434326
-0.01098633
-0.00854492
-0.00701904
-0.00640869
-0.00671387
-0.00793457
-0.01007080
-0.01312256
-0.01556396
-0.01647949
-0.01586914
-0.01434326
-0.01129150
-0.00732422
-0.00305176
 0.00091553
 0.00457764
 0.00732422
 0.00976563
 0.01159668
 0.01220703
 0.01190186
 0.00976563
 0.00701904
 0.00396729
 0.00152588
 0.00030518
 0.00000000
 0.00183105
 0.00457764
 0.00793457
 0.01098633
 0.01373291
 0.01525879
 0.01617432
 0.01678467
 0.01708984
 0.01647949
 0.01464844
 0.01220703
 0.00946045
 0.00701904
 0.00488281
 0.00305176
 0.00183105
 0.00152588
 0.00274658
 0.00488281
 0.00762939
 0.01007080
 0.01190186
 0.01251221
 0.01159668
 0.00976563
 0.00701904
 0.00427246
 0.00122070
-0.00091553
-0.00274658
-0.00366211
-0.00396729
-0.00396729
-0.00396729
-0.00366211
-0.00305176
-0.00213623
-0.00091553
-0.00030518
-0.00091553
-0.00335693
-0.00701904
-0.01068115
-0.01464844
-0.01861572
-0.02227783
-0.02502441
-0.02655029
-0.02716064
-0.02746582
-0.02685547
-0.02593994
-0.02502441
-0.02380371
-0.02258301
-0.02197266
-0.02136230
-0.02166748
-0.02258301
-0.02441406
-0.02655029
-0.02899170
-0.03082275
-0.03173828
-0.03173828
-0.03082275
-0.02899170
-0.02716064
-0.02563477
-0.02380371
-0.02319336
-0.02288818
-0.02319336
-0.02349854
-0.02380371
-0.02380371
-0.02349854
-0.02319336
-0.02380371
-0.02563477
-0.02746582
-0.02838135
-0.02777100
-0.02563477
-0.02288818
-0.02044678
-0.01861572
-0.01739502
-0.01708984
-0.01647949
-0.01525879
-0.01281738
-0.01037598
-0.00823975
-0.00640869
-0.00488281
-0.00366211
-0.00244141
-0.00122070
 0.00000000
 0.00152588
 0.00305176
 0.00396729
 0.00488281
 0.00579834
 0.00579834
 0.00457764
 0.00335693
 0.00274658
 0.00274658
 0.00305176
 0.00366211
 0.00396729
 0.00488281
 0.00640869
 0.00885010
 0.01190186
 0.01434326
 0.01617432
 0.01770020
 0.01892090
 0.01953125
 0.01892090
 0.01678467
 0.01373291
 0.01068115
 0.00885010
 0.00915527
 0.01098633
 0.01373291
 0.01739502
 0.02105713
 0.02349854
 0.02502441
 0.02624512
 0.02655029
 0.02655029
 0.02593994
 0.02471924
 0.02319336
 0.02105713
 0.01770020
 0.01281738
 0.00885010
 0.00610352
 0.00518799
 0.00671387
 0.00976563
 0.01373291
 0.01770020
 0.02105713
 0.02319336
 0.02319336
 0.02166748
 0.01892090
 0.01556396
 0.01251221
 0.00976563
 0.00823975
 0.00732422
 0.00671387
 0.00762939
 0.00854492
 0.00915527
 0.01007080
 0.01098633
 0.01220703
 0.01312256
 0.01373291
 0.01342773
 0.01159668
 0.00793457
 0.00335693
-0.00152588
-0.00518799
-0.00762939
-0.00823975
-0.00762939
-0.00549316
-0.00152588
 0.00213623
 0.00579834
 0.00854492
 0.00946045
 0.00854492
 0.00610352
 0.00366211
 0.00091553
-0.00152588
-0.00396729
-0.00518799
-0.00518799
-0.00488281
-0.00396729
-0.00244141
 0.00000000
 0.00335693
 0.00732422
 0.01129150
 0.01495361
 0.01739502
 0.01770020
 0.01495361
 0.01007080
 0.00518799
 0.00030518
-0.00335693
-0.00518799
-0.00549316
-0.00396729
-0.00122070
 0.00213623
 0.00549316
 0.00885010
 0.01159668
 0.01342773
 0.01464844
 0.01495361
 0.01434326
 0.01281738
 0.01037598
 0.00823975
 0.00549316
 0.00274658
 0.00152588
 0.00152588
 0.00335693
 0.00671387
 0.01129150
 0.01586914
 0.01953125
 0.02258301
 0.02410889
 0.02380371
 0.02166748
 0.01831055
 0.01342773
 0.00793457
 0.00335693
-0.00061035
-0.00396729
-0.00518799
-0.00488281
-0.00213623
 0.00213623
 0.00793457
 0.01312256
 0.01647949
 0.01800537
 0.01739502
 0.01495361
 0.01159668
 0.00671387
 0.00213623
-0.00244141
-0.00701904
-0.01098633
-0.01373291
-0.01434326
-0.01220703
-0.00793457
-0.00244141
 0.00366211
 0.00885010
 0.01251221
 0.01373291
 0.01281738
 0.00885010
 0.00305176
-0.00396729
-0.01068115
-0.01586914
-0.01922607
-0.02075195
-0.02075195
-0.02014160
-0.01922607
-0.01678467
-0.01312256
-0.00885010
-0.00488281
-0.00213623
-0.00122070
-0.00244141
-0.00518799
-0.01037598
-0.01586914
-0.02166748
-0.02655029
-0.02899170
-0.02929688
-0.02685547
-0.02166748
-0.01495361
-0.00793457
-0.00213623
 0.00213623
 0.00457764
 0.00488281
 0.00305176
-0.00030518
-0.00457764
-0.01007080
-0.01464844
-0.01861572
-0.02136230
-0.02258301
-0.02197266
-0.01983643
-0.01556396
-0.01068115
-0.00579834
-0.00091553
 0.00274658
 0.00427246
 0.00274658
-0.00030518
-0.00427246
-0.00793457
-0.01129150
-0.01373291
-0.01495361
-0.01556396
-0.01434326
-0.01129150
-0.00701904
-0.00244141
 0.00244141
 0.00640869
 0.00946045
 0.01129150
 0.01190186
 0.01098633
 0.00915527
 0.00671387
 0.00396729
 0.00061035
-0.00274658
-0.00549316
-0.00640869
-0.00610352
-0.00457764
-0.00213623
 0.00122070
 0.00488281
 0.00762939
 0.00854492
 0.00762939
 0.00549316
 0.00274658
-0.00030518
-0.00335693
-0.00579834
-0.00732422
-0.00823975
-0.00854492
-0.00885010
-0.00854492
-0.00732422
-0.00518799
-0.00244141
 0.00030518
 0.00305176
 0.00457764
 0.00457764
 0.00335693
 0.00061035
-0.00335693
-0.00823975
-0.01251221
-0.01525879
-0.01617432
-0.01556396
-0.01434326
-0.01251221
-0.01037598
-0.00823975
-0.00671387
-0.00549316
-0.00549316
-0.00579834
-0.00793457
-0.01068115
-0.01403809
-0.01770020
-0.02227783
-0.02685547
-0.03021240
-0.03173828
-0.03112793
-0.02807617
-0.02380371
-0.01922607
-0.01464844
-0.01068115
-0.00793457
-0.00610352
-0.00518799
-0.00610352
-0.00823975
-0.01098633
-0.01403809
-0.01708984
-0.01922607
-0.02044678
-0.02136230
-0.02166748
-0.02105713
-0.01892090
-0.01556396
-0.01220703
-0.00946045
-0.00732422
-0.00610352
-0.00579834
-0.00579834
-0.00640869
-0.00732422
-0.00885010
-0.01007080
-0.01129150
-0.01159668
-0.01098633
-0.00915527
-0.00549316
-0.00122070
 0.00305176
 0.00732422
 0.01068115
 0.01281738
 0.01464844
 0.01525879
 0.01464844
 0.01251221
 0.00946045
 0.00671387
 0.00488281
 0.00396729
 0.00396729
 0.00488281
 0.00671387
 0.00976563
 0.01373291
 0.01800537
 0.02166748
 0.02441406
 0.02624512
 0.02685547
 0.02716064
 0.02655029
 0.02441406
 0.02105713
 0.01678467
 0.01281738
 0.01098633
 0.01159668
 0.01403809
 0.01800537
 0.02227783
 0.02624512
 0.02990723
 0.03265381
 0.03540039
 0.03692627
 0.03723145
 0.03601074
 0.03387451
 0.03112793
 0.02777100
 0.02380371
 0.02044678
 0.01800537
 0.01678467
 0.01708984
 0.01831055
 0.02105713
 0.02410889
 0.02655029
 0.02777100
 0.02807617
 0.02746582
 0.02624512
 0.02349854
 0.02014160
 0.01586914
 0.01190186
 0.00854492
 0.00610352
 0.00427246
 0.00366211
 0.00396729
 0.00457764
 0.00549316
 0.00701904
 0.00823975
 0.00854492
 0.00762939
 0.00518799
 0.00213623
-0.00122070
-0.00457764
-0.00762939
-0.00885010
-0.01007080
-0.01037598
-0.01068115
-0.01068115
-0.01037598
-0.00885010
-0.00732422
-0.00579834
-0.00457764
-0.00427246
-0.00457764
-0.00640869
-0.00915527
-0.01251221
-0.01586914
-0.01922607
-0.02075195
-0.02075195
-0.01983643
-0.01800537
-0.01556396
-0.01312256
-0.01037598
-0.00793457
-0.00579834
-0.00427246
-0.00396729
-0.00427246
-0.00549316
-0.00762939
-0.00946045
-0.01190186
-0.01464844
-0.01647949
-0.01770020
-0.01770020
-0.01647949
-0.01434326
-0.01159668
-0.00793457
-0.00396729
-0.00061035
 0.00183105
 0.00396729
 0.00518799
 0.00549316
 0.00518799
 0.00457764
 0.00305176
 0.00122070
-0.00030518
-0.00091553
-0.00030518
 0.00030518
 0.00244141
 0.00549316
 0.00854492
 0.01129150
 0.01373291
 0.01525879
 0.01617432
 0.01678467
 0.01739502
 0.01739502
 0.01647949
 0.01525879
 0.01373291
 0.01281738
 0.01251221
 0.01312256
 0.01464844
 0.01617432
 0.01800537
 0.01922607
 0.02044678
 0.02105713
 0.02075195
 0.02014160
 0.01922607
 0.01800537
 0.01556396
 0.01312256
 0.01098633
 0.00976563
 0.00854492
 0.00823975
 0.00823975
 0.00915527
 0.01068115
 0.01251221
 0.01403809
 0.01464844
 0.01434326
 0.01403809
 0.01342773
 0.01190186
 0.00946045
 0.00640869
 0.00335693
 0.00000000
-0.00274658
-0.00457764
-0.00579834
-0.00549316
-0.00488281
-0.00427246
-0.00366211
-0.00366211
-0.00396729
-0.00457764
-0.00610352
-0.00793457
-0.00915527
-0.01037598
-0.01129150
-0.01251221
-0.01373291
-0.01586914
-0.01861572
-0.02105713
-0.02319336
-0.02410889
-0.02502441
-0.02563477
-0.02563477
-0.02532959
-0.02532959
-0.02563477
-0.02563477
-0.02593994
-0.02655029
-0.02655029
-0.02685547
-0.02746582
-0.02838135
-0.02929688
-0.02990723
-0.03173828
-0.03387451
-0.03509521
-0.03540039
-0.03387451
-0.03204346
-0.02990723
-0.02838135
-0.02716064
-0.02624512
-0.02563477
-0.02502441
-0.02502441
-0.02502441
-0.02502441
-0.02471924
-0.02410889
-0.02380371
-0.02288818
-0.02197266
-0.02105713
-0.01983643
-0.01770020
-0.01525879
-0.01312256
-0.01159668
-0.01007080
-0.00885010
-0.00885010
-0.00946045
-0.01068115
-0.01037598
-0.01007080
-0.00915527
-0.00854492
-0.00762939
-0.00640869
-0.00457764
-0.00274658
-0.00030518
 0.00183105
 0.00366211
 0.00549316
 0.00671387
 0.00671387
 0.00671387
 0.00671387
 0.00671387
 0.00701904
 0.00762939
 0.00823975
 0.00946045
 0.01037598
 0.01190186
 0.01281738
 0.01342773
 0.01434326
 0.01525879
 0.01556396
 0.01617432
 0.01708984
 0.01800537
 0.01892090
 0.01953125
 0.02014160
 0.02044678
 0.01983643
 0.01922607
 0.01800537
 0.01647949
 0.01586914
 0.01617432
 0.01617432
 0.01586914
 0.01586914
 0.01556396
 0.01495361
 0.01434326
 0.01312256
 0.01251221
 0.01220703
 0.01251221
 0.01281738
 0.01312256
 0.01342773
 0.01342773
 0.01373291
 0.01312256
 0.01251221
 0.01190186
 0.01068115
 0.00915527
 0.00762939
 0.00701904
 0.00640869
 0.00549316
 0.00427246
 0.00274658
 0.00122070
 0.00030518
 0.00000000
-0.00061035
 0.00000000
 0.00030518
 0.00061035
 0.00061035
 0.00000000
-0.00122070
-0.00335693
-0.00549316
-0.00701904
-0.00823975
-0.00823975
-0.00885010
-0.00946045
-0.01007080
-0.01068115
-0.01098633
-0.01037598
-0.00823975
-0.00579834
-0.00366211
-0.00244141
-0.00213623
-0.00213623
-0.00213623
-0.00305176
-0.00427246
-0.00579834
-0.00701904
-0.00793457
-0.00854492
-0.00854492
-0.00823975
-0.00762939
-0.00732422
-0.00671387
-0.00579834
-0.00518799
-0.00396729
-0.00244141
-0.00061035
 0.00030518
 0.00122070
 0.00152588
 0.00122070
 0.00030518
 0.00000000
 0.00091553
 0.00244141
 0.00396729
 0.00518799
 0.00640869
 0.00762939
 0.00885010
 0.00946045
 0.00946045
 0.00976563
 0.01007080
 0.01007080
 0.01068115
 0.01129150
 0.01098633
 0.01037598
 0.00976563
 0.01007080
 0.01068115
 0.01098633
 0.01220703
 0.01312256
 0.01373291
 0.01464844
 0.01464844
 0.01434326
 0.01373291
 0.01373291
 0.01342773
 0.01251221
 0.01190186
 0.01220703
 0.01251221
 0.01281738
 0.01251221
 0.01281738
 0.01342773
 0.01373291
 0.01434326
 0.01525879
 0.01678467
 0.01770020
 0.01770020
 0.01831055
 0.01831055
 0.01800537
 0.01770020
 0.01647949
 0.01495361
 0.01281738
 0.01068115
 0.00885010
 0.00762939
 0.00640869
 0.00549316
 0.00457764
 0.00396729
 0.00335693
 0.00305176
 0.00274658
 0.00152588
 0.00061035
 0.00000000
-0.00030518
-0.00061035
-0.00061035
-0.00091553
-0.00091553
-0.00061035
-0.00030518
-0.00030518
-0.00030518
-0.00061035
-0.00061035
-0.00152588
-0.00335693
-0.00579834
-0.00793457
-0.01007080
-0.01129150
-0.01220703
-0.01190186
-0.01129150
-0.01037598
-0.00915527
-0.00793457
-0.00732422
-0.00701904
-0.00640869
-0.00610352
-0.00610352
-0.00671387
-0.00793457
-0.00946045
-0.01098633
-0.01281738
-0.01373291
-0.01434326
-0.01373291
-0.01251221
-0.01098633
-0.00854492
-0.00549316
-0.00274658
-0.00122070
-0.00061035
-0.00061035
-0.00061035
-0.00183105
-0.00335693
-0.00488281
-0.00579834
-0.00640869
-0.00701904
-0.00732422
-0.00762939
-0.00640869
-0.00518799
-0.00305176
-0.00061035
 0.00183105
 0.00396729
 0.00549316
 0.00549316
 0.00427246
 0.00244141
 0.00030518
-0.00152588
-0.00244141
-0.00305176
-0.00396729
-0.00427246
-0.00396729
-0.00335693
-0.00213623
-0.00091553
-0.00030518
 0.00122070
 0.00274658
 0.00366211
 0.00335693
 0.00244141
 0.00213623
 0.00152588
 0.00091553
 0.00000000
-0.00061035
-0.00030518
 0.00030518
 0.00061035
 0.00061035
 0.00030518
 0.00061035
 0.00122070
 0.00091553
 0.00030518
-0.00061035
-0.00122070
-0.00274658
-0.00427246
-0.00610352
-0.00793457
-0.00946045
-0.01037598
-0.01037598
-0.00915527
-0.00732422
-0.00457764
-0.00274658
-0.00183105
-0.00213623
-0.00305176
-0.00457764
-0.00640869
-0.00823975
-0.00946045
-0.01068115
-0.01190186
-0.01281738
-0.01373291
-0.01495361
-0.01586914
-0.01617432
-0.01556396
-0.01434326
-0.01342773
-0.01190186
-0.01007080
-0.00885010
-0.00854492
-0.00915527
-0.01068115
-0.01281738
-0.01525879
-0.01739502
-0.01892090
-0.02014160
-0.02075195
-0.02044678
-0.01983643
-0.01861572
-0.01708984
-0.01525879
-0.01312256
-0.01129150
-0.00976563
-0.00823975
-0.00671387
-0.00579834
-0.00488281
-0.00457764
-0.00488281
-0.00518799
-0.00579834
-0.00640869
-0.00640869
-0.00549316
-0.00427246
-0.00305176
-0.00183105
-0.00061035
-0.00030518
-0.00091553
-0.00213623
-0.00305176
-0.00396729
-0.00427246
-0.00396729
-0.00366211
-0.00305176
-0.00244141
-0.00152588
-0.00061035
 0.00030518
 0.00152588
 0.00244141
 0.00335693
 0.00427246
 0.00488281
 0.00549316
 0.00579834
 0.00610352
 0.00640869
 0.00701904
 0.00762939
 0.00823975
 0.00885010
 0.00946045
 0.01068115
 0.01281738
 0.01464844
 0.01586914
 0.01617432
 0.01586914
 0.01556396
 0.01495361
 0.01403809
 0.01312256
 0.01129150
 0.00915527
 0.00823975
 0.00793457
 0.00762939
 0.00701904
 0.00701904
 0.00701904
 0.00732422
 0.00762939
 0.00732422
 0.00823975
 0.00885010
 0.00976563
 0.01068115
 0.01129150
 0.01159668
 0.01068115
 0.00946045
 0.00762939
 0.00640869
 0.00549316
 0.00457764
 0.00427246
 0.00427246
 0.00457764
 0.00427246
 0.00366211
 0.00305176
 0.00244141
 0.00183105
 0.00091553
 0.00000000
-0.00030518
-0.00091553
-0.00152588
-0.00305176
-0.00427246
-0.00518799
-0.00671387
-0.00823975
-0.00946045
-0.01037598
-0.01068115
-0.01007080
-0.00854492
-0.00701904
-0.00549316
-0.00427246
-0.00305176
-0.00183105
-0.00122070
-0.00061035
 0.00061035
 0.00152588
 0.00183105
 0.00152588
 0.00030518
-0.00122070
-0.00305176
-0.00396729
-0.00457764
-0.00457764
-0.00335693
-0.00244141
-0.00122070
-0.00030518
 0.00030518
 0.00030518
 0.00030518
 0.00030518
 0.00061035
 0.00061035
 0.00030518
 0.00000000
-0.00030518
-0.00061035
-0.00091553
-0.00091553
 0.00030518
 0.00274658
 0.00518799
 0.00732422
 0.01007080
 0.01251221
 0.01495361
 0.01678467
 0.01770020
 0.01770020
 0.01770020
 0.01708984
 0.01617432
 0.01556396
 0.01495361
 0.01434326
 0.01373291
 0.01373291
 0.01373291
 0.01495361
 0.01586914
 0.01739502
 0.01861572
 0.01892090
 0.01831055
 0.01708984
 0.01525879
 0.01403809
 0.01342773
 0.01281738
 0.01312256
 0.01342773
 0.01434326
 0.01464844
 0.01495361
 0.01556396
 0.01647949
 0.01708984
 0.01800537
 0.01953125
 0.02075195
 0.02105713
 0.02014160
 0.01739502
 0.01403809
 0.01098633
 0.00976563
 0.00946045
 0.00946045
 0.00976563
 0.00976563
 0.00946045
 0.00915527
 0.00854492
 0.00762939
 0.00671387
 0.00518799
 0.00335693
 0.00183105
 0.00000000
-0.00213623
-0.00457764
-0.00671387
-0.00854492
-0.00976563
-0.01037598
-0.01007080
-0.00946045
-0.00823975
-0.00732422
-0.00610352
-0.00579834
-0.00610352
-0.00671387
-0.00823975
-0.00976563
-0.01159668
-0.01342773
-0.01464844
-0.01525879
-0.01617432
-0.01739502
-0.01831055
-0.01892090
-0.01922607
-0.01892090
-0.01861572
-0.01861572
-0.01892090
-0.01953125
-0.02014160
-0.02166748
-0.02319336
-0.02410889
-0.02441406
-0.02410889
-0.02410889
-0.02380371
-0.02319336
-0.02197266
-0.02075195
-0.01922607
-0.01770020
-0.01617432
-0.01464844
-0.01342773
-0.01251221
-0.01251221
-0.01312256
-0.01342773
-0.01312256
-0.01251221
-0.01190186
-0.01159668
-0.01129150
-0.01098633
-0.01098633
-0.01068115
-0.01037598
-0.01068115
-0.01068115
-0.00976563
-0.00885010
-0.00854492
-0.00823975
-0.00823975
-0.00762939
-0.00762939
-0.00762939
-0.00671387
-0.00488281
-0.00244141
 0.00000000
 0.00183105
 0.00366211
 0.00488281
 0.00549316
 0.00579834
 0.00640869
 0.00671387
 0.00732422
 0.00793457
 0.00793457
 0.00732422
 0.00671387
 0.00610352
 0.00579834
 0.00579834
 0.00579834
 0.00640869
 0.00762939
 0.00915527
 0.01007080
 0.01068115
 0.01068115
 0.01037598
 0.00946045
 0.00793457
 0.00518799
 0.00213623
-0.00030518
-0.00244141
-0.00335693
-0.00366211
-0.00335693
-0.00274658
-0.00152588
 0.00091553
 0.00366211
 0.00549316
 0.00701904
 0.00793457
 0.00823975
 0.00762939
 0.00610352
 0.00396729
 0.00091553
-0.00213623
-0.00488281
-0.00732422
-0.00854492
-0.00885010
-0.00823975
-0.00701904
-0.00549316
-0.00396729
-0.00274658
-0.00183105
-0.00183105
-0.00305176
-0.00488281
-0.00701904
-0.00946045
-0.01190186
-0.01434326
-0.01586914
-0.01678467
-0.01708984
-0.01678467
-0.01556396
-0.01342773
-0.01068115
-0.00854492
-0.00793457
-0.00732422
-0.00732422
-0.00762939
-0.00885010
-0.01007080
-0.01159668
-0.01312256
-0.01373291
-0.01403809
-0.01342773
-0.01281738
-0.01159668
-0.01007080
-0.00823975
-0.00640869
-0.00488281
-0.00335693
-0.00335693
-0.00427246
-0.00610352
-0.00732422
-0.00915527
-0.01037598
-0.01098633
-0.01068115
-0.00915527
-0.00671387
-0.00366211
-0.00030518
 0.00305176
 0.00610352
 0.00793457
 0.00885010
 0.01007080
 0.01129150
 0.01251221
 0.01251221
 0.01190186
 0.01159668
 0.01129150
 0.01068115
 0.01098633
 0.01129150
 0.01281738
 0.01434326
 0.01586914
 0.01800537
 0.01922607
 0.01983643
 0.01953125
 0.01831055
 0.01647949
 0.01434326
 0.01251221
 0.01159668
 0.01068115
 0.00976563
 0.00946045
 0.01037598
 0.01159668
 0.01373291
 0.01525879
 0.01617432
 0.01739502
 0.01861572
 0.02044678
 0.02197266
 0.02288818
 0.02349854
 0.02319336
 0.02258301
 0.02105713
 0.01953125
 0.01861572
 0.01861572
 0.01892090
 0.01922607
 0.01953125
 0.01953125
 0.01892090
 0.01770020
 0.01586914
 0.01403809
 0.01251221
 0.01068115
 0.00915527
 0.00823975
 0.00762939
 0.00671387
 0.00579834
 0.00488281
 0.00427246
 0.00396729
 0.00427246
 0.00488281
 0.00457764
 0.00457764
 0.00366211
 0.00335693
 0.00183105
-0.00030518
-0.00244141
-0.00427246
-0.00610352
-0.00671387
-0.00640869
-0.00518799
-0.00396729
-0.00305176
-0.00244141
-0.00213623
-0.00274658
-0.00396729
-0.00549316
-0.00640869
-0.00823975
-0.01068115
-0.01342773
-0.01556396
-0.01739502
-0.01831055
-0.01800537
-0.01678467
-0.01525879
-0.01312256
-0.01098633
-0.00946045
-0.00823975
-0.00793457
-0.00762939
-0.00793457
-0.00854492
-0.00946045
-0.01068115
-0.01159668
-0.01220703
-0.01251221
-0.01190186
-0.01098633
-0.00915527
-0.00762939
-0.00610352
-0.00396729
-0.00152588
 0.00000000
 0.00061035
 0.00091553
-0.00030518
-0.00152588
-0.00305176
-0.00457764
-0.00549316
-0.00549316
-0.00488281
-0.00366211
-0.00244141
-0.00122070
-0.00061035
 0.00000000
 0.00091553
 0.00274658
 0.00427246
 0.00488281
 0.00457764
 0.00488281
 0.00549316
 0.00549316
 0.00549316
 0.00579834
 0.00610352
 0.00640869
 0.00762939
 0.01007080
 0.01251221
 0.01403809
 0.01403809
 0.01342773
 0.01220703
 0.01037598
 0.00854492
 0.00701904
 0.00549316
 0.00396729
 0.00305176
 0.00274658
 0.00305176
 0.00274658
 0.00244141
 0.00244141
 0.00305176
 0.00396729
 0.00457764
 0.00518799
 0.00579834
 0.00579834
 0.00488281
 0.00305176
 0.00122070
-0.00061035
-0.00183105
-0.00274658
-0.00274658
