 0.00000000
-0.00030518
-0.00061035
-0.00061035
-0.00061035
-0.00030518
 0.00000000
 0.00000000
 0.00000000
 0.00000000
 0.00000000
-0.00030518
-0.00030518
-0.00061035
-0.00030518
-0.00030518
-0.00030518
 0.00000000
 0.00000000
-0.00030518
-0.00030518
-0.00030518
-0.00030518
 0.00000000
 0.00000000
 0.00030518
 0.00030518
 0.00030518
 0.00000000
-0.00030518
-0.00030518
-0.00030518
 0.00000000
 0.00000000
 0.00030518
 0.00030518
 0.00000000
-0.00030518
-0.00061035
-0.00091553
-0.00091553
-0.00061035
-0.00030518
 0.00000000
 0.00000000
 0.00030518
 0.00030518
 0.00030518
 0.00030518
 0.00030518
 0.00000000
 0.00000000
 0.00000000
-0.00030518
-0.00030518
-0.00030518
-0.00030518
-0.00030518
 0.00000000
 0.00000000
 0.00030518
 0.00030518
 0.00000000
 0.00000000
-0.00030518
-0.00061035
-0.00061035
-0.00061035
-0.00061035
-0.00030518
 0.00000000
 0.00000000
-0.00030518
-0.00091553
-0.00152588
-0.00152588
-0.00091553
 0.00030518
 0.00152588
 0.00183105
 0.00091553
-0.00091553
-0.00244141
-0.00274658
-0.00091553
 0.00305176
 0.00701904
 0.00946045
 0.00793457
 0.00183105
-0.00671387
-0.01495361
-0.01892090
-0.01617432
-0.00701904
 0.00579834
 0.01708984
 0.02258301
 0.01983643
 0.01007080
-0.00305176
-0.01403809
-0.01953125
-0.01739502
-0.00946045
 0.00030518
 0.00793457
 0.01037598
 0.00793457
 0.00213623
-0.00366211
-0.00671387
-0.00640869
-0.00244141
 0.00244141
 0.00671387
 0.00823975
 0.00640869
 0.00183105
-0.00396729
-0.00915527
-0.01159668
-0.01068115
-0.00579834
 0.00183105
 0.00976563
 0.01525879
 0.01586914
 0.01129150
 0.00244141
-0.00762939
-0.01495361
-0.01647949
-0.01190186
-0.00274658
 0.00732422
 0.01373291
 0.01403809
 0.00793457
-0.00122070
-0.01007080
-0.01464844
-0.01312256
-0.00610352
 0.00305176
 0.01068115
 0.01373291
 0.01098633
 0.00427246
-0.00396729
-0.01037598
-0.01251221
-0.01007080
-0.00457764
 0.00213623
 0.00701904
 0.00854492
 0.00640869
 0.00183105
-0.00305176
-0.00640869
-0.00671387
-0.00396729
 0.00030518
 0.00457764
 0.00610352
 0.00457764
 0.00061035
-0.00427246
-0.00762939
-0.00762939
-0.00457764
 0.00091553
 0.00579834
 0.00854492
 0.00793457
 0.00427246
-0.00061035
-0.00396729
-0.00488281
-0.00244141
 0.00183105
 0.00579834
 0.00732422
 0.00518799
 0.00000000
-0.00610352
-0.01068115
-0.01220703
-0.00946045
-0.00335693
 0.00396729
 0.00946045
 0.01098633
 0.00793457
 0.00122070
-0.00701904
-0.01342773
-0.01556396
-0.01281738
-0.00610352
 0.00183105
 0.00823975
 0.01068115
 0.00885010
 0.00396729
-0.00091553
-0.00305176
-0.00061035
 0.00518799
 0.01190186
 0.01617432
 0.01525879
 0.00885010
-0.00091553
-0.01098633
-0.01708984
-0.01739502
-0.01220703
-0.00396729
 0.00366211
 0.00823975
 0.00854492
 0.00488281
-0.00030518
-0.00427246
-0.00549316
-0.00366211
 0.00000000
 0.00335693
 0.00518799
 0.00457764
 0.00183105
-0.00183105
-0.00518799
-0.00701904
-0.00701904
-0.00549316
-0.00274658
 0.00030518
 0.00274658
 0.00396729
 0.00427246
 0.00335693
 0.00183105
 0.00061035
-0.00030518
-0.00030518
 0.00000000
 0.00030518
 0.00000000
-0.00091553
-0.00213623
-0.00366211
-0.00427246
-0.00366211
-0.00183105
 0.00091553
 0.00366211
 0.00579834
 0.00671387
 0.00640869
 0.00518799
 0.00305176
 0.00030518
-0.00213623
-0.00396729
-0.00549316
-0.00610352
-0.00579834
-0.00488281
-0.00305176
-0.00122070
 0.00030518
 0.00091553
 0.00091553
 0.00091553
 0.00122070
 0.00213623
 0.00305176
 0.00335693
 0.00305176
 0.00122070
-0.00152588
-0.00427246
-0.00579834
-0.00579834
-0.00396729
-0.00122070
 0.00122070
 0.00274658
 0.00274658
 0.00183105
 0.00091553
 0.00061035
 0.00183105
 0.00335693
 0.00488281
 0.00518799
 0.00366211
 0.00061035
-0.00305176
-0.00610352
-0.00762939
-0.00701904
-0.00518799
-0.00244141
-0.00030518
 0.00091553
 0.00122070
 0.00091553
 0.00061035
 0.00061035
 0.00091553
 0.00122070
 0.00122070
 0.00061035
-0.00091553
-0.00274658
-0.00427246
-0.00457764
-0.00366211
-0.00122070
 0.00213623
 0.00518799
 0.00762939
 0.00793457
 0.00640869
 0.00335693
 0.00000000
-0.00213623
-0.00274658
-0.00122070
 0.00122070
 0.00366211
 0.00396729
 0.00213623
-0.00213623
-0.00671387
-0.01007080
-0.01037598
-0.00732422
-0.00152588
 0.00488281
 0.01007080
 0.01190186
 0.00976563
 0.00488281
-0.00122070
-0.00640869
-0.00915527
-0.00946045
-0.00762939
-0.00518799
-0.00305176
-0.00213623
-0.00244141
-0.00274658
-0.00213623
-0.00030518
 0.00305176
 0.00701904
 0.00976563
 0.01068115
 0.00885010
 0.00488281
-0.00061035
-0.00610352
-0.00976563
-0.01098633
-0.00946045
-0.00579834
-0.00122070
 0.00335693
 0.00701904
 0.00854492
 0.00854492
 0.00762939
 0.00579834
 0.00366211
 0.00152588
-0.00061035
-0.00274658
-0.00488281
-0.00671387
-0.00793457
-0.00823975
-0.00671387
-0.00427246
-0.00122070
 0.00183105
 0.00396729
 0.00518799
 0.00488281
 0.00366211
 0.00213623
 0.00061035
-0.00030518
-0.00091553
-0.00122070
-0.00152588
-0.00183105
-0.00274658
-0.00366211
-0.00427246
-0.00396729
-0.00305176
-0.00122070
 0.00091553
 0.00335693
 0.00549316
 0.00640869
 0.00640869
 0.00518799
 0.00305176
 0.00061035
-0.00152588
-0.00335693
-0.00396729
-0.00427246
-0.00396729
-0.00335693
-0.00305176
-0.00244141
-0.00183105
-0.00061035
 0.00091553
 0.00305176
 0.00457764
 0.00549316
 0.00488281
 0.00305176
 0.00030518
-0.00274658
-0.00549316
-0.00671387
-0.00640869
-0.00457764
-0.00213623
 0.00061035
 0.00274658
 0.00396729
 0.00427246
 0.00366211
 0.00244141
 0.00122070
 0.00030518
-0.00061035
-0.00152588
-0.00244141
-0.00396729
-0.00579834
-0.00732422
-0.00762939
-0.00488281
 0.00030518
 0.00549316
 0.00732422
 0.00213623
-0.00946045
-0.02288818
-0.03021240
-0.02441406
-0.00457764
 0.02105713
 0.03601074
 0.02563477
-0.01251221
-0.06256104
-0.09552002
-0.08514404
-0.02716064
 0.05279541
 0.10772705
 0.09582520
 0.01098633
-0.10040283
-0.15441895
-0.07019043
 0.17272949
 0.50262451
 0.76416016
 0.78125000
 0.44586182
-0.20538330
-0.97290039
-1.55578613
-1.67449951
-1.20330811
-0.24780273
 0.87280273
 1.74804688
 2.04284668
 1.64367676
 0.70892334
-0.39764404
-1.26251221
-1.59271240
-1.33087158
-0.65979004
 0.09552002
 0.61920166
 0.73913574
 0.48278809
 0.03997803
-0.34057617
-0.46813965
-0.28869629
 0.10498047
 0.52551270
 0.77697754
 0.73394775
 0.38726807
-0.15747070
-0.71624756
-1.08947754
-1.12457275
-0.77026367
-0.10375977
 0.68176270
 1.32812500
 1.59790039
 1.36474609
 0.67596436
-0.24688721
-1.07879639
-1.51245117
-1.38763428
-0.76416016
 0.09460449
 0.82824707
 1.13464355
 0.90026855
 0.24780273
-0.51849365
-1.04949951
-1.10626221
-0.66406250
 0.08422852
 0.81634521
 1.22558594
 1.14898682
 0.63018799
-0.11169434
-0.78155518
-1.13372803
-1.06536865
-0.64361572
-0.06225586
 0.44708252
 0.70709229
 0.65856934
 0.36865234
-0.00793457
-0.29998779
-0.38970947
-0.25817871
 0.01251221
 0.27740479
 0.39459229
 0.28778076
-0.01525879
-0.39184570
-0.67474365
-0.72479248
-0.49499512
-0.05767822
 0.42388916
 0.76232910
 0.83190918
 0.62255859
 0.24658203
-0.11566162
-0.29937744
-0.23254395
 0.03204346
 0.34118652
 0.51513672
 0.43426514
 0.09796143
-0.37322998
-0.78857422
-0.97137451
-0.83496094
-0.41870117
 0.12969971
 0.61370850
 0.86639404
 0.81024170
 0.47790527
-0.00732422
-0.48431396
-0.81298828
-0.91888428
-0.80688477
-0.54718018
-0.23895264
 0.03051758
 0.21545410
 0.32104492
 0.38848877
 0.46539307
 0.57647705
 0.70434570
 0.79315186
 0.77484131
 0.60241699
 0.28137207
-0.12359619
-0.50659180
-0.75775146
-0.80749512
-0.65368652
-0.36254883
-0.04058838
 0.20965576
 0.32958984
 0.32226563
 0.24261475
 0.16296387
 0.13549805
 0.16479492
 0.21087646
 0.21148682
 0.11993408
-0.06683350
-0.30059814
-0.49987793
-0.58685303
-0.52215576
-0.32409668
-0.06195068
 0.17120361
 0.29846191
 0.28717041
 0.16082764
-0.01220703
-0.15014648
-0.19073486
-0.11688232
 0.03601074
 0.19653320
 0.28533936
 0.24932861
 0.08392334
-0.16204834
-0.40252686
-0.54595947
-0.52764893
-0.33660889
-0.01953125
 0.33294678
 0.61676025
 0.75042725
 0.70190430
 0.49713135
 0.20965576
-0.06896973
-0.26092529
-0.32867432
-0.28381348
-0.17852783
-0.07812500
-0.03631592
-0.07080078
-0.16082764
-0.25634766
-0.30029297
-0.25451660
-0.11383057
 0.08911133
 0.29632568
 0.44586182
 0.49224854
 0.42236328
 0.25909424
 0.05004883
-0.14801025
-0.28839111
-0.34851074
-0.33355713
-0.26947021
-0.19104004
-0.12573242
-0.08483887
-0.05981445
-0.03051758
 0.02349854
 0.10986328
 0.21545410
 0.31005859
 0.35675049
 0.32775879
 0.21942139
 0.05493164
-0.12023926
-0.25817871
-0.32562256
-0.31738281
-0.25695801
-0.18218994
-0.12573242
-0.09857178
-0.08575439
-0.05523682
 0.02105713
 0.14739990
 0.29418945
 0.40557861
 0.42297363
 0.31219482
 0.08392334
-0.20202637
-0.45684814
-0.59295654
-0.55969238
-0.36407471
-0.07019043
 0.22460938
 0.42572021
 0.47973633
 0.39184570
 0.22430420
 0.06774902
 0.00305176
 0.06530762
 0.22674561
 0.40527344
 0.49896240
 0.42907715
 0.17700195
-0.19989014
-0.58532715
-0.84472656
-0.87585449
-0.65246582
-0.23651123
 0.24169922
 0.62896729
 0.80749512
 0.73486328
 0.45623779
 0.08270264
-0.25634766
-0.46447754
-0.51055908
-0.43304443
-0.31219482
-0.22827148
-0.22369385
-0.28533936
-0.35552979
-0.36163330
-0.25451660
-0.03234863
 0.25482178
 0.52490234
 0.69458008
 0.70983887
 0.56518555
 0.30059814
-0.01342773
-0.30029297
-0.49896240
-0.57739258
-0.53375244
-0.39031982
-0.18310547
 0.04699707
 0.26336670
 0.43640137
 0.54687500
 0.58532715
 0.55297852
 0.45806885
 0.31524658
 0.14282227
-0.04058838
-0.21453857
-0.35919189
-0.45684814
-0.49377441
-0.46447754
-0.37445068
-0.24200439
-0.09277344
 0.04547119
 0.15258789
 0.21911621
 0.24810791
 0.24963379
 0.23193359
 0.19653320
 0.13732910
 0.04577637
-0.07873535
-0.22216797
-0.35552979
-0.44128418
-0.44708252
-0.35919189
-0.19104004
 0.02105713
 0.22796631
 0.38391113
 0.45989990
 0.45104980
 0.37414551
 0.25817871
 0.13244629
 0.01861572
-0.07415771
-0.14587402
-0.20172119
-0.24597168
-0.27770996
-0.29174805
-0.27954102
-0.23406982
-0.15258789
-0.03997803
 0.08911133
 0.21392822
 0.30883789
 0.35034180
 0.32440186
 0.23040771
 0.08544922
-0.08056641
-0.22979736
-0.32714844
-0.35003662
-0.29205322
-0.16754150
-0.00427246
 0.16143799
 0.29357910
 0.36590576
 0.36560059
 0.29602051
 0.17547607
 0.03112793
-0.10650635
-0.21118164
-0.26641846
-0.26977539
-0.23010254
-0.16387939
-0.08819580
-0.01403809
 0.05462646
 0.12084961
 0.18768311
 0.25177002
 0.30181885
 0.31707764
 0.27740479
 0.17089844
 0.00366211
-0.19775391
-0.38940430
-0.52307129
-0.55908203
-0.48126221
-0.30273438
-0.06347656
 0.17913818
 0.36834717
 0.46203613
 0.44525146
 0.33264160
 0.16174316
-0.01892090
-0.16540527
-0.25054932
-0.26916504
-0.23681641
-0.17883301
-0.12115479
-0.07812500
-0.05035400
-0.02532959
 0.01251221
 0.07415771
 0.15869141
 0.25146484
 0.32958984
 0.37017822
 0.35827637
 0.29205322
 0.18310547
 0.04974365
-0.08605957
-0.20690918
-0.29907227
-0.35461426
-0.36712646
-0.33447266
-0.25726318
-0.14373779
-0.00946045
 0.12298584
 0.22857666
 0.28717041
 0.28778076
 0.23315430
 0.13610840
 0.01739502
-0.10253906
-0.20721436
-0.28564453
-0.33142090
-0.34027100
-0.30944824
-0.23712158
-0.12634277
 0.01373291
 0.16601563
 0.30792236
 0.41412354
 0.46386719
 0.44464111
 0.35644531
 0.21301270
 0.03875732
-0.13397217
-0.27343750
-0.35278320
-0.35919189
-0.29418945
-0.17547607
-0.03021240
 0.11230469
 0.22735596
 0.30090332
 0.32928467
 0.31738281
 0.27374268
 0.20507813
 0.11657715
 0.01190186
-0.10284424
-0.21667480
-0.31433105
-0.37872314
-0.39489746
-0.35644531
-0.26611328
-0.13702393
 0.01190186
 0.15838623
 0.27954102
 0.35644531
 0.37506104
 0.32958984
 0.22277832
 0.07019043
-0.10253906
-0.26336670
-0.38085938
-0.43090820
-0.40466309
-0.30975342
-0.16723633
-0.00701904
 0.14099121
 0.25390625
 0.31860352
 0.33386230
 0.30670166
 0.25024414
 0.17791748
 0.10101318
 0.02716064
-0.04150391
-0.10528564
-0.16479492
-0.21636963
-0.25115967
-0.25573730
-0.21636963
-0.12725830
 0.00274658
 0.14984131
 0.27770996
 0.34820557
 0.33630371
 0.24017334
 0.08422852
-0.08850098
-0.23040771
-0.30548096
-0.30242920
-0.23681641
-0.14068604
-0.04974365
 0.01159668
 0.03753662
 0.03997803
 0.03936768
 0.05279541
 0.08483887
 0.12695313
 0.16143799
 0.16967773
 0.14099121
 0.07568359
-0.01373291
-0.10833740
-0.18768311
-0.23468018
-0.23956299
-0.20050049
-0.12573242
-0.03082275
 0.06134033
 0.12908936
 0.15563965
 0.13641357
 0.08117676
 0.01068115
-0.04974365
-0.08117676
-0.07812500
-0.04913330
-0.01373291
 0.00946045
 0.01007080
-0.00915527
-0.03326416
-0.04425049
-0.02990723
 0.01037598
 0.06469727
 0.11383057
 0.14068604
 0.13763428
 0.10772705
 0.06378174
 0.02136230
-0.00762939
-0.01922607
-0.01678467
-0.00885010
-0.00335693
-0.00518799
-0.01434326
-0.02685547
-0.03631592
-0.03753662
-0.02532959
 0.00061035
 0.03784180
 0.07934570
 0.11566162
 0.13671875
 0.13519287
 0.10864258
 0.06011963
-0.00091553
-0.06469727
-0.12176514
-0.16662598
-0.19775391
-0.21545410
-0.21850586
-0.20324707
-0.16540527
-0.10253906
-0.01831055
 0.07507324
 0.15808105
 0.21148682
 0.22125244
 0.18615723
 0.11810303
 0.03906250
-0.02838135
-0.06835938
-0.07690430
-0.06286621
-0.04211426
-0.02838135
-0.02899170
-0.03967285
-0.04730225
-0.03753662
-0.00122070
 0.06042480
 0.13397217
 0.19836426
 0.23223877
 0.22033691
 0.16082764
 0.06622314
-0.04119873
-0.13427734
-0.19226074
-0.20477295
-0.17669678
-0.12481689
-0.07049561
-0.03173828
-0.01525879
-0.01586914
-0.01831055
-0.00671387
 0.02746582
 0.08026123
 0.13549805
 0.17150879
 0.17089844
 0.12786865
 0.05187988
-0.03692627
-0.11535645
-0.16601563
-0.18218994
-0.16876221
-0.13671875
-0.09704590
-0.05615234
-0.01464844
 0.02929688
 0.07476807
 0.11596680
 0.14373779
 0.14739990
 0.12237549
 0.07141113
 0.00640869
-0.05798340
-0.10833740
-0.13671875
-0.14343262
-0.13366699
-0.11322021
-0.08666992
-0.05432129
-0.01556396
 0.02868652
 0.07476807
 0.11413574
 0.13702393
 0.13610840
 0.10925293
 0.06134033
 0.00244141
-0.05371094
-0.09460449
-0.11169434
-0.10253906
-0.06958008
-0.02136230
 0.03082275
 0.07568359
 0.10314941
 0.10711670
 0.08819580
 0.05157471
 0.00671387
-0.03509521
-0.06469727
-0.07720947
-0.07232666
-0.05462646
-0.03082275
-0.00701904
 0.01129150
 0.02258301
 0.02685547
 0.02563477
 0.02136230
 0.01678467
 0.01342773
 0.01251221
 0.01403809
 0.01708984
 0.01983643
 0.02136230
 0.02044678
 0.01739502
 0.01373291
 0.01129150
 0.01037598
 0.01007080
 0.00701904
-0.00122070
-0.01647949
-0.03662109
-0.05706787
-0.07049561
-0.07141113
-0.05645752
-0.02868652
 0.00640869
 0.03997803
 0.06439209
 0.07476807
 0.07049561
 0.05432129
 0.03021240
 0.00305176
-0.02227783
-0.04211426
-0.05218506
-0.04974365
-0.03234863
-0.00122070
 0.03967285
 0.08209229
 0.11779785
 0.13854980
 0.14038086
 0.12329102
 0.09155273
 0.05187988
 0.01037598
-0.02868652
-0.06164551
-0.08728027
-0.10406494
-0.10955811
-0.10284424
-0.08361816
-0.05584717
-0.02441406
 0.00335693
 0.02075195
 0.02471924
 0.01525879
-0.00427246
-0.02899170
-0.05340576
-0.07385254
-0.08728027
-0.09185791
-0.08605957
-0.06896973
-0.04119873
-0.00610352
 0.03082275
 0.06286621
 0.08422852
 0.09338379
 0.09185791
 0.08514404
 0.07873535
 0.07690430
 0.07934570
 0.08148193
 0.07812500
 0.06439209
 0.03936768
 0.00610352
-0.02929688
-0.06042480
-0.08239746
-0.09338379
-0.09429932
-0.08636475
-0.07141113
-0.05096436
-0.02655029
-0.00213623
 0.01800537
 0.02807617
 0.02410889
 0.00518799
-0.02471924
-0.05828857
-0.08636475
-0.10101318
-0.09857178
-0.07934570
-0.04760742
-0.00976563
 0.02807617
 0.06072998
 0.08575439
 0.10131836
 0.10772705
 0.10498047
 0.09338379
 0.07354736
 0.04730225
 0.01678467
-0.01586914
-0.04638672
-0.07049561
-0.08453369
-0.08483887
-0.07049561
-0.04272461
-0.00701904
 0.02899170
 0.05645752
 0.06835938
 0.06256104
 0.04089355
 0.01098633
-0.01861572
-0.04028320
-0.05035400
-0.05065918
-0.04638672
-0.04394531
-0.04699707
-0.05523682
-0.06347656
-0.06408691
-0.05035400
-0.01953125
 0.02532959
 0.07568359
 0.12023926
 0.14801025
 0.15258789
 0.13275146
 0.09246826
 0.04089355
-0.01251221
-0.05889893
-0.09216309
-0.10803223
-0.10620117
-0.08697510
-0.05340576
-0.00976563
 0.03784180
 0.08209229
 0.11566162
 0.13183594
 0.12725830
 0.10253906
 0.06103516
 0.00976563
-0.04394531
-0.09338379
-0.13366699
-0.16082764
-0.17181396
-0.16479492
-0.13671875
-0.08819580
-0.02288818
 0.05187988
 0.12329102
 0.17761230
 0.20385742
 0.19592285
 0.15655518
 0.09552002
 0.02655029
-0.03631592
-0.08209229
-0.10620117
-0.10894775
-0.09490967
-0.06988525
-0.03845215
-0.00457764
 0.02868652
 0.05828857
 0.08056641
 0.09155273
 0.08789063
 0.06835938
 0.03479004
-0.00793457
-0.05187988
-0.08850098
-0.10955811
-0.11016846
-0.08911133
-0.04974365
 0.00000000
 0.04943848
 0.08789063
 0.10650635
 0.10162354
 0.07568359
 0.03601074
-0.00701904
-0.04302979
-0.06591797
-0.07385254
-0.07049561
-0.06134033
-0.05187988
-0.04516602
-0.04058838
-0.03479004
-0.02502441
-0.01007080
 0.00793457
 0.02288818
 0.02868652
 0.02105713
-0.00061035
-0.03204346
-0.06500244
-0.08972168
-0.09887695
-0.08850098
-0.06042480
-0.02014160
 0.02380371
 0.06256104
 0.09124756
 0.10711670
 0.11108398
 0.10589600
 0.09368896
 0.07568359
 0.05157471
 0.02136230
-0.01434326
-0.05096436
-0.08209229
-0.09979248
-0.09796143
-0.07507324
-0.03479004
 0.01373291
 0.05950928
 0.09216309
 0.10650635
 0.10162354
 0.08209229
 0.05371094
 0.02075195
-0.01403809
-0.04943848
-0.08453369
-0.11596680
-0.13763428
-0.14160156
-0.12237549
-0.07904053
-0.01800537
 0.04821777
 0.10437012
 0.13793945
 0.14160156
 0.11688232
 0.07202148
 0.01922607
-0.02960205
-0.06561279
-0.08544922
-0.08880615
-0.07873535
-0.05889893
-0.03295898
-0.00366211
 0.02746582
 0.05828857
 0.08605957
 0.10803223
 0.12054443
 0.11962891
 0.10192871
 0.06652832
 0.01556396
-0.04394531
-0.10131836
-0.14434814
-0.16174316
-0.14831543
-0.10681152
-0.04638672
 0.01922607
 0.07568359
 0.11444092
 0.13244629
 0.13244629
 0.12023926
 0.10040283
 0.07476807
 0.04302979
 0.00427246
-0.03906250
-0.08056641
-0.11047363
-0.11840820
-0.09887695
-0.05401611
 0.00732422
 0.06988525
 0.11901855
 0.14343262
 0.13946533
 0.11047363
 0.06439209
 0.01159668
-0.03997803
-0.08575439
-0.12329102
-0.15197754
-0.17028809
-0.17578125
-0.16510010
-0.13549805
-0.08850098
-0.02899170
 0.03387451
 0.08911133
 0.12695313
 0.14129639
 0.13153076
 0.10253906
 0.06317139
 0.02258301
-0.01220703
-0.03692627
-0.05096436
-0.05554199
-0.05157471
-0.03936768
-0.01861572
 0.01068115
 0.04577637
 0.08148193
 0.10955811
 0.12268066
 0.11505127
 0.08575439
 0.03875732
-0.01770020
-0.07415771
-0.12145996
-0.15319824
-0.16479492
-0.15533447
-0.12634277
-0.08117676
-0.02563477
 0.03173828
 0.08178711
 0.11627197
 0.12939453
 0.12054443
 0.09338379
 0.05462646
 0.01190186
-0.02838135
-0.06286621
-0.08941650
-0.10650635
-0.11260986
-0.10467529
-0.08148193
-0.04272461
 0.00610352
 0.05767822
 0.10223389
 0.13031006
 0.13702393
 0.12145996
 0.08666992
 0.03814697
-0.01861572
-0.07720947
-0.13153076
-0.17364502
-0.19592285
-0.19104004
-0.15502930
-0.09124756
-0.00915527
 0.07568359
 0.14709473
 0.19226074
 0.20568848
 0.19042969
 0.15472412
 0.10894775
 0.06103516
 0.01525879
-0.02685547
-0.06469727
-0.09674072
-0.11779785
-0.12207031
-0.10498047
-0.06683350
-0.01342773
 0.04455566
 0.09460449
 0.12542725
 0.13061523
 0.11016846
 0.06958008
 0.01770020
-0.03570557
-0.08178711
-0.11474609
-0.13214111
-0.13458252
-0.12329102
-0.10131836
-0.07019043
-0.03265381
 0.00976563
 0.05310059
 0.09338379
 0.12390137
 0.13885498
 0.13305664
 0.10589600
 0.06103516
 0.00640869
-0.04669189
-0.08819580
-0.11047363
-0.11047363
-0.09002686
-0.05401611
-0.01037598
 0.03417969
 0.07293701
 0.10040283
 0.11291504
 0.10803223
 0.08575439
 0.04943848
 0.00457764
-0.04119873
-0.08026123
-0.10620117
-0.11566162
-0.10833740
-0.08666992
-0.05371094
-0.01373291
 0.02899170
 0.06988525
 0.10345459
 0.12451172
 0.12878418
 0.11383057
 0.08148193
 0.03631592
-0.01464844
-0.06378174
-0.10467529
-0.13214111
-0.14343262
-0.13641357
-0.11016846
-0.06622314
-0.00946045
 0.05249023
 0.10772705
 0.14434814
 0.15441895
 0.13488770
 0.09094238
 0.03295898
-0.02593994
-0.07537842
-0.10955811
-0.12786865
-0.13336182
-0.12908936
-0.11474609
-0.08850098
-0.04821777
 0.00518799
 0.06561279
 0.12207031
 0.16204834
 0.17456055
 0.15533447
 0.10772705
 0.04211426
-0.02868652
-0.09185791
-0.13824463
-0.16326904
-0.16479492
-0.14434814
-0.10437012
-0.04882813
 0.01525879
 0.07904053
 0.13244629
 0.16632080
 0.17486572
 0.15716553
 0.11718750
 0.06317139
 0.00305176
-0.05523682
-0.10498047
-0.14190674
-0.16143799
-0.15960693
-0.13427734
-0.08636475
-0.02136230
 0.05004883
 0.11474609
 0.15960693
 0.17669678
 0.16326904
 0.12420654
 0.06866455
 0.00732422
-0.05065918
-0.09948730
-0.13519287
-0.15502930
-0.15655518
-0.13732910
-0.09704590
-0.03845215
 0.02990723
 0.09643555
 0.14739990
 0.17242432
 0.16632080
 0.13183594
 0.07843018
 0.01770020
-0.03997803
-0.08758545
-0.12298584
-0.14617920
-0.15808105
-0.15716553
-0.14068604
-0.10559082
-0.05126953
 0.01770020
 0.09155273
 0.15655518
 0.19958496
 0.21057129
 0.18676758
 0.13336182
 0.06195068
-0.01251221
-0.07629395
-0.11901855
-0.13610840
-0.12878418
-0.10253906
-0.06439209
-0.02197266
 0.01922607
 0.05493164
 0.08392334
 0.10467529
 0.11657715
 0.11718750
 0.10467529
 0.07720947
 0.03570557
-0.01647949
-0.07141113
-0.11993408
-0.15197754
-0.16052246
-0.14373779
-0.10437012
-0.05065918
 0.00671387
 0.05706787
 0.09368896
 0.11260986
 0.11505127
 0.10406494
 0.08392334
 0.05859375
 0.03051758
 0.00091553
-0.02899170
-0.05615234
-0.07751465
-0.08850098
-0.08483887
-0.06500244
-0.03021240
 0.01434326
 0.06011963
 0.09796143
 0.11962891
 0.12084961
 0.10162354
 0.06622314
 0.02227783
-0.02319336
-0.06378174
-0.09613037
-0.11779785
-0.12878418
-0.12725830
-0.11322021
-0.08544922
-0.04608154
 0.00061035
 0.04730225
 0.08544922
 0.10772705
 0.11016846
 0.09338379
 0.06286621
 0.02563477
-0.01098633
-0.04180908
-0.06408691
-0.07720947
-0.08148193
-0.07598877
-0.05981445
-0.03234863
 0.00549316
 0.04943848
 0.09216309
 0.12512207
 0.14007568
 0.13305664
 0.10345459
 0.05676270
 0.00122070
-0.05371094
-0.09887695
-0.12817383
-0.13854980
-0.13092041
-0.10803223
-0.07537842
-0.03845215
-0.00244141
 0.02929688
 0.05462646
 0.07324219
 0.08483887
 0.08850098
 0.08270264
 0.06561279
 0.03662109
-0.00244141
-0.04547119
-0.08422852
-0.10894775
-0.11230469
-0.09216309
-0.05310059
-0.00427246
 0.04180908
 0.07568359
 0.09094238
 0.08880615
 0.07476807
 0.05615234
 0.03906250
 0.02563477
 0.01342773
-0.00183105
-0.02410889
-0.05340576
-0.08544922
-0.11199951
-0.12451172
-0.11657715
-0.08728027
-0.04211426
 0.00915527
 0.05523682
 0.08605957
 0.09643555
 0.08666992
 0.06225586
 0.03112793
 0.00091553
-0.02197266
-0.03570557
-0.04058838
-0.03936768
-0.03417969
-0.02685547
-0.01708984
-0.00366211
 0.01342773
 0.03387451
 0.05493164
 0.07171631
 0.07965088
 0.07537842
 0.05828857
 0.03204346
 0.00213623
-0.02471924
-0.04302979
-0.05004883
-0.04669189
-0.03692627
-0.02502441
-0.01495361
-0.00762939
-0.00213623
 0.00366211
 0.01159668
 0.02258301
 0.03387451
 0.04272461
 0.04608154
 0.04241943
 0.03204346
 0.01800537
 0.00335693
-0.00854492
-0.01647949
-0.02136230
-0.02380371
-0.02471924
-0.02441406
-0.02166748
-0.01525879
-0.00610352
 0.00488281
 0.01434326
 0.01892090
 0.01617432
 0.00579834
-0.01007080
-0.02807617
-0.04302979
-0.05249023
-0.05432129
-0.05004883
-0.04180908
-0.03234863
-0.02380371
-0.01708984
-0.01098633
-0.00427246
 0.00488281
 0.01770020
 0.03265381
 0.04760742
 0.05859375
 0.06195068
 0.05554199
 0.03967285
 0.01770020
-0.00518799
-0.02380371
-0.03448486
-0.03570557
-0.02990723
-0.02075195
-0.01251221
-0.00671387
-0.00274658
 0.00152588
 0.00854492
 0.01983643
 0.03295898
 0.04364014
 0.04669189
 0.03906250
 0.02044678
-0.00488281
-0.03082275
-0.04974365
-0.05706787
-0.05187988
-0.03662109
-0.01678467
 0.00152588
 0.01434326
 0.02014160
 0.02105713
 0.02014160
 0.02044678
 0.02380371
 0.02807617
 0.03021240
 0.02563477
 0.01129150
-0.01251221
-0.04211426
-0.06958008
-0.08789063
-0.09033203
-0.07537842
-0.04730225
-0.01342773
 0.01586914
 0.03326416
 0.03570557
 0.02532959
 0.00915527
-0.00488281
-0.01159668
-0.01007080
-0.00427246
 0.00030518
-0.00122070
-0.00915527
-0.02044678
-0.02807617
-0.02532959
-0.00854492
 0.02044678
 0.05493164
 0.08575439
 0.10467529
 0.10742188
 0.09399414
 0.06927490
 0.03967285
 0.01251221
-0.00885010
-0.02227783
-0.02868652
-0.03021240
-0.02899170
-0.02563477
-0.02014160
-0.01190186
-0.00091553
 0.01220703
 0.02502441
 0.03479004
 0.03845215
 0.03326416
 0.01922607
-0.00213623
-0.02655029
-0.04882813
-0.06378174
-0.06866455
-0.06317139
-0.04943848
-0.03112793
-0.01220703
 0.00518799
 0.01953125
 0.03112793
 0.04058838
 0.04730225
 0.04974365
 0.04516602
