 0.00000000
 0.00000000
 0.00000000
 0.00000000
 0.00000000
 0.00000000
-0.00030518
-0.00030518
-0.00061035
-0.00061035
-0.00030518
 0.00000000
 0.00000000
 0.00000000
 0.00000000
-0.00030518
-0.00030518
-0.00061035
-0.00061035
-0.00030518
-0.00030518
 0.00000000
 0.00030518
 0.00030518
 0.00030518
 0.00000000
 0.00000000
-0.00030518
-0.00030518
-0.00030518
-0.00030518
 0.00000000
 0.00000000
 0.00000000
 0.00000000
-0.00030518
-0.00030518
-0.00030518
-0.00061035
-0.00061035
-0.00030518
-0.00030518
 0.00000000
 0.00000000
 0.00000000
 0.00000000
-0.00030518
-0.00030518
-0.00061035
-0.00061035
-0.00061035
-0.00061035
-0.00030518
 0.00000000
 0.00030518
 0.00030518
 0.00030518
 0.00030518
 0.00000000
 0.00000000
-0.00030518
-0.00030518
 0.00000000
 0.00000000
 0.00000000
 0.00000000
 0.00000000
-0.00030518
 0.00000000
 0.00000000
 0.00030518
 0.00030518
 0.00030518
 0.00030518
 0.00000000
-0.00030518
-0.00030518
-0.00030518
-0.00030518
-0.00030518
-0.00030518
-0.00091553
-0.00152588
-0.00244141
-0.00335693
-0.00366211
-0.00213623
 0.00030518
 0.00335693
 0.00427246
 0.00183105
-0.00396729
-0.01098633
-0.01495361
-0.01159668
-0.00122070
 0.01251221
 0.02105713
 0.01861572
 0.00549316
-0.01007080
-0.01678467
-0.00671387
 0.01861572
 0.04608154
 0.05981445
 0.04913330
 0.01892090
-0.00885010
-0.00427246
 0.05462646
 0.16784668
 0.30517578
 0.41229248
 0.42785645
 0.30944824
 0.05706787
-0.27770996
-0.60150146
-0.80902100
-0.82214355
-0.62103271
-0.25543213
 0.16937256
 0.52978516
 0.72448730
 0.70831299
 0.50079346
 0.17395020
-0.17883301
-0.47546387
-0.66802979
-0.74676514
-0.72784424
-0.63537598
-0.48706055
-0.29266357
-0.06103516
 0.18707275
 0.41412354
 0.57464600
 0.63049316
 0.57037354
 0.41839600
 0.22430420
 0.04516602
-0.08056641
-0.14526367
-0.16967773
-0.18463135
-0.20599365
-0.22338867
-0.20111084
-0.10253906
 0.08514404
 0.33416748
 0.57891846
 0.74188232
 0.76538086
 0.63690186
 0.39154053
 0.09521484
-0.18402100
-0.40222168
-0.54687500
-0.62652588
-0.65032959
-0.61401367
-0.50109863
-0.30181885
-0.03417969
 0.24597168
 0.45959473
 0.53710938
 0.45379639
 0.24932861
 0.01617432
-0.14251709
-0.16113281
-0.04638672
 0.12359619
 0.23437500
 0.19012451
-0.03448486
-0.37597656
-0.70068359
-0.86120605
-0.75866699
-0.39001465
 0.14648438
 0.68572998
 1.05804443
 1.15112305
 0.94879150
 0.52917480
 0.03356934
-0.38787842
-0.62500000
-0.63995361
-0.46905518
-0.20324707
 0.05126953
 0.21240234
 0.24810791
 0.18280029
 0.08148193
 0.01647949
 0.03448486
 0.13214111
 0.25695801
 0.33020020
 0.28381348
 0.09674072
-0.18798828
-0.47698975
-0.66162109
-0.66497803
-0.47576904
-0.15502930
 0.18951416
 0.44891357
 0.55725098
 0.51116943
 0.36437988
 0.19409180
 0.06134033
-0.01434326
-0.05554199
-0.10345459
-0.18493652
-0.29113770
-0.37841797
-0.39215088
-0.30059814
-0.11932373
 0.08728027
 0.23345947
 0.25054932
 0.12420654
-0.09552002
-0.31250000
-0.42449951
-0.37017822
-0.15686035
 0.13946533
 0.40557861
 0.53558350
 0.47607422
 0.24749756
-0.06408691
-0.34118652
-0.48126221
-0.43701172
-0.23254395
 0.04669189
 0.28717041
 0.39367676
 0.32470703
 0.10742188
-0.17211914
-0.40374756
-0.49621582
-0.41290283
-0.18463135
 0.10131836
 0.33599854
 0.43334961
 0.36315918
 0.16265869
-0.08178711
-0.27008057
-0.32989502
-0.24505615
-0.05798340
 0.15228271
 0.30639648
 0.35644531
 0.30181885
 0.18157959
 0.04882813
-0.05432129
-0.11596680
-0.15045166
-0.18249512
-0.22583008
-0.27008057
-0.28564453
-0.24169922
-0.12756348
 0.03265381
 0.18402100
 0.26245117
 0.22369385
 0.06683350
-0.16052246
-0.37658691
-0.49591064
-0.46417236
-0.28015137
 0.00488281
 0.30426025
 0.52917480
 0.61889648
 0.55908203
 0.38208008
 0.15167236
-0.06164551
-0.20416260
-0.25390625
-0.21972656
-0.13397217
-0.03570557
 0.04333496
 0.08880615
 0.10345459
 0.10192871
 0.10131836
 0.10986328
 0.12298584
 0.12573242
 0.10070801
 0.04119873
-0.04180908
-0.11871338
-0.15319824
-0.11840820
-0.01434326
 0.12603760
 0.24444580
 0.27893066
 0.19226074
-0.01007080
-0.27557373
-0.52093506
-0.66070557
-0.64025879
-0.45562744
-0.15533447
 0.17822266
 0.45715332
 0.61920166
 0.64117432
 0.54260254
 0.36865234
 0.16967773
-0.01464844
-0.16418457
-0.27252197
-0.33843994
-0.35766602
-0.32257080
-0.22735596
-0.07690430
 0.10711670
 0.28991699
 0.43273926
 0.50781250
 0.50567627
 0.43853760
 0.33142090
 0.21026611
 0.09094238
-0.02288818
-0.13549805
-0.24810791
-0.35034180
-0.41717529
-0.41839600
-0.33050537
-0.15472412
 0.07812500
 0.31005859
 0.47241211
 0.50933838
 0.39764404
 0.15838623
-0.14831543
-0.44128418
-0.64392090
-0.70983887
-0.63659668
-0.46295166
-0.25390625
-0.07537842
 0.02746582
 0.04425049
-0.00335693
-0.07263184
-0.11932373
-0.11444092
-0.05249023
 0.04882813
 0.15960693
 0.24841309
 0.29479980
 0.29266357
 0.25024414
 0.18402100
 0.11322021
 0.05554199
 0.02258301
 0.02075195
 0.04882813
 0.09918213
 0.15747070
 0.20507813
 0.22369385
 0.20019531
 0.13427734
 0.03845215
-0.06347656
-0.14495850
-0.18646240
-0.18218994
-0.14190674
-0.08575439
-0.03509521
-0.00335693
 0.00946045
 0.01251221
 0.01708984
 0.02777100
 0.03723145
 0.02868652
-0.01586914
-0.10467529
-0.22674561
-0.35308838
-0.44128418
-0.45257568
-0.36407471
-0.18127441
 0.06103516
 0.30792236
 0.49865723
 0.58471680
 0.54382324
 0.38543701
 0.14739990
-0.11535645
-0.34545898
-0.49652100
-0.54412842
-0.48889160
-0.35430908
-0.17883301
-0.00549316
 0.13092041
 0.21026611
 0.23345947
 0.21759033
 0.18768311
 0.16387939
 0.15197754
 0.13916016
 0.10070801
 0.01495361
-0.12268066
-0.28930664
-0.43548584
-0.50292969
-0.44555664
-0.25268555
 0.04119873
 0.36376953
 0.62835693
 0.76324463
 0.73760986
 0.57312012
 0.33233643
 0.09490967
-0.07202148
-0.13824463
-0.11505127
-0.04547119
 0.01800537
 0.03723145
 0.00366211
-0.06256104
-0.12329102
-0.14251709
-0.10223389
-0.01037598
 0.10284424
 0.19683838
 0.23620605
 0.20233154
 0.09857178
-0.05218506
-0.21667480
-0.35949707
-0.45379639
-0.48278809
-0.44281006
-0.34118652
-0.19226074
-0.01739502
 0.15960693
 0.31372070
 0.42205811
 0.46783447
 0.44250488
 0.35034180
 0.20568848
 0.03234863
-0.14282227
-0.29357910
-0.40100098
-0.45349121
-0.44860840
-0.39001465
-0.28594971
-0.14862061
 0.00732422
 0.16479492
 0.30426025
 0.40527344
 0.45104980
 0.43060303
 0.34271240
 0.19744873
 0.01678467
-0.16998291
-0.32989502
-0.43243408
-0.45562744
-0.39245605
-0.25238037
-0.06042480
 0.14587402
 0.32623291
 0.44555664
 0.48156738
 0.43029785
 0.30456543
 0.13061523
-0.05950928
-0.23498535
-0.37200928
-0.45471191
-0.47515869
-0.43182373
-0.32745361
-0.17211914
 0.01861572
 0.21942139
 0.39978027
 0.52734375
 0.57800293
 0.54077148
 0.42236328
 0.24627686
 0.04486084
-0.14953613
-0.31188965
-0.42816162
-0.49377441
-0.50933838
-0.47576904
-0.39276123
-0.26184082
-0.09002686
 0.10284424
 0.28472900
 0.41625977
 0.46203613
 0.40130615
 0.23803711
 0.00366211
-0.25085449
-0.46813965
-0.59997559
-0.62072754
-0.53344727
-0.36743164
-0.16754150
 0.02075195
 0.16448975
 0.25054932
 0.28594971
 0.29022217
 0.28320313
 0.27404785
 0.25695801
 0.21484375
 0.12786865
-0.01098633
-0.18829346
-0.36621094
-0.49316406
-0.51971436
-0.41748047
-0.19195557
 0.11474609
 0.43579102
 0.69793701
 0.84381104
 0.84716797
 0.71838379
 0.49652100
 0.23498535
-0.01434326
-0.21423340
-0.34576416
-0.40710449
-0.40618896
-0.35308838
-0.25848389
-0.13061523
 0.02075195
 0.18280029
 0.33721924
 0.46081543
 0.52978516
 0.52307129
 0.42938232
 0.25115967
 0.00823975
-0.26367188
-0.51757813
-0.70434570
-0.78430176
-0.73730469
-0.57037354
-0.31646729
-0.02716064
 0.23986816
 0.43640137
 0.53436279
 0.53039551
 0.44219971
 0.29998779
 0.13610840
-0.02563477
-0.17120361
-0.29541016
-0.39489746
-0.46508789
-0.49499512
-0.47210693
-0.38635254
-0.23742676
-0.03967285
 0.17944336
 0.38269043
 0.53283691
 0.60028076
 0.56945801
 0.44342041
 0.24261475
-0.00061035
-0.24627686
-0.45288086
-0.58593750
-0.62011719
-0.54687500
-0.37506104
-0.13183594
 0.14160156
 0.39672852
 0.58868408
 0.68634033
 0.67840576
 0.57678223
 0.41076660
 0.21789551
 0.03265381
-0.12207031
-0.23773193
-0.31707764
-0.36682129
-0.38909912
-0.37719727
-0.31829834
-0.20172119
-0.02807617
 0.18188477
 0.38757324
 0.53833008
 0.58776855
 0.51086426
 0.31250000
 0.02990723
-0.27893066
-0.55053711
-0.73394775
-0.80230713
-0.75592041
-0.61798096
-0.42358398
-0.20996094
-0.00823975
 0.15930176
 0.27984619
 0.34851074
 0.36407471
 0.32989502
 0.25177002
 0.13885498
 0.00152588
-0.14617920
-0.28808594
-0.40435791
-0.47302246
-0.47363281
-0.39215088
-0.22766113
 0.00274658
 0.26367188
 0.50842285
 0.68878174
 0.76934814
 0.73638916
 0.60089111
 0.39398193
 0.15747070
-0.06835938
-0.25360107
-0.38024902
-0.44128418
-0.43670654
-0.37017822
-0.24932861
-0.08636475
 0.09887695
 0.27954102
 0.42602539
 0.51300049
 0.52490234
 0.46081543
 0.33294678
 0.16296387
-0.02471924
-0.20690918
-0.36376953
-0.47851563
-0.53558350
-0.52337646
-0.43579102
-0.27801514
-0.06927490
 0.15716553
 0.36102295
 0.50292969
 0.55664063
 0.51452637
 0.38848877
 0.20690918
 0.00396729
-0.18768311
-0.34362793
-0.44891357
-0.49591064
-0.48278809
-0.41076660
-0.28472900
-0.11718750
 0.07293701
 0.25787354
 0.40679932
 0.49194336
 0.49530029
 0.41290283
 0.25726318
 0.05279541
-0.16784668
-0.37078857
-0.52673340
-0.61309814
-0.61859131
-0.54260254
-0.39703369
-0.20324707
 0.00823975
 0.20538330
 0.36041260
 0.45349121
 0.47851563
 0.44067383
 0.35400391
 0.23651123
 0.10620117
-0.02197266
-0.13397217
-0.21820068
-0.26214600
-0.25543213
-0.19287109
-0.07659912
 0.07934570
 0.25085449
 0.40649414
 0.51574707
 0.55603027
 0.51727295
 0.40618896
 0.24230957
 0.05340576
-0.13092041
-0.28503418
-0.39306641
-0.44830322
-0.45318604
-0.41503906
-0.34393311
-0.24963379
-0.14190674
-0.03021240
 0.07476807
 0.15960693
 0.21148682
 0.21789551
 0.17272949
 0.07873535
-0.05096436
-0.19439697
-0.32440186
-0.41473389
-0.44616699
-0.41015625
-0.31005859
-0.16021729
 0.01739502
 0.19683838
 0.35217285
 0.46081543
 0.50659180
 0.48156738
 0.38909912
 0.24322510
 0.06713867
-0.11138916
-0.26428223
-0.37078857
-0.41870117
-0.40649414
-0.34271240
-0.24047852
-0.11627197
 0.01434326
 0.13610840
 0.23590088
 0.30181885
 0.32348633
 0.29571533
 0.21789551
 0.09765625
-0.04852295
-0.19866943
-0.32775879
-0.41168213
-0.43273926
-0.38482666
-0.27282715
-0.11474609
 0.06225586
 0.22827148
 0.35461426
 0.42175293
 0.42266846
 0.36346436
 0.26031494
 0.13580322
 0.01159668
-0.09613037
-0.17669678
-0.22644043
-0.24505615
-0.23132324
-0.18493652
-0.10620117
 0.00030518
 0.12298584
 0.24291992
 0.33721924
 0.38421631
 0.37139893
 0.29876709
 0.18035889
 0.03936768
-0.09765625
-0.20843506
-0.27923584
-0.30578613
-0.29174805
-0.24444580
-0.17242432
-0.08331299
 0.01464844
 0.11108398
 0.19439697
 0.25146484
 0.27130127
 0.24810791
 0.18402100
 0.08880615
-0.02166748
-0.12908936
-0.21667480
-0.27099609
-0.28472900
-0.25665283
-0.19226074
-0.10284424
-0.00335693
 0.08880615
 0.15777588
 0.19409180
 0.19592285
 0.16876221
 0.12390137
 0.07354736
 0.02532959
-0.01861572
-0.06011963
-0.10192871
-0.14251709
-0.17364502
-0.18249512
-0.15594482
-0.08758545
 0.01678467
 0.13916016
 0.25360107
 0.33355713
 0.36193848
 0.33599854
 0.26733398
 0.17639160
 0.08636475
 0.01342773
-0.03540039
-0.06317139
-0.07659912
-0.08392334
-0.08758545
-0.08605957
-0.07476807
-0.05126953
-0.01770020
 0.01800537
 0.04486084
 0.05218506
 0.03417969
-0.00823975
-0.06683350
-0.13061523
-0.18859863
-0.23315430
-0.26153564
-0.27404785
-0.27160645
-0.25390625
-0.21911621
-0.16540527
-0.09307861
-0.00854492
 0.07781982
 0.15075684
 0.19622803
 0.20477295
 0.17547607
 0.11535645
 0.03906250
-0.03662109
-0.09735107
-0.13366699
-0.14343262
-0.13000488
-0.10040283
-0.06195068
-0.02166748
 0.01586914
 0.04760742
 0.07141113
 0.08575439
 0.08880615
 0.07965088
 0.05767822
 0.02471924
-0.01617432
-0.05981445
-0.09857178
-0.12481689
-0.13122559
-0.11322021
-0.07049561
-0.00762939
 0.06652832
 0.14007568
 0.20080566
 0.24017334
 0.25299072
 0.23956299
 0.20538330
 0.15777588
 0.10589600
 0.05676270
 0.01708984
-0.00976563
-0.02197266
-0.02044678
-0.00701904
 0.01403809
 0.03845215
 0.06134033
 0.07934570
 0.08941650
 0.09002686
 0.08148193
 0.06378174
 0.03845215
 0.00610352
-0.03173828
-0.07354736
-0.11657715
-0.15686035
-0.18951416
-0.20843506
-0.20812988
-0.18585205
-0.14099121
-0.07904053
-0.00885010
 0.05767822
 0.10742188
 0.13214111
 0.12847900
 0.09979248
 0.05523682
 0.00610352
-0.03692627
-0.06805420
-0.08666992
-0.09490967
-0.09643555
-0.09216309
-0.07965088
-0.05462646
-0.01403809
 0.04089355
 0.10284424
 0.15838623
 0.19317627
 0.19653320
 0.16571045
 0.10833740
 0.03845215
-0.02685547
-0.07446289
-0.09765625
-0.09826660
-0.08178711
-0.05615234
-0.02593994
 0.00732422
 0.04516602
 0.08789063
 0.13366699
 0.17547607
 0.20355225
 0.20812988
 0.18310547
 0.12847900
 0.05096436
-0.03692627
-0.12084961
-0.18676758
-0.22491455
-0.23101807
-0.20721436
-0.15960693
-0.09979248
-0.03967285
 0.00915527
 0.03723145
 0.04028320
 0.01922607
-0.01922607
-0.06561279
-0.11047363
-0.14617920
-0.16937256
-0.18035889
-0.18280029
-0.18005371
-0.17425537
-0.16296387
-0.14251709
-0.10833740
-0.05859375
 0.00427246
 0.07141113
 0.13122559
 0.17120361
 0.18188477
 0.16052246
 0.11230469
 0.04882813
-0.01464844
-0.06347656
-0.08728027
-0.08300781
-0.05462646
-0.01068115
 0.03875732
 0.08453369
 0.12176514
 0.14923096
 0.16815186
 0.17913818
 0.18249512
 0.17517090
 0.15441895
 0.11840820
 0.06958008
 0.01403809
-0.03936768
-0.08087158
-0.10375977
-0.10620117
-0.09033203
-0.06195068
-0.02777100
 0.00762939
 0.04089355
 0.07080078
 0.09490967
 0.10955811
 0.10894775
 0.08819580
 0.04486084
-0.01770020
-0.08972168
-0.15655518
-0.20416260
-0.22125244
-0.20477295
-0.16052246
-0.09948730
-0.03631592
 0.01617432
 0.05096436
 0.06683350
 0.06683350
 0.05767822
 0.04394531
 0.02807617
 0.00976563
-0.01403809
-0.04547119
-0.08300781
-0.12115479
-0.14984131
-0.15808105
-0.13763428
-0.08605957
-0.01068115
 0.07385254
 0.14831543
 0.19561768
 0.20568848
 0.17974854
 0.12847900
 0.06835938
 0.01647949
-0.01647949
-0.02807617
-0.02349854
-0.01251221
-0.00274658
 0.00213623
 0.00457764
 0.01129150
 0.02807617
 0.05584717
 0.09063721
 0.12268066
 0.14129639
 0.13824463
 0.11077881
 0.06256104
 0.00335693
-0.05554199
-0.10406494
-0.13488770
-0.14434814
-0.13397217
-0.10650635
-0.06683350
-0.02075195
 0.02624512
 0.06835938
 0.10101318
 0.11962891
 0.12237549
 0.10864258
 0.08087158
 0.04302979
 0.00152588
-0.03723145
-0.06652832
-0.08148193
-0.07965088
-0.06164551
-0.03112793
 0.00579834
 0.04241943
 0.07293701
 0.09307861
 0.10009766
 0.09429932
 0.07598877
 0.04669189
 0.00854492
-0.03601074
-0.08331299
-0.12786865
-0.16296387
-0.18218994
-0.18096924
-0.15838623
-0.11749268
-0.06622314
-0.01373291
 0.03112793
 0.06225586
 0.07720947
 0.07812500
 0.06805420
 0.05157471
 0.03051758
 0.00549316
-0.02349854
-0.05554199
-0.08666992
-0.11047363
-0.11840820
-0.10406494
-0.06591797
-0.00885010
 0.05554199
 0.11199951
 0.14709473
 0.15289307
 0.13031006
 0.08758545
 0.03753662
-0.00701904
-0.03906250
-0.05798340
-0.06805420
-0.07598877
-0.08422852
-0.09124756
-0.08972168
-0.07202148
-0.03356934
 0.02258301
 0.08605957
 0.14190674
 0.17486572
 0.17547607
 0.14251709
 0.08331299
 0.01129150
-0.05889893
-0.11474609
-0.14801025
-0.15594482
-0.13916016
-0.10070801
-0.04760742
 0.01251221
 0.06988525
 0.11383057
 0.13610840
 0.13214111
 0.10314941
 0.05584717
-0.00030518
-0.05584717
-0.10314941
-0.13854980
-0.16113281
-0.17120361
-0.16876221
-0.15319824
-0.12329102
-0.07965088
-0.02624512
 0.03082275
 0.08239746
 0.12054443
 0.13854980
 0.13397217
 0.10803223
 0.06561279
 0.01434326
-0.03662109
-0.07659912
-0.09613037
-0.08850098
-0.05249023
 0.00640869
 0.07629395
 0.14282227
 0.19165039
 0.21392822
 0.20935059
 0.18341064
 0.14648438
 0.10803223
 0.07415771
 0.04547119
 0.01953125
-0.00579834
-0.03051758
-0.05035400
-0.05889893
-0.05065918
-0.02532959
 0.01281738
 0.05371094
 0.08575439
 0.09979248
 0.09216309
 0.06408691
 0.02288818
-0.02319336
-0.06622314
-0.10009766
-0.12176514
-0.13061523
-0.12756348
-0.11444092
-0.09338379
-0.06774902
-0.04119873
-0.01617432
 0.00427246
 0.01800537
 0.02410889
 0.02136230
 0.00946045
-0.01098633
-0.03723145
-0.06591797
-0.09033203
-0.10559082
-0.10650635
-0.09246826
-0.06622314
-0.03265381
 0.00091553
 0.02960205
 0.04943848
 0.05950928
 0.06072998
 0.05340576
 0.03845215
 0.01617432
-0.01129150
-0.04028320
-0.06500244
-0.07873535
-0.07629395
-0.05615234
-0.02227783
 0.01770020
 0.05401611
 0.07812500
 0.08544922
 0.07720947
 0.05767822
 0.03387451
 0.01159668
-0.00640869
-0.01922607
-0.02838135
-0.03509521
-0.03997803
-0.04119873
-0.03723145
-0.02624512
-0.00823975
 0.01434326
 0.03692627
 0.05493164
 0.06286621
 0.05798340
 0.03906250
 0.00885010
-0.02685547
-0.06072998
-0.08422852
-0.09185791
-0.08148193
-0.05554199
-0.02075195
 0.01403809
 0.04089355
 0.05432129
 0.05371094
 0.04241943
 0.02563477
 0.00854492
-0.00640869
-0.01922607
-0.03204346
-0.04608154
-0.06103516
-0.07324219
-0.07751465
-0.06896973
-0.04608154
-0.01098633
 0.02899170
 0.06469727
 0.08758545
 0.09307861
 0.08056641
 0.05554199
 0.02502441
-0.00335693
-0.02410889
-0.03479004
-0.03631592
-0.03143311
-0.02227783
-0.00976563
 0.00488281
 0.02258301
 0.04211426
 0.06103516
 0.07568359
 0.08148193
 0.07507324
 0.05615234
 0.02685547
-0.00701904
-0.03814697
-0.06042480
-0.06866455
-0.06134033
-0.04089355
-0.01159668
 0.02136230
 0.05340576
 0.08026123
 0.10009766
 0.11138916
 0.11260986
 0.10375977
 0.08392334
 0.05401611
 0.01708984
-0.02227783
-0.05798340
-0.08331299
-0.09307861
-0.08605957
-0.06378174
-0.03234863
 0.00061035
 0.02746582
 0.04364014
 0.04730225
 0.03997803
 0.02502441
 0.00549316
-0.01678467
-0.04028320
-0.06561279
-0.09063721
-0.11260986
-0.12664795
-0.12695313
-0.11077881
-0.07843018
-0.03479004
 0.01159668
 0.05126953
 0.07659912
 0.08392334
 0.07385254
 0.05126953
 0.02197266
-0.00762939
-0.03387451
-0.05401611
-0.06744385
-0.07385254
-0.07263184
-0.06317139
-0.04455566
-0.01708984
 0.01647949
 0.05279541
 0.08697510
 0.11383057
 0.12908936
 0.12939453
 0.11444092
 0.08514404
 0.04577637
 0.00213623
-0.03784180
-0.06652832
-0.07781982
-0.06896973
-0.04180908
-0.00183105
 0.04302979
 0.08392334
 0.11352539
 0.12817383
 0.12634277
 0.11047363
 0.08392334
 0.05096436
 0.01525879
-0.01983643
-0.05187988
-0.07873535
-0.09796143
-0.10803223
-0.10711670
-0.09460449
-0.07171631
-0.04089355
-0.00701904
 0.02349854
 0.04394531
 0.04913330
 0.03662109
 0.00732422
-0.03387451
-0.07934570
-0.12023926
-0.15045166
-0.16510010
-0.16387939
-0.14801025
-0.12023926
-0.08392334
-0.04241943
 0.00091553
 0.04150391
 0.07415771
 0.09399414
 0.09765625
 0.08483887
 0.05981445
 0.02868652
-0.00091553
-0.02349854
-0.03540039
-0.03723145
-0.03051758
-0.01708984
 0.00274658
 0.02868652
 0.06103516
 0.09735107
 0.13183594
 0.15716553
 0.16571045
 0.15289307
 0.11932373
 0.07171631
 0.02014160
-0.02441406
-0.05401611
-0.06530762
-0.06011963
-0.04333496
-0.02075195
 0.00274658
 0.02380371
 0.04150391
 0.05432129
 0.06134033
 0.06134033
 0.05310059
 0.03631592
 0.01251221
-0.01617432
-0.04577637
-0.07324219
-0.09460449
-0.10772705
-0.11016846
-0.10040283
-0.07934570
-0.04882813
-0.01342773
 0.02105713
 0.04760742
 0.06103516
 0.05889893
 0.04241943
 0.01586914
-0.01373291
-0.04028320
-0.05859375
-0.06683350
-0.06530762
-0.05584717
-0.04058838
-0.02197266
-0.00183105
 0.01800537
 0.03662109
 0.05187988
 0.06317139
 0.06927490
 0.06988525
 0.06500244
 0.05523682
 0.04150391
 0.02471924
 0.00701904
-0.00885010
-0.01892090
-0.02044678
-0.01129150
 0.00762939
 0.03265381
 0.05737305
 0.07537842
 0.08178711
 0.07507324
 0.05767822
 0.03479004
 0.01251221
-0.00488281
-0.01495361
-0.01922607
-0.01953125
-0.01983643
-0.02105713
-0.02380371
-0.02655029
-0.02777100
-0.02593994
-0.02136230
-0.01525879
-0.00915527
-0.00488281
-0.00335693
-0.00610352
-0.01281738
-0.02319336
-0.03631592
-0.05035400
-0.06256104
-0.07049561
-0.07232666
-0.06835938
-0.06011963
-0.05065918
-0.04302979
-0.03906250
-0.03814697
-0.03845215
-0.03723145
-0.03326416
-0.02563477
-0.01708984
-0.01007080
-0.00732422
-0.01007080
-0.01739502
-0.02624512
-0.03326416
-0.03601074
-0.03265381
-0.02349854
-0.01037598
 0.00488281
 0.01953125
 0.03143311
 0.03967285
 0.04364014
 0.04425049
 0.04211426
 0.03967285
 0.03753662
 0.03692627
 0.03692627
 0.03540039
 0.03112793
 0.02227783
 0.01037598
-0.00183105
-0.01037598
-0.01159668
-0.00427246
 0.00885010
 0.02380371
 0.03479004
 0.03814697
 0.03295898
 0.02197266
 0.01037598
 0.00213623
-0.00122070
-0.00122070
-0.00183105
-0.00671387
-0.01770020
-0.03265381
-0.04608154
-0.05157471
-0.04516602
-0.02655029
 0.00000000
 0.02716064
 0.04730225
 0.05523682
 0.04974365
 0.03448486
 0.01556396
-0.00183105
-0.01342773
-0.01892090
-0.02014160
-0.02014160
-0.02166748
-0.02502441
-0.02838135
-0.02929688
-0.02410889
-0.01251221
 0.00488281
 0.02349854
 0.03845215
 0.04455566
 0.03875732
 0.02166748
-0.00274658
-0.02838135
-0.04760742
-0.05615234
-0.05187988
-0.03692627
-0.01647949
 0.00335693
 0.01800537
 0.02685547
 0.03112793
 0.03417969
 0.03936768
 0.04760742
 0.05645752
 0.06195068
 0.05981445
 0.04821777
 0.02868652
 0.00610352
-0.01312256
-0.02349854
-0.02197266
-0.01037598
 0.00732422
 0.02532959
 0.03875732
 0.04486084
 0.04364014
 0.03753662
 0.02899170
 0.02044678
 0.01281738
 0.00579834
-0.00091553
-0.00823975
-0.01556396
-0.02227783
-0.02716064
-0.02960205
-0.02929688
-0.02624512
-0.02014160
-0.01159668
-0.00152588
 0.00854492
 0.01586914
 0.01861572
 0.01464844
 0.00396729
-0.01220703
-0.02990723
-0.04516602
-0.05432129
-0.05554199
-0.04943848
-0.03875732
-0.02746582
-0.01800537
-0.01220703
-0.00976563
-0.00854492
-0.00640869
-0.00213623
 0.00335693
 0.00854492
 0.01068115
 0.00732422
-0.00213623
-0.01647949
-0.03234863
-0.04486084
-0.04974365
-0.04486084
-0.02960205
-0.00762939
 0.01556396
 0.03417969
 0.04394531
 0.04272461
 0.03234863
 0.01770020
 0.00366211
-0.00518799
-0.00762939
-0.00518799
-0.00091553
 0.00213623
 0.00152588
-0.00091553
-0.00274658
 0.00000000
 0.00946045
 0.02441406
 0.04150391
 0.05493164
 0.06042480
 0.05493164
 0.03997803
 0.01892090
-0.00244141
-0.01922607
-0.02899170
-0.03112793
-0.02777100
-0.02136230
-0.01434326
-0.00793457
-0.00244141
 0.00244141
 0.00732422
 0.01159668
 0.01403809
 0.01342773
 0.00885010
-0.00030518
-0.01251221
-0.02563477
-0.03723145
-0.04394531
-0.04486084
-0.03936768
-0.02807617
-0.01342773
 0.00183105
 0.01556396
 0.02502441
 0.03021240
 0.03021240
 0.02624512
 0.01922607
 0.01037598
 0.00000000
-0.01068115
-0.02105713
-0.03021240
-0.03601074
-0.03723145
-0.03173828
-0.01983643
-0.00274658
 0.01647949
 0.03417969
 0.04699707
 0.05279541
 0.05096436
 0.04333496
 0.03265381
 0.02136230
 0.01220703
 0.00579834
 0.00183105
 0.00000000
-0.00030518
 0.00122070
 0.00579834
 0.01373291
 0.02532959
 0.03906250
 0.05249023
 0.06256104
 0.06591797
 0.06164551
 0.05004883
 0.03356934
 0.01556396
-0.00091553
-0.01312256
-0.02075195
-0.02410889
-0.02471924
-0.02349854
-0.02166748
-0.01861572
-0.01403809
-0.00762939
-0.00030518
 0.00640869
 0.01007080
 0.00854492
 0.00000000
-0.01495361
-0.03448486
-0.05493164
-0.07202148
-0.08270264
-0.08483887
-0.07904053
-0.06744385
-0.05310059
-0.03906250
-0.02685547
-0.01708984
-0.00946045
-0.00366211
 0.00000000
 0.00152588
-0.00091553
-0.00762939
-0.01861572
-0.03173828
-0.04364014
-0.05035400
-0.04943848
-0.03936768
-0.02197266
-0.00061035
 0.02105713
 0.03906250
 0.05065918
 0.05554199
 0.05462646
 0.04882813
 0.04058838
 0.03112793
 0.02197266
 0.01312256
 0.00549316
-0.00030518
-0.00335693
-0.00274658
 0.00183105
 0.01068115
 0.02288818
 0.03692627
 0.05004883
 0.05950928
 0.06256104
 0.05737305
 0.04333496
 0.02227783
-0.00244141
-0.02685547
-0.04638672
-0.05828857
-0.06195068
-0.05798340
-0.04821777
-0.03540039
-0.02166748
-0.00854492
 0.00274658
 0.01159668
 0.01708984
 0.01739502
 0.01190186
-0.00030518
-0.01831055
-0.03906250
-0.05828857
-0.07171631
-0.07537842
-0.06744385
-0.04852295
-0.02288818
 0.00518799
 0.03021240
 0.04760742
 0.05584717
 0.05554199
 0.04882813
 0.03814697
 0.02685547
 0.01556396
 0.00488281
-0.00518799
-0.01464844
-0.02227783
-0.02655029
-0.02471924
-0.01495361
 0.00274658
 0.02624512
 0.05126953
 0.07293701
 0.08575439
 0.08697510
 0.07629395
 0.05584717
 0.02990723
 0.00366211
-0.01861572
-0.03417969
-0.04119873
-0.03997803
-0.03173828
-0.01831055
-0.00152588
 0.01708984
 0.03509521
 0.05065918
 0.06103516
 0.06378174
 0.05676270
 0.03936768
 0.01312256
-0.01861572
-0.05004883
-0.07537842
-0.08911133
-0.08880615
-0.07446289
-0.04943848
-0.01922607
 0.00915527
 0.03021240
 0.04089355
