 0.00000000
 0.00000000
 0.00000000
 0.00030518
 0.00030518
 0.00030518
 0.00030518
 0.00000000
 0.00000000
-0.00030518
-0.00061035
-0.00091553
-0.00091553
-0.00091553
-0.00061035
-0.00030518
 0.00000000
 0.00030518
 0.00061035
 0.00091553
 0.00091553
 0.00091553
 0.00061035
 0.00030518
 0.00030518
 0.00000000
-0.00030518
-0.00061035
-0.00091553
-0.00122070
-0.00122070
-0.00091553
-0.00061035
-0.00030518
 0.00000000
 0.00030518
 0.00061035
 0.00061035
 0.00061035
 0.00061035
 0.00030518
-0.00030518
-0.00061035
-0.00091553
-0.00091553
-0.00091553
-0.00091553
-0.00061035
-0.00030518
 0.00000000
 0.00030518
 0.00030518
 0.00061035
 0.00061035
 0.00061035
 0.00061035
 0.00030518
 0.00000000
-0.00030518
-0.00091553
-0.00122070
-0.00122070
-0.00122070
-0.00091553
-0.00061035
 0.00000000
 0.00030518
 0.00061035
 0.00061035
 0.00061035
 0.00061035
 0.00030518
 0.00030518
 0.00000000
-0.00030518
-0.00091553
-0.00091553
-0.00122070
-0.00122070
-0.00091553
-0.00030518
 0.00030518
 0.00061035
 0.00091553
 0.00091553
 0.00091553
 0.00061035
 0.00030518
-0.00030518
-0.00061035
-0.00091553
-0.00091553
-0.00091553
-0.00091553
-0.00122070
-0.00305176
-0.00976563
-0.02532959
-0.04821777
-0.06835938
-0.06805420
-0.03417969
 0.02044678
 0.05706787
 0.03570557
-0.05676270
-0.19195557
-0.30395508
-0.32379150
-0.22399902
-0.04943848
 0.09368896
 0.09643555
-0.08209229
-0.37628174
-0.63110352
-0.68420410
-0.46600342
-0.06713867
 0.27862549
 0.30639648
-0.11352539
-0.83648682
-1.43737793
-1.37603760
-0.27038574
 1.84204102
 4.38629150
 6.37329102
 6.76574707
 4.94781494
 1.07879639
-3.84307861
-8.26904297
 9.34509277
 9.92950439
-6.59423828
-1.31011963
 4.09729004
 7.98828125
 9.38415527
 8.29101563
 5.61126709
 2.68798828
 0.69549561
 0.13580322
 0.66040039
 1.29699707
 0.97137451
-0.91857910
-4.13513184
-7.60162354
-9.81079102
-9.47814941
-6.16058350
-0.56427002
 5.61309814
-9.71923828
-8.23608398
 9.49584961
 4.28863525
-1.95343018
-6.98333740
-9.11834717
-7.91290283
-4.30877686
-0.17791748
 2.55004883
 2.76916504
 0.68084717
-2.33856201
-4.42626953
-4.15100098
-1.23229980
 3.28155518
 7.47100830
 9.41741943
 8.07861328
 3.76495361
-1.99462891
-7.12280273
-9.87701416
-9.53857422
-6.61071777
-2.47497559
 1.30035400
 3.64501953
 4.34356689
 3.95721436
 3.39691162
 3.38928223
 4.09210205
 5.04211426
 5.42358398
 4.50744629
 2.03033447
-1.63146973
-5.55938721
-8.61297607
-9.83551025
-8.78295898
-5.67840576
-1.34368896
 3.05999756
 6.40136719
 7.93121338
 7.50701904
 5.60028076
 3.07922363
 0.83862305
-0.56457520
-1.10992432
-1.25946045
-1.67297363
-2.79754639
-4.55047607
-6.27136230
-6.98577881
-5.88470459
-2.79205322
 1.61926270
 6.00128174
 8.84582520
 9.12261963
 6.73828125
 2.59887695
-1.77398682
-4.89471436
-5.93017578
-5.00183105
-3.03527832
-1.24420166
-0.51361084
-0.98388672
-2.03002930
-2.62908936
-1.92169189
 0.31372070
 3.50189209
 6.49597168
 8.07373047
 7.47222900
 4.71466064
 0.60089111
-3.61206055
-6.69097900
-7.85949707
-7.02056885
-4.70184326
-1.78497314
 0.85601807
 2.65472412
 3.48480225
 3.59924316
 3.42712402
 3.32458496
 3.39141846
 3.43139648
 3.06640625
 1.94946289
-0.01556396
-2.54608154
-5.01739502
-6.66503906
-6.87988281
-5.47119141
-2.77679443
 0.43792725
 3.25897217
 4.96978760
 5.30548096
 4.50653076
 3.15155029
 1.84906006
 0.94909668
 0.41442871
-0.09399414
-0.96099854
-2.33398438
-3.96118164
-5.25390625
-5.54534912
-4.42718506
-1.98944092
 1.15325928
 4.07775879
 5.90911865
 6.15966797
 4.90081787
 2.69287109
 0.32470703
-1.51824951
-2.49725342
-2.68493652
-2.44110107
-2.17742920
-2.13470459
-2.27294922
-2.31689453
-1.92382813
-0.87890625
 0.76446533
 2.66723633
 4.31030273
 5.17639160
 4.93438721
 3.55895996
 1.34704590
-1.16821289
-3.37554932
-4.76165771
-5.05310059
-4.28131104
-2.74902344
-0.91400146
 0.76873779
 1.98577881
 2.64038086
 2.83264160
 2.76123047
 2.59490967
 2.37731934
 2.01141357
 1.33239746
 0.23345947
-1.22100830
-2.75634766
-3.95843506
-4.42535400
-3.93707275
-2.56469727
-0.66131592
 1.26037598
 2.71606445
 3.41705322
 3.34930420
 2.73162842
 1.88385010
 1.07208252
 0.40618896
-0.16815186
-0.78582764
-1.53900146
-2.37884521
-3.09509277
-3.39294434
-3.02398682
-1.91894531
-0.25390625
 1.58447266
 3.11828613
 3.94439697
 3.87054443
 2.97729492
 1.57501221
 0.08178711
-1.12640381
-1.84143066
-2.06512451
-1.96533203
-1.76177979
-1.60400391
-1.49536133
-1.30004883
-0.83129883
 0.02227783
 1.19567871
 2.42706299
 3.33221436
 3.55499268
 2.92236328
 1.53656006
-0.24108887
-1.91253662
-3.02429199
-3.32885742
-2.85705566
-1.87713623
-0.76080322
 0.17242432
 0.77117920
 1.07177734
 1.22955322
 1.40258789
 1.64794922
 1.88293457
 1.92901611
 1.60888672
 0.84960938
-0.25970459
-1.48071289
-2.50335693
-3.05206299
-2.97973633
-2.30743408
-1.21002197
 0.04943848
 1.19903564
 2.02972412
 2.43438721
 2.41180420
 2.04101563
 1.44226074
 0.73669434
 0.01983643
-0.64941406
-1.23779297
-1.71478271
-2.03430176
-2.12768555
-1.92413330
-1.38519287
-0.54443359
 0.47271729
 1.46392822
 2.20123291
 2.50335693
 2.30133057
 1.66412354
 0.77545166
-0.13519287
-0.87493896
-1.34582520
-1.55670166
-1.58294678
-1.50299072
-1.34582520
-1.07757568
-0.63690186
 0.00518799
 0.79254150
 1.57257080
 2.13836670
 2.30590820
 1.99218750
 1.25457764
 0.27679443
-0.69702148
-1.44592285
-1.84112549
-1.86920166
-1.60919189
-1.17889404
-0.68115234
-0.17578125
 0.31677246
 0.78948975
 1.21765137
 1.54449463
 1.69250488
 1.59301758
 1.21887207
 0.60485840
-0.15197754
-0.91247559
-1.52923584
-1.88110352
-1.90185547
-1.59240723
-1.01989746
-0.30059814
 0.42724609
 1.03363037
 1.42456055
 1.55914307
 1.45111084
 1.15386963
 0.73760986
 0.26733398
-0.21057129
-0.66314697
-1.05682373
-1.34735107
-1.47644043
-1.39038086
-1.06353760
-0.52490234
 0.13641357
 0.78704834
 1.28662109
 1.53167725
 1.48681641
 1.18896484
 0.72937012
 0.21545410
-0.26367188
-0.65612793
-0.94451904
-1.12823486
-1.20361328
-1.15325928
-0.95306396
-0.59234619
-0.09460449
 0.47363281
 1.00891113
 1.39801025
 1.54937744
 1.42089844
 1.03393555
 0.46722412
-0.16326904
-0.73455811
-1.14349365
-1.32904053
-1.28021240
-1.03240967
-0.65216064
-0.21850586
 0.19775391
 0.54626465
 0.80200195
 0.95916748
 1.01928711
 0.98144531
 0.83709717
 0.57708740
 0.20568848
-0.24414063
-0.70617676
-1.08978271
-1.30340576
-1.28540039
-1.02722168
-0.58105469
-0.04638672
 0.46081543
 0.84167480
 1.04034424
 1.05102539
 0.90820313
 0.66375732
 0.36560059
 0.04699707
-0.27038574
-0.56762695
-0.81634521
-0.97625732
-1.00524902
-0.87493896
-0.58837891
-0.18676758
 0.25634766
 0.65399170
 0.92987061
 1.03790283
 0.97137451
 0.75927734
 0.45318604
 0.11016846
-0.22003174
-0.50018311
-0.70678711
-0.82366943
-0.83953857
-0.74737549
-0.54779053
-0.25665283
 0.09277344
 0.44952393
 0.75164795
 0.94024658
 0.97320557
 0.83831787
 0.55755615
 0.18524170
-0.20690918
-0.54443359
-0.77117920
-0.85723877
-0.80444336
-0.63873291
-0.39886475
-0.12481689
 0.14923096
 0.39733887
 0.59753418
 0.72998047
 0.77392578
 0.71319580
 0.54321289
 0.27770996
-0.04730225
-0.37872314
-0.65643311
-0.82855225
-0.86364746
-0.75775146
-0.53405762
-0.23559570
 0.08514404
 0.37780762
 0.60089111
 0.72723389
 0.74371338
 0.65246582
 0.46813965
 0.21606445
-0.06835938
-0.34515381
-0.57403564
-0.71990967
-0.75988770
-0.68511963
-0.50567627
-0.24780273
 0.04852295
 0.33630371
 0.56976318
 0.71136475
 0.74127197
 0.65856934
 0.48217773
 0.24444580
-0.01556396
-0.26123047
-0.46234131
-0.59783936
-0.65460205
-0.62622070
-0.51147461
-0.31921387
-0.06896973
 0.20538330
 0.46020508
 0.64727783
 0.72784424
 0.68359375
 0.52185059
 0.27557373
-0.00518799
-0.26794434
-0.46936035
-0.58410645
-0.60699463
-0.54687500
-0.42114258
-0.25054932
-0.05523682
 0.14465332
 0.32684326
 0.46813965
 0.54656982
 0.54718018
 0.46539307
 0.31097412
 0.10711670
-0.11535645
-0.32135010
-0.47943115
-0.56549072
-0.56610107
-0.48034668
-0.32104492
-0.11230469
 0.11260986
 0.31707764
 0.46783447
 0.54107666
 0.52795410
 0.43518066
 0.28137207
 0.09277344
-0.10345459
-0.28137207
-0.41992188
-0.50201416
-0.51666260
-0.45776367
-0.33050537
-0.14984131
 0.05706787
 0.25604248
 0.41198730
 0.49896240
 0.50384521
 0.43151855
 0.29968262
 0.13336182
-0.04028320
-0.19897461
-0.32562256
-0.40802002
-0.43823242
-0.41076660
-0.32623291
-0.19287109
-0.02716064
 0.14587402
 0.29754639
 0.40191650
 0.44250488
 0.41442871
 0.32653809
 0.19622803
 0.04608154
-0.10192871
-0.22918701
-0.32135010
-0.36865234
-0.36529541
-0.31036377
-0.20874023
-0.07232666
 0.07934570
 0.22216797
 0.33203125
 0.38909912
 0.38330078
 0.31585693
 0.19927979
 0.05462646
-0.09368896
-0.22216797
-0.31219482
-0.35278320
-0.34027100
-0.27832031
-0.17730713
-0.05249023
 0.07659912
 0.19042969
 0.27160645
 0.30700684
 0.29205322
 0.23010254
 0.13275146
 0.01678467
-0.10009766
-0.20050049
-0.27252197
-0.30761719
-0.30273438
-0.25878906
-0.17974854
-0.07354736
 0.04699707
 0.16662598
 0.26641846
 0.32836914
 0.33966064
 0.29510498
 0.20111084
 0.07324219
-0.06530762
-0.18981934
-0.27862549
-0.31799316
-0.30334473
-0.24017334
-0.14099121
-0.02349854
 0.09368896
 0.19378662
 0.26367188
 0.29510498
 0.28594971
 0.23864746
 0.16113281
 0.06378174
-0.04058838
-0.13946533
-0.22033691
-0.27191162
-0.28594971
-0.25848389
-0.19165039
-0.09368896
 0.01983643
 0.13000488
 0.21759033
 0.26702881
 0.27130127
 0.23101807
 0.15655518
 0.06225586
-0.03692627
-0.12725830
-0.19805908
-0.24291992
-0.25604248
-0.23437500
-0.17791748
-0.09185791
 0.01251221
 0.11749268
 0.20294189
 0.25115967
 0.25177002
 0.20599365
 0.12634277
 0.03112793
-0.05981445
-0.13153076
-0.17730713
-0.19592285
-0.19104004
-0.16571045
-0.12268066
-0.06256104
 0.01129150
 0.09216309
 0.16784668
 0.22338867
 0.24475098
 0.22521973
 0.16632080
 0.07873535
-0.02044678
-0.11291504
-0.18341064
-0.22186279
-0.22460938
-0.19439697
-0.13671875
-0.06072998
 0.02319336
 0.10345459
 0.16815186
 0.20782471
 0.21636963
 0.19256592
 0.14038086
 0.06896973
-0.01037598
-0.08605957
-0.14801025
-0.18798828
-0.20141602
-0.18707275
-0.14678955
-0.08728027
-0.01708984
 0.05187988
 0.10894775
 0.14526367
 0.15716553
 0.14495850
 0.11291504
 0.06713867
 0.01495361
-0.03845215
-0.08758545
-0.12695313
-0.15136719
-0.15472412
-0.13366699
-0.08850098
-0.02532959
 0.04516602
 0.10925293
 0.15472412
 0.17333984
 0.16357422
 0.12969971
 0.07995605
 0.02288818
-0.03356934
-0.08422852
-0.12481689
-0.15136719
-0.15930176
-0.14404297
-0.10437012
-0.04394531
 0.02777100
 0.09674072
 0.14770508
 0.16845703
 0.15563965
 0.11383057
 0.05523682
-0.00427246
-0.05187988
-0.08087158
-0.09124756
-0.08972168
-0.08331299
-0.07720947
-0.07171631
-0.06225586
-0.04180908
-0.00640869
 0.04241943
 0.09613037
 0.14038086
 0.16052246
 0.14648438
 0.09674072
 0.02075195
-0.06317139
-0.13336182
-0.17089844
-0.16632080
-0.12176514
-0.05065918
 0.02685547
 0.09094238
 0.12786865
 0.13305664
 0.11260986
 0.07904053
 0.04608154
 0.02319336
 0.01312256
 0.01007080
 0.00549316
-0.00915527
-0.03692627
-0.07385254
-0.10894775
-0.12939453
-0.12481689
-0.09155273
-0.03479004
 0.03234863
 0.09307861
 0.13153076
 0.13854980
 0.11291504
 0.06195068
-0.00122070
-0.06134033
-0.10620117
-0.12756348
-0.12451172
-0.10040283
-0.06286621
-0.02075195
 0.01831055
 0.04821777
 0.06591797
 0.07141113
 0.06805420
 0.05920410
 0.04913330
 0.04089355
 0.03387451
 0.02593994
 0.01220703
-0.01037598
-0.04211426
-0.07843018
-0.10955811
-0.12390137
-0.11077881
-0.06774902
-0.00061035
 0.07476807
 0.13824463
 0.17059326
 0.16113281
 0.11169434
 0.03723145
-0.04058838
-0.09979248
-0.12512207
-0.11474609
-0.07812500
-0.03234863
 0.00549316
 0.02471924
 0.02410889
 0.01251221
 0.00244141
 0.00457764
 0.02227783
 0.05035400
 0.07690430
 0.08819580
 0.07598877
 0.03906250
-0.01434326
-0.06988525
-0.11230469
-0.13000488
-0.11901855
-0.08331299
-0.03356934
 0.01708984
 0.05706787
 0.07904053
 0.08056641
 0.06530762
 0.04028320
 0.01312256
-0.01037598
-0.02593994
-0.03387451
-0.03540039
-0.03356934
-0.03051758
-0.02685547
-0.02258301
-0.01647949
-0.00701904
 0.00671387
 0.02380371
 0.04272461
 0.06103516
 0.07568359
 0.08331299
 0.08178711
 0.06896973
 0.04455566
 0.01068115
-0.02807617
-0.06408691
-0.08880615
-0.09521484
-0.08056641
-0.04730225
-0.00427246
 0.03601074
 0.06164551
 0.06591797
 0.04913330
 0.01861572
-0.01342773
-0.03479004
-0.03906250
-0.02685547
-0.00640869
 0.01159668
 0.01708984
 0.00701904
-0.01495361
-0.03875732
-0.05340576
-0.05096436
-0.03112793
-0.00091553
 0.02868652
 0.04577637
 0.04364014
 0.02288818
-0.00885010
-0.03967285
-0.05920410
-0.06011963
-0.04364014
-0.01586914
 0.01342773
 0.03479004
 0.04333496
 0.03906250
 0.02624512
 0.01098633
 0.00000000
-0.00427246
-0.00213623
 0.00427246
 0.01068115
 0.01495361
 0.01617432
 0.01525879
 0.01342773
 0.01129150
 0.00946045
 0.00732422
 0.00427246
 0.00122070
-0.00152588
-0.00213623
-0.00091553
 0.00183105
 0.00427246
 0.00366211
-0.00061035
-0.00854492
-0.01739502
-0.02349854
-0.02380371
-0.01739502
-0.00640869
 0.00549316
 0.01251221
 0.01159668
 0.00244141
-0.01220703
-0.02685547
-0.03570557
-0.03509521
-0.02502441
-0.00823975
 0.00946045
 0.02166748
 0.02532959
 0.01983643
 0.00823975
-0.00305176
-0.00854492
-0.00488281
 0.00732422
 0.02441406
 0.03906250
 0.04486084
 0.03845215
 0.02044678
-0.00366211
-0.02593994
-0.03845215
-0.03692627
-0.02258301
-0.00091553
 0.02014160
 0.03265381
 0.03265381
 0.02136230
 0.00366211
-0.01312256
-0.02349854
-0.02532959
-0.01953125
-0.01129150
-0.00579834
-0.00579834
-0.01159668
-0.02075195
-0.02838135
-0.03082275
-0.02593994
-0.01495361
 0.00000000
 0.01464844
 0.02624512
 0.03265381
 0.03326416
 0.02929688
 0.02227783
 0.01373291
 0.00549316
-0.00152588
-0.00640869
-0.00885010
-0.00885010
-0.00732422
-0.00518799
-0.00366211
-0.00335693
-0.00427246
-0.00610352
-0.00793457
-0.00823975
-0.00610352
-0.00061035
 0.00732422
 0.01586914
 0.02288818
 0.02502441
 0.02044678
 0.00946045
-0.00610352
-0.02136230
-0.03082275
-0.03112793
-0.02075195
-0.00274658
 0.01739502
 0.03265381
 0.03753662
 0.03051758
 0.01434326
-0.00518799
-0.02044678
-0.02624512
-0.02136230
-0.00854492
 0.00579834
 0.01556396
 0.01647949
 0.00762939
-0.00701904
-0.02166748
-0.03021240
-0.02929688
-0.01922607
-0.00366211
 0.01129150
 0.02014160
 0.01953125
 0.00915527
-0.00701904
-0.02319336
-0.03448486
-0.03601074
-0.02777100
-0.01190186
 0.00701904
 0.02410889
 0.03448486
 0.03692627
 0.03173828
 0.02197266
 0.01129150
 0.00274658
-0.00152588
-0.00091553
 0.00366211
 0.01037598
 0.01678467
 0.02075195
 0.02105713
 0.01647949
 0.00793457
-0.00335693
-0.01403809
-0.02136230
-0.02288818
-0.01800537
-0.00793457
 0.00305176
 0.01037598
 0.00976563
 0.00061035
-0.01556396
-0.03295898
-0.04516602
-0.04669189
-0.03601074
-0.01556396
 0.00823975
 0.02716064
 0.03509521
 0.02960205
 0.01312256
-0.00793457
-0.02563477
-0.03356934
-0.02929688
-0.01525879
 0.00244141
 0.01647949
 0.02136230
 0.01525879
 0.00091553
-0.01525879
-0.02655029
-0.02777100
-0.01739502
 0.00152588
 0.02288818
 0.03936768
 0.04486084
 0.03753662
 0.02014160
-0.00152588
-0.01983643
-0.02899170
-0.02593994
-0.01251221
 0.00579834
 0.02258301
 0.03234863
 0.03265381
 0.02441406
 0.01220703
 0.00030518
-0.00671387
-0.00793457
-0.00457764
 0.00061035
 0.00396729
 0.00366211
 0.00000000
-0.00579834
-0.01037598
-0.01281738
-0.01190186
-0.00854492
-0.00457764
-0.00061035
 0.00213623
 0.00427246
 0.00640869
 0.00823975
 0.00946045
 0.00823975
 0.00427246
-0.00305176
-0.01159668
-0.01922607
-0.02197266
-0.01861572
-0.00885010
 0.00457764
 0.01770020
 0.02593994
 0.02685547
 0.02014160
 0.00854492
-0.00274658
-0.00976563
-0.00915527
-0.00183105
 0.00915527
 0.01861572
 0.02166748
 0.01678467
 0.00457764
-0.01037598
-0.02227783
-0.02685547
-0.02227783
-0.00976563
 0.00549316
 0.01770020
 0.02258301
 0.01922607
 0.00885010
-0.00396729
-0.01464844
-0.01983643
-0.01892090
-0.01434326
-0.00854492
-0.00488281
-0.00427246
-0.00610352
-0.00793457
-0.00793457
-0.00488281
 0.00030518
 0.00549316
 0.00885010
 0.00946045
 0.00762939
 0.00488281
 0.00274658
 0.00274658
 0.00427246
 0.00549316
 0.00396729
-0.00091553
-0.00885010
-0.01708984
-0.02258301
-0.02227783
-0.01586914
-0.00518799
 0.00549316
 0.01220703
 0.01190186
 0.00457764
-0.00640869
-0.01708984
-0.02227783
-0.01983643
-0.01037598
 0.00244141
 0.01373291
 0.01892090
 0.01617432
 0.00732422
-0.00427246
-0.01342773
-0.01586914
-0.01098633
-0.00061035
 0.01098633
 0.01861572
 0.01922607
 0.01129150
-0.00183105
-0.01586914
-0.02563477
-0.02777100
-0.02105713
-0.00823975
 0.00579834
 0.01678467
 0.02105713
 0.01800537
 0.00946045
-0.00091553
-0.00885010
-0.01251221
-0.01129150
-0.00701904
-0.00213623
 0.00061035
 0.00030518
-0.00244141
-0.00549316
-0.00671387
-0.00457764
 0.00091553
 0.00854492
 0.01647949
 0.02166748
 0.02380371
 0.02166748
 0.01708984
 0.01098633
 0.00518799
 0.00091553
-0.00152588
-0.00213623
-0.00122070
 0.00122070
 0.00488281
 0.00885010
 0.01312256
 0.01647949
 0.01800537
 0.01678467
 0.01251221
 0.00549316
-0.00274658
-0.01129150
-0.01770020
-0.02136230
-0.02105713
-0.01800537
-0.01281738
-0.00701904
-0.00213623
 0.00122070
 0.00244141
 0.00274658
 0.00244141
 0.00244141
 0.00244141
 0.00213623
 0.00030518
-0.00335693
-0.00915527
-0.01556396
-0.02136230
-0.02349854
-0.02075195
-0.01281738
-0.00091553
 0.01251221
 0.02441406
 0.03173828
 0.03326416
 0.02929688
 0.02166748
 0.01312256
 0.00518799
-0.00030518
-0.00366211
-0.00579834
-0.00701904
-0.00793457
-0.00793457
-0.00671387
-0.00366211
 0.00122070
 0.00701904
 0.01251221
 0.01586914
 0.01678467
 0.01464844
 0.01037598
 0.00488281
-0.00152588
-0.00823975
-0.01495361
-0.02136230
-0.02655029
-0.02929688
-0.02807617
-0.02258301
-0.01312256
-0.00213623
 0.00823975
 0.01495361
 0.01678467
 0.01342773
 0.00671387
-0.00061035
-0.00579834
-0.00793457
-0.00732422
-0.00518799
-0.00366211
-0.00396729
-0.00579834
-0.00823975
-0.00976563
-0.00854492
-0.00457764
 0.00213623
 0.00915527
 0.01525879
 0.01831055
 0.01739502
 0.01251221
 0.00488281
-0.00366211
-0.01190186
-0.01708984
-0.01892090
-0.01708984
-0.01159668
-0.00488281
 0.00122070
 0.00549316
 0.00671387
 0.00518799
 0.00213623
-0.00061035
-0.00152588
-0.00030518
 0.00244141
 0.00457764
 0.00488281
 0.00244141
-0.00244141
-0.00793457
-0.01220703
-0.01373291
-0.01159668
-0.00762939
-0.00274658
 0.00030518
 0.00091553
-0.00091553
-0.00396729
-0.00640869
-0.00701904
-0.00549316
-0.00213623
 0.00122070
 0.00305176
 0.00274658
 0.00000000
-0.00396729
-0.00762939
-0.00976563
-0.00946045
-0.00671387
-0.00244141
 0.00213623
 0.00579834
 0.00793457
 0.00793457
 0.00671387
 0.00549316
 0.00488281
 0.00579834
 0.00793457
 0.01068115
 0.01281738
 0.01312256
 0.01129150
 0.00823975
 0.00457764
 0.00183105
 0.00091553
 0.00213623
 0.00427246
 0.00579834
 0.00579834
 0.00366211
 0.00061035
-0.00244141
-0.00396729
-0.00366211
-0.00183105
 0.00000000
 0.00091553
-0.00030518
-0.00335693
-0.00640869
-0.00793457
-0.00732422
-0.00457764
-0.00030518
 0.00335693
 0.00579834
 0.00610352
 0.00518799
 0.00396729
 0.00396729
 0.00549316
 0.00793457
 0.01037598
 0.01190186
 0.01098633
 0.00823975
 0.00457764
 0.00061035
-0.00213623
-0.00305176
-0.00213623
 0.00000000
 0.00274658
 0.00488281
 0.00610352
 0.00610352
 0.00457764
 0.00244141
 0.00030518
-0.00183105
-0.00274658
-0.00305176
-0.00274658
-0.00244141
-0.00244141
-0.00335693
-0.00457764
-0.00549316
-0.00549316
-0.00457764
-0.00305176
-0.00152588
-0.00061035
-0.00091553
-0.00244141
-0.00396729
-0.00457764
-0.00457764
-0.00335693
-0.00244141
-0.00183105
-0.00305176
-0.00518799
-0.00762939
-0.00976563
-0.01037598
-0.00946045
-0.00732422
-0.00549316
-0.00396729
-0.00366211
-0.00396729
-0.00396729
-0.00335693
-0.00152588
 0.00122070
 0.00427246
 0.00701904
 0.00885010
 0.00946045
 0.00915527
 0.00793457
 0.00640869
 0.00518799
 0.00427246
 0.00366211
 0.00305176
 0.00183105
 0.00030518
-0.00213623
-0.00427246
-0.00640869
-0.00732422
-0.00640869
-0.00457764
-0.00183105
 0.00030518
 0.00091553
-0.00061035
-0.00366211
-0.00701904
-0.00915527
-0.00946045
-0.00732422
-0.00457764
-0.00183105
-0.00091553
-0.00213623
-0.00518799
-0.00823975
-0.00946045
-0.00732422
-0.00244141
 0.00427246
 0.01007080
 0.01373291
 0.01373291
 0.01037598
 0.00518799
 0.00061035
-0.00183105
-0.00122070
 0.00183105
 0.00579834
 0.00885010
 0.00915527
 0.00610352
 0.00061035
-0.00549316
-0.01037598
-0.01190186
-0.01037598
-0.00579834
-0.00061035
 0.00335693
 0.00488281
 0.00396729
 0.00122070
-0.00183105
-0.00335693
-0.00305176
-0.00122070
 0.00122070
 0.00274658
 0.00305176
 0.00152588
-0.00061035
-0.00213623
-0.00274658
-0.00152588
 0.00030518
 0.00244141
 0.00366211
 0.00396729
 0.00366211
 0.00274658
 0.00213623
 0.00152588
 0.00061035
-0.00122070
-0.00427246
-0.00823975
-0.01220703
-0.01464844
-0.01464844
-0.01220703
-0.00793457
-0.00274658
 0.00213623
 0.00518799
 0.00610352
 0.00518799
 0.00305176
 0.00061035
-0.00091553
-0.00152588
-0.00091553
 0.00061035
 0.00213623
 0.00305176
 0.00305176
 0.00152588
 0.00000000
-0.00091553
 0.00030518
 0.00396729
 0.00946045
 0.01586914
 0.02075195
 0.02227783
 0.01953125
 0.01281738
 0.00427246
-0.00396729
-0.00976563
-0.01251221
-0.01190186
-0.00946045
-0.00732422
-0.00579834
-0.00579834
-0.00640869
-0.00671387
-0.00518799
-0.00244141
 0.00122070
 0.00427246
 0.00579834
 0.00488281
 0.00152588
-0.00305176
-0.00793457
-0.01159668
-0.01281738
-0.01129150
-0.00701904
-0.00061035
 0.00671387
 0.01312256
 0.01770020
 0.01922607
 0.01800537
 0.01495361
 0.01068115
 0.00671387
 0.00396729
 0.00152588
-0.00030518
-0.00305176
-0.00579834
-0.00885010
-0.01068115
-0.01068115
-0.00793457
-0.00335693
 0.00152588
 0.00549316
 0.00732422
 0.00671387
 0.00396729
 0.00061035
-0.00274658
-0.00579834
-0.00854492
-0.01129150
-0.01342773
-0.01464844
-0.01342773
-0.00946045
-0.00274658
 0.00488281
 0.01129150
 0.01464844
 0.01342773
 0.00854492
 0.00213623
-0.00366211
-0.00640869
-0.00610352
-0.00396729
-0.00183105
-0.00183105
-0.00427246
-0.00885010
-0.01312256
-0.01556396
-0.01403809
-0.00854492
-0.00030518
 0.00854492
 0.01556396
 0.01892090
 0.01800537
 0.01281738
 0.00549316
-0.00183105
-0.00732422
-0.00885010
-0.00610352
 0.00061035
 0.00823975
 0.01495361
 0.01770020
 0.01556396
 0.00946045
 0.00152588
-0.00518799
-0.00793457
-0.00610352
-0.00091553
 0.00457764
 0.00762939
 0.00579834
 0.00000000
-0.00793457
-0.01495361
-0.01800537
-0.01617432
-0.01007080
-0.00213623
 0.00457764
 0.00793457
 0.00732422
 0.00335693
-0.00183105
-0.00640869
-0.00915527
-0.01007080
-0.00885010
-0.00671387
-0.00396729
-0.00061035
 0.00244141
 0.00549316
 0.00793457
 0.00946045
 0.00976563
 0.00854492
 0.00671387
 0.00427246
 0.00274658
 0.00244141
 0.00335693
 0.00518799
 0.00701904
 0.00793457
 0.00671387
 0.00335693
-0.00122070
-0.00610352
-0.00976563
-0.01068115
-0.00823975
-0.00366211
 0.00213623
 0.00610352
 0.00701904
 0.00396729
-0.00213623
-0.00885010
-0.01373291
-0.01464844
-0.01068115
-0.00366211
 0.00396729
 0.00976563
 0.01068115
 0.00732422
 0.00030518
-0.00732422
-0.01312256
-0.01464844
-0.01220703
-0.00671387
-0.00030518
 0.00427246
 0.00610352
 0.00457764
 0.00030518
-0.00518799
-0.00976563
-0.01220703
-0.01190186
-0.00885010
-0.00427246
 0.00000000
 0.00274658
 0.00305176
 0.00122070
-0.00213623
-0.00518799
-0.00610352
-0.00427246
-0.00030518
 0.00457764
 0.00915527
 0.01129150
 0.01098633
 0.00854492
 0.00549316
 0.00274658
 0.00122070
 0.00091553
 0.00183105
 0.00274658
 0.00366211
 0.00488281
 0.00640869
 0.00823975
 0.00976563
 0.01037598
 0.00854492
 0.00427246
-0.00274658
-0.01007080
-0.01586914
-0.01800537
-0.01617432
-0.01129150
-0.00518799
-0.00061035
 0.00122070
-0.00061035
-0.00427246
-0.00793457
-0.00915527
-0.00701904
-0.00183105
 0.00427246
 0.00946045
 0.01159668
 0.01007080
 0.00488281
-0.00122070
-0.00640869
-0.00823975
-0.00610352
-0.00030518
 0.00762939
 0.01525879
 0.02044678
 0.02197266
 0.01922607
 0.01342773
 0.00671387
 0.00091553
-0.00244141
-0.00305176
-0.00152588
 0.00061035
 0.00183105
 0.00061035
-0.00244141
-0.00640869
-0.01007080
-0.01159668
-0.01068115
-0.00762939
-0.00366211
 0.00000000
 0.00213623
 0.00244141
 0.00091553
-0.00122070
-0.00396729
-0.00610352
-0.00732422
-0.00762939
-0.00671387
-0.00457764
-0.00183105
 0.00183105
 0.00549316
 0.00854492
 0.01007080
 0.00946045
 0.00640869
 0.00213623
-0.00244141
-0.00579834
-0.00732422
-0.00640869
-0.00396729
-0.00091553
 0.00122070
 0.00152588
-0.00061035
-0.00366211
-0.00671387
-0.00762939
-0.00518799
 0.00000000
 0.00671387
 0.01281738
 0.01617432
 0.01495361
 0.00946045
 0.00122070
-0.00701904
-0.01281738
-0.01342773
-0.00976563
-0.00244141
 0.00518799
 0.01037598
 0.01098633
 0.00732422
 0.00091553
-0.00549316
-0.00946045
-0.00915527
