 0.00000000
 0.00030518
 0.00030518
 0.00000000
 0.00000000
-0.00030518
-0.00030518
-0.00061035
-0.00061035
-0.00030518
-0.00030518
 0.00000000
 0.00000000
 0.00000000
 0.00000000
 0.00000000
 0.00000000
-0.00030518
-0.00030518
-0.00030518
-0.00030518
-0.00061035
-0.00061035
-0.00030518
-0.00030518
-0.00030518
 0.00000000
 0.00000000
 0.00000000
 0.00000000
-0.00030518
-0.00030518
-0.00030518
-0.00030518
-0.00030518
 0.00000000
 0.00000000
 0.00000000
 0.00000000
 0.00000000
 0.00000000
 0.00000000
-0.00030518
-0.00030518
-0.00030518
-0.00030518
-0.00030518
-0.00030518
-0.00030518
-0.00030518
-0.00030518
-0.00030518
-0.00030518
-0.00030518
-0.00030518
 0.00000000
 0.00000000
 0.00000000
 0.00000000
 0.00000000
-0.00030518
-0.00030518
-0.00030518
-0.00030518
-0.00030518
 0.00000000
 0.00000000
 0.00030518
 0.00030518
 0.00030518
 0.00030518
 0.00000000
 0.00000000
-0.00030518
-0.00030518
-0.00061035
-0.00061035
-0.00061035
-0.00061035
 0.00000000
 0.00061035
 0.00091553
 0.00061035
-0.00061035
-0.00244141
-0.00427246
-0.00427246
-0.00183105
 0.00274658
 0.00732422
 0.00854492
 0.00366211
-0.00579834
-0.01525879
-0.01800537
-0.00976563
 0.00762939
 0.02502441
 0.03021240
 0.01678467
-0.01068115
-0.03662109
-0.04058838
-0.01129150
 0.04394531
 0.09887695
 0.11718750
 0.07446289
-0.02563477
-0.14617920
-0.22857666
-0.22186279
-0.11077881
 0.07019043
 0.24414063
 0.32623291
 0.26519775
 0.07385254
-0.16906738
-0.35308838
-0.38635254
-0.24261475
 0.02014160
 0.28503418
 0.42785645
 0.37933350
 0.15686035
-0.13977051
-0.37536621
-0.44158936
-0.30914307
-0.03845215
 0.24688721
 0.41870117
 0.40191650
 0.20599365
-0.08148193
-0.33691406
-0.45318604
-0.38513184
-0.16448975
 0.11840820
 0.35186768
 0.44860840
 0.37750244
 0.17150879
-0.08666992
-0.29846191
-0.38360596
-0.31158447
-0.11077881
 0.13946533
 0.33813477
 0.40130615
 0.29571533
 0.05615234
-0.22491455
-0.43121338
-0.47210693
-0.32165527
-0.03509521
 0.27282715
 0.47363281
 0.48278809
 0.29663086
-0.00457764
-0.29113770
-0.44250488
-0.39947510
-0.19073486
 0.08331299
 0.29724121
 0.35858154
 0.24932861
 0.03021240
-0.19012451
-0.30914307
-0.27587891
-0.11291504
 0.09857178
 0.26031494
 0.30151367
 0.21087646
 0.03570557
-0.14190674
-0.24536133
-0.23559570
-0.12542725
 0.02929688
 0.15808105
 0.20751953
 0.16204834
 0.04852295
-0.07843018
-0.16174316
-0.16632080
-0.09368896
 0.02227783
 0.12817383
 0.17639160
 0.14495850
 0.04516602
-0.08117676
-0.18035889
-0.20935059
-0.15441895
-0.03692627
 0.09490967
 0.18737793
 0.20233154
 0.13549805
 0.01831055
-0.09735107
-0.16143799
-0.14862061
-0.06927490
 0.03509521
 0.11291504
 0.12603760
 0.06896973
-0.02990723
-0.12054443
-0.15716553
-0.11840820
-0.01983643
 0.09460449
 0.17303467
 0.17913818
 0.10925293
-0.00579834
-0.11535645
-0.17089844
-0.14923096
-0.06134033
 0.05187988
 0.13977051
 0.16296387
 0.11138916
 0.00762939
-0.10192871
-0.16906738
-0.16326904
-0.08575439
 0.03082275
 0.13763428
 0.18920898
 0.16326904
 0.07019043
-0.05065918
-0.14892578
-0.18402100
-0.14312744
-0.04577637
 0.06439209
 0.13885498
 0.14709473
 0.08911133
-0.00579834
-0.09063721
-0.12481689
-0.09277344
-0.01068115
 0.08117676
 0.13610840
 0.12420654
 0.04730225
-0.06256104
-0.15655518
-0.19073486
-0.14709473
-0.04119873
 0.08331299
 0.17517090
 0.19653320
 0.14038086
 0.03265381
-0.07965088
-0.14923096
-0.14892578
-0.08270264
 0.01647949
 0.10284424
 0.13854980
 0.10894775
 0.02960205
-0.06225586
-0.12451172
-0.12908936
-0.07476807
 0.01342773
 0.09521484
 0.13458252
 0.11413574
 0.04455566
-0.04119873
-0.10467529
-0.11840820
-0.07904053
-0.00885010
 0.05615234
 0.08422852
 0.06225586
 0.00396729
-0.05950928
-0.09338379
-0.07812500
-0.01831055
 0.05859375
 0.11566162
 0.12481689
 0.08026123
 0.00061035
-0.07965088
-0.12756348
-0.12481689
-0.07690430
-0.00793457
 0.05157471
 0.07965088
 0.07080078
 0.03723145
 0.00061035
-0.01983643
-0.01617432
 0.00579834
 0.03082275
 0.04302979
 0.03417969
 0.00701904
-0.02807617
-0.05706787
-0.06988525
-0.06317139
-0.03997803
-0.00823975
 0.02288818
 0.04669189
 0.05798340
 0.05493164
 0.03845215
 0.01403809
-0.01068115
-0.02624512
-0.02655029
-0.01159668
 0.01007080
 0.02624512
 0.02471924
 0.00152588
-0.03601074
-0.07049561
-0.08239746
-0.06072998
-0.00793457
 0.05767822
 0.10955811
 0.12481689
 0.09521484
 0.03051758
-0.04394531
-0.09948730
-0.11718750
-0.09399414
-0.04364014
 0.01068115
 0.04821777
 0.05950928
 0.04699707
 0.02288818
 0.00091553
-0.01068115
-0.01159668
-0.00640869
-0.00061035
 0.00305176
 0.00610352
 0.01007080
 0.01403809
 0.01342773
 0.00244141
-0.02136230
-0.05187988
-0.07629395
-0.07873535
-0.04913330
 0.00915527
 0.07934570
 0.13458252
 0.15075684
 0.11627197
 0.03967285
-0.05371094
-0.12969971
-0.16052246
-0.13519287
-0.06378174
 0.02563477
 0.10040283
 0.13427734
 0.11749268
 0.06011963
-0.01434326
-0.07781982
-0.10833740
-0.09796143
-0.05310059
 0.00823975
 0.06347656
 0.09460449
 0.09246826
 0.05920410
 0.00671387
-0.04760742
-0.08636475
-0.09887695
-0.08209229
-0.04272461
 0.00701904
 0.05187988
 0.07904053
 0.08148193
 0.05981445
 0.02166748
-0.02014160
-0.05310059
-0.06713867
-0.05920410
-0.03173828
 0.00518799
 0.03936768
 0.05981445
 0.05920410
 0.03784180
 0.00305176
-0.03234863
-0.05584717
-0.05767822
-0.03631592
 0.00030518
 0.03906250
 0.06347656
 0.06286621
 0.03479004
-0.01159668
-0.05920410
-0.08819580
-0.08514404
-0.04821777
 0.01098633
 0.07171631
 0.10986328
 0.11047363
 0.07080078
 0.00518799
-0.06286621
-0.10803223
-0.11413574
-0.08056641
-0.02105713
 0.04028320
 0.07965088
 0.08361816
 0.05249023
 0.00152588
-0.04791260
-0.07507324
-0.07019043
-0.03570557
 0.01434326
 0.06011963
 0.08514404
 0.08178711
 0.05279541
 0.00915527
-0.03356934
-0.06286621
-0.07171631
-0.05981445
-0.03326416
-0.00091553
 0.02807617
 0.04760742
 0.05401611
 0.04699707
 0.02990723
 0.00671387
-0.01586914
-0.03234863
-0.03906250
-0.03417969
-0.02044678
-0.00152588
 0.01586914
 0.02624512
 0.02685547
 0.01739502
 0.00183105
-0.01434326
-0.02532959
-0.02655029
-0.01800537
-0.00213623
 0.01495361
 0.02685547
 0.02868652
 0.01861572
-0.00030518
-0.02136230
-0.03723145
-0.04119873
-0.03112793
-0.00946045
 0.01647949
 0.03814697
 0.04730225
 0.04058838
 0.02044678
-0.00610352
-0.02960205
-0.04150391
-0.03784180
-0.02075195
 0.00274658
 0.02288818
 0.03204346
 0.02685547
 0.01007080
-0.01068115
-0.02716064
-0.03204346
-0.02288818
-0.00396729
 0.01800537
 0.03417969
 0.03814697
 0.02868652
 0.00885010
-0.01434326
-0.03295898
-0.04058838
-0.03540039
-0.01861572
 0.00366211
 0.02471924
 0.03845215
 0.04089355
 0.03204346
 0.01495361
-0.00579834
-0.02349854
-0.03356934
-0.03295898
-0.02258301
-0.00579834
 0.01098633
 0.02258301
 0.02532959
 0.01892090
 0.00701904
-0.00488281
-0.01220703
-0.01281738
-0.00793457
-0.00213623
 0.00030518
-0.00305176
-0.01068115
-0.01800537
-0.02014160
-0.01403809
-0.00061035
 0.01464844
 0.02471924
 0.02441406
 0.01312256
-0.00488281
-0.02136230
-0.02899170
-0.02319336
-0.00671387
 0.01342773
 0.02838135
 0.03173828
 0.02197266
 0.00366211
-0.01464844
-0.02532959
-0.02319336
-0.01007080
 0.00885010
 0.02532959
 0.03265381
 0.02838135
 0.01403809
-0.00488281
-0.02197266
-0.03173828
-0.03143311
-0.02166748
-0.00610352
 0.01037598
 0.02288818
 0.02746582
 0.02288818
 0.01037598
-0.00549316
-0.01983643
-0.02685547
-0.02410889
-0.01220703
 0.00427246
 0.01892090
 0.02532959
 0.02044678
 0.00549316
-0.01434326
-0.03082275
-0.03723145
-0.03021240
-0.01129150
 0.01342773
 0.03479004
 0.04577637
 0.04211426
 0.02441406
-0.00061035
-0.02471924
-0.03936768
-0.03997803
-0.02655029
-0.00396729
 0.01892090
 0.03356934
 0.03387451
 0.01983643
-0.00335693
-0.02593994
-0.03845215
-0.03479004
-0.01556396
 0.01220703
 0.03662109
 0.04730225
 0.03784180
 0.01159668
-0.02227783
-0.04974365
-0.05950928
-0.04760742
-0.01831055
 0.01708984
 0.04486084
 0.05554199
 0.04699707
 0.02502441
-0.00030518
-0.01892090
-0.02563477
-0.02105713
-0.01098633
-0.00244141
-0.00030518
-0.00457764
-0.01129150
-0.01464844
-0.01129150
-0.00061035
 0.01342773
 0.02532959
 0.03021240
 0.02685547
 0.01617432
 0.00305176
-0.00823975
-0.01464844
-0.01525879
-0.01190186
-0.00701904
-0.00274658
-0.00152588
-0.00305176
-0.00701904
-0.01159668
-0.01464844
-0.01403809
-0.00823975
 0.00213623
 0.01525879
 0.02716064
 0.03326416
 0.02960205
 0.01617432
-0.00305176
-0.02227783
-0.03417969
-0.03448486
-0.02380371
-0.00701904
 0.00885010
 0.01739502
 0.01647949
 0.00854492
-0.00030518
-0.00488281
-0.00183105
 0.00640869
 0.01525879
 0.01861572
 0.01373291
 0.00213623
-0.01190186
-0.02258301
-0.02563477
-0.02136230
-0.01251221
-0.00396729
 0.00122070
 0.00335693
 0.00396729
 0.00671387
 0.01220703
 0.01892090
 0.02227783
 0.01892090
 0.00732422
-0.00915527
-0.02471924
-0.03295898
-0.02990723
-0.01647949
 0.00183105
 0.01739502
 0.02502441
 0.02319336
 0.01403809
 0.00366211
-0.00305176
-0.00335693
 0.00122070
 0.00701904
 0.01007080
 0.00762939
 0.00000000
-0.00976563
-0.01831055
-0.02227783
-0.02075195
-0.01373291
-0.00366211
 0.00762939
 0.01739502
 0.02380371
 0.02502441
 0.02075195
 0.01098633
-0.00244141
-0.01617432
-0.02655029
-0.02990723
-0.02532959
-0.01525879
-0.00274658
 0.00701904
 0.01098633
 0.00885010
 0.00305176
-0.00213623
-0.00305176
 0.00122070
 0.00885010
 0.01586914
 0.01739502
 0.01190186
 0.00030518
-0.01342773
-0.02410889
-0.02807617
-0.02319336
-0.01159668
 0.00244141
 0.01525879
 0.02288818
 0.02441406
 0.02075195
 0.01464844
 0.00854492
 0.00366211
 0.00091553
-0.00091553
-0.00244141
-0.00518799
-0.00915527
-0.01342773
-0.01647949
-0.01708984
-0.01403809
-0.00671387
 0.00335693
 0.01403809
 0.02227783
 0.02624512
 0.02471924
 0.01770020
 0.00762939
-0.00335693
-0.01251221
-0.01831055
-0.02105713
-0.02105713
-0.01953125
-0.01678467
-0.01281738
-0.00732422
 0.00030518
 0.00915527
 0.01800537
 0.02441406
 0.02593994
 0.02197266
 0.01251221
-0.00030518
-0.01312256
-0.02319336
-0.02777100
-0.02655029
-0.02044678
-0.01190186
-0.00274658
 0.00488281
 0.01068115
 0.01434326
 0.01739502
 0.01953125
 0.02105713
 0.02044678
 0.01617432
 0.00762939
-0.00457764
-0.01739502
-0.02777100
-0.03204346
-0.02807617
-0.01739502
-0.00274658
 0.01098633
 0.01983643
 0.02197266
 0.01831055
 0.01190186
 0.00579834
 0.00213623
 0.00152588
 0.00152588
-0.00061035
-0.00579834
-0.01342773
-0.02075195
-0.02380371
-0.02044678
-0.01037598
 0.00366211
 0.01678467
 0.02532959
 0.02624512
 0.02075195
 0.01129150
 0.00213623
-0.00396729
-0.00671387
-0.00640869
-0.00610352
-0.00701904
-0.00946045
-0.01220703
-0.01312256
-0.01098633
-0.00457764
 0.00396729
 0.01251221
 0.01861572
 0.01953125
 0.01556396
 0.00762939
-0.00213623
-0.01129150
-0.01739502
-0.01953125
-0.01770020
-0.01281738
-0.00701904
-0.00152588
 0.00244141
 0.00457764
 0.00579834
 0.00701904
 0.00946045
 0.01220703
 0.01464844
 0.01434326
 0.01007080
 0.00213623
-0.00823975
-0.01739502
-0.02227783
-0.02136230
-0.01434326
-0.00427246
 0.00549316
 0.01129150
 0.01281738
 0.01068115
 0.00823975
 0.00732422
 0.00915527
 0.01190186
 0.01281738
 0.00885010
-0.00061035
-0.01373291
-0.02593994
-0.03234863
-0.02960205
-0.01770020
-0.00030518
 0.01678467
 0.02807617
 0.03021240
 0.02319336
 0.01007080
-0.00335693
-0.01281738
-0.01525879
-0.01068115
-0.00213623
 0.00640869
 0.01098633
 0.00915527
 0.00152588
-0.00946045
-0.02014160
-0.02563477
-0.02349854
-0.01251221
 0.00457764
 0.02349854
 0.03784180
 0.04211426
 0.03387451
 0.01464844
-0.01037598
-0.03326416
-0.04638672
-0.04547119
-0.03112793
-0.00915527
 0.01251221
 0.02593994
 0.02655029
 0.01556396
-0.00061035
-0.01403809
-0.01800537
-0.01068115
 0.00457764
 0.02014160
 0.02838135
 0.02471924
 0.00976563
-0.01098633
-0.02868652
-0.03662109
-0.03143311
-0.01586914
 0.00457764
 0.02166748
 0.03021240
 0.02929688
 0.02105713
 0.01037598
 0.00122070
-0.00335693
-0.00396729
-0.00274658
-0.00213623
-0.00366211
-0.00701904
-0.01037598
-0.01251221
-0.01190186
-0.00915527
-0.00488281
-0.00030518
 0.00366211
 0.00701904
 0.00976563
 0.01129150
 0.01159668
 0.00976563
 0.00579834
 0.00000000
-0.00610352
-0.01098633
-0.01342773
-0.01312256
-0.01007080
-0.00549316
-0.00061035
 0.00366211
 0.00701904
 0.00915527
 0.01007080
 0.00915527
 0.00640869
 0.00122070
-0.00488281
-0.01068115
-0.01342773
-0.01251221
-0.00793457
-0.00152588
 0.00427246
 0.00701904
 0.00549316
 0.00091553
-0.00396729
-0.00701904
-0.00610352
-0.00122070
 0.00579834
 0.01159668
 0.01403809
 0.01159668
 0.00488281
-0.00396729
-0.01190186
-0.01647949
-0.01617432
-0.01098633
-0.00244141
 0.00701904
 0.01525879
 0.01983643
 0.01922607
 0.01403809
 0.00518799
-0.00427246
-0.01190186
-0.01464844
-0.01251221
-0.00579834
 0.00183105
 0.00732422
 0.00823975
 0.00457764
-0.00244141
-0.00854492
-0.01129150
-0.00885010
-0.00183105
 0.00701904
 0.01403809
 0.01617432
 0.01312256
 0.00518799
-0.00457764
-0.01342773
-0.01892090
-0.02044678
-0.01800537
-0.01190186
-0.00366211
 0.00579834
 0.01464844
 0.02105713
 0.02258301
 0.01831055
 0.00946045
-0.00183105
-0.01190186
-0.01647949
-0.01464844
-0.00732422
 0.00183105
 0.00732422
 0.00671387
-0.00061035
-0.01068115
-0.01800537
-0.01831055
-0.00946045
 0.00518799
 0.02044678
 0.02929688
 0.02716064
 0.01464844
-0.00366211
-0.02075195
-0.03051758
-0.02929688
-0.01861572
-0.00274658
 0.01190186
 0.02014160
 0.02014160
 0.01342773
 0.00366211
-0.00457764
-0.00793457
-0.00549316
 0.00091553
 0.00854492
 0.01342773
 0.01312256
 0.00701904
-0.00305176
-0.01342773
-0.02105713
-0.02288818
-0.01770020
-0.00762939
 0.00457764
 0.01434326
 0.01892090
 0.01770020
 0.01190186
 0.00457764
-0.00183105
-0.00488281
-0.00518799
-0.00457764
-0.00427246
-0.00579834
-0.00823975
-0.01007080
-0.00946045
-0.00518799
 0.00122070
 0.00793457
 0.01190186
 0.01220703
 0.00854492
 0.00335693
-0.00091553
-0.00335693
-0.00274658
-0.00122070
 0.00030518
-0.00030518
-0.00305176
-0.00701904
-0.01037598
-0.01159668
-0.00976563
-0.00549316
 0.00061035
 0.00671387
 0.01159668
 0.01373291
 0.01251221
 0.00793457
 0.00061035
-0.00701904
-0.01281738
-0.01464844
-0.01159668
-0.00396729
 0.00488281
 0.01190186
 0.01403809
 0.01098633
 0.00396729
-0.00335693
-0.00701904
-0.00610352
-0.00061035
 0.00579834
 0.00976563
 0.00885010
 0.00305176
-0.00488281
-0.01098633
-0.01251221
-0.00854492
-0.00091553
 0.00640869
 0.01068115
 0.01037598
 0.00579834
 0.00000000
-0.00427246
-0.00610352
-0.00518799
-0.00335693
-0.00244141
-0.00274658
-0.00427246
-0.00518799
-0.00518799
-0.00335693
-0.00030518
 0.00305176
 0.00518799
 0.00579834
 0.00549316
 0.00457764
 0.00335693
 0.00213623
 0.00000000
-0.00335693
-0.00671387
-0.00976563
-0.01037598
-0.00793457
-0.00335693
 0.00244141
 0.00671387
 0.00793457
 0.00610352
 0.00244141
-0.00152588
-0.00335693
-0.00213623
 0.00091553
 0.00427246
 0.00579834
 0.00457764
 0.00030518
-0.00518799
-0.00946045
-0.01068115
-0.00823975
-0.00244141
 0.00488281
 0.01098633
 0.01434326
 0.01373291
 0.00976563
 0.00366211
-0.00305176
-0.00793457
-0.01007080
-0.00946045
-0.00671387
-0.00335693
-0.00061035
 0.00030518
-0.00061035
-0.00183105
-0.00213623
-0.00061035
 0.00274658
 0.00732422
 0.01068115
 0.01098633
 0.00793457
 0.00152588
-0.00610352
-0.01220703
-0.01525879
-0.01373291
-0.00915527
-0.00305176
 0.00244141
 0.00579834
 0.00640869
 0.00518799
 0.00335693
 0.00244141
 0.00213623
 0.00305176
 0.00335693
 0.00274658
 0.00061035
-0.00274658
-0.00579834
-0.00793457
-0.00793457
-0.00549316
-0.00122070
 0.00366211
 0.00793457
 0.01007080
 0.00946045
 0.00610352
 0.00061035
-0.00518799
-0.00915527
-0.01037598
-0.00793457
-0.00244141
 0.00366211
 0.00793457
 0.00854492
 0.00488281
-0.00152588
-0.00823975
-0.01220703
-0.01129150
-0.00518799
 0.00366211
 0.01220703
 0.01678467
 0.01586914
 0.00946045
 0.00000000
-0.00946045
-0.01525879
-0.01586914
-0.01159668
-0.00457764
 0.00274658
 0.00793457
 0.00915527
 0.00732422
 0.00335693
 0.00000000
-0.00183105
-0.00152588
 0.00030518
 0.00213623
 0.00244141
 0.00030518
-0.00335693
-0.00732422
-0.00946045
-0.00854492
-0.00366211
 0.00305176
 0.00946045
 0.01281738
 0.01159668
 0.00610352
-0.00152588
-0.00823975
-0.01098633
-0.00946045
-0.00427246
 0.00152588
 0.00488281
 0.00427246
 0.00000000
-0.00579834
-0.01037598
-0.01068115
-0.00640869
 0.00091553
 0.00793457
 0.01220703
 0.01159668
 0.00732422
 0.00091553
-0.00457764
-0.00701904
-0.00610352
-0.00305176
 0.00030518
 0.00213623
 0.00152588
-0.00091553
-0.00366211
-0.00488281
-0.00305176
 0.00122070
 0.00732422
 0.01251221
 0.01495361
 0.01373291
 0.00854492
 0.00061035
-0.00793457
-0.01434326
-0.01678467
-0.01495361
-0.00946045
-0.00213623
 0.00427246
 0.00793457
 0.00823975
 0.00610352
 0.00274658
 0.00030518
 0.00000000
 0.00122070
 0.00274658
 0.00305176
 0.00091553
-0.00335693
-0.00793457
-0.01098633
-0.01068115
-0.00732422
-0.00183105
 0.00335693
 0.00701904
 0.00793457
 0.00671387
 0.00488281
 0.00366211
 0.00305176
 0.00305176
 0.00183105
-0.00122070
-0.00610352
-0.01068115
-0.01342773
-0.01220703
-0.00701904
 0.00091553
 0.00885010
 0.01373291
 0.01434326
 0.01037598
 0.00366211
-0.00305176
-0.00762939
-0.00854492
-0.00671387
-0.00305176
 0.00000000
 0.00152588
 0.00061035
-0.00183105
-0.00457764
-0.00579834
-0.00488281
-0.00152588
 0.00335693
 0.00823975
 0.01159668
 0.01159668
 0.00854492
 0.00305176
-0.00335693
-0.00854492
-0.01037598
-0.00885010
-0.00457764
 0.00030518
 0.00396729
 0.00488281
 0.00274658
-0.00091553
-0.00366211
-0.00366211
-0.00030518
 0.00518799
 0.00976563
 0.01129150
 0.00793457
 0.00030518
-0.00976563
-0.01831055
-0.02166748
-0.01861572
-0.00976563
 0.00213623
 0.01312256
 0.01953125
 0.01983643
 0.01434326
 0.00518799
-0.00396729
-0.01068115
-0.01281738
-0.01068115
-0.00610352
-0.00091553
 0.00244141
 0.00335693
 0.00183105
-0.00122070
-0.00366211
-0.00427246
-0.00213623
 0.00213623
 0.00732422
 0.01190186
 0.01373291
 0.01190186
 0.00671387
-0.00091553
-0.00915527
-0.01556396
-0.01861572
-0.01770020
-0.01251221
-0.00488281
 0.00335693
 0.01007080
 0.01434326
 0.01495361
 0.01281738
 0.00854492
 0.00366211
-0.00091553
-0.00457764
-0.00640869
-0.00701904
-0.00671387
-0.00610352
-0.00579834
-0.00518799
-0.00427246
-0.00274658
-0.00030518
 0.00305176
 0.00701904
 0.01037598
 0.01190186
 0.01098633
 0.00762939
 0.00183105
-0.00457764
-0.01037598
-0.01373291
-0.01403809
-0.01159668
-0.00671387
-0.00091553
 0.00427246
 0.00793457
 0.00946045
 0.00885010
 0.00701904
 0.00427246
 0.00122070
-0.00091553
-0.00244141
-0.00335693
-0.00335693
-0.00335693
-0.00366211
-0.00457764
-0.00579834
-0.00701904
-0.00701904
-0.00518799
-0.00091553
 0.00518799
 0.01159668
 0.01586914
 0.01617432
 0.01220703
 0.00396729
-0.00610352
-0.01495361
-0.01983643
-0.01953125
-0.01434326
-0.00671387
 0.00122070
 0.00701904
 0.00976563
 0.00976563
 0.00854492
 0.00762939
 0.00701904
 0.00640869
 0.00518799
 0.00244141
-0.00152588
-0.00579834
-0.00915527
-0.01037598
-0.00885010
-0.00549316
-0.00122070
 0.00213623
 0.00457764
 0.00579834
 0.00671387
 0.00732422
 0.00823975
 0.00823975
 0.00671387
 0.00244141
-0.00335693
-0.00976563
-0.01434326
-0.01556396
-0.01281738
-0.00732422
-0.00061035
 0.00457764
 0.00732422
 0.00701904
 0.00518799
 0.00305176
 0.00152588
 0.00152588
 0.00213623
 0.00213623
 0.00091553
-0.00152588
-0.00518799
-0.00854492
-0.01068115
-0.01068115
-0.00854492
-0.00427246
 0.00091553
 0.00671387
 0.01190186
 0.01495361
 0.01586914
 0.01312256
 0.00762939
 0.00030518
-0.00732422
-0.01342773
-0.01586914
-0.01464844
-0.01037598
-0.00457764
 0.00091553
 0.00427246
 0.00549316
 0.00488281
 0.00427246
 0.00457764
 0.00579834
 0.00732422
 0.00823975
 0.00701904
 0.00396729
-0.00091553
-0.00579834
-0.01007080
-0.01190186
-0.01098633
-0.00823975
-0.00396729
 0.00061035
 0.00518799
 0.00854492
 0.01037598
 0.01068115
 0.00946045
 0.00671387
 0.00335693
-0.00061035
-0.00427246
-0.00762939
-0.00976563
-0.01098633
-0.01129150
-0.01007080
-0.00732422
-0.00305176
 0.00213623
 0.00732422
 0.01098633
 0.01220703
 0.00976563
 0.00427246
-0.00213623
-0.00732422
-0.00976563
-0.00885010
-0.00488281
 0.00000000
 0.00335693
 0.00366211
 0.00152588
-0.00213623
-0.00488281
-0.00488281
-0.00152588
 0.00457764
 0.01037598
 0.01373291
 0.01312256
 0.00793457
 0.00000000
-0.00793457
-0.01342773
-0.01434326
-0.01129150
-0.00518799
 0.00152588
 0.00640869
 0.00823975
 0.00640869
 0.00274658
-0.00152588
-0.00427246
-0.00427246
-0.00213623
 0.00152588
 0.00457764
 0.00579834
 0.00396729
 0.00000000
-0.00488281
-0.00885010
-0.01007080
-0.00793457
-0.00305176
 0.00274658
 0.00762939
 0.00946045
 0.00793457
 0.00396729
-0.00091553
-0.00457764
-0.00610352
-0.00457764
-0.00183105
 0.00091553
 0.00213623
 0.00152588
-0.00061035
-0.00305176
-0.00427246
-0.00305176
 0.00000000
 0.00396729
 0.00640869
 0.00671387
 0.00396729
-0.00061035
-0.00518799
-0.00793457
-0.00762939
-0.00427246
 0.00000000
 0.00366211
 0.00488281
 0.00335693
-0.00030518
-0.00366211
-0.00488281
-0.00335693
 0.00061035
 0.00518799
 0.00793457
 0.00762939
 0.00427246
-0.00091553
-0.00610352
-0.00854492
-0.00793457
-0.00457764
 0.00000000
 0.00366211
 0.00518799
 0.00396729
 0.00152588
-0.00122070
-0.00274658
-0.00213623
 0.00030518
 0.00366211
 0.00610352
 0.00671387
 0.00488281
 0.00091553
-0.00396729
-0.00823975
-0.01007080
-0.00946045
-0.00579834
-0.00030518
 0.00518799
 0.00885010
 0.00946045
 0.00732422
 0.00335693
-0.00122070
-0.00396729
-0.00488281
-0.00366211
-0.00183105
-0.00030518
-0.00030518
-0.00213623
-0.00427246
-0.00579834
-0.00518799
-0.00244141
 0.00183105
 0.00549316
 0.00732422
 0.00640869
 0.00335693
-0.00030518
-0.00305176
-0.00427246
-0.00305176
-0.00122070
 0.00000000
 0.00000000
-0.00183105
-0.00457764
-0.00640869
-0.00610352
-0.00335693
 0.00152588
 0.00671387
 0.01068115
 0.01190186
 0.00976563
 0.00488281
-0.00122070
-0.00701904
-0.01037598
-0.01098633
-0.00885010
-0.00457764
 0.00030518
 0.00427246
 0.00579834
 0.00549316
 0.00366211
 0.00122070
-0.00030518
-0.00030518
 0.00122070
 0.00305176
 0.00427246
 0.00335693
 0.00061035
-0.00396729
-0.00762939
-0.00946045
-0.00823975
-0.00366211
 0.00213623
 0.00732422
 0.01007080
 0.00915527
 0.00518799
 0.00000000
-0.00457764
-0.00701904
-0.00640869
-0.00427246
-0.00152588
 0.00030518
 0.00030518
-0.00091553
-0.00274658
-0.00366211
-0.00335693
-0.00152588
 0.00091553
 0.00305176
 0.00457764
 0.00457764
 0.00366211
 0.00213623
 0.00030518
-0.00122070
-0.00244141
-0.00335693
-0.00427246
-0.00457764
-0.00427246
-0.00335693
-0.00152588
 0.00122070
 0.00396729
 0.00610352
 0.00762939
 0.00762939
 0.00610352
 0.00305176
-0.00061035
-0.00427246
-0.00701904
-0.00823975
-0.00762939
-0.00518799
-0.00183105
 0.00122070
 0.00335693
 0.00396729
 0.00335693
 0.00274658
 0.00244141
 0.00305176
 0.00457764
 0.00579834
 0.00579834
 0.00366211
-0.00091553
-0.00701904
-0.01251221
-0.01556396
-0.01464844
-0.00946045
-0.00152588
 0.00701904
 0.01342773
 0.01556396
 0.01342773
 0.00762939
 0.00030518
-0.00610352
-0.00946045
-0.00976563
-0.00701904
-0.00366211
-0.00061035
 0.00030518
-0.00091553
-0.00274658
-0.00396729
-0.00335693
 0.00000000
 0.00488281
 0.00946045
 0.01251221
 0.01190186
 0.00793457
 0.00183105
-0.00518799
-0.01037598
-0.01251221
-0.01129150
-0.00793457
-0.00305176
 0.00091553
 0.00366211
 0.00427246
 0.00427246
 0.00366211
 0.00366211
 0.00427246
 0.00518799
 0.00579834
 0.00488281
 0.00244141
-0.00152588
-0.00610352
-0.01007080
-0.01220703
-0.01190186
-0.00854492
-0.00366211
 0.00183105
 0.00640869
 0.00885010
 0.00915527
 0.00762939
 0.00488281
 0.00244141
 0.00091553
-0.00030518
-0.00122070
-0.00244141
-0.00427246
-0.00671387
-0.00823975
-0.00854492
-0.00640869
-0.00244141
 0.00274658
 0.00793457
 0.01098633
 0.01159668
 0.00915527
 0.00518799
 0.00061035
-0.00305176
-0.00518799
-0.00579834
-0.00549316
-0.00518799
-0.00518799
-0.00579834
-0.00610352
-0.00549316
-0.00335693
 0.00091553
 0.00579834
 0.01007080
 0.01220703
 0.01098633
 0.00640869
 0.00000000
-0.00671387
-0.01159668
-0.01251221
-0.01007080
-0.00518799
-0.00030518
 0.00305176
 0.00335693
 0.00152588
-0.00152588
-0.00274658
-0.00152588
 0.00274658
 0.00823975
 0.01251221
 0.01342773
 0.00976563
 0.00244141
-0.00671387
-0.01403809
-0.01708984
-0.01525879
-0.00915527
-0.00152588
 0.00488281
 0.00823975
 0.00823975
 0.00549316
 0.00244141
 0.00061035
 0.00122070
 0.00335693
 0.00579834
 0.00671387
 0.00457764
 0.00000000
-0.00610352
-0.01129150
-0.01373291
-0.01220703
-0.00701904
 0.00000000
 0.00701904
 0.01129150
 0.01220703
 0.00976563
 0.00549316
 0.00122070
-0.00183105
-0.00305176
-0.00305176
-0.00274658
-0.00305176
-0.00488281
-0.00732422
-0.00915527
-0.00885010
-0.00579834
-0.00061035
 0.00579834
 0.01129150
 0.01312256
 0.01129150
 0.00610352
-0.00061035
-0.00640869
-0.00946045
