 0.00000000
 0.00000000
 0.00000000
 0.00000000
-0.00030518
-0.00030518
-0.00061035
-0.00030518
-0.00030518
 0.00000000
 0.00000000
 0.00000000
 0.00000000
-0.00030518
-0.00030518
-0.00030518
 0.00000000
 0.00000000
 0.00000000
-0.00030518
-0.00030518
-0.00061035
-0.00030518
-0.00030518
 0.00000000
 0.00030518
 0.00030518
 0.00030518
 0.00030518
 0.00000000
-0.00030518
-0.00030518
-0.00061035
-0.00030518
-0.00030518
-0.00030518
-0.00030518
-0.00030518
-0.00030518
-0.00030518
 0.00000000
 0.00000000
 0.00000000
 0.00000000
 0.00000000
 0.00000000
 0.00000000
-0.00030518
-0.00030518
-0.00030518
-0.00061035
-0.00061035
-0.00061035
-0.00061035
-0.00030518
-0.00030518
 0.00000000
 0.00000000
-0.00030518
-0.00030518
-0.00030518
-0.00030518
-0.00030518
 0.00000000
 0.00000000
 0.00000000
-0.00030518
-0.00091553
-0.00091553
-0.00061035
 0.00000000
 0.00061035
 0.00091553
 0.00030518
-0.00061035
-0.00152588
-0.00152588
-0.00061035
 0.00152588
 0.00366211
 0.00457764
 0.00305176
-0.00061035
-0.00610352
-0.01037598
-0.01098633
-0.00671387
 0.00152588
 0.01098633
 0.01678467
 0.01495361
 0.00579834
-0.00732422
-0.01739502
-0.01770020
-0.00610352
 0.01373291
 0.03234863
 0.03906250
 0.02685547
-0.00305176
-0.03936768
-0.06652832
-0.06927490
-0.04272461
 0.00518799
 0.05615234
 0.08728027
 0.08331299
 0.04364014
-0.01708984
-0.07293701
-0.09948730
-0.08422852
-0.03295898
 0.03265381
 0.08361816
 0.09765625
 0.06866455
 0.00946045
-0.05371094
-0.09338379
-0.09155273
-0.04882813
 0.01617432
 0.07659912
 0.10589600
 0.09185791
 0.03936768
-0.03082275
-0.09124756
-0.11749268
-0.09887695
-0.04150391
 0.03265381
 0.09552002
 0.12298584
 0.10498047
 0.04791260
-0.02624512
-0.08911133
-0.11596680
-0.09674072
-0.04058838
 0.02990723
 0.08453369
 0.10070801
 0.07202148
 0.01068115
-0.05584717
-0.09918213
-0.09948730
-0.05676270
 0.01068115
 0.07476807
 0.10833740
 0.09826660
 0.05065918
-0.01312256
-0.06591797
-0.08697510
-0.07080078
-0.02807617
 0.01953125
 0.05035400
 0.05340576
 0.03051758
-0.00366211
-0.03173828
-0.03997803
-0.02624512
 0.00122070
 0.02807617
 0.04058838
 0.03356934
 0.01037598
-0.01800537
-0.03845215
-0.04180908
-0.02777100
-0.00305176
 0.02166748
 0.03509521
 0.03265381
 0.01586914
-0.00671387
-0.02380371
-0.02777100
-0.01586914
 0.00640869
 0.02838135
 0.03936768
 0.03173828
 0.00671387
-0.02716064
-0.05584717
-0.06622314
-0.05218506
-0.01708984
 0.02655029
 0.06195068
 0.07507324
 0.06011963
 0.02349854
-0.01953125
-0.05157471
-0.05981445
-0.04272461
-0.00946045
 0.02410889
 0.04211426
 0.03723145
 0.01251221
-0.01953125
-0.04302979
-0.04669189
-0.02807617
 0.00488281
 0.03845215
 0.05798340
 0.05554199
 0.03295898
-0.00030518
-0.03112793
-0.04791260
-0.04547119
-0.02746582
-0.00274658
 0.01800537
 0.02716064
 0.02258301
 0.00823975
-0.00762939
-0.01770020
-0.01739502
-0.00732422
 0.00732422
 0.01983643
 0.02410889
 0.01739502
 0.00305176
-0.01312256
-0.02441406
-0.02624512
-0.01800537
-0.00396729
 0.00946045
 0.01708984
 0.01586914
 0.00762939
-0.00244141
-0.00854492
-0.00793457
-0.00030518
 0.00946045
 0.01617432
 0.01495361
 0.00518799
-0.00976563
-0.02349854
-0.03021240
-0.02624512
-0.01281738
 0.00488281
 0.02075195
 0.02868652
 0.02685547
 0.01678467
 0.00305176
-0.00915527
-0.01525879
-0.01464844
-0.00885010
-0.00122070
 0.00457764
 0.00671387
 0.00457764
 0.00000000
-0.00457764
-0.00671387
-0.00518799
-0.00061035
 0.00518799
 0.01037598
 0.01220703
 0.00976563
 0.00335693
-0.00518799
-0.01281738
-0.01708984
-0.01678467
-0.01190186
-0.00457764
 0.00244141
 0.00701904
 0.00793457
 0.00671387
 0.00457764
 0.00396729
 0.00488281
 0.00701904
 0.00823975
 0.00640869
 0.00091553
-0.00732422
-0.01525879
-0.01983643
-0.01892090
-0.01251221
-0.00213623
 0.00854492
 0.01617432
 0.01831055
 0.01464844
 0.00732422
-0.00061035
-0.00640869
-0.00854492
-0.00701904
-0.00335693
 0.00061035
 0.00274658
 0.00213623
-0.00061035
-0.00457764
-0.00793457
-0.00885010
-0.00640869
-0.00122070
 0.00579834
 0.01190186
 0.01556396
 0.01525879
 0.01068115
 0.00274658
-0.00610352
-0.01342773
-0.01708984
-0.01586914
-0.01037598
-0.00213623
 0.00610352
 0.01190186
 0.01403809
 0.01190186
 0.00671387
 0.00091553
-0.00427246
-0.00671387
-0.00610352
-0.00366211
-0.00061035
 0.00091553
 0.00030518
-0.00274658
-0.00701904
-0.00976563
-0.00946045
-0.00518799
 0.00183105
 0.00976563
 0.01495361
 0.01556396
 0.01068115
 0.00244141
-0.00701904
-0.01373291
-0.01525879
-0.01159668
-0.00488281
 0.00244141
 0.00640869
 0.00640869
 0.00244141
-0.00244141
-0.00518799
-0.00427246
 0.00091553
 0.00823975
 0.01434326
 0.01647949
 0.01312256
 0.00488281
-0.00488281
-0.01312256
-0.01678467
-0.01495361
-0.00885010
-0.00091553
 0.00579834
 0.00885010
 0.00823975
 0.00488281
 0.00030518
-0.00305176
-0.00396729
-0.00274658
 0.00030518
 0.00335693
 0.00518799
 0.00518799
 0.00244141
-0.00183105
-0.00671387
-0.01068115
-0.01251221
-0.01129150
-0.00701904
-0.00091553
 0.00579834
 0.01068115
 0.01251221
 0.01037598
 0.00518799
-0.00122070
-0.00732422
-0.01068115
-0.01037598
-0.00671387
-0.00122070
 0.00457764
 0.00823975
 0.00915527
 0.00732422
 0.00366211
-0.00030518
-0.00305176
-0.00396729
-0.00335693
-0.00183105
 0.00000000
 0.00122070
 0.00091553
-0.00030518
-0.00244141
-0.00457764
-0.00610352
-0.00610352
-0.00427246
-0.00061035
 0.00427246
 0.00915527
 0.01220703
 0.01190186
 0.00854492
 0.00244141
-0.00488281
-0.01098633
-0.01403809
-0.01373291
-0.00976563
-0.00457764
 0.00061035
 0.00396729
 0.00488281
 0.00366211
 0.00152588
 0.00000000
 0.00000000
 0.00183105
 0.00427246
 0.00640869
 0.00701904
 0.00518799
 0.00183105
-0.00274658
-0.00701904
-0.00946045
-0.00946045
-0.00671387
-0.00244141
 0.00274658
 0.00671387
 0.00915527
 0.00885010
 0.00610352
 0.00183105
-0.00244141
-0.00488281
-0.00549316
-0.00366211
-0.00091553
 0.00122070
 0.00213623
 0.00091553
-0.00152588
-0.00427246
-0.00518799
-0.00396729
-0.00091553
 0.00274658
 0.00549316
 0.00640869
 0.00488281
 0.00152588
-0.00213623
-0.00488281
-0.00579834
-0.00457764
-0.00213623
 0.00030518
 0.00213623
 0.00274658
 0.00183105
 0.00000000
-0.00122070
-0.00183105
-0.00122070
 0.00061035
 0.00244141
 0.00396729
 0.00396729
 0.00244141
 0.00000000
-0.00366211
-0.00640869
-0.00823975
-0.00793457
-0.00549316
-0.00152588
 0.00274658
 0.00610352
 0.00793457
 0.00732422
 0.00549316
 0.00274658
 0.00000000
-0.00152588
-0.00213623
-0.00213623
-0.00213623
-0.00244141
-0.00305176
-0.00427246
-0.00457764
-0.00396729
-0.00213623
 0.00061035
 0.00396729
 0.00640869
 0.00793457
 0.00793457
 0.00671387
 0.00427246
 0.00122070
-0.00213623
-0.00549316
-0.00793457
-0.00946045
-0.00946045
-0.00793457
-0.00488281
-0.00061035
 0.00335693
 0.00640869
 0.00762939
 0.00671387
 0.00427246
 0.00152588
-0.00122070
-0.00244141
-0.00244141
-0.00152588
-0.00122070
-0.00152588
-0.00274658
-0.00457764
-0.00610352
-0.00640869
-0.00488281
-0.00183105
 0.00152588
 0.00488281
 0.00732422
 0.00823975
 0.00762939
 0.00640869
 0.00396729
 0.00152588
-0.00152588
-0.00427246
-0.00671387
-0.00762939
-0.00701904
-0.00457764
-0.00122070
 0.00244141
 0.00488281
 0.00549316
 0.00427246
 0.00244141
 0.00061035
 0.00030518
 0.00122070
 0.00244141
 0.00305176
 0.00152588
-0.00244141
-0.00762939
-0.01190186
-0.01312256
-0.01037598
-0.00366211
 0.00457764
 0.01190186
 0.01525879
 0.01403809
 0.00854492
 0.00122070
-0.00549316
-0.00915527
-0.00976563
-0.00732422
-0.00335693
-0.00030518
 0.00122070
 0.00091553
-0.00061035
-0.00213623
-0.00274658
-0.00152588
 0.00122070
 0.00457764
 0.00762939
 0.00915527
 0.00823975
 0.00457764
-0.00091553
-0.00701904
-0.01159668
-0.01312256
-0.01098633
-0.00549316
 0.00122070
 0.00640869
 0.00885010
 0.00732422
 0.00305176
-0.00183105
-0.00488281
-0.00457764
-0.00091553
 0.00427246
 0.00793457
 0.00854492
 0.00488281
-0.00122070
-0.00732422
-0.01129150
-0.01098633
-0.00732422
-0.00152588
 0.00396729
 0.00671387
 0.00671387
 0.00427246
 0.00122070
-0.00061035
-0.00061035
 0.00061035
 0.00274658
 0.00335693
 0.00244141
-0.00061035
-0.00396729
-0.00701904
-0.00762939
-0.00549316
-0.00152588
 0.00335693
 0.00732422
 0.00915527
 0.00793457
 0.00396729
-0.00091553
-0.00579834
-0.00854492
-0.00823975
-0.00579834
-0.00213623
 0.00091553
 0.00244141
 0.00183105
 0.00000000
-0.00213623
-0.00274658
-0.00122070
 0.00244141
 0.00610352
 0.00854492
 0.00793457
 0.00396729
-0.00152588
-0.00701904
-0.01007080
-0.00946045
-0.00610352
-0.00122070
 0.00274658
 0.00457764
 0.00366211
 0.00152588
-0.00061035
-0.00152588
-0.00030518
 0.00213623
 0.00396729
 0.00457764
 0.00274658
-0.00061035
-0.00457764
-0.00701904
-0.00732422
-0.00518799
-0.00183105
 0.00122070
 0.00335693
 0.00366211
 0.00244141
 0.00122070
 0.00030518
 0.00030518
 0.00122070
 0.00244141
 0.00335693
 0.00305176
 0.00183105
-0.00030518
-0.00244141
-0.00427246
-0.00488281
-0.00427246
-0.00274658
-0.00061035
 0.00122070
 0.00305176
 0.00366211
 0.00366211
 0.00305176
 0.00213623
 0.00091553
 0.00000000
-0.00061035
-0.00152588
-0.00244141
-0.00366211
-0.00488281
-0.00549316
-0.00549316
-0.00427246
-0.00213623
 0.00091553
 0.00335693
 0.00518799
 0.00579834
 0.00488281
 0.00274658
 0.00030518
-0.00183105
-0.00335693
-0.00396729
-0.00335693
-0.00244141
-0.00122070
-0.00030518
-0.00030518
-0.00061035
-0.00122070
-0.00152588
-0.00122070
 0.00030518
 0.00244141
 0.00457764
 0.00610352
 0.00610352
 0.00488281
 0.00213623
-0.00091553
-0.00366211
-0.00518799
-0.00518799
-0.00427246
-0.00274658
-0.00091553
 0.00030518
 0.00122070
 0.00183105
 0.00244141
 0.00305176
 0.00366211
 0.00396729
 0.00335693
 0.00213623
 0.00030518
-0.00183105
-0.00366211
-0.00457764
-0.00457764
-0.00396729
-0.00274658
-0.00183105
-0.00091553
-0.00030518
 0.00030518
 0.00091553
 0.00152588
 0.00244141
 0.00335693
 0.00366211
 0.00305176
 0.00152588
-0.00091553
-0.00366211
-0.00549316
-0.00640869
-0.00610352
-0.00396729
-0.00091553
 0.00213623
 0.00427246
 0.00518799
 0.00457764
 0.00274658
 0.00091553
-0.00030518
-0.00091553
-0.00061035
 0.00000000
 0.00000000
-0.00061035
-0.00183105
-0.00335693
-0.00457764
-0.00457764
-0.00305176
-0.00030518
 0.00274658
 0.00518799
 0.00640869
 0.00549316
 0.00335693
 0.00061035
-0.00213623
-0.00396729
-0.00488281
-0.00488281
-0.00396729
-0.00274658
-0.00183105
-0.00091553
-0.00030518
 0.00061035
 0.00152588
 0.00244141
 0.00366211
 0.00427246
 0.00427246
 0.00366211
 0.00244141
 0.00030518
-0.00183105
-0.00396729
-0.00518799
-0.00549316
-0.00457764
-0.00305176
-0.00061035
 0.00122070
 0.00274658
 0.00335693
 0.00305176
 0.00213623
 0.00152588
 0.00091553
 0.00030518
 0.00030518
 0.00000000
-0.00091553
-0.00213623
-0.00366211
-0.00457764
-0.00488281
-0.00427246
-0.00213623
 0.00030518
 0.00274658
 0.00457764
 0.00518799
 0.00457764
 0.00305176
 0.00091553
-0.00061035
-0.00152588
-0.00183105
-0.00152588
-0.00152588
-0.00183105
-0.00244141
-0.00305176
-0.00335693
-0.00274658
-0.00122070
 0.00122070
 0.00335693
 0.00518799
 0.00579834
 0.00488281
 0.00274658
 0.00030518
-0.00244141
-0.00427246
-0.00488281
-0.00488281
-0.00396729
-0.00305176
-0.00183105
-0.00091553
 0.00000000
 0.00122070
 0.00274658
 0.00396729
 0.00488281
 0.00518799
 0.00427246
 0.00244141
 0.00030518
-0.00183105
-0.00335693
-0.00396729
-0.00427246
-0.00396729
-0.00335693
-0.00305176
-0.00244141
-0.00122070
 0.00030518
 0.00274658
 0.00518799
 0.00701904
 0.00732422
 0.00579834
 0.00213623
-0.00213623
-0.00640869
-0.00885010
-0.00915527
-0.00701904
-0.00335693
 0.00030518
 0.00274658
 0.00366211
 0.00274658
 0.00061035
-0.00091553
-0.00122070
 0.00000000
 0.00213623
 0.00427246
 0.00518799
 0.00427246
 0.00183105
-0.00213623
-0.00549316
-0.00762939
-0.00732422
-0.00488281
-0.00152588
 0.00213623
 0.00488281
 0.00579834
 0.00518799
 0.00366211
 0.00213623
 0.00091553
 0.00030518
 0.00030518
 0.00030518
 0.00000000
-0.00091553
-0.00274658
-0.00457764
-0.00610352
-0.00640869
-0.00549316
-0.00335693
-0.00030518
 0.00274658
 0.00549316
 0.00671387
 0.00671387
 0.00518799
 0.00305176
 0.00061035
-0.00122070
-0.00244141
-0.00274658
-0.00305176
-0.00335693
-0.00366211
-0.00366211
-0.00335693
-0.00244141
-0.00061035
 0.00152588
 0.00366211
 0.00457764
 0.00457764
 0.00305176
 0.00091553
-0.00091553
-0.00183105
-0.00213623
-0.00183105
-0.00152588
-0.00213623
-0.00305176
-0.00427246
-0.00488281
-0.00427246
-0.00183105
 0.00122070
 0.00457764
 0.00701904
 0.00762939
 0.00640869
 0.00335693
 0.00000000
-0.00335693
-0.00549316
-0.00610352
-0.00518799
-0.00366211
-0.00152588
 0.00000000
 0.00152588
 0.00213623
 0.00213623
 0.00183105
 0.00152588
 0.00183105
 0.00244141
 0.00335693
 0.00396729
 0.00366211
 0.00183105
-0.00122070
-0.00488281
-0.00823975
-0.00976563
-0.00885010
-0.00549316
-0.00061035
 0.00457764
 0.00823975
 0.00976563
 0.00854492
 0.00579834
 0.00213623
-0.00122070
-0.00335693
-0.00457764
-0.00457764
-0.00427246
-0.00396729
-0.00366211
-0.00335693
-0.00244141
-0.00122070
 0.00030518
 0.00183105
 0.00335693
 0.00457764
 0.00579834
 0.00610352
 0.00549316
 0.00396729
 0.00122070
-0.00244141
-0.00610352
-0.00885010
-0.01007080
-0.00885010
-0.00579834
-0.00152588
 0.00244141
 0.00518799
 0.00610352
 0.00549316
 0.00396729
 0.00244141
 0.00122070
 0.00091553
 0.00061035
 0.00000000
-0.00122070
-0.00274658
-0.00457764
-0.00579834
-0.00610352
-0.00488281
-0.00213623
 0.00091553
 0.00427246
 0.00671387
 0.00762939
 0.00762939
 0.00579834
 0.00335693
 0.00030518
-0.00244141
-0.00488281
-0.00640869
-0.00671387
-0.00610352
-0.00488281
-0.00335693
-0.00122070
 0.00091553
 0.00305176
 0.00488281
 0.00610352
 0.00671387
 0.00610352
 0.00427246
 0.00122070
-0.00213623
-0.00488281
-0.00701904
-0.00732422
-0.00671387
-0.00488281
-0.00274658
-0.00061035
 0.00091553
 0.00213623
 0.00305176
 0.00396729
 0.00488281
 0.00549316
 0.00549316
 0.00427246
 0.00213623
-0.00091553
-0.00427246
-0.00701904
-0.00885010
-0.00885010
-0.00762939
-0.00488281
-0.00152588
 0.00183105
 0.00457764
 0.00640869
 0.00671387
 0.00579834
 0.00427246
 0.00244141
 0.00091553
 0.00000000
-0.00091553
-0.00152588
-0.00244141
-0.00366211
-0.00457764
-0.00457764
-0.00396729
-0.00244141
 0.00030518
 0.00274658
 0.00488281
 0.00610352
 0.00610352
 0.00488281
 0.00335693
 0.00122070
-0.00061035
-0.00244141
-0.00396729
-0.00549316
-0.00610352
-0.00579834
-0.00427246
-0.00213623
 0.00030518
 0.00244141
 0.00366211
 0.00366211
 0.00305176
 0.00213623
 0.00122070
 0.00091553
 0.00061035
 0.00030518
-0.00061035
-0.00213623
-0.00396729
-0.00488281
-0.00488281
-0.00366211
-0.00152588
 0.00061035
 0.00244141
 0.00335693
 0.00335693
 0.00305176
 0.00213623
 0.00152588
 0.00091553
 0.00030518
-0.00091553
-0.00244141
-0.00366211
-0.00427246
-0.00427246
-0.00274658
-0.00091553
 0.00091553
 0.00213623
 0.00274658
 0.00244141
 0.00183105
 0.00152588
 0.00152588
 0.00183105
 0.00183105
 0.00152588
 0.00061035
-0.00122070
-0.00274658
-0.00366211
-0.00396729
-0.00305176
-0.00183105
 0.00000000
 0.00152588
 0.00244141
 0.00274658
 0.00274658
 0.00213623
 0.00152588
 0.00061035
 0.00000000
-0.00091553
-0.00152588
-0.00213623
-0.00274658
-0.00305176
-0.00305176
-0.00244141
-0.00152588
-0.00030518
 0.00122070
 0.00274658
 0.00366211
 0.00396729
 0.00305176
 0.00152588
-0.00030518
-0.00213623
-0.00305176
-0.00366211
-0.00335693
-0.00274658
-0.00183105
-0.00122070
-0.00061035
 0.00000000
 0.00061035
 0.00152588
 0.00274658
 0.00335693
 0.00366211
 0.00305176
 0.00152588
-0.00030518
-0.00213623
-0.00335693
-0.00396729
-0.00396729
-0.00335693
-0.00244141
-0.00122070
 0.00000000
 0.00122070
 0.00274658
 0.00366211
 0.00396729
 0.00366211
 0.00244141
 0.00091553
-0.00091553
-0.00213623
-0.00274658
-0.00274658
-0.00213623
-0.00122070
-0.00061035
-0.00061035
-0.00030518
-0.00061035
-0.00030518
 0.00030518
 0.00122070
 0.00213623
 0.00305176
 0.00305176
 0.00244141
 0.00091553
-0.00091553
-0.00274658
-0.00427246
-0.00488281
-0.00427246
-0.00305176
-0.00091553
 0.00122070
 0.00305176
 0.00396729
 0.00396729
 0.00335693
 0.00183105
 0.00061035
-0.00061035
-0.00122070
-0.00152588
-0.00152588
-0.00183105
-0.00183105
-0.00213623
-0.00244141
-0.00244141
-0.00183105
-0.00091553
 0.00061035
 0.00213623
 0.00305176
 0.00335693
 0.00274658
 0.00152588
-0.00030518
-0.00213623
-0.00335693
-0.00366211
-0.00335693
-0.00213623
-0.00061035
 0.00061035
 0.00183105
 0.00213623
 0.00183105
 0.00122070
 0.00061035
 0.00000000
-0.00030518
 0.00000000
 0.00061035
 0.00091553
 0.00122070
 0.00091553
 0.00000000
-0.00152588
-0.00244141
-0.00274658
-0.00213623
-0.00061035
 0.00122070
 0.00274658
 0.00335693
 0.00274658
 0.00091553
-0.00091553
-0.00213623
-0.00274658
-0.00183105
-0.00061035
 0.00091553
 0.00152588
 0.00091553
 0.00000000
-0.00122070
-0.00183105
-0.00183105
-0.00061035
 0.00061035
 0.00152588
 0.00152588
 0.00091553
-0.00030518
-0.00152588
-0.00213623
-0.00213623
-0.00122070
 0.00000000
 0.00061035
 0.00122070
 0.00091553
 0.00030518
 0.00000000
-0.00030518
-0.00030518
 0.00000000
 0.00030518
 0.00030518
-0.00030518
-0.00091553
-0.00183105
-0.00244141
-0.00244141
-0.00183105
-0.00030518
 0.00122070
 0.00244141
 0.00305176
 0.00244141
 0.00091553
-0.00091553
-0.00244141
-0.00335693
-0.00244141
-0.00091553
 0.00091553
 0.00244141
 0.00274658
 0.00183105
 0.00030518
-0.00122070
-0.00213623
-0.00152588
 0.00000000
 0.00152588
 0.00244141
 0.00213623
 0.00091553
-0.00122070
-0.00274658
-0.00366211
-0.00305176
-0.00152588
 0.00061035
 0.00183105
 0.00244141
 0.00152588
 0.00000000
-0.00152588
-0.00244141
-0.00213623
-0.00122070
 0.00030518
 0.00183105
 0.00244141
 0.00183105
 0.00030518
-0.00152588
-0.00305176
-0.00366211
-0.00305176
-0.00122070
 0.00061035
 0.00244141
 0.00305176
 0.00274658
 0.00152588
 0.00000000
-0.00152588
-0.00183105
-0.00152588
-0.00030518
 0.00061035
 0.00122070
 0.00091553
-0.00030518
-0.00152588
-0.00244141
-0.00244141
-0.00183105
-0.00030518
 0.00091553
 0.00183105
 0.00183105
 0.00091553
 0.00000000
-0.00091553
-0.00122070
-0.00091553
-0.00030518
 0.00061035
 0.00122070
 0.00091553
 0.00030518
-0.00061035
-0.00122070
-0.00152588
-0.00091553
 0.00000000
 0.00091553
 0.00152588
 0.00152588
 0.00091553
 0.00000000
-0.00061035
-0.00122070
-0.00091553
-0.00061035
-0.00030518
-0.00030518
-0.00030518
-0.00061035
-0.00061035
-0.00030518
 0.00030518
 0.00122070
 0.00183105
 0.00183105
 0.00152588
 0.00030518
-0.00091553
-0.00213623
-0.00274658
-0.00244141
-0.00152588
-0.00030518
 0.00061035
 0.00122070
 0.00091553
 0.00030518
-0.00061035
-0.00122070
-0.00122070
-0.00061035
 0.00061035
 0.00183105
 0.00244141
 0.00183105
 0.00061035
-0.00152588
-0.00305176
-0.00396729
-0.00335693
-0.00152588
 0.00061035
 0.00244141
 0.00305176
 0.00213623
 0.00000000
-0.00183105
-0.00274658
-0.00213623
-0.00030518
 0.00213623
 0.00396729
 0.00396729
 0.00213623
-0.00061035
-0.00366211
-0.00518799
-0.00457764
-0.00213623
 0.00122070
 0.00396729
 0.00518799
 0.00457764
 0.00213623
-0.00061035
-0.00274658
-0.00335693
-0.00274658
-0.00091553
 0.00091553
 0.00183105
 0.00152588
 0.00000000
-0.00152588
-0.00244141
-0.00244141
-0.00152588
 0.00030518
 0.00183105
 0.00244141
 0.00213623
 0.00061035
-0.00122070
-0.00274658
-0.00366211
-0.00335693
-0.00183105
 0.00000000
 0.00152588
 0.00213623
 0.00152588
 0.00030518
-0.00152588
-0.00244141
-0.00244141
-0.00122070
 0.00091553
 0.00274658
 0.00396729
 0.00335693
 0.00122070
-0.00152588
-0.00366211
-0.00427246
-0.00335693
-0.00091553
 0.00183105
 0.00366211
 0.00396729
 0.00244141
-0.00030518
-0.00305176
-0.00427246
-0.00366211
-0.00152588
 0.00152588
 0.00366211
 0.00427246
 0.00335693
 0.00091553
-0.00183105
-0.00366211
-0.00396729
-0.00274658
-0.00030518
 0.00183105
 0.00305176
 0.00305176
 0.00213623
 0.00030518
-0.00122070
-0.00183105
-0.00152588
-0.00030518
 0.00091553
 0.00183105
 0.00183105
 0.00091553
-0.00091553
-0.00274658
-0.00366211
-0.00366211
-0.00244141
-0.00030518
 0.00152588
 0.00305176
 0.00305176
 0.00183105
 0.00000000
-0.00152588
-0.00244141
-0.00244141
-0.00122070
 0.00000000
 0.00091553
 0.00091553
 0.00030518
-0.00061035
-0.00152588
-0.00152588
-0.00061035
 0.00061035
 0.00183105
 0.00213623
 0.00152588
 0.00030518
-0.00091553
-0.00152588
-0.00152588
-0.00061035
 0.00030518
 0.00122070
 0.00091553
 0.00000000
-0.00122070
-0.00244141
-0.00274658
-0.00213623
-0.00061035
 0.00091553
 0.00213623
 0.00274658
 0.00213623
 0.00091553
-0.00030518
-0.00152588
-0.00183105
-0.00152588
-0.00091553
-0.00030518
 0.00030518
 0.00030518
 0.00030518
 0.00000000
 0.00000000
 0.00000000
 0.00061035
 0.00091553
 0.00122070
 0.00122070
 0.00091553
 0.00030518
-0.00030518
-0.00122070
-0.00152588
-0.00152588
-0.00122070
-0.00091553
-0.00030518
 0.00000000
 0.00030518
 0.00030518
 0.00030518
 0.00030518
 0.00030518
 0.00030518
 0.00000000
-0.00030518
-0.00061035
-0.00122070
-0.00183105
-0.00183105
-0.00152588
-0.00091553
 0.00000000
 0.00061035
 0.00091553
 0.00091553
 0.00061035
 0.00030518
 0.00000000
 0.00000000
 0.00030518
 0.00091553
 0.00091553
 0.00091553
 0.00030518
-0.00091553
-0.00183105
-0.00244141
-0.00213623
-0.00152588
 0.00000000
 0.00122070
 0.00213623
 0.00213623
 0.00183105
 0.00122070
 0.00030518
-0.00030518
-0.00091553
-0.00091553
-0.00091553
-0.00061035
-0.00061035
-0.00061035
-0.00061035
-0.00030518
-0.00030518
 0.00030518
 0.00061035
 0.00091553
 0.00091553
 0.00091553
 0.00061035
 0.00030518
-0.00030518
-0.00030518
-0.00061035
-0.00091553
-0.00091553
-0.00122070
-0.00122070
-0.00122070
-0.00091553
-0.00030518
 0.00030518
 0.00091553
 0.00152588
 0.00152588
 0.00122070
 0.00061035
-0.00030518
-0.00152588
-0.00213623
-0.00244141
-0.00244141
-0.00213623
-0.00122070
-0.00061035
 0.00030518
 0.00122070
 0.00183105
 0.00213623
 0.00183105
 0.00152588
 0.00061035
-0.00030518
-0.00122070
-0.00152588
-0.00152588
-0.00122070
-0.00091553
-0.00061035
-0.00061035
-0.00061035
-0.00030518
 0.00000000
 0.00091553
 0.00183105
 0.00244141
 0.00244141
 0.00183105
 0.00091553
-0.00030518
-0.00152588
-0.00183105
-0.00183105
-0.00122070
-0.00061035
 0.00000000
 0.00030518
 0.00030518
 0.00030518
 0.00000000
 0.00000000
 0.00030518
 0.00061035
 0.00061035
 0.00061035
 0.00000000
-0.00061035
-0.00122070
-0.00152588
-0.00183105
-0.00152588
-0.00122070
-0.00091553
-0.00061035
 0.00000000
 0.00030518
 0.00061035
 0.00061035
 0.00091553
 0.00091553
 0.00091553
 0.00030518
-0.00030518
-0.00091553
-0.00152588
-0.00183105
-0.00152588
-0.00122070
-0.00061035
 0.00000000
 0.00061035
 0.00091553
 0.00122070
 0.00122070
 0.00091553
 0.00091553
 0.00091553
 0.00061035
 0.00030518
-0.00030518
-0.00091553
-0.00152588
-0.00183105
-0.00152588
-0.00091553
 0.00000000
 0.00091553
 0.00122070
 0.00152588
 0.00122070
 0.00061035
 0.00030518
 0.00000000
 0.00000000
 0.00000000
-0.00030518
-0.00061035
-0.00122070
-0.00183105
-0.00213623
-0.00183105
-0.00091553
 0.00030518
 0.00152588
 0.00213623
 0.00244141
 0.00183105
 0.00061035
-0.00061035
-0.00152588
-0.00213623
-0.00213623
-0.00152588
-0.00061035
 0.00030518
 0.00061035
 0.00030518
-0.00030518
-0.00091553
-0.00122070
-0.00091553
 0.00000000
 0.00122070
 0.00213623
 0.00274658
 0.00183105
 0.00030518
-0.00152588
-0.00335693
-0.00396729
-0.00335693
-0.00183105
 0.00030518
 0.00183105
 0.00244141
 0.00183105
 0.00030518
-0.00091553
-0.00152588
-0.00122070
 0.00030518
 0.00183105
 0.00305176
 0.00274658
 0.00152588
-0.00061035
-0.00274658
-0.00427246
-0.00427246
-0.00274658
-0.00061035
 0.00152588
 0.00274658
 0.00305176
 0.00213623
 0.00091553
-0.00030518
-0.00122070
-0.00122070
-0.00061035
 0.00000000
 0.00030518
 0.00030518
-0.00061035
-0.00152588
-0.00183105
-0.00183105
-0.00091553
 0.00061035
 0.00213623
 0.00335693
 0.00366211
 0.00274658
 0.00091553
-0.00091553
-0.00244141
-0.00274658
-0.00244141
-0.00152588
-0.00030518
 0.00000000
 0.00000000
-0.00061035
-0.00152588
-0.00152588
-0.00091553
 0.00061035
 0.00213623
 0.00305176
 0.00305176
 0.00152588
-0.00061035
-0.00274658
-0.00396729
-0.00396729
-0.00244141
-0.00061035
 0.00122070
 0.00183105
 0.00152588
 0.00061035
-0.00061035
-0.00122070
-0.00091553
 0.00030518
 0.00183105
 0.00274658
 0.00305176
 0.00183105
 0.00000000
-0.00213623
-0.00396729
-0.00427246
-0.00366211
-0.00152588
 0.00061035
 0.00274658
 0.00335693
 0.00305176
 0.00152588
-0.00030518
-0.00152588
-0.00183105
-0.00122070
 0.00000000
 0.00122070
 0.00152588
 0.00091553
-0.00061035
-0.00244141
-0.00335693
-0.00305176
-0.00152588
 0.00061035
 0.00274658
 0.00396729
 0.00366211
 0.00213623
 0.00000000
-0.00183105
-0.00244141
-0.00213623
-0.00122070
-0.00030518
 0.00030518
 0.00000000
-0.00061035
-0.00122070
-0.00152588
-0.00091553
 0.00030518
 0.00122070
 0.00213623
 0.00213623
 0.00122070
 0.00030518
-0.00091553
-0.00183105
-0.00244141
-0.00213623
-0.00152588
-0.00091553
 0.00000000
 0.00061035
 0.00091553
