 0.00030518
 0.00030518
 0.00030518
-0.00030518
-0.00091553
-0.00152588
-0.00152588
-0.00091553
 0.00030518
 0.00122070
 0.00152588
 0.00122070
 0.00030518
-0.00091553
-0.00152588
-0.00122070
-0.00030518
 0.00061035
 0.00122070
 0.00152588
 0.00061035
-0.00030518
-0.00122070
-0.00152588
-0.00152588
-0.00061035
 0.00030518
 0.00091553
 0.00091553
 0.00030518
-0.00030518
-0.00091553
-0.00122070
-0.00122070
-0.00091553
-0.00030518
 0.00000000
 0.00000000
 0.00030518
 0.00000000
-0.00030518
-0.00030518
-0.00061035
-0.00061035
-0.00061035
-0.00030518
 0.00030518
 0.00061035
 0.00061035
 0.00000000
-0.00061035
-0.00122070
-0.00152588
-0.00152588
-0.00061035
 0.00030518
 0.00091553
 0.00122070
 0.00091553
 0.00030518
-0.00030518
-0.00061035
-0.00061035
-0.00030518
 0.00030518
 0.00061035
 0.00061035
 0.00000000
-0.00061035
-0.00091553
-0.00122070
-0.00091553
-0.00061035
-0.00030518
 0.00000000
 0.00030518
 0.00030518
 0.00030518
 0.00000000
-0.00030518
-0.00122070
-0.00183105
-0.00213623
-0.00122070
 0.00030518
 0.00152588
 0.00183105
-0.00030518
-0.00457764
-0.00885010
-0.01037598
-0.00701904
 0.00061035
 0.00885010
 0.01220703
 0.00610352
-0.00762939
-0.02197266
-0.02746582
-0.01861572
 0.00274658
 0.02532959
 0.03417969
 0.01953125
-0.01434326
-0.04882813
-0.05767822
-0.02227783
 0.05401611
 0.14282227
 0.19897461
 0.18249512
 0.08087158
-0.07781982
-0.23101807
-0.30853271
-0.26519775
-0.10681152
 0.10711670
 0.28656006
 0.35034180
 0.26611328
 0.06591797
-0.16357422
-0.32104492
-0.33599854
-0.20172119
 0.01953125
 0.22644043
 0.32348633
 0.26489258
 0.07537842
-0.16296387
-0.34545898
-0.39184570
-0.27984619
-0.05401611
 0.19500732
 0.36773682
 0.39611816
 0.26947021
 0.03753662
-0.21026611
-0.37902832
-0.40435791
-0.27648926
-0.04333496
 0.20690918
 0.37841797
 0.40466309
 0.27587891
 0.04241943
-0.20172119
-0.35827637
-0.36224365
-0.21270752
 0.02716064
 0.25451660
 0.37170410
 0.32745361
 0.14099121
-0.10681152
-0.30853271
-0.37597656
-0.27862549
-0.05615234
 0.20111084
 0.39154053
 0.44464111
 0.34820557
 0.14953613
-0.06927490
-0.22735596
-0.27679443
-0.21697998
-0.08850098
 0.04821777
 0.13916016
 0.15563965
 0.10040283
 0.00091553
-0.10314941
-0.17608643
-0.19592285
-0.16082764
-0.08697510
-0.00213623
 0.06225586
 0.08361816
 0.05554199
-0.00946045
-0.08361816
-0.13580322
-0.14343262
-0.10345459
-0.03295898
 0.03875732
 0.08422852
 0.09246826
 0.07202148
 0.04577637
 0.03723145
 0.05462646
 0.08666992
 0.10711670
 0.09033203
 0.02777100
-0.06408691
-0.14892578
-0.18829346
-0.16052246
-0.07385254
 0.03540039
 0.12054443
 0.14526367
 0.10223389
 0.01586914
-0.06958008
-0.11199951
-0.09185791
-0.02044678
 0.06561279
 0.12329102
 0.12359619
 0.06439209
-0.02807617
-0.11352539
-0.15563965
-0.13732910
-0.06683350
 0.02655029
 0.10650635
 0.14495850
 0.13153076
 0.07659912
 0.00518799
-0.05401611
-0.07812500
-0.05950928
-0.00671387
 0.05767822
 0.10681152
 0.11779785
 0.08117676
 0.00549316
-0.08392334
-0.15441895
-0.17761230
-0.14007568
-0.05126953
 0.06042480
 0.15686035
 0.20629883
 0.19470215
 0.13122559
 0.04272461
-0.03814697
-0.08575439
-0.09307861
-0.07049561
-0.03814697
-0.01525879
-0.00946045
-0.01495361
-0.01708984
-0.00213623
 0.03326416
 0.07873535
 0.11505127
 0.12390137
 0.09613037
 0.03692627
-0.03417969
-0.09460449
-0.12603760
-0.12268066
-0.09307861
-0.05279541
-0.01892090
 0.00000000
 0.00671387
 0.01129150
 0.02563477
 0.05554199
 0.09582520
 0.13061523
 0.14007568
 0.10925293
 0.03540039
-0.06774902
-0.17303467
-0.24719238
-0.26367188
-0.21240234
-0.10467529
 0.02899170
 0.14892578
 0.22003174
 0.22430420
 0.16723633
 0.07415771
-0.01953125
-0.08300781
-0.10192871
-0.08178711
-0.04425049
-0.01373291
-0.00640869
-0.02258301
-0.04760742
-0.06103516
-0.04760742
-0.00549316
 0.05126953
 0.10131836
 0.12420654
 0.11138916
 0.06896973
 0.01342773
-0.03662109
-0.06866455
-0.08178711
-0.08453369
-0.08636475
-0.09338379
-0.10162354
-0.10162354
-0.08392334
-0.04455566
 0.00885010
 0.06164551
 0.09704590
 0.10437012
 0.08361816
 0.04394531
 0.00061035
-0.03387451
-0.05340576
-0.05920410
-0.05767822
-0.05523682
-0.05340576
-0.05035400
-0.03997803
-0.01861572
 0.01373291
 0.05096436
 0.08392334
 0.10437012
 0.10620117
 0.09033203
 0.06103516
 0.02685547
-0.00457764
-0.02716064
-0.03753662
-0.03662109
-0.02807617
-0.01617432
-0.00579834
 0.00000000
 0.00213623
 0.00305176
 0.00701904
 0.01708984
 0.03326416
 0.04974365
 0.05920410
 0.05371094
 0.02960205
-0.00976563
-0.05432129
-0.09094238
-0.10803223
-0.10040283
-0.07141113
-0.03051758
 0.01068115
 0.04333496
 0.06378174
 0.07354736
 0.07598877
 0.07385254
 0.06591797
 0.04852295
 0.01953125
-0.02014160
-0.06286621
-0.09704590
-0.11047363
-0.09613037
-0.05645752
-0.00183105
 0.05218506
 0.08941650
 0.10070801
 0.08544922
 0.05096436
 0.01068115
-0.02288818
-0.04119873
-0.04211426
-0.03021240
-0.01281738
 0.00091553
 0.00549316
 0.00000000
-0.01251221
-0.02532959
-0.03051758
-0.02319336
-0.00213623
 0.02838135
 0.06042480
 0.08422852
 0.09216309
 0.08209229
 0.05615234
 0.02197266
-0.01068115
-0.03509521
-0.04730225
-0.04791260
-0.04089355
-0.03051758
-0.01953125
-0.00946045
 0.00000000
 0.00885010
 0.01678467
 0.02105713
 0.02014160
 0.01220703
-0.00061035
-0.01617432
-0.02960205
-0.03906250
-0.04272461
-0.04211426
-0.03875732
-0.03326416
-0.02624512
-0.01586914
-0.00183105
 0.01464844
 0.02960205
 0.03753662
 0.03387451
 0.01739502
-0.00823975
-0.03540039
-0.05523682
-0.06103516
-0.05035400
-0.02685547
 0.00152588
 0.02685547
 0.04180908
 0.04516602
 0.03875732
 0.02838135
 0.01861572
 0.01281738
 0.01037598
 0.00915527
 0.00518799
-0.00396729
-0.01800537
-0.03387451
-0.04699707
-0.05249023
-0.04730225
-0.03143311
-0.00823975
 0.01708984
 0.03723145
 0.04760742
 0.04577637
 0.03326416
 0.01495361
-0.00274658
-0.01373291
-0.01525879
-0.00701904
 0.00762939
 0.02349854
 0.03631592
 0.04394531
 0.04638672
 0.04547119
 0.04272461
 0.03997803
 0.03631592
 0.03051758
 0.02105713
 0.00793457
-0.00732422
-0.02197266
-0.03295898
-0.03845215
-0.03814697
-0.03326416
-0.02655029
-0.02014160
-0.01617432
-0.01495361
-0.01586914
-0.01800537
-0.01953125
-0.01922607
-0.01647949
-0.01159668
-0.00640869
-0.00335693
-0.00488281
-0.01281738
-0.02624512
-0.04089355
-0.05157471
-0.05279541
-0.04089355
-0.01739502
 0.01129150
 0.03692627
 0.05065918
 0.04760742
 0.02899170
 0.00122070
-0.02593994
-0.04333496
-0.04577637
-0.03387451
-0.01281738
 0.01037598
 0.02838135
 0.03845215
 0.04058838
 0.03845215
 0.03631592
 0.03753662
 0.04302979
 0.05126953
 0.05859375
 0.06134033
 0.05645752
 0.04333496
 0.02258301
-0.00213623
-0.02563477
-0.04241943
-0.04821777
-0.04089355
-0.02166748
 0.00396729
 0.02868652
 0.04516602
 0.04791260
 0.03631592
 0.01373291
-0.01373291
-0.03906250
-0.05706787
-0.06591797
-0.06683350
-0.06195068
-0.05432129
-0.04486084
-0.03387451
-0.02014160
-0.00396729
 0.01312256
 0.02838135
 0.03845215
 0.04089355
 0.03540039
 0.02349854
 0.00793457
-0.00823975
-0.02288818
-0.03448486
-0.04241943
-0.04547119
-0.04241943
-0.03265381
-0.01556396
 0.00671387
 0.03082275
 0.05096436
 0.06225586
 0.06134033
 0.04852295
 0.02746582
 0.00396729
-0.01586914
-0.02716064
-0.02838135
-0.02166748
-0.01037598
 0.00091553
 0.00946045
 0.01434326
 0.01617432
 0.01739502
 0.01983643
 0.02380371
 0.02777100
 0.02838135
 0.02227783
 0.00762939
-0.01525879
-0.04302979
-0.06835938
-0.08514404
-0.08789063
-0.07476807
-0.04943848
-0.01800537
 0.01190186
 0.03326416
 0.04364014
 0.04333496
 0.03601074
 0.02624512
 0.01708984
 0.01037598
 0.00488281
-0.00061035
-0.00610352
-0.01098633
-0.01251221
-0.00946045
-0.00030518
 0.01251221
 0.02655029
 0.03723145
 0.04211426
 0.04058838
 0.03417969
 0.02471924
 0.01464844
 0.00457764
-0.00579834
-0.01739502
-0.02960205
-0.04089355
-0.04882813
-0.05035400
-0.04333496
-0.02838135
-0.00823975
 0.01251221
 0.02960205
 0.03845215
 0.03753662
 0.02655029
 0.00823975
-0.01312256
-0.03326416
-0.04760742
-0.05310059
-0.04882813
-0.03631592
-0.01922607
-0.00122070
 0.01373291
 0.02349854
 0.02838135
 0.03021240
 0.03143311
 0.03295898
 0.03479004
 0.03509521
 0.03204346
 0.02471924
 0.01434326
 0.00366211
-0.00396729
-0.00579834
-0.00152588
 0.00732422
 0.01708984
 0.02471924
 0.02899170
 0.02990723
 0.02899170
 0.02807617
 0.02685547
 0.02410889
 0.01770020
 0.00579834
-0.01098633
-0.03021240
-0.04730225
-0.05767822
-0.05828857
-0.04882813
-0.03173828
-0.01190186
 0.00488281
 0.01434326
 0.01434326
 0.00518799
-0.00976563
-0.02563477
-0.03875732
-0.04516602
-0.04455566
-0.03906250
-0.03234863
-0.02746582
-0.02685547
-0.02929688
-0.03143311
-0.02838135
-0.01739502
 0.00213623
 0.02563477
 0.04638672
 0.05706787
 0.05279541
 0.03479004
 0.00854492
-0.01647949
-0.03234863
-0.03326416
-0.02075195
 0.00061035
 0.02227783
 0.03753662
 0.04364014
 0.04150391
 0.03540039
 0.02990723
 0.02868652
 0.03112793
 0.03509521
 0.03692627
 0.03356934
 0.02471924
 0.01159668
-0.00183105
-0.01281738
-0.01861572
-0.01831055
-0.01312256
-0.00427246
 0.00579834
 0.01495361
 0.02166748
 0.02441406
 0.02197266
 0.01373291
 0.00061035
-0.01617432
-0.03326416
-0.04852295
-0.05828857
-0.06072998
-0.05584717
-0.04425049
-0.02899170
-0.01342773
-0.00152588
 0.00457764
 0.00427246
-0.00061035
-0.00701904
-0.01159668
-0.01129150
-0.00579834
 0.00213623
 0.00854492
 0.00946045
 0.00305176
-0.00915527
-0.02288818
-0.03204346
-0.03173828
-0.01983643
 0.00091553
 0.02441406
 0.04302979
 0.05157471
 0.04791260
 0.03448486
 0.01739502
 0.00244141
-0.00549316
-0.00579834
-0.00061035
 0.00640869
 0.01068115
 0.01037598
 0.00610352
 0.00030518
-0.00396729
-0.00396729
 0.00061035
 0.00823975
 0.01647949
 0.02197266
 0.02288818
 0.01770020
 0.00823975
-0.00366211
-0.01464844
-0.02197266
-0.02349854
-0.01983643
-0.01190186
-0.00305176
 0.00457764
 0.00854492
 0.00823975
 0.00488281
 0.00030518
-0.00335693
-0.00549316
-0.00610352
-0.00640869
-0.00762939
-0.01068115
-0.01464844
-0.01831055
-0.02105713
-0.02166748
-0.02014160
-0.01739502
-0.01434326
-0.01159668
-0.00885010
-0.00518799
-0.00061035
 0.00457764
 0.00915527
 0.01159668
 0.01098633
 0.00701904
 0.00152588
-0.00335693
-0.00610352
-0.00488281
-0.00091553
 0.00488281
 0.00976563
 0.01312256
 0.01403809
 0.01403809
 0.01403809
 0.01525879
 0.01800537
 0.02136230
 0.02441406
 0.02563477
 0.02471924
 0.02166748
 0.01678467
 0.01068115
 0.00396729
-0.00305176
-0.00885010
-0.01342773
-0.01525879
-0.01403809
-0.01037598
-0.00518799
-0.00030518
 0.00244141
 0.00213623
-0.00122070
-0.00640869
-0.01129150
-0.01464844
-0.01495361
-0.01312256
-0.00946045
-0.00579834
-0.00305176
-0.00122070
-0.00030518
 0.00091553
 0.00274658
 0.00518799
 0.00793457
 0.01007080
 0.01129150
 0.01129150
 0.00976563
 0.00762939
 0.00518799
 0.00244141
-0.00061035
-0.00366211
-0.00701904
-0.01007080
-0.01251221
-0.01403809
-0.01464844
-0.01495361
-0.01464844
-0.01464844
-0.01464844
-0.01403809
-0.01281738
-0.01007080
-0.00671387
-0.00274658
 0.00061035
 0.00244141
 0.00305176
 0.00213623
 0.00122070
 0.00030518
 0.00061035
 0.00183105
 0.00366211
 0.00549316
 0.00671387
 0.00732422
 0.00732422
 0.00701904
 0.00671387
 0.00640869
 0.00579834
 0.00488281
 0.00305176
 0.00061035
-0.00183105
-0.00396729
-0.00457764
-0.00366211
-0.00122070
 0.00213623
 0.00610352
 0.00915527
 0.01098633
 0.01098633
 0.00976563
 0.00762939
 0.00518799
 0.00396729
 0.00366211
 0.00488281
 0.00640869
 0.00793457
 0.00793457
 0.00610352
 0.00335693
 0.00000000
-0.00213623
-0.00274658
-0.00213623
-0.00061035
 0.00030518
-0.00030518
-0.00244141
-0.00549316
-0.00793457
-0.00854492
-0.00762939
-0.00518799
-0.00335693
-0.00305176
-0.00518799
-0.00946045
-0.01373291
-0.01708984
-0.01800537
-0.01647949
-0.01342773
-0.00976563
-0.00640869
-0.00366211
-0.00152588
 0.00122070
 0.00457764
 0.00793457
 0.01098633
 0.01190186
 0.01068115
 0.00671387
 0.00152588
-0.00305176
-0.00610352
-0.00549316
-0.00183105
 0.00457764
 0.01251221
 0.02014160
 0.02563477
 0.02807617
 0.02685547
 0.02227783
 0.01556396
 0.00823975
 0.00183105
-0.00274658
-0.00488281
-0.00579834
-0.00579834
-0.00610352
-0.00732422
-0.00885010
-0.01037598
-0.01037598
-0.00915527
-0.00610352
-0.00244141
 0.00122070
 0.00366211
 0.00457764
 0.00305176
-0.00061035
-0.00610352
-0.01312256
-0.02075195
-0.02716064
-0.03051758
-0.02960205
-0.02349854
-0.01312256
-0.00091553
 0.01068115
 0.01770020
 0.01892090
 0.01464844
 0.00610352
-0.00305176
-0.01007080
-0.01373291
-0.01373291
-0.01220703
-0.01098633
-0.01190186
-0.01434326
-0.01770020
-0.01922607
-0.01678467
-0.00976563
 0.00091553
 0.01281738
 0.02197266
 0.02655029
 0.02471924
 0.01739502
 0.00701904
-0.00305176
-0.01037598
-0.01312256
-0.01068115
-0.00457764
 0.00305176
 0.01068115
 0.01647949
 0.02014160
 0.02258301
 0.02441406
 0.02624512
 0.02746582
 0.02716064
 0.02349854
 0.01647949
 0.00579834
-0.00640869
-0.01739502
-0.02380371
-0.02410889
-0.01800537
-0.00701904
 0.00518799
 0.01586914
 0.02166748
 0.02258301
 0.01892090
 0.01373291
 0.00885010
 0.00579834
 0.00427246
 0.00244141
-0.00152588
-0.00915527
-0.01983643
-0.03082275
-0.03875732
-0.04028320
-0.03326416
-0.01922607
-0.00152588
 0.01525879
 0.02563477
 0.02746582
 0.02075195
 0.00854492
-0.00488281
-0.01495361
-0.01983643
-0.01983643
-0.01678467
-0.01373291
-0.01312256
-0.01464844
-0.01586914
-0.01403809
-0.00701904
 0.00549316
 0.02105713
 0.03540039
 0.04333496
 0.04241943
 0.03234863
 0.01617432
-0.00122070
-0.01464844
-0.02075195
-0.01892090
-0.01129150
-0.00152588
 0.00762939
 0.01342773
 0.01586914
 0.01586914
 0.01556396
 0.01556396
 0.01617432
 0.01556396
 0.01220703
 0.00549316
-0.00488281
-0.01647949
-0.02716064
-0.03417969
-0.03570557
-0.03143311
-0.02288818
-0.01251221
-0.00274658
 0.00457764
 0.00854492
 0.00915527
 0.00793457
 0.00549316
 0.00274658
-0.00061035
-0.00457764
-0.00946045
-0.01525879
-0.02014160
-0.02258301
-0.02166748
-0.01647949
-0.00762939
 0.00305176
 0.01281738
 0.01953125
 0.02197266
 0.01953125
 0.01403809
 0.00671387
-0.00061035
-0.00701904
-0.01281738
-0.01831055
-0.02349854
-0.02807617
-0.03112793
-0.03051758
-0.02532959
-0.01525879
-0.00183105
 0.01281738
 0.02502441
 0.03265381
 0.03387451
 0.02929688
 0.02075195
 0.01068115
 0.00213623
-0.00366211
-0.00610352
-0.00579834
-0.00366211
-0.00152588
 0.00030518
 0.00213623
 0.00488281
 0.00885010
 0.01403809
 0.01983643
 0.02410889
 0.02502441
 0.02166748
 0.01312256
 0.00183105
-0.01007080
-0.01922607
-0.02349854
-0.02136230
-0.01464844
-0.00549316
 0.00396729
 0.01068115
 0.01434326
 0.01525879
 0.01495361
 0.01434326
 0.01403809
 0.01342773
 0.01159668
 0.00701904
 0.00000000
-0.00854492
-0.01647949
-0.02166748
-0.02258301
-0.01861572
-0.01159668
-0.00335693
 0.00366211
 0.00823975
 0.00976563
 0.00885010
 0.00701904
 0.00457764
 0.00274658
 0.00091553
-0.00152588
-0.00488281
-0.00885010
-0.01281738
-0.01556396
-0.01556396
-0.01220703
-0.00549316
 0.00366211
 0.01312256
 0.02075195
 0.02502441
 0.02441406
 0.01983643
 0.01251221
 0.00396729
-0.00305176
-0.00732422
-0.00915527
-0.00885010
-0.00854492
-0.00915527
-0.01037598
-0.01220703
-0.01281738
-0.01098633
-0.00610352
 0.00030518
 0.00610352
 0.00885010
 0.00732422
 0.00152588
-0.00671387
-0.01464844
-0.01953125
-0.02044678
-0.01739502
-0.01251221
-0.00762939
-0.00457764
-0.00305176
-0.00244141
-0.00091553
 0.00213623
 0.00671387
 0.01129150
 0.01434326
 0.01403809
 0.01068115
 0.00518799
-0.00061035
-0.00457764
-0.00579834
-0.00427246
-0.00091553
 0.00244141
 0.00518799
 0.00610352
 0.00579834
 0.00518799
 0.00488281
 0.00579834
 0.00701904
 0.00762939
 0.00671387
 0.00335693
-0.00213623
-0.00854492
-0.01434326
-0.01800537
-0.01800537
-0.01495361
-0.00976563
-0.00396729
 0.00030518
 0.00213623
 0.00152588
-0.00091553
-0.00366211
-0.00518799
-0.00488281
-0.00274658
 0.00030518
 0.00274658
 0.00366211
 0.00244141
-0.00030518
-0.00305176
-0.00488281
-0.00427246
-0.00122070
 0.00335693
 0.00823975
 0.01190186
 0.01342773
 0.01159668
 0.00793457
 0.00305176
-0.00122070
-0.00396729
-0.00427246
-0.00305176
-0.00061035
 0.00122070
 0.00213623
 0.00152588
 0.00030518
-0.00061035
-0.00061035
 0.00061035
 0.00213623
 0.00335693
 0.00366211
 0.00244141
 0.00030518
-0.00183105
-0.00335693
-0.00335693
-0.00244141
-0.00061035
 0.00061035
 0.00091553
 0.00030518
-0.00061035
-0.00091553
-0.00030518
 0.00122070
 0.00305176
 0.00396729
 0.00366211
 0.00183105
-0.00122070
-0.00457764
-0.00671387
-0.00732422
-0.00579834
-0.00305176
-0.00030518
 0.00183105
 0.00274658
 0.00183105
 0.00061035
-0.00061035
-0.00091553
 0.00061035
 0.00335693
 0.00701904
 0.01007080
 0.01159668
 0.01129150
 0.00885010
 0.00518799
 0.00183105
-0.00030518
-0.00091553
 0.00030518
 0.00183105
 0.00305176
 0.00274658
 0.00122070
-0.00122070
-0.00366211
-0.00457764
-0.00366211
-0.00122070
 0.00152588
 0.00396729
 0.00488281
 0.00427246
 0.00274658
 0.00122070
 0.00000000
-0.00030518
-0.00030518
 0.00000000
 0.00000000
 0.00000000
 0.00000000
 0.00030518
 0.00122070
 0.00244141
 0.00305176
 0.00274658
 0.00091553
-0.00152588
-0.00366211
-0.00518799
-0.00488281
-0.00305176
-0.00030518
 0.00183105
 0.00244141
 0.00152588
-0.00091553
-0.00366211
-0.00610352
-0.00671387
-0.00549316
-0.00274658
 0.00061035
 0.00335693
 0.00457764
 0.00396729
 0.00183105
-0.00122070
-0.00427246
-0.00640869
-0.00671387
-0.00549316
-0.00335693
-0.00152588
-0.00030518
-0.00061035
-0.00244141
-0.00457764
-0.00640869
-0.00640869
-0.00488281
-0.00213623
 0.00061035
 0.00244141
 0.00244141
 0.00061035
-0.00274658
-0.00579834
-0.00762939
-0.00732422
-0.00549316
-0.00244141
 0.00091553
 0.00335693
 0.00457764
 0.00457764
 0.00366211
 0.00305176
 0.00244141
 0.00274658
 0.00305176
 0.00335693
 0.00305176
 0.00244141
 0.00122070
 0.00000000
-0.00091553
-0.00091553
 0.00000000
 0.00152588
 0.00366211
 0.00549316
 0.00640869
 0.00640869
 0.00518799
 0.00305176
 0.00061035
-0.00152588
-0.00366211
-0.00488281
-0.00610352
-0.00701904
-0.00823975
-0.00976563
-0.01098633
-0.01129150
-0.01068115
-0.00915527
-0.00671387
-0.00427246
-0.00274658
-0.00244141
-0.00305176
-0.00396729
-0.00457764
-0.00396729
-0.00213623
 0.00061035
 0.00274658
 0.00396729
 0.00396729
 0.00274658
 0.00122070
 0.00091553
 0.00152588
 0.00366211
 0.00640869
 0.00854492
 0.00946045
 0.00823975
 0.00579834
 0.00305176
 0.00061035
-0.00061035
-0.00091553
-0.00061035
-0.00030518
-0.00091553
-0.00213623
-0.00366211
-0.00457764
-0.00488281
-0.00396729
-0.00274658
-0.00122070
-0.00030518
 0.00000000
 0.00000000
 0.00000000
 0.00091553
 0.00213623
 0.00335693
 0.00427246
 0.00366211
 0.00183105
-0.00091553
-0.00335693
-0.00488281
-0.00488281
-0.00274658
 0.00030518
 0.00366211
 0.00610352
 0.00701904
 0.00610352
 0.00396729
 0.00091553
-0.00183105
-0.00396729
-0.00488281
-0.00488281
-0.00457764
-0.00396729
-0.00396729
-0.00427246
-0.00518799
-0.00579834
-0.00549316
-0.00396729
-0.00061035
 0.00335693
 0.00701904
 0.00976563
 0.01007080
 0.00823975
 0.00427246
 0.00000000
-0.00335693
-0.00457764
-0.00335693
-0.00030518
 0.00335693
 0.00701904
 0.00885010
 0.00915527
 0.00793457
 0.00610352
 0.00427246
 0.00335693
 0.00274658
 0.00274658
 0.00244141
 0.00122070
-0.00061035
-0.00305176
-0.00518799
-0.00640869
-0.00610352
-0.00427246
-0.00122070
 0.00213623
 0.00549316
 0.00793457
 0.00915527
 0.00915527
 0.00793457
 0.00640869
 0.00488281
 0.00335693
 0.00183105
 0.00091553
 0.00000000
-0.00061035
-0.00030518
 0.00061035
 0.00274658
 0.00488281
 0.00732422
 0.00885010
 0.00885010
 0.00793457
 0.00549316
 0.00305176
 0.00030518
-0.00183105
-0.00396729
-0.00579834
-0.00793457
-0.01068115
-0.01312256
-0.01464844
-0.01434326
-0.01220703
-0.00823975
-0.00366211
 0.00030518
 0.00244141
 0.00244141
 0.00030518
-0.00274658
-0.00579834
-0.00793457
-0.00854492
-0.00793457
-0.00640869
-0.00457764
-0.00274658
-0.00122070
 0.00061035
 0.00274658
 0.00518799
 0.00732422
 0.00885010
 0.00946045
 0.00885010
 0.00701904
 0.00427246
 0.00091553
-0.00244141
-0.00579834
-0.00823975
-0.00976563
-0.00976563
-0.00823975
-0.00579834
-0.00244141
 0.00061035
 0.00305176
 0.00427246
 0.00427246
 0.00305176
 0.00152588
-0.00030518
-0.00244141
-0.00457764
-0.00671387
-0.00854492
-0.00946045
-0.00915527
-0.00701904
-0.00335693
 0.00091553
 0.00457764
 0.00701904
 0.00793457
 0.00701904
 0.00518799
 0.00305176
 0.00091553
-0.00122070
-0.00396729
-0.00762939
-0.01190186
-0.01617432
-0.01922607
-0.01953125
-0.01708984
-0.01220703
-0.00610352
-0.00030518
 0.00366211
 0.00518799
 0.00488281
 0.00305176
 0.00122070
 0.00000000
-0.00030518
 0.00030518
 0.00091553
 0.00152588
 0.00213623
 0.00274658
 0.00396729
 0.00579834
 0.00854492
 0.01159668
 0.01464844
 0.01739502
 0.01922607
 0.01953125
 0.01800537
 0.01434326
 0.00915527
 0.00305176
-0.00213623
-0.00549316
-0.00671387
-0.00518799
-0.00244141
 0.00061035
 0.00274658
 0.00305176
 0.00213623
 0.00061035
-0.00030518
-0.00030518
 0.00030518
 0.00091553
 0.00030518
-0.00213623
-0.00549316
-0.00946045
-0.01251221
-0.01312256
-0.01129150
-0.00762939
-0.00335693
 0.00061035
 0.00335693
 0.00457764
 0.00518799
 0.00488281
 0.00427246
 0.00335693
 0.00213623
 0.00030518
-0.00213623
-0.00488281
-0.00701904
-0.00854492
-0.00885010
-0.00823975
-0.00640869
-0.00396729
-0.00122070
 0.00152588
 0.00427246
 0.00579834
 0.00640869
 0.00579834
 0.00427246
 0.00213623
 0.00000000
-0.00152588
-0.00183105
-0.00183105
-0.00122070
-0.00061035
-0.00030518
 0.00000000
 0.00122070
 0.00366211
 0.00671387
 0.01037598
 0.01281738
 0.01342773
 0.01159668
 0.00793457
 0.00335693
-0.00091553
-0.00305176
-0.00335693
-0.00244141
-0.00061035
 0.00030518
 0.00030518
-0.00061035
-0.00183105
-0.00213623
-0.00122070
 0.00091553
 0.00305176
 0.00427246
 0.00366211
 0.00091553
-0.00335693
-0.00823975
-0.01190186
-0.01403809
-0.01373291
-0.01129150
-0.00762939
-0.00366211
-0.00091553
 0.00061035
 0.00091553
 0.00030518
-0.00061035
-0.00091553
-0.00030518
 0.00091553
 0.00213623
 0.00244141
 0.00122070
-0.00152588
-0.00457764
-0.00762939
-0.00854492
-0.00762939
-0.00427246
 0.00030518
 0.00427246
 0.00671387
 0.00701904
 0.00518799
 0.00213623
-0.00030518
-0.00152588
-0.00122070
 0.00000000
 0.00122070
 0.00152588
 0.00030518
-0.00152588
-0.00305176
-0.00305176
-0.00061035
 0.00335693
 0.00823975
 0.01251221
 0.01464844
 0.01464844
 0.01220703
 0.00854492
 0.00518799
 0.00305176
 0.00213623
 0.00244141
 0.00305176
 0.00305176
 0.00183105
-0.00030518
-0.00274658
-0.00427246
-0.00427246
-0.00305176
-0.00030518
 0.00213623
 0.00335693
 0.00274658
 0.00030518
-0.00396729
-0.00823975
-0.01190186
-0.01342773
-0.01342773
-0.01159668
-0.00946045
-0.00732422
-0.00549316
-0.00427246
-0.00335693
-0.00213623
-0.00030518
 0.00122070
 0.00244141
 0.00244141
 0.00122070
-0.00091553
-0.00335693
-0.00579834
-0.00701904
-0.00732422
-0.00701904
-0.00579834
-0.00427246
-0.00274658
-0.00122070
 0.00091553
 0.00305176
 0.00518799
 0.00671387
 0.00701904
 0.00610352
 0.00427246
 0.00183105
-0.00061035
-0.00244141
-0.00305176
-0.00244141
-0.00122070
 0.00030518
 0.00244141
 0.00427246
 0.00579834
 0.00762939
 0.00885010
 0.00946045
 0.00976563
 0.00915527
 0.00793457
 0.00610352
 0.00396729
 0.00183105
-0.00030518
-0.00213623
-0.00366211
-0.00457764
-0.00457764
-0.00366211
-0.00213623
-0.00030518
 0.00122070
 0.00213623
 0.00183105
 0.00061035
-0.00183105
-0.00457764
-0.00701904
-0.00915527
-0.01068115
-0.01129150
-0.01159668
-0.01098633
-0.00976563
-0.00793457
-0.00518799
-0.00213623
 0.00030518
 0.00244141
 0.00305176
 0.00305176
 0.00183105
 0.00061035
-0.00091553
-0.00183105
-0.00213623
-0.00244141
-0.00244141
-0.00244141
-0.00213623
-0.00122070
 0.00061035
 0.00305176
 0.00579834
 0.00854492
 0.01068115
 0.01129150
 0.01068115
 0.00885010
 0.00640869
 0.00427246
 0.00244141
 0.00152588
 0.00152588
 0.00183105
 0.00244141
 0.00305176
 0.00396729
 0.00488281
 0.00610352
 0.00732422
 0.00823975
 0.00885010
 0.00823975
 0.00701904
 0.00457764
 0.00183105
-0.00091553
-0.00335693
-0.00488281
-0.00549316
-0.00549316
-0.00518799
-0.00457764
-0.00396729
-0.00305176
-0.00213623
-0.00122070
-0.00091553
-0.00091553
-0.00183105
-0.00366211
-0.00579834
-0.00823975
-0.01007080
-0.01159668
-0.01190186
-0.01159668
-0.01037598
-0.00854492
-0.00640869
-0.00427246
-0.00213623
-0.00030518
 0.00091553
 0.00152588
 0.00152588
 0.00091553
-0.00030518
-0.00152588
-0.00274658
-0.00335693
-0.00335693
-0.00274658
-0.00183105
-0.00061035
 0.00091553
 0.00274658
 0.00427246
 0.00579834
 0.00732422
 0.00854492
 0.00915527
 0.00915527
 0.00823975
 0.00701904
 0.00518799
 0.00305176
 0.00183105
 0.00122070
 0.00183105
 0.00335693
 0.00488281
 0.00671387
 0.00762939
 0.00793457
 0.00732422
 0.00640869
 0.00518799
 0.00427246
 0.00366211
 0.00305176
 0.00213623
 0.00061035
-0.00122070
