-0.00061035
-0.00061035
-0.00030518
 0.00030518
 0.00030518
 0.00061035
 0.00061035
 0.00030518
 0.00000000
 0.00000000
-0.00030518
-0.00030518
-0.00030518
-0.00030518
 0.00000000
 0.00000000
 0.00000000
-0.00030518
-0.00030518
 0.00000000
 0.00000000
 0.00030518
 0.00030518
 0.00061035
 0.00030518
 0.00030518
 0.00000000
-0.00030518
-0.00061035
-0.00061035
-0.00061035
-0.00061035
-0.00030518
-0.00030518
 0.00000000
 0.00000000
 0.00030518
 0.00030518
 0.00030518
 0.00000000
-0.00030518
-0.00030518
-0.00061035
-0.00061035
-0.00030518
-0.00030518
 0.00000000
 0.00000000
 0.00000000
 0.00000000
-0.00030518
-0.00030518
-0.00030518
 0.00000000
 0.00000000
 0.00000000
 0.00000000
-0.00030518
-0.00030518
-0.00030518
-0.00061035
-0.00061035
-0.00061035
-0.00061035
-0.00030518
-0.00030518
 0.00000000
 0.00000000
 0.00000000
 0.00000000
 0.00000000
 0.00000000
 0.00000000
 0.00000000
 0.00000000
 0.00000000
-0.00030518
-0.00061035
-0.00030518
 0.00030518
 0.00122070
 0.00183105
 0.00152588
 0.00030518
-0.00122070
-0.00183105
-0.00061035
 0.00274658
 0.00762939
 0.01098633
 0.01190186
 0.00946045
 0.00488281
 0.00091553
 0.00061035
 0.00518799
 0.01373291
 0.02380371
 0.03051758
 0.03112793
 0.02471924
 0.01525879
 0.01007080
 0.01647949
 0.03631592
 0.06195068
 0.07720947
 0.06347656
 0.00885010
-0.07934570
-0.17333984
-0.23193359
-0.21881104
-0.12359619
 0.02532959
 0.16296387
 0.21270752
 0.12054443
-0.11199951
-0.41717529
-0.67718506
-0.76690674
-0.60943604
-0.21575928
 0.30822754
 0.79223633
 1.06445313
 1.02050781
 0.66711426
 0.12664795
-0.40740967
-0.74249268
-0.76080322
-0.46508789
 0.02471924
 0.51635742
 0.82122803
 0.82489014
 0.52795410
 0.04211426
-0.45562744
-0.79101563
-0.85571289
-0.64392090
-0.24566650
 0.19287109
 0.52703857
 0.66711426
 0.60180664
 0.39245605
 0.13763428
-0.07171631
-0.18585205
-0.20751953
-0.17822266
-0.14892578
-0.15075684
-0.18341064
-0.21820068
-0.22125244
-0.17364502
-0.08361816
 0.01861572
 0.10009766
 0.14068604
 0.14526367
 0.13397217
 0.12603760
 0.12573242
 0.11718750
 0.07537842
-0.01342773
-0.13702393
-0.25634766
-0.31982422
-0.29113770
-0.16967773
 0.00488281
 0.16754150
 0.25848389
 0.25115967
 0.16418457
 0.05126953
-0.02655029
-0.03112793
 0.03417969
 0.12756348
 0.19012451
 0.17578125
 0.07537842
-0.08148193
-0.23712158
-0.33264160
-0.33172607
-0.23193359
-0.06195068
 0.13244629
 0.30334473
 0.41656494
 0.45379639
 0.41168213
 0.29968262
 0.13519287
-0.05706787
-0.24688721
-0.40344238
-0.49987793
-0.52215576
-0.47180176
-0.36285400
-0.21820068
-0.06164551
 0.08819580
 0.21759033
 0.31585693
 0.37414551
 0.38452148
 0.34332275
 0.25451660
 0.13153076
-0.00518799
-0.13397217
-0.23742676
-0.30792236
-0.34301758
-0.34301758
-0.30487061
-0.22338867
-0.09490967
 0.07354736
 0.25970459
 0.42510986
 0.52520752
 0.52429199
 0.40954590
 0.19866943
-0.06225586
-0.31250000
-0.49407959
-0.56823730
-0.52490234
-0.38055420
-0.17242432
 0.05462646
 0.25665283
 0.39916992
 0.46173096
 0.43853760
 0.34027100
 0.19165039
 0.02624512
-0.12023926
-0.22033691
-0.26153564
-0.25024414
-0.20629883
-0.15441895
-0.11322021
-0.08636475
-0.06378174
-0.02868652
 0.03234863
 0.11779785
 0.20996094
 0.28045654
 0.30212402
 0.26062012
 0.16113281
 0.02746582
-0.10772705
-0.21514893
-0.27679443
-0.28991699
-0.26275635
-0.20690918
-0.13153076
-0.04119873
 0.06164551
 0.17059326
 0.27099609
 0.34240723
 0.36193848
 0.31524658
 0.20233154
 0.04211426
-0.13275146
-0.28411865
-0.38024902
-0.40283203
-0.35217285
-0.24444580
-0.10467529
 0.03967285
 0.16693115
 0.26245117
 0.31951904
 0.33752441
 0.31799316
 0.26367188
 0.17913818
 0.06958008
-0.05523682
-0.18157959
-0.29113770
-0.36529541
-0.38940430
-0.35614014
-0.26947021
-0.14434814
-0.00335693
 0.12878418
 0.23193359
 0.29327393
 0.30822754
 0.28045654
 0.21606445
 0.12298584
 0.00976563
-0.11383057
-0.23284912
-0.32806396
-0.37750244
-0.36346436
-0.27862549
-0.13153076
 0.05279541
 0.23803711
 0.38635254
 0.46752930
 0.46752930
 0.39123535
 0.25787354
 0.09582520
-0.06683350
-0.20782471
-0.31250000
-0.37322998
-0.38787842
-0.35644531
-0.28198242
-0.16998291
-0.03112793
 0.11840820
 0.25756836
 0.36407471
 0.41931152
 0.41229248
 0.34210205
 0.21911621
 0.06347656
-0.10040283
-0.24658203
-0.35278320
-0.40344238
-0.39215088
-0.32165527
-0.20385742
-0.05706787
 0.09552002
 0.22918701
 0.32287598
 0.36163330
 0.33966064
 0.26123047
 0.13977051
-0.00518799
-0.15167236
-0.27770996
-0.36651611
-0.40557861
-0.38970947
-0.32012939
-0.20416260
-0.05584717
 0.10467529
 0.25451660
 0.36895752
 0.42907715
 0.42388916
 0.35522461
 0.23681641
 0.09155273
-0.05432129
-0.17700195
-0.26000977
-0.29663086
-0.28930664
-0.24566650
-0.17517090
-0.08789063
 0.00762939
 0.10131836
 0.18341064
 0.24230957
 0.26794434
 0.25421143
 0.20111084
 0.11596680
 0.01312256
-0.09063721
-0.17944336
-0.24017334
-0.26580811
-0.25421143
-0.20782471
-0.13305664
-0.03967285
 0.05920410
 0.14953613
 0.21636963
 0.24871826
 0.24047852
 0.19378662
 0.11749268
 0.02563477
-0.06744385
-0.14801025
-0.20629883
-0.23681641
-0.23651123
-0.20477295
-0.14404297
-0.06011963
 0.03570557
 0.12908936
 0.20324707
 0.24475098
 0.24597168
 0.20904541
 0.14373779
 0.06469727
-0.01312256
-0.07934570
-0.12817383
-0.15899658
-0.17242432
-0.16784668
-0.14404297
-0.10040283
-0.03967285
 0.03082275
 0.09857178
 0.14953613
 0.17211914
 0.16174316
 0.12176514
 0.06256104
-0.00335693
-0.06439209
-0.11383057
-0.14739990
-0.16448975
-0.16387939
-0.14312744
-0.10040283
-0.03601074
 0.04333496
 0.12573242
 0.19500732
 0.23529053
 0.23651123
 0.19744873
 0.12634277
 0.03845215
-0.04882813
-0.11962891
-0.16418457
-0.17883301
-0.16601563
-0.13092041
-0.08087158
-0.02288818
 0.03479004
 0.08514404
 0.12207031
 0.14007568
 0.13671875
 0.11138916
 0.06713867
 0.00793457
-0.05889893
-0.12573242
-0.18280029
-0.22003174
-0.22827148
-0.20202637
-0.14099121
-0.05279541
 0.04791260
 0.14251709
 0.21301270
 0.24627686
 0.23834229
 0.19439697
 0.12695313
 0.05035400
-0.02258301
-0.08239746
-0.12451172
-0.14739990
-0.15045166
-0.13244629
-0.09460449
-0.03997803
 0.02471924
 0.08850098
 0.13854980
 0.16387939
 0.15838623
 0.12359619
 0.06713867
 0.00152588
-0.06011963
-0.10803223
-0.13580322
-0.14190674
-0.12878418
-0.09948730
-0.05920410
-0.01251221
 0.03570557
 0.07934570
 0.11322021
 0.13214111
 0.13305664
 0.11535645
 0.08148193
 0.03601074
-0.01495361
-0.06469727
-0.10559082
-0.13214111
-0.13946533
-0.12695313
-0.09613037
-0.05310059
-0.00549316
 0.03784180
 0.06988525
 0.08575439
 0.08514404
 0.07019043
 0.04547119
 0.01464844
-0.01861572
-0.05126953
-0.07965088
-0.10009766
-0.10742188
-0.09765625
-0.06927490
-0.02441406
 0.02990723
 0.08300781
 0.12359619
 0.14373779
 0.13946533
 0.11260986
 0.06988525
 0.02075195
-0.02563477
-0.06286621
-0.08666992
-0.09582520
-0.09124756
-0.07476807
-0.04913330
-0.01770020
 0.01495361
 0.04516602
 0.06805420
 0.08117676
 0.08239746
 0.07232666
 0.05371094
 0.02960205
 0.00457764
-0.01800537
-0.03509521
-0.04516602
-0.04730225
-0.04150391
-0.02868652
-0.01037598
 0.01068115
 0.03143311
 0.04760742
 0.05584717
 0.05340576
 0.03906250
 0.01464844
-0.01586914
-0.04669189
-0.07232666
-0.08789063
-0.09094238
-0.08300781
-0.06652832
-0.04608154
-0.02532959
-0.00640869
 0.00915527
 0.02258301
 0.03356934
 0.04272461
 0.04913330
 0.05096436
 0.04699707
 0.03631592
 0.02044678
 0.00122070
-0.01739502
-0.03204346
-0.04028320
-0.04058838
-0.03265381
-0.01770020
 0.00213623
 0.02319336
 0.04241943
 0.05584717
 0.06103516
 0.05737305
 0.04577637
 0.02838135
 0.00915527
-0.00885010
-0.02349854
-0.03326416
-0.03814697
-0.03875732
-0.03509521
-0.02655029
-0.01342773
 0.00488281
 0.02593994
 0.04699707
 0.06256104
 0.06774902
 0.05950928
 0.03662109
 0.00213623
-0.03845215
-0.07690430
-0.10559082
-0.11749268
-0.11047363
-0.08483887
-0.04577637
-0.00183105
 0.03906250
 0.06866455
 0.08209229
 0.07873535
 0.06164551
 0.03662109
 0.01007080
-0.01251221
-0.02868652
-0.03814697
-0.04211426
-0.04272461
-0.04028320
-0.03479004
-0.02410889
-0.00732422
 0.01525879
 0.04058838
 0.06378174
 0.07904053
 0.08148193
 0.06927490
 0.04425049
 0.01098633
-0.02349854
-0.05187988
-0.06958008
-0.07324219
-0.06439209
-0.04516602
-0.02075195
 0.00427246
 0.02624512
 0.04272461
 0.05249023
 0.05554199
 0.05249023
 0.04455566
 0.03173828
 0.01434326
-0.00732422
-0.03143311
-0.05615234
-0.07690430
-0.08941650
-0.08911133
-0.07446289
-0.04577637
-0.00762939
 0.03295898
 0.06805420
 0.09033203
 0.09613037
 0.08544922
 0.06103516
 0.02868652
-0.00518799
-0.03509521
-0.05767822
-0.06988525
-0.07171631
-0.06256104
-0.04364014
-0.01708984
 0.01434326
 0.04608154
 0.07324219
 0.09094238
 0.09582520
 0.08605957
 0.06347656
 0.03143311
-0.00457764
-0.03875732
-0.06622314
-0.08361816
-0.08880615
-0.08239746
-0.06591797
-0.04241943
-0.01525879
 0.01159668
 0.03479004
 0.05065918
 0.05767822
 0.05493164
 0.04333496
 0.02502441
 0.00335693
-0.01739502
-0.03387451
-0.04364014
-0.04516602
-0.03967285
-0.02807617
-0.01342773
 0.00244141
 0.01739502
 0.03021240
 0.03967285
 0.04455566
 0.04364014
 0.03631592
 0.02288818
 0.00427246
-0.01647949
-0.03631592
-0.05035400
-0.05645752
-0.05279541
-0.04058838
-0.02197266
-0.00061035
 0.02014160
 0.03784180
 0.05035400
 0.05737305
 0.05798340
 0.05218506
 0.03997803
 0.02227783
 0.00091553
-0.02136230
-0.04028320
-0.05279541
-0.05554199
-0.04852295
-0.03295898
-0.01251221
 0.00885010
 0.02685547
 0.03936768
 0.04425049
 0.04211426
 0.03356934
 0.02014160
 0.00335693
-0.01525879
-0.03326416
-0.04882813
-0.05981445
-0.06378174
-0.05981445
-0.04791260
-0.02929688
-0.00610352
 0.01739502
 0.03784180
 0.05157471
 0.05584717
 0.05035400
 0.03509521
 0.01342773
-0.01098633
-0.03356934
-0.04913330
-0.05523682
-0.05035400
-0.03631592
-0.01617432
 0.00518799
 0.02410889
 0.03723145
 0.04302979
 0.04241943
 0.03631592
 0.02746582
 0.01678467
 0.00579834
-0.00457764
-0.01373291
-0.02075195
-0.02471924
-0.02441406
-0.01953125
-0.01037598
 0.00152588
 0.01403809
 0.02471924
 0.03143311
 0.03295898
 0.02960205
 0.02166748
 0.01129150
 0.00030518
-0.00946045
-0.01617432
-0.01922607
-0.01831055
-0.01373291
-0.00671387
 0.00122070
 0.00823975
 0.01251221
 0.01281738
 0.00946045
 0.00305176
-0.00518799
-0.01373291
-0.02075195
-0.02502441
-0.02624512
-0.02441406
-0.01983643
-0.01373291
-0.00640869
 0.00183105
 0.00946045
 0.01647949
 0.02197266
 0.02532959
 0.02593994
 0.02410889
 0.01953125
 0.01403809
 0.00823975
 0.00335693
 0.00000000
-0.00183105
-0.00213623
-0.00152588
-0.00061035
 0.00000000
 0.00061035
 0.00061035
 0.00061035
-0.00061035
-0.00335693
-0.00793457
-0.01373291
-0.01983643
-0.02441406
-0.02563477
-0.02227783
-0.01434326
-0.00366211
 0.00793457
 0.01739502
 0.02319336
 0.02441406
 0.02166748
 0.01647949
 0.01037598
 0.00488281
-0.00030518
-0.00518799
-0.01007080
-0.01525879
-0.02014160
-0.02319336
-0.02288818
-0.01861572
-0.01007080
 0.00091553
 0.01251221
 0.02136230
 0.02532959
 0.02319336
 0.01556396
 0.00335693
-0.01037598
-0.02288818
-0.03173828
-0.03509521
-0.03265381
-0.02563477
-0.01556396
-0.00457764
 0.00579834
 0.01434326
 0.02136230
 0.02624512
 0.02990723
 0.03143311
 0.03112793
 0.02746582
 0.02044678
 0.01007080
-0.00274658
-0.01586914
-0.02716064
-0.03479004
-0.03723145
-0.03387451
-0.02502441
-0.01220703
 0.00305176
 0.01800537
 0.03112793
 0.03936768
 0.04150391
 0.03692627
 0.02593994
 0.01068115
-0.00579834
-0.02014160
-0.03051758
-0.03509521
-0.03417969
-0.02960205
-0.02258301
-0.01464844
-0.00701904
 0.00030518
 0.00762939
 0.01434326
 0.02075195
 0.02502441
 0.02624512
 0.02288818
 0.01495361
 0.00305176
-0.01068115
-0.02410889
-0.03387451
-0.03784180
-0.03417969
-0.02349854
-0.00732422
 0.01129150
 0.02899170
 0.04180908
 0.04821777
 0.04669189
 0.03875732
 0.02624512
 0.01159668
-0.00213623
-0.01342773
-0.02197266
-0.02685547
-0.02868652
-0.02716064
-0.02136230
-0.01190186
 0.00061035
 0.01495361
 0.02838135
 0.03784180
 0.04150391
 0.03814697
 0.02777100
 0.01220703
-0.00549316
-0.02319336
-0.03784180
-0.04730225
-0.05096436
-0.04852295
-0.04028320
-0.02777100
-0.01251221
 0.00335693
 0.01770020
 0.02899170
 0.03570557
 0.03723145
 0.03387451
 0.02593994
 0.01373291
-0.00061035
-0.01556396
-0.02929688
-0.03936768
-0.04364014
-0.04150391
-0.03326416
-0.01983643
-0.00396729
 0.01190186
 0.02563477
 0.03601074
 0.04180908
 0.04333496
 0.03967285
 0.03112793
 0.01770020
 0.00091553
-0.01739502
-0.03356934
-0.04455566
-0.04760742
-0.04241943
-0.03021240
-0.01373291
 0.00244141
 0.01586914
 0.02502441
 0.02929688
 0.02990723
 0.02868652
 0.02593994
 0.02166748
 0.01556396
 0.00701904
-0.00366211
-0.01495361
-0.02441406
-0.02990723
-0.02990723
-0.02410889
-0.01312256
 0.00000000
 0.01281738
 0.02197266
 0.02624512
 0.02471924
 0.01770020
 0.00732422
-0.00457764
-0.01495361
-0.02227783
-0.02532959
-0.02349854
-0.01800537
-0.01037598
-0.00213623
 0.00488281
 0.01037598
 0.01434326
 0.01678467
 0.01861572
 0.01983643
 0.01953125
 0.01770020
 0.01312256
 0.00579834
-0.00305176
-0.01281738
-0.02075195
-0.02593994
-0.02655029
-0.02258301
-0.01434326
-0.00366211
 0.00762939
 0.01739502
 0.02380371
 0.02563477
 0.02288818
 0.01678467
 0.00885010
 0.00061035
-0.00610352
-0.01068115
-0.01312256
-0.01403809
-0.01342773
-0.01251221
-0.01098633
-0.00854492
-0.00488281
 0.00000000
 0.00610352
 0.01190186
 0.01647949
 0.01861572
 0.01708984
 0.01220703
 0.00427246
-0.00549316
-0.01495361
-0.02288818
-0.02807617
-0.02929688
-0.02655029
-0.02075195
-0.01220703
-0.00274658
 0.00640869
 0.01403809
 0.01922607
 0.02197266
 0.02227783
 0.02014160
 0.01617432
 0.01037598
 0.00396729
-0.00244141
-0.00793457
-0.01159668
-0.01281738
-0.01129150
-0.00762939
-0.00244141
 0.00305176
 0.00793457
 0.01220703
 0.01556396
 0.01831055
 0.02014160
 0.02014160
 0.01831055
 0.01373291
 0.00701904
-0.00122070
-0.00885010
-0.01464844
-0.01739502
-0.01678467
-0.01434326
-0.01129150
-0.00885010
-0.00823975
-0.00885010
-0.01007080
-0.01068115
-0.01007080
-0.00823975
-0.00671387
-0.00610352
-0.00732422
-0.00976563
-0.01281738
-0.01525879
-0.01556396
-0.01342773
-0.00885010
-0.00305176
 0.00335693
 0.00946045
 0.01373291
 0.01647949
 0.01739502
 0.01617432
 0.01342773
 0.00946045
 0.00457764
-0.00030518
-0.00488281
-0.00885010
-0.01159668
-0.01312256
-0.01281738
-0.01037598
-0.00579834
 0.00061035
 0.00885010
 0.01739502
 0.02471924
 0.02960205
 0.03112793
 0.02960205
 0.02502441
 0.01831055
 0.01068115
 0.00244141
-0.00549316
-0.01251221
-0.01739502
-0.01953125
-0.01770020
-0.01190186
-0.00305176
 0.00610352
 0.01373291
 0.01739502
 0.01617432
 0.01068115
 0.00244141
-0.00610352
-0.01342773
-0.01861572
-0.02227783
-0.02532959
-0.02838135
-0.03112793
-0.03265381
-0.03112793
-0.02502441
-0.01464844
-0.00152588
 0.01159668
 0.02197266
 0.02685547
 0.02563477
 0.01953125
 0.01098633
 0.00213623
-0.00427246
-0.00762939
-0.00823975
-0.00671387
-0.00488281
-0.00366211
-0.00244141
-0.00122070
 0.00152588
 0.00610352
 0.01220703
 0.01953125
 0.02593994
 0.02960205
 0.02929688
 0.02441406
 0.01556396
 0.00457764
-0.00579834
-0.01373291
-0.01739502
-0.01647949
-0.01190186
-0.00518799
 0.00213623
 0.00854492
 0.01373291
 0.01770020
 0.02014160
 0.02197266
 0.02227783
 0.02044678
 0.01617432
 0.00915527
-0.00061035
-0.01159668
-0.02197266
-0.02960205
-0.03356934
-0.03326416
-0.02899170
-0.02197266
-0.01403809
-0.00671387
-0.00061035
 0.00335693
 0.00518799
 0.00488281
 0.00274658
-0.00061035
-0.00549316
-0.01159668
-0.01739502
-0.02258301
-0.02563477
-0.02532959
-0.02136230
-0.01403809
-0.00427246
 0.00610352
 0.01525879
 0.02136230
 0.02349854
 0.02197266
 0.01739502
 0.01129150
 0.00488281
-0.00061035
-0.00457764
-0.00732422
-0.00915527
-0.01037598
-0.01007080
-0.00854492
-0.00457764
 0.00183105
 0.00946045
 0.01708984
 0.02319336
 0.02593994
 0.02441406
 0.01922607
 0.01159668
 0.00335693
-0.00396729
-0.00976563
-0.01373291
-0.01647949
-0.01861572
-0.01953125
-0.01953125
-0.01678467
-0.01098633
-0.00244141
 0.00793457
 0.01739502
 0.02410889
 0.02563477
 0.02197266
 0.01403809
 0.00366211
-0.00610352
-0.01403809
-0.01861572
-0.02014160
-0.01983643
-0.01800537
-0.01525879
-0.01190186
-0.00701904
-0.00061035
 0.00701904
 0.01525879
 0.02166748
 0.02502441
 0.02410889
 0.01861572
 0.00946045
-0.00152588
-0.01220703
-0.01983643
-0.02380371
-0.02319336
-0.01892090
-0.01220703
-0.00427246
 0.00335693
 0.00946045
 0.01403809
 0.01708984
 0.01892090
 0.01892090
 0.01739502
 0.01403809
 0.00885010
 0.00274658
-0.00366211
-0.00915527
-0.01251221
-0.01281738
-0.01007080
-0.00457764
 0.00183105
 0.00854492
 0.01373291
 0.01708984
 0.01861572
 0.01800537
 0.01617432
 0.01281738
 0.00823975
 0.00274658
-0.00396729
-0.01068115
-0.01739502
-0.02227783
-0.02471924
-0.02349854
-0.01861572
-0.01037598
 0.00000000
 0.01037598
 0.01861572
 0.02319336
 0.02258301
 0.01708984
 0.00762939
-0.00366211
-0.01464844
-0.02349854
-0.02899170
-0.03021240
-0.02746582
-0.02166748
-0.01373291
-0.00457764
 0.00457764
 0.01312256
 0.01953125
 0.02319336
 0.02258301
 0.01831055
 0.01068115
 0.00152588
-0.00793457
-0.01556396
-0.02044678
-0.02227783
-0.02166748
-0.01861572
-0.01403809
-0.00823975
-0.00122070
 0.00671387
 0.01525879
 0.02319336
 0.02868652
 0.03051758
 0.02685547
 0.01861572
 0.00640869
-0.00671387
-0.01861572
-0.02624512
-0.02838135
-0.02471924
-0.01647949
-0.00549316
 0.00610352
 0.01617432
 0.02380371
 0.02746582
 0.02777100
 0.02441406
 0.01831055
 0.01037598
 0.00183105
-0.00640869
-0.01342773
-0.01861572
-0.02105713
-0.02075195
-0.01739502
-0.01190186
-0.00427246
 0.00396729
 0.01129150
 0.01708984
 0.01983643
 0.01922607
 0.01525879
 0.00885010
 0.00122070
-0.00640869
-0.01281738
-0.01708984
-0.01953125
-0.01953125
-0.01739502
-0.01312256
-0.00701904
 0.00030518
 0.00762939
 0.01403809
 0.01831055
 0.01953125
 0.01708984
 0.01129150
 0.00335693
-0.00488281
-0.01251221
-0.01739502
-0.01983643
-0.01953125
-0.01739502
-0.01403809
-0.01037598
-0.00701904
-0.00457764
-0.00244141
-0.00061035
 0.00091553
 0.00183105
 0.00274658
 0.00274658
 0.00183105
 0.00000000
-0.00274658
-0.00549316
-0.00732422
-0.00732422
-0.00488281
 0.00000000
 0.00701904
 0.01464844
 0.02136230
 0.02563477
 0.02624512
 0.02319336
 0.01708984
 0.00976563
 0.00244141
-0.00305176
-0.00671387
-0.00854492
-0.00915527
-0.00915527
-0.00915527
-0.00915527
-0.00885010
-0.00701904
-0.00396729
 0.00030518
 0.00488281
 0.00854492
 0.01007080
 0.00885010
 0.00488281
-0.00061035
-0.00640869
-0.01068115
-0.01251221
-0.01190186
-0.00915527
-0.00518799
-0.00122070
 0.00183105
 0.00335693
 0.00396729
 0.00366211
 0.00335693
 0.00274658
 0.00183105
 0.00091553
-0.00061035
-0.00244141
-0.00457764
-0.00610352
-0.00701904
-0.00610352
-0.00335693
 0.00030518
 0.00427246
 0.00823975
 0.01098633
 0.01220703
 0.01190186
 0.01007080
 0.00762939
 0.00488281
 0.00183105
-0.00061035
-0.00274658
-0.00396729
-0.00396729
-0.00274658
-0.00061035
 0.00274658
 0.00610352
 0.00946045
 0.01129150
 0.01190186
 0.01068115
 0.00823975
 0.00488281
 0.00122070
-0.00244141
-0.00549316
-0.00793457
-0.00976563
-0.01037598
-0.01007080
-0.00885010
-0.00671387
-0.00396729
-0.00091553
 0.00183105
 0.00366211
 0.00427246
 0.00305176
 0.00030518
-0.00396729
-0.00915527
-0.01434326
-0.01861572
-0.02136230
-0.02136230
-0.01892090
-0.01464844
-0.00915527
-0.00366211
 0.00061035
 0.00396729
 0.00579834
 0.00640869
 0.00671387
 0.00610352
 0.00518799
 0.00366211
 0.00122070
-0.00152588
-0.00396729
-0.00549316
-0.00518799
-0.00305176
 0.00122070
 0.00610352
 0.01037598
 0.01373291
 0.01495361
 0.01434326
 0.01251221
 0.00976563
 0.00701904
 0.00457764
 0.00305176
 0.00183105
 0.00091553
 0.00000000
-0.00061035
-0.00091553
-0.00061035
 0.00061035
 0.00274658
 0.00549316
 0.00823975
 0.01037598
 0.01098633
 0.00976563
 0.00640869
 0.00183105
-0.00305176
-0.00732422
-0.01068115
-0.01251221
-0.01281738
-0.01220703
-0.01098633
-0.00946045
-0.00762939
-0.00518799
-0.00244141
 0.00030518
 0.00274658
 0.00396729
 0.00335693
 0.00061035
-0.00305176
-0.00732422
-0.01068115
-0.01251221
-0.01251221
-0.01098633
-0.00823975
-0.00518799
-0.00183105
 0.00183105
 0.00549316
 0.00885010
 0.01159668
 0.01312256
 0.01251221
 0.01037598
 0.00610352
 0.00122070
-0.00366211
-0.00732422
-0.00915527
-0.00915527
-0.00732422
-0.00427246
-0.00030518
 0.00396729
 0.00793457
 0.01129150
 0.01342773
 0.01403809
 0.01281738
 0.01007080
 0.00610352
 0.00122070
-0.00366211
-0.00793457
-0.01129150
-0.01312256
-0.01342773
-0.01190186
-0.00915527
-0.00488281
 0.00000000
 0.00457764
 0.00793457
 0.00946045
 0.00885010
 0.00640869
 0.00244141
-0.00183105
-0.00610352
-0.01007080
-0.01251221
-0.01403809
-0.01403809
-0.01281738
-0.00976563
-0.00549316
-0.00030518
 0.00518799
 0.01007080
 0.01312256
 0.01403809
 0.01251221
 0.00885010
 0.00396729
-0.00152588
-0.00610352
-0.00976563
-0.01159668
-0.01159668
-0.01007080
-0.00762939
-0.00396729
-0.00030518
 0.00335693
 0.00640869
 0.00854492
 0.00915527
 0.00885010
 0.00701904
 0.00396729
 0.00030518
-0.00366211
-0.00732422
-0.00946045
-0.00976563
-0.00793457
-0.00427246
 0.00061035
 0.00610352
 0.01068115
 0.01403809
 0.01556396
 0.01586914
 0.01464844
 0.01312256
 0.01098633
 0.00885010
 0.00579834
 0.00244141
-0.00152588
-0.00549316
-0.00915527
-0.01129150
-0.01129150
-0.00885010
-0.00457764
 0.00122070
 0.00701904
 0.01159668
 0.01342773
 0.01251221
 0.00915527
 0.00396729
-0.00152588
-0.00610352
-0.00885010
-0.00976563
-0.00976563
-0.00885010
-0.00854492
-0.00823975
-0.00793457
-0.00671387
-0.00366211
 0.00091553
 0.00610352
 0.01037598
 0.01220703
 0.01037598
 0.00549316
-0.00152588
-0.00885010
-0.01464844
-0.01800537
-0.01831055
-0.01617432
-0.01281738
-0.00915527
-0.00549316
-0.00244141
 0.00061035
 0.00396729
 0.00701904
 0.00976563
 0.01159668
 0.01159668
 0.00976563
 0.00640869
 0.00183105
-0.00305176
-0.00701904
-0.00946045
-0.00946045
-0.00732422
-0.00335693
 0.00183105
 0.00732422
 0.01190186
 0.01464844
 0.01525879
 0.01403809
 0.01129150
 0.00793457
 0.00427246
 0.00030518
-0.00335693
-0.00732422
-0.01037598
-0.01251221
-0.01312256
-0.01098633
-0.00640869
-0.00030518
 0.00610352
 0.01159668
 0.01464844
 0.01434326
 0.01159668
 0.00671387
 0.00152588
-0.00335693
-0.00762939
-0.01068115
-0.01312256
-0.01495361
-0.01586914
-0.01586914
-0.01434326
-0.01068115
-0.00549316
 0.00061035
 0.00610352
 0.00976563
 0.01068115
 0.00854492
 0.00396729
-0.00183105
-0.00732422
-0.01129150
-0.01281738
-0.01190186
-0.00946045
-0.00610352
-0.00274658
 0.00030518
 0.00274658
 0.00518799
 0.00793457
 0.01098633
 0.01373291
 0.01586914
 0.01647949
 0.01464844
 0.01037598
 0.00457764
-0.00183105
-0.00701904
-0.01037598
-0.01037598
-0.00793457
-0.00305176
 0.00274658
 0.00823975
 0.01281738
 0.01556396
 0.01678467
 0.01617432
 0.01403809
 0.01098633
 0.00701904
 0.00213623
-0.00274658
-0.00793457
-0.01251221
-0.01586914
-0.01708984
-0.01617432
-0.01281738
-0.00793457
-0.00183105
 0.00366211
 0.00793457
 0.00946045
 0.00885010
 0.00610352
 0.00183105
-0.00274658
-0.00701904
-0.01037598
-0.01281738
-0.01434326
-0.01495361
-0.01434326
-0.01190186
-0.00823975
-0.00274658
 0.00305176
 0.00885010
 0.01251221
 0.01373291
 0.01220703
 0.00823975
 0.00305176
-0.00244141
-0.00701904
-0.00976563
-0.01129150
-0.01098633
-0.01007080
-0.00793457
-0.00549316
-0.00213623
 0.00213623
 0.00671387
 0.01098633
 0.01464844
 0.01647949
 0.01617432
 0.01342773
 0.00885010
 0.00335693
-0.00183105
-0.00579834
-0.00823975
-0.00823975
-0.00610352
-0.00274658
 0.00122070
 0.00488281
 0.00823975
 0.01007080
 0.01098633
 0.01037598
 0.00885010
 0.00610352
 0.00244141
-0.00213623
-0.00701904
-0.01159668
-0.01556396
-0.01770020
-0.01800537
-0.01647949
-0.01312256
-0.00885010
-0.00396729
 0.00030518
 0.00396729
 0.00640869
 0.00732422
 0.00701904
 0.00518799
 0.00244141
-0.00091553
-0.00488281
-0.00854492
-0.01098633
-0.01159668
-0.01068115
-0.00762939
-0.00335693
 0.00183105
 0.00671387
 0.01068115
 0.01312256
 0.01373291
 0.01312256
 0.01129150
 0.00823975
 0.00488281
 0.00122070
-0.00244141
-0.00579834
-0.00823975
-0.00976563
-0.00976563
-0.00793457
-0.00427246
 0.00000000
 0.00457764
 0.00823975
 0.01007080
 0.01037598
 0.00854492
 0.00549316
 0.00213623
-0.00122070
-0.00396729
-0.00610352
-0.00701904
-0.00732422
-0.00701904
-0.00610352
-0.00457764
-0.00213623
 0.00122070
 0.00457764
 0.00823975
 0.01068115
 0.01129150
 0.01037598
 0.00762939
 0.00396729
-0.00030518
-0.00396729
-0.00640869
-0.00732422
-0.00701904
-0.00579834
-0.00366211
-0.00152588
 0.00122070
 0.00335693
 0.00549316
 0.00701904
 0.00762939
 0.00671387
 0.00457764
 0.00152588
-0.00213623
-0.00549316
-0.00854492
-0.01007080
-0.01037598
-0.00946045
-0.00732422
-0.00457764
-0.00152588
 0.00122070
 0.00366211
