 0.00000000
-0.00030518
-0.00030518
 0.00000000
 0.00000000
 0.00000000
 0.00000000
 0.00000000
 0.00000000
 0.00000000
-0.00030518
-0.00030518
 0.00000000
 0.00000000
 0.00000000
 0.00000000
 0.00000000
 0.00000000
-0.00030518
-0.00030518
-0.00061035
-0.00030518
-0.00030518
 0.00000000
 0.00000000
 0.00000000
-0.00030518
-0.00061035
-0.00091553
-0.00091553
-0.00061035
-0.00030518
 0.00030518
 0.00061035
 0.00030518
 0.00000000
-0.00030518
-0.00061035
-0.00091553
-0.00061035
-0.00030518
 0.00000000
 0.00030518
 0.00030518
 0.00000000
-0.00030518
-0.00030518
-0.00030518
-0.00030518
 0.00000000
 0.00000000
 0.00000000
 0.00030518
 0.00000000
 0.00000000
 0.00000000
 0.00000000
-0.00030518
-0.00061035
-0.00061035
-0.00061035
-0.00030518
 0.00030518
 0.00091553
 0.00091553
 0.00091553
 0.00030518
-0.00030518
-0.00091553
-0.00122070
-0.00091553
-0.00030518
 0.00030518
 0.00061035
 0.00030518
 0.00000000
-0.00061035
-0.00122070
-0.00122070
-0.00122070
-0.00122070
-0.00091553
-0.00091553
-0.00061035
-0.00061035
-0.00091553
-0.00213623
-0.00396729
-0.00640869
-0.00854492
-0.00854492
-0.00671387
-0.00335693
-0.00091553
-0.00152588
-0.00579834
-0.01281738
-0.01922607
-0.02105713
-0.01739502
-0.00976563
-0.00244141
-0.00030518
-0.00579834
-0.01647949
-0.02441406
-0.01922607
 0.00640869
 0.05126953
 0.10406494
 0.14465332
 0.15258789
 0.11749268
 0.04516602
-0.04028320
-0.10528564
-0.12023926
-0.07476807
 0.01586914
 0.11352539
 0.17272949
 0.15899658
 0.06713867
-0.07415771
-0.20996094
-0.28259277
-0.25604248
-0.13275146
 0.04241943
 0.20080566
 0.27618408
 0.23376465
 0.08758545
-0.10498047
-0.26519775
-0.32531738
-0.25939941
-0.09429932
 0.09857178
 0.23437500
 0.24993896
 0.13244629
-0.07385254
-0.28442383
-0.40679932
-0.37994385
-0.20019531
 0.07476807
 0.34637451
 0.51239014
 0.50872803
 0.33630371
 0.06195068
-0.20355225
-0.35003662
-0.31005859
-0.09033203
 0.22613525
 0.51147461
 0.63964844
 0.53863525
 0.22247314
-0.20874023
-0.60577393
-0.82519531
-0.78826904
-0.50994873
-0.09582520
 0.30212402
 0.54656982
 0.56701660
 0.38574219
 0.10101318
-0.15747070
-0.28686523
-0.25177002
-0.09521484
 0.08728027
 0.19439697
 0.16693115
 0.01190186
-0.20294189
-0.38116455
-0.44281006
-0.35614014
-0.15106201
 0.09887695
 0.30670166
 0.40679932
 0.37719727
 0.24078369
 0.05126953
-0.12969971
-0.25512695
-0.30303955
-0.27862549
-0.20385742
-0.10742188
-0.01312256
 0.06408691
 0.11901855
 0.15319824
 0.17089844
 0.17578125
 0.16937256
 0.15014648
 0.11596680
 0.06652832
 0.00457764
-0.06286621
-0.12695313
-0.17822266
-0.20812988
-0.20996094
-0.17913818
-0.11230469
-0.00915527
 0.12573242
 0.27923584
 0.42968750
 0.54718018
 0.60302734
 0.57861328
 0.47271729
 0.30639648
 0.11688232
-0.05432129
-0.17333984
-0.22827148
-0.22918701
-0.20355225
-0.18249512
-0.18768311
-0.22155762
-0.26947021
-0.30792236
-0.31707764
-0.29174805
-0.24291992
-0.19470215
-0.17028809
-0.18218994
-0.22521973
-0.27832031
-0.31219482
-0.30242920
-0.23864746
-0.12939453
 0.00091553
 0.12054443
 0.20263672
 0.23254395
 0.21453857
 0.16723633
 0.11566162
 0.08148193
 0.07232666
 0.08087158
 0.08850098
 0.07507324
 0.03143311
-0.03295898
-0.09216309
-0.11291504
-0.06988525
 0.03997803
 0.19195557
 0.33935547
 0.42999268
 0.42602539
 0.32073975
 0.14251709
-0.05279541
-0.20294189
-0.25939941
-0.20629883
-0.06408691
 0.11901855
 0.28442383
 0.38330078
 0.39184570
 0.31707764
 0.18829346
 0.04577637
-0.07659912
-0.16052246
-0.20721436
-0.22918701
-0.24047852
-0.24810791
-0.24597168
-0.22094727
-0.16082764
-0.06439209
 0.05279541
 0.16296387
 0.23468018
 0.24780273
 0.20050049
 0.11383057
 0.02197266
-0.04180908
-0.05798340
-0.02929688
 0.01983643
 0.05554199
 0.04974365
-0.00854492
-0.10772705
-0.21789551
-0.30426025
-0.33874512
-0.31066895
-0.22827148
-0.11291504
 0.00823975
 0.11199951
 0.18371582
 0.21789551
 0.21575928
 0.18341064
 0.13000488
 0.06744385
 0.00793457
-0.03540039
-0.05340576
-0.04241943
-0.00610352
 0.04638672
 0.10375977
 0.15533447
 0.19561768
 0.22216797
 0.23406982
 0.23071289
 0.20843506
 0.16510010
 0.10040283
 0.02044678
-0.06347656
-0.13610840
-0.18371582
-0.19866943
-0.18218994
-0.14312744
-0.09552002
-0.05310059
-0.02624512
-0.02105713
-0.03845215
-0.07507324
-0.12481689
-0.17730713
-0.22003174
-0.23864746
-0.22308350
-0.17181396
-0.09490967
-0.01342773
 0.04760742
 0.06835938
 0.04333496
-0.01434326
-0.07965088
-0.12512207
-0.13427734
-0.10986328
-0.07324219
-0.05340576
-0.07263184
-0.13458252
-0.22003174
-0.29449463
-0.32318115
-0.28564453
-0.18554688
-0.04821777
 0.08880615
 0.19165039
 0.24108887
 0.23895264
 0.20172119
 0.15258789
 0.10925293
 0.07873535
 0.05828857
 0.03936768
 0.01556396
-0.01281738
-0.03906250
-0.05187988
-0.04333496
-0.01098633
 0.03967285
 0.09735107
 0.14892578
 0.18218994
 0.18890381
 0.16723633
 0.12084961
 0.05889893
-0.00427246
-0.05187988
-0.06835938
-0.04333496
 0.02380371
 0.12176514
 0.22979736
 0.32226563
 0.37597656
 0.37628174
 0.32348633
 0.22949219
 0.11596680
 0.00518799
-0.08636475
-0.15197754
-0.19592285
-0.22857666
-0.26123047
-0.29907227
-0.33843994
-0.36682129
-0.36712646
-0.32440186
-0.23223877
-0.09796143
 0.05950928
 0.21240234
 0.33203125
 0.39764404
 0.40191650
 0.35186768
 0.26611328
 0.16754150
 0.07812500
 0.01129150
-0.02807617
-0.04425049
-0.04394531
-0.03570557
-0.02471924
-0.01342773
-0.00274658
 0.00640869
 0.01190186
 0.00976563
-0.00335693
-0.02990723
-0.06927490
-0.11779785
-0.16937256
-0.21423340
-0.24291992
-0.24597168
-0.21697998
-0.15441895
-0.06408691
 0.04272461
 0.14831543
 0.23468018
 0.28778076
 0.30059814
 0.27679443
 0.22766113
 0.17059326
 0.12176514
 0.09124756
 0.08026123
 0.08178711
 0.08361816
 0.07415771
 0.04638672
 0.00305176
-0.04608154
-0.08575439
-0.10192871
-0.08697510
-0.04364014
 0.01495361
 0.06805420
 0.09552002
 0.08239746
 0.02532959
-0.06530762
-0.16998291
-0.26306152
-0.32287598
-0.33752441
-0.30700684
-0.24383545
-0.16845703
-0.10101318
-0.05645752
-0.04150391
-0.05218506
-0.07843018
-0.10803223
-0.13061523
-0.14129639
-0.14007568
-0.13031006
-0.11505127
-0.09674072
-0.07446289
-0.04638672
-0.01220703
 0.02655029
 0.06408691
 0.09124756
 0.10009766
 0.08575439
 0.04974365
 0.00091553
-0.04669189
-0.07659912
-0.07568359
-0.03723145
 0.03509521
 0.12969971
 0.22857666
 0.31341553
 0.36956787
 0.38940430
 0.37353516
 0.32836914
 0.26306152
 0.18646240
 0.10559082
 0.02502441
-0.05096436
-0.11718750
-0.16571045
-0.18859863
-0.17913818
-0.13549805
-0.06347656
 0.02410889
 0.10925293
 0.17425537
 0.20507813
 0.19500732
 0.14587402
 0.06561279
-0.03356934
-0.13885498
-0.23803711
-0.32012939
-0.37567139
-0.39611816
-0.37536621
-0.31250000
-0.21362305
-0.09216309
 0.03173828
 0.13610840
 0.20294189
 0.22277832
 0.19622803
 0.13519287
 0.05676270
-0.02105713
-0.08483887
-0.12695313
-0.14526367
-0.14251709
-0.12115479
-0.08331299
-0.03021240
 0.03540039
 0.10864258
 0.17974854
 0.23681641
 0.26763916
 0.26306152
 0.22247314
 0.15167236
 0.06408691
-0.02319336
-0.09399414
-0.13702393
-0.14739990
-0.12634277
-0.08056641
-0.01861572
 0.05004883
 0.11657715
 0.17395020
 0.21545410
 0.23468018
 0.22735596
 0.19195557
 0.13061523
 0.05096436
-0.03417969
-0.11047363
-0.16357422
-0.18371582
-0.16876221
-0.12359619
-0.06103516
 0.00457764
 0.05828857
 0.08972168
 0.09521484
 0.07690430
 0.04119873
-0.00335693
-0.04974365
-0.09338379
-0.13244629
-0.16723633
-0.19744873
-0.22094727
-0.23223877
-0.22521973
-0.19409180
-0.13702393
-0.05950928
 0.02716064
 0.10681152
 0.16326904
 0.18493652
 0.16906738
 0.12115479
 0.05401611
-0.01770020
-0.08148193
-0.12969971
-0.16082764
-0.17486572
-0.17242432
-0.15289307
-0.11413574
-0.05554199
 0.01922607
 0.10009766
 0.17395020
 0.22644043
 0.24688721
 0.23315430
 0.19042969
 0.13092041
 0.06774902
 0.01220703
-0.02960205
-0.05584717
-0.06835938
-0.06896973
-0.05859375
-0.03753662
-0.00701904
 0.03021240
 0.06805420
 0.09887695
 0.11535645
 0.11260986
 0.09124756
 0.05554199
 0.01281738
-0.02807617
-0.06072998
-0.08056641
-0.08666992
-0.07995605
-0.06317139
-0.03936768
-0.01190186
 0.01647949
 0.04241943
 0.06256104
 0.07324219
 0.07141113
 0.05401611
 0.02105713
-0.02563477
-0.07965088
-0.13244629
-0.17211914
-0.18798828
-0.17303467
-0.12634277
-0.05401611
 0.03112793
 0.11352539
 0.17822266
 0.21423340
 0.21820068
 0.19287109
 0.14648438
 0.08972168
 0.03082275
-0.02380371
-0.07171631
-0.11230469
-0.14587402
-0.17028809
-0.18188477
-0.17578125
-0.14892578
-0.10131836
-0.03784180
 0.03082275
 0.09124756
 0.13000488
 0.13793945
 0.11169434
 0.05615234
-0.01861572
-0.09857178
-0.16967773
-0.22094727
-0.24444580
-0.23712158
-0.19958496
-0.13519287
-0.05004883
 0.04699707
 0.14434814
 0.22888184
 0.28930664
 0.31646729
 0.30761719
 0.26702881
 0.20324707
 0.12908936
 0.05554199
-0.00915527
-0.05981445
-0.09521484
-0.11444092
-0.11657715
-0.10070801
-0.06652832
-0.01770020
 0.03723145
 0.08728027
 0.11993408
 0.12695313
 0.10620117
 0.06317139
 0.00946045
-0.04211426
-0.07995605
-0.09948730
-0.10101318
-0.08941650
-0.07080078
-0.05065918
-0.03112793
-0.01373291
 0.00213623
 0.01495361
 0.02258301
 0.02258301
 0.01251221
-0.00701904
-0.03417969
-0.06378174
-0.09124756
-0.11077881
-0.11871338
-0.11291504
-0.09368896
-0.06347656
-0.02593994
 0.01342773
 0.04913330
 0.07629395
 0.09246826
 0.09613037
 0.08850098
 0.07263184
 0.05157471
 0.02807617
 0.00488281
-0.01617432
-0.03173828
-0.03967285
-0.03692627
-0.02319336
-0.00030518
 0.02777100
 0.05523682
 0.07659912
 0.08789063
 0.08880615
 0.08178711
 0.07019043
 0.05767822
 0.04608154
 0.03570557
 0.02502441
 0.01281738
-0.00030518
-0.01312256
-0.02319336
-0.02868652
-0.02868652
-0.02319336
-0.01434326
-0.00396729
 0.00579834
 0.01312256
 0.01647949
 0.01403809
 0.00488281
-0.01190186
-0.03509521
-0.06195068
-0.08819580
-0.10894775
-0.12054443
-0.12084961
-0.10986328
-0.09033203
-0.06530762
-0.03906250
-0.01434326
 0.00701904
 0.02349854
 0.03448486
 0.03936768
 0.03814697
 0.03021240
 0.01647949
-0.00183105
-0.02227783
-0.04241943
-0.05950928
-0.07049561
-0.07385254
-0.06866455
-0.05462646
-0.03417969
-0.00946045
 0.01556396
 0.03784180
 0.05462646
 0.06530762
 0.06988525
 0.06958008
 0.06622314
 0.06042480
 0.05218506
 0.04150391
 0.02899170
 0.01617432
 0.00640869
 0.00213623
 0.00640869
 0.01831055
 0.03601074
 0.05493164
 0.06927490
 0.07598877
 0.07293701
 0.06103516
 0.04272461
 0.02197266
 0.00061035
-0.01922607
-0.03753662
-0.05340576
-0.06622314
-0.07446289
-0.07537842
-0.06835938
-0.05371094
-0.03295898
-0.01037598
 0.01007080
 0.02471924
 0.03112793
 0.02899170
 0.01861572
 0.00183105
-0.01861572
-0.04058838
-0.06103516
-0.07568359
-0.08117676
-0.07507324
-0.05645752
-0.02685547
 0.00946045
 0.04669189
 0.07812500
 0.09979248
 0.10833740
 0.10375977
 0.08850098
 0.06561279
 0.03875732
 0.01159668
-0.01281738
-0.03143311
-0.04272461
-0.04486084
-0.03845215
-0.02502441
-0.00671387
 0.01220703
 0.02868652
 0.04028320
 0.04638672
 0.04699707
 0.04425049
 0.03936768
 0.03417969
 0.02929688
 0.02532959
 0.02197266
 0.01953125
 0.01831055
 0.01800537
 0.01861572
 0.01922607
 0.01953125
 0.01770020
 0.01312256
 0.00579834
-0.00427246
-0.01678467
-0.03143311
-0.04760742
-0.06469727
-0.08239746
-0.09918213
-0.11383057
-0.12390137
-0.12756348
-0.12390137
-0.11199951
-0.09307861
-0.06835938
-0.04089355
-0.01342773
 0.01098633
 0.02990723
 0.04241943
 0.04760742
 0.04638672
 0.04028320
 0.03082275
 0.02044678
 0.01098633
 0.00396729
 0.00061035
 0.00122070
 0.00610352
 0.01403809
 0.02288818
 0.03112793
 0.03631592
 0.03692627
 0.03295898
 0.02502441
 0.01403809
 0.00183105
-0.01129150
-0.02441406
-0.03753662
-0.05035400
-0.06042480
-0.06530762
-0.06195068
-0.04852295
-0.02532959
 0.00427246
 0.03448486
 0.05859375
 0.07110596
 0.06988525
 0.05645752
 0.03509521
 0.01220703
-0.00671387
-0.01922607
-0.02441406
-0.02380371
-0.01983643
-0.01312256
-0.00457764
 0.00701904
 0.02136230
 0.03784180
 0.05462646
 0.06774902
 0.07415771
 0.07080078
 0.05737305
 0.03540039
 0.00854492
-0.01861572
-0.04150391
-0.05615234
-0.06072998
-0.05432129
-0.03875732
-0.01708984
 0.00701904
 0.02960205
 0.04730225
 0.05828857
 0.06134033
 0.05798340
 0.04943848
 0.03753662
 0.02441406
 0.01129150
-0.00061035
-0.00976563
-0.01495361
-0.01495361
-0.00885010
 0.00305176
 0.01953125
 0.03845215
 0.05615234
 0.06927490
 0.07476807
 0.07049561
 0.05554199
 0.03112793
-0.00061035
-0.03570557
-0.06958008
-0.09674072
-0.11352539
-0.11779785
-0.10955811
-0.09155273
-0.06713867
-0.04180908
-0.01892090
-0.00152588
 0.01037598
 0.01647949
 0.01922607
 0.01892090
 0.01708984
 0.01373291
 0.00823975
 0.00152588
-0.00579834
-0.01159668
-0.01403809
-0.01098633
-0.00152588
 0.01403809
 0.03326416
 0.05279541
 0.06805420
 0.07537842
 0.07263184
 0.05859375
 0.03479004
 0.00366211
-0.03082275
-0.06408691
-0.09246826
-0.11291504
-0.12390137
-0.12542725
-0.11779785
-0.10284424
-0.08239746
-0.05828857
-0.03265381
-0.00762939
 0.01403809
 0.03112793
 0.04150391
 0.04486084
 0.04058838
 0.03051758
 0.01647949
 0.00213623
-0.00976563
-0.01647949
-0.01647949
-0.00885010
 0.00518799
 0.02319336
 0.04211426
 0.05828857
 0.06866455
 0.07110596
 0.06439209
 0.04974365
 0.02899170
 0.00610352
-0.01495361
-0.03082275
-0.03906250
-0.03936768
-0.03234863
-0.02044678
-0.00610352
 0.00793457
 0.02044678
 0.03021240
 0.03692627
 0.03967285
 0.03784180
 0.03112793
 0.01892090
 0.00213623
-0.01647949
-0.03356934
-0.04455566
-0.04608154
-0.03631592
-0.01525879
 0.01403809
 0.04699707
 0.07781982
 0.10192871
 0.11596680
 0.11779785
 0.10894775
 0.09063721
 0.06652832
 0.03997803
 0.01373291
-0.01007080
-0.02960205
-0.04455566
-0.05493164
-0.06134033
-0.06317139
-0.06134033
-0.05523682
-0.04547119
-0.03295898
-0.01983643
-0.00793457
 0.00030518
 0.00305176
-0.00061035
-0.01007080
-0.02380371
-0.03814697
-0.05065918
-0.05767822
-0.05737305
-0.04882813
-0.03356934
-0.01373291
 0.00701904
 0.02471924
 0.03601074
 0.03967285
 0.03570557
 0.02624512
 0.01434326
 0.00274658
-0.00701904
-0.01373291
-0.01861572
-0.02258301
-0.02655029
-0.02960205
-0.03082275
-0.02807617
-0.02075195
-0.00823975
 0.00762939
 0.02380371
 0.03662109
 0.04364014
 0.04364014
 0.03723145
 0.02655029
 0.01464844
 0.00457764
-0.00152588
-0.00244141
 0.00091553
 0.00701904
 0.01434326
 0.02014160
 0.02349854
 0.02380371
 0.02075195
 0.01586914
 0.00946045
 0.00305176
-0.00335693
-0.00885010
-0.01403809
-0.01831055
-0.02136230
-0.02380371
-0.02502441
-0.02532959
-0.02563477
-0.02563477
-0.02655029
-0.02746582
-0.02807617
-0.02807617
-0.02624512
-0.02319336
-0.01892090
-0.01495361
-0.01129150
-0.00854492
-0.00579834
-0.00152588
 0.00457764
 0.01312256
 0.02380371
 0.03448486
 0.04302979
 0.04852295
 0.04974365
 0.04730225
 0.04241943
 0.03723145
 0.03234863
 0.02868652
 0.02532959
 0.02075195
 0.01373291
 0.00335693
-0.01037598
-0.02593994
-0.04150391
-0.05462646
-0.06347656
-0.06713867
-0.06591797
-0.06072998
-0.05340576
-0.04516602
-0.03723145
-0.02960205
-0.02197266
-0.01403809
-0.00610352
 0.00122070
 0.00640869
 0.00823975
 0.00549316
-0.00091553
-0.00946045
-0.01800537
-0.02349854
-0.02441406
-0.02014160
-0.01159668
 0.00000000
 0.01251221
 0.02380371
 0.03234863
 0.03723145
 0.03845215
 0.03570557
 0.02990723
 0.02136230
 0.01129150
 0.00091553
-0.00915527
-0.01708984
-0.02258301
-0.02441406
-0.02197266
-0.01464844
-0.00305176
 0.01251221
 0.03051758
 0.04852295
 0.06378174
 0.07385254
 0.07720947
 0.07293701
 0.06195068
 0.04577637
 0.02685547
 0.00701904
-0.01129150
-0.02624512
-0.03631592
-0.04058838
-0.03875732
-0.03112793
-0.01922607
-0.00518799
 0.00732422
 0.01586914
 0.01831055
 0.01373291
 0.00305176
-0.01220703
-0.02990723
-0.04791260
-0.06500244
-0.07934570
-0.08941650
-0.09307861
-0.08880615
-0.07568359
-0.05432129
-0.02746582
 0.00091553
 0.02655029
 0.04547119
 0.05584717
 0.05767822
 0.05249023
 0.04302979
 0.03204346
 0.02197266
 0.01495361
 0.01220703
 0.01495361
 0.02380371
 0.03845215
 0.05737305
 0.07843018
 0.09826660
 0.11322021
 0.12145996
 0.12115479
 0.11230469
 0.09552002
 0.07263184
 0.04486084
 0.01525879
-0.01403809
-0.03936768
-0.05767822
-0.06591797
-0.06286621
-0.04974365
-0.02899170
-0.00579834
 0.01556396
 0.03051758
 0.03692627
 0.03356934
 0.02197266
 0.00366211
-0.01861572
-0.04272461
-0.06591797
-0.08575439
-0.09979248
-0.10681152
-0.10589600
-0.09704590
-0.08239746
-0.06378174
-0.04425049
-0.02624512
-0.01251221
-0.00518799
-0.00549316
-0.01403809
-0.02990723
-0.05096436
-0.07324219
-0.09216309
-0.10314941
-0.10284424
-0.09002686
-0.06561279
-0.03356934
 0.00213623
 0.03723145
 0.06805420
 0.09216309
 0.10864258
 0.11657715
 0.11627197
 0.10772705
 0.09246826
 0.07293701
 0.05187988
 0.03234863
 0.01800537
 0.01037598
 0.01007080
 0.01617432
 0.02685547
 0.03906250
 0.05004883
 0.05706787
 0.05859375
 0.05371094
 0.04241943
 0.02563477
 0.00549316
-0.01586914
-0.03570557
-0.05249023
-0.06500244
-0.07171631
-0.07202148
-0.06591797
-0.05310059
-0.03479004
-0.01342773
 0.00793457
 0.02532959
 0.03479004
 0.03448486
 0.02471924
 0.00854492
-0.01068115
-0.02868652
-0.04211426
-0.05004883
-0.05187988
-0.04821777
-0.03936768
-0.02532959
-0.00640869
 0.01647949
 0.04089355
 0.06317139
 0.07934570
 0.08575439
 0.08087158
 0.06561279
 0.04333496
 0.01800537
-0.00610352
-0.02563477
-0.03845215
-0.04425049
-0.04302979
-0.03540039
-0.02197266
-0.00427246
 0.01495361
 0.03326416
 0.04730225
 0.05462646
 0.05371094
 0.04455566
 0.02838135
 0.00762939
-0.01556396
-0.03814697
-0.05706787
-0.07019043
-0.07598877
-0.07293701
-0.06195068
-0.04516602
-0.02532959
-0.00671387
 0.00762939
 0.01586914
 0.01678467
 0.01190186
 0.00213623
-0.01068115
-0.02471924
-0.03814697
-0.04943848
-0.05676270
-0.05889893
-0.05432129
-0.04364014
-0.02746582
-0.00823975
 0.01159668
 0.02899170
 0.04272461
 0.05096436
 0.05340576
 0.05004883
 0.04180908
 0.02929688
 0.01403809
-0.00152588
-0.01464844
-0.02319336
-0.02532959
-0.02105713
-0.01159668
 0.00000000
 0.01129150
 0.01892090
 0.02197266
 0.01983643
 0.01342773
 0.00427246
-0.00671387
-0.01831055
-0.02990723
-0.04028320
-0.04821777
-0.05340576
-0.05401611
-0.05004883
-0.04150391
-0.02929688
-0.01464844
 0.00061035
 0.01464844
 0.02624512
 0.03387451
 0.03692627
 0.03601074
 0.03204346
 0.02716064
 0.02288818
 0.02136230
 0.02349854
 0.02899170
 0.03692627
 0.04516602
 0.05279541
 0.05828857
 0.06195068
 0.06378174
 0.06378174
 0.06256104
 0.05889893
 0.05310059
 0.04486084
 0.03448486
 0.02349854
 0.01281738
 0.00457764
-0.00122070
-0.00396729
-0.00427246
-0.00274658
-0.00030518
 0.00244141
 0.00518799
 0.00701904
 0.00732422
 0.00579834
 0.00152588
-0.00518799
-0.01342773
-0.02227783
-0.02990723
-0.03540039
-0.03845215
-0.03875732
-0.03692627
-0.03387451
-0.03021240
-0.02716064
-0.02471924
-0.02380371
-0.02471924
-0.02716064
-0.03112793
-0.03631592
-0.04180908
-0.04638672
-0.04974365
-0.05126953
-0.05096436
-0.04852295
-0.04425049
-0.03753662
-0.02868652
-0.01800537
-0.00640869
 0.00488281
 0.01373291
 0.01983643
 0.02197266
 0.02105713
 0.01831055
 0.01586914
 0.01464844
 0.01525879
 0.01800537
 0.02166748
 0.02593994
 0.02990723
 0.03356934
 0.03692627
 0.03936768
 0.04119873
 0.04119873
 0.03906250
 0.03387451
 0.02655029
 0.01770020
 0.00854492
 0.00030518
-0.00610352
-0.01007080
-0.01220703
-0.01251221
-0.01190186
-0.01007080
-0.00732422
-0.00457764
-0.00213623
-0.00061035
-0.00122070
-0.00396729
-0.00946045
-0.01678467
-0.02471924
-0.03234863
-0.03784180
-0.04058838
-0.04028320
-0.03723145
-0.03204346
-0.02563477
-0.01922607
-0.01342773
-0.00854492
-0.00518799
-0.00335693
-0.00244141
-0.00244141
-0.00305176
-0.00457764
-0.00671387
-0.00885010
-0.01037598
-0.01068115
-0.00854492
-0.00335693
 0.00427246
 0.01373291
 0.02319336
 0.03173828
 0.03753662
 0.04028320
 0.04089355
 0.03997803
 0.03906250
 0.03875732
 0.03997803
 0.04150391
 0.04272461
 0.04333496
 0.04302979
 0.04241943
 0.04211426
 0.04302979
 0.04516602
 0.04760742
 0.04882813
 0.04730225
 0.04211426
 0.03265381
 0.01983643
 0.00518799
-0.00915527
-0.02227783
-0.03265381
-0.03967285
-0.04394531
-0.04608154
-0.04669189
-0.04608154
-0.04486084
-0.04272461
-0.03997803
-0.03692627
-0.03417969
-0.03295898
-0.03387451
-0.03692627
-0.04180908
-0.04730225
-0.05187988
-0.05401611
-0.05218506
-0.04608154
-0.03692627
-0.02593994
-0.01525879
-0.00610352
 0.00030518
 0.00335693
 0.00396729
 0.00274658
 0.00000000
-0.00335693
-0.00762939
-0.01220703
-0.01708984
-0.02166748
-0.02502441
-0.02593994
-0.02380371
-0.01831055
-0.00946045
 0.00122070
 0.01220703
 0.02197266
 0.02868652
 0.03173828
 0.03112793
 0.02777100
 0.02258301
 0.01647949
 0.01098633
 0.00701904
 0.00488281
 0.00457764
 0.00671387
 0.01098633
 0.01708984
 0.02410889
 0.03143311
 0.03753662
 0.04150391
 0.04241943
 0.03997803
 0.03356934
 0.02441406
 0.01342773
 0.00244141
-0.00793457
-0.01525879
-0.01953125
-0.01983643
-0.01647949
-0.01037598
-0.00274658
 0.00518799
 0.01159668
 0.01556396
 0.01708984
 0.01586914
 0.01281738
 0.00885010
 0.00457764
 0.00061035
-0.00305176
-0.00640869
-0.00976563
-0.01220703
-0.01342773
-0.01281738
-0.00976563
-0.00457764
 0.00244141
 0.00976563
 0.01556396
 0.01800537
 0.01647949
 0.01068115
 0.00122070
-0.00946045
-0.01922607
-0.02624512
-0.02868652
-0.02685547
-0.02105713
-0.01281738
-0.00427246
 0.00335693
 0.01007080
 0.01556396
 0.02044678
 0.02532959
 0.03051758
 0.03509521
 0.03845215
 0.03936768
 0.03692627
 0.03173828
 0.02441406
 0.01678467
 0.01007080
 0.00610352
 0.00518799
 0.00701904
 0.01068115
 0.01434326
 0.01678467
 0.01647949
 0.01312256
 0.00732422
-0.00030518
-0.00823975
-0.01586914
-0.02258301
-0.02838135
-0.03265381
-0.03601074
-0.03814697
-0.03814697
-0.03601074
-0.03143311
-0.02471924
-0.01647949
-0.00793457
 0.00000000
 0.00549316
 0.00885010
 0.00885010
 0.00610352
 0.00091553
-0.00610352
-0.01403809
-0.02136230
-0.02716064
-0.03051758
-0.03021240
-0.02716064
-0.02197266
-0.01525879
-0.00885010
-0.00335693
 0.00091553
 0.00335693
 0.00457764
 0.00427246
 0.00213623
-0.00152588
-0.00671387
-0.01281738
-0.01892090
-0.02380371
-0.02563477
-0.02380371
-0.01800537
-0.00885010
 0.00244141
 0.01403809
 0.02471924
 0.03295898
 0.03784180
 0.03875732
 0.03631592
 0.03082275
 0.02319336
 0.01434326
 0.00549316
-0.00213623
-0.00793457
-0.01159668
-0.01281738
-0.01129150
-0.00671387
 0.00000000
 0.00823975
 0.01678467
 0.02410889
 0.02899170
 0.02960205
 0.02593994
 0.01800537
 0.00762939
-0.00366211
-0.01403809
-0.02258301
-0.02777100
-0.03021240
-0.02929688
-0.02593994
-0.02014160
-0.01251221
-0.00366211
 0.00518799
 0.01281738
 0.01800537
 0.01983643
 0.01800537
 0.01281738
 0.00457764
-0.00457764
-0.01373291
-0.02105713
-0.02593994
-0.02746582
-0.02502441
-0.01892090
-0.00976563
 0.00091553
 0.01159668
 0.02075195
 0.02685547
 0.02899170
 0.02655029
 0.02044678
 0.01129150
 0.00091553
-0.00946045
-0.01800537
-0.02380371
-0.02593994
-0.02410889
-0.01831055
-0.00946045
 0.00152588
 0.01312256
 0.02410889
 0.03265381
 0.03723145
 0.03753662
 0.03295898
 0.02410889
 0.01190186
-0.00152588
-0.01434326
-0.02410889
-0.02990723
-0.03051758
-0.02685547
-0.01953125
-0.01037598
-0.00091553
 0.00732422
 0.01342773
 0.01708984
 0.01831055
 0.01678467
 0.01251221
 0.00549316
-0.00366211
-0.01403809
-0.02410889
-0.03204346
-0.03601074
-0.03509521
-0.02868652
-0.01861572
-0.00610352
 0.00640869
 0.01647949
 0.02288818
 0.02532959
 0.02349854
 0.01892090
 0.01190186
 0.00366211
-0.00457764
-0.01251221
-0.01922607
-0.02380371
-0.02593994
-0.02502441
-0.02014160
-0.01220703
-0.00183105
 0.00915527
 0.01922607
 0.02655029
 0.02960205
 0.02777100
 0.02197266
 0.01312256
 0.00305176
-0.00701904
-0.01495361
-0.01983643
-0.02166748
-0.02014160
-0.01556396
-0.00885010
-0.00061035
 0.00823975
 0.01708984
 0.02471924
 0.03021240
 0.03295898
 0.03204346
 0.02746582
 0.02014160
 0.01129150
 0.00213623
-0.00549316
-0.01068115
-0.01251221
-0.01068115
-0.00610352
 0.00091553
 0.00885010
 0.01617432
 0.02258301
 0.02685547
 0.02838135
 0.02685547
 0.02258301
 0.01556396
 0.00640869
-0.00366211
-0.01342773
-0.02197266
-0.02746582
-0.02899170
-0.02655029
-0.01983643
-0.01037598
 0.00061035
 0.01098633
 0.01953125
 0.02471924
 0.02624512
 0.02410889
 0.01892090
 0.01129150
 0.00213623
-0.00732422
-0.01617432
-0.02319336
-0.02716064
-0.02716064
-0.02349854
-0.01647949
-0.00732422
 0.00244141
 0.01037598
 0.01586914
 0.01800537
 0.01617432
 0.01159668
 0.00457764
-0.00366211
-0.01220703
-0.02014160
-0.02716064
-0.03234863
-0.03509521
-0.03448486
-0.03021240
-0.02288818
-0.01251221
-0.00091553
 0.01037598
 0.01953125
 0.02471924
 0.02502441
 0.02105713
 0.01281738
 0.00274658
-0.00701904
-0.01495361
-0.01953125
-0.02014160
-0.01739502
-0.01220703
-0.00579834
 0.00091553
 0.00701904
