-0.00030518
 0.00000000
 0.00000000
 0.00000000
 0.00000000
-0.00030518
-0.00030518
-0.00030518
 0.00000000
 0.00030518
 0.00000000
-0.00030518
-0.00030518
-0.00030518
 0.00000000
 0.00000000
 0.00000000
 0.00000000
 0.00000000
 0.00000000
 0.00000000
-0.00030518
-0.00030518
 0.00000000
 0.00030518
 0.00030518
 0.00030518
 0.00000000
 0.00030518
 0.00030518
 0.00030518
 0.00030518
 0.00030518
-0.00030518
-0.00030518
-0.00061035
-0.00030518
-0.00030518
 0.00000000
 0.00000000
 0.00000000
-0.00030518
-0.00030518
-0.00030518
 0.00000000
 0.00000000
 0.00030518
 0.00061035
 0.00030518
 0.00030518
 0.00030518
 0.00000000
 0.00000000
 0.00000000
-0.00030518
-0.00030518
 0.00000000
 0.00030518
 0.00030518
 0.00030518
 0.00000000
 0.00000000
 0.00000000
 0.00030518
 0.00030518
 0.00000000
 0.00000000
 0.00000000
 0.00000000
 0.00030518
 0.00091553
 0.00061035
 0.00030518
 0.00030518
 0.00030518
 0.00030518
 0.00061035
 0.00061035
 0.00091553
 0.00061035
 0.00000000
-0.00030518
 0.00030518
 0.00030518
 0.00030518
 0.00030518
 0.00030518
-0.00030518
-0.00030518
 0.00000000
 0.00061035
 0.00091553
 0.00061035
 0.00061035
 0.00091553
 0.00305176
 0.00946045
 0.02319336
 0.04364014
 0.06469727
 0.07415771
 0.05737305
 0.01464844
-0.03417969
-0.07141113
-0.08758545
-0.07873535
-0.04821777
 0.00000000
 0.06561279
 0.14770508
 0.23590088
 0.30242920
 0.30059814
 0.15686035
-0.05279541
-0.15167236
-0.07720947
 0.05798340
 0.08972168
-0.04150391
-0.27954102
-0.44281006
-0.41168213
-0.31677246
-0.22796631
-0.11810303
-0.01892090
 0.06805420
 0.15197754
 0.21453857
 0.21423340
 0.12359619
 0.02563477
-0.02899170
-0.06774902
-0.09826660
-0.09826660
-0.09887695
-0.15045166
-0.19714355
-0.12542725
 0.04669189
 0.22644043
 0.36590576
 0.30242920
 0.24749756
 0.15441895
 0.08972168
 0.06530762
-0.01861572
-0.21362305
-0.39367676
-0.44952393
-0.35491943
-0.24078369
-0.11474609
 0.03448486
 0.16418457
 0.22003174
 0.20782471
 0.16784668
 0.14068604
 0.13214111
 0.09918213
 0.02990723
-0.02532959
-0.04241943
-0.05920410
-0.12115479
-0.22308350
-0.28106689
-0.26092529
-0.17730713
-0.02624512
 0.19226074
 0.41839600
 0.44036865
 0.26123047
-0.02441406
-0.34210205
-0.46722412
-0.39062500
-0.21301270
-0.09460449
-0.09643555
-0.18646240
-0.32409668
-0.28289795
-0.09460449
 0.22186279
 0.65124512
 0.98449707
 1.09466553
 0.94268799
 0.64880371
 0.33203125
-0.04333496
-0.40405273
-0.64117432
-0.73333740
-0.72418213
-0.64727783
-0.50140381
-0.29449463
-0.07476807
 0.11016846
 0.22888184
 0.28686523
 0.31372070
 0.30731201
 0.26672363
 0.20294189
 0.11108398
-0.01708984
-0.17333984
-0.34332275
-0.50811768
-0.61828613
-0.61370850
-0.48126221
-0.29144287
-0.05584717
 0.24383545
 0.51788330
 0.66772461
 0.68389893
 0.56762695
 0.39459229
 0.26794434
 0.10314941
-0.07293701
-0.29968262
-0.55603027
-0.76995850
-0.84289551
-0.74981689
-0.50994873
-0.20782471
 0.16174316
 0.56182861
 0.80169678
 0.88836670
 0.82092285
 0.61676025
 0.32562256
-0.00885010
-0.30242920
-0.47790527
-0.50018311
-0.40130615
-0.29357910
-0.19927979
-0.13336182
-0.06195068
 0.06378174
 0.24627686
 0.43914795
 0.55358887
 0.50628662
 0.35736084
 0.19042969
-0.04455566
-0.24871826
-0.40527344
-0.47363281
-0.46630859
-0.39306641
-0.29327393
-0.13763428
 0.04943848
 0.22918701
 0.36499023
 0.36865234
 0.34271240
 0.27160645
 0.19348145
 0.15258789
 0.10192871
-0.00732422
-0.15625000
-0.28442383
-0.36163330
-0.34576416
-0.26580811
-0.12969971
 0.04028320
 0.20324707
 0.36804199
 0.39947510
 0.36468506
 0.31555176
 0.18798828
 0.03784180
-0.06530762
-0.11230469
-0.10833740
-0.07720947
-0.04852295
-0.04119873
-0.05706787
-0.06805420
-0.03143311
 0.05096436
 0.15838623
 0.27832031
 0.33630371
 0.32989502
 0.28259277
 0.15716553
 0.03112793
-0.05035400
-0.10345459
-0.14282227
-0.16967773
-0.17852783
-0.16357422
-0.12573242
-0.07141113
-0.00579834
 0.06500244
 0.13305664
 0.18737793
 0.21148682
 0.17120361
 0.07446289
-0.03204346
-0.11810303
-0.18585205
-0.22857666
-0.24414063
-0.23834229
-0.21545410
-0.17211914
-0.10345459
-0.01586914
 0.06835938
 0.12725830
 0.14312744
 0.08789063
-0.01922607
-0.11840820
-0.17944336
-0.21514893
-0.23223877
-0.23162842
-0.21331787
-0.17822266
-0.12603760
-0.05920410
 0.01922607
 0.10345459
 0.18615723
 0.25299072
 0.28656006
 0.24719238
 0.13366699
 0.00213623
-0.10131836
-0.18280029
-0.24475098
-0.28045654
-0.29113770
-0.27923584
-0.24597168
-0.19531250
-0.12908936
-0.04577637
 0.05340576
 0.15228271
 0.22399902
 0.25848389
 0.23681641
 0.15838623
 0.06042480
-0.02471924
-0.09002686
-0.12451172
-0.12786865
-0.11291504
-0.09155273
-0.07507324
-0.07415771
-0.08544922
-0.08941650
-0.07446289
-0.05004883
-0.03051758
-0.02929688
-0.04333496
-0.05157471
-0.04852295
-0.04425049
-0.04730225
-0.05737305
-0.06286621
-0.05310059
-0.02746582
 0.00671387
 0.04058838
 0.06286621
 0.06774902
 0.06195068
 0.05706787
 0.05584717
 0.05615234
 0.05706787
 0.05737305
 0.05004883
 0.02166748
-0.03448486
-0.10406494
-0.16174316
-0.18859863
-0.18096924
-0.14099121
-0.07202148
 0.02014160
 0.12115479
 0.21423340
 0.27984619
 0.31158447
 0.29479980
 0.23956299
 0.18554688
 0.14556885
 0.10467529
 0.05615234
 0.00640869
-0.03356934
-0.05340576
-0.04638672
-0.00854492
 0.05767822
 0.14465332
 0.23284912
 0.29876709
 0.31829834
 0.25695801
 0.12695313
-0.01586914
-0.12908936
-0.21667480
-0.27404785
-0.29144287
-0.26977539
-0.21392822
-0.12969971
-0.02960205
 0.07354736
 0.17181396
 0.25115967
 0.31127930
 0.32409668
 0.32470703
 0.26031494
 0.14251709
 0.01403809
-0.11505127
-0.22766113
-0.30792236
-0.34027100
-0.31921387
-0.26733398
-0.18585205
-0.08605957
 0.01953125
 0.11871338
 0.19256592
 0.23773193
 0.24597168
 0.20263672
 0.13244629
 0.06439209
-0.00823975
-0.09399414
-0.17913818
-0.24139404
-0.26702881
-0.25177002
-0.19744873
-0.10803223
 0.00427246
 0.11993408
 0.22003174
 0.28717041
 0.30883789
 0.26336670
 0.16326904
 0.05920410
-0.01831055
-0.07873535
-0.11993408
-0.13610840
-0.12847900
-0.10345459
-0.06622314
-0.02136230
 0.02899170
 0.08209229
 0.13031006
 0.15716553
 0.13153076
 0.05004883
-0.05096436
-0.14434814
-0.22613525
-0.29174805
-0.32745361
-0.31524658
-0.27008057
-0.18920898
-0.07720947
 0.04974365
 0.17059326
 0.26733398
 0.32104492
 0.32104492
 0.25085449
 0.14373779
 0.04394531
-0.04943848
-0.14648438
-0.23315430
-0.29541016
-0.32806396
-0.31616211
-0.26916504
-0.18676758
-0.07446289
 0.05004883
 0.16387939
 0.24841309
 0.28717041
 0.26245117
 0.16876221
 0.05432129
-0.03265381
-0.09521484
-0.13732910
-0.15441895
-0.14495850
-0.11322021
-0.06195068
 0.00671387
 0.09002686
 0.18035889
 0.26306152
 0.31677246
 0.32806396
 0.30670166
 0.20202637
 0.07965088
-0.03082275
-0.13000488
-0.20629883
-0.24597168
-0.24719238
-0.21423340
-0.15197754
-0.06835938
 0.02441406
 0.11230469
 0.17852783
 0.22003174
 0.22369385
 0.18035889
 0.11596680
 0.05493164
-0.00701904
-0.07110596
-0.12603760
-0.16174316
-0.17395020
-0.16143799
-0.12634277
-0.07263184
-0.00610352
 0.06439209
 0.12573242
 0.16998291
 0.17974854
 0.14160156
 0.07873535
 0.01953125
-0.03601074
-0.09094238
-0.13885498
-0.17211914
-0.18676758
-0.18066406
-0.15258789
-0.10406494
-0.03875732
 0.03814697
 0.11596680
 0.18066406
 0.22216797
 0.21820068
 0.15563965
 0.06774902
-0.01220703
-0.08361816
-0.14373779
-0.17944336
-0.18493652
-0.16387939
-0.11993408
-0.05676270
 0.02227783
 0.10894775
 0.19012451
 0.25421143
 0.29632568
 0.29571533
 0.24017334
 0.15930176
 0.08026123
 0.00122070
-0.07415771
-0.13000488
-0.15625000
-0.15228271
-0.12054443
-0.06774902
-0.00061035
 0.07080078
 0.13366699
 0.18096924
 0.19989014
 0.17395020
 0.11932373
 0.06530762
 0.01464844
-0.03814697
-0.08514404
-0.11474609
-0.12359619
-0.11260986
-0.08361816
-0.04150391
 0.00732422
 0.05615234
 0.09552002
 0.10955811
 0.08544922
 0.03753662
-0.01373291
-0.06439209
-0.11505127
-0.15777588
-0.18646240
-0.19958496
-0.19714355
-0.17944336
-0.14709473
-0.10253906
-0.04882813
 0.00976563
 0.06866455
 0.12207031
 0.16204834
 0.17211914
 0.14556885
 0.10162354
 0.05737305
 0.01281738
-0.02807617
-0.05798340
-0.07354736
-0.07568359
-0.06591797
-0.04760742
-0.02410889
 0.00305176
 0.03082275
 0.05493164
 0.06896973
 0.06774902
 0.04882813
 0.01464844
-0.02990723
-0.07904053
-0.12542725
-0.16021729
-0.17761230
-0.17578125
-0.15563965
-0.12054443
-0.07568359
-0.02655029
 0.02105713
 0.05889893
 0.07568359
 0.06591797
 0.04180908
 0.01586914
-0.01373291
-0.04882813
-0.08483887
-0.11413574
-0.13183594
-0.13488770
-0.12145996
-0.09246826
-0.05218506
-0.00549316
 0.04150391
 0.08209229
 0.10528564
 0.10314941
 0.08270264
 0.05737305
 0.03173828
 0.00488281
-0.02044678
-0.04028320
-0.05249023
-0.05523682
-0.04852295
-0.03326416
-0.01007080
 0.01892090
 0.05065918
 0.07995605
 0.09948730
 0.10375977
 0.09124756
 0.06744385
 0.03845215
 0.00885010
-0.01739502
-0.03601074
-0.04425049
-0.04180908
-0.03082275
-0.01373291
 0.00610352
 0.02502441
 0.04058838
 0.05035400
 0.05432129
 0.05126953
 0.04150391
 0.02593994
 0.00427246
-0.01953125
-0.04150391
-0.05706787
-0.06317139
-0.05798340
-0.04089355
-0.01373291
 0.01892090
 0.05157471
 0.07781982
 0.09155273
 0.09124756
 0.08239746
 0.06988525
 0.05493164
 0.03845215
 0.02227783
 0.00854492
-0.00122070
-0.00518799
-0.00305176
 0.00427246
 0.01556396
 0.02807617
 0.03936768
 0.04608154
 0.04516602
 0.03601074
 0.02075195
 0.00335693
-0.01525879
-0.03356934
-0.04821777
-0.05645752
-0.05676270
-0.04913330
-0.03570557
-0.01922607
-0.00244141
 0.01129150
 0.02075195
 0.02441406
 0.02319336
 0.01647949
 0.00427246
-0.01190186
-0.02868652
-0.04364014
-0.05554199
-0.06195068
-0.06317139
-0.05798340
-0.04699707
-0.03143311
-0.01220703
 0.00701904
 0.02258301
 0.02960205
 0.02746582
 0.01861572
 0.00732422
-0.00457764
-0.01525879
-0.02471924
-0.03173828
-0.03509521
-0.03326416
-0.02532959
-0.01190186
 0.00579834
 0.02471924
 0.04119873
 0.05187988
 0.05584717
 0.05279541
 0.04333496
 0.02716064
 0.00671387
-0.01586914
-0.03723145
-0.05340576
-0.06225586
-0.06286621
-0.05645752
-0.04486084
-0.02899170
-0.01098633
 0.00762939
 0.02471924
 0.03753662
 0.04516602
 0.04547119
 0.03906250
 0.02685547
 0.01129150
-0.00549316
-0.02166748
-0.03601074
-0.04669189
-0.05065918
-0.04852295
-0.04119873
-0.02990723
-0.01800537
-0.00793457
-0.00091553
 0.00213623
 0.00091553
-0.00366211
-0.01098633
-0.02014160
-0.03021240
-0.04058838
-0.04974365
-0.05523682
-0.05615234
-0.05218506
-0.04241943
-0.02746582
-0.00762939
 0.01312256
 0.03112793
 0.04364014
 0.04913330
 0.04852295
 0.04394531
 0.03692627
 0.02777100
 0.01861572
 0.01190186
 0.00854492
 0.00946045
 0.01495361
 0.02441406
 0.03662109
 0.05004883
 0.06286621
 0.07385254
 0.08209229
 0.08605957
 0.08422852
 0.07476807
 0.06011963
 0.04302979
 0.02655029
 0.01342773
 0.00579834
 0.00518799
 0.01129150
 0.02197266
 0.03387451
 0.04455566
 0.05187988
 0.05523682
 0.05493164
 0.05126953
 0.04425049
 0.03387451
 0.01983643
 0.00305176
-0.01525879
-0.03204346
-0.04425049
-0.05065918
-0.05004883
-0.04272461
-0.03021240
-0.01464844
 0.00122070
 0.01342773
 0.01953125
 0.01953125
 0.01495361
 0.00854492
 0.00152588
-0.00549316
-0.01129150
-0.01464844
-0.01525879
-0.01220703
-0.00549316
 0.00396729
 0.01586914
 0.02838135
 0.04119873
 0.05310059
 0.06256104
 0.06713867
 0.06652832
 0.06072998
 0.05035400
 0.03784180
 0.02441406
 0.01251221
 0.00274658
-0.00366211
-0.00610352
-0.00549316
-0.00244141
 0.00183105
 0.00579834
 0.00915527
 0.01037598
 0.00976563
 0.00762939
 0.00396729
-0.00183105
-0.01068115
-0.02075195
-0.03112793
-0.04028320
-0.04516602
-0.04455566
-0.03906250
-0.02960205
-0.01861572
-0.00793457
 0.00061035
 0.00701904
 0.01159668
 0.01342773
 0.01220703
 0.00885010
 0.00366211
-0.00122070
-0.00579834
-0.00915527
-0.01129150
-0.01281738
-0.01220703
-0.00854492
-0.00305176
 0.00396729
 0.01068115
 0.01525879
 0.01586914
 0.01251221
 0.00549316
-0.00305176
-0.01220703
-0.02044678
-0.02746582
-0.03204346
-0.03448486
-0.03479004
-0.03326416
-0.03082275
-0.02685547
-0.02258301
-0.01800537
-0.01434326
-0.01220703
-0.01281738
-0.01708984
-0.02410889
-0.03204346
-0.03906250
-0.04333496
-0.04516602
-0.04516602
-0.04241943
-0.03723145
-0.03021240
-0.02197266
-0.01373291
-0.00640869
-0.00152588
 0.00122070
 0.00213623
 0.00183105
 0.00030518
-0.00183105
-0.00457764
-0.00762939
-0.01037598
-0.01129150
-0.01037598
-0.00823975
-0.00488281
 0.00000000
 0.00518799
 0.01068115
 0.01434326
 0.01556396
 0.01434326
 0.01098633
 0.00610352
 0.00122070
-0.00244141
-0.00549316
-0.00762939
-0.00915527
-0.00976563
-0.01037598
-0.01129150
-0.01251221
-0.01525879
-0.01983643
-0.02655029
-0.03570557
-0.04486084
-0.05493164
-0.06439209
-0.07293701
-0.07934570
-0.08209229
-0.07995605
-0.07232666
-0.06103516
-0.04852295
-0.03662109
-0.02655029
-0.01861572
-0.01281738
-0.00885010
-0.00640869
-0.00579834
-0.00671387
-0.00823975
-0.00946045
-0.00854492
-0.00549316
 0.00061035
 0.00915527
 0.01892090
 0.02868652
 0.03814697
 0.04608154
 0.05157471
 0.05371094
 0.05187988
 0.04699707
 0.04058838
 0.03356934
 0.02655029
 0.02075195
 0.01586914
 0.01190186
 0.01037598
 0.01220703
 0.01708984
 0.02441406
 0.03295898
 0.04028320
 0.04394531
 0.04364014
 0.03967285
 0.03265381
 0.02319336
 0.01281738
 0.00183105
-0.00854492
-0.01708984
-0.02258301
-0.02502441
-0.02410889
-0.02136230
-0.01739502
-0.01281738
-0.00762939
-0.00244141
 0.00091553
 0.00152588
-0.00061035
-0.00488281
-0.01007080
-0.01556396
-0.01983643
-0.02258301
-0.02288818
-0.02044678
-0.01495361
-0.00762939
 0.00000000
 0.00762939
 0.01434326
 0.01983643
 0.02319336
 0.02502441
 0.02380371
 0.01983643
 0.01373291
 0.00671387
-0.00091553
-0.00854492
-0.01434326
-0.01800537
-0.01861572
-0.01617432
-0.01037598
-0.00366211
 0.00274658
 0.00823975
 0.01129150
 0.01220703
 0.01159668
 0.00976563
 0.00701904
 0.00335693
-0.00030518
-0.00396729
-0.00671387
-0.00915527
-0.00946045
-0.00793457
-0.00488281
-0.00061035
 0.00396729
 0.00762939
 0.00885010
 0.00762939
 0.00427246
-0.00091553
-0.00793457
-0.01617432
-0.02502441
-0.03234863
-0.03784180
-0.04150391
-0.04241943
-0.04180908
-0.04058838
-0.03814697
-0.03417969
-0.02868652
-0.02197266
-0.01525879
-0.00976563
-0.00579834
-0.00427246
-0.00457764
-0.00518799
-0.00610352
-0.00671387
-0.00671387
-0.00579834
-0.00366211
-0.00061035
 0.00213623
 0.00427246
 0.00549316
 0.00518799
 0.00427246
 0.00335693
 0.00213623
 0.00061035
-0.00122070
-0.00335693
-0.00488281
-0.00549316
-0.00427246
-0.00122070
 0.00366211
 0.00946045
 0.01617432
 0.02288818
 0.02868652
 0.03326416
 0.03723145
 0.03997803
 0.03997803
 0.03753662
 0.03326416
 0.02777100
 0.02258301
 0.01739502
 0.01281738
 0.00946045
 0.00762939
 0.00732422
 0.00762939
 0.00854492
 0.00946045
 0.01098633
 0.01312256
 0.01525879
 0.01770020
 0.01983643
 0.02136230
 0.02258301
 0.02380371
 0.02471924
 0.02593994
 0.02807617
 0.03021240
 0.03204346
 0.03265381
 0.03326416
 0.03356934
 0.03356934
 0.03295898
 0.03265381
 0.03265381
 0.03143311
 0.02899170
 0.02624512
 0.02288818
 0.01922607
 0.01617432
 0.01403809
 0.01342773
 0.01373291
 0.01434326
 0.01434326
 0.01434326
 0.01525879
 0.01739502
 0.02075195
 0.02471924
 0.02807617
 0.03051758
 0.03173828
 0.03234863
 0.03204346
 0.03112793
 0.02929688
 0.02685547
 0.02471924
 0.02227783
 0.01983643
 0.01708984
 0.01403809
 0.01068115
 0.00793457
 0.00640869
 0.00610352
 0.00640869
 0.00671387
 0.00762939
 0.00976563
 0.01159668
 0.01342773
 0.01495361
 0.01647949
 0.01708984
 0.01617432
 0.01434326
 0.01281738
 0.01098633
 0.00885010
 0.00579834
 0.00152588
-0.00366211
-0.00854492
-0.01342773
-0.01678467
-0.01831055
-0.01800537
-0.01739502
-0.01647949
-0.01586914
-0.01556396
-0.01647949
-0.01831055
-0.01983643
-0.02105713
-0.02136230
-0.02136230
-0.02105713
-0.01983643
-0.01831055
-0.01678467
-0.01495361
-0.01281738
-0.01098633
-0.00946045
-0.00762939
-0.00610352
-0.00518799
-0.00549316
-0.00762939
-0.01037598
-0.01342773
-0.01647949
-0.01983643
-0.02227783
-0.02349854
-0.02410889
-0.02410889
-0.02349854
-0.02258301
-0.02166748
-0.02075195
-0.02044678
-0.02014160
-0.01922607
-0.01739502
-0.01586914
-0.01556396
-0.01586914
-0.01770020
-0.02044678
-0.02319336
-0.02655029
-0.02990723
-0.03234863
-0.03356934
-0.03356934
-0.03326416
-0.03356934
-0.03448486
-0.03540039
-0.03540039
-0.03540039
-0.03509521
-0.03509521
-0.03509521
-0.03540039
-0.03540039
-0.03417969
-0.03265381
-0.03051758
-0.02746582
-0.02349854
-0.01922607
-0.01464844
-0.00976563
-0.00610352
-0.00396729
-0.00244141
-0.00183105
-0.00183105
-0.00274658
-0.00427246
-0.00640869
-0.00885010
-0.01037598
-0.01129150
-0.01129150
-0.01068115
-0.00885010
-0.00671387
-0.00457764
-0.00152588
 0.00152588
 0.00457764
 0.00762939
 0.01037598
 0.01251221
 0.01464844
 0.01647949
 0.01770020
 0.01800537
 0.01770020
 0.01678467
 0.01556396
 0.01556396
 0.01586914
 0.01586914
 0.01556396
 0.01464844
 0.01373291
 0.01190186
 0.01037598
 0.00823975
 0.00518799
 0.00152588
-0.00244141
-0.00640869
-0.01007080
-0.01281738
-0.01525879
-0.01647949
-0.01678467
-0.01586914
-0.01342773
-0.01037598
-0.00671387
-0.00305176
 0.00030518
 0.00366211
 0.00610352
 0.00762939
 0.00762939
 0.00671387
 0.00549316
 0.00366211
 0.00152588
-0.00061035
-0.00152588
-0.00183105
-0.00091553
 0.00091553
 0.00366211
 0.00610352
 0.00823975
 0.01037598
 0.01281738
 0.01586914
 0.01831055
 0.02044678
 0.02166748
 0.02227783
 0.02197266
 0.02136230
 0.02105713
 0.02136230
 0.02258301
 0.02380371
 0.02532959
 0.02624512
 0.02624512
 0.02563477
 0.02349854
 0.02044678
 0.01617432
 0.01129150
 0.00518799
-0.00152588
-0.00732422
-0.01312256
-0.01861572
-0.02319336
-0.02624512
-0.02685547
-0.02502441
-0.02197266
-0.01800537
-0.01403809
-0.01007080
-0.00671387
-0.00488281
-0.00427246
-0.00549316
-0.00762939
-0.01129150
-0.01495361
-0.01831055
-0.02136230
-0.02288818
-0.02258301
-0.02136230
-0.01892090
-0.01647949
-0.01312256
-0.00915527
-0.00549316
-0.00396729
-0.00457764
-0.00610352
-0.00823975
-0.01098633
-0.01342773
-0.01464844
-0.01495361
-0.01312256
-0.00976563
-0.00518799
 0.00030518
 0.00610352
 0.01220703
 0.01800537
 0.02288818
 0.02624512
 0.02746582
 0.02624512
 0.02288818
 0.01861572
 0.01373291
 0.00823975
 0.00335693
-0.00122070
-0.00518799
-0.00823975
-0.00976563
-0.01037598
-0.01068115
-0.01068115
-0.01007080
-0.00946045
-0.00885010
-0.00823975
-0.00793457
-0.00793457
-0.00762939
-0.00854492
-0.00976563
-0.01098633
-0.01190186
-0.01190186
-0.01068115
-0.00915527
-0.00732422
-0.00579834
-0.00457764
-0.00335693
-0.00366211
-0.00427246
-0.00518799
-0.00701904
-0.00915527
-0.01129150
-0.01251221
-0.01312256
-0.01373291
-0.01403809
-0.01312256
-0.01098633
-0.00671387
-0.00091553
 0.00579834
 0.01312256
 0.01922607
 0.02441406
 0.02868652
 0.03082275
 0.03112793
 0.02990723
 0.02807617
 0.02624512
 0.02471924
 0.02319336
 0.02105713
 0.01892090
 0.01678467
 0.01586914
 0.01525879
 0.01495361
 0.01495361
 0.01556396
 0.01586914
 0.01525879
 0.01403809
 0.01190186
 0.00885010
 0.00549316
 0.00244141
-0.00030518
-0.00213623
-0.00213623
 0.00000000
 0.00335693
 0.00671387
 0.00946045
 0.01159668
 0.01281738
 0.01312256
 0.01220703
 0.01007080
 0.00701904
 0.00366211
 0.00000000
-0.00427246
-0.00885010
-0.01220703
-0.01373291
-0.01373291
-0.01129150
-0.00732422
-0.00244141
 0.00244141
 0.00610352
 0.00823975
 0.00854492
 0.00885010
 0.00946045
 0.01007080
 0.01037598
 0.01068115
 0.01159668
 0.01281738
 0.01434326
 0.01647949
 0.01922607
 0.02197266
 0.02410889
 0.02532959
 0.02563477
 0.02532959
 0.02380371
 0.02075195
 0.01770020
 0.01495361
 0.01312256
 0.01159668
 0.01007080
 0.00946045
 0.00946045
 0.00946045
 0.00915527
 0.00915527
 0.00854492
 0.00762939
 0.00732422
 0.00701904
 0.00610352
 0.00518799
 0.00366211
 0.00152588
 0.00000000
-0.00152588
-0.00244141
-0.00244141
-0.00244141
-0.00183105
-0.00152588
-0.00152588
-0.00183105
-0.00305176
-0.00396729
-0.00488281
-0.00518799
-0.00488281
-0.00488281
-0.00579834
-0.00732422
-0.01037598
-0.01312256
-0.01495361
-0.01586914
-0.01556396
-0.01403809
-0.01220703
-0.01037598
-0.00854492
-0.00610352
-0.00427246
-0.00335693
-0.00274658
-0.00244141
-0.00274658
-0.00274658
-0.00305176
-0.00335693
-0.00427246
-0.00549316
-0.00671387
-0.00793457
-0.00885010
-0.00854492
-0.00732422
-0.00579834
-0.00457764
-0.00366211
-0.00274658
-0.00274658
-0.00366211
-0.00488281
-0.00549316
-0.00610352
-0.00640869
-0.00579834
-0.00457764
-0.00396729
-0.00396729
-0.00457764
-0.00488281
-0.00488281
-0.00488281
-0.00457764
-0.00427246
-0.00457764
-0.00579834
-0.00762939
-0.01037598
-0.01281738
-0.01403809
-0.01403809
-0.01403809
-0.01342773
-0.01220703
-0.01129150
-0.01007080
-0.00885010
-0.00793457
-0.00701904
-0.00549316
-0.00457764
-0.00457764
-0.00488281
-0.00579834
-0.00640869
-0.00701904
-0.00762939
-0.00854492
-0.00885010
-0.00915527
-0.00854492
-0.00762939
-0.00732422
-0.00640869
-0.00640869
-0.00671387
-0.00701904
-0.00732422
-0.00701904
-0.00549316
-0.00396729
-0.00244141
-0.00152588
-0.00061035
 0.00061035
 0.00183105
 0.00335693
 0.00549316
 0.00793457
 0.01129150
 0.01525879
 0.01831055
 0.02014160
 0.02136230
 0.02197266
 0.02227783
 0.02227783
 0.02136230
 0.01983643
 0.01800537
 0.01647949
 0.01434326
 0.01190186
 0.01007080
 0.00915527
 0.00915527
 0.00946045
 0.00946045
 0.00885010
 0.00762939
 0.00701904
 0.00610352
 0.00549316
 0.00457764
 0.00305176
 0.00061035
-0.00244141
-0.00488281
-0.00640869
-0.00793457
-0.00946045
-0.01068115
-0.01220703
-0.01342773
-0.01434326
-0.01525879
-0.01678467
-0.01861572
-0.02105713
-0.02319336
-0.02471924
-0.02532959
-0.02563477
-0.02532959
-0.02441406
-0.02380371
-0.02197266
-0.01922607
-0.01586914
-0.01190186
-0.00823975
-0.00488281
-0.00274658
-0.00061035
 0.00091553
 0.00152588
 0.00183105
 0.00061035
-0.00091553
-0.00244141
-0.00335693
-0.00366211
-0.00366211
-0.00396729
-0.00396729
-0.00366211
-0.00305176
-0.00274658
-0.00213623
-0.00183105
-0.00274658
-0.00335693
-0.00427246
-0.00549316
-0.00701904
-0.00823975
-0.00823975
-0.00762939
-0.00701904
-0.00610352
-0.00457764
-0.00335693
-0.00305176
-0.00305176
-0.00366211
-0.00457764
-0.00610352
-0.00854492
-0.01129150
-0.01403809
-0.01617432
-0.01800537
-0.01922607
-0.02044678
-0.02105713
-0.02166748
-0.02136230
-0.02044678
-0.01953125
-0.01861572
-0.01831055
-0.01770020
-0.01708984
-0.01708984
-0.01647949
-0.01556396
-0.01403809
-0.01159668
-0.00854492
-0.00549316
-0.00274658
-0.00030518
 0.00213623
 0.00457764
 0.00640869
 0.00793457
 0.00854492
 0.00885010
 0.00976563
 0.01129150
 0.01251221
 0.01312256
 0.01342773
 0.01464844
 0.01617432
 0.01861572
 0.02105713
 0.02258301
 0.02349854
 0.02410889
 0.02502441
 0.02593994
 0.02655029
 0.02655029
 0.02502441
 0.02380371
 0.02349854
 0.02349854
 0.02349854
 0.02349854
 0.02319336
 0.02258301
 0.02166748
 0.02075195
 0.01953125
 0.01800537
 0.01617432
 0.01464844
 0.01312256
 0.01098633
 0.00885010
 0.00610352
 0.00427246
 0.00366211
 0.00335693
 0.00274658
 0.00274658
 0.00335693
 0.00396729
 0.00488281
 0.00518799
 0.00549316
 0.00549316
 0.00610352
 0.00640869
 0.00701904
 0.00701904
 0.00610352
 0.00518799
 0.00457764
 0.00488281
 0.00518799
 0.00579834
 0.00671387
 0.00732422
 0.00793457
 0.00946045
 0.01098633
 0.01251221
 0.01373291
 0.01403809
 0.01342773
 0.01220703
 0.01098633
 0.00976563
 0.00793457
 0.00518799
 0.00305176
 0.00183105
 0.00213623
 0.00335693
 0.00518799
 0.00732422
 0.00946045
 0.01098633
 0.01129150
 0.01159668
 0.01098633
 0.00946045
 0.00701904
 0.00366211
 0.00000000
-0.00305176
-0.00488281
-0.00579834
-0.00640869
-0.00671387
-0.00640869
-0.00579834
-0.00549316
-0.00488281
-0.00427246
-0.00396729
-0.00457764
-0.00579834
-0.00732422
-0.00946045
-0.01068115
-0.01190186
-0.01251221
-0.01312256
-0.01373291
-0.01373291
-0.01342773
-0.01251221
-0.01159668
-0.01098633
-0.01007080
-0.00976563
-0.00976563
-0.00946045
-0.01007080
-0.01220703
-0.01373291
-0.01495361
-0.01586914
-0.01617432
-0.01586914
-0.01525879
-0.01434326
-0.01342773
-0.01159668
-0.00915527
-0.00610352
-0.00335693
-0.00122070
 0.00000000
 0.00030518
-0.00030518
-0.00152588
-0.00305176
-0.00427246
-0.00488281
-0.00488281
-0.00457764
-0.00366211
-0.00152588
 0.00152588
 0.00488281
 0.00823975
 0.01159668
 0.01464844
 0.01586914
 0.01556396
 0.01464844
 0.01342773
 0.01129150
 0.00976563
 0.00885010
 0.00793457
 0.00701904
 0.00610352
 0.00671387
 0.00823975
 0.01037598
 0.01220703
 0.01312256
 0.01281738
 0.01098633
 0.00854492
 0.00579834
 0.00274658
-0.00030518
-0.00366211
-0.00640869
-0.00762939
-0.00823975
-0.00854492
-0.00854492
-0.00854492
-0.00793457
-0.00701904
-0.00579834
-0.00427246
-0.00335693
-0.00305176
-0.00366211
-0.00518799
-0.00732422
-0.00915527
-0.01037598
-0.01098633
-0.01129150
-0.01098633
-0.01007080
-0.00854492
-0.00671387
-0.00366211
-0.00030518
 0.00305176
 0.00549316
 0.00732422
 0.00854492
 0.00915527
 0.00854492
 0.00732422
 0.00457764
 0.00152588
-0.00091553
-0.00152588
-0.00091553
 0.00000000
 0.00213623
 0.00457764
 0.00732422
 0.00915527
 0.01037598
 0.01159668
 0.01159668
 0.01037598
 0.00793457
 0.00518799
 0.00244141
-0.00061035
-0.00366211
-0.00610352
-0.00793457
-0.00915527
-0.00915527
-0.00854492
-0.00701904
-0.00549316
-0.00427246
-0.00396729
-0.00457764
-0.00640869
-0.00885010
-0.01190186
-0.01525879
-0.01739502
-0.01892090
-0.01983643
-0.01953125
-0.01922607
-0.01770020
-0.01525879
-0.01281738
-0.01068115
-0.00854492
-0.00701904
-0.00579834
-0.00488281
-0.00518799
-0.00671387
-0.00915527
-0.01129150
-0.01312256
-0.01434326
-0.01495361
-0.01495361
-0.01342773
-0.01098633
-0.00854492
-0.00610352
-0.00396729
-0.00183105
 0.00030518
 0.00183105
 0.00183105
 0.00122070
 0.00030518
-0.00091553
-0.00213623
-0.00274658
-0.00366211
-0.00396729
-0.00335693
-0.00244141
-0.00061035
 0.00122070
 0.00305176
 0.00457764
 0.00579834
 0.00671387
 0.00610352
 0.00457764
 0.00213623
-0.00030518
-0.00244141
-0.00427246
-0.00549316
-0.00610352
-0.00610352
-0.00549316
-0.00488281
-0.00396729
-0.00305176
-0.00183105
 0.00000000
 0.00152588
 0.00244141
 0.00244141
 0.00183105
 0.00122070
 0.00061035
 0.00030518
 0.00000000
 0.00030518
 0.00122070
 0.00183105
 0.00183105
 0.00244141
 0.00366211
 0.00518799
 0.00671387
 0.00793457
 0.00915527
 0.00946045
 0.00915527
 0.00823975
 0.00732422
 0.00671387
 0.00579834
 0.00549316
 0.00640869
 0.00823975
 0.01007080
 0.01190186
 0.01403809
 0.01678467
 0.02014160
 0.02258301
 0.02380371
 0.02410889
 0.02288818
 0.02136230
 0.01953125
 0.01708984
 0.01525879
 0.01403809
 0.01373291
 0.01312256
 0.01281738
 0.01312256
 0.01403809
 0.01525879
 0.01586914
 0.01617432
 0.01525879
 0.01373291
 0.01129150
 0.00854492
 0.00610352
 0.00396729
 0.00274658
 0.00152588
 0.00183105
 0.00244141
 0.00427246
 0.00549316
 0.00610352
 0.00701904
 0.00823975
 0.00946045
 0.00885010
 0.00762939
 0.00579834
 0.00335693
 0.00091553
-0.00030518
-0.00122070
-0.00183105
-0.00244141
-0.00244141
-0.00091553
 0.00122070
 0.00305176
 0.00488281
 0.00610352
 0.00701904
 0.00701904
 0.00640869
 0.00457764
 0.00213623
 0.00030518
-0.00152588
-0.00244141
-0.00335693
-0.00366211
-0.00335693
-0.00274658
-0.00213623
-0.00152588
-0.00091553
-0.00091553
-0.00213623
-0.00366211
-0.00549316
-0.00823975
-0.01098633
-0.01342773
-0.01495361
-0.01617432
-0.01617432
-0.01617432
-0.01525879
-0.01403809
-0.01251221
-0.01098633
-0.00946045
-0.00793457
-0.00701904
-0.00732422
-0.00823975
-0.00976563
-0.01129150
-0.01281738
-0.01403809
-0.01434326
-0.01434326
-0.01495361
-0.01464844
-0.01342773
-0.01159668
-0.01098633
-0.01007080
-0.00915527
-0.00885010
-0.00915527
-0.01007080
-0.01129150
-0.01251221
-0.01312256
-0.01403809
-0.01464844
-0.01525879
-0.01495361
-0.01373291
-0.01190186
-0.01007080
-0.00793457
-0.00610352
-0.00488281
-0.00427246
-0.00396729
-0.00396729
-0.00488281
-0.00579834
-0.00671387
-0.00732422
-0.00793457
-0.00823975
-0.00793457
-0.00671387
-0.00518799
-0.00396729
-0.00213623
 0.00000000
 0.00183105
 0.00335693
 0.00335693
 0.00335693
 0.00366211
 0.00366211
 0.00335693
 0.00213623
 0.00183105
 0.00244141
 0.00366211
 0.00518799
 0.00640869
 0.00762939
 0.00885010
 0.01037598
 0.01068115
 0.01098633
 0.01037598
 0.00915527
 0.00732422
 0.00579834
 0.00457764
 0.00335693
 0.00244141
 0.00183105
 0.00152588
 0.00152588
 0.00244141
 0.00396729
 0.00579834
 0.00671387
 0.00701904
 0.00732422
 0.00762939
 0.00793457
 0.00732422
 0.00640869
 0.00549316
 0.00457764
 0.00335693
 0.00244141
 0.00213623
 0.00244141
 0.00335693
 0.00427246
 0.00549316
 0.00671387
 0.00762939
 0.00854492
 0.00915527
 0.00885010
 0.00762939
 0.00640869
 0.00549316
 0.00396729
 0.00305176
 0.00213623
 0.00213623
 0.00274658
 0.00427246
 0.00640869
 0.00915527
 0.01129150
 0.01281738
 0.01312256
 0.01281738
 0.01281738
 0.01220703
 0.01037598
 0.00823975
 0.00610352
 0.00366211
 0.00213623
 0.00213623
 0.00274658
 0.00366211
 0.00518799
 0.00671387
 0.00732422
 0.00762939
 0.00701904
 0.00610352
 0.00427246
 0.00213623
 0.00030518
-0.00122070
-0.00274658
-0.00396729
-0.00457764
-0.00457764
-0.00366211
-0.00244141
-0.00061035
 0.00183105
 0.00366211
 0.00427246
 0.00366211
 0.00244141
 0.00000000
-0.00274658
-0.00549316
-0.00793457
-0.01037598
-0.01220703
-0.01373291
-0.01403809
-0.01342773
-0.01281738
-0.01190186
-0.01037598
-0.00885010
-0.00732422
-0.00640869
-0.00610352
-0.00610352
-0.00640869
-0.00671387
-0.00701904
-0.00701904
-0.00671387
-0.00579834
-0.00518799
-0.00427246
-0.00274658
-0.00091553
 0.00091553
 0.00152588
 0.00122070
 0.00000000
-0.00122070
-0.00213623
-0.00305176
-0.00396729
-0.00549316
-0.00671387
-0.00762939
-0.00793457
-0.00762939
-0.00640869
-0.00488281
-0.00335693
-0.00244141
-0.00183105
-0.00213623
-0.00244141
-0.00335693
-0.00457764
-0.00549316
-0.00671387
-0.00762939
-0.00885010
-0.00976563
-0.01007080
-0.00976563
-0.00915527
-0.00823975
-0.00732422
-0.00701904
-0.00671387
-0.00732422
-0.00885010
-0.01007080
-0.01098633
-0.01129150
-0.01159668
-0.01190186
-0.01190186
-0.01129150
-0.01037598
-0.00823975
-0.00518799
-0.00244141
-0.00030518
 0.00152588
 0.00274658
 0.00396729
 0.00396729
 0.00335693
 0.00274658
 0.00213623
 0.00152588
 0.00122070
 0.00122070
 0.00152588
 0.00244141
 0.00366211
 0.00549316
 0.00732422
 0.00915527
 0.01037598
 0.01129150
 0.01159668
 0.01129150
 0.01037598
 0.00946045
 0.00793457
 0.00671387
 0.00549316
 0.00427246
 0.00396729
 0.00396729
 0.00488281
 0.00701904
 0.00915527
 0.01068115
 0.01159668
 0.01251221
 0.01251221
 0.01159668
 0.00976563
 0.00762939
 0.00549316
 0.00305176
 0.00152588
 0.00000000
-0.00061035
 0.00030518
 0.00061035
 0.00091553
 0.00152588
 0.00244141
 0.00335693
 0.00396729
 0.00427246
 0.00427246
 0.00427246
 0.00366211
 0.00305176
 0.00274658
 0.00244141
 0.00183105
 0.00152588
 0.00152588
 0.00183105
 0.00244141
 0.00305176
 0.00335693
 0.00274658
 0.00213623
 0.00213623
 0.00213623
 0.00213623
 0.00244141
 0.00213623
 0.00183105
 0.00183105
 0.00244141
 0.00335693
 0.00427246
 0.00488281
 0.00610352
 0.00701904
 0.00793457
 0.00823975
 0.00885010
 0.00976563
 0.00976563
 0.00915527
 0.00793457
 0.00732422
 0.00732422
 0.00671387
 0.00640869
 0.00671387
 0.00732422
 0.00762939
 0.00762939
 0.00793457
 0.00732422
 0.00610352
 0.00488281
 0.00366211
 0.00244141
 0.00091553
-0.00030518
-0.00091553
-0.00213623
-0.00335693
-0.00396729
-0.00457764
-0.00488281
-0.00457764
-0.00488281
-0.00488281
-0.00518799
-0.00518799
-0.00518799
-0.00610352
-0.00701904
-0.00762939
-0.00885010
-0.00946045
-0.01007080
-0.01037598
-0.01037598
-0.01007080
-0.00976563
-0.00946045
-0.00885010
-0.00793457
-0.00732422
-0.00640869
-0.00549316
-0.00396729
-0.00244141
-0.00183105
-0.00152588
-0.00152588
-0.00183105
-0.00122070
-0.00091553
-0.00030518
 0.00000000
 0.00122070
 0.00274658
 0.00366211
 0.00366211
 0.00335693
 0.00366211
 0.00366211
 0.00335693
 0.00305176
 0.00274658
 0.00244141
 0.00152588
 0.00061035
 0.00030518
 0.00000000
-0.00030518
-0.00061035
 0.00000000
 0.00030518
 0.00030518
 0.00030518
 0.00061035
 0.00091553
 0.00061035
 0.00091553
 0.00091553
 0.00122070
 0.00091553
 0.00000000
-0.00030518
-0.00030518
-0.00061035
-0.00183105
-0.00244141
-0.00305176
-0.00366211
-0.00427246
-0.00427246
-0.00396729
-0.00305176
-0.00213623
-0.00091553
-0.00030518
-0.00030518
-0.00061035
-0.00152588
-0.00244141
-0.00335693
-0.00366211
-0.00396729
-0.00396729
-0.00335693
-0.00274658
-0.00152588
-0.00030518
 0.00152588
 0.00335693
 0.00457764
 0.00549316
 0.00549316
 0.00518799
 0.00457764
 0.00396729
 0.00244141
 0.00122070
 0.00061035
-0.00091553
-0.00183105
-0.00213623
-0.00183105
-0.00061035
 0.00000000
 0.00061035
 0.00152588
 0.00244141
 0.00335693
 0.00366211
 0.00335693
 0.00305176
 0.00213623
 0.00061035
-0.00030518
-0.00122070
-0.00213623
-0.00305176
-0.00366211
-0.00366211
-0.00335693
-0.00335693
-0.00335693
-0.00335693
-0.00396729
-0.00457764
-0.00579834
-0.00762939
-0.00946045
-0.01098633
-0.01220703
-0.01342773
-0.01403809
-0.01373291
-0.01342773
-0.01281738
-0.01220703
-0.01129150
-0.01007080
-0.00885010
-0.00823975
-0.00793457
-0.00762939
-0.00793457
-0.00854492
-0.00946045
-0.01007080
-0.01037598
-0.01129150
-0.01190186
-0.01220703
-0.01220703
-0.01159668
-0.01098633
-0.00976563
-0.00915527
-0.00915527
-0.00854492
-0.00762939
-0.00762939
-0.00732422
-0.00701904
-0.00610352
-0.00549316
-0.00518799
-0.00518799
-0.00457764
-0.00335693
-0.00213623
-0.00122070
 0.00030518
 0.00152588
 0.00213623
 0.00122070
 0.00091553
 0.00061035
 0.00030518
 0.00000000
-0.00061035
-0.00122070
-0.00152588
-0.00213623
-0.00213623
-0.00244141
-0.00213623
-0.00183105
-0.00122070
-0.00091553
-0.00030518
 0.00000000
 0.00030518
 0.00030518
 0.00061035
 0.00122070
 0.00213623
 0.00244141
 0.00244141
 0.00305176
 0.00366211
 0.00366211
 0.00366211
 0.00366211
 0.00396729
 0.00427246
 0.00427246
 0.00427246
 0.00396729
 0.00335693
 0.00274658
 0.00274658
 0.00305176
 0.00366211
 0.00427246
 0.00488281
 0.00579834
 0.00671387
 0.00732422
 0.00732422
 0.00732422
 0.00823975
 0.00885010
 0.00915527
 0.00946045
 0.00915527
 0.00915527
 0.00976563
 0.01037598
 0.01068115
 0.01068115
 0.01098633
 0.01129150
 0.01129150
 0.01098633
 0.01129150
 0.01159668
 0.01129150
 0.01037598
 0.00946045
 0.00885010
 0.00793457
 0.00762939
 0.00732422
 0.00732422
 0.00762939
 0.00793457
 0.00793457
 0.00823975
 0.00885010
 0.00946045
 0.01037598
 0.01159668
 0.01220703
 0.01220703
 0.01129150
 0.01007080
 0.00854492
 0.00701904
 0.00518799
 0.00335693
 0.00183105
 0.00061035
 0.00030518
 0.00000000
 0.00000000
 0.00030518
 0.00091553
 0.00122070
 0.00122070
 0.00152588
 0.00152588
 0.00091553
 0.00030518
-0.00091553
-0.00213623
-0.00274658
-0.00274658
-0.00244141
-0.00183105
-0.00122070
 0.00000000
 0.00122070
 0.00213623
 0.00305176
 0.00305176
 0.00305176
 0.00274658
 0.00091553
-0.00091553
-0.00274658
-0.00457764
-0.00610352
-0.00671387
-0.00671387
-0.00640869
-0.00518799
-0.00427246
-0.00305176
-0.00152588
 0.00000000
 0.00061035
 0.00122070
 0.00122070
 0.00061035
-0.00061035
-0.00213623
-0.00335693
-0.00457764
-0.00518799
-0.00549316
-0.00518799
-0.00457764
-0.00335693
-0.00213623
-0.00091553
-0.00030518
-0.00061035
-0.00152588
-0.00274658
-0.00427246
-0.00610352
-0.00732422
-0.00854492
-0.00976563
-0.01037598
-0.00915527
-0.00701904
-0.00457764
-0.00183105
 0.00061035
 0.00244141
 0.00457764
 0.00549316
 0.00518799
 0.00396729
 0.00152588
-0.00091553
-0.00213623
-0.00274658
-0.00366211
-0.00396729
-0.00366211
-0.00183105
 0.00030518
 0.00274658
 0.00488281
 0.00610352
 0.00671387
 0.00671387
 0.00610352
 0.00549316
 0.00457764
 0.00335693
 0.00213623
 0.00122070
 0.00030518
 0.00030518
 0.00122070
 0.00274658
 0.00457764
 0.00610352
 0.00732422
 0.00885010
 0.00915527
 0.00823975
 0.00671387
 0.00549316
 0.00396729
 0.00244141
 0.00061035
-0.00061035
-0.00122070
-0.00122070
 0.00000000
 0.00122070
 0.00213623
 0.00335693
 0.00488281
 0.00579834
 0.00671387
 0.00701904
 0.00701904
 0.00610352
 0.00488281
 0.00305176
 0.00122070
-0.00030518
-0.00122070
-0.00152588
-0.00091553
 0.00030518
 0.00183105
 0.00366211
 0.00518799
 0.00610352
 0.00610352
 0.00518799
 0.00457764
 0.00366211
 0.00274658
 0.00091553
-0.00091553
-0.00213623
-0.00335693
-0.00366211
-0.00396729
-0.00396729
-0.00335693
-0.00183105
-0.00061035
 0.00000000
 0.00061035
 0.00122070
 0.00122070
 0.00122070
 0.00091553
 0.00000000
-0.00061035
-0.00122070
-0.00213623
-0.00335693
-0.00457764
-0.00579834
-0.00671387
-0.00701904
-0.00762939
-0.00793457
-0.00793457
-0.00793457
-0.00732422
-0.00701904
-0.00671387
-0.00671387
-0.00640869
-0.00640869
-0.00732422
-0.00854492
-0.00915527
-0.01007080
-0.01037598
-0.01098633
-0.01129150
-0.01129150
-0.01037598
-0.00946045
-0.00915527
-0.00854492
-0.00823975
-0.00823975
-0.00854492
-0.00823975
-0.00854492
-0.00946045
-0.01007080
-0.01037598
-0.01037598
-0.01068115
-0.01129150
-0.01159668
-0.01159668
-0.01068115
-0.00976563
-0.00854492
-0.00732422
-0.00671387
-0.00640869
-0.00610352
-0.00579834
-0.00579834
-0.00549316
-0.00549316
-0.00579834
-0.00640869
-0.00701904
-0.00762939
-0.00701904
-0.00610352
-0.00549316
-0.00518799
-0.00457764
-0.00335693
-0.00213623
-0.00152588
-0.00183105
-0.00244141
-0.00305176
-0.00396729
-0.00488281
-0.00518799
-0.00518799
-0.00549316
-0.00549316
-0.00549316
-0.00488281
-0.00396729
-0.00274658
-0.00152588
-0.00061035
 0.00000000
 0.00030518
 0.00091553
 0.00030518
-0.00061035
-0.00183105
-0.00244141
-0.00305176
-0.00335693
-0.00305176
-0.00274658
-0.00213623
-0.00183105
-0.00061035
 0.00030518
 0.00091553
 0.00213623
 0.00274658
 0.00366211
 0.00427246
 0.00427246
 0.00396729
 0.00305176
 0.00213623
 0.00091553
 0.00000000
 0.00000000
 0.00061035
 0.00152588
 0.00366211
 0.00549316
 0.00671387
 0.00823975
 0.00885010
 0.00946045
 0.00915527
 0.00885010
 0.00793457
 0.00671387
 0.00427246
 0.00244141
 0.00122070
 0.00122070
 0.00152588
 0.00213623
 0.00274658
 0.00427246
 0.00610352
 0.00793457
 0.00976563
 0.01098633
 0.01129150
 0.01068115
 0.00976563
 0.00885010
 0.00762939
 0.00671387
 0.00549316
 0.00457764
 0.00396729
 0.00366211
 0.00366211
 0.00396729
 0.00427246
 0.00549316
 0.00640869
 0.00671387
 0.00701904
 0.00671387
 0.00671387
 0.00610352
 0.00549316
 0.00396729
 0.00274658
 0.00213623
 0.00152588
 0.00091553
 0.00091553
 0.00061035
 0.00091553
 0.00122070
 0.00152588
 0.00244141
 0.00335693
 0.00366211
 0.00427246
 0.00457764
 0.00396729
 0.00335693
 0.00274658
 0.00213623
 0.00152588
 0.00091553
 0.00030518
 0.00030518
 0.00030518
 0.00091553
 0.00183105
 0.00274658
 0.00305176
 0.00305176
 0.00305176
 0.00274658
 0.00244141
 0.00183105
 0.00152588
 0.00122070
 0.00061035
 0.00030518
 0.00000000
 0.00000000
 0.00061035
 0.00122070
 0.00213623
 0.00366211
 0.00457764
 0.00488281
 0.00488281
 0.00396729
 0.00274658
 0.00122070
 0.00000000
-0.00091553
-0.00244141
-0.00366211
-0.00427246
-0.00427246
-0.00457764
-0.00488281
-0.00488281
-0.00396729
-0.00335693
-0.00244141
-0.00244141
-0.00244141
-0.00335693
-0.00457764
-0.00518799
-0.00579834
-0.00579834
-0.00549316
-0.00549316
-0.00518799
-0.00457764
-0.00396729
-0.00305176
-0.00274658
-0.00244141
-0.00244141
-0.00244141
-0.00213623
-0.00274658
-0.00305176
-0.00396729
-0.00457764
-0.00457764
-0.00427246
-0.00366211
-0.00244141
-0.00122070
-0.00030518
 0.00091553
 0.00244141
 0.00335693
 0.00366211
 0.00396729
 0.00396729
 0.00366211
 0.00335693
 0.00244141
 0.00183105
 0.00183105
 0.00183105
 0.00183105
 0.00213623
 0.00244141
 0.00274658
 0.00305176
 0.00396729
 0.00427246
 0.00366211
 0.00274658
 0.00183105
 0.00030518
-0.00061035
-0.00122070
-0.00152588
-0.00122070
-0.00061035
 0.00000000
 0.00030518
 0.00061035
 0.00183105
 0.00244141
 0.00213623
 0.00183105
 0.00152588
 0.00091553
-0.00061035
-0.00152588
-0.00274658
-0.00427246
-0.00488281
-0.00488281
-0.00366211
-0.00274658
-0.00183105
-0.00091553
 0.00000000
 0.00061035
 0.00122070
 0.00183105
 0.00213623
 0.00213623
 0.00244141
 0.00274658
 0.00335693
 0.00335693
 0.00305176
 0.00305176
 0.00274658
 0.00274658
 0.00335693
 0.00366211
 0.00396729
 0.00396729
 0.00457764
 0.00518799
 0.00579834
 0.00579834
 0.00610352
 0.00610352
 0.00549316
 0.00610352
 0.00640869
 0.00640869
 0.00610352
 0.00579834
 0.00488281
 0.00366211
 0.00305176
 0.00274658
 0.00305176
 0.00335693
 0.00335693
 0.00366211
 0.00335693
 0.00274658
 0.00213623
 0.00183105
 0.00152588
 0.00122070
 0.00091553
 0.00091553
 0.00122070
 0.00122070
 0.00091553
 0.00000000
-0.00091553
-0.00183105
-0.00274658
-0.00335693
-0.00366211
-0.00366211
-0.00366211
-0.00335693
-0.00274658
-0.00152588
-0.00061035
 0.00000000
 0.00030518
 0.00000000
 0.00030518
 0.00030518
 0.00000000
 0.00000000
-0.00091553
-0.00213623
-0.00335693
-0.00427246
-0.00457764
-0.00488281
-0.00488281
-0.00457764
-0.00396729
-0.00305176
-0.00244141
-0.00213623
-0.00152588
-0.00122070
-0.00152588
-0.00152588
-0.00152588
-0.00213623
-0.00305176
-0.00366211
-0.00427246
-0.00427246
-0.00457764
-0.00518799
-0.00518799
-0.00488281
-0.00427246
-0.00366211
-0.00366211
-0.00366211
-0.00396729
-0.00396729
-0.00457764
-0.00488281
-0.00549316
-0.00671387
-0.00732422
-0.00701904
-0.00671387
-0.00671387
-0.00671387
-0.00640869
-0.00579834
-0.00488281
-0.00427246
-0.00366211
-0.00366211
-0.00366211
-0.00396729
-0.00427246
-0.00488281
-0.00549316
-0.00579834
-0.00549316
-0.00518799
-0.00427246
-0.00366211
-0.00335693
-0.00335693
-0.00305176
-0.00274658
-0.00335693
-0.00427246
-0.00457764
-0.00457764
-0.00488281
-0.00518799
-0.00549316
-0.00518799
-0.00427246
-0.00335693
-0.00305176
-0.00244141
-0.00183105
-0.00122070
-0.00122070
-0.00152588
-0.00213623
-0.00244141
-0.00305176
-0.00366211
-0.00366211
-0.00335693
-0.00305176
-0.00213623
-0.00152588
-0.00122070
 0.00000000
 0.00061035
 0.00091553
 0.00061035
 0.00030518
 0.00000000
-0.00030518
-0.00091553
-0.00091553
-0.00122070
-0.00122070
-0.00122070
-0.00061035
 0.00061035
 0.00183105
 0.00244141
 0.00244141
 0.00213623
 0.00152588
 0.00091553
 0.00000000
-0.00030518
-0.00030518
-0.00030518
-0.00061035
-0.00061035
-0.00030518
 0.00030518
 0.00122070
 0.00244141
 0.00305176
 0.00305176
 0.00244141
 0.00213623
 0.00152588
 0.00091553
-0.00030518
-0.00183105
-0.00274658
-0.00305176
-0.00244141
-0.00183105
-0.00091553
 0.00061035
 0.00152588
 0.00213623
 0.00274658
 0.00335693
 0.00335693
 0.00305176
 0.00213623
 0.00122070
 0.00091553
 0.00122070
 0.00122070
 0.00152588
 0.00152588
 0.00152588
 0.00152588
 0.00183105
 0.00213623
 0.00183105
 0.00152588
 0.00122070
 0.00061035
-0.00030518
-0.00030518
-0.00030518
 0.00000000
 0.00030518
 0.00091553
 0.00213623
 0.00305176
 0.00396729
 0.00396729
 0.00366211
 0.00335693
 0.00305176
 0.00244141
 0.00152588
 0.00091553
 0.00000000
-0.00091553
-0.00122070
-0.00091553
 0.00000000
 0.00061035
 0.00152588
 0.00213623
 0.00274658
 0.00274658
 0.00213623
 0.00183105
 0.00091553
 0.00030518
-0.00061035
-0.00152588
-0.00183105
-0.00244141
-0.00244141
-0.00152588
-0.00061035
 0.00061035
 0.00183105
 0.00274658
 0.00305176
 0.00274658
 0.00244141
 0.00183105
 0.00091553
 0.00030518
-0.00061035
-0.00152588
-0.00183105
-0.00213623
-0.00244141
-0.00122070
 0.00000000
 0.00091553
 0.00122070
 0.00152588
 0.00152588
 0.00183105
 0.00244141
 0.00213623
 0.00213623
 0.00183105
 0.00152588
 0.00122070
 0.00122070
 0.00061035
 0.00091553
 0.00152588
 0.00213623
 0.00213623
 0.00152588
 0.00122070
 0.00122070
 0.00122070
 0.00091553
 0.00091553
 0.00122070
 0.00122070
 0.00061035
 0.00030518
 0.00000000
 0.00000000
 0.00030518
 0.00091553
 0.00152588
 0.00213623
 0.00274658
 0.00305176
 0.00335693
 0.00335693
 0.00305176
 0.00305176
 0.00274658
 0.00244141
 0.00183105
 0.00152588
 0.00091553
 0.00091553
 0.00061035
 0.00091553
 0.00122070
 0.00152588
 0.00183105
 0.00213623
 0.00274658
 0.00274658
 0.00335693
 0.00274658
 0.00213623
 0.00213623
 0.00213623
 0.00122070
 0.00030518
 0.00000000
 0.00030518
 0.00061035
 0.00122070
 0.00183105
 0.00244141
 0.00305176
 0.00366211
 0.00427246
 0.00427246
 0.00427246
 0.00396729
 0.00366211
 0.00335693
 0.00305176
 0.00244141
 0.00183105
 0.00122070
 0.00152588
 0.00152588
 0.00152588
 0.00122070
 0.00091553
-0.00030518
-0.00091553
-0.00122070
-0.00152588
-0.00152588
-0.00213623
-0.00244141
-0.00213623
-0.00152588
-0.00091553
-0.00030518
 0.00000000
 0.00000000
 0.00000000
-0.00061035
-0.00091553
-0.00152588
-0.00213623
-0.00244141
-0.00305176
-0.00335693
-0.00366211
-0.00427246
-0.00427246
-0.00427246
-0.00396729
-0.00366211
-0.00305176
-0.00213623
-0.00122070
-0.00091553
-0.00122070
-0.00152588
-0.00183105
-0.00213623
-0.00274658
-0.00305176
-0.00305176
-0.00305176
-0.00335693
-0.00366211
-0.00335693
-0.00274658
-0.00213623
-0.00122070
-0.00061035
 0.00000000
-0.00030518
-0.00091553
-0.00213623
-0.00366211
-0.00427246
-0.00518799
-0.00610352
-0.00640869
-0.00579834
-0.00518799
-0.00427246
-0.00305176
-0.00183105
-0.00122070
-0.00091553
-0.00061035
-0.00091553
-0.00122070
-0.00183105
-0.00213623
-0.00305176
-0.00396729
-0.00457764
-0.00488281
-0.00457764
-0.00396729
-0.00335693
-0.00274658
-0.00213623
-0.00122070
 0.00000000
 0.00030518
 0.00030518
-0.00061035
-0.00152588
-0.00213623
-0.00244141
-0.00305176
-0.00305176
-0.00305176
-0.00305176
-0.00244141
-0.00122070
-0.00030518
 0.00091553
 0.00183105
 0.00274658
 0.00305176
 0.00244141
 0.00183105
 0.00152588
 0.00091553
-0.00061035
-0.00213623
-0.00335693
-0.00335693
-0.00335693
-0.00305176
-0.00274658
-0.00152588
-0.00030518
 0.00061035
 0.00122070
 0.00152588
 0.00183105
 0.00122070
 0.00061035
-0.00030518
-0.00061035
-0.00122070
-0.00183105
-0.00244141
-0.00244141
-0.00152588
-0.00030518
 0.00061035
 0.00122070
 0.00152588
 0.00213623
 0.00183105
 0.00122070
 0.00030518
-0.00061035
-0.00152588
-0.00274658
-0.00366211
-0.00396729
-0.00366211
-0.00305176
-0.00213623
-0.00122070
 0.00000000
 0.00061035
 0.00183105
 0.00274658
 0.00274658
 0.00213623
 0.00122070
 0.00000000
-0.00152588
-0.00274658
-0.00305176
-0.00305176
-0.00274658
-0.00183105
-0.00122070
-0.00030518
 0.00091553
 0.00152588
 0.00183105
 0.00183105
 0.00183105
 0.00152588
 0.00122070
 0.00030518
-0.00061035
-0.00122070
-0.00091553
-0.00061035
-0.00030518
 0.00061035
 0.00152588
 0.00274658
 0.00335693
 0.00366211
 0.00396729
 0.00396729
 0.00396729
 0.00335693
 0.00274658
 0.00183105
 0.00061035
 0.00000000
-0.00030518
 0.00000000
 0.00091553
 0.00152588
 0.00213623
 0.00274658
 0.00335693
 0.00335693
 0.00335693
 0.00244141
 0.00152588
 0.00122070
 0.00091553
 0.00061035
 0.00000000
-0.00061035
-0.00091553
-0.00030518
 0.00000000
 0.00091553
 0.00152588
 0.00244141
 0.00305176
 0.00244141
 0.00152588
 0.00091553
 0.00030518
 0.00000000
-0.00030518
-0.00091553
-0.00091553
-0.00091553
-0.00091553
-0.00091553
-0.00030518
 0.00030518
 0.00061035
 0.00061035
 0.00122070
 0.00183105
 0.00183105
 0.00122070
 0.00030518
-0.00030518
-0.00061035
-0.00091553
-0.00122070
-0.00152588
-0.00183105
-0.00213623
-0.00213623
-0.00152588
-0.00091553
-0.00061035
-0.00061035
 0.00030518
 0.00061035
 0.00061035
 0.00000000
-0.00030518
 0.00000000
 0.00000000
-0.00061035
-0.00091553
-0.00122070
-0.00183105
-0.00213623
-0.00183105
-0.00122070
-0.00091553
-0.00030518
 0.00030518
 0.00061035
 0.00061035
 0.00000000
 0.00000000
-0.00061035
-0.00152588
-0.00183105
-0.00213623
-0.00244141
-0.00274658
-0.00274658
-0.00305176
-0.00274658
-0.00213623
-0.00152588
-0.00152588
-0.00152588
-0.00152588
-0.00213623
-0.00213623
-0.00183105
-0.00183105
-0.00213623
-0.00244141
-0.00183105
-0.00122070
-0.00122070
-0.00152588
-0.00122070
-0.00091553
-0.00061035
-0.00030518
-0.00061035
-0.00061035
-0.00061035
-0.00091553
-0.00122070
-0.00152588
-0.00183105
-0.00183105
-0.00152588
-0.00091553
-0.00030518
 0.00061035
 0.00122070
 0.00183105
 0.00244141
 0.00274658
 0.00213623
 0.00152588
 0.00061035
 0.00061035
 0.00091553
 0.00030518
-0.00030518
-0.00030518
 0.00030518
 0.00091553
 0.00183105
 0.00213623
 0.00213623
 0.00244141
 0.00274658
 0.00274658
 0.00244141
 0.00213623
 0.00183105
 0.00122070
 0.00061035
 0.00000000
-0.00061035
-0.00091553
-0.00091553
-0.00030518
 0.00030518
 0.00030518
 0.00000000
-0.00030518
-0.00030518
 0.00030518
 0.00061035
 0.00091553
 0.00061035
 0.00000000
 0.00000000
-0.00030518
-0.00061035
-0.00061035
-0.00030518
 0.00000000
 0.00030518
 0.00091553
 0.00122070
 0.00152588
 0.00183105
 0.00244141
 0.00183105
 0.00152588
 0.00122070
 0.00091553
 0.00091553
 0.00061035
 0.00030518
-0.00030518
-0.00091553
-0.00152588
-0.00122070
-0.00061035
 0.00030518
 0.00091553
 0.00091553
 0.00091553
 0.00061035
 0.00030518
-0.00030518
-0.00061035
-0.00091553
-0.00152588
-0.00183105
-0.00244141
-0.00274658
-0.00244141
-0.00213623
-0.00244141
-0.00274658
-0.00274658
-0.00244141
-0.00183105
-0.00122070
-0.00091553
-0.00091553
-0.00122070
-0.00152588
-0.00183105
-0.00244141
-0.00244141
-0.00274658
-0.00305176
-0.00305176
-0.00274658
-0.00274658
-0.00274658
-0.00274658
-0.00305176
-0.00305176
-0.00244141
-0.00183105
-0.00152588
-0.00183105
-0.00213623
-0.00274658
-0.00335693
-0.00396729
-0.00427246
-0.00427246
-0.00427246
-0.00396729
-0.00366211
-0.00366211
-0.00274658
-0.00213623
-0.00183105
-0.00213623
-0.00213623
-0.00183105
-0.00152588
-0.00152588
-0.00183105
-0.00183105
-0.00183105
-0.00213623
-0.00244141
-0.00274658
-0.00244141
-0.00213623
-0.00152588
-0.00091553
-0.00061035
-0.00030518
 0.00000000
 0.00030518
 0.00030518
-0.00030518
-0.00030518
-0.00061035
-0.00152588
-0.00213623
-0.00274658
-0.00305176
-0.00274658
-0.00213623
-0.00152588
-0.00091553
-0.00061035
 0.00000000
 0.00061035
 0.00122070
 0.00213623
 0.00244141
 0.00274658
 0.00274658
 0.00244141
 0.00183105
 0.00152588
 0.00091553
 0.00030518
 0.00030518
 0.00000000
 0.00061035
 0.00152588
 0.00213623
 0.00305176
 0.00274658
 0.00305176
 0.00366211
 0.00366211
 0.00335693
 0.00244141
 0.00213623
 0.00152588
 0.00122070
 0.00122070
 0.00152588
 0.00213623
 0.00305176
 0.00427246
 0.00488281
 0.00518799
 0.00579834
 0.00671387
 0.00732422
 0.00671387
 0.00549316
 0.00366211
 0.00213623
 0.00122070
 0.00030518
 0.00030518
 0.00000000
 0.00061035
 0.00152588
 0.00305176
 0.00457764
 0.00518799
 0.00518799
 0.00518799
 0.00518799
 0.00488281
 0.00427246
 0.00274658
 0.00152588
 0.00030518
-0.00030518
-0.00091553
-0.00091553
-0.00061035
 0.00091553
 0.00244141
 0.00335693
 0.00335693
 0.00335693
 0.00366211
 0.00396729
 0.00335693
 0.00244141
 0.00122070
 0.00030518
-0.00091553
-0.00122070
-0.00152588
-0.00152588
-0.00152588
-0.00091553
 0.00000000
 0.00152588
 0.00213623
 0.00213623
 0.00213623
 0.00183105
 0.00091553
 0.00000000
-0.00061035
-0.00152588
-0.00274658
-0.00335693
-0.00366211
-0.00305176
-0.00244141
-0.00183105
-0.00183105
-0.00152588
-0.00091553
-0.00091553
-0.00122070
-0.00152588
-0.00183105
-0.00244141
-0.00335693
-0.00427246
-0.00488281
-0.00518799
-0.00488281
-0.00427246
-0.00366211
-0.00335693
-0.00274658
-0.00244141
-0.00213623
-0.00244141
-0.00305176
-0.00366211
-0.00457764
-0.00488281
-0.00488281
-0.00488281
-0.00488281
-0.00457764
-0.00457764
-0.00396729
-0.00335693
-0.00305176
-0.00244141
-0.00213623
-0.00213623
-0.00274658
-0.00335693
-0.00305176
-0.00335693
-0.00335693
-0.00335693
-0.00305176
-0.00305176
-0.00274658
-0.00274658
-0.00213623
-0.00183105
-0.00183105
-0.00152588
-0.00122070
-0.00152588
-0.00213623
-0.00305176
-0.00305176
-0.00305176
-0.00335693
-0.00335693
-0.00274658
-0.00183105
-0.00122070
-0.00030518
 0.00061035
 0.00152588
 0.00244141
 0.00274658
 0.00244141
 0.00244141
 0.00213623
 0.00152588
 0.00091553
 0.00030518
-0.00030518
 0.00000000
 0.00030518
 0.00091553
 0.00122070
 0.00152588
 0.00213623
 0.00274658
 0.00335693
 0.00366211
 0.00396729
 0.00396729
 0.00366211
 0.00305176
 0.00274658
 0.00244141
 0.00213623
 0.00152588
 0.00152588
 0.00183105
 0.00213623
 0.00244141
 0.00274658
 0.00305176
 0.00305176
 0.00305176
 0.00305176
 0.00244141
 0.00213623
 0.00183105
 0.00122070
 0.00091553
 0.00061035
 0.00061035
 0.00061035
 0.00122070
 0.00183105
 0.00244141
 0.00305176
 0.00366211
 0.00396729
 0.00335693
 0.00305176
 0.00274658
 0.00244141
 0.00213623
 0.00152588
 0.00091553
 0.00030518
 0.00000000
-0.00030518
-0.00061035
-0.00030518
-0.00030518
 0.00030518
 0.00091553
 0.00122070
 0.00152588
 0.00122070
 0.00152588
 0.00122070
 0.00091553
 0.00061035
 0.00030518
-0.00030518
-0.00091553
-0.00122070
-0.00152588
-0.00152588
-0.00152588
-0.00183105
-0.00183105
-0.00152588
-0.00152588
-0.00152588
-0.00122070
-0.00152588
-0.00213623
-0.00274658
-0.00366211
-0.00427246
-0.00427246
-0.00457764
-0.00427246
-0.00396729
-0.00366211
-0.00305176
-0.00244141
-0.00244141
-0.00274658
-0.00335693
-0.00396729
-0.00366211
-0.00396729
-0.00396729
-0.00457764
-0.00518799
-0.00549316
-0.00549316
-0.00518799
-0.00488281
-0.00427246
-0.00366211
-0.00305176
-0.00274658
-0.00244141
-0.00244141
-0.00274658
-0.00366211
-0.00457764
-0.00457764
-0.00457764
-0.00457764
-0.00427246
-0.00427246
-0.00366211
-0.00305176
-0.00244141
-0.00122070
-0.00061035
-0.00061035
-0.00030518
 0.00000000
-0.00030518
-0.00122070
-0.00183105
-0.00244141
-0.00335693
-0.00366211
-0.00335693
-0.00335693
-0.00244141
-0.00091553
 0.00061035
 0.00091553
 0.00122070
 0.00122070
 0.00122070
 0.00122070
 0.00061035
 0.00000000
-0.00030518
-0.00030518
-0.00030518
-0.00061035
-0.00122070
-0.00122070
-0.00122070
-0.00030518
 0.00061035
 0.00152588
 0.00213623
 0.00183105
 0.00152588
 0.00122070
 0.00091553
 0.00061035
 0.00061035
 0.00061035
-0.00030518
-0.00061035
-0.00061035
-0.00061035
 0.00000000
 0.00091553
 0.00152588
 0.00183105
 0.00213623
 0.00213623
 0.00244141
 0.00213623
 0.00213623
 0.00213623
 0.00213623
 0.00213623
 0.00213623
 0.00213623
 0.00213623
 0.00213623
 0.00274658
 0.00305176
 0.00305176
 0.00335693
 0.00366211
 0.00427246
 0.00457764
 0.00457764
 0.00427246
 0.00427246
 0.00396729
 0.00335693
 0.00305176
 0.00305176
 0.00213623
 0.00183105
 0.00152588
 0.00122070
 0.00061035
 0.00061035
 0.00091553
 0.00152588
 0.00213623
 0.00274658
 0.00274658
 0.00244141
 0.00183105
 0.00183105
 0.00152588
 0.00122070
 0.00122070
 0.00091553
 0.00061035
-0.00061035
-0.00152588
-0.00152588
-0.00091553
-0.00061035
-0.00061035
-0.00061035
-0.00030518
 0.00000000
-0.00030518
-0.00030518
-0.00030518
-0.00030518
-0.00030518
-0.00030518
 0.00000000
-0.00030518
-0.00061035
-0.00122070
-0.00122070
-0.00122070
-0.00152588
-0.00183105
-0.00213623
-0.00244141
-0.00213623
-0.00152588
-0.00183105
-0.00213623
-0.00213623
-0.00152588
-0.00091553
-0.00061035
-0.00091553
-0.00152588
-0.00183105
-0.00183105
-0.00183105
-0.00244141
-0.00305176
-0.00335693
-0.00305176
-0.00274658
-0.00244141
-0.00183105
-0.00152588
-0.00122070
-0.00091553
-0.00091553
-0.00091553
-0.00152588
-0.00244141
-0.00305176
-0.00305176
-0.00274658
-0.00244141
-0.00274658
-0.00305176
-0.00305176
-0.00274658
-0.00244141
-0.00183105
-0.00122070
-0.00122070
-0.00061035
-0.00061035
-0.00061035
-0.00091553
-0.00061035
-0.00091553
-0.00122070
-0.00091553
-0.00061035
-0.00061035
-0.00030518
-0.00030518
-0.00030518
-0.00061035
-0.00030518
-0.00030518
 0.00000000
-0.00030518
-0.00030518
 0.00000000
-0.00030518
-0.00091553
-0.00091553
-0.00061035
-0.00061035
-0.00061035
-0.00030518
 0.00000000
 0.00091553
 0.00152588
 0.00183105
 0.00183105
 0.00183105
 0.00244141
 0.00274658
 0.00274658
 0.00274658
 0.00274658
 0.00305176
 0.00305176
 0.00274658
 0.00274658
 0.00305176
 0.00244141
 0.00183105
 0.00183105
 0.00213623
 0.00244141
 0.00274658
 0.00335693
 0.00396729
 0.00457764
 0.00457764
 0.00427246
 0.00396729
 0.00427246
 0.00457764
 0.00457764
 0.00396729
 0.00335693
 0.00274658
 0.00244141
 0.00244141
 0.00244141
 0.00244141
 0.00244141
 0.00244141
 0.00335693
 0.00396729
 0.00427246
 0.00366211
 0.00335693
 0.00244141
 0.00213623
 0.00244141
 0.00244141
 0.00244141
 0.00244141
 0.00274658
 0.00274658
 0.00305176
 0.00335693
 0.00396729
 0.00366211
 0.00396729
 0.00366211
 0.00335693
 0.00335693
 0.00305176
 0.00244141
 0.00213623
 0.00152588
 0.00122070
 0.00061035
 0.00030518
 0.00061035
 0.00091553
 0.00091553
 0.00122070
 0.00122070
 0.00061035
 0.00000000
-0.00030518
 0.00000000
 0.00000000
 0.00000000
-0.00091553
-0.00183105
-0.00213623
-0.00183105
-0.00152588
-0.00152588
-0.00152588
-0.00183105
-0.00213623
-0.00244141
-0.00274658
-0.00305176
-0.00366211
-0.00396729
-0.00396729
-0.00335693
-0.00305176
-0.00305176
-0.00274658
-0.00244141
-0.00244141
-0.00244141
-0.00305176
-0.00305176
-0.00335693
-0.00335693
-0.00366211
-0.00427246
-0.00488281
-0.00518799
-0.00518799
-0.00549316
-0.00518799
-0.00518799
-0.00518799
-0.00488281
-0.00488281
-0.00549316
-0.00579834
-0.00579834
-0.00579834
-0.00610352
-0.00640869
-0.00701904
-0.00671387
-0.00640869
-0.00640869
-0.00640869
-0.00640869
-0.00640869
-0.00640869
-0.00640869
-0.00671387
-0.00671387
-0.00701904
-0.00640869
-0.00610352
-0.00579834
-0.00579834
-0.00549316
-0.00427246
-0.00366211
-0.00366211
-0.00366211
-0.00366211
-0.00335693
-0.00335693
-0.00396729
-0.00396729
-0.00366211
-0.00396729
-0.00427246
-0.00427246
-0.00396729
-0.00366211
-0.00366211
-0.00366211
-0.00335693
-0.00274658
-0.00244141
-0.00244141
-0.00213623
-0.00183105
-0.00213623
-0.00244141
-0.00244141
-0.00244141
-0.00213623
-0.00213623
-0.00274658
-0.00274658
-0.00305176
-0.00274658
-0.00183105
-0.00091553
-0.00061035
-0.00030518
-0.00030518
-0.00030518
-0.00030518
 0.00000000
 0.00000000
 0.00030518
 0.00091553
 0.00152588
 0.00122070
 0.00122070
 0.00183105
 0.00244141
 0.00305176
 0.00274658
 0.00244141
 0.00213623
 0.00213623
 0.00213623
 0.00213623
 0.00213623
 0.00213623
 0.00244141
 0.00274658
 0.00335693
 0.00396729
 0.00396729
 0.00427246
 0.00427246
 0.00427246
 0.00396729
 0.00396729
 0.00396729
 0.00366211
 0.00335693
 0.00305176
 0.00305176
 0.00335693
 0.00427246
 0.00488281
 0.00488281
 0.00488281
 0.00488281
 0.00457764
 0.00427246
 0.00366211
 0.00244141
 0.00152588
 0.00122070
 0.00152588
 0.00152588
 0.00122070
 0.00091553
 0.00122070
 0.00213623
 0.00305176
 0.00366211
 0.00396729
 0.00457764
 0.00457764
 0.00366211
 0.00305176
 0.00274658
 0.00305176
 0.00305176
 0.00213623
 0.00183105
 0.00244141
 0.00274658
 0.00305176
 0.00335693
 0.00366211
 0.00335693
 0.00366211
 0.00366211
 0.00335693
 0.00274658
 0.00244141
 0.00152588
 0.00122070
 0.00091553
 0.00091553
 0.00091553
 0.00030518
 0.00061035
 0.00122070
 0.00152588
 0.00152588
 0.00152588
 0.00183105
 0.00183105
 0.00152588
 0.00122070
 0.00122070
 0.00152588
 0.00122070
 0.00122070
 0.00061035
 0.00030518
 0.00030518
 0.00000000
 0.00000000
 0.00000000
 0.00000000
 0.00000000
-0.00030518
-0.00030518
-0.00061035
-0.00091553
-0.00122070
-0.00152588
-0.00122070
-0.00122070
-0.00152588
-0.00183105
-0.00183105
-0.00122070
-0.00091553
-0.00122070
-0.00152588
-0.00122070
-0.00122070
-0.00183105
-0.00213623
-0.00213623
-0.00244141
-0.00244141
-0.00213623
-0.00183105
-0.00183105
-0.00152588
-0.00091553
 0.00030518
 0.00030518
 0.00030518
-0.00030518
-0.00091553
-0.00122070
-0.00122070
-0.00122070
-0.00122070
-0.00152588
-0.00122070
-0.00091553
 0.00000000
 0.00061035
 0.00122070
 0.00183105
 0.00213623
 0.00244141
 0.00244141
 0.00213623
 0.00213623
 0.00152588
 0.00061035
-0.00030518
-0.00122070
-0.00152588
-0.00122070
-0.00061035
-0.00061035
-0.00061035
-0.00061035
 0.00000000
 0.00061035
 0.00061035
 0.00091553
 0.00091553
 0.00061035
 0.00030518
 0.00000000
-0.00030518
-0.00091553
-0.00122070
-0.00091553
-0.00061035
 0.00030518
 0.00061035
 0.00122070
 0.00183105
 0.00244141
 0.00244141
 0.00244141
 0.00183105
 0.00122070
 0.00091553
 0.00122070
 0.00091553
 0.00000000
-0.00061035
-0.00061035
-0.00030518
 0.00000000
 0.00091553
 0.00152588
 0.00213623
 0.00244141
 0.00244141
 0.00244141
 0.00213623
 0.00183105
 0.00122070
 0.00061035
 0.00061035
 0.00061035
 0.00030518
 0.00000000
 0.00030518
 0.00061035
 0.00091553
 0.00122070
 0.00122070
 0.00091553
 0.00030518
 0.00030518
 0.00030518
 0.00030518
 0.00000000
-0.00091553
-0.00152588
-0.00183105
-0.00122070
-0.00091553
-0.00030518
 0.00000000
 0.00000000
-0.00030518
 0.00000000
 0.00030518
 0.00000000
-0.00061035
-0.00091553
-0.00152588
-0.00183105
-0.00213623
-0.00213623
-0.00244141
-0.00305176
-0.00305176
-0.00305176
-0.00335693
-0.00335693
-0.00305176
-0.00274658
-0.00274658
-0.00274658
-0.00274658
-0.00305176
-0.00305176
-0.00305176
-0.00335693
-0.00366211
-0.00366211
-0.00335693
-0.00335693
-0.00335693
-0.00274658
-0.00213623
-0.00213623
-0.00213623
-0.00213623
-0.00213623
-0.00183105
-0.00152588
-0.00122070
-0.00183105
-0.00213623
-0.00213623
-0.00213623
-0.00213623
-0.00244141
-0.00274658
-0.00305176
-0.00244141
-0.00244141
-0.00274658
-0.00305176
-0.00274658
-0.00244141
-0.00244141
-0.00213623
-0.00213623
-0.00213623
-0.00213623
-0.00152588
-0.00122070
-0.00152588
-0.00122070
-0.00091553
-0.00091553
-0.00061035
-0.00030518
 0.00000000
 0.00000000
 0.00000000
 0.00000000
 0.00000000
-0.00030518
-0.00091553
-0.00091553
-0.00061035
-0.00030518
-0.00061035
-0.00122070
-0.00091553
-0.00061035
 0.00000000
 0.00030518
 0.00030518
-0.00030518
 0.00030518
 0.00091553
 0.00122070
 0.00091553
 0.00091553
 0.00122070
 0.00122070
 0.00091553
 0.00000000
-0.00030518
 0.00000000
 0.00061035
 0.00091553
 0.00122070
 0.00122070
 0.00122070
 0.00183105
 0.00213623
 0.00183105
 0.00213623
 0.00213623
 0.00183105
 0.00152588
 0.00122070
 0.00152588
 0.00122070
 0.00152588
 0.00152588
 0.00152588
 0.00183105
 0.00213623
 0.00274658
 0.00274658
 0.00213623
 0.00152588
 0.00152588
 0.00152588
 0.00122070
 0.00122070
 0.00122070
 0.00061035
 0.00061035
 0.00061035
 0.00091553
 0.00122070
 0.00122070
 0.00152588
 0.00152588
 0.00152588
 0.00152588
 0.00122070
 0.00091553
 0.00061035
 0.00061035
 0.00061035
 0.00091553
 0.00091553
 0.00030518
 0.00030518
 0.00061035
 0.00091553
 0.00091553
 0.00061035
 0.00030518
-0.00030518
-0.00061035
-0.00122070
-0.00152588
-0.00122070
-0.00122070
-0.00122070
-0.00152588
-0.00122070
-0.00122070
-0.00122070
-0.00152588
-0.00122070
-0.00122070
-0.00152588
-0.00213623
-0.00244141
-0.00244141
-0.00244141
-0.00244141
-0.00274658
-0.00274658
-0.00244141
-0.00213623
-0.00152588
-0.00091553
-0.00030518
-0.00030518
-0.00091553
-0.00122070
-0.00152588
-0.00152588
-0.00152588
-0.00152588
-0.00213623
-0.00213623
-0.00244141
-0.00244141
-0.00213623
-0.00183105
-0.00183105
-0.00183105
-0.00122070
-0.00030518
 0.00000000
 0.00000000
 0.00030518
 0.00000000
-0.00030518
-0.00061035
-0.00061035
-0.00122070
-0.00213623
-0.00244141
-0.00274658
-0.00274658
-0.00244141
-0.00213623
-0.00213623
-0.00183105
-0.00152588
-0.00091553
 0.00000000
 0.00030518
 0.00000000
-0.00061035
-0.00091553
-0.00091553
-0.00091553
-0.00091553
-0.00122070
-0.00183105
-0.00183105
-0.00152588
-0.00091553
-0.00030518
 0.00030518
 0.00091553
 0.00152588
 0.00274658
 0.00305176
 0.00274658
 0.00244141
 0.00213623
 0.00152588
 0.00122070
 0.00122070
 0.00122070
 0.00061035
 0.00091553
 0.00122070
 0.00152588
 0.00213623
 0.00274658
 0.00335693
 0.00427246
 0.00488281
 0.00457764
 0.00457764
 0.00366211
 0.00274658
 0.00213623
 0.00122070
 0.00061035
 0.00000000
 0.00030518
 0.00091553
 0.00152588
 0.00244141
 0.00244141
 0.00274658
 0.00335693
 0.00366211
 0.00366211
 0.00366211
 0.00366211
 0.00305176
 0.00244141
 0.00152588
 0.00091553
 0.00122070
 0.00152588
 0.00183105
 0.00244141
 0.00274658
 0.00274658
 0.00335693
 0.00427246
 0.00427246
 0.00396729
 0.00366211
 0.00335693
 0.00305176
 0.00305176
 0.00305176
 0.00274658
 0.00213623
 0.00183105
 0.00152588
 0.00183105
 0.00183105
 0.00213623
 0.00213623
 0.00213623
 0.00213623
 0.00183105
 0.00183105
 0.00183105
 0.00213623
 0.00213623
 0.00152588
 0.00091553
 0.00122070
 0.00152588
 0.00183105
 0.00183105
 0.00213623
 0.00213623
 0.00213623
 0.00213623
 0.00183105
 0.00122070
 0.00091553
 0.00091553
 0.00030518
 0.00000000
-0.00030518
-0.00061035
-0.00061035
-0.00091553
-0.00091553
-0.00030518
 0.00000000
 0.00061035
 0.00061035
 0.00030518
 0.00030518
 0.00000000
-0.00030518
-0.00091553
-0.00122070
-0.00152588
-0.00183105
-0.00183105
-0.00183105
-0.00152588
-0.00152588
-0.00122070
-0.00091553
-0.00091553
-0.00030518
-0.00061035
-0.00091553
-0.00122070
-0.00152588
-0.00183105
-0.00213623
-0.00244141
-0.00274658
-0.00335693
-0.00305176
-0.00244141
-0.00183105
-0.00122070
-0.00091553
-0.00061035
-0.00061035
-0.00061035
-0.00091553
-0.00122070
-0.00152588
-0.00152588
-0.00122070
-0.00183105
-0.00213623
-0.00244141
-0.00244141
-0.00244141
-0.00183105
-0.00122070
-0.00091553
-0.00061035
-0.00091553
-0.00122070
-0.00122070
-0.00152588
-0.00152588
-0.00152588
-0.00213623
-0.00244141
-0.00244141
-0.00183105
-0.00152588
-0.00152588
-0.00183105
-0.00122070
-0.00091553
-0.00061035
-0.00061035
-0.00091553
-0.00122070
-0.00152588
-0.00152588
-0.00183105
-0.00183105
-0.00152588
-0.00183105
-0.00183105
-0.00152588
-0.00122070
-0.00122070
-0.00122070
-0.00061035
 0.00030518
 0.00030518
 0.00000000
 0.00030518
 0.00061035
 0.00030518
 0.00000000
 0.00000000
 0.00000000
-0.00030518
-0.00061035
-0.00091553
-0.00061035
 0.00000000
 0.00061035
 0.00061035
 0.00061035
 0.00061035
 0.00061035
 0.00091553
 0.00091553
 0.00122070
 0.00061035
 0.00000000
-0.00030518
-0.00061035
-0.00091553
-0.00061035
-0.00061035
-0.00030518
-0.00030518
-0.00030518
 0.00030518
 0.00091553
 0.00091553
 0.00061035
 0.00000000
 0.00000000
 0.00030518
 0.00030518
 0.00061035
 0.00061035
 0.00000000
-0.00030518
-0.00061035
-0.00030518
-0.00030518
 0.00000000
 0.00000000
-0.00030518
-0.00030518
-0.00091553
-0.00061035
-0.00030518
-0.00030518
-0.00030518
 0.00000000
 0.00061035
 0.00061035
 0.00030518
-0.00030518
-0.00061035
-0.00061035
-0.00091553
-0.00091553
-0.00061035
 0.00000000
 0.00030518
 0.00061035
 0.00030518
 0.00030518
 0.00061035
 0.00061035
 0.00030518
 0.00030518
 0.00000000
-0.00061035
-0.00091553
-0.00122070
-0.00183105
-0.00183105
-0.00183105
-0.00122070
-0.00061035
-0.00061035
 0.00000000
 0.00061035
 0.00061035
 0.00030518
 0.00000000
 0.00000000
 0.00000000
-0.00030518
-0.00061035
-0.00061035
-0.00061035
-0.00061035
-0.00061035
-0.00061035
-0.00061035
-0.00030518
-0.00030518
-0.00030518
-0.00030518
-0.00030518
 0.00000000
-0.00030518
-0.00030518
-0.00091553
-0.00061035
-0.00030518
-0.00030518
-0.00030518
-0.00061035
-0.00091553
-0.00091553
-0.00091553
-0.00061035
-0.00061035
-0.00030518
-0.00030518
-0.00030518
 0.00000000
 0.00030518
 0.00030518
-0.00030518
-0.00030518
-0.00030518
-0.00030518
-0.00061035
-0.00091553
-0.00122070
-0.00061035
 0.00000000
 0.00000000
-0.00030518
-0.00061035
-0.00061035
-0.00061035
-0.00061035
-0.00091553
-0.00030518
 0.00030518
 0.00091553
 0.00091553
 0.00061035
 0.00030518
 0.00000000
-0.00030518
 0.00000000
 0.00091553
 0.00152588
 0.00152588
 0.00152588
 0.00122070
 0.00122070
 0.00061035
-0.00030518
-0.00030518
 0.00000000
 0.00000000
 0.00030518
 0.00061035
 0.00091553
 0.00122070
 0.00152588
 0.00183105
 0.00152588
 0.00152588
 0.00152588
 0.00183105
 0.00183105
 0.00152588
 0.00122070
 0.00061035
 0.00030518
 0.00030518
 0.00061035
 0.00091553
 0.00152588
 0.00213623
 0.00244141
 0.00274658
 0.00274658
 0.00244141
 0.00213623
 0.00183105
 0.00122070
 0.00030518
-0.00061035
-0.00122070
-0.00122070
-0.00122070
-0.00091553
-0.00030518
 0.00030518
 0.00122070
 0.00244141
 0.00274658
 0.00274658
 0.00274658
 0.00244141
 0.00213623
 0.00122070
 0.00061035
 0.00030518
 0.00000000
 0.00030518
 0.00030518
 0.00030518
 0.00091553
 0.00183105
 0.00244141
 0.00274658
 0.00274658
 0.00274658
 0.00244141
 0.00183105
 0.00122070
 0.00091553
 0.00061035
 0.00000000
 0.00000000
 0.00061035
 0.00122070
 0.00122070
 0.00122070
 0.00122070
 0.00122070
 0.00183105
 0.00213623
 0.00183105
 0.00152588
 0.00122070
 0.00061035
 0.00000000
-0.00030518
 0.00000000
 0.00000000
 0.00030518
 0.00000000
-0.00030518
 0.00000000
 0.00030518
 0.00030518
 0.00030518
 0.00000000
-0.00030518
-0.00061035
-0.00030518
-0.00030518
-0.00091553
-0.00091553
-0.00061035
-0.00061035
-0.00030518
-0.00030518
 0.00000000
 0.00030518
 0.00061035
 0.00030518
-0.00061035
-0.00091553
-0.00091553
-0.00091553
-0.00152588
-0.00183105
-0.00183105
-0.00183105
-0.00152588
-0.00122070
-0.00061035
-0.00030518
-0.00061035
-0.00030518
 0.00000000
-0.00030518
-0.00030518
-0.00061035
-0.00091553
-0.00122070
-0.00122070
-0.00122070
-0.00152588
-0.00122070
-0.00122070
-0.00122070
-0.00091553
-0.00030518
 0.00030518
 0.00061035
 0.00030518
-0.00061035
-0.00122070
-0.00122070
-0.00152588
-0.00152588
-0.00152588
-0.00213623
-0.00213623
-0.00244141
-0.00244141
-0.00183105
-0.00152588
-0.00061035
-0.00061035
-0.00061035
-0.00061035
-0.00061035
-0.00030518
 0.00000000
-0.00030518
-0.00091553
-0.00091553
-0.00091553
-0.00091553
-0.00122070
-0.00122070
-0.00122070
-0.00122070
-0.00122070
-0.00152588
-0.00152588
-0.00091553
-0.00091553
-0.00122070
-0.00122070
-0.00122070
-0.00061035
-0.00061035
-0.00091553
-0.00091553
-0.00061035
-0.00030518
-0.00030518
 0.00030518
 0.00091553
 0.00091553
 0.00122070
 0.00122070
 0.00122070
 0.00122070
 0.00122070
 0.00061035
-0.00030518
-0.00061035
-0.00061035
-0.00061035
-0.00061035
-0.00122070
-0.00122070
-0.00091553
-0.00030518
 0.00030518
 0.00030518
 0.00061035
 0.00122070
 0.00152588
 0.00152588
 0.00122070
 0.00091553
 0.00030518
 0.00030518
 0.00000000
-0.00030518
-0.00030518
-0.00030518
-0.00030518
 0.00000000
 0.00030518
 0.00030518
 0.00030518
 0.00000000
-0.00030518
-0.00061035
-0.00030518
 0.00030518
 0.00030518
 0.00030518
 0.00000000
 0.00000000
 0.00000000
 0.00000000
 0.00030518
 0.00030518
 0.00061035
 0.00061035
 0.00152588
 0.00152588
 0.00152588
 0.00152588
 0.00183105
 0.00152588
 0.00122070
 0.00091553
 0.00061035
 0.00061035
 0.00030518
 0.00030518
 0.00000000
-0.00061035
-0.00061035
-0.00061035
-0.00030518
 0.00000000
 0.00030518
 0.00030518
 0.00000000
 0.00030518
 0.00061035
 0.00061035
 0.00061035
 0.00061035
 0.00061035
 0.00091553
 0.00091553
 0.00091553
 0.00061035
 0.00030518
 0.00061035
 0.00091553
 0.00091553
 0.00091553
 0.00091553
 0.00091553
 0.00091553
 0.00061035
 0.00091553
 0.00061035
 0.00030518
 0.00000000
-0.00030518
-0.00030518
-0.00030518
-0.00030518
-0.00061035
-0.00061035
-0.00061035
-0.00061035
 0.00000000
 0.00061035
 0.00122070
 0.00183105
 0.00183105
 0.00152588
 0.00122070
 0.00122070
 0.00061035
-0.00030518
-0.00091553
-0.00122070
-0.00152588
-0.00122070
-0.00061035
-0.00030518
-0.00030518
 0.00000000
 0.00000000
 0.00061035
 0.00122070
 0.00122070
 0.00091553
 0.00122070
 0.00122070
 0.00091553
 0.00091553
 0.00091553
 0.00061035
-0.00030518
-0.00061035
-0.00061035
-0.00030518
 0.00000000
 0.00000000
 0.00000000
 0.00000000
 0.00000000
-0.00030518
 0.00000000
 0.00030518
 0.00030518
 0.00000000
 0.00000000
-0.00061035
-0.00061035
-0.00122070
-0.00122070
-0.00122070
-0.00091553
-0.00091553
-0.00061035
 0.00000000
-0.00030518
-0.00030518
-0.00061035
-0.00030518
-0.00030518
 0.00000000
 0.00030518
 0.00030518
-0.00030518
-0.00061035
-0.00091553
-0.00061035
-0.00030518
-0.00061035
-0.00091553
-0.00122070
-0.00091553
-0.00061035
-0.00061035
-0.00091553
-0.00061035
-0.00030518
 0.00000000
 0.00030518
 0.00000000
-0.00061035
-0.00122070
-0.00091553
-0.00061035
-0.00061035
-0.00030518
-0.00030518
-0.00091553
-0.00122070
-0.00122070
-0.00091553
-0.00091553
-0.00061035
-0.00061035
-0.00061035
-0.00061035
-0.00061035
-0.00091553
-0.00122070
-0.00152588
-0.00183105
-0.00183105
-0.00183105
-0.00152588
-0.00152588
-0.00122070
-0.00091553
-0.00061035
-0.00030518
 0.00000000
 0.00030518
 0.00061035
 0.00091553
 0.00061035
-0.00030518
-0.00091553
-0.00122070
-0.00152588
-0.00213623
-0.00213623
-0.00213623
-0.00213623
-0.00152588
-0.00091553
-0.00030518
 0.00061035
 0.00122070
 0.00122070
 0.00091553
 0.00091553
 0.00061035
 0.00030518
-0.00061035
-0.00091553
-0.00152588
-0.00213623
-0.00305176
-0.00335693
-0.00244141
-0.00183105
-0.00122070
-0.00061035
 0.00030518
 0.00061035
 0.00061035
 0.00091553
 0.00091553
 0.00061035
 0.00030518
 0.00000000
-0.00030518
-0.00061035
-0.00091553
-0.00152588
-0.00122070
-0.00030518
 0.00000000
 0.00000000
 0.00091553
 0.00183105
 0.00244141
 0.00213623
 0.00183105
 0.00183105
 0.00183105
 0.00152588
 0.00091553
 0.00000000
-0.00091553
-0.00122070
-0.00061035
-0.00061035
-0.00061035
-0.00061035
-0.00030518
 0.00000000
 0.00000000
 0.00030518
 0.00061035
 0.00091553
 0.00122070
 0.00091553
 0.00030518
-0.00030518
-0.00061035
-0.00091553
-0.00091553
-0.00091553
-0.00061035
-0.00030518
 0.00000000
 0.00061035
 0.00091553
 0.00122070
 0.00091553
 0.00091553
 0.00091553
 0.00030518
 0.00000000
-0.00030518
-0.00091553
-0.00122070
-0.00152588
-0.00122070
-0.00061035
 0.00000000
 0.00000000
 0.00030518
 0.00091553
 0.00122070
 0.00152588
 0.00183105
 0.00183105
 0.00183105
 0.00122070
 0.00061035
 0.00000000
-0.00030518
-0.00030518
-0.00061035
-0.00061035
-0.00122070
-0.00122070
-0.00122070
-0.00061035
-0.00030518
 0.00000000
 0.00000000
 0.00030518
 0.00030518
 0.00061035
 0.00091553
 0.00061035
 0.00061035
 0.00000000
-0.00061035
-0.00030518
-0.00030518
-0.00030518
-0.00091553
-0.00122070
-0.00122070
-0.00091553
-0.00030518
 0.00030518
 0.00030518
 0.00030518
 0.00061035
 0.00061035
 0.00061035
 0.00091553
 0.00061035
 0.00030518
 0.00000000
-0.00091553
-0.00152588
-0.00183105
-0.00183105
-0.00152588
-0.00122070
-0.00091553
-0.00061035
-0.00091553
-0.00061035
-0.00030518
-0.00030518
 0.00000000
 0.00030518
 0.00030518
 0.00030518
 0.00000000
-0.00061035
-0.00091553
-0.00061035
-0.00091553
-0.00091553
-0.00122070
-0.00152588
-0.00183105
-0.00152588
-0.00061035
 0.00030518
 0.00000000
-0.00030518
 0.00000000
 0.00000000
 0.00000000
-0.00061035
-0.00091553
-0.00152588
-0.00122070
-0.00091553
-0.00091553
-0.00091553
-0.00030518
 0.00000000
 0.00030518
 0.00061035
 0.00061035
 0.00030518
-0.00061035
-0.00091553
-0.00091553
-0.00091553
-0.00152588
-0.00213623
-0.00213623
-0.00213623
-0.00213623
-0.00183105
-0.00122070
-0.00091553
-0.00061035
-0.00030518
-0.00030518
 0.00000000
 0.00030518
-0.00030518
-0.00091553
-0.00152588
-0.00183105
-0.00183105
-0.00213623
-0.00213623
-0.00213623
-0.00183105
-0.00122070
-0.00061035
-0.00030518
-0.00030518
 0.00000000
 0.00000000
-0.00030518
-0.00030518
-0.00030518
-0.00030518
-0.00061035
-0.00122070
-0.00122070
-0.00091553
-0.00061035
-0.00091553
-0.00091553
-0.00061035
-0.00030518
-0.00030518
 0.00000000
 0.00000000
-0.00030518
 0.00000000
-0.00030518
-0.00061035
-0.00122070
-0.00152588
-0.00152588
-0.00122070
-0.00122070
-0.00122070
-0.00122070
-0.00122070
-0.00091553
-0.00061035
-0.00030518
 0.00000000
 0.00000000
 0.00000000
 0.00000000
-0.00061035
-0.00061035
-0.00061035
-0.00061035
-0.00091553
-0.00152588
-0.00152588
-0.00122070
-0.00061035
-0.00030518
-0.00061035
-0.00061035
 0.00000000
 0.00030518
 0.00030518
 0.00030518
 0.00061035
 0.00061035
 0.00030518
-0.00030518
-0.00061035
-0.00061035
-0.00030518
 0.00000000
 0.00030518
 0.00030518
 0.00000000
 0.00000000
 0.00061035
 0.00122070
 0.00152588
 0.00152588
 0.00122070
 0.00152588
 0.00183105
 0.00183105
 0.00152588
 0.00091553
 0.00030518
 0.00000000
-0.00030518
-0.00061035
-0.00030518
 0.00030518
 0.00061035
 0.00061035
 0.00030518
 0.00091553
 0.00091553
 0.00122070
 0.00152588
 0.00152588
 0.00122070
 0.00122070
 0.00122070
 0.00091553
 0.00122070
 0.00091553
 0.00091553
 0.00061035
 0.00061035
 0.00122070
 0.00213623
 0.00183105
 0.00183105
 0.00213623
 0.00213623
 0.00183105
 0.00183105
 0.00152588
 0.00122070
 0.00122070
 0.00061035
 0.00061035
 0.00030518
 0.00030518
 0.00000000
-0.00061035
-0.00030518
 0.00061035
 0.00152588
 0.00183105
 0.00183105
 0.00183105
 0.00183105
 0.00183105
 0.00183105
 0.00152588
 0.00122070
 0.00061035
 0.00030518
 0.00030518
 0.00030518
 0.00030518
 0.00030518
 0.00030518
 0.00061035
 0.00122070
 0.00183105
 0.00244141
 0.00274658
 0.00244141
 0.00183105
 0.00122070
 0.00091553
 0.00030518
-0.00030518
-0.00061035
-0.00091553
-0.00122070
-0.00122070
-0.00091553
-0.00030518
 0.00030518
 0.00122070
 0.00122070
 0.00122070
 0.00061035
 0.00091553
 0.00091553
 0.00000000
-0.00122070
-0.00244141
-0.00244141
-0.00183105
-0.00152588
-0.00152588
-0.00152588
-0.00091553
-0.00061035
-0.00030518
-0.00061035
-0.00030518
-0.00030518
-0.00030518
-0.00061035
-0.00152588
-0.00244141
-0.00274658
-0.00274658
-0.00244141
-0.00244141
-0.00183105
-0.00152588
-0.00122070
-0.00122070
-0.00091553
-0.00030518
-0.00030518
-0.00030518
-0.00091553
-0.00152588
-0.00213623
-0.00244141
-0.00274658
-0.00305176
-0.00366211
-0.00366211
-0.00274658
-0.00183105
-0.00152588
-0.00152588
-0.00152588
-0.00091553
-0.00030518
-0.00030518
-0.00030518
-0.00061035
-0.00122070
-0.00183105
-0.00244141
-0.00244141
-0.00244141
-0.00244141
-0.00244141
-0.00244141
-0.00244141
-0.00213623
-0.00152588
-0.00122070
-0.00152588
-0.00122070
-0.00152588
-0.00122070
-0.00122070
-0.00152588
-0.00213623
-0.00274658
-0.00274658
-0.00305176
-0.00305176
-0.00274658
-0.00213623
-0.00183105
-0.00183105
-0.00122070
-0.00030518
 0.00030518
 0.00030518
 0.00030518
-0.00030518
-0.00061035
-0.00091553
-0.00152588
-0.00122070
-0.00183105
-0.00213623
-0.00244141
-0.00183105
-0.00122070
-0.00152588
-0.00183105
-0.00152588
-0.00122070
-0.00061035
-0.00061035
-0.00061035
-0.00061035
-0.00061035
-0.00122070
-0.00122070
-0.00122070
-0.00152588
-0.00152588
-0.00152588
-0.00122070
-0.00122070
-0.00091553
 0.00000000
 0.00091553
 0.00152588
 0.00122070
 0.00061035
 0.00000000
-0.00061035
-0.00091553
-0.00152588
-0.00213623
-0.00274658
-0.00305176
-0.00244141
-0.00213623
-0.00152588
-0.00091553
-0.00030518
 0.00030518
 0.00061035
 0.00091553
 0.00091553
 0.00091553
 0.00061035
 0.00030518
-0.00061035
-0.00152588
-0.00152588
-0.00122070
-0.00091553
-0.00091553
-0.00061035
-0.00061035
-0.00061035
-0.00091553
-0.00030518
 0.00030518
 0.00030518
-0.00030518
-0.00091553
-0.00122070
-0.00091553
-0.00061035
-0.00030518
-0.00030518
-0.00061035
-0.00061035
-0.00030518
 0.00000000
 0.00030518
 0.00061035
 0.00030518
 0.00030518
 0.00030518
 0.00030518
-0.00030518
-0.00061035
-0.00091553
-0.00091553
-0.00122070
-0.00122070
-0.00122070
-0.00091553
-0.00091553
-0.00091553
 0.00000000
 0.00091553
 0.00091553
 0.00122070
 0.00091553
 0.00091553
 0.00091553
 0.00091553
 0.00030518
 0.00000000
-0.00030518
-0.00091553
-0.00091553
-0.00091553
-0.00061035
-0.00061035
-0.00061035
-0.00030518
-0.00030518
 0.00030518
 0.00061035
 0.00122070
 0.00122070
 0.00152588
 0.00122070
 0.00091553
 0.00061035
 0.00030518
 0.00030518
 0.00030518
 0.00030518
 0.00030518
 0.00061035
 0.00091553
 0.00091553
 0.00122070
 0.00152588
 0.00152588
 0.00122070
 0.00061035
 0.00030518
 0.00030518
 0.00000000
 0.00000000
-0.00030518
-0.00061035
-0.00030518
 0.00030518
 0.00152588
 0.00183105
 0.00183105
 0.00213623
 0.00244141
 0.00274658
 0.00244141
 0.00183105
 0.00152588
 0.00122070
 0.00091553
 0.00091553
 0.00030518
-0.00030518
-0.00030518
 0.00030518
 0.00091553
 0.00152588
 0.00122070
 0.00122070
 0.00152588
 0.00183105
 0.00183105
 0.00152588
 0.00183105
 0.00183105
 0.00122070
 0.00091553
 0.00030518
 0.00000000
 0.00000000
 0.00000000
-0.00030518
 0.00000000
 0.00030518
 0.00061035
 0.00091553
 0.00091553
 0.00061035
 0.00061035
 0.00030518
 0.00030518
 0.00061035
 0.00030518
-0.00030518
-0.00030518
-0.00030518
-0.00030518
 0.00000000
 0.00030518
 0.00061035
 0.00091553
 0.00091553
 0.00030518
 0.00061035
 0.00061035
 0.00030518
-0.00030518
-0.00061035
-0.00091553
-0.00122070
-0.00122070
-0.00061035
-0.00061035
-0.00122070
-0.00122070
-0.00061035
-0.00030518
-0.00030518
-0.00030518
-0.00030518
 0.00000000
 0.00000000
-0.00061035
-0.00091553
-0.00122070
-0.00091553
-0.00061035
-0.00091553
-0.00122070
-0.00122070
-0.00091553
-0.00061035
-0.00030518
-0.00030518
-0.00061035
-0.00091553
-0.00091553
-0.00091553
-0.00122070
-0.00183105
-0.00244141
-0.00244141
-0.00213623
-0.00244141
-0.00274658
-0.00213623
-0.00183105
-0.00183105
-0.00213623
-0.00152588
-0.00122070
-0.00061035
-0.00091553
-0.00152588
-0.00213623
-0.00213623
-0.00244141
-0.00305176
-0.00305176
-0.00305176
-0.00274658
-0.00213623
-0.00183105
-0.00183105
-0.00152588
-0.00091553
-0.00061035
-0.00061035
-0.00122070
-0.00152588
-0.00122070
-0.00183105
-0.00213623
-0.00244141
-0.00274658
-0.00244141
-0.00183105
-0.00122070
-0.00091553
-0.00061035
-0.00030518
-0.00030518
-0.00091553
-0.00091553
-0.00122070
-0.00122070
-0.00183105
-0.00183105
-0.00213623
-0.00244141
-0.00274658
-0.00244141
-0.00183105
-0.00152588
-0.00152588
-0.00122070
-0.00091553
-0.00061035
-0.00061035
-0.00061035
-0.00061035
-0.00091553
-0.00061035
-0.00061035
-0.00091553
-0.00152588
-0.00152588
-0.00122070
-0.00091553
-0.00030518
 0.00030518
 0.00030518
 0.00061035
 0.00030518
 0.00000000
 0.00000000
-0.00030518
-0.00061035
-0.00091553
-0.00152588
-0.00183105
-0.00244141
-0.00213623
-0.00152588
-0.00122070
-0.00091553
-0.00030518
 0.00000000
 0.00000000
 0.00000000
 0.00000000
 0.00030518
 0.00091553
 0.00091553
 0.00061035
 0.00061035
 0.00030518
 0.00000000
 0.00000000
 0.00000000
 0.00000000
 0.00061035
 0.00091553
 0.00091553
 0.00091553
 0.00091553
 0.00091553
 0.00091553
 0.00091553
 0.00091553
 0.00091553
 0.00091553
 0.00091553
 0.00061035
 0.00061035
 0.00061035
 0.00061035
 0.00061035
 0.00061035
 0.00091553
 0.00091553
 0.00122070
 0.00122070
 0.00091553
 0.00091553
 0.00091553
 0.00091553
 0.00122070
 0.00061035
 0.00000000
-0.00030518
-0.00030518
-0.00061035
-0.00061035
-0.00030518
-0.00030518
-0.00030518
 0.00000000
 0.00030518
 0.00061035
 0.00091553
 0.00061035
 0.00030518
 0.00030518
 0.00061035
 0.00061035
 0.00030518
 0.00030518
 0.00030518
 0.00000000
-0.00030518
-0.00030518
 0.00000000
 0.00030518
 0.00061035
 0.00061035
 0.00061035
 0.00030518
-0.00030518
-0.00061035
-0.00061035
-0.00091553
-0.00061035
-0.00030518
-0.00030518
-0.00030518
-0.00061035
-0.00091553
-0.00091553
-0.00061035
-0.00030518
 0.00000000
 0.00000000
 0.00000000
-0.00030518
-0.00061035
-0.00061035
-0.00061035
-0.00061035
-0.00061035
-0.00030518
-0.00030518
-0.00030518
-0.00061035
-0.00091553
-0.00122070
-0.00091553
-0.00091553
-0.00061035
-0.00061035
-0.00061035
-0.00061035
-0.00030518
 0.00000000
 0.00000000
-0.00030518
-0.00030518
-0.00030518
-0.00030518
-0.00030518
 0.00000000
 0.00000000
 0.00000000
-0.00030518
-0.00030518
-0.00030518
-0.00061035
-0.00061035
-0.00061035
 0.00000000
-0.00030518
-0.00030518
-0.00030518
 0.00000000
 0.00000000
-0.00030518
-0.00091553
-0.00122070
-0.00122070
-0.00122070
-0.00152588
-0.00122070
-0.00091553
-0.00030518
-0.00061035
-0.00061035
-0.00061035
 0.00000000
 0.00061035
 0.00091553
 0.00061035
 0.00030518
-0.00030518
-0.00030518
-0.00030518
-0.00061035
-0.00061035
-0.00091553
-0.00091553
-0.00122070
-0.00122070
-0.00091553
 0.00000000
 0.00030518
 0.00061035
 0.00061035
 0.00061035
 0.00061035
 0.00030518
 0.00030518
 0.00030518
 0.00000000
-0.00061035
-0.00091553
-0.00091553
-0.00091553
-0.00091553
-0.00061035
-0.00030518
 0.00000000
 0.00030518
 0.00030518
 0.00061035
 0.00061035
 0.00061035
 0.00030518
 0.00030518
 0.00000000
 0.00030518
 0.00000000
 0.00000000
 0.00000000
-0.00030518
-0.00061035
-0.00091553
-0.00122070
-0.00152588
-0.00122070
-0.00091553
-0.00091553
-0.00091553
-0.00061035
 0.00000000
 0.00030518
 0.00061035
 0.00061035
 0.00061035
 0.00030518
 0.00030518
 0.00000000
 0.00000000
-0.00061035
-0.00091553
-0.00091553
-0.00091553
-0.00061035
-0.00030518
 0.00000000
 0.00030518
 0.00061035
 0.00122070
 0.00152588
 0.00183105
 0.00122070
 0.00061035
-0.00030518
-0.00061035
-0.00091553
-0.00091553
-0.00091553
-0.00152588
-0.00152588
-0.00152588
-0.00152588
-0.00091553
-0.00061035
 0.00000000
 0.00061035
 0.00091553
 0.00061035
 0.00030518
-0.00030518
-0.00061035
-0.00122070
-0.00152588
-0.00152588
-0.00183105
-0.00213623
-0.00213623
-0.00183105
-0.00122070
-0.00061035
-0.00030518
 0.00000000
 0.00000000
 0.00030518
 0.00030518
 0.00000000
 0.00000000
-0.00061035
-0.00122070
-0.00122070
-0.00183105
-0.00244141
-0.00213623
-0.00122070
-0.00091553
-0.00122070
-0.00122070
-0.00061035
 0.00000000
 0.00030518
 0.00000000
 0.00000000
 0.00030518
 0.00000000
-0.00061035
-0.00122070
-0.00152588
-0.00152588
-0.00152588
-0.00152588
-0.00183105
-0.00152588
-0.00091553
-0.00061035
 0.00000000
 0.00030518
 0.00091553
 0.00091553
 0.00061035
 0.00030518
 0.00030518
 0.00061035
 0.00061035
 0.00000000
-0.00030518
-0.00061035
-0.00122070
-0.00061035
-0.00030518
 0.00000000
 0.00091553
 0.00091553
 0.00091553
 0.00061035
 0.00030518
-0.00030518
-0.00030518
 0.00000000
 0.00000000
-0.00061035
-0.00091553
-0.00152588
-0.00183105
-0.00152588
-0.00152588
-0.00122070
-0.00091553
-0.00030518
 0.00030518
 0.00091553
 0.00091553
 0.00122070
 0.00152588
 0.00152588
 0.00152588
 0.00152588
 0.00122070
 0.00061035
-0.00030518
-0.00091553
-0.00061035
 0.00030518
 0.00061035
 0.00061035
 0.00061035
 0.00091553
 0.00091553
 0.00091553
 0.00122070
 0.00122070
 0.00061035
 0.00030518
 0.00000000
 0.00061035
 0.00061035
 0.00030518
-0.00061035
-0.00091553
-0.00091553
 0.00000000
 0.00061035
 0.00061035
 0.00030518
 0.00030518
 0.00091553
 0.00122070
 0.00122070
 0.00122070
 0.00122070
 0.00091553
 0.00061035
 0.00000000
-0.00061035
-0.00091553
-0.00091553
-0.00122070
-0.00091553
-0.00061035
-0.00061035
 0.00000000
 0.00030518
 0.00061035
 0.00030518
 0.00030518
 0.00030518
 0.00030518
 0.00000000
-0.00061035
-0.00061035
-0.00091553
-0.00152588
-0.00183105
-0.00122070
-0.00061035
-0.00061035
-0.00091553
-0.00122070
-0.00091553
-0.00030518
 0.00000000
-0.00030518
-0.00061035
-0.00091553
-0.00122070
-0.00152588
-0.00183105
-0.00183105
-0.00213623
-0.00183105
-0.00183105
-0.00152588
-0.00122070
-0.00061035
-0.00030518
 0.00030518
 0.00030518
 0.00030518
 0.00000000
-0.00061035
-0.00091553
-0.00122070
-0.00152588
-0.00152588
-0.00152588
-0.00213623
-0.00274658
-0.00244141
-0.00183105
-0.00122070
-0.00061035
-0.00030518
-0.00061035
-0.00091553
-0.00122070
-0.00152588
-0.00183105
-0.00183105
-0.00183105
-0.00183105
-0.00213623
-0.00213623
-0.00213623
-0.00152588
-0.00122070
-0.00091553
-0.00091553
-0.00122070
-0.00122070
-0.00061035
-0.00061035
-0.00091553
-0.00152588
-0.00183105
-0.00213623
-0.00213623
-0.00244141
-0.00183105
-0.00091553
-0.00061035
-0.00061035
-0.00030518
-0.00030518
-0.00030518
 0.00030518
 0.00061035
 0.00000000
-0.00030518
-0.00091553
-0.00091553
-0.00030518
-0.00030518
-0.00030518
-0.00061035
-0.00030518
-0.00030518
-0.00030518
-0.00061035
-0.00030518
 0.00000000
 0.00000000
-0.00030518
 0.00000000
 0.00000000
 0.00030518
 0.00030518
 0.00061035
 0.00000000
-0.00061035
-0.00061035
-0.00030518
 0.00000000
