 0.00122070
 0.00091553
 0.00000000
-0.00061035
-0.00030518
-0.00030518
-0.00030518
-0.00030518
-0.00061035
-0.00061035
-0.00030518
 0.00000000
 0.00000000
 0.00000000
 0.00030518
 0.00030518
 0.00030518
 0.00000000
 0.00000000
 0.00030518
 0.00030518
 0.00030518
 0.00000000
 0.00000000
-0.00030518
-0.00030518
-0.00030518
-0.00030518
-0.00030518
 0.00000000
 0.00000000
 0.00030518
 0.00000000
 0.00000000
 0.00000000
 0.00030518
 0.00061035
 0.00061035
 0.00061035
 0.00030518
 0.00000000
 0.00030518
 0.00000000
-0.00030518
-0.00061035
-0.00030518
 0.00030518
 0.00091553
 0.00061035
-0.00030518
-0.00030518
-0.00030518
 0.00030518
 0.00030518
 0.00000000
 0.00000000
 0.00030518
 0.00000000
-0.00030518
-0.00061035
-0.00030518
 0.00000000
 0.00030518
 0.00061035
 0.00091553
 0.00030518
 0.00000000
 0.00061035
 0.00061035
 0.00030518
 0.00000000
 0.00000000
 0.00000000
-0.00030518
-0.00061035
-0.00030518
 0.00000000
-0.00030518
-0.00030518
-0.00061035
 0.00000000
 0.00030518
 0.00061035
 0.00061035
 0.00061035
 0.00030518
 0.00000000
 0.00000000
 0.00000000
 0.00030518
 0.00030518
 0.00030518
 0.00030518
 0.00030518
 0.00152588
 0.00549316
 0.01464844
 0.03295898
 0.06439209
 0.10467529
 0.13824463
 0.11779785
-0.02960205
-0.29083252
-0.58593750
-0.82458496
-0.82946777
-0.53497314
-0.04394531
 0.41198730
 0.66955566
 0.58471680
 0.40405273
 0.35247803
 0.29388428
 0.24475098
 0.26947021
 0.25299072
 0.05584717
-0.30242920
-0.62286377
-0.75347900
-0.71197510
-0.57250977
-0.38848877
-0.19134521
 0.08148193
 0.41198730
 0.69641113
 0.79101563
 0.58227539
 0.26184082
 0.01586914
-0.11596680
-0.16571045
-0.19683838
-0.21270752
-0.22094727
-0.23529053
-0.23376465
-0.16845703
-0.04486084
 0.05859375
 0.09643555
 0.10803223
 0.16082764
 0.29724121
 0.48187256
 0.51544189
 0.32836914
 0.03265381
-0.29052734
-0.44067383
-0.34423828
-0.14984131
 0.01342773
 0.13031006
 0.21148682
 0.24322510
 0.20172119
 0.09063721
 0.04364014
 0.12268066
 0.28442383
 0.43273926
 0.42266846
 0.28564453
 0.04364014
-0.24780273
-0.44006348
-0.42846680
-0.27435303
-0.07751465
 0.11413574
 0.26428223
 0.22003174
 0.13824463
 0.04241943
 0.01312256
 0.05004883
 0.11688232
 0.18310547
 0.19744873
 0.09826660
-0.06927490
-0.13946533
-0.08087158
 0.00610352
 0.04638672
 0.05249023
 0.06072998
 0.07324219
 0.09094238
 0.12023926
 0.15014648
 0.14221191
 0.06805420
-0.02136230
-0.07507324
-0.11871338
-0.17364502
-0.18859863
-0.11474609
 0.01831055
 0.12176514
 0.15289307
 0.12084961
 0.04028320
-0.01678467
 0.01190186
 0.11077881
 0.21514893
 0.24169922
 0.14678955
-0.02685547
-0.14587402
-0.18066406
-0.18249512
-0.15808105
-0.10986328
-0.07232666
-0.08178711
-0.15075684
-0.22033691
-0.23651123
-0.19744873
-0.10467529
 0.01495361
 0.09674072
 0.09613037
 0.00732422
-0.08758545
-0.08911133
-0.00579834
 0.13061523
 0.32257080
 0.40344238
 0.29937744
 0.04150391
-0.29663086
-0.50964355
-0.49011230
-0.32348633
-0.15808105
-0.08422852
-0.16021729
-0.42449951
-0.77484131
-1.06445313
-1.23870850
-1.21582031
-0.94696045
-0.46691895
 0.10589600
 0.72326660
 1.20025635
 1.39709473
 1.25854492
 0.93444824
 0.56488037
 0.15991211
-0.34576416
-0.81451416
-1.14746094
-1.26647949
-1.15295410
-0.82763672
-0.29174805
 0.35308838
 1.03607178
 1.66320801
 2.03643799
 1.97143555
 1.52099609
 0.89569092
 0.21667480
-0.55633545
-1.27136230
-1.78558350
-2.02545166
-1.96807861
-1.63085938
-1.05834961
-0.30059814
 0.47882080
 1.22680664
 1.79229736
 1.97937012
 1.74285889
 1.28601074
 0.74951172
 0.14068604
-0.54840088
-1.19018555
-1.68670654
-1.96380615
-1.97479248
-1.70959473
-1.19171143
-0.45715332
 0.37750244
 1.17431641
 1.84814453
 2.10449219
 1.71936035
 0.95245361
 0.28381348
-0.36437988
-0.82916260
-1.07696533
-1.11846924
-1.00036621
-0.76293945
-0.44525146
-0.07507324
 0.38330078
 0.83862305
 1.21459961
 1.39739990
 1.31439209
 1.00616455
 0.57891846
 0.13732910
-0.33996582
-0.72387695
-0.96466064
-1.02996826
-0.90393066
-0.60852051
-0.21484375
 0.18707275
 0.58410645
 0.76385498
 0.78491211
 0.73364258
 0.66223145
 0.55267334
 0.36651611
 0.08331299
-0.22583008
-0.53253174
-0.80017090
-0.98266602
-1.05804443
-1.00311279
-0.80810547
-0.49224854
-0.11474609
 0.31982422
 0.72967529
 0.98785400
 1.06903076
 0.99578857
 0.82702637
 0.62011719
 0.39916992
 0.19744873
-0.01159668
-0.19561768
-0.35552979
-0.45989990
-0.47485352
-0.39001465
-0.25329590
-0.04577637
 0.19866943
 0.45227051
 0.57250977
 0.59570313
 0.53375244
 0.39642334
 0.22033691
-0.02441406
-0.22491455
-0.38879395
-0.45989990
-0.43304443
-0.33050537
-0.19897461
-0.04058838
 0.11383057
 0.24932861
 0.35583496
 0.39947510
 0.40405273
 0.36987305
 0.29998779
 0.17425537
 0.02471924
-0.14678955
-0.31890869
-0.45928955
-0.52734375
-0.49621582
-0.37475586
-0.22125244
-0.03540039
 0.13000488
 0.24963379
 0.31250000
 0.32104492
 0.27526855
 0.19866943
 0.12847900
 0.05767822
-0.05035400
-0.19683838
-0.34881592
-0.48553467
-0.56182861
-0.55206299
-0.45349121
-0.31433105
-0.12695313
 0.07904053
 0.28106689
 0.40130615
 0.39428711
 0.34027100
 0.21972656
 0.02075195
-0.16479492
-0.31097412
-0.42022705
-0.47271729
-0.47668457
-0.44097900
-0.36956787
-0.28472900
-0.15258789
-0.00305176
 0.14312744
 0.26580811
 0.32623291
 0.33386230
 0.26153564
 0.07446289
-0.14404297
-0.33111572
-0.45257568
-0.48126221
-0.42388916
-0.31463623
-0.18615723
-0.02899170
 0.12481689
 0.26367188
 0.36621094
 0.42816162
 0.46020508
 0.45623779
 0.41229248
 0.32318115
 0.19714355
 0.06378174
-0.06195068
-0.15075684
-0.18951416
-0.18035889
-0.13031006
-0.04943848
 0.04516602
 0.13427734
 0.20294189
 0.24322510
 0.25085449
 0.21087646
 0.14190674
 0.07202148
 0.00579834
-0.05523682
-0.10253906
-0.13000488
-0.13916016
-0.13366699
-0.11657715
-0.08972168
-0.05462646
-0.00976563
 0.04333496
 0.09979248
 0.14984131
 0.17547607
 0.14587402
 0.06408691
-0.02685547
-0.09826660
-0.14709473
-0.16815186
-0.16082764
-0.13244629
-0.09216309
-0.04669189
-0.00091553
 0.04089355
 0.07385254
 0.09582520
 0.10955811
 0.11657715
 0.10955811
 0.07843018
 0.02624512
-0.02899170
-0.06835938
-0.08026123
-0.05889893
-0.00488281
 0.07934570
 0.18341064
 0.30395508
 0.39978027
 0.44799805
 0.46325684
 0.44921875
 0.40496826
 0.32867432
 0.22521973
 0.11077881
-0.00152588
-0.08789063
-0.13671875
-0.14556885
-0.11779785
-0.05798340
 0.02441406
 0.11596680
 0.20294189
 0.26855469
 0.30883789
 0.30578613
 0.24627686
 0.15625000
 0.06378174
-0.03234863
-0.12695313
-0.20233154
-0.24688721
-0.25878906
-0.23925781
-0.19287109
-0.12329102
-0.03936768
 0.04669189
 0.11718750
 0.16418457
 0.17272949
 0.11901855
 0.02166748
-0.07873535
-0.16906738
-0.24932861
-0.31005859
-0.33447266
-0.32012939
-0.27984619
-0.21392822
-0.12847900
-0.03479004
 0.05401611
 0.12054443
 0.16204834
 0.16113281
 0.10314941
 0.01586914
-0.06652832
-0.14160156
-0.20690918
-0.25085449
-0.26672363
-0.25726318
-0.22735596
-0.18341064
-0.13244629
-0.08117676
-0.03448486
 0.00244141
 0.01922607
 0.00946045
-0.02014160
-0.06256104
-0.11444092
-0.16967773
-0.21759033
-0.24810791
-0.25543213
-0.23895264
-0.20202637
-0.14892578
-0.08483887
-0.01708984
 0.04394531
 0.09124756
 0.11108398
 0.08483887
 0.02563477
-0.03845215
-0.10284424
-0.16876221
-0.22705078
-0.26763916
-0.28503418
-0.27832031
-0.25146484
-0.20965576
-0.15838623
-0.10498047
-0.05615234
-0.01800537
-0.00305176
-0.01770020
-0.04730225
-0.07629395
-0.10498047
-0.13183594
-0.15045166
-0.15686035
-0.15014648
-0.13305664
-0.10833740
-0.07873535
-0.04638672
-0.01434326
 0.01403809
 0.03509521
 0.04302979
 0.03540039
 0.01373291
-0.01647949
-0.04943848
-0.08148193
-0.10894775
-0.12817383
-0.13671875
-0.13244629
-0.11627197
-0.09033203
-0.05767822
-0.02319336
 0.00793457
 0.03234863
 0.04760742
 0.05615234
 0.06042480
 0.06134033
 0.05798340
 0.05126953
 0.04394531
 0.03845215
 0.03479004
 0.03356934
 0.03479004
 0.03753662
 0.04180908
 0.04882813
 0.05920410
 0.07110596
 0.08239746
 0.09124756
 0.09643555
 0.09826660
 0.09857178
 0.09796143
 0.09765625
 0.09826660
 0.09887695
 0.10040283
 0.10467529
 0.11352539
 0.12603760
 0.14038086
 0.15441895
 0.16510010
 0.17089844
 0.17150879
 0.16723633
 0.16082764
 0.15380859
 0.14587402
 0.13793945
 0.13092041
 0.12329102
 0.11505127
 0.10375977
 0.08850098
 0.06866455
 0.04791260
 0.03051758
 0.02044678
 0.02014160
 0.02990723
 0.04791260
 0.07110596
 0.09490967
 0.11505127
 0.12725830
 0.13000488
 0.12237549
 0.10681152
 0.08636475
 0.06408691
 0.04333496
 0.02685547
 0.01617432
 0.01159668
 0.01190186
 0.01586914
 0.02166748
 0.02685547
 0.03021240
 0.03082275
 0.03051758
 0.02929688
 0.02868652
 0.02990723
 0.03387451
 0.04180908
 0.05584717
 0.07537842
 0.09887695
 0.12481689
 0.15197754
 0.17761230
 0.19989014
 0.21606445
 0.22369385
 0.22338867
 0.21728516
 0.20599365
 0.18890381
 0.16479492
 0.13275146
 0.09490967
 0.05432129
 0.01495361
-0.01953125
-0.04730225
-0.06713867
-0.07751465
-0.07934570
-0.07385254
-0.06347656
-0.05126953
-0.03967285
-0.03082275
-0.02532959
-0.02319336
-0.02502441
-0.03204346
-0.04394531
-0.05920410
-0.07598877
-0.09368896
-0.11016846
-0.12268066
-0.12878418
-0.12756348
-0.12023926
-0.10772705
-0.09216309
-0.07690430
-0.06530762
-0.05828857
-0.05645752
-0.05828857
-0.06286621
-0.06927490
-0.07507324
-0.07843018
-0.07720947
-0.06988525
-0.05645752
-0.03692627
-0.01159668
 0.01861572
 0.05157471
 0.08422852
 0.11352539
 0.13427734
 0.14282227
 0.13793945
 0.12207031
 0.09948730
 0.07415771
 0.05035400
 0.02990723
 0.01342773
-0.00030518
-0.01129150
-0.02105713
-0.02929688
-0.03692627
-0.04577637
-0.05737305
-0.07141113
-0.08728027
-0.10406494
-0.12054443
-0.13488770
-0.14434814
-0.14678955
-0.14099121
-0.12573242
-0.10101318
-0.06805420
-0.02990723
 0.00915527
 0.04425049
 0.07019043
 0.08178711
 0.08117676
 0.07354736
 0.06164551
 0.04669189
 0.02960205
 0.01251221
-0.00152588
-0.00915527
-0.00885010
-0.00183105
 0.01068115
 0.02655029
 0.04272461
 0.05554199
 0.06103516
 0.05493164
 0.03601074
 0.00732422
-0.02655029
-0.06042480
-0.08880615
-0.10711670
-0.11474609
-0.11169434
-0.09857178
-0.07843018
-0.05401611
-0.02929688
-0.00854492
 0.00427246
 0.00640869
-0.00183105
-0.01953125
-0.04547119
-0.07476807
-0.10284424
-0.12542725
-0.14007568
-0.14404297
-0.13763428
-0.12145996
-0.09735107
-0.06896973
-0.03997803
-0.01495361
 0.00274658
 0.01312256
 0.01739502
 0.01800537
 0.01556396
 0.01098633
 0.00549316
 0.00122070
 0.00183105
 0.00793457
 0.02044678
 0.03753662
 0.05737305
 0.07812500
 0.09552002
 0.10803223
 0.11444092
 0.11505127
 0.11047363
 0.10040283
 0.08514404
 0.06591797
 0.04455566
 0.02258301
 0.00000000
-0.02136230
-0.04089355
-0.05706787
-0.06927490
-0.07568359
-0.07751465
-0.07568359
-0.07293701
-0.07080078
-0.07202148
-0.07781982
-0.08666992
-0.09765625
-0.10833740
-0.11810303
-0.12664795
-0.13275146
-0.13549805
-0.13427734
-0.12817383
-0.11688232
-0.10009766
-0.07873535
-0.05493164
-0.03326416
-0.01647949
-0.00671387
-0.00518799
-0.01007080
-0.01922607
-0.03082275
-0.04394531
-0.05615234
-0.06500244
-0.06927490
-0.06805420
-0.06042480
-0.04730225
-0.03051758
-0.01129150
 0.00701904
 0.02258301
 0.03417969
 0.04028320
 0.04180908
 0.03845215
 0.03112793
 0.02197266
 0.01312256
 0.00671387
 0.00396729
 0.00579834
 0.01281738
 0.02471924
 0.04089355
 0.05889893
 0.07507324
 0.08575439
 0.08789063
 0.08209229
 0.06988525
 0.05371094
 0.03601074
 0.01892090
 0.00457764
-0.00518799
-0.00915527
-0.00701904
 0.00152588
 0.01556396
 0.03356934
 0.05401611
 0.07446289
 0.09216309
 0.10498047
 0.11108398
 0.11016846
 0.10223389
 0.08880615
 0.07293701
 0.05798340
 0.04760742
 0.04333496
 0.04547119
 0.05340576
 0.06469727
 0.07751465
 0.09002686
 0.10101318
 0.10925293
 0.11413574
 0.11474609
 0.11169434
 0.10345459
 0.09124756
 0.07690430
 0.06195068
 0.04821777
 0.03662109
 0.02838135
 0.02471924
 0.02532959
 0.02929688
 0.03509521
 0.04028320
 0.04333496
 0.04302979
 0.03936768
 0.03387451
 0.02807617
 0.02288818
 0.01953125
 0.01739502
 0.01525879
 0.01251221
 0.00885010
 0.00518799
 0.00274658
 0.00244141
 0.00396729
 0.00671387
 0.01037598
 0.01434326
 0.01678467
 0.01678467
 0.01403809
 0.00976563
 0.00518799
 0.00091553
-0.00183105
-0.00305176
-0.00305176
-0.00305176
-0.00366211
-0.00640869
-0.01037598
-0.01434326
-0.01708984
-0.01861572
-0.01831055
-0.01800537
-0.01892090
-0.02258301
-0.02838135
-0.03631592
-0.04486084
-0.05279541
-0.05828857
-0.06103516
-0.06103516
-0.05950928
-0.05828857
-0.05645752
-0.05493164
-0.05371094
-0.05279541
-0.05096436
-0.04791260
-0.04516602
-0.04394531
-0.04455566
-0.04699707
-0.05035400
-0.05310059
-0.05462646
-0.05432129
-0.05157471
-0.04577637
-0.03784180
-0.02929688
-0.02166748
-0.01495361
-0.00976563
-0.00671387
-0.00518799
-0.00457764
-0.00457764
-0.00457764
-0.00427246
-0.00427246
-0.00427246
-0.00457764
-0.00488281
-0.00488281
-0.00396729
-0.00244141
 0.00061035
 0.00396729
 0.00701904
 0.00885010
 0.00946045
 0.00885010
 0.00732422
 0.00549316
 0.00396729
 0.00152588
-0.00091553
-0.00305176
-0.00579834
-0.00976563
-0.01403809
-0.01861572
-0.02319336
-0.02746582
-0.03021240
-0.03051758
-0.02899170
-0.02746582
-0.02685547
-0.02838135
-0.03173828
-0.03631592
-0.04150391
-0.04577637
-0.04913330
-0.05157471
-0.05279541
-0.05279541
-0.05157471
-0.04913330
-0.04608154
-0.04180908
-0.03631592
-0.03051758
-0.02471924
-0.02075195
-0.01861572
-0.01770020
-0.01800537
-0.01861572
-0.01922607
-0.01983643
-0.01953125
-0.01678467
-0.01159668
-0.00488281
 0.00305176
 0.01037598
 0.01678467
 0.02166748
 0.02563477
 0.02929688
 0.03265381
 0.03509521
 0.03784180
 0.03997803
 0.04028320
 0.03997803
 0.03967285
 0.03997803
 0.04119873
 0.04272461
 0.04425049
 0.04486084
 0.04486084
 0.04455566
 0.04394531
 0.04272461
 0.04058838
 0.03814697
 0.03662109
 0.03631592
 0.03845215
 0.04211426
 0.04638672
 0.05096436
 0.05462646
 0.05676270
 0.05737305
 0.05676270
 0.05462646
 0.05096436
 0.04608154
 0.03967285
 0.03265381
 0.02593994
 0.02014160
 0.01556396
 0.01281738
 0.01190186
 0.01281738
 0.01525879
 0.01770020
 0.01953125
 0.01983643
 0.01861572
 0.01617432
 0.01403809
 0.01220703
 0.01037598
 0.00946045
 0.00946045
 0.01068115
 0.01190186
 0.01464844
 0.01800537
 0.02166748
 0.02593994
 0.03082275
 0.03509521
 0.03784180
 0.03753662
 0.03417969
 0.02868652
 0.02166748
 0.01281738
 0.00396729
-0.00396729
-0.01129150
-0.01678467
-0.01922607
-0.01953125
-0.01770020
-0.01342773
-0.00793457
-0.00122070
 0.00579834
 0.01220703
 0.01708984
 0.01861572
 0.01617432
 0.01007080
 0.00244141
-0.00549316
-0.01312256
-0.02014160
-0.02593994
-0.03021240
-0.03265381
-0.03295898
-0.03082275
-0.02807617
-0.02532959
-0.02349854
-0.02319336
-0.02532959
-0.02990723
-0.03692627
-0.04608154
-0.05676270
-0.06805420
-0.07873535
-0.08697510
-0.09185791
-0.09155273
-0.08636475
-0.07781982
-0.06652832
-0.05340576
-0.04119873
-0.03143311
-0.02410889
-0.02044678
-0.01953125
-0.02166748
-0.02716064
-0.03570557
-0.04425049
-0.05126953
-0.05584717
-0.05706787
-0.05432129
-0.04791260
-0.03875732
-0.02868652
-0.01892090
-0.01190186
-0.00885010
-0.00946045
-0.01312256
-0.01861572
-0.02471924
-0.03051758
-0.03356934
-0.03356934
-0.03051758
-0.02441406
-0.01556396
-0.00488281
 0.00793457
 0.02105713
 0.03417969
 0.04486084
 0.05157471
 0.05340576
 0.05065918
 0.04486084
 0.03814697
 0.03204346
 0.02624512
 0.02227783
 0.02075195
 0.02319336
 0.02807617
 0.03479004
 0.04302979
 0.05126953
 0.05859375
 0.06378174
 0.06683350
 0.06774902
 0.06683350
 0.06378174
 0.05859375
 0.05126953
 0.04241943
 0.03356934
 0.02563477
 0.02014160
 0.01708984
 0.01647949
 0.01647949
 0.01739502
 0.01861572
 0.01892090
 0.01739502
 0.01373291
 0.00793457
 0.00091553
-0.00671387
-0.01373291
-0.02014160
-0.02624512
-0.03265381
-0.03784180
-0.04119873
-0.04180908
-0.03875732
-0.03265381
-0.02441406
-0.01525879
-0.00701904
-0.00091553
 0.00183105
 0.00183105
-0.00030518
-0.00366211
-0.00793457
-0.01220703
-0.01525879
-0.01586914
-0.01495361
-0.01251221
-0.00854492
-0.00305176
 0.00396729
 0.01190186
 0.02075195
 0.02899170
 0.03479004
 0.03875732
 0.04028320
 0.03906250
 0.03540039
 0.02929688
 0.02258301
 0.01586914
 0.01037598
 0.00671387
 0.00518799
 0.00549316
 0.00671387
 0.00854492
 0.00885010
 0.00823975
 0.00610352
 0.00213623
-0.00335693
-0.01068115
-0.01922607
-0.02838135
-0.03814697
-0.04730225
-0.05401611
-0.05737305
-0.05767822
-0.05523682
-0.05065918
-0.04425049
-0.03753662
-0.03173828
-0.02746582
-0.02502441
-0.02410889
-0.02532959
-0.02716064
-0.02960205
-0.03173828
-0.03295898
-0.03387451
-0.03326416
-0.03021240
-0.02471924
-0.01770020
-0.01037598
-0.00396729
 0.00000000
 0.00213623
 0.00305176
 0.00305176
 0.00152588
-0.00091553
-0.00366211
-0.00549316
-0.00671387
-0.00640869
-0.00427246
 0.00030518
 0.00579834
 0.01129150
 0.01617432
 0.02044678
 0.02410889
 0.02777100
 0.03051758
 0.03173828
 0.03173828
 0.02990723
 0.02716064
 0.02532959
 0.02380371
 0.02288818
 0.02227783
 0.02227783
 0.02349854
 0.02502441
 0.02593994
 0.02593994
 0.02502441
 0.02349854
 0.02166748
 0.02014160
 0.01892090
 0.01770020
 0.01708984
 0.01586914
 0.01495361
 0.01434326
 0.01434326
 0.01495361
 0.01556396
 0.01556396
 0.01464844
 0.01251221
 0.00946045
 0.00640869
 0.00335693
-0.00030518
-0.00427246
-0.00885010
-0.01281738
-0.01556396
-0.01647949
-0.01586914
-0.01495361
-0.01434326
-0.01434326
-0.01342773
-0.01220703
-0.01098633
-0.01037598
-0.01037598
-0.01007080
-0.01007080
-0.00885010
-0.00701904
-0.00488281
-0.00213623
 0.00152588
 0.00610352
 0.01190186
 0.01800537
 0.02349854
 0.02746582
 0.02960205
 0.02990723
 0.02899170
 0.02777100
 0.02593994
 0.02380371
 0.02197266
 0.02105713
 0.02105713
 0.02227783
 0.02441406
 0.02838135
 0.03356934
 0.03906250
 0.04455566
 0.04913330
 0.05249023
 0.05340576
 0.05218506
 0.04913330
 0.04425049
 0.03814697
 0.03204346
 0.02624512
 0.02105713
 0.01678467
 0.01434326
 0.01373291
 0.01464844
 0.01617432
 0.01861572
 0.02105713
 0.02349854
 0.02471924
 0.02471924
 0.02227783
 0.01770020
 0.01190186
 0.00610352
 0.00061035
-0.00244141
-0.00305176
-0.00122070
 0.00305176
 0.00915527
 0.01647949
 0.02410889
 0.02990723
 0.03295898
 0.03326416
 0.03143311
 0.02838135
 0.02349854
 0.01739502
 0.01037598
 0.00274658
-0.00488281
-0.01037598
-0.01373291
-0.01434326
-0.01251221
-0.00915527
-0.00518799
-0.00183105
 0.00030518
 0.00030518
-0.00091553
-0.00457764
-0.00976563
-0.01525879
-0.02014160
-0.02441406
-0.02807617
-0.03021240
-0.03173828
-0.03326416
-0.03479004
-0.03570557
-0.03662109
-0.03784180
-0.03997803
-0.04211426
-0.04547119
-0.04974365
-0.05493164
-0.06042480
-0.06500244
-0.06835938
-0.07049561
-0.07110596
-0.07019043
-0.06896973
-0.06744385
-0.06622314
-0.06530762
-0.06469727
-0.06500244
-0.06500244
-0.06469727
-0.06378174
-0.06164551
-0.05889893
-0.05615234
-0.05371094
-0.05126953
-0.04852295
-0.04608154
-0.04333496
-0.04089355
-0.03875732
-0.03631592
-0.03356934
-0.03112793
-0.02838135
-0.02563477
-0.02227783
-0.01739502
-0.01129150
-0.00488281
 0.00183105
 0.00854492
 0.01556396
 0.02166748
 0.02624512
 0.02990723
 0.03265381
 0.03448486
 0.03509521
 0.03448486
 0.03356934
 0.03265381
 0.03204346
 0.03112793
 0.02990723
 0.02868652
 0.02685547
 0.02471924
 0.02319336
 0.02227783
 0.02227783
 0.02136230
 0.01953125
 0.01708984
 0.01434326
 0.01251221
 0.01159668
 0.01129150
 0.01129150
 0.01159668
 0.01129150
 0.01129150
 0.01129150
 0.01159668
 0.01220703
 0.01190186
 0.01129150
 0.01007080
 0.00732422
 0.00427246
 0.00122070
-0.00213623
-0.00549316
-0.00823975
-0.01037598
-0.01159668
-0.01129150
-0.00976563
-0.00640869
-0.00183105
 0.00366211
 0.00885010
 0.01342773
 0.01800537
 0.02197266
 0.02441406
 0.02471924
 0.02471924
 0.02532959
 0.02685547
 0.02868652
 0.03051758
 0.03295898
 0.03448486
 0.03601074
 0.03753662
 0.03936768
 0.04058838
 0.04058838
 0.03906250
 0.03631592
 0.03204346
 0.02655029
 0.02136230
 0.01678467
 0.01251221
 0.00854492
 0.00518799
 0.00274658
 0.00061035
-0.00152588
-0.00335693
-0.00457764
-0.00579834
-0.00701904
-0.00854492
-0.01037598
-0.01220703
-0.01342773
-0.01495361
-0.01647949
-0.01770020
-0.01800537
-0.01800537
-0.01861572
-0.02044678
-0.02349854
-0.02685547
-0.03021240
-0.03356934
-0.03814697
-0.04272461
-0.04669189
-0.05004883
-0.05310059
-0.05462646
-0.05432129
-0.05249023
-0.04974365
-0.04608154
-0.04180908
-0.03723145
-0.03204346
-0.02624512
-0.02044678
-0.01586914
-0.01190186
-0.00823975
-0.00457764
-0.00091553
 0.00213623
 0.00427246
 0.00640869
 0.00793457
 0.00976563
 0.01159668
 0.01342773
 0.01403809
 0.01464844
 0.01525879
 0.01647949
 0.01800537
 0.01953125
 0.02105713
 0.02258301
 0.02502441
 0.02777100
 0.02990723
 0.03234863
 0.03479004
 0.03692627
 0.03845215
 0.03967285
 0.04028320
 0.04028320
 0.03967285
 0.03814697
 0.03662109
 0.03387451
 0.03021240
 0.02624512
 0.02319336
 0.01983643
 0.01617432
 0.01251221
 0.00915527
 0.00549316
 0.00183105
-0.00152588
-0.00488281
-0.00823975
-0.01220703
-0.01617432
-0.01861572
-0.01953125
-0.01983643
-0.02044678
-0.02075195
-0.02136230
-0.02105713
-0.02014160
-0.01831055
-0.01647949
-0.01556396
-0.01464844
-0.01312256
-0.01129150
-0.00946045
-0.00732422
-0.00549316
-0.00335693
-0.00152588
 0.00000000
 0.00183105
 0.00366211
 0.00518799
 0.00640869
 0.00762939
 0.00885010
 0.01037598
 0.01220703
 0.01403809
 0.01708984
 0.02136230
 0.02655029
 0.03204346
 0.03631592
 0.03967285
 0.04241943
 0.04425049
 0.04425049
 0.04272461
 0.04058838
 0.03814697
 0.03509521
 0.03143311
 0.02716064
 0.02349854
 0.02044678
 0.01831055
 0.01739502
 0.01770020
 0.01892090
 0.02014160
 0.02105713
 0.02105713
 0.01983643
 0.01739502
 0.01464844
 0.01159668
 0.00793457
 0.00457764
 0.00152588
-0.00091553
-0.00213623
-0.00274658
-0.00244141
-0.00152588
 0.00000000
 0.00305176
 0.00579834
 0.00762939
 0.00732422
 0.00640869
 0.00396729
 0.00091553
-0.00335693
-0.00885010
-0.01373291
-0.01708984
-0.01831055
-0.01831055
-0.01678467
-0.01373291
-0.01007080
-0.00518799
-0.00061035
 0.00335693
 0.00579834
 0.00732422
 0.00762939
 0.00732422
 0.00671387
 0.00549316
 0.00396729
 0.00213623
 0.00122070
 0.00152588
 0.00183105
 0.00213623
 0.00305176
 0.00396729
 0.00427246
 0.00366211
 0.00122070
-0.00183105
-0.00579834
-0.00946045
-0.01312256
-0.01617432
-0.01831055
-0.01922607
-0.01892090
-0.01800537
-0.01800537
-0.01861572
-0.01983643
-0.02136230
-0.02319336
-0.02593994
-0.02960205
-0.03387451
-0.03753662
-0.03997803
-0.04211426
-0.04425049
-0.04669189
-0.04913330
-0.05096436
-0.05279541
-0.05493164
-0.05676270
-0.05828857
-0.06042480
-0.06225586
-0.06378174
-0.06439209
-0.06378174
-0.06225586
-0.06072998
-0.05889893
-0.05706787
-0.05493164
-0.05218506
-0.04974365
-0.04730225
-0.04547119
-0.04364014
-0.04089355
-0.03692627
-0.03204346
-0.02716064
-0.02227783
-0.01770020
-0.01312256
-0.00976563
-0.00701904
-0.00518799
-0.00457764
-0.00457764
-0.00488281
-0.00579834
-0.00579834
-0.00518799
-0.00396729
-0.00152588
 0.00152588
 0.00610352
 0.01098633
 0.01495361
 0.01800537
 0.02044678
 0.02227783
 0.02410889
 0.02532959
 0.02563477
 0.02532959
 0.02441406
 0.02349854
 0.02197266
 0.01953125
 0.01770020
 0.01708984
 0.01647949
 0.01617432
 0.01556396
 0.01525879
 0.01434326
 0.01312256
 0.01159668
 0.01098633
 0.01098633
 0.01098633
 0.01098633
 0.01098633
 0.01068115
 0.01037598
 0.00976563
 0.00976563
 0.01037598
 0.01129150
 0.01190186
 0.01220703
 0.01312256
 0.01434326
 0.01556396
 0.01678467
 0.01770020
 0.01861572
 0.01800537
 0.01770020
 0.01678467
 0.01617432
 0.01617432
 0.01586914
 0.01556396
 0.01525879
 0.01525879
 0.01617432
 0.01831055
 0.02136230
 0.02563477
 0.02990723
 0.03387451
 0.03723145
 0.03967285
 0.04089355
 0.04119873
 0.04058838
 0.03967285
 0.03753662
 0.03570557
 0.03417969
 0.03265381
 0.03112793
 0.03082275
 0.03143311
 0.03204346
 0.03387451
 0.03540039
 0.03601074
 0.03509521
 0.03326416
 0.02990723
 0.02563477
 0.02075195
 0.01464844
 0.00946045
 0.00488281
 0.00030518
-0.00335693
-0.00457764
-0.00457764
-0.00335693
-0.00183105
-0.00030518
 0.00152588
 0.00274658
 0.00335693
 0.00244141
 0.00061035
-0.00152588
-0.00396729
-0.00701904
-0.01037598
-0.01281738
-0.01464844
-0.01495361
-0.01403809
-0.01220703
-0.00976563
-0.00671387
-0.00427246
-0.00183105
-0.00030518
 0.00030518
 0.00000000
-0.00122070
-0.00274658
-0.00366211
-0.00396729
-0.00457764
-0.00457764
-0.00305176
-0.00030518
 0.00305176
 0.00671387
 0.01068115
 0.01403809
 0.01617432
 0.01800537
 0.01922607
 0.01983643
 0.01922607
 0.01678467
 0.01342773
 0.00976563
 0.00640869
 0.00366211
 0.00122070
-0.00091553
-0.00183105
-0.00183105
-0.00152588
-0.00030518
 0.00122070
 0.00274658
 0.00366211
 0.00366211
 0.00305176
 0.00244141
 0.00213623
 0.00091553
-0.00061035
-0.00213623
-0.00396729
-0.00549316
-0.00671387
-0.00793457
-0.00823975
-0.00762939
-0.00579834
-0.00457764
-0.00366211
-0.00305176
-0.00335693
-0.00396729
-0.00549316
-0.00762939
-0.00946045
-0.01068115
-0.01068115
-0.01068115
-0.00946045
-0.00732422
-0.00518799
-0.00213623
 0.00152588
 0.00518799
 0.00823975
 0.01068115
 0.01190186
 0.01190186
 0.01098633
 0.00854492
 0.00579834
 0.00274658
 0.00030518
-0.00091553
-0.00152588
-0.00030518
 0.00213623
 0.00457764
 0.00640869
 0.00823975
 0.00915527
 0.00915527
 0.00885010
 0.00823975
 0.00732422
 0.00579834
 0.00427246
 0.00183105
-0.00030518
-0.00213623
-0.00335693
-0.00366211
-0.00335693
-0.00244141
-0.00122070
-0.00091553
-0.00091553
-0.00183105
-0.00427246
-0.00762939
-0.01159668
-0.01495361
-0.01739502
-0.01922607
-0.02105713
-0.02227783
-0.02288818
-0.02319336
-0.02380371
-0.02441406
-0.02563477
-0.02655029
-0.02746582
-0.02838135
-0.02868652
-0.02960205
-0.03112793
-0.03265381
-0.03356934
-0.03326416
-0.03112793
-0.02838135
-0.02593994
-0.02380371
-0.02166748
-0.01983643
-0.01831055
-0.01800537
-0.01861572
-0.01983643
-0.02136230
-0.02197266
-0.02136230
-0.02044678
-0.01922607
-0.01861572
-0.01708984
-0.01464844
-0.01251221
-0.01037598
-0.00854492
-0.00640869
-0.00427246
-0.00213623
-0.00091553
 0.00000000
 0.00030518
 0.00030518
 0.00061035
 0.00091553
 0.00183105
 0.00335693
 0.00488281
 0.00610352
 0.00701904
 0.00701904
 0.00640869
 0.00518799
 0.00366211
 0.00152588
-0.00061035
-0.00305176
-0.00518799
-0.00762939
-0.00915527
-0.01037598
-0.01007080
-0.00915527
-0.00732422
-0.00396729
 0.00000000
 0.00335693
 0.00579834
 0.00732422
 0.00823975
 0.00854492
 0.00793457
 0.00640869
 0.00396729
 0.00183105
-0.00061035
-0.00274658
-0.00335693
-0.00335693
-0.00213623
-0.00030518
 0.00213623
 0.00396729
 0.00549316
 0.00549316
 0.00488281
 0.00335693
 0.00183105
 0.00030518
-0.00152588
-0.00274658
-0.00335693
-0.00274658
-0.00091553
 0.00122070
 0.00396729
 0.00732422
 0.01068115
 0.01373291
 0.01586914
 0.01708984
 0.01739502
 0.01739502
 0.01647949
 0.01525879
 0.01342773
 0.01098633
 0.00854492
 0.00701904
 0.00640869
 0.00640869
 0.00610352
 0.00579834
 0.00579834
 0.00610352
 0.00549316
 0.00457764
 0.00427246
 0.00396729
 0.00427246
 0.00427246
 0.00427246
 0.00549316
 0.00701904
 0.00823975
 0.00946045
 0.01037598
 0.01159668
 0.01251221
 0.01312256
 0.01312256
 0.01251221
 0.01190186
 0.01037598
 0.00793457
 0.00549316
 0.00335693
 0.00152588
-0.00030518
-0.00152588
-0.00213623
-0.00183105
-0.00091553
 0.00091553
 0.00305176
 0.00518799
 0.00671387
 0.00793457
 0.00854492
 0.00915527
 0.00976563
 0.01037598
 0.01037598
 0.00915527
 0.00732422
 0.00610352
 0.00549316
 0.00579834
 0.00640869
 0.00732422
 0.00732422
 0.00732422
 0.00701904
 0.00640869
 0.00549316
 0.00488281
 0.00427246
 0.00274658
 0.00122070
 0.00030518
-0.00061035
-0.00183105
-0.00366211
-0.00457764
-0.00457764
-0.00396729
-0.00274658
-0.00152588
-0.00030518
 0.00061035
 0.00091553
 0.00000000
-0.00091553
-0.00183105
-0.00244141
-0.00396729
-0.00549316
-0.00610352
-0.00549316
-0.00518799
-0.00518799
-0.00488281
-0.00488281
-0.00488281
-0.00488281
-0.00549316
-0.00671387
-0.00793457
-0.00915527
-0.01037598
-0.01220703
-0.01373291
-0.01525879
-0.01586914
-0.01556396
-0.01434326
-0.01190186
-0.00976563
-0.00854492
-0.00823975
-0.00823975
-0.00915527
-0.01037598
-0.01159668
-0.01220703
-0.01312256
-0.01342773
-0.01403809
-0.01464844
-0.01525879
-0.01586914
-0.01647949
-0.01647949
-0.01617432
-0.01617432
-0.01647949
-0.01678467
-0.01739502
-0.01800537
-0.01800537
-0.01708984
-0.01617432
-0.01495361
-0.01403809
-0.01281738
-0.01159668
-0.01098633
-0.01098633
-0.01129150
-0.01220703
-0.01281738
-0.01373291
-0.01464844
-0.01586914
-0.01708984
-0.01739502
-0.01739502
-0.01617432
-0.01434326
-0.01281738
-0.01159668
-0.01068115
-0.00915527
-0.00793457
-0.00732422
-0.00762939
-0.00823975
-0.00915527
-0.01007080
-0.01007080
-0.00885010
-0.00701904
-0.00457764
-0.00183105
 0.00183105
 0.00549316
 0.00854492
 0.01068115
 0.01190186
 0.01281738
 0.01312256
 0.01281738
 0.01220703
 0.01129150
 0.01068115
 0.01037598
 0.01068115
 0.01220703
 0.01403809
 0.01708984
 0.02044678
 0.02380371
 0.02624512
 0.02807617
 0.02899170
 0.02929688
 0.02960205
 0.02990723
 0.03021240
 0.02990723
 0.02990723
 0.03021240
 0.03082275
 0.03112793
 0.03204346
 0.03295898
 0.03387451
 0.03479004
 0.03479004
 0.03417969
 0.03265381
 0.03112793
 0.02929688
 0.02838135
 0.02716064
 0.02593994
 0.02502441
 0.02471924
 0.02502441
 0.02593994
 0.02655029
 0.02716064
 0.02685547
 0.02593994
 0.02532959
 0.02441406
 0.02349854
 0.02258301
 0.02105713
 0.01922607
 0.01770020
 0.01647949
 0.01525879
 0.01373291
 0.01281738
 0.01190186
 0.01129150
 0.01037598
 0.00885010
 0.00732422
 0.00610352
 0.00457764
 0.00335693
 0.00213623
 0.00061035
-0.00061035
-0.00091553
-0.00152588
-0.00274658
-0.00488281
-0.00610352
-0.00671387
-0.00701904
-0.00701904
-0.00732422
-0.00793457
-0.00885010
-0.01007080
-0.01098633
-0.01129150
-0.01190186
-0.01220703
-0.01220703
-0.01220703
-0.01281738
-0.01403809
-0.01586914
-0.01831055
-0.01983643
-0.02105713
-0.02227783
-0.02227783
-0.02227783
-0.02227783
-0.02197266
-0.02075195
-0.01953125
-0.01861572
-0.01770020
-0.01647949
-0.01434326
-0.01281738
-0.01220703
-0.01220703
-0.01251221
-0.01281738
-0.01312256
-0.01373291
-0.01403809
-0.01403809
-0.01434326
-0.01464844
-0.01373291
-0.01312256
-0.01251221
-0.01251221
-0.01251221
-0.01220703
-0.01159668
-0.01098633
-0.01037598
-0.01007080
-0.00915527
-0.00885010
-0.00885010
-0.00823975
-0.00762939
-0.00762939
-0.00732422
-0.00640869
-0.00488281
-0.00305176
-0.00183105
-0.00061035
 0.00030518
 0.00061035
 0.00000000
-0.00061035
-0.00122070
-0.00183105
-0.00305176
-0.00396729
-0.00427246
-0.00427246
-0.00366211
-0.00274658
-0.00122070
 0.00030518
 0.00183105
 0.00274658
 0.00396729
 0.00488281
 0.00549316
 0.00549316
 0.00457764
 0.00305176
 0.00030518
-0.00183105
-0.00335693
-0.00488281
-0.00579834
-0.00610352
-0.00549316
-0.00427246
-0.00274658
-0.00152588
-0.00030518
 0.00061035
 0.00091553
 0.00061035
 0.00030518
-0.00091553
-0.00274658
-0.00518799
-0.00762939
-0.00976563
-0.01159668
-0.01251221
-0.01281738
-0.01251221
-0.01159668
-0.01068115
-0.00976563
-0.00854492
-0.00732422
-0.00671387
-0.00671387
-0.00732422
-0.00823975
-0.00946045
-0.01037598
-0.01159668
-0.01251221
-0.01342773
-0.01373291
-0.01312256
-0.01129150
-0.00915527
-0.00640869
-0.00396729
-0.00213623
-0.00030518
 0.00091553
 0.00152588
 0.00183105
 0.00152588
 0.00061035
-0.00030518
-0.00183105
-0.00335693
-0.00488281
-0.00549316
-0.00518799
-0.00396729
-0.00274658
-0.00183105
-0.00061035
 0.00000000
 0.00061035
 0.00122070
 0.00122070
 0.00122070
 0.00091553
 0.00030518
-0.00061035
-0.00122070
-0.00213623
-0.00244141
-0.00244141
-0.00213623
-0.00152588
-0.00061035
 0.00000000
 0.00152588
 0.00274658
 0.00305176
 0.00335693
 0.00366211
 0.00305176
 0.00213623
 0.00061035
-0.00091553
-0.00274658
-0.00427246
-0.00610352
-0.00732422
-0.00732422
-0.00701904
-0.00640869
-0.00518799
-0.00396729
-0.00274658
-0.00091553
 0.00030518
 0.00152588
 0.00213623
 0.00213623
 0.00122070
 0.00000000
-0.00152588
-0.00274658
-0.00335693
-0.00396729
-0.00427246
-0.00488281
-0.00549316
-0.00579834
-0.00579834
-0.00579834
-0.00579834
-0.00549316
-0.00488281
-0.00518799
-0.00549316
-0.00671387
-0.00762939
-0.00793457
-0.00823975
-0.00823975
-0.00793457
-0.00793457
-0.00701904
-0.00579834
-0.00488281
-0.00396729
-0.00274658
-0.00152588
 0.00061035
 0.00244141
 0.00396729
 0.00396729
 0.00366211
 0.00366211
 0.00396729
 0.00335693
 0.00183105
-0.00030518
-0.00244141
-0.00366211
-0.00457764
-0.00427246
-0.00305176
-0.00152588
 0.00000000
 0.00183105
 0.00396729
 0.00518799
 0.00610352
 0.00579834
 0.00518799
 0.00488281
 0.00457764
 0.00427246
 0.00396729
 0.00305176
 0.00244141
 0.00335693
 0.00488281
 0.00762939
 0.01007080
 0.01190186
 0.01373291
 0.01495361
 0.01525879
 0.01556396
 0.01434326
 0.01251221
 0.00976563
 0.00732422
 0.00549316
 0.00488281
 0.00488281
 0.00640869
 0.00823975
 0.01068115
 0.01373291
 0.01708984
 0.02044678
 0.02319336
 0.02563477
 0.02716064
 0.02716064
 0.02593994
 0.02441406
 0.02197266
 0.01953125
 0.01708984
 0.01586914
 0.01617432
 0.01800537
 0.02044678
 0.02288818
 0.02532959
 0.02685547
 0.02807617
 0.02868652
 0.02807617
 0.02685547
 0.02532959
 0.02441406
 0.02380371
 0.02227783
 0.02136230
 0.02136230
 0.02197266
 0.02349854
 0.02563477
 0.02838135
 0.03112793
 0.03326416
 0.03417969
 0.03448486
 0.03448486
 0.03356934
 0.03173828
 0.02899170
 0.02624512
 0.02410889
 0.02227783
 0.02136230
 0.02044678
 0.01953125
 0.01953125
 0.01983643
 0.01953125
 0.01892090
 0.01831055
 0.01739502
 0.01617432
 0.01464844
 0.01251221
 0.01068115
 0.00915527
 0.00854492
 0.00793457
 0.00762939
 0.00762939
 0.00793457
 0.00854492
 0.00885010
 0.00854492
 0.00732422
 0.00518799
 0.00305176
 0.00030518
-0.00213623
-0.00488281
-0.00732422
-0.00976563
-0.01129150
-0.01281738
-0.01403809
-0.01556396
-0.01647949
-0.01708984
-0.01770020
-0.01831055
-0.01892090
-0.01983643
-0.02105713
-0.02227783
-0.02319336
-0.02380371
-0.02471924
-0.02532959
-0.02593994
-0.02624512
-0.02655029
-0.02716064
-0.02807617
-0.02838135
-0.02929688
-0.02960205
-0.03021240
-0.03112793
-0.03082275
-0.03021240
-0.02960205
-0.02929688
-0.02899170
-0.02838135
-0.02777100
-0.02685547
-0.02624512
-0.02624512
-0.02685547
-0.02746582
-0.02777100
-0.02807617
-0.02777100
-0.02716064
-0.02624512
-0.02532959
-0.02471924
-0.02349854
-0.02197266
-0.02014160
-0.01861572
-0.01708984
-0.01647949
-0.01647949
-0.01678467
-0.01739502
-0.01861572
-0.02044678
-0.02166748
-0.02258301
-0.02319336
-0.02380371
-0.02410889
-0.02349854
-0.02227783
-0.01953125
-0.01739502
-0.01556396
-0.01403809
-0.01281738
-0.01251221
-0.01251221
-0.01251221
-0.01251221
-0.01342773
-0.01403809
-0.01495361
-0.01647949
-0.01800537
-0.01861572
-0.01892090
-0.01831055
-0.01708984
-0.01586914
-0.01434326
-0.01312256
-0.01281738
-0.01312256
-0.01342773
-0.01434326
-0.01556396
-0.01678467
-0.01831055
-0.01953125
-0.02014160
-0.01983643
-0.01861572
-0.01739502
-0.01556396
-0.01312256
-0.01098633
-0.00946045
-0.00854492
-0.00823975
-0.00885010
-0.01068115
-0.01312256
-0.01617432
-0.01892090
-0.02136230
-0.02258301
-0.02227783
-0.02105713
-0.01892090
-0.01556396
-0.01220703
-0.00976563
-0.00732422
-0.00549316
-0.00457764
-0.00488281
-0.00579834
-0.00732422
-0.00946045
-0.01159668
-0.01434326
-0.01586914
-0.01525879
-0.01342773
-0.01098633
-0.00793457
-0.00488281
-0.00244141
 0.00000000
 0.00213623
 0.00335693
 0.00305176
 0.00183105
 0.00030518
-0.00091553
-0.00274658
-0.00457764
-0.00610352
-0.00701904
-0.00640869
-0.00457764
-0.00244141
-0.00030518
 0.00213623
 0.00488281
 0.00762939
 0.01007080
 0.01251221
 0.01373291
 0.01434326
 0.01434326
 0.01495361
 0.01525879
 0.01525879
 0.01525879
 0.01556396
 0.01647949
 0.01678467
 0.01770020
 0.01922607
 0.02105713
 0.02319336
 0.02471924
 0.02624512
 0.02685547
 0.02746582
 0.02746582
 0.02746582
 0.02716064
 0.02685547
 0.02685547
 0.02685547
 0.02716064
 0.02807617
 0.02929688
 0.03112793
 0.03295898
 0.03479004
 0.03601074
 0.03692627
 0.03784180
 0.03784180
 0.03692627
 0.03570557
 0.03387451
 0.03234863
 0.03082275
 0.02960205
 0.02899170
 0.02899170
 0.02960205
 0.03051758
 0.03051758
 0.03051758
 0.03021240
 0.02960205
 0.02868652
 0.02777100
 0.02624512
 0.02502441
 0.02349854
 0.02258301
 0.02136230
 0.02044678
 0.01983643
 0.02014160
 0.02075195
 0.02136230
 0.02197266
 0.02227783
 0.02227783
 0.02227783
 0.02197266
 0.02105713
 0.02044678
 0.01892090
 0.01739502
 0.01525879
 0.01312256
 0.01068115
 0.00885010
 0.00762939
 0.00640869
 0.00640869
 0.00671387
 0.00732422
 0.00762939
 0.00823975
 0.00885010
 0.00915527
 0.00885010
 0.00854492
 0.00793457
 0.00732422
 0.00671387
 0.00579834
 0.00518799
 0.00457764
 0.00366211
 0.00305176
 0.00213623
 0.00152588
 0.00122070
 0.00091553
 0.00061035
 0.00061035
 0.00030518
-0.00091553
-0.00213623
-0.00335693
-0.00427246
-0.00457764
-0.00549316
-0.00640869
-0.00701904
-0.00793457
-0.00915527
-0.00976563
-0.01007080
-0.01068115
-0.01098633
-0.01159668
-0.01190186
-0.01159668
-0.01159668
-0.01159668
-0.01190186
-0.01190186
-0.01190186
-0.01251221
-0.01312256
-0.01464844
-0.01586914
-0.01678467
-0.01708984
-0.01770020
-0.01770020
-0.01770020
-0.01739502
-0.01678467
-0.01617432
-0.01556396
-0.01525879
-0.01525879
-0.01556396
-0.01586914
-0.01617432
-0.01678467
-0.01739502
-0.01770020
-0.01708984
-0.01647949
-0.01586914
-0.01464844
-0.01312256
-0.01129150
-0.00946045
-0.00854492
-0.00854492
-0.00915527
-0.01068115
-0.01251221
-0.01495361
-0.01647949
-0.01800537
-0.01892090
-0.01892090
-0.01831055
-0.01739502
-0.01556396
-0.01373291
-0.01251221
-0.01129150
-0.01037598
-0.01037598
-0.01129150
-0.01251221
-0.01403809
-0.01556396
-0.01708984
-0.01861572
-0.01983643
-0.02075195
-0.02075195
-0.02014160
-0.01892090
-0.01739502
-0.01617432
-0.01525879
-0.01464844
-0.01464844
-0.01525879
-0.01617432
-0.01770020
-0.01892090
-0.01953125
-0.01983643
-0.01983643
-0.01983643
-0.01953125
-0.01922607
-0.01892090
-0.01831055
-0.01800537
-0.01708984
-0.01586914
-0.01464844
-0.01403809
-0.01342773
-0.01312256
-0.01312256
-0.01312256
-0.01251221
-0.01159668
-0.01098633
-0.00976563
-0.00823975
-0.00671387
-0.00610352
-0.00518799
-0.00396729
-0.00244141
-0.00122070
 0.00000000
 0.00122070
 0.00213623
 0.00213623
 0.00213623
 0.00183105
 0.00152588
 0.00244141
 0.00305176
 0.00366211
 0.00457764
 0.00610352
 0.00823975
 0.00976563
 0.01129150
 0.01220703
 0.01312256
 0.01373291
 0.01342773
 0.01312256
 0.01342773
 0.01373291
 0.01342773
 0.01312256
 0.01281738
 0.01190186
 0.01129150
 0.01098633
 0.01159668
 0.01220703
 0.01281738
 0.01281738
 0.01281738
 0.01342773
 0.01373291
 0.01342773
 0.01312256
 0.01281738
 0.01281738
 0.01312256
 0.01373291
 0.01464844
 0.01525879
 0.01525879
 0.01586914
 0.01617432
 0.01647949
 0.01647949
 0.01617432
 0.01617432
 0.01586914
 0.01556396
 0.01495361
 0.01403809
 0.01342773
 0.01281738
 0.01251221
 0.01312256
 0.01403809
 0.01525879
 0.01647949
 0.01708984
 0.01708984
 0.01647949
 0.01525879
 0.01403809
 0.01281738
 0.01190186
 0.01129150
 0.01007080
 0.00885010
 0.00854492
 0.00976563
 0.01098633
 0.01190186
 0.01251221
 0.01251221
 0.01251221
 0.01190186
 0.01037598
 0.00823975
 0.00549316
 0.00274658
 0.00061035
-0.00152588
-0.00305176
-0.00366211
-0.00366211
-0.00335693
-0.00274658
-0.00152588
-0.00030518
 0.00030518
-0.00061035
-0.00213623
-0.00396729
-0.00518799
-0.00701904
-0.00915527
-0.01129150
-0.01220703
-0.01220703
-0.01190186
-0.01098633
-0.00915527
-0.00671387
-0.00457764
-0.00274658
-0.00152588
-0.00152588
-0.00274658
-0.00488281
-0.00732422
-0.01007080
-0.01220703
-0.01373291
-0.01434326
-0.01403809
-0.01251221
-0.01007080
-0.00762939
-0.00518799
-0.00213623
 0.00061035
 0.00274658
 0.00366211
 0.00335693
 0.00305176
 0.00244141
 0.00091553
-0.00091553
-0.00274658
-0.00366211
-0.00396729
-0.00427246
-0.00366211
-0.00213623
 0.00000000
 0.00244141
 0.00427246
 0.00518799
 0.00488281
 0.00427246
 0.00335693
 0.00274658
 0.00183105
 0.00091553
 0.00000000
-0.00091553
-0.00213623
-0.00244141
-0.00183105
-0.00091553
 0.00000000
 0.00122070
 0.00274658
 0.00396729
 0.00335693
 0.00274658
 0.00122070
-0.00030518
-0.00183105
-0.00335693
-0.00579834
-0.00823975
-0.01007080
-0.01098633
-0.01190186
-0.01190186
-0.01129150
-0.00946045
-0.00732422
-0.00518799
-0.00366211
-0.00274658
-0.00213623
-0.00213623
-0.00305176
-0.00457764
-0.00610352
-0.00793457
-0.00946045
-0.01007080
-0.00976563
-0.00885010
-0.00732422
-0.00549316
-0.00335693
-0.00213623
-0.00122070
-0.00030518
-0.00030518
-0.00061035
-0.00152588
-0.00274658
-0.00427246
-0.00640869
-0.00793457
-0.00854492
-0.00854492
-0.00732422
-0.00579834
-0.00457764
-0.00274658
-0.00061035
 0.00091553
 0.00183105
 0.00152588
 0.00061035
-0.00091553
-0.00335693
-0.00610352
-0.00823975
-0.00976563
-0.01129150
-0.01190186
-0.01190186
-0.01098633
-0.00946045
-0.00793457
-0.00671387
-0.00610352
-0.00610352
-0.00610352
-0.00701904
-0.00823975
-0.00946045
-0.01159668
-0.01373291
-0.01525879
-0.01586914
-0.01586914
-0.01495361
-0.01312256
-0.01098633
-0.00915527
-0.00854492
-0.00793457
-0.00762939
-0.00793457
-0.00885010
-0.00976563
-0.01068115
-0.01190186
-0.01251221
-0.01251221
-0.01190186
-0.01098633
-0.00915527
-0.00701904
-0.00488281
-0.00244141
-0.00061035
-0.00030518
-0.00030518
-0.00061035
-0.00091553
-0.00183105
-0.00274658
-0.00366211
-0.00396729
-0.00396729
-0.00335693
-0.00213623
-0.00061035
 0.00122070
 0.00335693
 0.00488281
 0.00640869
 0.00732422
 0.00762939
 0.00762939
 0.00640869
 0.00518799
 0.00427246
 0.00396729
 0.00366211
 0.00366211
 0.00366211
 0.00366211
 0.00335693
 0.00366211
 0.00457764
 0.00579834
 0.00640869
 0.00701904
 0.00732422
 0.00732422
 0.00701904
 0.00671387
 0.00610352
 0.00579834
 0.00488281
 0.00396729
 0.00335693
 0.00335693
 0.00366211
 0.00427246
 0.00457764
 0.00488281
 0.00518799
 0.00579834
 0.00701904
 0.00823975
 0.00915527
 0.01007080
 0.01037598
 0.01007080
 0.00976563
 0.00946045
 0.00854492
 0.00762939
 0.00671387
 0.00640869
 0.00701904
 0.00823975
 0.00946045
 0.01068115
 0.01220703
 0.01373291
 0.01464844
 0.01464844
 0.01434326
 0.01403809
 0.01342773
 0.01220703
 0.01098633
 0.01007080
 0.00976563
 0.00915527
 0.00915527
 0.00915527
 0.00976563
 0.01037598
 0.01159668
 0.01251221
 0.01373291
 0.01434326
 0.01434326
 0.01403809
 0.01342773
 0.01251221
 0.01098633
 0.01007080
 0.00946045
 0.00885010
 0.00854492
 0.00885010
 0.00885010
 0.00915527
 0.00976563
 0.00976563
 0.00946045
 0.00915527
 0.00885010
 0.00762939
 0.00610352
 0.00518799
 0.00427246
 0.00366211
 0.00305176
 0.00274658
 0.00244141
 0.00244141
 0.00274658
 0.00366211
 0.00427246
 0.00457764
 0.00396729
 0.00335693
 0.00274658
 0.00244141
 0.00183105
 0.00152588
 0.00061035
 0.00030518
 0.00091553
 0.00152588
 0.00152588
 0.00152588
 0.00152588
 0.00183105
 0.00152588
 0.00091553
 0.00000000
-0.00091553
-0.00122070
-0.00152588
-0.00183105
-0.00183105
-0.00183105
-0.00213623
-0.00213623
-0.00183105
-0.00122070
-0.00122070
-0.00183105
-0.00213623
-0.00274658
-0.00427246
-0.00579834
-0.00701904
-0.00793457
-0.00793457
-0.00762939
-0.00762939
-0.00732422
-0.00732422
-0.00762939
-0.00793457
-0.00885010
-0.00946045
-0.00976563
-0.01037598
-0.01159668
-0.01312256
-0.01464844
-0.01556396
-0.01647949
-0.01678467
-0.01708984
-0.01708984
-0.01708984
-0.01678467
-0.01586914
-0.01525879
-0.01464844
-0.01434326
-0.01373291
-0.01342773
-0.01373291
-0.01342773
-0.01281738
-0.01312256
-0.01373291
-0.01403809
-0.01434326
-0.01495361
-0.01556396
-0.01556396
-0.01586914
-0.01586914
-0.01586914
-0.01434326
-0.01281738
-0.01159668
-0.01129150
-0.01129150
-0.01098633
-0.01007080
-0.00946045
-0.00946045
-0.00946045
-0.00946045
-0.01007080
-0.00976563
-0.00946045
-0.00915527
-0.00823975
-0.00732422
-0.00671387
-0.00610352
-0.00549316
-0.00518799
-0.00518799
-0.00579834
-0.00579834
-0.00640869
-0.00793457
-0.00885010
-0.00946045
-0.00976563
-0.00976563
-0.00915527
-0.00823975
-0.00671387
-0.00549316
-0.00457764
-0.00366211
-0.00305176
-0.00305176
-0.00274658
-0.00244141
-0.00244141
-0.00335693
-0.00427246
-0.00488281
-0.00488281
-0.00488281
-0.00488281
-0.00457764
-0.00427246
-0.00366211
-0.00305176
-0.00274658
-0.00244141
-0.00244141
-0.00274658
-0.00274658
-0.00244141
-0.00244141
-0.00244141
-0.00152588
-0.00030518
 0.00061035
 0.00122070
 0.00183105
 0.00213623
 0.00274658
 0.00335693
 0.00366211
 0.00366211
 0.00335693
 0.00305176
 0.00305176
 0.00305176
 0.00335693
 0.00366211
 0.00396729
 0.00457764
 0.00518799
 0.00549316
 0.00549316
 0.00549316
 0.00488281
 0.00396729
 0.00396729
 0.00427246
 0.00457764
 0.00457764
 0.00427246
 0.00396729
 0.00457764
 0.00518799
 0.00579834
 0.00610352
 0.00579834
 0.00549316
 0.00488281
 0.00396729
 0.00305176
 0.00213623
 0.00152588
 0.00061035
-0.00030518
-0.00030518
-0.00030518
 0.00000000
 0.00030518
 0.00122070
 0.00213623
 0.00244141
 0.00213623
 0.00183105
 0.00091553
-0.00061035
-0.00183105
-0.00274658
-0.00244141
-0.00183105
-0.00183105
-0.00152588
-0.00091553
 0.00030518
 0.00183105
 0.00305176
 0.00488281
 0.00579834
 0.00640869
 0.00640869
 0.00549316
 0.00488281
 0.00366211
 0.00213623
 0.00061035
-0.00030518
-0.00030518
 0.00091553
 0.00213623
 0.00305176
 0.00427246
 0.00579834
 0.00732422
 0.00854492
 0.00915527
 0.00946045
 0.00885010
 0.00793457
 0.00640869
 0.00549316
 0.00518799
 0.00579834
 0.00640869
 0.00671387
 0.00732422
 0.00885010
 0.01098633
 0.01312256
 0.01403809
 0.01464844
 0.01464844
 0.01434326
 0.01403809
 0.01312256
 0.01190186
 0.01037598
 0.00946045
 0.00823975
 0.00701904
 0.00701904
 0.00823975
 0.00976563
 0.01220703
 0.01403809
 0.01525879
 0.01586914
 0.01617432
 0.01586914
 0.01525879
 0.01495361
 0.01464844
 0.01464844
 0.01495361
 0.01525879
 0.01495361
 0.01464844
 0.01434326
 0.01464844
 0.01586914
 0.01708984
 0.01800537
 0.01861572
 0.01861572
 0.01831055
 0.01739502
 0.01617432
 0.01495361
 0.01464844
 0.01464844
 0.01464844
 0.01464844
 0.01403809
 0.01373291
 0.01342773
 0.01373291
 0.01342773
 0.01373291
 0.01403809
 0.01403809
 0.01403809
 0.01312256
 0.01220703
 0.01129150
 0.01037598
 0.00885010
 0.00671387
 0.00518799
 0.00396729
 0.00335693
 0.00305176
 0.00244141
 0.00183105
 0.00122070
 0.00030518
-0.00091553
-0.00183105
-0.00213623
-0.00183105
-0.00152588
-0.00122070
-0.00183105
-0.00305176
-0.00518799
-0.00732422
-0.00915527
-0.01098633
-0.01251221
-0.01281738
-0.01312256
-0.01342773
-0.01464844
-0.01617432
-0.01770020
-0.01831055
-0.01831055
-0.01739502
-0.01678467
-0.01617432
-0.01586914
-0.01617432
-0.01739502
-0.01770020
-0.01831055
-0.01922607
-0.02014160
-0.02136230
-0.02197266
-0.02288818
-0.02319336
-0.02349854
-0.02410889
-0.02349854
-0.02288818
-0.02166748
-0.02014160
-0.01922607
-0.01831055
-0.01739502
-0.01708984
-0.01708984
-0.01800537
-0.01922607
-0.02044678
-0.02166748
-0.02288818
-0.02380371
-0.02441406
-0.02410889
-0.02380371
-0.02258301
-0.02136230
-0.02014160
-0.01861572
-0.01678467
-0.01525879
-0.01403809
-0.01403809
-0.01434326
-0.01556396
-0.01708984
-0.01861572
-0.01953125
-0.02014160
-0.02014160
-0.02044678
-0.02014160
-0.01983643
-0.01922607
-0.01739502
-0.01525879
-0.01342773
-0.01220703
-0.01190186
-0.01129150
-0.01129150
-0.01190186
-0.01220703
-0.01312256
-0.01403809
-0.01434326
-0.01434326
-0.01373291
-0.01281738
-0.01159668
-0.01068115
-0.00946045
-0.00823975
-0.00732422
-0.00671387
-0.00640869
-0.00640869
-0.00640869
-0.00671387
-0.00640869
-0.00579834
-0.00488281
-0.00427246
-0.00396729
-0.00335693
-0.00244141
-0.00152588
-0.00091553
 0.00000000
 0.00091553
 0.00122070
 0.00152588
 0.00122070
 0.00152588
 0.00213623
 0.00213623
 0.00183105
 0.00213623
 0.00335693
 0.00488281
 0.00579834
 0.00610352
 0.00701904
 0.00793457
 0.00915527
 0.01007080
 0.01098633
 0.01098633
 0.01037598
 0.01037598
 0.01068115
 0.01098633
 0.01129150
 0.01159668
 0.01190186
 0.01220703
 0.01220703
 0.01220703
 0.01190186
 0.01220703
 0.01281738
 0.01342773
 0.01373291
 0.01434326
 0.01434326
 0.01495361
 0.01556396
 0.01647949
 0.01739502
 0.01861572
 0.01922607
 0.01983643
 0.02044678
 0.02044678
 0.02014160
 0.02014160
 0.01983643
 0.01953125
 0.01892090
 0.01922607
 0.01983643
 0.02014160
 0.02014160
 0.02075195
 0.02166748
 0.02288818
 0.02380371
 0.02410889
 0.02410889
 0.02349854
 0.02288818
 0.02258301
 0.02197266
 0.02136230
 0.02014160
 0.01922607
 0.01861572
 0.01831055
 0.01800537
 0.01800537
 0.01770020
 0.01770020
 0.01770020
 0.01800537
 0.01800537
 0.01770020
 0.01708984
 0.01647949
 0.01556396
 0.01434326
 0.01342773
 0.01281738
 0.01159668
 0.01037598
 0.00885010
 0.00793457
 0.00701904
 0.00610352
 0.00488281
 0.00396729
 0.00305176
 0.00213623
 0.00091553
 0.00061035
 0.00000000
-0.00091553
-0.00122070
-0.00122070
-0.00152588
-0.00152588
-0.00183105
-0.00274658
-0.00396729
-0.00488281
-0.00610352
-0.00793457
-0.00976563
-0.01129150
-0.01220703
-0.01342773
-0.01434326
-0.01464844
-0.01464844
-0.01464844
-0.01464844
-0.01434326
-0.01373291
-0.01312256
-0.01342773
-0.01403809
-0.01495361
-0.01617432
-0.01678467
-0.01739502
-0.01831055
-0.01922607
-0.01953125
-0.01922607
-0.01922607
-0.01983643
-0.01953125
-0.01892090
-0.01861572
-0.01831055
-0.01831055
-0.01861572
-0.01892090
-0.01922607
-0.01983643
-0.02014160
-0.02014160
-0.01953125
-0.01861572
-0.01831055
-0.01739502
-0.01647949
-0.01586914
-0.01556396
-0.01556396
-0.01556396
-0.01556396
-0.01556396
-0.01556396
-0.01525879
-0.01464844
-0.01464844
-0.01434326
-0.01342773
-0.01159668
-0.01007080
-0.00885010
-0.00793457
-0.00732422
-0.00701904
-0.00701904
-0.00732422
-0.00671387
-0.00671387
-0.00671387
-0.00701904
-0.00610352
-0.00488281
-0.00366211
-0.00244141
-0.00091553
 0.00030518
 0.00122070
 0.00213623
 0.00244141
 0.00244141
 0.00213623
 0.00213623
 0.00274658
 0.00335693
 0.00366211
 0.00366211
 0.00396729
 0.00518799
 0.00640869
 0.00701904
 0.00732422
 0.00762939
 0.00854492
 0.00946045
 0.00946045
 0.00915527
 0.00885010
 0.00854492
 0.00793457
 0.00762939
 0.00732422
 0.00732422
 0.00762939
 0.00762939
 0.00762939
 0.00793457
 0.00823975
 0.00823975
 0.00793457
 0.00793457
 0.00762939
 0.00671387
 0.00579834
 0.00518799
 0.00488281
 0.00488281
 0.00488281
 0.00427246
 0.00396729
 0.00457764
 0.00549316
 0.00579834
 0.00610352
 0.00549316
 0.00488281
 0.00457764
 0.00427246
 0.00335693
 0.00213623
 0.00122070
 0.00061035
 0.00000000
-0.00030518
-0.00091553
-0.00152588
-0.00152588
-0.00091553
 0.00000000
 0.00091553
 0.00122070
 0.00061035
 0.00000000
-0.00030518
-0.00030518
-0.00091553
-0.00152588
-0.00213623
-0.00244141
-0.00305176
-0.00396729
-0.00427246
-0.00427246
-0.00305176
-0.00244141
-0.00183105
-0.00152588
-0.00152588
-0.00091553
-0.00061035
-0.00030518
-0.00061035
-0.00091553
-0.00152588
-0.00122070
-0.00061035
-0.00091553
-0.00122070
-0.00122070
-0.00091553
-0.00091553
-0.00061035
-0.00030518
 0.00000000
 0.00030518
 0.00091553
 0.00091553
 0.00122070
 0.00152588
 0.00152588
 0.00152588
 0.00122070
 0.00122070
 0.00152588
 0.00213623
 0.00274658
 0.00335693
 0.00366211
 0.00396729
 0.00457764
 0.00488281
 0.00518799
 0.00488281
 0.00488281
 0.00488281
 0.00518799
 0.00518799
 0.00427246
 0.00366211
 0.00366211
 0.00457764
 0.00518799
 0.00549316
 0.00549316
 0.00549316
 0.00610352
 0.00640869
 0.00610352
 0.00549316
 0.00549316
 0.00518799
 0.00427246
 0.00335693
 0.00305176
 0.00335693
 0.00305176
 0.00274658
 0.00305176
 0.00335693
 0.00366211
 0.00366211
 0.00366211
 0.00396729
 0.00427246
 0.00396729
 0.00396729
 0.00366211
 0.00366211
 0.00305176
 0.00244141
 0.00244141
 0.00244141
 0.00274658
 0.00305176
 0.00305176
 0.00244141
 0.00244141
 0.00305176
 0.00305176
 0.00305176
 0.00335693
 0.00335693
 0.00305176
 0.00213623
 0.00152588
 0.00152588
 0.00152588
 0.00152588
 0.00152588
 0.00152588
 0.00183105
 0.00152588
 0.00152588
 0.00183105
 0.00183105
 0.00183105
 0.00183105
 0.00244141
 0.00305176
 0.00305176
 0.00274658
 0.00244141
 0.00244141
 0.00244141
 0.00274658
 0.00305176
 0.00274658
 0.00213623
 0.00244141
 0.00244141
 0.00274658
 0.00274658
 0.00335693
 0.00396729
 0.00396729
 0.00335693
 0.00274658
 0.00183105
 0.00152588
 0.00152588
 0.00183105
 0.00183105
 0.00183105
 0.00183105
 0.00183105
 0.00183105
 0.00183105
 0.00213623
 0.00213623
 0.00213623
 0.00213623
 0.00244141
 0.00244141
 0.00213623
 0.00213623
 0.00183105
 0.00122070
 0.00000000
-0.00061035
-0.00122070
-0.00183105
-0.00213623
-0.00213623
-0.00183105
-0.00152588
-0.00091553
-0.00061035
-0.00061035
-0.00122070
-0.00183105
-0.00183105
-0.00244141
-0.00335693
-0.00457764
-0.00579834
-0.00732422
-0.00793457
-0.00823975
-0.00793457
-0.00762939
-0.00732422
-0.00671387
-0.00671387
-0.00701904
-0.00732422
-0.00793457
-0.00885010
-0.00976563
-0.01068115
-0.01159668
-0.01281738
-0.01342773
-0.01403809
-0.01403809
-0.01403809
-0.01403809
-0.01434326
-0.01373291
-0.01342773
-0.01312256
-0.01342773
-0.01403809
-0.01403809
-0.01464844
-0.01525879
-0.01556396
-0.01586914
-0.01586914
-0.01617432
-0.01617432
-0.01586914
-0.01525879
-0.01495361
-0.01495361
-0.01495361
-0.01495361
-0.01464844
-0.01495361
-0.01525879
-0.01495361
-0.01464844
-0.01464844
-0.01464844
-0.01434326
-0.01403809
-0.01373291
-0.01373291
-0.01281738
-0.01159668
-0.01037598
-0.01007080
-0.00976563
-0.00976563
-0.00915527
-0.00823975
-0.00762939
-0.00701904
-0.00671387
-0.00579834
-0.00488281
-0.00457764
-0.00396729
-0.00366211
-0.00335693
-0.00305176
-0.00183105
-0.00122070
-0.00091553
-0.00061035
 0.00000000
 0.00061035
 0.00122070
 0.00244141
 0.00366211
 0.00396729
 0.00427246
 0.00549316
 0.00671387
 0.00793457
 0.00823975
 0.00854492
 0.00854492
 0.00885010
 0.00885010
 0.00885010
 0.00885010
 0.00946045
 0.01068115
 0.01190186
 0.01251221
 0.01281738
 0.01342773
 0.01373291
 0.01434326
 0.01403809
 0.01373291
 0.01373291
 0.01403809
 0.01373291
 0.01312256
 0.01312256
 0.01342773
 0.01434326
 0.01556396
 0.01647949
 0.01770020
 0.01861572
 0.01922607
 0.01892090
 0.01831055
 0.01739502
 0.01647949
 0.01556396
 0.01525879
 0.01495361
 0.01464844
 0.01403809
 0.01403809
 0.01434326
 0.01525879
 0.01556396
 0.01586914
 0.01617432
 0.01586914
 0.01556396
 0.01525879
 0.01464844
 0.01403809
 0.01312256
 0.01220703
 0.01098633
 0.00976563
 0.00915527
 0.00885010
 0.00854492
 0.00854492
 0.00915527
 0.00946045
 0.00915527
 0.00885010
 0.00854492
 0.00793457
 0.00732422
 0.00701904
 0.00701904
 0.00579834
 0.00457764
 0.00305176
 0.00152588
 0.00091553
 0.00061035
 0.00030518
 0.00030518
 0.00000000
 0.00000000
-0.00030518
-0.00030518
-0.00061035
-0.00091553
-0.00152588
-0.00183105
-0.00213623
-0.00305176
-0.00427246
-0.00549316
-0.00610352
-0.00610352
-0.00579834
-0.00549316
-0.00549316
-0.00549316
-0.00488281
-0.00427246
-0.00427246
-0.00457764
-0.00457764
-0.00518799
-0.00549316
-0.00640869
-0.00732422
-0.00823975
-0.00854492
-0.00854492
-0.00823975
-0.00793457
-0.00732422
-0.00640869
-0.00518799
-0.00488281
-0.00457764
-0.00457764
-0.00488281
-0.00518799
-0.00549316
-0.00579834
-0.00640869
-0.00762939
-0.00762939
-0.00701904
-0.00610352
-0.00549316
-0.00488281
-0.00366211
-0.00274658
-0.00274658
-0.00305176
-0.00305176
-0.00366211
-0.00457764
-0.00488281
-0.00549316
-0.00610352
-0.00671387
-0.00671387
-0.00610352
-0.00518799
-0.00396729
-0.00305176
-0.00213623
-0.00183105
-0.00152588
-0.00152588
-0.00152588
-0.00183105
-0.00244141
-0.00305176
-0.00396729
-0.00518799
-0.00640869
-0.00671387
-0.00640869
-0.00518799
-0.00427246
-0.00366211
-0.00274658
-0.00213623
-0.00183105
-0.00152588
-0.00152588
-0.00152588
-0.00213623
-0.00274658
-0.00335693
-0.00427246
-0.00488281
-0.00488281
-0.00518799
-0.00549316
-0.00488281
-0.00427246
-0.00366211
-0.00305176
-0.00244141
-0.00183105
-0.00152588
-0.00183105
-0.00244141
-0.00335693
-0.00427246
-0.00488281
-0.00549316
-0.00640869
-0.00671387
-0.00640869
-0.00610352
-0.00549316
-0.00457764
-0.00335693
-0.00244141
-0.00183105
-0.00183105
-0.00213623
-0.00305176
-0.00396729
-0.00488281
-0.00610352
-0.00701904
-0.00732422
-0.00793457
-0.00762939
-0.00640869
-0.00457764
-0.00335693
-0.00213623
-0.00152588
-0.00091553
-0.00030518
-0.00030518
-0.00091553
-0.00152588
-0.00213623
-0.00305176
-0.00396729
-0.00457764
-0.00518799
-0.00549316
-0.00457764
-0.00366211
-0.00244141
-0.00152588
-0.00030518
 0.00091553
 0.00183105
 0.00183105
 0.00122070
 0.00000000
-0.00091553
-0.00183105
-0.00274658
-0.00366211
-0.00366211
-0.00366211
-0.00396729
-0.00305176
-0.00152588
 0.00000000
 0.00152588
 0.00274658
 0.00335693
 0.00366211
 0.00335693
 0.00244141
 0.00183105
 0.00061035
-0.00091553
-0.00213623
-0.00244141
-0.00244141
-0.00183105
-0.00061035
 0.00061035
 0.00152588
 0.00274658
 0.00366211
 0.00366211
 0.00305176
 0.00213623
 0.00152588
 0.00122070
 0.00030518
-0.00091553
-0.00183105
-0.00183105
-0.00152588
-0.00122070
-0.00030518
 0.00091553
 0.00183105
 0.00305176
 0.00366211
 0.00427246
 0.00396729
 0.00305176
 0.00244141
 0.00183105
 0.00091553
 0.00000000
-0.00061035
-0.00091553
-0.00030518
 0.00030518
 0.00183105
 0.00305176
 0.00396729
 0.00488281
 0.00610352
 0.00640869
 0.00610352
 0.00518799
 0.00427246
 0.00396729
 0.00366211
 0.00335693
 0.00244141
 0.00183105
 0.00244141
 0.00335693
 0.00427246
 0.00549316
 0.00671387
 0.00793457
 0.00854492
 0.00885010
 0.00854492
 0.00823975
 0.00762939
 0.00701904
 0.00671387
 0.00640869
 0.00640869
 0.00640869
 0.00610352
 0.00640869
 0.00732422
 0.00793457
 0.00885010
 0.01007080
 0.01129150
 0.01190186
 0.01190186
 0.01129150
 0.01037598
 0.00976563
 0.00946045
 0.00915527
 0.00854492
 0.00823975
 0.00823975
 0.00823975
 0.00915527
 0.00976563
 0.01037598
 0.01129150
 0.01220703
 0.01281738
 0.01312256
 0.01281738
 0.01281738
 0.01251221
 0.01159668
 0.01068115
 0.01007080
 0.00946045
 0.00946045
 0.00976563
 0.01068115
 0.01159668
 0.01220703
 0.01312256
 0.01373291
 0.01342773
 0.01251221
 0.01220703
 0.01159668
 0.01068115
 0.01007080
 0.00885010
 0.00762939
 0.00701904
 0.00671387
 0.00701904
 0.00732422
 0.00823975
 0.00915527
 0.00976563
 0.01007080
 0.00976563
 0.00885010
 0.00762939
 0.00610352
 0.00488281
 0.00335693
 0.00244141
 0.00152588
 0.00061035
 0.00030518
 0.00061035
 0.00152588
 0.00183105
 0.00213623
 0.00244141
 0.00244141
 0.00213623
 0.00091553
-0.00030518
-0.00183105
-0.00396729
-0.00518799
-0.00640869
-0.00671387
-0.00701904
-0.00732422
-0.00762939
-0.00762939
-0.00732422
-0.00732422
-0.00762939
-0.00854492
-0.00946045
-0.01007080
-0.01129150
-0.01251221
-0.01342773
-0.01434326
-0.01464844
-0.01495361
-0.01495361
-0.01464844
-0.01464844
-0.01464844
-0.01464844
-0.01495361
-0.01556396
-0.01617432
-0.01678467
-0.01739502
-0.01800537
-0.01892090
-0.01892090
-0.01922607
-0.01922607
-0.01861572
-0.01800537
-0.01708984
-0.01647949
-0.01647949
-0.01647949
-0.01617432
-0.01617432
-0.01647949
-0.01739502
-0.01831055
-0.01892090
-0.01892090
-0.01892090
-0.01953125
-0.01953125
-0.01922607
-0.01861572
-0.01831055
-0.01770020
-0.01678467
-0.01556396
-0.01464844
-0.01464844
-0.01464844
-0.01464844
-0.01434326
-0.01434326
-0.01434326
-0.01403809
-0.01342773
-0.01312256
-0.01281738
-0.01220703
-0.01159668
-0.01098633
-0.01037598
-0.00976563
-0.00885010
-0.00793457
-0.00732422
-0.00701904
-0.00640869
-0.00579834
-0.00488281
-0.00366211
-0.00305176
-0.00274658
-0.00274658
-0.00244141
-0.00213623
-0.00183105
-0.00122070
-0.00030518
 0.00061035
 0.00152588
 0.00213623
 0.00274658
 0.00366211
 0.00457764
 0.00518799
 0.00518799
 0.00579834
 0.00671387
 0.00762939
 0.00854492
 0.00885010
 0.00854492
 0.00823975
 0.00793457
 0.00823975
 0.00823975
 0.00823975
 0.00885010
 0.00915527
 0.00915527
 0.00915527
 0.00915527
 0.00976563
 0.01068115
 0.01129150
 0.01129150
 0.01098633
 0.01098633
 0.01129150
 0.01159668
 0.01098633
 0.01037598
 0.01037598
 0.01037598
 0.01037598
 0.00976563
 0.00976563
 0.01007080
 0.01068115
 0.01129150
 0.01098633
 0.01098633
 0.01098633
 0.01098633
 0.01098633
 0.01098633
 0.01068115
 0.01098633
 0.01037598
 0.00976563
 0.00885010
 0.00854492
 0.00823975
 0.00854492
 0.00823975
 0.00854492
 0.00885010
 0.00915527
 0.00946045
 0.00946045
 0.00885010
 0.00854492
 0.00854492
 0.00854492
 0.00854492
 0.00823975
 0.00762939
 0.00793457
 0.00823975
 0.00854492
 0.00854492
 0.00854492
 0.00854492
 0.00823975
 0.00762939
 0.00701904
 0.00701904
 0.00671387
 0.00671387
 0.00671387
 0.00671387
 0.00671387
 0.00701904
 0.00701904
 0.00701904
 0.00701904
 0.00732422
 0.00732422
 0.00701904
 0.00671387
 0.00610352
 0.00579834
 0.00488281
 0.00427246
 0.00366211
 0.00305176
 0.00274658
 0.00244141
 0.00244141
 0.00305176
 0.00335693
 0.00366211
 0.00396729
 0.00396729
 0.00396729
 0.00366211
 0.00396729
 0.00366211
 0.00396729
 0.00396729
 0.00366211
 0.00305176
 0.00274658
 0.00274658
 0.00244141
 0.00213623
 0.00213623
 0.00213623
 0.00244141
 0.00213623
 0.00213623
 0.00244141
 0.00244141
 0.00244141
 0.00244141
 0.00183105
 0.00122070
 0.00091553
 0.00122070
 0.00152588
 0.00183105
 0.00152588
 0.00061035
 0.00061035
 0.00091553
 0.00061035
 0.00000000
-0.00061035
-0.00030518
-0.00030518
-0.00091553
-0.00122070
-0.00122070
-0.00122070
-0.00122070
-0.00091553
-0.00091553
-0.00061035
-0.00091553
-0.00122070
-0.00152588
-0.00152588
-0.00152588
-0.00183105
-0.00213623
-0.00244141
-0.00213623
-0.00183105
-0.00183105
-0.00244141
-0.00305176
-0.00366211
-0.00335693
-0.00305176
-0.00335693
-0.00427246
-0.00518799
-0.00518799
-0.00488281
-0.00488281
-0.00488281
-0.00457764
-0.00396729
-0.00396729
-0.00396729
-0.00396729
-0.00335693
-0.00305176
-0.00335693
-0.00427246
-0.00457764
-0.00457764
-0.00427246
-0.00488281
-0.00549316
-0.00579834
-0.00549316
-0.00518799
-0.00488281
-0.00396729
-0.00305176
-0.00274658
-0.00244141
-0.00244141
-0.00183105
-0.00183105
-0.00213623
-0.00274658
-0.00366211
-0.00427246
-0.00396729
-0.00366211
-0.00396729
-0.00457764
-0.00457764
-0.00457764
-0.00427246
-0.00396729
-0.00366211
-0.00396729
-0.00366211
-0.00366211
-0.00396729
-0.00457764
-0.00488281
-0.00488281
-0.00427246
-0.00396729
-0.00427246
-0.00488281
-0.00518799
-0.00488281
-0.00457764
-0.00396729
-0.00396729
-0.00396729
-0.00396729
-0.00427246
-0.00457764
-0.00488281
-0.00549316
-0.00610352
-0.00671387
-0.00732422
-0.00701904
-0.00640869
-0.00640869
-0.00640869
-0.00640869
-0.00640869
-0.00579834
-0.00610352
-0.00610352
-0.00610352
-0.00610352
-0.00579834
-0.00610352
-0.00610352
-0.00610352
-0.00640869
-0.00640869
-0.00701904
-0.00701904
-0.00640869
-0.00579834
-0.00549316
-0.00549316
-0.00549316
-0.00579834
-0.00579834
-0.00549316
-0.00518799
-0.00488281
-0.00518799
-0.00579834
-0.00610352
-0.00640869
-0.00640869
-0.00610352
-0.00610352
-0.00579834
-0.00579834
-0.00549316
-0.00488281
-0.00427246
-0.00366211
-0.00366211
-0.00396729
-0.00396729
-0.00396729
-0.00396729
-0.00457764
-0.00457764
-0.00366211
-0.00152588
 0.00427246
 0.01739502
 0.03845215
 0.06500244
 0.08544922
 0.06011963
-0.06469727
-0.25268555
-0.40039063
-0.44921875
-0.38482666
-0.30120850
-0.17486572
 0.01434326
 0.18066406
 0.26245117
 0.30364990
 0.35369873
 0.44464111
 0.44006348
 0.25329590
 0.04791260
-0.05432129
-0.10284424
-0.19073486
-0.31372070
-0.41809082
-0.42724609
-0.33477783
-0.19958496
-0.03143311
 0.13092041
 0.25970459
 0.32806396
 0.33325195
 0.36254883
 0.38879395
 0.31036377
 0.09277344
-0.12329102
-0.24627686
-0.26031494
-0.17578125
-0.07781982
-0.06713867
-0.12115479
-0.14678955
-0.10803223
-0.02960205
 0.07232666
 0.18859863
 0.28015137
 0.30639648
 0.22705078
 0.07232666
-0.07659912
-0.15167236
-0.16082764
-0.14068604
-0.12237549
-0.09857178
-0.03845215
 0.06713867
 0.17578125
 0.23742676
 0.22705078
 0.13549805
 0.03387451
-0.01312256
-0.00793457
 0.01617432
 0.02624512
-0.01556396
-0.09460449
-0.12145996
-0.07659912
-0.01770020
 0.00762939
 0.01007080
 0.01861572
 0.05187988
 0.10681152
 0.16998291
 0.22155762
 0.21728516
 0.11322021
 0.00061035
-0.02319336
 0.00946045
 0.03509521
 0.03662109
 0.02288818
-0.00793457
-0.05096436
-0.07904053
-0.06378174
-0.02563477
-0.00183105
-0.00885010
-0.04058838
-0.07476807
-0.09887695
-0.07476807
 0.02441406
 0.16082764
 0.29785156
 0.29449463
 0.29113770
 0.29296875
 0.29296875
 0.27954102
 0.25573730
 0.22399902
 0.16540527
 0.08453369
 0.00610352
-0.09063721
-0.22979736
-0.34454346
-0.34210205
-0.22399902
-0.10772705
-0.02136230
 0.05432129
 0.10986328
 0.12084961
 0.11138916
 0.15075684
 0.25421143
 0.33752441
 0.19683838
-0.07812500
-0.45135498
-0.78338623
-1.07543945
-1.19079590
-1.03820801
-0.68359375
-0.28839111
 0.06530762
 0.49896240
 0.71166992
 0.78826904
 0.75378418
 0.64514160
 0.45104980
 0.15411377
-0.19104004
-0.52917480
-0.82946777
-1.01867676
-1.08062744
-1.02478027
-0.84136963
-0.50231934
-0.02929688
 0.47271729
 0.92071533
 1.17645264
 1.19171143
 1.02416992
 0.77850342
 0.49774170
 0.15197754
-0.27770996
-0.68359375
-0.95092773
-1.00494385
-0.90148926
-0.72509766
-0.50872803
-0.26458740
 0.01068115
 0.26275635
 0.44219971
 0.54321289
 0.63476563
 0.68756104
 0.63079834
 0.43548584
 0.13549805
-0.19836426
-0.50323486
-0.73059082
-0.82122803
-0.76049805
-0.58654785
-0.36499023
-0.15289307
 0.09307861
 0.33874512
 0.47485352
 0.49926758
 0.44738770
 0.34698486
 0.20690918
 0.04608154
-0.07141113
-0.19256592
-0.33233643
-0.44799805
-0.45898438
-0.34729004
-0.19866943
-0.01953125
 0.19439697
 0.43457031
 0.59661865
 0.67413330
 0.63293457
 0.48461914
 0.30822754
 0.10101318
-0.06530762
-0.18402100
-0.25451660
-0.26855469
-0.23254395
-0.16174316
-0.07873535
 0.00030518
 0.07690430
 0.15869141
 0.25451660
 0.36560059
 0.43304443
 0.42694092
 0.35369873
 0.21728516
 0.00671387
-0.18280029
-0.33508301
-0.40313721
-0.37139893
-0.30548096
-0.23406982
-0.15045166
-0.04699707
 0.07446289
 0.18341064
 0.26275635
 0.31677246
 0.33599854
 0.32348633
 0.25177002
 0.11474609
-0.02227783
-0.14526367
-0.24230957
-0.29357910
-0.29418945
-0.25207520
-0.17517090
-0.07263184
 0.04211426
 0.15411377
 0.24658203
 0.29968262
 0.30059814
 0.21728516
 0.08056641
-0.04577637
-0.13275146
-0.19317627
-0.23071289
-0.24810791
-0.24169922
-0.20874023
-0.15380859
-0.08270264
 0.00366211
 0.10498047
 0.20751953
 0.27770996
 0.28900146
 0.20355225
 0.05859375
-0.07110596
-0.15075684
-0.20019531
-0.22003174
-0.20416260
-0.15228271
-0.07354736
 0.01251221
 0.08789063
 0.14587402
 0.18981934
 0.21484375
 0.20874023
 0.17364502
 0.12207031
 0.06103516
-0.00061035
-0.04730225
-0.06896973
-0.06927490
-0.05340576
-0.02471924
 0.00946045
 0.03753662
 0.04791260
 0.04608154
 0.05493164
 0.08056641
 0.11077881
 0.12481689
 0.07751465
-0.06713867
-0.25146484
-0.38085938
-0.40313721
-0.34362793
-0.29754639
-0.21545410
-0.08880615
 0.02380371
 0.07812500
 0.12878418
 0.23010254
 0.37170410
 0.39611816
 0.25299072
 0.06134033
-0.07110596
-0.15716553
-0.27221680
-0.37902832
-0.46783447
-0.47515869
-0.39642334
-0.28259277
-0.13061523
 0.01281738
 0.12908936
 0.22613525
 0.30212402
 0.37322998
 0.44036865
 0.40924072
 0.25543213
 0.02563477
-0.14068604
-0.17272949
-0.11779785
-0.06469727
-0.08666992
-0.14038086
-0.14739990
-0.08056641
 0.03234863
 0.17547607
 0.37933350
 0.44647217
 0.41595459
 0.34423828
 0.23345947
 0.08972168
 0.01312256
-0.01068115
-0.02838135
-0.08300781
-0.15197754
-0.15533447
-0.08972168
 0.00213623
 0.07690430
 0.11810303
 0.12695313
 0.10528564
 0.08117676
 0.08178711
 0.08392334
 0.04547119
-0.05157471
-0.15777588
-0.20446777
-0.19073486
-0.16571045
-0.16296387
-0.16021729
-0.12939453
-0.06774902
 0.01708984
 0.11474609
 0.19866943
 0.22003174
 0.11749268
-0.03448486
-0.11169434
-0.11108398
-0.10040283
-0.09429932
-0.09155273
-0.09826660
-0.11718750
-0.11474609
-0.05462646
 0.05035400
 0.15563965
 0.22979736
 0.25604248
 0.18646240
 0.03417969
-0.06469727
-0.04760742
 0.00488281
 0.02075195
 0.00610352
 0.01068115
 0.06347656
 0.14495850
 0.23651123
 0.35705566
 0.40161133
 0.40710449
 0.39733887
 0.40679932
 0.40069580
 0.32501221
 0.19622803
 0.11566162
 0.06134033
-0.02136230
-0.12756348
-0.20568848
-0.27191162
-0.36163330
-0.42572021
-0.37048340
-0.19866943
-0.00885010
 0.13854980
 0.24261475
 0.27893066
 0.17913818
-0.06469727
-0.30761719
-0.43945313
-0.48706055
-0.53527832
-0.57861328
-0.56213379
-0.48431396
-0.37872314
-0.29510498
-0.14312744
 0.04455566
 0.24047852
 0.40008545
 0.43212891
 0.36437988
 0.24353027
-0.02105713
-0.31768799
-0.55023193
-0.65216064
-0.60638428
-0.46020508
-0.31677246
-0.18615723
-0.07324219
 0.02593994
 0.13458252
 0.26977539
 0.39916992
 0.42694092
 0.34332275
 0.21270752
 0.05950928
-0.07080078
-0.19866943
-0.30151367
-0.33752441
-0.29602051
-0.23803711
-0.17089844
-0.09368896
-0.01403809
 0.04608154
 0.08514404
 0.09490967
 0.05371094
-0.02960205
-0.11016846
-0.15350342
-0.16265869
-0.15594482
-0.15167236
-0.15960693
-0.16601563
-0.14984131
-0.11596680
-0.07629395
-0.03692627
-0.00701904
-0.00183105
-0.02105713
-0.02349854
 0.00396729
 0.03173828
 0.03356934
 0.00701904
-0.00762939
-0.00091553
-0.00213623
-0.02044678
-0.02563477
 0.00549316
 0.05523682
 0.09948730
 0.12481689
 0.11901855
 0.09948730
 0.10162354
 0.12359619
 0.14343262
 0.13946533
 0.10467529
 0.06439209
 0.04150391
 0.02929688
 0.01983643
 0.01708984
 0.03479004
 0.07263184
 0.11688232
 0.15472412
 0.17395020
 0.16815186
 0.15411377
 0.15136719
 0.15930176
 0.16937256
 0.17669678
 0.17669678
 0.15502930
 0.10253906
 0.03906250
 0.00488281
 0.01525879
 0.05950928
 0.12298584
 0.19104004
 0.24627686
 0.27496338
 0.25878906
 0.20477295
 0.15869141
 0.13580322
 0.12023926
 0.10375977
 0.08087158
 0.04608154
 0.00274658
-0.03326416
-0.04577637
-0.02960205
 0.01037598
 0.06500244
 0.11993408
 0.16082764
 0.16387939
 0.10711670
 0.02563477
-0.03448486
-0.06866455
-0.08850098
-0.09521484
-0.09216309
-0.08850098
-0.09460449
-0.10437012
-0.09918213
-0.07324219
-0.03784180
-0.00579834
 0.01220703
 0.01464844
 0.01739502
 0.03082275
 0.04577637
 0.05187988
 0.04791260
 0.04852295
 0.06195068
 0.07904053
 0.08636475
 0.07995605
 0.06835938
 0.05950928
 0.05157471
 0.03875732
 0.01953125
-0.00091553
-0.01342773
-0.00885010
 0.01403809
 0.04730225
 0.08117676
 0.10589600
 0.11016846
 0.08941650
 0.05584717
 0.02746582
 0.01220703
 0.00885010
 0.01129150
 0.01007080
-0.00152588
-0.02471924
-0.05249023
-0.07385254
-0.08361816
-0.08575439
-0.08605957
-0.08850098
-0.09338379
-0.10040283
-0.11230469
-0.13549805
-0.16967773
-0.20111084
-0.21728516
-0.21728516
-0.20812988
-0.19561768
-0.18524170
-0.17791748
-0.17089844
-0.16113281
-0.14862061
-0.13763428
-0.12878418
-0.11596680
-0.09185791
-0.05828857
-0.02319336
 0.00457764
 0.01617432
 0.01129150
 0.00183105
-0.00122070
 0.00396729
 0.01647949
 0.03509521
 0.05462646
 0.06622314
 0.06011963
 0.03662109
 0.01007080
-0.00701904
-0.01190186
-0.00579834
 0.00915527
 0.03021240
 0.05096436
 0.06195068
 0.05767822
 0.04241943
 0.02624512
 0.01434326
 0.00762939
 0.00274658
-0.00732422
-0.02563477
-0.04913330
-0.07080078
-0.08636475
-0.09460449
-0.09368896
-0.08117676
-0.05645752
-0.02288818
 0.01434326
 0.04730225
 0.06439209
 0.05737305
 0.03265381
 0.00549316
-0.02075195
-0.04730225
-0.07080078
-0.08544922
-0.08819580
-0.08148193
-0.06988525
-0.05676270
-0.04333496
-0.02929688
-0.01342773
 0.00427246
 0.02105713
 0.03356934
 0.04028320
 0.04180908
 0.03631592
 0.02136230
-0.00061035
-0.02014160
-0.02777100
-0.02044678
 0.00091553
 0.03234863
 0.06835938
 0.10284424
 0.12908936
 0.14129639
 0.14251709
 0.14190674
 0.14495850
 0.15045166
 0.15441895
 0.15136719
 0.13854980
 0.11718750
 0.09155273
 0.06866455
 0.05310059
 0.04791260
 0.05401611
 0.06744385
 0.08483887
 0.10070801
 0.11047363
 0.11138916
 0.10467529
 0.09429932
 0.08392334
 0.07537842
 0.06805420
 0.06103516
 0.05310059
 0.04150391
 0.02380371
 0.00030518
-0.02502441
-0.04669189
-0.05950928
-0.06134033
-0.05310059
-0.03936768
-0.02655029
-0.01861572
-0.01647949
-0.01586914
-0.01251221
-0.00457764
 0.00701904
 0.01861572
 0.02624512
 0.02685547
 0.02105713
 0.01068115
-0.00244141
-0.01586914
-0.02685547
-0.03356934
-0.03479004
-0.03051758
-0.02288818
-0.01617432
-0.01525879
-0.02136230
-0.03234863
-0.04394531
-0.05279541
-0.05737305
-0.05615234
-0.05187988
-0.04821777
-0.04760742
-0.04943848
-0.05126953
-0.05035400
-0.04608154
-0.03753662
-0.02716064
-0.01800537
-0.01434326
-0.01983643
-0.03509521
-0.05584717
-0.07751465
-0.09674072
-0.11077881
-0.11901855
-0.12084961
-0.11718750
-0.10986328
-0.10101318
-0.09185791
-0.08361816
-0.07507324
-0.06561279
-0.05401611
-0.04302979
-0.03509521
-0.03234863
-0.03631592
-0.04547119
-0.05645752
-0.06561279
-0.07049561
-0.06835938
-0.05950928
-0.04608154
-0.03204346
-0.02166748
-0.01617432
-0.01495361
-0.01586914
-0.01861572
-0.02197266
-0.02563477
-0.03021240
-0.03570557
-0.04180908
-0.04943848
-0.05798340
-0.06500244
-0.06805420
-0.06622314
-0.05859375
-0.04608154
-0.03021240
-0.01403809
 0.00030518
 0.00885010
 0.01129150
 0.01037598
 0.00976563
 0.01129150
 0.01403809
 0.01739502
 0.02075195
 0.02258301
 0.02258301
 0.02166748
 0.02166748
 0.02441406
 0.03082275
 0.04089355
 0.05310059
 0.06530762
 0.07415771
 0.07598877
 0.07049561
 0.06042480
 0.04852295
 0.03814697
 0.03143311
 0.02929688
 0.03204346
 0.03753662
 0.04180908
 0.04333496
 0.04302979
 0.04150391
 0.04058838
 0.04180908
 0.04516602
 0.04943848
 0.05279541
 0.05340576
 0.05065918
 0.04455566
 0.03753662
 0.03082275
 0.02655029
 0.02563477
 0.02807617
 0.03204346
 0.03540039
 0.03631592
 0.03326416
 0.02777100
 0.02258301
 0.01983643
 0.02075195
 0.02655029
 0.03753662
 0.05096436
 0.06439209
 0.07476807
 0.08026123
 0.08087158
 0.07873535
 0.07720947
 0.07751465
 0.07873535
 0.08026123
 0.08087158
 0.07843018
 0.07263184
 0.06408691
 0.05584717
 0.05157471
 0.05187988
 0.05798340
 0.06744385
 0.07690430
 0.08209229
 0.08026123
 0.07202148
 0.05920410
 0.04394531
 0.02868652
 0.01586914
 0.00640869
 0.00030518
-0.00457764
-0.00946045
-0.01495361
-0.02136230
-0.02624512
-0.02777100
-0.02532959
-0.01861572
-0.01098633
-0.00518799
-0.00457764
-0.01068115
-0.02319336
-0.03875732
-0.05432129
-0.06622314
-0.07171631
-0.07049561
-0.06286621
-0.05187988
-0.04058838
-0.03234863
-0.02868652
-0.02868652
-0.03021240
-0.03143311
-0.03234863
-0.03326416
-0.03570557
-0.04150391
-0.05065918
-0.06225586
-0.07324219
-0.07934570
-0.07873535
-0.07049561
-0.05523682
-0.03601074
-0.01647949
-0.00183105
 0.00518799
 0.00457764
-0.00061035
-0.00793457
-0.01495361
-0.02105713
-0.02532959
-0.02868652
-0.03265381
-0.03875732
-0.04547119
-0.05249023
-0.05767822
-0.05950928
-0.05767822
-0.05218506
-0.04486084
-0.03784180
-0.03387451
-0.03417969
-0.03814697
-0.04394531
-0.04974365
-0.05218506
-0.04943848
-0.04241943
-0.03295898
-0.02380371
-0.01770020
-0.01556396
-0.01678467
-0.01861572
-0.01922607
-0.01770020
-0.01464844
-0.01098633
-0.00946045
-0.01159668
-0.01678467
-0.02349854
-0.03082275
-0.03631592
-0.03845215
-0.03631592
-0.03082275
-0.02227783
-0.01342773
-0.00579834
-0.00122070
 0.00122070
 0.00305176
 0.00640869
 0.01190186
 0.01892090
 0.02502441
 0.02960205
 0.03234863
 0.03295898
 0.03326416
 0.03387451
 0.03601074
 0.04089355
 0.04760742
 0.05584717
 0.06408691
 0.06988525
 0.07141113
 0.06774902
 0.06011963
 0.05035400
 0.04119873
 0.03479004
 0.03204346
 0.03204346
 0.03326416
 0.03509521
 0.03784180
 0.04058838
 0.04302979
 0.04638672
 0.05035400
 0.05493164
 0.05889893
 0.06072998
 0.05950928
 0.05401611
 0.04455566
 0.03295898
 0.02166748
 0.01220703
 0.00671387
 0.00488281
 0.00671387
 0.01220703
 0.01953125
 0.02777100
 0.03601074
 0.04394531
 0.05218506
 0.05981445
 0.06622314
 0.07080078
 0.07293701
 0.07354736
 0.07171631
 0.06805420
 0.06256104
 0.05615234
 0.05096436
 0.04821777
 0.04791260
 0.04974365
 0.05218506
 0.05310059
 0.05157471
 0.04638672
 0.03845215
 0.02899170
 0.02014160
 0.01220703
 0.00488281
-0.00183105
-0.00762939
-0.01281738
-0.01647949
-0.01892090
-0.01953125
-0.01831055
-0.01556396
-0.01129150
-0.00732422
-0.00457764
-0.00457764
-0.00823975
-0.01495361
-0.02288818
-0.02990723
-0.03570557
-0.04089355
-0.04486084
-0.04760742
-0.04913330
-0.04852295
-0.04638672
-0.04425049
-0.04211426
-0.04028320
-0.03814697
-0.03479004
-0.03051758
-0.02655029
-0.02258301
-0.01953125
-0.01708984
-0.01525879
-0.01281738
-0.01007080
-0.00732422
-0.00488281
-0.00366211
-0.00366211
-0.00457764
-0.00701904
-0.01129150
-0.01739502
-0.02502441
-0.03356934
-0.04272461
-0.05157471
-0.06164551
-0.07171631
-0.08178711
-0.09124756
-0.10009766
-0.10742188
-0.11291504
-0.11627197
-0.11810303
-0.11962891
-0.12023926
-0.12054443
-0.11993408
-0.11810303
-0.11566162
-0.11230469
-0.10894775
-0.10498047
-0.10131836
-0.09704590
-0.09185791
-0.08605957
-0.07873535
-0.07110596
-0.06256104
-0.05310059
-0.04333496
-0.03479004
-0.02746582
-0.02105713
-0.01495361
-0.00854492
-0.00244141
 0.00274658
 0.00732422
 0.01129150
 0.01495361
 0.01800537
 0.02105713
 0.02349854
 0.02593994
 0.02838135
 0.03082275
 0.03265381
 0.03356934
 0.03356934
 0.03265381
 0.02990723
 0.02502441
 0.01953125
 0.01464844
 0.01098633
 0.00823975
 0.00640869
 0.00579834
 0.00518799
 0.00366211
 0.00213623
 0.00061035
-0.00061035
-0.00091553
-0.00061035
 0.00000000
 0.00152588
 0.00366211
 0.00610352
 0.00793457
 0.00946045
 0.01159668
 0.01556396
 0.02166748
 0.02899170
 0.03662109
 0.04364014
 0.04974365
 0.05432129
 0.05798340
 0.06042480
 0.06256104
 0.06500244
 0.06835938
 0.07324219
 0.07843018
 0.08331299
 0.08697510
 0.08972168
 0.09124756
 0.09246826
 0.09338379
 0.09460449
 0.09460449
 0.09460449
 0.09338379
 0.09094238
 0.08666992
 0.08056641
 0.07385254
 0.06774902
 0.06195068
 0.05767822
 0.05462646
 0.05249023
 0.05035400
 0.04791260
 0.04455566
 0.03936768
 0.03295898
 0.02655029
 0.02105713
 0.01647949
 0.01342773
 0.01129150
 0.00885010
 0.00518799
 0.00152588
-0.00152588
-0.00335693
-0.00427246
-0.00366211
-0.00122070
 0.00213623
 0.00518799
 0.00640869
 0.00579834
 0.00366211
 0.00091553
-0.00122070
-0.00213623
-0.00183105
-0.00030518
 0.00183105
 0.00396729
 0.00610352
 0.00732422
 0.00915527
 0.01129150
 0.01373291
 0.01708984
 0.02105713
 0.02563477
 0.02990723
 0.03234863
 0.03234863
 0.03021240
 0.02716064
 0.02410889
 0.02105713
 0.01770020
 0.01495361
 0.01190186
 0.00854492
 0.00457764
 0.00030518
-0.00488281
-0.01007080
-0.01434326
-0.01800537
-0.02014160
-0.02197266
-0.02502441
-0.02990723
-0.03631592
-0.04486084
-0.05371094
-0.06225586
-0.06896973
-0.07324219
-0.07537842
-0.07690430
-0.07781982
-0.07843018
-0.07873535
-0.07995605
-0.08148193
-0.08239746
-0.08300781
-0.08270264
-0.08209229
-0.08056641
-0.07965088
-0.07904053
-0.07843018
-0.07659912
-0.07293701
-0.06683350
-0.05889893
-0.05065918
-0.04241943
-0.03570557
-0.03143311
-0.02990723
-0.02960205
-0.03021240
-0.03112793
-0.03112793
-0.02990723
-0.02716064
-0.02380371
-0.01983643
-0.01617432
-0.01312256
-0.01068115
-0.00823975
-0.00549316
-0.00335693
-0.00152588
-0.00061035
-0.00030518
-0.00061035
-0.00244141
-0.00518799
-0.00671387
-0.00640869
-0.00427246
 0.00000000
 0.00610352
 0.01190186
 0.01678467
 0.01983643
 0.02075195
 0.02014160
 0.01831055
 0.01647949
 0.01525879
 0.01464844
 0.01403809
 0.01434326
 0.01586914
 0.01800537
 0.02075195
 0.02380371
 0.02777100
 0.03234863
 0.03723145
 0.04119873
 0.04302979
 0.04272461
 0.04028320
 0.03631592
 0.03112793
 0.02593994
 0.02227783
 0.02014160
 0.01983643
 0.02105713
 0.02319336
 0.02563477
 0.02777100
 0.02868652
 0.02868652
 0.02777100
 0.02716064
 0.02655029
 0.02563477
 0.02349854
 0.02044678
 0.01708984
 0.01434326
 0.01251221
 0.01190186
 0.01312256
 0.01647949
 0.02105713
 0.02624512
 0.03173828
 0.03601074
 0.03845215
 0.03875732
 0.03723145
 0.03479004
 0.03143311
 0.02746582
 0.02319336
 0.01892090
 0.01525879
 0.01312256
 0.01251221
 0.01281738
 0.01495361
 0.01861572
 0.02349854
 0.02929688
 0.03540039
 0.04119873
 0.04547119
 0.04852295
 0.04974365
 0.04852295
 0.04577637
 0.04211426
 0.03845215
 0.03448486
 0.03051758
 0.02624512
 0.02197266
 0.01800537
 0.01342773
 0.00915527
 0.00488281
-0.00030518
-0.00640869
-0.01159668
-0.01647949
-0.02227783
-0.02838135
-0.03479004
-0.04028320
-0.04486084
-0.04852295
-0.05096436
-0.05157471
-0.05126953
-0.05035400
-0.04913330
-0.04730225
-0.04608154
-0.04547119
-0.04547119
-0.04608154
-0.04669189
-0.04638672
-0.04638672
-0.04547119
-0.04455566
-0.04241943
-0.03906250
-0.03479004
-0.02990723
-0.02410889
-0.01861572
-0.01281738
-0.00640869
-0.00091553
 0.00396729
 0.00762939
 0.01068115
 0.01312256
 0.01525879
 0.01708984
 0.01922607
 0.02075195
 0.02258301
 0.02410889
 0.02532959
 0.02502441
 0.02410889
 0.02197266
 0.01892090
 0.01464844
 0.00946045
 0.00335693
-0.00274658
-0.00885010
-0.01434326
-0.01953125
-0.02380371
-0.02746582
-0.03021240
-0.03234863
-0.03387451
-0.03540039
-0.03631592
-0.03723145
-0.03845215
-0.04028320
-0.04241943
-0.04516602
-0.04760742
-0.05004883
-0.05157471
-0.05218506
-0.05218506
-0.05187988
-0.05096436
-0.04974365
-0.04852295
-0.04791260
-0.04760742
-0.04730225
-0.04699707
-0.04608154
-0.04364014
-0.04028320
-0.03662109
-0.03234863
-0.02685547
-0.02075195
-0.01373291
-0.00610352
 0.00183105
 0.01007080
 0.01770020
 0.02502441
 0.03143311
 0.03570557
 0.03784180
 0.03875732
 0.03845215
 0.03753662
 0.03631592
 0.03509521
 0.03356934
 0.03265381
 0.03204346
 0.03204346
 0.03234863
 0.03265381
 0.03295898
 0.03326416
 0.03265381
 0.03204346
 0.03082275
 0.02929688
 0.02655029
 0.02288818
 0.01922607
 0.01586914
 0.01281738
 0.01037598
 0.00823975
 0.00701904
 0.00610352
 0.00518799
 0.00427246
 0.00213623
-0.00061035
-0.00335693
-0.00640869
-0.00976563
-0.01342773
-0.01708984
-0.02044678
-0.02288818
-0.02471924
-0.02624512
-0.02716064
-0.02624512
-0.02441406
-0.02075195
-0.01678467
-0.01251221
-0.00793457
-0.00335693
 0.00061035
 0.00366211
 0.00732422
 0.01098633
 0.01434326
 0.01739502
 0.02105713
 0.02441406
 0.02746582
 0.02990723
 0.03265381
 0.03540039
 0.03784180
 0.04028320
 0.04180908
 0.04272461
 0.04241943
 0.04119873
 0.03936768
 0.03662109
 0.03265381
 0.02807617
 0.02349854
 0.01953125
 0.01708984
 0.01586914
 0.01525879
 0.01495361
 0.01434326
 0.01312256
 0.01220703
 0.01098633
 0.00885010
 0.00610352
 0.00244141
-0.00183105
-0.00671387
-0.01251221
-0.01892090
-0.02532959
-0.03112793
-0.03540039
-0.03845215
-0.04028320
-0.04119873
-0.04119873
-0.04119873
-0.04180908
-0.04272461
-0.04364014
-0.04455566
-0.04516602
-0.04577637
-0.04638672
-0.04577637
-0.04455566
-0.04302979
-0.04089355
-0.03845215
-0.03448486
-0.02990723
-0.02471924
-0.01953125
-0.01434326
-0.00976563
-0.00579834
-0.00274658
-0.00030518
 0.00122070
 0.00244141
 0.00427246
 0.00671387
 0.00915527
 0.01190186
 0.01525879
 0.01861572
 0.02197266
 0.02441406
 0.02655029
 0.02838135
 0.02960205
 0.03051758
 0.03051758
 0.03021240
 0.02929688
 0.02807617
 0.02655029
 0.02471924
 0.02258301
 0.02075195
 0.01953125
 0.01831055
 0.01708984
 0.01556396
 0.01373291
 0.01068115
 0.00762939
 0.00366211
 0.00030518
-0.00244141
-0.00518799
-0.00762939
-0.00946045
-0.01098633
-0.01220703
-0.01251221
-0.01251221
-0.01190186
-0.01098633
-0.01037598
-0.00885010
-0.00701904
-0.00549316
-0.00427246
-0.00274658
-0.00152588
-0.00061035
 0.00091553
 0.00274658
 0.00549316
 0.00823975
 0.01098633
 0.01373291
 0.01586914
 0.01739502
 0.01892090
 0.02014160
 0.02105713
 0.02197266
 0.02258301
 0.02349854
 0.02471924
 0.02624512
 0.02777100
 0.02929688
 0.03173828
 0.03448486
 0.03784180
 0.04180908
 0.04577637
 0.04913330
 0.05187988
 0.05340576
 0.05432129
 0.05462646
 0.05462646
 0.05432129
 0.05340576
 0.05187988
 0.05004883
 0.04821777
 0.04608154
 0.04394531
 0.04211426
 0.04028320
 0.03753662
 0.03417969
 0.02990723
 0.02532959
 0.02044678
 0.01525879
 0.00976563
 0.00488281
 0.00000000
-0.00396729
-0.00640869
-0.00793457
-0.00915527
-0.01007080
-0.01068115
-0.01098633
-0.01068115
-0.01159668
-0.01342773
-0.01525879
-0.01770020
-0.02014160
-0.02288818
-0.02624512
-0.03021240
-0.03356934
-0.03601074
-0.03814697
-0.03906250
-0.03936768
-0.03814697
-0.03631592
-0.03448486
-0.03295898
-0.03173828
-0.02990723
-0.02838135
-0.02655029
-0.02502441
-0.02349854
-0.02166748
-0.02014160
-0.01831055
-0.01647949
-0.01434326
-0.01220703
-0.01068115
-0.01037598
-0.01007080
-0.01068115
-0.01129150
-0.01251221
-0.01434326
-0.01647949
-0.01861572
-0.02044678
-0.02166748
-0.02258301
-0.02319336
-0.02380371
-0.02349854
-0.02319336
-0.02349854
-0.02471924
-0.02624512
-0.02807617
-0.02929688
-0.03082275
-0.03265381
-0.03479004
-0.03601074
-0.03631592
-0.03631592
-0.03662109
-0.03692627
-0.03692627
-0.03662109
-0.03662109
-0.03692627
-0.03784180
-0.03906250
-0.04119873
-0.04333496
-0.04516602
-0.04669189
-0.04760742
-0.04730225
-0.04577637
-0.04364014
-0.04089355
-0.03723145
-0.03295898
-0.02838135
-0.02319336
-0.01800537
-0.01312256
-0.00915527
-0.00579834
-0.00366211
-0.00152588
 0.00000000
 0.00061035
 0.00152588
 0.00274658
 0.00396729
 0.00518799
 0.00671387
 0.00885010
 0.01068115
 0.01281738
 0.01464844
 0.01647949
 0.01800537
 0.01983643
 0.02105713
 0.02227783
 0.02349854
 0.02410889
 0.02471924
 0.02563477
 0.02716064
 0.02838135
 0.02960205
 0.03082275
 0.03143311
 0.03112793
 0.03051758
 0.02899170
 0.02655029
 0.02349854
 0.02014160
 0.01739502
 0.01403809
 0.01037598
 0.00732422
 0.00457764
 0.00183105
-0.00061035
-0.00305176
-0.00488281
-0.00549316
-0.00579834
-0.00579834
-0.00640869
-0.00610352
-0.00549316
-0.00457764
-0.00366211
-0.00335693
-0.00244141
-0.00061035
 0.00183105
 0.00396729
 0.00579834
 0.00793457
 0.01007080
 0.01190186
 0.01373291
 0.01495361
 0.01556396
 0.01617432
 0.01647949
 0.01617432
 0.01617432
 0.01617432
 0.01586914
 0.01525879
 0.01495361
 0.01495361
 0.01556396
 0.01647949
 0.01831055
 0.01983643
 0.02105713
 0.02197266
 0.02258301
 0.02349854
 0.02441406
 0.02441406
 0.02441406
 0.02410889
 0.02349854
 0.02227783
 0.02044678
 0.01770020
 0.01434326
 0.01037598
 0.00671387
 0.00244141
-0.00183105
-0.00488281
-0.00854492
-0.01220703
-0.01617432
-0.01892090
-0.02075195
-0.02227783
-0.02380371
-0.02532959
-0.02685547
-0.02807617
-0.02868652
-0.02868652
-0.02777100
-0.02685547
-0.02563477
-0.02471924
-0.02380371
-0.02288818
-0.02136230
-0.02044678
-0.01953125
-0.01983643
-0.02075195
-0.02136230
-0.02166748
-0.02197266
-0.02227783
-0.02227783
-0.02166748
-0.02014160
-0.01800537
-0.01556396
-0.01281738
-0.01007080
-0.00854492
-0.00701904
-0.00549316
-0.00335693
-0.00122070
 0.00030518
 0.00152588
 0.00335693
 0.00579834
 0.00793457
 0.01007080
 0.01190186
 0.01373291
 0.01525879
 0.01617432
 0.01678467
 0.01647949
 0.01525879
 0.01342773
 0.01159668
 0.01007080
 0.00793457
 0.00579834
 0.00427246
 0.00335693
 0.00366211
 0.00366211
 0.00305176
 0.00152588
 0.00091553
 0.00305176
 0.00488281
 0.00244141
