 0.00000000
 0.00000000
 0.00000000
 0.00000000
 0.00030518
 0.00061035
 0.00061035
 0.00030518
 0.00030518
 0.00000000
 0.00030518
 0.00030518
 0.00030518
-0.00030518
-0.00030518
 0.00000000
 0.00000000
 0.00000000
 0.00000000
 0.00030518
 0.00030518
 0.00000000
 0.00000000
 0.00000000
 0.00000000
 0.00000000
 0.00000000
 0.00000000
 0.00000000
 0.00030518
 0.00000000
 0.00000000
 0.00030518
 0.00030518
 0.00000000
 0.00000000
 0.00030518
 0.00030518
 0.00030518
 0.00030518
 0.00030518
 0.00030518
 0.00061035
 0.00061035
 0.00030518
-0.00030518
-0.00030518
 0.00000000
 0.00000000
 0.00000000
 0.00030518
 0.00030518
-0.00030518
-0.00030518
 0.00000000
 0.00000000
 0.00000000
 0.00000000
 0.00000000
 0.00000000
 0.00000000
 0.00030518
 0.00030518
 0.00030518
 0.00000000
 0.00000000
 0.00000000
 0.00061035
 0.00091553
 0.00091553
 0.00061035
-0.00030518
-0.00061035
-0.00030518
 0.00000000
 0.00030518
 0.00030518
 0.00000000
-0.00030518
-0.00030518
-0.00030518
-0.00030518
-0.00030518
 0.00000000
 0.00030518
 0.00061035
 0.00030518
 0.00000000
 0.00000000
 0.00030518
 0.00122070
 0.00335693
 0.00640869
 0.00885010
 0.00701904
-0.00152588
-0.01464844
-0.02471924
-0.02807617
-0.02593994
-0.01800537
-0.00427246
 0.00701904
 0.00610352
-0.00488281
-0.01068115
-0.00518799
 0.00549316
 0.01800537
 0.03417969
 0.04760742
 0.03417969
-0.01586914
-0.05157471
-0.03906250
-0.00885010
 0.00488281
-0.00427246
-0.01403809
 0.00122070
 0.02288818
 0.02990723
 0.02166748
 0.01312256
 0.00610352
-0.00030518
 0.00610352
 0.02288818
 0.02716064
 0.00335693
-0.02807617
-0.04180908
-0.03723145
-0.01373291
 0.02471924
 0.05401611
 0.03845215
-0.01617432
-0.03814697
-0.01892090
 0.00396729
 0.01983643
 0.02197266
 0.00579834
-0.01281738
-0.01129150
 0.00610352
 0.01800537
 0.00976563
-0.01007080
-0.02227783
-0.02471924
-0.01464844
 0.00640869
 0.02136230
 0.01190186
-0.00976563
-0.01556396
-0.01129150
-0.01129150
-0.01220703
-0.00183105
 0.02075195
 0.04760742
 0.07019043
 0.07659912
 0.05065918
-0.00762939
-0.06347656
-0.07751465
-0.04516602
 0.01434326
 0.07507324
 0.10925293
 0.09155273
-0.00183105
-0.12847900
-0.22216797
-0.24658203
-0.19531250
-0.07995605
 0.05279541
 0.16113281
 0.22918701
 0.24627686
 0.20111084
 0.11077881
 0.04241943
 0.00610352
-0.04394531
-0.12115479
-0.19165039
-0.23376465
-0.24932861
-0.23651123
-0.18402100
-0.07781982
 0.08056641
 0.28259277
 0.43884277
 0.44799805
 0.34515381
 0.15625000
-0.08453369
-0.26336670
-0.35797119
-0.35888672
-0.30822754
-0.23162842
-0.13488770
-0.01953125
 0.12268066
 0.27374268
 0.38360596
 0.39093018
 0.32989502
 0.20629883
 0.08361816
 0.00030518
-0.08483887
-0.18707275
-0.27984619
-0.34393311
-0.34393311
-0.27893066
-0.17059326
-0.04119873
 0.08148193
 0.18432617
 0.26306152
 0.31250000
 0.32501221
 0.26428223
 0.13244629
-0.02075195
-0.14343262
-0.21697998
-0.23345947
-0.20629883
-0.16113281
-0.12420654
-0.09796143
-0.06042480
 0.00091553
 0.08026123
 0.15655518
 0.21392822
 0.24139404
 0.20690918
 0.10375977
-0.00671387
-0.07171631
-0.11260986
-0.15472412
-0.19012451
-0.19012451
-0.15167236
-0.08789063
-0.00579834
 0.08850098
 0.17425537
 0.22674561
 0.24017334
 0.20538330
 0.13366699
 0.04608154
-0.03997803
-0.10467529
-0.13763428
-0.13488770
-0.09674072
-0.03845215
 0.00610352
 0.00762939
-0.05371094
-0.13458252
-0.16326904
-0.12359619
-0.02868652
 0.09124756
 0.19226074
 0.25054932
 0.25817871
 0.19836426
 0.09460449
 0.00488281
-0.05981445
-0.13580322
-0.22094727
-0.28045654
-0.29907227
-0.28106689
-0.22613525
-0.13000488
 0.00549316
 0.17028809
 0.37719727
 0.51208496
 0.54840088
 0.43792725
 0.25360107
-0.05035400
-0.34057617
-0.51086426
-0.56793213
-0.52581787
-0.41168213
-0.27099609
-0.08453369
 0.12786865
 0.34606934
 0.48309326
 0.52490234
 0.48522949
 0.38299561
 0.25573730
 0.08331299
-0.06530762
-0.22216797
-0.37750244
-0.48980713
-0.51849365
-0.44952393
-0.32226563
-0.16387939
 0.03082275
 0.22766113
 0.40435791
 0.47454834
 0.46783447
 0.37506104
 0.24902344
 0.05615234
-0.09490967
-0.20935059
-0.30364990
-0.36041260
-0.36956787
-0.33599854
-0.27008057
-0.15594482
-0.01525879
 0.12390137
 0.24475098
 0.33050537
 0.35247803
 0.33294678
 0.26916504
 0.12054443
-0.02563477
-0.15228271
-0.25604248
-0.32775879
-0.33294678
-0.29388428
-0.21148682
-0.09155273
 0.04425049
 0.17059326
 0.26702881
 0.31372070
 0.29907227
 0.21484375
 0.10864258
 0.02624512
-0.04089355
-0.10681152
-0.16082764
-0.19195557
-0.19927979
-0.18096924
-0.13549805
-0.06286621
 0.03112793
 0.12847900
 0.20538330
 0.24230957
 0.21636963
 0.13000488
 0.03601074
-0.02899170
-0.07659912
-0.11108398
-0.12969971
-0.13488770
-0.12908936
-0.10864258
-0.07263184
-0.02441406
 0.02777100
 0.07629395
 0.11413574
 0.12969971
 0.11993408
 0.09704590
 0.07049561
 0.03479004
-0.01373291
-0.06713867
-0.11199951
-0.14068604
-0.15106201
-0.13824463
-0.10192871
-0.04760742
 0.01586914
 0.07812500
 0.12878418
 0.15747070
 0.14373779
 0.09552002
 0.04882813
 0.01831055
-0.00579834
-0.03387451
-0.07080078
-0.11138916
-0.14282227
-0.15136719
-0.12908936
-0.07690430
-0.00061035
 0.08697510
 0.16845703
 0.22705078
 0.24963379
 0.21240234
 0.12542725
 0.03509521
-0.03601074
-0.09613037
-0.14251709
-0.16754150
-0.16876221
-0.14892578
-0.11291504
-0.06561279
-0.01037598
 0.04760742
 0.10253906
 0.14495850
 0.15655518
 0.12390137
 0.06652832
 0.00976563
-0.04272461
-0.08941650
-0.12237549
-0.13488770
-0.12695313
-0.10253906
-0.06622314
-0.02227783
 0.02502441
 0.06866455
 0.10070801
 0.11077881
 0.10131836
 0.08331299
 0.06256104
 0.03875732
 0.01251221
-0.01403809
-0.03662109
-0.05126953
-0.05645752
-0.05340576
-0.04302979
-0.02471924
-0.00183105
 0.02197266
 0.04241943
 0.05798340
 0.06744385
 0.06896973
 0.05981445
 0.04119873
 0.01983643
 0.00030518
-0.01678467
-0.02899170
-0.03204346
-0.02655029
-0.01617432
-0.00549316
 0.00366211
 0.01159668
 0.01739502
 0.02136230
 0.02441406
 0.02716064
 0.02807617
 0.02410889
 0.01190186
-0.00793457
-0.02990723
-0.04852295
-0.05859375
-0.05889893
-0.05004883
-0.03417969
-0.01586914
 0.00061035
 0.01220703
 0.01831055
 0.02136230
 0.02258301
 0.02227783
 0.01983643
 0.01373291
 0.00427246
-0.00823975
-0.02258301
-0.03509521
-0.04333496
-0.04455566
-0.03753662
-0.02197266
 0.00030518
 0.02563477
 0.04852295
 0.06408691
 0.06958008
 0.06683350
 0.05828857
 0.04333496
 0.02014160
-0.00762939
-0.03265381
-0.04699707
-0.04791260
-0.03753662
-0.02044678
-0.00335693
 0.00915527
 0.01464844
 0.01373291
 0.01159668
 0.01068115
 0.00823975
 0.00274658
-0.00732422
-0.02166748
-0.03875732
-0.05554199
-0.06805420
-0.07202148
-0.06469727
-0.04730225
-0.02288818
 0.00396729
 0.02716064
 0.04119873
 0.04272461
 0.03448486
 0.02197266
 0.01037598
-0.00030518
-0.00976563
-0.01831055
-0.02624512
-0.03082275
-0.02990723
-0.02166748
-0.00732422
 0.01129150
 0.03112793
 0.04882813
 0.06042480
 0.06347656
 0.05767822
 0.04486084
 0.02716064
 0.00793457
-0.00976563
-0.02227783
-0.02777100
-0.02502441
-0.01556396
-0.00091553
 0.01434326
 0.02593994
 0.03143311
 0.03173828
 0.02929688
 0.02502441
 0.01953125
 0.01281738
 0.00549316
-0.00335693
-0.01342773
-0.02502441
-0.03631592
-0.04425049
-0.04547119
-0.03997803
-0.02899170
-0.01342773
 0.00183105
 0.01373291
 0.01983643
 0.01892090
 0.01342773
 0.00640869
-0.00061035
-0.00701904
-0.01373291
-0.02044678
-0.02593994
-0.02899170
-0.02929688
-0.02746582
-0.02380371
-0.01739502
-0.00762939
 0.00549316
 0.01953125
 0.03143311
 0.03753662
 0.03662109
 0.03021240
 0.02136230
 0.01281738
 0.00549316
 0.00152588
-0.00030518
 0.00030518
 0.00152588
 0.00244141
 0.00274658
 0.00183105
 0.00091553
-0.00030518
-0.00091553
-0.00122070
-0.00152588
-0.00213623
-0.00579834
-0.01098633
-0.01708984
-0.02288818
-0.02655029
-0.02746582
-0.02471924
-0.01831055
-0.01037598
-0.00274658
 0.00396729
 0.00854492
 0.01068115
 0.01007080
 0.00701904
 0.00244141
-0.00335693
-0.00915527
-0.01495361
-0.01922607
-0.02227783
-0.02410889
-0.02380371
-0.02014160
-0.01251221
-0.00183105
 0.01098633
 0.02441406
 0.03601074
 0.04302979
 0.04486084
 0.04150391
 0.03387451
 0.02319336
 0.01098633
 0.00030518
-0.00762939
-0.01190186
-0.01312256
-0.01190186
-0.00823975
-0.00366211
 0.00213623
 0.00823975
 0.01525879
 0.02105713
 0.02471924
 0.02471924
 0.02044678
 0.01159668
-0.00030518
-0.01281738
-0.02471924
-0.03387451
-0.03875732
-0.03875732
-0.03417969
-0.02624512
-0.01647949
-0.00701904
 0.00030518
 0.00366211
 0.00457764
 0.00366211
 0.00213623
-0.00030518
-0.00366211
-0.00701904
-0.01129150
-0.01525879
-0.01831055
-0.01983643
-0.01861572
-0.01495361
-0.00854492
 0.00030518
 0.01007080
 0.01831055
 0.02441406
 0.02716064
 0.02563477
 0.02136230
 0.01678467
 0.01281738
 0.00915527
 0.00640869
 0.00366211
 0.00122070
-0.00061035
-0.00152588
-0.00152588
-0.00061035
 0.00091553
 0.00335693
 0.00640869
 0.00793457
 0.00701904
 0.00305176
-0.00335693
-0.01098633
-0.01831055
-0.02258301
-0.02319336
-0.02075195
-0.01586914
-0.01007080
-0.00457764
-0.00030518
 0.00305176
 0.00518799
 0.00671387
 0.00732422
 0.00732422
 0.00732422
 0.00640869
 0.00457764
 0.00152588
-0.00305176
-0.00793457
-0.01220703
-0.01495361
-0.01525879
-0.01251221
-0.00732422
-0.00061035
 0.00549316
 0.00946045
 0.01098633
 0.01129150
 0.01037598
 0.00946045
 0.00762939
 0.00549316
 0.00274658
 0.00000000
-0.00244141
-0.00396729
-0.00427246
-0.00274658
 0.00122070
 0.00732422
 0.01403809
 0.02014160
 0.02410889
 0.02502441
 0.02349854
 0.01983643
 0.01434326
 0.00823975
 0.00213623
-0.00305176
-0.00732422
-0.01068115
-0.01281738
-0.01464844
-0.01647949
-0.01770020
-0.01800537
-0.01739502
-0.01525879
-0.01220703
-0.00915527
-0.00610352
-0.00335693
-0.00152588
-0.00091553
-0.00122070
-0.00183105
-0.00183105
-0.00152588
-0.00030518
 0.00122070
 0.00213623
 0.00274658
 0.00244141
 0.00183105
 0.00061035
-0.00030518
-0.00122070
-0.00122070
-0.00061035
 0.00030518
 0.00091553
 0.00061035
 0.00000000
-0.00061035
 0.00030518
 0.00244141
 0.00549316
 0.00854492
 0.01159668
 0.01373291
 0.01464844
 0.01403809
 0.01312256
 0.01190186
 0.01007080
 0.00823975
 0.00671387
 0.00549316
 0.00427246
 0.00335693
 0.00183105
 0.00091553
 0.00030518
-0.00030518
 0.00091553
 0.00335693
 0.00640869
 0.00885010
 0.01037598
 0.01068115
 0.00915527
 0.00640869
 0.00244141
-0.00183105
-0.00549316
-0.00854492
-0.01007080
-0.01098633
-0.01037598
-0.00976563
-0.00854492
-0.00640869
-0.00427246
-0.00244141
-0.00152588
-0.00122070
-0.00152588
-0.00366211
-0.00701904
-0.01068115
-0.01342773
-0.01434326
-0.01342773
-0.01159668
-0.00823975
-0.00396729
 0.00091553
 0.00549316
 0.00915527
 0.01068115
 0.01129150
 0.01098633
 0.01129150
 0.01190186
 0.01220703
 0.01190186
 0.01129150
 0.01007080
 0.00823975
 0.00610352
 0.00366211
 0.00152588
-0.00061035
-0.00244141
-0.00427246
-0.00640869
-0.00793457
-0.00885010
-0.00854492
-0.00793457
-0.00701904
-0.00579834
-0.00457764
-0.00335693
-0.00244141
-0.00183105
-0.00244141
-0.00335693
-0.00427246
-0.00518799
-0.00488281
-0.00366211
-0.00244141
-0.00213623
-0.00274658
-0.00396729
-0.00549316
-0.00701904
-0.00854492
-0.00976563
-0.00976563
-0.00854492
-0.00671387
-0.00427246
-0.00152588
 0.00091553
 0.00427246
 0.00640869
 0.00793457
 0.00915527
 0.00976563
 0.00976563
 0.00854492
 0.00610352
 0.00305176
 0.00000000
-0.00244141
-0.00427246
-0.00518799
-0.00488281
-0.00335693
-0.00122070
 0.00152588
 0.00335693
 0.00488281
 0.00549316
 0.00549316
 0.00488281
 0.00396729
 0.00213623
 0.00030518
-0.00183105
-0.00396729
-0.00610352
-0.00793457
-0.00885010
-0.00854492
-0.00732422
-0.00549316
-0.00366211
-0.00305176
-0.00274658
-0.00244141
-0.00305176
-0.00488281
-0.00701904
-0.00823975
-0.00885010
-0.00854492
-0.00701904
-0.00518799
-0.00274658
 0.00000000
 0.00274658
 0.00488281
 0.00640869
 0.00701904
 0.00762939
 0.00793457
 0.00762939
 0.00762939
 0.00640869
 0.00427246
 0.00183105
 0.00030518
-0.00091553
-0.00152588
-0.00152588
-0.00152588
-0.00091553
-0.00030518
 0.00030518
 0.00030518
 0.00000000
-0.00061035
-0.00152588
-0.00274658
-0.00305176
-0.00335693
-0.00366211
-0.00427246
-0.00457764
-0.00457764
-0.00396729
-0.00335693
-0.00244141
-0.00091553
 0.00061035
 0.00152588
 0.00244141
 0.00305176
 0.00213623
 0.00030518
-0.00183105
-0.00366211
-0.00518799
-0.00640869
-0.00793457
-0.00885010
-0.00885010
-0.00762939
-0.00671387
-0.00549316
-0.00396729
-0.00213623
 0.00000000
 0.00274658
 0.00427246
 0.00518799
 0.00518799
 0.00488281
 0.00335693
 0.00183105
 0.00030518
-0.00030518
-0.00061035
 0.00030518
 0.00213623
 0.00457764
 0.00671387
 0.00854492
 0.01007080
 0.01129150
 0.01098633
 0.00976563
 0.00885010
 0.00732422
 0.00488281
 0.00122070
-0.00244141
-0.00549316
-0.00793457
-0.00976563
-0.01037598
-0.01007080
-0.00915527
-0.00793457
-0.00671387
-0.00579834
-0.00518799
-0.00488281
-0.00488281
-0.00549316
-0.00610352
-0.00610352
-0.00579834
-0.00457764
-0.00396729
-0.00335693
-0.00213623
-0.00122070
 0.00000000
 0.00122070
 0.00183105
 0.00244141
 0.00274658
 0.00244141
 0.00183105
 0.00091553
-0.00030518
-0.00183105
-0.00305176
-0.00366211
-0.00274658
-0.00183105
-0.00091553
 0.00000000
 0.00152588
 0.00244141
 0.00396729
 0.00518799
 0.00640869
 0.00732422
 0.00762939
 0.00762939
 0.00732422
 0.00640869
 0.00579834
 0.00518799
 0.00488281
 0.00427246
 0.00396729
 0.00396729
 0.00427246
 0.00518799
 0.00579834
 0.00610352
 0.00579834
 0.00579834
 0.00549316
 0.00457764
 0.00335693
 0.00152588
-0.00030518
-0.00213623
-0.00366211
-0.00518799
-0.00640869
-0.00793457
-0.00915527
-0.01007080
-0.01068115
-0.01068115
-0.01007080
-0.00946045
-0.00885010
-0.00793457
-0.00701904
-0.00640869
-0.00549316
-0.00457764
-0.00366211
-0.00244141
-0.00061035
 0.00091553
 0.00305176
 0.00518799
 0.00610352
 0.00671387
 0.00793457
 0.00946045
 0.01068115
 0.01129150
 0.01159668
 0.01159668
 0.01068115
 0.00915527
 0.00762939
 0.00640869
 0.00518799
 0.00427246
 0.00396729
 0.00396729
 0.00366211
 0.00396729
 0.00396729
 0.00366211
 0.00305176
 0.00274658
 0.00213623
 0.00152588
 0.00061035
 0.00030518
 0.00030518
-0.00061035
-0.00152588
-0.00244141
-0.00305176
-0.00366211
-0.00366211
-0.00335693
-0.00366211
-0.00396729
-0.00427246
-0.00427246
-0.00427246
-0.00518799
-0.00579834
-0.00610352
-0.00671387
-0.00671387
-0.00640869
-0.00610352
-0.00610352
-0.00579834
-0.00518799
-0.00427246
-0.00335693
-0.00213623
-0.00030518
 0.00183105
 0.00366211
 0.00488281
 0.00518799
 0.00518799
 0.00549316
 0.00579834
 0.00579834
 0.00549316
 0.00518799
 0.00549316
 0.00518799
 0.00518799
 0.00518799
 0.00427246
 0.00366211
 0.00366211
 0.00396729
 0.00427246
 0.00427246
 0.00427246
 0.00427246
 0.00366211
 0.00274658
 0.00183105
 0.00091553
 0.00000000
-0.00091553
-0.00244141
-0.00366211
-0.00488281
-0.00579834
-0.00701904
-0.00823975
-0.00915527
-0.00976563
-0.00976563
-0.00976563
-0.00946045
-0.00885010
-0.00823975
-0.00762939
-0.00732422
-0.00701904
-0.00671387
-0.00640869
-0.00549316
-0.00427246
-0.00366211
-0.00305176
-0.00335693
-0.00305176
-0.00305176
-0.00274658
-0.00274658
-0.00244141
-0.00213623
-0.00213623
-0.00183105
-0.00152588
-0.00061035
-0.00061035
-0.00030518
-0.00030518
 0.00000000
 0.00091553
 0.00183105
 0.00244141
 0.00244141
 0.00274658
 0.00305176
 0.00305176
 0.00244141
 0.00213623
 0.00183105
 0.00122070
 0.00061035
 0.00091553
 0.00091553
 0.00061035
 0.00000000
-0.00061035
-0.00091553
-0.00122070
-0.00183105
-0.00244141
-0.00244141
-0.00244141
-0.00244141
-0.00244141
-0.00244141
-0.00213623
-0.00183105
-0.00152588
-0.00122070
-0.00061035
 0.00000000
 0.00030518
 0.00091553
 0.00152588
 0.00183105
 0.00183105
 0.00183105
 0.00183105
 0.00244141
 0.00305176
 0.00396729
 0.00457764
 0.00518799
 0.00549316
 0.00518799
 0.00518799
 0.00457764
 0.00396729
 0.00366211
 0.00335693
 0.00305176
 0.00244141
 0.00152588
 0.00152588
 0.00122070
 0.00122070
 0.00091553
 0.00061035
 0.00061035
 0.00030518
 0.00030518
-0.00030518
-0.00091553
-0.00122070
-0.00183105
-0.00213623
-0.00244141
-0.00305176
-0.00305176
-0.00244141
-0.00152588
-0.00152588
-0.00152588
-0.00122070
-0.00091553
-0.00061035
-0.00091553
-0.00122070
-0.00091553
-0.00091553
-0.00061035
-0.00030518
-0.00030518
-0.00061035
-0.00061035
-0.00061035
-0.00061035
 0.00000000
 0.00030518
 0.00030518
 0.00030518
 0.00030518
 0.00030518
 0.00030518
 0.00061035
 0.00091553
 0.00122070
 0.00122070
 0.00091553
 0.00091553
 0.00061035
 0.00030518
-0.00030518
-0.00061035
-0.00152588
-0.00183105
-0.00274658
-0.00305176
-0.00366211
-0.00396729
-0.00457764
-0.00518799
-0.00610352
-0.00640869
-0.00701904
-0.00701904
-0.00732422
-0.00732422
-0.00762939
-0.00823975
-0.00854492
-0.00854492
-0.00793457
-0.00762939
-0.00701904
-0.00640869
-0.00549316
-0.00457764
-0.00396729
-0.00366211
-0.00274658
-0.00183105
-0.00030518
 0.00091553
 0.00122070
 0.00152588
 0.00244141
 0.00305176
 0.00366211
 0.00427246
 0.00488281
 0.00610352
 0.00671387
 0.00671387
 0.00732422
 0.00793457
 0.00823975
 0.00885010
 0.00854492
 0.00793457
 0.00732422
 0.00732422
 0.00671387
 0.00579834
 0.00518799
 0.00457764
 0.00366211
 0.00274658
 0.00183105
 0.00122070
 0.00091553
 0.00000000
-0.00061035
-0.00091553
-0.00091553
-0.00122070
-0.00183105
-0.00244141
-0.00274658
-0.00335693
-0.00335693
-0.00366211
-0.00396729
-0.00427246
-0.00457764
-0.00457764
-0.00457764
-0.00457764
-0.00457764
-0.00427246
-0.00366211
-0.00335693
-0.00335693
-0.00396729
-0.00396729
-0.00366211
-0.00366211
-0.00396729
-0.00366211
-0.00274658
-0.00244141
-0.00152588
 0.00000000
 0.00213623
 0.00366211
 0.00488281
 0.00579834
 0.00640869
 0.00701904
 0.00732422
 0.00701904
 0.00701904
 0.00671387
 0.00610352
 0.00518799
 0.00457764
 0.00457764
 0.00488281
 0.00549316
 0.00518799
 0.00488281
 0.00488281
 0.00549316
 0.00549316
 0.00488281
 0.00305176
 0.00152588
 0.00030518
-0.00061035
-0.00183105
-0.00305176
-0.00427246
-0.00549316
-0.00610352
-0.00640869
-0.00610352
-0.00549316
-0.00488281
-0.00396729
-0.00366211
-0.00335693
-0.00305176
-0.00274658
-0.00244141
-0.00213623
-0.00244141
-0.00366211
-0.00427246
-0.00396729
-0.00335693
-0.00244141
-0.00152588
-0.00091553
-0.00030518
 0.00030518
 0.00091553
 0.00152588
 0.00244141
 0.00274658
 0.00274658
 0.00305176
 0.00305176
 0.00274658
 0.00213623
 0.00183105
 0.00122070
 0.00183105
 0.00274658
 0.00305176
 0.00305176
 0.00335693
 0.00396729
 0.00427246
 0.00396729
 0.00335693
 0.00274658
 0.00244141
 0.00213623
 0.00183105
 0.00183105
 0.00152588
 0.00091553
 0.00000000
 0.00000000
-0.00030518
-0.00061035
-0.00061035
-0.00091553
-0.00122070
-0.00183105
-0.00274658
-0.00366211
-0.00488281
-0.00549316
-0.00610352
-0.00610352
-0.00640869
-0.00640869
-0.00579834
-0.00488281
-0.00396729
-0.00305176
-0.00274658
-0.00274658
-0.00244141
-0.00183105
-0.00183105
-0.00244141
-0.00274658
-0.00244141
-0.00274658
-0.00274658
-0.00244141
-0.00152588
-0.00091553
-0.00030518
 0.00030518
 0.00152588
 0.00213623
 0.00244141
 0.00183105
 0.00152588
 0.00091553
 0.00000000
-0.00061035
-0.00091553
-0.00152588
-0.00274658
-0.00305176
-0.00305176
-0.00274658
-0.00244141
-0.00244141
-0.00244141
-0.00183105
-0.00061035
-0.00030518
-0.00061035
-0.00122070
-0.00183105
-0.00183105
-0.00183105
-0.00213623
-0.00244141
-0.00244141
-0.00213623
-0.00183105
-0.00183105
-0.00152588
-0.00061035
-0.00030518
-0.00030518
 0.00030518
 0.00061035
 0.00030518
 0.00061035
 0.00030518
-0.00030518
-0.00091553
-0.00152588
-0.00152588
-0.00122070
-0.00091553
-0.00030518
 0.00061035
 0.00122070
 0.00152588
 0.00213623
 0.00274658
 0.00335693
 0.00305176
 0.00244141
 0.00152588
 0.00091553
 0.00061035
 0.00030518
-0.00030518
-0.00091553
-0.00122070
-0.00091553
-0.00030518
-0.00030518
-0.00030518
-0.00030518
-0.00030518
-0.00061035
-0.00122070
-0.00244141
-0.00335693
-0.00366211
-0.00427246
-0.00518799
-0.00579834
-0.00518799
-0.00427246
-0.00335693
-0.00274658
-0.00213623
-0.00122070
-0.00030518
-0.00030518
 0.00000000
 0.00061035
 0.00030518
-0.00030518
-0.00122070
-0.00152588
-0.00183105
-0.00152588
-0.00122070
-0.00091553
-0.00030518
 0.00030518
 0.00152588
 0.00244141
 0.00305176
 0.00274658
 0.00244141
 0.00183105
 0.00152588
 0.00152588
 0.00122070
 0.00091553
 0.00030518
 0.00000000
-0.00030518
-0.00091553
-0.00152588
-0.00152588
-0.00091553
-0.00030518
 0.00030518
 0.00030518
 0.00030518
-0.00030518
-0.00061035
-0.00122070
-0.00183105
-0.00183105
-0.00244141
-0.00305176
-0.00335693
-0.00366211
-0.00396729
-0.00366211
-0.00335693
-0.00305176
-0.00335693
-0.00274658
-0.00213623
-0.00152588
-0.00122070
-0.00122070
-0.00152588
-0.00213623
-0.00274658
-0.00335693
-0.00366211
-0.00396729
-0.00396729
-0.00305176
-0.00213623
-0.00091553
 0.00030518
 0.00152588
 0.00274658
 0.00335693
 0.00366211
 0.00366211
 0.00396729
 0.00396729
 0.00335693
 0.00213623
 0.00152588
 0.00122070
 0.00122070
 0.00152588
 0.00152588
 0.00122070
 0.00183105
 0.00305176
 0.00366211
 0.00366211
 0.00366211
 0.00335693
 0.00274658
 0.00183105
 0.00091553
 0.00061035
-0.00030518
-0.00152588
-0.00213623
-0.00213623
-0.00152588
-0.00122070
-0.00061035
-0.00030518
 0.00000000
 0.00000000
 0.00000000
 0.00000000
-0.00030518
-0.00122070
-0.00213623
-0.00274658
-0.00213623
-0.00183105
-0.00183105
-0.00183105
-0.00152588
-0.00183105
-0.00183105
-0.00183105
-0.00122070
-0.00030518
 0.00030518
 0.00030518
 0.00030518
 0.00030518
 0.00000000
-0.00030518
-0.00030518
-0.00030518
 0.00000000
 0.00061035
 0.00122070
 0.00213623
 0.00244141
 0.00274658
 0.00305176
 0.00305176
 0.00335693
 0.00366211
 0.00335693
 0.00305176
 0.00305176
 0.00305176
 0.00305176
 0.00274658
 0.00213623
 0.00183105
 0.00183105
 0.00183105
 0.00183105
 0.00122070
 0.00091553
 0.00122070
 0.00122070
 0.00061035
 0.00030518
 0.00000000
-0.00030518
-0.00030518
-0.00030518
-0.00061035
-0.00122070
-0.00152588
-0.00152588
-0.00152588
-0.00122070
-0.00091553
-0.00091553
-0.00061035
-0.00030518
-0.00030518
-0.00030518
-0.00030518
 0.00000000
 0.00000000
-0.00030518
-0.00030518
 0.00000000
 0.00030518
 0.00030518
 0.00030518
 0.00030518
 0.00061035
 0.00122070
 0.00183105
 0.00183105
 0.00152588
 0.00152588
 0.00152588
 0.00152588
 0.00152588
 0.00091553
 0.00091553
 0.00091553
 0.00061035
 0.00061035
 0.00061035
 0.00061035
 0.00030518
 0.00030518
 0.00000000
 0.00000000
 0.00030518
 0.00000000
-0.00061035
-0.00122070
-0.00122070
-0.00122070
-0.00122070
-0.00061035
-0.00030518
 0.00000000
 0.00030518
 0.00030518
 0.00030518
-0.00030518
-0.00061035
-0.00091553
-0.00091553
-0.00122070
-0.00122070
-0.00152588
-0.00183105
-0.00213623
-0.00244141
-0.00213623
-0.00183105
-0.00183105
-0.00183105
-0.00152588
-0.00122070
-0.00091553
-0.00091553
-0.00122070
-0.00122070
-0.00122070
-0.00122070
-0.00152588
-0.00152588
-0.00152588
-0.00152588
-0.00183105
-0.00152588
-0.00152588
-0.00183105
-0.00183105
-0.00183105
-0.00183105
-0.00183105
-0.00213623
-0.00244141
-0.00244141
-0.00274658
-0.00305176
-0.00335693
-0.00305176
-0.00274658
-0.00244141
-0.00183105
-0.00152588
-0.00183105
-0.00244141
-0.00244141
-0.00213623
-0.00152588
-0.00122070
-0.00122070
-0.00152588
-0.00152588
-0.00152588
-0.00091553
-0.00030518
-0.00061035
-0.00061035
-0.00061035
-0.00061035
-0.00030518
 0.00030518
 0.00061035
 0.00091553
 0.00122070
 0.00091553
 0.00061035
 0.00030518
 0.00000000
 0.00000000
 0.00030518
 0.00000000
-0.00061035
-0.00152588
-0.00152588
-0.00091553
-0.00061035
-0.00061035
-0.00061035
-0.00061035
-0.00030518
 0.00030518
 0.00061035
 0.00061035
 0.00030518
 0.00030518
 0.00030518
 0.00030518
-0.00030518
-0.00030518
-0.00030518
-0.00061035
-0.00030518
 0.00000000
 0.00030518
 0.00061035
 0.00061035
 0.00091553
 0.00091553
 0.00061035
 0.00030518
 0.00030518
 0.00000000
 0.00000000
-0.00030518
-0.00061035
-0.00030518
 0.00000000
 0.00030518
 0.00000000
 0.00000000
 0.00030518
 0.00091553
 0.00091553
 0.00061035
 0.00061035
 0.00030518
-0.00030518
-0.00091553
-0.00091553
-0.00061035
-0.00030518
 0.00000000
-0.00030518
-0.00030518
-0.00061035
-0.00061035
-0.00061035
-0.00061035
-0.00091553
-0.00152588
-0.00183105
-0.00183105
-0.00152588
-0.00183105
-0.00213623
-0.00274658
-0.00305176
-0.00244141
-0.00183105
-0.00152588
-0.00213623
-0.00244141
-0.00274658
-0.00244141
-0.00244141
-0.00244141
-0.00274658
-0.00305176
-0.00335693
-0.00305176
-0.00305176
-0.00274658
-0.00274658
-0.00244141
-0.00213623
-0.00244141
-0.00244141
-0.00213623
-0.00183105
-0.00152588
-0.00152588
-0.00122070
-0.00061035
-0.00061035
-0.00061035
-0.00030518
-0.00061035
-0.00061035
-0.00061035
-0.00030518
 0.00000000
-0.00030518
-0.00061035
-0.00030518
 0.00000000
 0.00030518
 0.00030518
 0.00030518
 0.00061035
 0.00061035
 0.00091553
 0.00091553
 0.00091553
 0.00091553
 0.00091553
 0.00122070
 0.00152588
 0.00152588
 0.00183105
 0.00213623
 0.00213623
 0.00213623
 0.00183105
 0.00152588
 0.00183105
 0.00183105
 0.00183105
 0.00152588
 0.00152588
 0.00152588
 0.00122070
 0.00122070
 0.00061035
 0.00061035
 0.00030518
 0.00000000
 0.00000000
 0.00000000
 0.00061035
 0.00091553
 0.00091553
 0.00091553
 0.00122070
 0.00091553
 0.00061035
 0.00030518
 0.00061035
 0.00122070
 0.00122070
 0.00091553
 0.00091553
 0.00122070
 0.00152588
 0.00152588
 0.00183105
 0.00152588
 0.00152588
 0.00183105
 0.00244141
 0.00244141
 0.00213623
 0.00213623
 0.00213623
 0.00183105
 0.00152588
 0.00122070
 0.00122070
 0.00122070
 0.00122070
 0.00152588
 0.00213623
 0.00213623
 0.00152588
 0.00122070
 0.00122070
 0.00091553
 0.00122070
 0.00091553
 0.00030518
 0.00030518
 0.00000000
 0.00000000
 0.00000000
 0.00000000
 0.00000000
-0.00030518
-0.00061035
-0.00061035
-0.00030518
 0.00000000
-0.00030518
 0.00000000
 0.00030518
 0.00030518
 0.00030518
 0.00000000
-0.00030518
 0.00000000
 0.00030518
 0.00030518
 0.00061035
 0.00061035
 0.00030518
 0.00030518
 0.00000000
 0.00030518
 0.00061035
 0.00091553
 0.00091553
 0.00122070
 0.00091553
 0.00091553
 0.00091553
 0.00122070
 0.00122070
 0.00122070
 0.00122070
 0.00152588
 0.00183105
 0.00152588
 0.00152588
 0.00091553
 0.00091553
 0.00091553
 0.00122070
 0.00122070
 0.00122070
 0.00061035
 0.00000000
-0.00030518
-0.00061035
-0.00091553
-0.00091553
-0.00091553
-0.00091553
-0.00122070
-0.00091553
-0.00091553
-0.00061035
-0.00030518
-0.00030518
-0.00061035
-0.00091553
-0.00122070
-0.00122070
-0.00091553
-0.00091553
-0.00122070
-0.00152588
-0.00183105
-0.00122070
-0.00091553
-0.00061035
-0.00030518
-0.00030518
-0.00030518
-0.00030518
-0.00030518
-0.00030518
-0.00061035
-0.00061035
-0.00091553
-0.00152588
-0.00213623
-0.00213623
-0.00213623
-0.00183105
-0.00183105
-0.00183105
-0.00213623
-0.00183105
-0.00152588
-0.00183105
-0.00183105
-0.00213623
-0.00213623
-0.00213623
-0.00244141
-0.00274658
-0.00244141
-0.00244141
-0.00213623
-0.00244141
-0.00244141
-0.00244141
-0.00244141
-0.00244141
-0.00244141
-0.00213623
-0.00183105
-0.00183105
-0.00183105
-0.00152588
-0.00091553
-0.00122070
-0.00122070
-0.00152588
-0.00122070
-0.00152588
-0.00152588
-0.00152588
-0.00122070
-0.00091553
-0.00091553
-0.00061035
-0.00061035
-0.00061035
-0.00030518
 0.00000000
 0.00030518
 0.00061035
 0.00061035
 0.00061035
 0.00030518
 0.00030518
 0.00061035
 0.00061035
 0.00030518
-0.00030518
-0.00030518
 0.00000000
 0.00000000
-0.00030518
-0.00030518
 0.00000000
 0.00000000
 0.00000000
-0.00030518
-0.00030518
-0.00061035
-0.00091553
-0.00091553
-0.00061035
-0.00091553
-0.00091553
-0.00091553
-0.00091553
-0.00091553
-0.00091553
-0.00091553
-0.00091553
-0.00091553
-0.00061035
-0.00061035
-0.00030518
-0.00030518
-0.00061035
-0.00061035
-0.00030518
-0.00030518
-0.00061035
-0.00061035
-0.00061035
 0.00000000
 0.00000000
 0.00000000
 0.00030518
 0.00061035
 0.00061035
 0.00061035
 0.00061035
 0.00091553
 0.00122070
 0.00122070
 0.00122070
 0.00122070
 0.00061035
 0.00061035
 0.00091553
 0.00061035
 0.00061035
 0.00030518
 0.00000000
 0.00030518
 0.00030518
 0.00030518
 0.00061035
 0.00061035
 0.00091553
 0.00061035
 0.00061035
 0.00030518
 0.00000000
-0.00061035
-0.00091553
-0.00122070
-0.00122070
-0.00122070
-0.00183105
-0.00213623
-0.00183105
-0.00122070
-0.00091553
-0.00122070
-0.00152588
-0.00122070
-0.00122070
-0.00091553
-0.00091553
-0.00122070
-0.00183105
-0.00213623
-0.00244141
-0.00183105
-0.00152588
-0.00183105
-0.00183105
-0.00152588
-0.00091553
-0.00030518
 0.00000000
 0.00030518
 0.00030518
 0.00030518
 0.00000000
 0.00030518
 0.00000000
 0.00000000
 0.00000000
-0.00030518
-0.00030518
-0.00030518
-0.00030518
 0.00000000
 0.00061035
 0.00122070
 0.00122070
 0.00091553
 0.00091553
 0.00122070
 0.00091553
 0.00091553
 0.00030518
-0.00061035
-0.00122070
-0.00183105
-0.00183105
-0.00152588
-0.00122070
-0.00122070
-0.00122070
-0.00061035
 0.00000000
 0.00030518
 0.00030518
 0.00030518
 0.00030518
 0.00030518
 0.00000000
-0.00061035
-0.00122070
-0.00122070
-0.00152588
-0.00183105
-0.00152588
-0.00091553
 0.00000000
 0.00030518
 0.00030518
 0.00061035
 0.00061035
 0.00091553
 0.00122070
 0.00091553
 0.00061035
 0.00030518
 0.00030518
 0.00030518
 0.00030518
 0.00061035
 0.00091553
 0.00061035
 0.00061035
 0.00091553
 0.00152588
 0.00183105
 0.00183105
 0.00183105
 0.00152588
 0.00183105
 0.00183105
 0.00183105
 0.00183105
 0.00152588
 0.00091553
 0.00091553
 0.00091553
 0.00091553
 0.00091553
 0.00091553
 0.00030518
 0.00030518
 0.00030518
 0.00061035
 0.00061035
 0.00030518
 0.00030518
 0.00061035
 0.00030518
-0.00030518
-0.00030518
 0.00030518
 0.00030518
 0.00000000
-0.00030518
-0.00061035
-0.00061035
-0.00061035
 0.00030518
 0.00091553
 0.00091553
 0.00061035
 0.00030518
 0.00030518
 0.00030518
 0.00061035
 0.00030518
-0.00030518
-0.00061035
-0.00091553
-0.00061035
-0.00030518
-0.00030518
-0.00030518
-0.00030518
 0.00000000
 0.00030518
 0.00030518
 0.00061035
 0.00061035
 0.00091553
 0.00091553
 0.00030518
 0.00000000
-0.00030518
 0.00000000
 0.00030518
 0.00000000
-0.00030518
-0.00030518
 0.00030518
 0.00061035
 0.00091553
 0.00061035
 0.00030518
 0.00061035
 0.00091553
 0.00091553
 0.00091553
 0.00030518
 0.00030518
 0.00000000
 0.00030518
 0.00030518
-0.00030518
-0.00091553
-0.00091553
-0.00061035
-0.00030518
 0.00030518
 0.00030518
-0.00030518
-0.00030518
-0.00030518
 0.00000000
 0.00000000
 0.00000000
-0.00030518
-0.00061035
-0.00091553
-0.00061035
-0.00061035
-0.00122070
-0.00152588
-0.00122070
-0.00091553
-0.00122070
-0.00122070
-0.00091553
-0.00061035
-0.00030518
 0.00000000
 0.00030518
-0.00030518
-0.00091553
-0.00122070
-0.00122070
-0.00122070
-0.00122070
-0.00122070
-0.00122070
-0.00183105
-0.00213623
-0.00213623
-0.00183105
-0.00152588
-0.00061035
-0.00061035
-0.00061035
-0.00030518
-0.00091553
-0.00122070
-0.00122070
-0.00091553
-0.00091553
-0.00091553
-0.00091553
-0.00122070
-0.00091553
-0.00061035
-0.00061035
-0.00030518
 0.00030518
 0.00061035
 0.00061035
 0.00000000
 0.00000000
 0.00000000
-0.00061035
-0.00061035
-0.00030518
-0.00030518
-0.00061035
-0.00061035
-0.00030518
-0.00030518
 0.00030518
 0.00030518
-0.00030518
-0.00061035
 0.00000000
 0.00030518
 0.00000000
-0.00030518
-0.00061035
-0.00091553
-0.00122070
-0.00091553
-0.00061035
-0.00061035
-0.00061035
-0.00091553
-0.00122070
-0.00091553
-0.00061035
 0.00000000
-0.00030518
-0.00091553
-0.00091553
-0.00091553
-0.00091553
-0.00122070
-0.00122070
-0.00091553
-0.00091553
-0.00122070
-0.00183105
-0.00183105
-0.00122070
-0.00091553
-0.00061035
-0.00030518
 0.00000000
 0.00061035
 0.00061035
 0.00091553
 0.00091553
 0.00061035
 0.00030518
 0.00030518
 0.00030518
 0.00061035
 0.00061035
 0.00030518
 0.00030518
 0.00030518
 0.00091553
 0.00122070
 0.00152588
 0.00091553
 0.00091553
 0.00091553
 0.00091553
 0.00091553
 0.00122070
 0.00061035
 0.00030518
 0.00030518
 0.00030518
 0.00000000
-0.00030518
-0.00061035
 0.00000000
 0.00000000
 0.00000000
 0.00000000
 0.00000000
-0.00030518
 0.00000000
-0.00030518
-0.00030518
-0.00030518
-0.00091553
-0.00091553
-0.00091553
-0.00061035
-0.00030518
-0.00061035
-0.00122070
-0.00122070
-0.00061035
-0.00030518
-0.00030518
-0.00030518
 0.00000000
 0.00000000
-0.00030518
-0.00091553
-0.00091553
-0.00030518
 0.00030518
 0.00030518
 0.00000000
-0.00030518
 0.00030518
 0.00030518
 0.00000000
 0.00000000
 0.00030518
 0.00000000
-0.00030518
-0.00030518
-0.00030518
 0.00000000
 0.00000000
-0.00061035
-0.00061035
-0.00030518
-0.00030518
-0.00061035
-0.00061035
 0.00000000
 0.00000000
-0.00030518
-0.00061035
-0.00030518
-0.00061035
-0.00091553
-0.00091553
-0.00061035
-0.00091553
-0.00122070
-0.00091553
-0.00091553
-0.00091553
-0.00091553
-0.00122070
-0.00122070
-0.00122070
-0.00122070
-0.00091553
-0.00091553
-0.00091553
-0.00091553
-0.00091553
-0.00122070
-0.00152588
-0.00091553
-0.00091553
-0.00030518
-0.00030518
-0.00061035
-0.00091553
-0.00061035
-0.00030518
-0.00030518
-0.00061035
-0.00091553
-0.00061035
-0.00030518
-0.00030518
-0.00061035
-0.00030518
 0.00000000
 0.00030518
 0.00030518
 0.00000000
 0.00030518
 0.00061035
 0.00061035
 0.00061035
 0.00030518
 0.00030518
 0.00000000
-0.00030518
-0.00030518
-0.00061035
 0.00000000
 0.00030518
 0.00030518
 0.00000000
 0.00000000
 0.00030518
 0.00061035
 0.00061035
 0.00030518
 0.00000000
 0.00061035
 0.00061035
 0.00030518
-0.00030518
-0.00061035
-0.00061035
-0.00061035
-0.00061035
-0.00061035
-0.00061035
-0.00061035
-0.00061035
 0.00000000
 0.00000000
 0.00000000
-0.00061035
-0.00122070
-0.00122070
-0.00122070
-0.00122070
-0.00091553
-0.00122070
-0.00152588
-0.00152588
-0.00122070
-0.00091553
-0.00091553
-0.00030518
 0.00000000
 0.00000000
 0.00000000
 0.00000000
 0.00061035
 0.00091553
 0.00061035
 0.00030518
 0.00000000
 0.00030518
 0.00030518
 0.00030518
 0.00030518
 0.00030518
 0.00030518
 0.00030518
 0.00030518
 0.00061035
 0.00091553
 0.00091553
 0.00091553
 0.00091553
 0.00061035
 0.00061035
 0.00061035
 0.00030518
 0.00030518
-0.00030518
-0.00061035
-0.00030518
 0.00030518
 0.00091553
 0.00122070
 0.00122070
 0.00091553
 0.00061035
 0.00091553
 0.00030518
 0.00030518
 0.00000000
-0.00030518
-0.00091553
-0.00122070
-0.00091553
-0.00061035
-0.00061035
-0.00091553
-0.00122070
-0.00061035
 0.00061035
 0.00091553
 0.00030518
 0.00000000
-0.00061035
-0.00091553
-0.00061035
-0.00091553
-0.00152588
-0.00183105
-0.00183105
-0.00152588
-0.00122070
-0.00122070
-0.00091553
-0.00091553
-0.00122070
-0.00122070
-0.00061035
-0.00061035
-0.00061035
-0.00091553
-0.00122070
-0.00152588
-0.00183105
-0.00152588
-0.00152588
-0.00183105
-0.00183105
-0.00183105
-0.00152588
-0.00122070
-0.00091553
-0.00061035
-0.00061035
-0.00122070
-0.00091553
-0.00061035
-0.00061035
-0.00061035
-0.00091553
-0.00091553
-0.00122070
-0.00091553
-0.00061035
-0.00091553
-0.00061035
-0.00091553
-0.00091553
-0.00061035
-0.00030518
-0.00061035
-0.00091553
-0.00061035
 0.00000000
-0.00030518
-0.00030518
-0.00030518
 0.00000000
 0.00000000
 0.00000000
 0.00000000
-0.00030518
-0.00061035
-0.00061035
-0.00061035
-0.00061035
-0.00030518
 0.00000000
 0.00000000
 0.00000000
-0.00061035
-0.00091553
-0.00091553
-0.00061035
-0.00061035
-0.00061035
-0.00091553
-0.00091553
-0.00030518
-0.00061035
-0.00061035
-0.00061035
-0.00061035
-0.00061035
-0.00030518
-0.00030518
-0.00061035
-0.00061035
-0.00030518
-0.00061035
-0.00122070
-0.00122070
-0.00122070
-0.00122070
-0.00091553
-0.00061035
-0.00030518
 0.00000000
 0.00000000
 0.00000000
-0.00030518
 0.00000000
 0.00030518
 0.00030518
 0.00030518
 0.00000000
-0.00030518
-0.00061035
-0.00061035
-0.00030518
-0.00030518
-0.00061035
 0.00000000
 0.00000000
 0.00000000
-0.00030518
 0.00000000
 0.00000000
-0.00030518
-0.00030518
-0.00061035
-0.00061035
-0.00061035
-0.00091553
-0.00061035
-0.00061035
-0.00061035
-0.00091553
-0.00091553
-0.00061035
-0.00030518
 0.00000000
-0.00030518
-0.00030518
-0.00030518
-0.00030518
-0.00030518
-0.00030518
-0.00030518
-0.00061035
-0.00061035
-0.00091553
-0.00061035
-0.00030518
 0.00000000
 0.00000000
 0.00030518
 0.00000000
 0.00000000
 0.00000000
-0.00061035
-0.00091553
-0.00030518
 0.00000000
 0.00030518
 0.00061035
 0.00030518
 0.00000000
 0.00030518
 0.00061035
 0.00061035
 0.00061035
 0.00061035
 0.00061035
 0.00030518
 0.00000000
-0.00030518
 0.00000000
 0.00000000
 0.00000000
 0.00000000
-0.00030518
-0.00061035
-0.00091553
-0.00030518
 0.00030518
 0.00061035
 0.00061035
 0.00030518
 0.00000000
 0.00000000
 0.00030518
 0.00000000
-0.00030518
-0.00061035
-0.00061035
-0.00061035
-0.00122070
-0.00152588
-0.00122070
-0.00091553
-0.00091553
-0.00091553
-0.00122070
-0.00122070
-0.00152588
-0.00183105
-0.00183105
-0.00183105
-0.00183105
-0.00213623
-0.00213623
-0.00183105
-0.00122070
-0.00091553
-0.00122070
-0.00122070
-0.00122070
-0.00061035
 0.00000000
 0.00000000
-0.00061035
-0.00091553
-0.00091553
-0.00091553
-0.00091553
-0.00091553
-0.00061035
-0.00030518
-0.00030518
-0.00030518
 0.00000000
 0.00030518
 0.00030518
 0.00000000
 0.00000000
 0.00030518
 0.00030518
 0.00000000
-0.00030518
-0.00030518
-0.00030518
-0.00061035
 0.00000000
 0.00000000
-0.00030518
-0.00030518
 0.00000000
 0.00030518
 0.00030518
 0.00030518
 0.00030518
 0.00030518
 0.00030518
 0.00000000
 0.00000000
 0.00030518
 0.00030518
 0.00000000
-0.00091553
-0.00091553
-0.00122070
-0.00061035
-0.00061035
-0.00091553
-0.00061035
-0.00061035
-0.00030518
 0.00030518
 0.00030518
 0.00030518
 0.00030518
 0.00000000
-0.00030518
-0.00061035
-0.00061035
-0.00091553
-0.00091553
-0.00061035
-0.00030518
-0.00030518
 0.00000000
 0.00000000
 0.00030518
 0.00030518
 0.00061035
 0.00030518
 0.00030518
 0.00000000
-0.00030518
 0.00000000
 0.00000000
 0.00000000
-0.00030518
-0.00030518
-0.00030518
 0.00000000
 0.00061035
 0.00091553
 0.00091553
 0.00030518
 0.00000000
-0.00030518
-0.00030518
-0.00030518
-0.00091553
-0.00091553
-0.00061035
-0.00030518
-0.00061035
-0.00030518
 0.00000000
 0.00000000
 0.00061035
 0.00030518
-0.00030518
-0.00061035
-0.00030518
-0.00030518
-0.00061035
-0.00091553
-0.00122070
-0.00091553
-0.00061035
-0.00061035
-0.00030518
 0.00000000
 0.00000000
-0.00061035
-0.00061035
-0.00061035
-0.00061035
-0.00030518
-0.00030518
-0.00061035
-0.00091553
-0.00122070
-0.00091553
-0.00030518
 0.00000000
 0.00030518
 0.00000000
-0.00030518
-0.00030518
-0.00030518
-0.00030518
 0.00000000
 0.00000000
-0.00030518
-0.00030518
-0.00030518
-0.00061035
-0.00061035
-0.00061035
-0.00061035
-0.00061035
-0.00030518
-0.00030518
-0.00030518
-0.00061035
-0.00061035
-0.00061035
-0.00061035
-0.00061035
-0.00061035
-0.00061035
-0.00061035
-0.00030518
-0.00030518
-0.00091553
-0.00122070
-0.00152588
-0.00152588
-0.00091553
-0.00030518
-0.00030518
-0.00061035
-0.00061035
-0.00061035
-0.00030518
-0.00061035
-0.00061035
-0.00091553
-0.00091553
-0.00091553
-0.00061035
-0.00061035
-0.00061035
-0.00061035
-0.00061035
-0.00061035
-0.00061035
-0.00091553
-0.00091553
-0.00091553
-0.00061035
-0.00030518
-0.00061035
-0.00091553
-0.00091553
-0.00061035
-0.00061035
-0.00061035
-0.00061035
-0.00030518
 0.00030518
 0.00030518
 0.00000000
 0.00000000
 0.00030518
 0.00030518
 0.00000000
 0.00000000
 0.00030518
 0.00000000
 0.00030518
 0.00030518
 0.00000000
 0.00000000
 0.00000000
 0.00030518
 0.00061035
 0.00030518
 0.00000000
-0.00030518
 0.00030518
 0.00061035
 0.00030518
 0.00030518
 0.00030518
 0.00061035
 0.00030518
 0.00000000
-0.00030518
-0.00061035
-0.00091553
-0.00091553
-0.00061035
-0.00061035
-0.00030518
 0.00000000
 0.00000000
 0.00000000
-0.00030518
-0.00030518
-0.00091553
-0.00091553
-0.00091553
-0.00061035
-0.00030518
-0.00030518
-0.00061035
-0.00061035
-0.00030518
-0.00061035
-0.00061035
-0.00061035
-0.00030518
 0.00000000
-0.00030518
-0.00030518
-0.00030518
-0.00061035
-0.00061035
-0.00061035
-0.00030518
-0.00030518
-0.00030518
-0.00030518
-0.00061035
-0.00030518
-0.00061035
-0.00061035
-0.00091553
-0.00061035
-0.00030518
-0.00030518
-0.00030518
-0.00061035
-0.00030518
-0.00030518
-0.00061035
-0.00091553
-0.00122070
-0.00152588
-0.00152588
-0.00091553
-0.00091553
-0.00091553
-0.00091553
-0.00122070
-0.00122070
-0.00030518
 0.00000000
 0.00030518
 0.00030518
-0.00030518
-0.00061035
-0.00061035
-0.00091553
-0.00122070
-0.00122070
-0.00091553
-0.00091553
-0.00122070
-0.00091553
-0.00091553
-0.00061035
-0.00030518
 0.00000000
 0.00000000
-0.00030518
-0.00030518
-0.00030518
-0.00061035
-0.00061035
-0.00091553
-0.00122070
-0.00122070
-0.00152588
-0.00122070
-0.00122070
-0.00122070
-0.00152588
-0.00152588
-0.00091553
-0.00061035
-0.00030518
-0.00030518
-0.00061035
-0.00091553
-0.00061035
 0.00000000
 0.00000000
-0.00061035
-0.00061035
-0.00061035
-0.00061035
-0.00061035
-0.00030518
-0.00030518
-0.00030518
 0.00030518
 0.00030518
 0.00061035
 0.00061035
 0.00030518
 0.00030518
 0.00000000
 0.00030518
 0.00000000
 0.00000000
 0.00000000
-0.00030518
-0.00061035
-0.00061035
-0.00030518
 0.00030518
 0.00030518
 0.00030518
 0.00061035
 0.00061035
 0.00030518
 0.00061035
 0.00030518
 0.00000000
 0.00000000
 0.00030518
 0.00000000
-0.00030518
-0.00030518
 0.00000000
 0.00000000
 0.00000000
 0.00000000
 0.00000000
-0.00030518
-0.00030518
-0.00030518
-0.00030518
 0.00000000
 0.00000000
-0.00030518
-0.00030518
-0.00061035
-0.00061035
-0.00030518
-0.00030518
-0.00030518
 0.00030518
 0.00030518
 0.00030518
 0.00030518
 0.00061035
 0.00061035
 0.00030518
 0.00030518
 0.00030518
 0.00030518
 0.00030518
-0.00030518
-0.00030518
-0.00030518
-0.00030518
-0.00030518
 0.00030518
 0.00061035
 0.00091553
 0.00091553
 0.00061035
 0.00030518
 0.00030518
 0.00000000
 0.00000000
 0.00000000
-0.00030518
-0.00061035
-0.00091553
-0.00122070
-0.00091553
-0.00061035
-0.00030518
-0.00030518
-0.00030518
-0.00030518
-0.00030518
 0.00000000
 0.00030518
 0.00000000
 0.00030518
 0.00030518
-0.00030518
-0.00091553
-0.00061035
-0.00030518
-0.00030518
-0.00061035
-0.00091553
-0.00091553
-0.00061035
-0.00061035
-0.00030518
 0.00000000
 0.00000000
-0.00061035
-0.00091553
-0.00091553
-0.00091553
-0.00091553
-0.00091553
-0.00061035
-0.00030518
-0.00061035
-0.00061035
-0.00061035
-0.00061035
-0.00030518
 0.00030518
 0.00061035
 0.00030518
-0.00030518
-0.00091553
-0.00061035
-0.00061035
-0.00030518
-0.00030518
-0.00030518
 0.00000000
 0.00030518
 0.00061035
 0.00061035
 0.00061035
 0.00061035
 0.00030518
 0.00000000
 0.00000000
 0.00030518
-0.00030518
-0.00091553
-0.00091553
-0.00122070
-0.00122070
-0.00061035
-0.00030518
-0.00030518
 0.00000000
 0.00030518
 0.00000000
 0.00000000
-0.00030518
 0.00000000
 0.00000000
-0.00030518
 0.00000000
 0.00000000
-0.00030518
-0.00091553
-0.00091553
-0.00061035
-0.00030518
 0.00000000
-0.00061035
-0.00061035
 0.00000000
 0.00030518
 0.00030518
 0.00030518
 0.00030518
 0.00000000
-0.00030518
-0.00091553
-0.00091553
-0.00091553
-0.00061035
-0.00061035
-0.00061035
-0.00061035
-0.00030518
 0.00000000
 0.00000000
 0.00000000
 0.00030518
 0.00000000
 0.00000000
-0.00030518
-0.00061035
-0.00061035
-0.00061035
-0.00061035
-0.00030518
-0.00030518
 0.00000000
 0.00000000
 0.00030518
 0.00000000
-0.00030518
-0.00030518
-0.00030518
-0.00030518
 0.00000000
-0.00030518
-0.00061035
-0.00061035
-0.00061035
-0.00061035
-0.00030518
-0.00061035
-0.00061035
-0.00091553
-0.00091553
-0.00061035
 0.00000000
-0.00030518
 0.00000000
 0.00000000
 0.00030518
 0.00030518
-0.00030518
-0.00061035
-0.00091553
-0.00091553
-0.00122070
-0.00091553
-0.00091553
-0.00030518
 0.00000000
 0.00000000
 0.00030518
 0.00061035
 0.00061035
 0.00030518
 0.00000000
-0.00030518
 0.00000000
 0.00000000
 0.00000000
 0.00000000
-0.00030518
-0.00061035
-0.00061035
-0.00061035
-0.00061035
-0.00030518
 0.00000000
 0.00000000
 0.00000000
 0.00000000
 0.00000000
 0.00000000
 0.00030518
 0.00000000
 0.00000000
-0.00030518
-0.00030518
-0.00061035
-0.00061035
-0.00030518
-0.00030518
-0.00030518
-0.00030518
 0.00000000
 0.00061035
 0.00061035
 0.00061035
 0.00000000
-0.00030518
-0.00061035
-0.00061035
-0.00091553
-0.00091553
-0.00061035
-0.00061035
-0.00030518
-0.00030518
-0.00030518
 0.00000000
 0.00000000
 0.00000000
 0.00000000
 0.00000000
 0.00000000
 0.00000000
 0.00000000
 0.00000000
-0.00030518
-0.00091553
-0.00091553
-0.00061035
-0.00061035
-0.00061035
-0.00061035
-0.00030518
 0.00000000
 0.00000000
 0.00000000
-0.00061035
-0.00091553
-0.00061035
-0.00061035
-0.00061035
-0.00091553
-0.00091553
-0.00061035
-0.00061035
-0.00091553
-0.00091553
-0.00091553
-0.00061035
-0.00091553
-0.00061035
-0.00030518
-0.00030518
-0.00061035
-0.00091553
-0.00061035
-0.00091553
-0.00091553
-0.00122070
-0.00122070
-0.00122070
-0.00061035
-0.00030518
 0.00000000
 0.00000000
-0.00030518
-0.00030518
 0.00000000
 0.00000000
-0.00030518
-0.00061035
-0.00061035
-0.00061035
-0.00091553
-0.00061035
-0.00030518
 0.00000000
 0.00000000
 0.00030518
 0.00030518
 0.00030518
 0.00030518
 0.00061035
 0.00091553
 0.00061035
 0.00000000
-0.00061035
-0.00030518
 0.00000000
-0.00030518
-0.00061035
-0.00061035
-0.00030518
-0.00030518
 0.00000000
 0.00000000
 0.00030518
 0.00091553
 0.00152588
 0.00122070
 0.00061035
 0.00000000
 0.00000000
 0.00030518
 0.00030518
-0.00030518
-0.00061035
-0.00030518
-0.00030518
 0.00030518
 0.00030518
 0.00030518
 0.00030518
 0.00091553
 0.00091553
 0.00091553
 0.00030518
 0.00030518
 0.00061035
 0.00030518
 0.00000000
-0.00030518
 0.00000000
-0.00061035
-0.00030518
 0.00061035
 0.00122070
 0.00091553
 0.00030518
 0.00061035
 0.00091553
 0.00091553
 0.00091553
 0.00061035
 0.00030518
 0.00000000
 0.00000000
 0.00030518
 0.00061035
 0.00030518
 0.00000000
 0.00030518
 0.00061035
 0.00061035
 0.00030518
 0.00061035
 0.00061035
 0.00000000
 0.00000000
 0.00000000
 0.00030518
 0.00000000
-0.00061035
-0.00122070
-0.00122070
-0.00061035
-0.00061035
-0.00061035
-0.00030518
 0.00000000
 0.00030518
 0.00030518
 0.00030518
 0.00030518
 0.00000000
-0.00030518
-0.00061035
 0.00000000
 0.00000000
-0.00061035
-0.00122070
-0.00152588
-0.00122070
-0.00091553
-0.00061035
 0.00030518
 0.00061035
 0.00030518
-0.00030518
 0.00000000
 0.00030518
 0.00061035
 0.00061035
 0.00030518
-0.00030518
-0.00061035
-0.00091553
-0.00091553
-0.00061035
-0.00091553
-0.00061035
-0.00061035
-0.00030518
 0.00030518
 0.00030518
 0.00030518
 0.00030518
 0.00000000
 0.00000000
 0.00000000
-0.00030518
-0.00061035
-0.00091553
-0.00061035
-0.00091553
-0.00091553
-0.00091553
-0.00061035
 0.00000000
 0.00000000
 0.00000000
 0.00000000
 0.00030518
 0.00000000
 0.00000000
 0.00000000
 0.00030518
 0.00000000
-0.00030518
-0.00030518
-0.00061035
-0.00122070
-0.00122070
-0.00091553
-0.00061035
-0.00030518
 0.00000000
 0.00061035
 0.00091553
 0.00030518
 0.00000000
 0.00000000
 0.00000000
 0.00000000
 0.00000000
-0.00030518
-0.00091553
-0.00091553
-0.00030518
 0.00000000
 0.00030518
 0.00091553
 0.00061035
 0.00030518
 0.00030518
 0.00030518
 0.00030518
 0.00000000
-0.00030518
-0.00061035
-0.00061035
-0.00091553
-0.00061035
-0.00030518
 0.00000000
 0.00030518
 0.00030518
 0.00061035
 0.00091553
 0.00122070
 0.00061035
-0.00030518
 0.00000000
 0.00000000
 0.00000000
-0.00061035
-0.00091553
-0.00030518
 0.00030518
 0.00030518
 0.00030518
 0.00030518
 0.00000000
 0.00000000
 0.00061035
 0.00091553
 0.00061035
 0.00000000
-0.00030518
-0.00030518
-0.00030518
 0.00000000
 0.00000000
 0.00000000
-0.00030518
-0.00061035
-0.00030518
 0.00030518
 0.00061035
 0.00061035
 0.00000000
 0.00000000
 0.00000000
 0.00030518
 0.00061035
 0.00061035
 0.00000000
-0.00030518
-0.00030518
-0.00061035
-0.00061035
-0.00091553
-0.00061035
-0.00030518
 0.00030518
 0.00030518
 0.00061035
 0.00091553
 0.00091553
 0.00061035
 0.00030518
 0.00000000
 0.00000000
 0.00000000
-0.00061035
-0.00122070
-0.00091553
-0.00030518
-0.00030518
-0.00061035
-0.00061035
-0.00030518
 0.00030518
 0.00030518
 0.00000000
-0.00030518
-0.00030518
 0.00000000
 0.00030518
-0.00030518
-0.00061035
-0.00061035
-0.00061035
-0.00030518
 0.00030518
 0.00000000
 0.00000000
 0.00030518
 0.00030518
 0.00061035
 0.00091553
 0.00030518
 0.00061035
 0.00061035
 0.00000000
-0.00030518
-0.00061035
-0.00091553
-0.00091553
-0.00061035
-0.00061035
-0.00061035
 0.00000000
 0.00061035
 0.00091553
 0.00030518
 0.00030518
 0.00061035
 0.00061035
-0.00030518
-0.00091553
-0.00091553
-0.00061035
-0.00030518
-0.00061035
-0.00061035
-0.00061035
-0.00030518
 0.00000000
 0.00030518
 0.00030518
 0.00030518
 0.00000000
 0.00000000
 0.00000000
-0.00030518
-0.00091553
-0.00122070
-0.00091553
-0.00061035
-0.00091553
-0.00122070
-0.00091553
-0.00091553
-0.00122070
-0.00122070
-0.00091553
-0.00061035
-0.00061035
-0.00061035
-0.00091553
-0.00091553
-0.00061035
-0.00061035
-0.00061035
-0.00122070
-0.00091553
-0.00122070
-0.00122070
-0.00091553
-0.00061035
-0.00061035
-0.00061035
 0.00030518
 0.00091553
 0.00091553
 0.00030518
-0.00030518
-0.00030518
-0.00061035
-0.00061035
-0.00061035
-0.00061035
-0.00030518
-0.00030518
-0.00061035
 0.00000000
 0.00061035
 0.00061035
 0.00030518
 0.00030518
 0.00061035
 0.00061035
 0.00030518
-0.00030518
-0.00091553
-0.00061035
-0.00061035
-0.00061035
-0.00061035
-0.00030518
-0.00030518
-0.00030518
 0.00000000
 0.00000000
 0.00000000
-0.00030518
-0.00030518
 0.00000000
 0.00030518
 0.00030518
 0.00000000
-0.00030518
-0.00091553
-0.00061035
-0.00030518
 0.00030518
 0.00061035
 0.00030518
 0.00030518
 0.00030518
 0.00091553
 0.00091553
 0.00091553
 0.00061035
 0.00091553
 0.00061035
 0.00030518
 0.00000000
 0.00000000
-0.00030518
 0.00000000
 0.00030518
 0.00061035
 0.00000000
-0.00061035
-0.00061035
 0.00000000
 0.00030518
 0.00030518
 0.00030518
 0.00030518
 0.00000000
-0.00030518
-0.00030518
-0.00030518
 0.00000000
 0.00030518
 0.00030518
 0.00000000
 0.00000000
 0.00030518
 0.00030518
 0.00030518
-0.00030518
-0.00030518
-0.00030518
-0.00030518
-0.00030518
 0.00000000
 0.00000000
-0.00030518
-0.00061035
-0.00030518
-0.00030518
 0.00000000
 0.00000000
 0.00030518
 0.00030518
 0.00030518
 0.00030518
 0.00030518
 0.00030518
 0.00030518
 0.00030518
 0.00030518
 0.00000000
 0.00000000
 0.00000000
 0.00000000
-0.00030518
-0.00030518
 0.00030518
 0.00091553
 0.00091553
 0.00061035
 0.00030518
 0.00000000
-0.00030518
 0.00000000
 0.00030518
 0.00030518
 0.00030518
-0.00030518
 0.00000000
 0.00000000
 0.00000000
 0.00030518
 0.00061035
 0.00091553
 0.00061035
 0.00030518
 0.00030518
 0.00030518
 0.00000000
 0.00000000
-0.00030518
 0.00000000
 0.00000000
 0.00000000
-0.00030518
-0.00030518
-0.00030518
-0.00030518
 0.00000000
 0.00030518
 0.00061035
 0.00091553
 0.00061035
 0.00000000
 0.00000000
 0.00061035
 0.00061035
 0.00061035
 0.00030518
 0.00000000
 0.00000000
 0.00000000
 0.00030518
 0.00061035
 0.00061035
 0.00030518
 0.00000000
-0.00030518
 0.00000000
 0.00000000
 0.00030518
 0.00030518
 0.00000000
 0.00000000
 0.00000000
 0.00000000
 0.00000000
-0.00030518
 0.00000000
 0.00030518
 0.00000000
 0.00030518
 0.00030518
 0.00000000
 0.00030518
 0.00061035
 0.00061035
 0.00061035
 0.00061035
 0.00030518
-0.00030518
-0.00061035
-0.00030518
 0.00000000
 0.00000000
 0.00000000
 0.00000000
-0.00030518
 0.00000000
-0.00030518
-0.00030518
-0.00030518
 0.00000000
 0.00030518
 0.00000000
-0.00030518
-0.00030518
-0.00061035
-0.00061035
-0.00061035
-0.00030518
 0.00000000
-0.00030518
-0.00030518
 0.00000000
 0.00000000
-0.00030518
-0.00030518
-0.00030518
-0.00030518
 0.00000000
 0.00000000
 0.00000000
-0.00030518
-0.00061035
-0.00030518
 0.00000000
 0.00000000
 0.00000000
 0.00030518
 0.00000000
-0.00030518
-0.00030518
-0.00030518
-0.00030518
 0.00000000
 0.00000000
-0.00030518
-0.00030518
 0.00000000
 0.00030518
 0.00061035
 0.00030518
 0.00030518
 0.00030518
 0.00061035
 0.00061035
 0.00000000
-0.00030518
-0.00030518
 0.00030518
 0.00091553
 0.00030518
 0.00000000
-0.00030518
-0.00061035
-0.00061035
 0.00000000
 0.00000000
 0.00000000
 0.00000000
 0.00030518
 0.00061035
 0.00061035
 0.00030518
 0.00000000
 0.00000000
 0.00000000
 0.00030518
 0.00000000
-0.00030518
 0.00000000
 0.00030518
 0.00000000
 0.00030518
 0.00030518
 0.00030518
 0.00000000
 0.00000000
 0.00030518
 0.00030518
 0.00030518
 0.00000000
-0.00030518
-0.00061035
-0.00030518
-0.00030518
-0.00030518
-0.00061035
-0.00061035
-0.00061035
-0.00030518
 0.00000000
 0.00000000
 0.00000000
 0.00000000
 0.00000000
-0.00030518
-0.00030518
-0.00030518
-0.00061035
-0.00061035
-0.00061035
-0.00091553
-0.00122070
-0.00091553
-0.00061035
 0.00000000
-0.00030518
-0.00061035
-0.00030518
-0.00030518
-0.00030518
 0.00000000
 0.00000000
 0.00061035
 0.00030518
 0.00000000
-0.00061035
-0.00061035
-0.00061035
-0.00030518
-0.00061035
-0.00061035
-0.00030518
 0.00000000
 0.00000000
 0.00000000
-0.00030518
-0.00061035
-0.00030518
-0.00030518
-0.00030518
-0.00061035
-0.00061035
-0.00030518
-0.00061035
-0.00061035
-0.00030518
 0.00000000
 0.00000000
 0.00000000
-0.00030518
 0.00000000
 0.00000000
 0.00030518
 0.00061035
 0.00030518
 0.00000000
-0.00030518
-0.00061035
-0.00061035
-0.00030518
-0.00030518
-0.00061035
-0.00061035
-0.00030518
-0.00030518
-0.00030518
 0.00000000
 0.00000000
 0.00000000
 0.00000000
 0.00030518
 0.00030518
 0.00000000
-0.00030518
-0.00030518
-0.00030518
 0.00000000
-0.00030518
-0.00030518
-0.00030518
-0.00030518
-0.00030518
 0.00030518
 0.00030518
 0.00030518
 0.00030518
 0.00030518
 0.00000000
 0.00000000
 0.00030518
 0.00061035
 0.00030518
 0.00000000
 0.00000000
 0.00030518
 0.00000000
 0.00000000
 0.00030518
 0.00091553
 0.00091553
 0.00122070
 0.00091553
 0.00061035
 0.00061035
 0.00061035
 0.00061035
 0.00061035
 0.00030518
 0.00000000
 0.00000000
 0.00030518
 0.00030518
 0.00061035
 0.00061035
 0.00091553
 0.00122070
 0.00122070
 0.00091553
 0.00061035
 0.00091553
 0.00091553
 0.00061035
 0.00030518
 0.00000000
 0.00000000
 0.00030518
 0.00030518
 0.00000000
-0.00030518
 0.00000000
 0.00061035
 0.00122070
 0.00152588
 0.00091553
 0.00030518
 0.00030518
 0.00030518
 0.00091553
 0.00091553
 0.00061035
 0.00030518
 0.00000000
 0.00030518
 0.00030518
 0.00000000
 0.00000000
 0.00030518
 0.00030518
 0.00000000
 0.00000000
 0.00000000
 0.00000000
 0.00030518
 0.00030518
 0.00030518
 0.00030518
 0.00061035
 0.00061035
 0.00030518
 0.00030518
 0.00030518
 0.00030518
 0.00030518
 0.00000000
 0.00000000
 0.00000000
 0.00000000
 0.00030518
 0.00061035
 0.00061035
 0.00000000
 0.00000000
 0.00061035
 0.00061035
 0.00061035
 0.00000000
-0.00030518
 0.00000000
 0.00000000
 0.00030518
 0.00000000
-0.00030518
 0.00000000
 0.00030518
 0.00030518
 0.00000000
-0.00061035
-0.00030518
 0.00000000
 0.00061035
 0.00091553
 0.00091553
 0.00061035
-0.00030518
-0.00061035
-0.00030518
 0.00000000
 0.00030518
 0.00061035
 0.00061035
 0.00061035
 0.00061035
 0.00061035
 0.00030518
 0.00061035
 0.00061035
 0.00061035
 0.00000000
-0.00030518
 0.00000000
 0.00030518
 0.00061035
 0.00030518
 0.00000000
 0.00000000
 0.00000000
 0.00030518
 0.00030518
 0.00030518
 0.00030518
 0.00000000
-0.00030518
-0.00030518
-0.00030518
-0.00030518
 0.00030518
 0.00061035
 0.00030518
 0.00030518
 0.00030518
 0.00000000
 0.00030518
 0.00000000
-0.00030518
-0.00030518
 0.00030518
 0.00061035
 0.00061035
 0.00030518
 0.00030518
 0.00030518
 0.00000000
 0.00030518
 0.00030518
 0.00061035
 0.00061035
 0.00030518
 0.00000000
 0.00000000
-0.00030518
 0.00000000
 0.00030518
 0.00061035
 0.00061035
 0.00030518
 0.00030518
 0.00091553
 0.00122070
 0.00091553
 0.00030518
 0.00030518
 0.00000000
 0.00030518
 0.00061035
 0.00061035
 0.00000000
-0.00030518
-0.00030518
-0.00030518
 0.00000000
 0.00030518
 0.00061035
 0.00030518
 0.00030518
 0.00030518
 0.00061035
 0.00091553
 0.00091553
 0.00000000
-0.00030518
-0.00030518
-0.00030518
-0.00030518
-0.00030518
-0.00030518
-0.00030518
 0.00030518
 0.00061035
 0.00061035
 0.00061035
 0.00061035
 0.00061035
 0.00030518
 0.00030518
 0.00030518
 0.00030518
 0.00030518
 0.00000000
 0.00000000
-0.00030518
-0.00030518
 0.00000000
-0.00030518
-0.00030518
 0.00000000
 0.00061035
 0.00091553
 0.00061035
-0.00030518
-0.00091553
-0.00091553
-0.00030518
 0.00030518
 0.00030518
-0.00030518
-0.00061035
-0.00091553
-0.00091553
-0.00061035
-0.00061035
-0.00091553
-0.00091553
-0.00061035
-0.00030518
-0.00030518
-0.00061035
-0.00091553
-0.00091553
-0.00091553
-0.00061035
-0.00061035
-0.00061035
-0.00030518
-0.00030518
-0.00030518
-0.00061035
-0.00091553
-0.00061035
-0.00061035
-0.00030518
-0.00030518
-0.00030518
-0.00030518
-0.00030518
 0.00000000
-0.00030518
-0.00061035
-0.00061035
-0.00030518
-0.00030518
-0.00061035
-0.00061035
-0.00030518
 0.00000000
 0.00000000
 0.00000000
 0.00000000
 0.00000000
 0.00000000
 0.00000000
-0.00030518
-0.00091553
-0.00091553
-0.00061035
-0.00030518
-0.00030518
 0.00000000
-0.00030518
-0.00061035
-0.00061035
-0.00030518
 0.00000000
 0.00030518
 0.00030518
 0.00030518
 0.00030518
 0.00061035
 0.00061035
 0.00030518
 0.00000000
-0.00030518
 0.00000000
-0.00030518
-0.00030518
 0.00000000
 0.00030518
 0.00061035
 0.00061035
 0.00061035
 0.00091553
 0.00091553
 0.00091553
 0.00122070
 0.00122070
 0.00091553
 0.00030518
 0.00030518
 0.00030518
 0.00030518
 0.00030518
 0.00030518
 0.00061035
 0.00091553
 0.00122070
 0.00091553
 0.00091553
 0.00091553
 0.00061035
 0.00061035
 0.00061035
 0.00061035
 0.00061035
 0.00061035
 0.00030518
 0.00030518
 0.00030518
 0.00030518
 0.00030518
 0.00000000
 0.00030518
 0.00030518
 0.00030518
 0.00030518
 0.00030518
 0.00030518
 0.00091553
 0.00122070
 0.00122070
 0.00122070
 0.00061035
 0.00061035
 0.00030518
 0.00061035
 0.00061035
 0.00061035
 0.00030518
 0.00030518
 0.00000000
 0.00030518
 0.00061035
 0.00061035
 0.00061035
 0.00091553
 0.00091553
 0.00061035
 0.00091553
 0.00152588
 0.00152588
 0.00061035
 0.00000000
-0.00030518
-0.00030518
-0.00030518
-0.00030518
 0.00000000
 0.00030518
 0.00030518
 0.00000000
 0.00000000
 0.00061035
 0.00061035
 0.00030518
 0.00000000
 0.00000000
 0.00000000
 0.00030518
 0.00000000
-0.00030518
 0.00000000
 0.00000000
 0.00000000
 0.00030518
 0.00091553
 0.00091553
 0.00091553
 0.00122070
 0.00061035
 0.00000000
 0.00000000
 0.00000000
-0.00030518
-0.00030518
 0.00000000
 0.00030518
 0.00030518
 0.00030518
 0.00061035
 0.00061035
 0.00061035
 0.00030518
 0.00091553
 0.00091553
 0.00030518
 0.00000000
-0.00030518
 0.00030518
 0.00030518
 0.00000000
-0.00030518
-0.00030518
-0.00030518
 0.00000000
 0.00061035
 0.00061035
 0.00061035
 0.00000000
-0.00030518
-0.00030518
 0.00000000
 0.00000000
 0.00000000
-0.00030518
-0.00030518
-0.00030518
-0.00030518
 0.00000000
 0.00061035
 0.00061035
 0.00061035
 0.00030518
 0.00000000
-0.00030518
-0.00030518
-0.00061035
-0.00061035
-0.00030518
-0.00030518
-0.00091553
-0.00061035
 0.00030518
 0.00030518
 0.00000000
-0.00030518
-0.00030518
 0.00000000
 0.00030518
 0.00000000
 0.00000000
 0.00000000
-0.00030518
-0.00030518
-0.00030518
-0.00061035
-0.00061035
-0.00030518
-0.00030518
-0.00030518
-0.00030518
-0.00030518
-0.00030518
-0.00030518
 0.00000000
 0.00000000
 0.00000000
-0.00030518
-0.00030518
 0.00000000
 0.00030518
 0.00000000
-0.00030518
 0.00000000
 0.00030518
 0.00000000
-0.00061035
-0.00061035
-0.00030518
 0.00030518
 0.00091553
 0.00091553
 0.00000000
-0.00030518
 0.00000000
 0.00030518
 0.00030518
 0.00061035
 0.00061035
 0.00030518
 0.00000000
 0.00000000
 0.00030518
 0.00030518
 0.00061035
 0.00061035
 0.00061035
 0.00061035
 0.00061035
 0.00030518
 0.00061035
 0.00030518
 0.00000000
 0.00000000
 0.00000000
-0.00030518
 0.00000000
 0.00000000
 0.00030518
 0.00030518
 0.00061035
 0.00091553
 0.00091553
 0.00091553
 0.00061035
 0.00000000
-0.00030518
-0.00030518
 0.00030518
 0.00061035
 0.00030518
 0.00000000
-0.00030518
 0.00000000
 0.00000000
 0.00061035
 0.00061035
 0.00030518
 0.00030518
 0.00000000
 0.00000000
-0.00030518
-0.00030518
 0.00000000
 0.00030518
 0.00030518
 0.00000000
-0.00030518
-0.00030518
 0.00000000
 0.00061035
 0.00030518
 0.00030518
 0.00000000
 0.00030518
 0.00030518
 0.00030518
 0.00000000
 0.00000000
 0.00000000
-0.00030518
-0.00030518
-0.00030518
 0.00000000
 0.00030518
 0.00061035
 0.00061035
 0.00061035
 0.00030518
 0.00061035
 0.00030518
 0.00000000
-0.00061035
-0.00030518
-0.00030518
 0.00030518
 0.00030518
 0.00000000
-0.00030518
-0.00030518
-0.00030518
 0.00030518
 0.00061035
 0.00000000
-0.00030518
 0.00000000
 0.00061035
 0.00061035
 0.00061035
 0.00000000
-0.00030518
-0.00030518
-0.00030518
-0.00061035
-0.00030518
-0.00030518
-0.00030518
-0.00030518
 0.00030518
 0.00030518
 0.00000000
 0.00000000
 0.00000000
 0.00000000
 0.00000000
 0.00000000
 0.00030518
 0.00061035
 0.00030518
 0.00030518
 0.00000000
-0.00030518
 0.00000000
 0.00000000
 0.00000000
-0.00030518
 0.00000000
 0.00000000
 0.00030518
 0.00030518
 0.00061035
 0.00061035
 0.00030518
 0.00030518
 0.00030518
 0.00030518
 0.00030518
 0.00061035
 0.00030518
 0.00000000
 0.00030518
 0.00000000
 0.00000000
 0.00000000
 0.00000000
 0.00000000
 0.00000000
 0.00000000
 0.00030518
 0.00030518
 0.00030518
 0.00061035
 0.00091553
 0.00061035
 0.00030518
 0.00030518
 0.00061035
 0.00030518
 0.00000000
 0.00030518
 0.00061035
 0.00061035
 0.00030518
 0.00000000
 0.00000000
 0.00030518
 0.00030518
 0.00000000
 0.00000000
 0.00030518
 0.00030518
 0.00000000
 0.00000000
 0.00030518
 0.00030518
-0.00030518
-0.00030518
-0.00030518
 0.00000000
 0.00000000
 0.00030518
 0.00061035
 0.00061035
 0.00030518
 0.00061035
 0.00061035
 0.00091553
 0.00091553
 0.00030518
 0.00061035
 0.00091553
 0.00091553
 0.00091553
 0.00030518
 0.00030518
 0.00000000
 0.00000000
 0.00000000
 0.00030518
 0.00061035
 0.00061035
 0.00030518
 0.00030518
 0.00061035
 0.00030518
 0.00000000
 0.00000000
 0.00000000
 0.00000000
 0.00000000
 0.00000000
-0.00030518
-0.00061035
-0.00030518
-0.00030518
 0.00000000
 0.00030518
 0.00030518
 0.00061035
 0.00061035
 0.00061035
 0.00030518
 0.00030518
 0.00000000
 0.00000000
 0.00000000
 0.00000000
 0.00000000
 0.00000000
 0.00030518
 0.00030518
 0.00000000
 0.00000000
 0.00000000
 0.00000000
 0.00030518
 0.00030518
 0.00061035
 0.00091553
 0.00091553
 0.00061035
 0.00030518
-0.00030518
 0.00000000
 0.00000000
 0.00030518
 0.00061035
 0.00061035
 0.00030518
 0.00030518
 0.00061035
 0.00091553
 0.00061035
 0.00030518
 0.00000000
 0.00030518
 0.00030518
 0.00030518
 0.00000000
-0.00030518
 0.00030518
 0.00061035
 0.00030518
-0.00030518
-0.00030518
 0.00000000
 0.00030518
 0.00061035
 0.00030518
 0.00030518
 0.00000000
-0.00030518
-0.00030518
 0.00000000
 0.00000000
 0.00030518
 0.00000000
-0.00030518
-0.00030518
-0.00030518
 0.00030518
 0.00030518
 0.00030518
 0.00000000
 0.00000000
 0.00030518
 0.00030518
 0.00000000
-0.00030518
-0.00030518
 0.00000000
 0.00000000
 0.00000000
 0.00000000
 0.00030518
 0.00030518
 0.00000000
 0.00000000
 0.00000000
 0.00000000
 0.00030518
 0.00000000
 0.00030518
-0.00030518
-0.00030518
-0.00030518
-0.00061035
-0.00061035
-0.00061035
-0.00091553
-0.00091553
-0.00030518
-0.00030518
 0.00000000
 0.00000000
 0.00000000
-0.00030518
-0.00030518
-0.00030518
-0.00061035
-0.00030518
-0.00030518
 0.00000000
 0.00030518
 0.00030518
 0.00000000
 0.00000000
 0.00000000
 0.00030518
-0.00030518
-0.00030518
-0.00030518
 0.00000000
 0.00030518
 0.00061035
 0.00030518
 0.00061035
 0.00061035
 0.00030518
 0.00000000
 0.00000000
 0.00030518
 0.00061035
 0.00030518
 0.00030518
 0.00000000
 0.00000000
-0.00030518
 0.00000000
 0.00030518
 0.00061035
 0.00091553
 0.00122070
 0.00091553
 0.00000000
 0.00000000
 0.00000000
 0.00030518
 0.00000000
-0.00030518
 0.00000000
 0.00061035
 0.00091553
 0.00061035
 0.00000000
 0.00030518
 0.00030518
 0.00061035
 0.00030518
-0.00030518
-0.00030518
 0.00000000
 0.00030518
 0.00061035
 0.00061035
 0.00030518
 0.00030518
 0.00000000
 0.00000000
 0.00030518
 0.00061035
 0.00091553
 0.00061035
 0.00030518
 0.00000000
-0.00030518
-0.00061035
-0.00061035
-0.00030518
-0.00030518
 0.00030518
 0.00030518
-0.00030518
-0.00030518
-0.00030518
-0.00030518
-0.00030518
-0.00030518
-0.00061035
-0.00091553
-0.00091553
-0.00061035
-0.00030518
 0.00000000
 0.00000000
-0.00030518
-0.00030518
-0.00030518
-0.00030518
 0.00000000
 0.00000000
 0.00000000
-0.00030518
-0.00091553
-0.00091553
-0.00061035
-0.00030518
-0.00030518
-0.00061035
-0.00030518
 0.00000000
 0.00000000
 0.00030518
 0.00030518
 0.00030518
 0.00030518
 0.00000000
-0.00030518
-0.00030518
 0.00000000
 0.00000000
 0.00000000
-0.00030518
-0.00030518
 0.00000000
 0.00000000
 0.00000000
 0.00030518
 0.00030518
 0.00061035
 0.00061035
 0.00061035
 0.00030518
 0.00030518
 0.00030518
 0.00000000
-0.00030518
-0.00061035
-0.00030518
 0.00000000
 0.00030518
 0.00030518
 0.00030518
 0.00030518
 0.00030518
 0.00061035
 0.00030518
 0.00000000
 0.00030518
 0.00030518
 0.00030518
 0.00000000
 0.00000000
 0.00000000
 0.00000000
 0.00000000
 0.00030518
 0.00030518
 0.00061035
 0.00061035
 0.00061035
 0.00030518
 0.00000000
 0.00000000
 0.00030518
 0.00000000
-0.00030518
-0.00030518
 0.00000000
 0.00000000
 0.00000000
 0.00000000
 0.00000000
 0.00000000
 0.00000000
 0.00030518
 0.00000000
 0.00000000
 0.00030518
 0.00030518
 0.00030518
 0.00000000
-0.00030518
-0.00030518
-0.00030518
 0.00000000
-0.00030518
-0.00030518
 0.00000000
 0.00030518
 0.00061035
 0.00061035
 0.00000000
-0.00030518
-0.00030518
 0.00000000
 0.00030518
 0.00000000
-0.00030518
 0.00000000
 0.00030518
 0.00000000
-0.00061035
-0.00061035
-0.00030518
-0.00030518
 0.00000000
 0.00030518
 0.00000000
 0.00030518
 0.00030518
 0.00030518
-0.00030518
-0.00061035
-0.00061035
-0.00030518
 0.00000000
 0.00000000
-0.00030518
-0.00030518
-0.00061035
-0.00061035
-0.00030518
 0.00000000
 0.00000000
 0.00000000
 0.00030518
 0.00030518
-0.00030518
-0.00061035
-0.00030518
 0.00000000
 0.00000000
-0.00030518
-0.00030518
 0.00000000
 0.00000000
 0.00030518
 0.00030518
 0.00000000
 0.00000000
 0.00030518
 0.00061035
 0.00061035
 0.00061035
 0.00030518
 0.00000000
 0.00000000
 0.00030518
 0.00061035
 0.00091553
 0.00061035
 0.00061035
 0.00030518
 0.00030518
 0.00000000
 0.00030518
 0.00091553
 0.00061035
 0.00030518
 0.00000000
 0.00000000
 0.00030518
 0.00061035
 0.00030518
 0.00030518
 0.00030518
 0.00000000
 0.00030518
 0.00061035
 0.00061035
 0.00000000
-0.00030518
 0.00000000
 0.00000000
 0.00030518
 0.00030518
 0.00000000
 0.00000000
 0.00000000
 0.00030518
 0.00030518
 0.00030518
 0.00061035
 0.00061035
 0.00000000
-0.00030518
 0.00030518
 0.00030518
 0.00030518
 0.00030518
 0.00030518
 0.00030518
 0.00061035
 0.00061035
 0.00061035
 0.00061035
 0.00030518
 0.00030518
 0.00061035
 0.00030518
 0.00061035
 0.00030518
 0.00000000
-0.00030518
 0.00000000
 0.00030518
 0.00000000
 0.00000000
 0.00030518
 0.00000000
-0.00030518
-0.00091553
-0.00030518
-0.00030518
-0.00030518
-0.00030518
-0.00030518
 0.00000000
 0.00000000
 0.00000000
 0.00000000
 0.00000000
 0.00061035
 0.00061035
 0.00000000
 0.00000000
 0.00000000
 0.00000000
 0.00000000
 0.00000000
 0.00030518
 0.00000000
-0.00061035
-0.00030518
 0.00030518
 0.00030518
 0.00030518
 0.00030518
 0.00061035
 0.00061035
 0.00030518
-0.00030518
 0.00000000
 0.00000000
 0.00000000
 0.00030518
 0.00061035
 0.00061035
 0.00030518
 0.00000000
 0.00030518
 0.00030518
 0.00030518
 0.00030518
 0.00030518
 0.00061035
 0.00061035
 0.00030518
 0.00030518
 0.00061035
 0.00091553
 0.00030518
-0.00030518
-0.00030518
 0.00030518
 0.00061035
 0.00030518
 0.00030518
 0.00061035
 0.00061035
 0.00030518
 0.00000000
 0.00000000
 0.00000000
-0.00030518
 0.00000000
 0.00030518
 0.00000000
-0.00030518
-0.00061035
 0.00000000
 0.00030518
 0.00030518
 0.00030518
-0.00030518
-0.00030518
 0.00000000
-0.00030518
-0.00061035
 0.00000000
 0.00030518
 0.00030518
 0.00000000
-0.00030518
-0.00030518
-0.00030518
 0.00000000
-0.00030518
-0.00061035
-0.00061035
-0.00061035
-0.00061035
-0.00030518
 0.00000000
 0.00000000
-0.00061035
-0.00030518
 0.00000000
 0.00000000
 0.00000000
-0.00030518
-0.00030518
-0.00030518
-0.00030518
 0.00000000
 0.00000000
 0.00000000
-0.00030518
-0.00061035
-0.00091553
-0.00091553
-0.00091553
-0.00061035
-0.00030518
-0.00061035
-0.00091553
-0.00061035
-0.00030518
-0.00030518
-0.00061035
-0.00061035
-0.00030518
-0.00030518
-0.00030518
-0.00061035
-0.00061035
-0.00030518
 0.00000000
 0.00000000
 0.00000000
-0.00030518
-0.00061035
-0.00030518
-0.00030518
-0.00061035
-0.00091553
-0.00122070
-0.00091553
 0.00000000
 0.00000000
 0.00000000
 0.00000000
 0.00000000
 0.00030518
 0.00030518
 0.00000000
 0.00000000
 0.00000000
 0.00030518
 0.00030518
 0.00000000
-0.00030518
-0.00030518
-0.00030518
 0.00030518
 0.00061035
 0.00030518
 0.00000000
-0.00030518
-0.00030518
 0.00000000
 0.00030518
 0.00030518
 0.00030518
 0.00000000
 0.00000000
 0.00000000
 0.00030518
 0.00061035
 0.00030518
 0.00000000
 0.00000000
 0.00000000
 0.00000000
 0.00030518
 0.00030518
 0.00000000
 0.00000000
 0.00030518
 0.00030518
 0.00030518
 0.00030518
 0.00000000
 0.00030518
 0.00061035
 0.00030518
-0.00030518
-0.00061035
-0.00061035
-0.00061035
-0.00030518
 0.00030518
 0.00061035
 0.00030518
 0.00030518
 0.00030518
 0.00061035
 0.00061035
 0.00061035
 0.00061035
 0.00091553
 0.00061035
 0.00061035
 0.00030518
 0.00030518
 0.00030518
 0.00000000
 0.00000000
 0.00030518
 0.00000000
 0.00000000
 0.00030518
 0.00030518
 0.00030518
 0.00030518
 0.00030518
 0.00000000
-0.00030518
-0.00030518
-0.00030518
-0.00030518
 0.00030518
 0.00000000
-0.00030518
 0.00000000
 0.00000000
 0.00000000
 0.00000000
 0.00000000
 0.00030518
 0.00030518
 0.00000000
-0.00030518
-0.00030518
 0.00000000
 0.00000000
 0.00000000
 0.00000000
-0.00030518
 0.00000000
 0.00030518
 0.00061035
 0.00061035
 0.00000000
-0.00030518
 0.00000000
 0.00061035
 0.00091553
 0.00030518
 0.00030518
 0.00000000
-0.00030518
 0.00000000
 0.00030518
 0.00030518
 0.00030518
 0.00030518
 0.00061035
 0.00091553
 0.00061035
 0.00061035
 0.00061035
 0.00061035
 0.00030518
 0.00000000
 0.00030518
 0.00030518
 0.00030518
 0.00000000
 0.00000000
 0.00000000
 0.00030518
 0.00000000
 0.00030518
 0.00000000
-0.00030518
-0.00030518
 0.00061035
 0.00091553
 0.00091553
 0.00061035
 0.00030518
 0.00030518
 0.00030518
 0.00030518
 0.00030518
 0.00030518
 0.00000000
 0.00030518
 0.00030518
 0.00000000
-0.00030518
 0.00000000
 0.00030518
 0.00061035
 0.00061035
 0.00061035
 0.00061035
 0.00030518
 0.00061035
 0.00061035
 0.00030518
 0.00030518
 0.00000000
 0.00000000
 0.00030518
 0.00030518
 0.00000000
-0.00030518
 0.00000000
 0.00030518
 0.00030518
 0.00000000
 0.00000000
 0.00000000
 0.00061035
 0.00061035
 0.00000000
-0.00030518
 0.00000000
 0.00000000
 0.00030518
 0.00030518
 0.00030518
 0.00030518
 0.00030518
 0.00030518
 0.00030518
 0.00061035
 0.00061035
 0.00030518
 0.00000000
 0.00000000
 0.00000000
 0.00061035
 0.00061035
 0.00000000
 0.00000000
 0.00000000
 0.00030518
 0.00000000
-0.00030518
 0.00000000
 0.00061035
 0.00061035
 0.00030518
-0.00030518
-0.00030518
 0.00000000
 0.00030518
 0.00030518
-0.00030518
-0.00061035
-0.00091553
-0.00061035
-0.00030518
-0.00061035
-0.00061035
-0.00061035
 0.00000000
 0.00000000
 0.00030518
 0.00030518
 0.00030518
 0.00030518
 0.00000000
 0.00000000
 0.00000000
 0.00030518
 0.00061035
 0.00000000
-0.00030518
-0.00030518
 0.00000000
-0.00030518
-0.00061035
-0.00030518
 0.00000000
 0.00030518
 0.00000000
-0.00030518
 0.00000000
 0.00030518
 0.00061035
 0.00000000
-0.00030518
-0.00030518
-0.00030518
-0.00030518
 0.00000000
 0.00030518
 0.00030518
 0.00000000
-0.00061035
-0.00091553
-0.00030518
 0.00061035
 0.00061035
 0.00000000
 0.00000000
 0.00000000
 0.00030518
 0.00030518
 0.00030518
 0.00000000
-0.00030518
 0.00000000
-0.00030518
-0.00061035
-0.00061035
-0.00061035
-0.00030518
 0.00000000
 0.00000000
 0.00030518
 0.00000000
-0.00030518
-0.00061035
-0.00030518
-0.00030518
-0.00030518
 0.00000000
-0.00030518
-0.00030518
 0.00000000
 0.00030518
 0.00030518
 0.00000000
 0.00000000
 0.00030518
 0.00000000
-0.00030518
-0.00061035
-0.00030518
 0.00000000
 0.00030518
 0.00030518
 0.00030518
 0.00000000
-0.00030518
 0.00000000
 0.00000000
-0.00030518
 0.00000000
 0.00000000
 0.00030518
 0.00000000
 0.00000000
-0.00030518
-0.00030518
-0.00030518
 0.00000000
-0.00030518
-0.00030518
 0.00030518
 0.00030518
 0.00030518
 0.00030518
 0.00000000
 0.00000000
 0.00000000
 0.00000000
 0.00061035
 0.00091553
 0.00061035
 0.00000000
-0.00030518
 0.00000000
 0.00030518
 0.00030518
-0.00030518
-0.00030518
-0.00030518
-0.00030518
 0.00000000
 0.00030518
 0.00030518
 0.00030518
 0.00030518
 0.00000000
 0.00000000
-0.00030518
 0.00000000
-0.00030518
 0.00000000
 0.00000000
 0.00000000
 0.00030518
 0.00030518
 0.00030518
 0.00000000
 0.00000000
 0.00030518
 0.00000000
-0.00030518
 0.00000000
 0.00030518
 0.00030518
 0.00000000
-0.00030518
-0.00061035
-0.00061035
-0.00061035
-0.00030518
 0.00030518
 0.00061035
 0.00061035
 0.00061035
 0.00030518
-0.00030518
 0.00000000
 0.00030518
 0.00030518
 0.00030518
-0.00030518
-0.00030518
-0.00030518
 0.00000000
 0.00000000
 0.00000000
 0.00000000
 0.00030518
 0.00061035
 0.00030518
 0.00030518
 0.00030518
 0.00030518
 0.00030518
 0.00000000
 0.00000000
 0.00000000
 0.00000000
 0.00000000
 0.00000000
 0.00030518
 0.00030518
 0.00030518
 0.00030518
 0.00030518
 0.00000000
 0.00000000
 0.00000000
 0.00000000
 0.00000000
 0.00000000
 0.00000000
 0.00030518
 0.00000000
-0.00030518
 0.00000000
 0.00030518
 0.00030518
 0.00030518
 0.00030518
 0.00000000
 0.00030518
 0.00030518
 0.00061035
 0.00061035
 0.00030518
 0.00000000
 0.00000000
 0.00000000
-0.00030518
-0.00030518
 0.00030518
 0.00091553
 0.00061035
 0.00000000
-0.00030518
-0.00030518
 0.00000000
 0.00030518
 0.00030518
-0.00030518
 0.00000000
 0.00030518
 0.00000000
-0.00030518
 0.00000000
 0.00000000
 0.00000000
 0.00000000
 0.00030518
 0.00061035
 0.00030518
 0.00000000
 0.00000000
-0.00030518
 0.00000000
 0.00030518
 0.00061035
 0.00061035
 0.00030518
-0.00030518
 0.00000000
 0.00030518
 0.00030518
 0.00030518
 0.00000000
 0.00000000
 0.00030518
 0.00000000
-0.00030518
-0.00030518
 0.00000000
 0.00030518
 0.00030518
 0.00061035
 0.00091553
 0.00122070
 0.00091553
 0.00000000
-0.00030518
-0.00030518
-0.00061035
-0.00030518
-0.00030518
-0.00061035
-0.00091553
-0.00061035
 0.00000000
 0.00061035
 0.00030518
 0.00000000
-0.00030518
 0.00000000
 0.00030518
 0.00061035
 0.00030518
 0.00000000
 0.00030518
 0.00061035
 0.00000000
-0.00030518
-0.00061035
-0.00030518
-0.00030518
-0.00030518
 0.00000000
 0.00030518
 0.00030518
 0.00000000
 0.00000000
 0.00030518
 0.00030518
 0.00000000
 0.00030518
 0.00030518
-0.00030518
-0.00061035
-0.00091553
-0.00061035
-0.00061035
-0.00091553
-0.00061035
 0.00000000
 0.00000000
-0.00030518
 0.00000000
 0.00030518
 0.00030518
 0.00000000
-0.00030518
-0.00030518
 0.00000000
 0.00000000
-0.00030518
-0.00061035
-0.00061035
-0.00030518
 0.00030518
 0.00000000
-0.00061035
-0.00091553
-0.00061035
-0.00061035
-0.00030518
-0.00030518
-0.00030518
-0.00030518
-0.00030518
-0.00030518
-0.00030518
-0.00030518
-0.00030518
-0.00030518
 0.00030518
 0.00030518
 0.00000000
-0.00030518
-0.00091553
-0.00061035
 0.00000000
 0.00030518
 0.00030518
 0.00000000
-0.00030518
-0.00061035
-0.00061035
-0.00091553
-0.00061035
-0.00061035
-0.00061035
-0.00030518
-0.00030518
-0.00030518
-0.00030518
 0.00000000
 0.00030518
 0.00030518
 0.00000000
 0.00000000
-0.00030518
-0.00030518
-0.00030518
-0.00030518
 0.00000000
 0.00000000
-0.00030518
-0.00091553
-0.00061035
 0.00000000
 0.00061035
 0.00061035
 0.00061035
 0.00030518
 0.00000000
-0.00030518
-0.00061035
-0.00030518
-0.00030518
-0.00030518
 0.00000000
 0.00000000
 0.00000000
 0.00030518
 0.00030518
 0.00000000
-0.00030518
-0.00030518
 0.00000000
 0.00030518
 0.00030518
 0.00030518
 0.00030518
 0.00030518
 0.00000000
-0.00030518
-0.00061035
-0.00061035
-0.00061035
-0.00061035
-0.00030518
 0.00000000
 0.00000000
 0.00030518
 0.00000000
-0.00030518
-0.00061035
-0.00030518
-0.00030518
-0.00061035
-0.00091553
-0.00091553
-0.00030518
 0.00030518
 0.00061035
 0.00061035
 0.00030518
 0.00000000
 0.00030518
 0.00061035
 0.00030518
 0.00030518
-0.00030518
-0.00030518
-0.00030518
-0.00061035
-0.00061035
-0.00061035
 0.00030518
 0.00061035
 0.00091553
 0.00061035
 0.00030518
 0.00030518
 0.00061035
 0.00030518
 0.00000000
-0.00030518
 0.00000000
-0.00061035
-0.00061035
-0.00030518
-0.00030518
 0.00000000
 0.00030518
 0.00061035
 0.00061035
 0.00061035
 0.00030518
 0.00030518
 0.00030518
 0.00000000
-0.00061035
-0.00091553
-0.00122070
-0.00122070
-0.00061035
 0.00000000
 0.00030518
-0.00030518
-0.00030518
 0.00000000
 0.00000000
 0.00030518
 0.00030518
 0.00000000
-0.00030518
-0.00030518
-0.00030518
-0.00030518
 0.00000000
 0.00000000
-0.00030518
-0.00061035
-0.00030518
 0.00000000
 0.00000000
 0.00030518
 0.00030518
 0.00030518
 0.00030518
 0.00030518
 0.00000000
-0.00091553
-0.00091553
-0.00091553
-0.00061035
-0.00061035
-0.00030518
-0.00061035
 0.00000000
 0.00061035
 0.00061035
 0.00030518
 0.00061035
 0.00091553
 0.00091553
 0.00030518
 0.00000000
-0.00030518
-0.00061035
-0.00091553
-0.00091553
-0.00122070
-0.00091553
-0.00030518
 0.00000000
 0.00000000
 0.00000000
 0.00000000
 0.00030518
 0.00030518
 0.00030518
 0.00000000
-0.00061035
-0.00091553
-0.00091553
-0.00061035
-0.00122070
-0.00091553
-0.00061035
-0.00061035
-0.00030518
 0.00000000
 0.00000000
-0.00030518
-0.00030518
 0.00000000
-0.00030518
-0.00061035
-0.00091553
-0.00091553
-0.00061035
-0.00061035
-0.00061035
-0.00061035
-0.00061035
-0.00030518
 0.00000000
 0.00000000
 0.00030518
 0.00030518
 0.00030518
 0.00030518
 0.00061035
 0.00061035
 0.00030518
-0.00030518
-0.00061035
-0.00061035
-0.00030518
-0.00030518
-0.00061035
-0.00061035
 0.00000000
 0.00061035
 0.00061035
 0.00091553
 0.00091553
 0.00061035
 0.00030518
 0.00030518
 0.00030518
 0.00000000
-0.00030518
-0.00030518
-0.00030518
-0.00030518
-0.00030518
-0.00030518
 0.00000000
 0.00030518
 0.00061035
 0.00061035
 0.00061035
 0.00030518
 0.00000000
 0.00000000
 0.00000000
-0.00030518
-0.00030518
-0.00030518
 0.00000000
-0.00030518
-0.00030518
 0.00000000
 0.00000000
 0.00000000
-0.00030518
-0.00030518
-0.00030518
-0.00030518
 0.00000000
 0.00000000
-0.00030518
-0.00030518
-0.00030518
-0.00061035
-0.00061035
-0.00030518
 0.00030518
 0.00061035
 0.00000000
-0.00030518
-0.00030518
 0.00030518
 0.00000000
 0.00000000
 0.00030518
 0.00000000
 0.00000000
 0.00000000
 0.00000000
 0.00000000
-0.00030518
-0.00030518
 0.00000000
 0.00000000
 0.00030518
 0.00061035
 0.00061035
 0.00091553
 0.00030518
 0.00000000
 0.00030518
 0.00030518
 0.00000000
-0.00030518
-0.00061035
-0.00030518
-0.00030518
 0.00000000
-0.00030518
-0.00030518
-0.00030518
 0.00000000
-0.00030518
 0.00000000
 0.00030518
 0.00000000
 0.00000000
 0.00000000
 0.00000000
 0.00000000
 0.00000000
-0.00061035
-0.00091553
-0.00091553
-0.00061035
 0.00000000
 0.00000000
 0.00000000
 0.00000000
 0.00030518
 0.00030518
 0.00030518
 0.00030518
 0.00000000
-0.00030518
-0.00091553
-0.00091553
-0.00061035
 0.00000000
 0.00000000
 0.00000000
-0.00030518
-0.00061035
 0.00000000
 0.00000000
 0.00000000
 0.00000000
 0.00000000
 0.00000000
-0.00030518
-0.00030518
 0.00000000
-0.00030518
-0.00091553
-0.00091553
-0.00091553
-0.00061035
-0.00061035
 0.00030518
 0.00030518
 0.00030518
-0.00030518
-0.00030518
 0.00000000
 0.00030518
 0.00030518
-0.00030518
-0.00061035
-0.00061035
-0.00091553
-0.00061035
-0.00061035
-0.00061035
-0.00091553
-0.00091553
-0.00061035
-0.00030518
 0.00030518
 0.00061035
 0.00000000
-0.00030518
-0.00030518
-0.00030518
-0.00061035
-0.00091553
-0.00061035
-0.00030518
-0.00061035
-0.00091553
-0.00122070
-0.00091553
-0.00061035
-0.00061035
-0.00091553
-0.00061035
-0.00030518
 0.00000000
 0.00000000
-0.00030518
-0.00061035
-0.00061035
-0.00061035
-0.00030518
-0.00091553
-0.00122070
-0.00091553
-0.00061035
 0.00000000
 0.00000000
 0.00000000
-0.00030518
 0.00000000
 0.00030518
 0.00030518
 0.00030518
 0.00000000
 0.00000000
 0.00000000
-0.00030518
-0.00061035
-0.00061035
-0.00091553
-0.00061035
-0.00061035
-0.00061035
-0.00030518
 0.00000000
 0.00000000
-0.00030518
-0.00030518
-0.00030518
-0.00030518
-0.00061035
-0.00061035
-0.00061035
-0.00061035
-0.00061035
-0.00061035
-0.00030518
 0.00000000
 0.00030518
 0.00000000
 0.00000000
 0.00030518
 0.00030518
 0.00030518
 0.00000000
 0.00000000
 0.00000000
 0.00000000
-0.00030518
-0.00030518
-0.00030518
 0.00000000
-0.00030518
 0.00000000
 0.00030518
 0.00000000
 0.00000000
 0.00000000
 0.00030518
 0.00061035
 0.00030518
 0.00000000
 0.00000000
 0.00000000
-0.00030518
-0.00030518
-0.00030518
-0.00030518
 0.00000000
 0.00030518
 0.00030518
 0.00000000
 0.00000000
-0.00030518
-0.00030518
 0.00000000
 0.00000000
 0.00000000
 0.00000000
-0.00030518
-0.00030518
-0.00030518
-0.00030518
-0.00030518
-0.00061035
-0.00061035
-0.00030518
 0.00030518
 0.00030518
 0.00000000
-0.00061035
-0.00061035
-0.00030518
-0.00030518
-0.00061035
-0.00030518
 0.00000000
-0.00030518
-0.00030518
-0.00030518
 0.00000000
-0.00061035
-0.00061035
-0.00061035
-0.00030518
-0.00061035
-0.00061035
 0.00000000
 0.00000000
 0.00000000
-0.00030518
-0.00061035
-0.00030518
-0.00030518
 0.00000000
 0.00000000
 0.00000000
 0.00000000
-0.00030518
-0.00061035
-0.00091553
-0.00091553
-0.00061035
 0.00000000
 0.00000000
 0.00000000
-0.00030518
-0.00061035
-0.00061035
 0.00000000
 0.00000000
-0.00061035
-0.00061035
-0.00030518
-0.00030518
-0.00061035
-0.00061035
-0.00061035
-0.00061035
-0.00061035
-0.00061035
-0.00030518
-0.00030518
-0.00030518
-0.00030518
-0.00030518
-0.00030518
 0.00000000
-0.00030518
-0.00061035
-0.00091553
-0.00061035
-0.00061035
-0.00030518
 0.00000000
 0.00000000
 0.00000000
-0.00030518
-0.00030518
-0.00061035
-0.00061035
-0.00030518
 0.00000000
 0.00030518
 0.00000000
 0.00000000
 0.00000000
-0.00030518
-0.00061035
-0.00061035
-0.00030518
 0.00000000
-0.00030518
-0.00061035
-0.00091553
-0.00061035
-0.00030518
 0.00000000
-0.00030518
-0.00030518
 0.00000000
 0.00000000
-0.00030518
-0.00091553
-0.00091553
-0.00061035
-0.00030518
-0.00030518
 0.00000000
 0.00030518
 0.00000000
-0.00030518
 0.00000000
 0.00000000
 0.00000000
 0.00000000
 0.00000000
 0.00030518
 0.00061035
 0.00061035
 0.00000000
-0.00030518
-0.00061035
-0.00030518
-0.00030518
-0.00061035
-0.00061035
-0.00030518
 0.00030518
 0.00030518
 0.00030518
 0.00030518
 0.00000000
 0.00000000
 0.00000000
-0.00030518
-0.00030518
 0.00030518
 0.00000000
-0.00030518
-0.00061035
-0.00061035
-0.00091553
-0.00061035
-0.00030518
 0.00000000
 0.00000000
 0.00000000
 0.00000000
-0.00030518
-0.00030518
-0.00030518
-0.00061035
-0.00091553
-0.00091553
-0.00061035
-0.00030518
-0.00030518
-0.00091553
-0.00091553
-0.00061035
-0.00030518
-0.00061035
-0.00061035
-0.00061035
-0.00030518
-0.00030518
-0.00061035
-0.00061035
-0.00061035
-0.00061035
-0.00061035
-0.00030518
 0.00030518
 0.00000000
-0.00030518
-0.00091553
-0.00091553
-0.00061035
-0.00030518
-0.00030518
-0.00030518
-0.00030518
-0.00061035
-0.00030518
 0.00000000
-0.00061035
-0.00061035
-0.00030518
 0.00000000
-0.00030518
-0.00030518
 0.00000000
 0.00000000
-0.00030518
-0.00061035
-0.00030518
-0.00030518
-0.00030518
 0.00030518
 0.00000000
-0.00030518
-0.00030518
 0.00000000
 0.00000000
 0.00000000
-0.00030518
-0.00061035
-0.00061035
-0.00030518
-0.00030518
-0.00061035
-0.00030518
 0.00000000
-0.00030518
-0.00030518
-0.00030518
 0.00000000
 0.00000000
 0.00000000
 0.00000000
 0.00000000
-0.00061035
-0.00091553
-0.00061035
-0.00061035
-0.00061035
-0.00030518
 0.00000000
-0.00030518
-0.00091553
-0.00091553
-0.00061035
 0.00000000
 0.00000000
 0.00000000
-0.00030518
-0.00061035
-0.00061035
-0.00061035
-0.00061035
-0.00061035
-0.00061035
-0.00030518
-0.00030518
-0.00030518
-0.00061035
-0.00091553
-0.00030518
 0.00000000
 0.00000000
-0.00030518
-0.00030518
-0.00061035
-0.00061035
-0.00030518
 0.00000000
-0.00030518
-0.00030518
-0.00030518
-0.00030518
-0.00061035
-0.00030518
 0.00000000
 0.00000000
 0.00000000
 0.00000000
-0.00030518
 0.00000000
-0.00030518
-0.00030518
 0.00000000
 0.00030518
 0.00030518
-0.00061035
-0.00091553
-0.00030518
-0.00030518
-0.00030518
-0.00061035
-0.00061035
-0.00030518
-0.00061035
-0.00030518
-0.00030518
-0.00030518
-0.00030518
-0.00030518
-0.00030518
-0.00061035
-0.00061035
-0.00030518
-0.00030518
-0.00061035
-0.00030518
 0.00000000
 0.00000000
 0.00000000
-0.00030518
-0.00030518
-0.00030518
-0.00030518
 0.00000000
-0.00030518
-0.00061035
-0.00091553
-0.00061035
-0.00061035
-0.00061035
-0.00091553
-0.00091553
-0.00061035
 0.00000000
 0.00000000
 0.00000000
-0.00061035
-0.00091553
-0.00061035
-0.00030518
-0.00030518
-0.00030518
-0.00030518
-0.00061035
-0.00061035
-0.00061035
-0.00061035
-0.00061035
-0.00030518
 0.00030518
 0.00000000
 0.00000000
 0.00000000
-0.00030518
-0.00030518
 0.00000000
 0.00030518
 0.00000000
 0.00000000
-0.00030518
-0.00061035
-0.00061035
-0.00061035
-0.00030518
-0.00061035
-0.00091553
-0.00091553
-0.00030518
 0.00000000
 0.00000000
-0.00030518
-0.00061035
-0.00091553
-0.00061035
-0.00030518
 0.00000000
-0.00030518
-0.00061035
-0.00061035
-0.00061035
-0.00091553
-0.00091553
-0.00061035
-0.00061035
-0.00061035
-0.00030518
-0.00030518
-0.00030518
-0.00061035
-0.00030518
-0.00030518
-0.00030518
-0.00061035
-0.00061035
-0.00061035
-0.00030518
-0.00030518
-0.00061035
-0.00061035
-0.00061035
-0.00030518
-0.00030518
-0.00061035
-0.00061035
-0.00030518
-0.00030518
-0.00061035
-0.00030518
-0.00030518
-0.00030518
-0.00030518
-0.00030518
-0.00030518
-0.00030518
-0.00030518
-0.00030518
-0.00030518
 0.00000000
-0.00030518
-0.00061035
-0.00061035
-0.00030518
-0.00030518
-0.00030518
 0.00000000
-0.00030518
-0.00030518
-0.00030518
-0.00030518
-0.00030518
-0.00061035
-0.00061035
-0.00030518
 0.00000000
 0.00030518
 0.00000000
-0.00030518
-0.00030518
-0.00030518
 0.00000000
 0.00030518
 0.00030518
-0.00030518
-0.00030518
-0.00030518
-0.00030518
-0.00030518
 0.00000000
 0.00030518
 0.00000000
-0.00061035
-0.00061035
 0.00000000
 0.00000000
 0.00000000
 0.00000000
 0.00000000
 0.00030518
-0.00030518
-0.00061035
-0.00061035
-0.00061035
-0.00061035
-0.00091553
-0.00091553
-0.00061035
-0.00061035
-0.00061035
-0.00030518
-0.00030518
 0.00000000
 0.00030518
 0.00000000
-0.00061035
-0.00091553
-0.00091553
-0.00091553
-0.00061035
-0.00061035
-0.00061035
-0.00122070
-0.00091553
-0.00061035
-0.00030518
 0.00000000
 0.00000000
-0.00030518
-0.00030518
-0.00030518
 0.00000000
 0.00000000
-0.00030518
-0.00091553
-0.00122070
-0.00091553
-0.00061035
-0.00030518
-0.00061035
-0.00122070
-0.00152588
-0.00091553
-0.00030518
 0.00000000
-0.00030518
-0.00061035
-0.00091553
-0.00091553
-0.00061035
-0.00061035
-0.00061035
-0.00030518
-0.00061035
-0.00091553
-0.00091553
-0.00091553
-0.00061035
-0.00030518
-0.00030518
-0.00030518
-0.00061035
-0.00061035
-0.00061035
-0.00122070
-0.00091553
-0.00091553
-0.00030518
-0.00061035
-0.00122070
-0.00091553
-0.00061035
-0.00030518
 0.00000000
 0.00000000
-0.00030518
-0.00061035
-0.00061035
-0.00030518
 0.00000000
 0.00000000
-0.00061035
-0.00152588
-0.00152588
-0.00091553
-0.00091553
-0.00091553
-0.00091553
-0.00091553
-0.00091553
-0.00091553
-0.00061035
-0.00061035
-0.00091553
-0.00091553
