-0.00061035
-0.00061035
 0.00000000
-0.00030518
-0.00061035
-0.00091553
-0.00091553
-0.00030518
 0.00000000
 0.00000000
-0.00030518
-0.00061035
-0.00030518
-0.00061035
-0.00061035
-0.00030518
-0.00030518
-0.00061035
-0.00122070
-0.00061035
 0.00000000
-0.00030518
 0.00000000
-0.00030518
-0.00061035
-0.00030518
-0.00030518
-0.00030518
-0.00061035
-0.00061035
-0.00030518
-0.00030518
 0.00000000
-0.00030518
-0.00061035
-0.00030518
 0.00000000
 0.00000000
 0.00000000
 0.00000000
 0.00000000
-0.00030518
-0.00061035
-0.00061035
-0.00061035
-0.00030518
-0.00030518
-0.00030518
-0.00030518
-0.00061035
-0.00061035
-0.00030518
 0.00000000
-0.00030518
-0.00030518
-0.00061035
-0.00061035
-0.00061035
-0.00030518
-0.00030518
-0.00030518
-0.00030518
 0.00000000
 0.00000000
 0.00000000
-0.00030518
-0.00061035
-0.00061035
-0.00061035
-0.00030518
 0.00000000
 0.00000000
 0.00030518
 0.00000000
 0.00000000
-0.00030518
-0.00030518
-0.00030518
 0.00000000
 0.00030518
 0.00030518
 0.00061035
 0.00061035
 0.00061035
 0.00030518
 0.00000000
 0.00030518
 0.00000000
 0.00000000
-0.00030518
 0.00000000
 0.00030518
 0.00030518
 0.00091553
 0.00183105
 0.00457764
 0.01159668
 0.02502441
 0.04486084
 0.06683350
 0.07934570
 0.05645752
-0.03326416
-0.19134521
-0.36926270
-0.53741455
-0.61065674
-0.53863525
-0.32714844
-0.04943848
 0.27313232
 0.51849365
 0.55450439
 0.50048828
 0.44921875
 0.39703369
 0.28839111
 0.14129639
-0.00671387
-0.17700195
-0.34393311
-0.48065186
-0.56152344
-0.57006836
-0.49133301
-0.32775879
-0.10589600
 0.17944336
 0.49011230
 0.66436768
 0.70495605
 0.62438965
 0.46234131
 0.27191162
 0.03692627
-0.15991211
-0.32989502
-0.43701172
-0.46539307
-0.42388916
-0.34790039
-0.28350830
-0.17089844
-0.04058838
 0.09429932
 0.23742676
 0.37506104
 0.49285889
 0.52276611
 0.40618896
 0.19500732
-0.11383057
-0.39886475
-0.53649902
-0.53802490
-0.42022705
-0.26092529
-0.07873535
 0.07873535
 0.19866943
 0.28289795
 0.32440186
 0.36773682
 0.40191650
 0.38208008
 0.26580811
 0.10650635
-0.03204346
-0.16296387
-0.29663086
-0.40252686
-0.44250488
-0.38818359
-0.26611328
-0.07507324
 0.11871338
 0.31158447
 0.36834717
 0.37109375
 0.39794922
 0.41900635
 0.36834717
 0.21240234
 0.04699707
-0.10772705
-0.23529053
-0.31402588
-0.31890869
-0.28594971
-0.22827148
-0.14068604
-0.02990723
 0.08880615
 0.20904541
 0.31188965
 0.36529541
 0.33752441
 0.20263672
 0.00549316
-0.14343262
-0.21087646
-0.22674561
-0.20294189
-0.15472412
-0.09643555
-0.02716064
 0.06164551
 0.16784668
 0.27862549
 0.37628174
 0.42510986
 0.42999268
 0.38543701
 0.30242920
 0.15869141
-0.00518799
-0.17639160
-0.33203125
-0.43029785
-0.46936035
-0.47027588
-0.45684814
-0.43090820
-0.37322998
-0.28564453
-0.17364502
-0.05401611
 0.05554199
 0.13519287
 0.18463135
 0.19012451
 0.12084961
-0.00762939
-0.15838623
-0.31585693
-0.47607422
-0.60699463
-0.67993164
-0.66314697
-0.53283691
-0.30578613
-0.01708984
 0.35522461
 0.64727783
 0.80322266
 0.82122803
 0.72143555
 0.53466797
 0.28869629
 0.00061035
-0.27648926
-0.51330566
-0.66223145
-0.69793701
-0.61553955
-0.42419434
-0.17700195
 0.16601563
 0.55694580
 0.85510254
 1.03210449
 1.03790283
 0.87463379
 0.57373047
 0.20141602
-0.21148682
-0.58013916
-0.85845947
-1.01074219
-1.02691650
-0.91949463
-0.70922852
-0.40496826
-0.04730225
 0.35644531
 0.70556641
 0.91949463
 0.95489502
 0.81817627
 0.56610107
 0.27984619
-0.03997803
-0.33538818
-0.58807373
-0.77148438
-0.86975098
-0.86547852
-0.75012207
-0.53039551
-0.26397705
 0.01953125
 0.33691406
 0.55206299
 0.65032959
 0.64941406
 0.57312012
 0.43029785
 0.23254395
 0.00061035
-0.19714355
-0.36773682
-0.44982910
-0.45166016
-0.37536621
-0.25512695
-0.06164551
 0.15716553
 0.41839600
 0.55084229
 0.58349609
 0.52154541
 0.39825439
 0.25604248
 0.03204346
-0.18310547
-0.38970947
-0.54901123
-0.62652588
-0.61462402
-0.51879883
-0.35797119
-0.17120361
 0.06011963
 0.29754639
 0.46112061
 0.49407959
 0.43762207
 0.34606934
 0.20324707
 0.01251221
-0.15716553
-0.31585693
-0.43914795
-0.49438477
-0.47637939
-0.38787842
-0.27770996
-0.10253906
 0.09796143
 0.32318115
 0.46783447
 0.50964355
 0.45166016
 0.34454346
 0.17761230
-0.02288818
-0.17395020
-0.29327393
-0.36224365
-0.36834717
-0.32318115
-0.24353027
-0.12481689
 0.01342773
 0.15380859
 0.28320313
 0.37384033
 0.39916992
 0.36437988
 0.29052734
 0.13854980
-0.02197266
-0.15869141
-0.27496338
-0.35217285
-0.35949707
-0.31433105
-0.23010254
-0.10437012
 0.04150391
 0.18554688
 0.31890869
 0.38543701
 0.40161133
 0.37597656
 0.32409668
 0.22918701
 0.12268066
 0.01403809
-0.09674072
-0.19104004
-0.25268555
-0.27130127
-0.24414063
-0.17272949
-0.06408691
 0.06622314
 0.19836426
 0.32348633
 0.38543701
 0.39367676
 0.35949707
 0.30883789
 0.21423340
 0.12695313
 0.04302979
-0.03967285
-0.10986328
-0.15777588
-0.17547607
-0.15869141
-0.10955811
-0.03417969
 0.05523682
 0.14312744
 0.21240234
 0.24841309
 0.22674561
 0.13549805
 0.01708984
-0.08331299
-0.16479492
-0.23223877
-0.28015137
-0.30548096
-0.31066895
-0.29663086
-0.26885986
-0.22979736
-0.17944336
-0.11901855
-0.05035400
 0.02014160
 0.08209229
 0.12329102
 0.12176514
 0.06439209
-0.01403809
-0.07629395
-0.12023926
-0.14526367
-0.14373779
-0.11810303
-0.07598877
-0.02655029
 0.02166748
 0.05950928
 0.07568359
 0.06958008
 0.06622314
 0.08087158
 0.10589600
 0.13092041
 0.14526367
 0.13946533
 0.11718750
 0.09155273
 0.07354736
 0.06652832
 0.06896973
 0.07537842
 0.08117676
 0.07934570
 0.06286621
 0.03143311
-0.00885010
-0.04760742
-0.07568359
-0.08789063
-0.08300781
-0.06378174
-0.03570557
-0.00610352
 0.01647949
 0.02441406
 0.01586914
 0.00061035
-0.01434326
-0.03021240
-0.05035400
-0.07812500
-0.11199951
-0.15106201
-0.19042969
-0.22247314
-0.23925781
-0.23681641
-0.21362305
-0.17272949
-0.11932373
-0.06195068
-0.01129150
 0.02075195
 0.01556396
-0.02563477
-0.06744385
-0.08880615
-0.09460449
-0.08819580
-0.07019043
-0.04425049
-0.01525879
 0.01251221
 0.03753662
 0.06134033
 0.08728027
 0.11718750
 0.14831543
 0.17425537
 0.18493652
 0.17303467
 0.14404297
 0.10986328
 0.07995605
 0.05950928
 0.05279541
 0.06042480
 0.07934570
 0.10375977
 0.12573242
 0.13763428
 0.13671875
 0.12847900
 0.12176514
 0.12084961
 0.12268066
 0.12359619
 0.11901855
 0.10406494
 0.07720947
 0.04302979
 0.00640869
-0.02563477
-0.04821777
-0.05706787
-0.05310059
-0.04150391
-0.02929688
-0.02502441
-0.03356934
-0.05065918
-0.06683350
-0.07568359
-0.07629395
-0.06866455
-0.05401611
-0.03570557
-0.01708984
-0.00396729
 0.00152588
 0.00122070
-0.00030518
 0.00030518
 0.00457764
 0.01007080
 0.01373291
 0.01251221
 0.00579834
-0.00427246
-0.01495361
-0.02288818
-0.02532959
-0.02014160
-0.00610352
 0.01373291
 0.03540039
 0.05432129
 0.06835938
 0.07751465
 0.08483887
 0.09246826
 0.10223389
 0.11383057
 0.12634277
 0.13702393
 0.14190674
 0.13641357
 0.11932373
 0.09460449
 0.06744385
 0.04272461
 0.02288818
 0.00885010
-0.00244141
-0.01312256
-0.02563477
-0.04150391
-0.05920410
-0.07568359
-0.08758545
-0.09246826
-0.08972168
-0.08026123
-0.06866455
-0.05950928
-0.05645752
-0.06164551
-0.07110596
-0.07995605
-0.08575439
-0.08758545
-0.08636475
-0.08514404
-0.08697510
-0.09429932
-0.10833740
-0.12542725
-0.14160156
-0.15289307
-0.15777588
-0.15747070
-0.15441895
-0.15228271
-0.15350342
-0.15777588
-0.16113281
-0.16082764
-0.15441895
-0.14099121
-0.12115479
-0.09857178
-0.07781982
-0.06439209
-0.06256104
-0.07110596
-0.08453369
-0.09643555
-0.10192871
-0.10040283
-0.09216309
-0.07965088
-0.06591797
-0.05279541
-0.04028320
-0.02593994
-0.00732422
 0.01586914
 0.04241943
 0.06927490
 0.09063721
 0.10070801
 0.09613037
 0.07904053
 0.05554199
 0.03173828
 0.01159668
-0.00274658
-0.00854492
-0.00518799
 0.00671387
 0.02349854
 0.04089355
 0.05584717
 0.06805420
 0.07751465
 0.08544922
 0.09155273
 0.09368896
 0.08850098
 0.07415771
 0.05065918
 0.02258301
-0.00457764
-0.02471924
-0.03387451
-0.03204346
-0.02014160
-0.00213623
 0.01647949
 0.02929688
 0.03265381
 0.02655029
 0.01495361
 0.00274658
-0.00762939
-0.01373291
-0.01678467
-0.01770020
-0.01739502
-0.01617432
-0.01373291
-0.00762939
 0.00427246
 0.02380371
 0.05096436
 0.08148193
 0.11047363
 0.13092041
 0.13549805
 0.12390137
 0.10223389
 0.07812500
 0.05645752
 0.04150391
 0.03601074
 0.03997803
 0.05249023
 0.07049561
 0.09033203
 0.11016846
 0.12817383
 0.14465332
 0.15991211
 0.17272949
 0.17944336
 0.17669678
 0.16082764
 0.13153076
 0.09246826
 0.05096436
 0.01556396
-0.00823975
-0.01617432
-0.00823975
 0.01251221
 0.04180908
 0.07385254
 0.10101318
 0.11749268
 0.12145996
 0.11688232
 0.10925293
 0.09887695
 0.08483887
 0.06500244
 0.03967285
 0.01129150
-0.01678467
-0.03967285
-0.05310059
-0.05432129
-0.04364014
-0.02349854
 0.00122070
 0.02502441
 0.04150391
 0.04486084
 0.03540039
 0.01861572
 0.00000000
-0.01770020
-0.03234863
-0.04394531
-0.05218506
-0.05737305
-0.06072998
-0.06317139
-0.06286621
-0.05737305
-0.04608154
-0.02960205
-0.01159668
 0.00335693
 0.01007080
 0.00457764
-0.01159668
-0.03448486
-0.05889893
-0.08056641
-0.09643555
-0.10314941
-0.10162354
-0.09277344
-0.07965088
-0.06530762
-0.05187988
-0.04180908
-0.03295898
-0.02380371
-0.01464844
-0.00640869
-0.00213623
-0.00396729
-0.01281738
-0.02838135
-0.04608154
-0.06103516
-0.06958008
-0.06958008
-0.06103516
-0.04425049
-0.02349854
-0.00274658
 0.01281738
 0.02014160
 0.01922607
 0.01251221
 0.00366211
-0.00732422
-0.01983643
-0.03387451
-0.04943848
-0.06622314
-0.08209229
-0.09460449
-0.10192871
-0.10162354
-0.09307861
-0.07720947
-0.05676270
-0.03631592
-0.02136230
-0.01586914
-0.02136230
-0.03387451
-0.04821777
-0.06042480
-0.06774902
-0.07019043
-0.06835938
-0.06408691
-0.05798340
-0.05157471
-0.04486084
-0.03723145
-0.02685547
-0.01464844
-0.00061035
 0.01129150
 0.01922607
 0.02166748
 0.01953125
 0.01342773
 0.00640869
 0.00122070
 0.00030518
 0.00549316
 0.01647949
 0.03234863
 0.05004883
 0.06500244
 0.07476807
 0.07781982
 0.07568359
 0.07080078
 0.06530762
 0.05889893
 0.05187988
 0.04302979
 0.03234863
 0.02014160
 0.00793457
-0.00274658
-0.00854492
-0.00854492
-0.00274658
 0.00823975
 0.02258301
 0.03662109
 0.04547119
 0.04699707
 0.04241943
 0.03387451
 0.02441406
 0.01556396
 0.00915527
 0.00579834
 0.00488281
 0.00610352
 0.00823975
 0.01190186
 0.01678467
 0.02380371
 0.03204346
 0.04180908
 0.05187988
 0.05950928
 0.06256104
 0.05889893
 0.04943848
 0.03692627
 0.02349854
 0.01312256
 0.00762939
 0.00671387
 0.01068115
 0.01800537
 0.02746582
 0.03631592
 0.04333496
 0.04760742
 0.05004883
 0.05096436
 0.05035400
 0.04852295
 0.04577637
 0.04119873
 0.03387451
 0.02380371
 0.01190186
-0.00030518
-0.01007080
-0.01708984
-0.01983643
-0.01983643
-0.01983643
-0.02227783
-0.02777100
-0.03540039
-0.04333496
-0.05035400
-0.05523682
-0.05706787
-0.05615234
-0.05279541
-0.04730225
-0.04150391
-0.03479004
-0.02746582
-0.01953125
-0.01068115
-0.00122070
 0.00793457
 0.01617432
 0.02227783
 0.02593994
 0.02685547
 0.02441406
 0.02014160
 0.01525879
 0.01190186
 0.01129150
 0.01281738
 0.01434326
 0.01373291
 0.01068115
 0.00396729
-0.00549316
-0.01586914
-0.02563477
-0.03417969
-0.04119873
-0.04547119
-0.04821777
-0.05126953
-0.05432129
-0.05676270
-0.05767822
-0.05676270
-0.05462646
-0.05157471
-0.04882813
-0.04669189
-0.04638672
-0.04852295
-0.05218506
-0.05676270
-0.06164551
-0.06530762
-0.06683350
-0.06561279
-0.06256104
-0.05859375
-0.05493164
-0.05218506
-0.04974365
-0.04669189
-0.04180908
-0.03540039
-0.02777100
-0.01983643
-0.01220703
-0.00671387
-0.00305176
-0.00030518
 0.00213623
 0.00518799
 0.00946045
 0.01434326
 0.01983643
 0.02532959
 0.03051758
 0.03417969
 0.03570557
 0.03540039
 0.03356934
 0.03112793
 0.02929688
 0.02777100
 0.02624512
 0.02441406
 0.02166748
 0.01800537
 0.01434326
 0.01068115
 0.00762939
 0.00610352
 0.00732422
 0.00946045
 0.01251221
 0.01556396
 0.01708984
 0.01739502
 0.01739502
 0.01861572
 0.02166748
 0.02655029
 0.03234863
 0.03814697
 0.04394531
 0.04821777
 0.05035400
 0.04974365
 0.04791260
 0.04547119
 0.04302979
 0.04058838
 0.03784180
 0.03417969
 0.02960205
 0.02471924
 0.01983643
 0.01556396
 0.01190186
 0.00976563
 0.00915527
 0.01007080
 0.01129150
 0.01098633
 0.00885010
 0.00457764
-0.00122070
-0.00701904
-0.01190186
-0.01495361
-0.01647949
-0.01647949
-0.01556396
-0.01373291
-0.01220703
-0.01129150
-0.01037598
-0.00946045
-0.00915527
-0.00915527
-0.00976563
-0.01068115
-0.01312256
-0.01739502
-0.02288818
-0.02929688
-0.03509521
-0.03906250
-0.04028320
-0.03845215
-0.03570557
-0.03234863
-0.02929688
-0.02777100
-0.02716064
-0.02685547
-0.02624512
-0.02502441
-0.02288818
-0.02166748
-0.02197266
-0.02380371
-0.02716064
-0.03112793
-0.03448486
-0.03601074
-0.03570557
-0.03326416
-0.02899170
-0.02441406
-0.02044678
-0.01831055
-0.01831055
-0.01983643
-0.02227783
-0.02380371
-0.02441406
-0.02410889
-0.02258301
-0.02044678
-0.01770020
-0.01403809
-0.00976563
-0.00518799
-0.00030518
 0.00518799
 0.01159668
 0.01831055
 0.02410889
 0.02746582
 0.02777100
 0.02502441
 0.02014160
 0.01556396
 0.01220703
 0.01037598
 0.01098633
 0.01312256
 0.01556396
 0.01739502
 0.01892090
 0.01922607
 0.01953125
 0.02014160
 0.02258301
 0.02685547
 0.03143311
 0.03601074
 0.04028320
 0.04364014
 0.04638672
 0.04882813
 0.05126953
 0.05554199
 0.06195068
 0.06958008
 0.07751465
 0.08331299
 0.08636475
 0.08666992
 0.08514404
 0.08239746
 0.07904053
 0.07568359
 0.07232666
 0.06927490
 0.06591797
 0.06164551
 0.05706787
 0.05279541
 0.04882813
 0.04638672
 0.04425049
 0.04394531
 0.04455566
 0.04516602
 0.04455566
 0.04180908
 0.03723145
 0.03082275
 0.02349854
 0.01678467
 0.01068115
 0.00640869
 0.00335693
 0.00122070
-0.00061035
-0.00244141
-0.00488281
-0.00701904
-0.00885010
-0.00976563
-0.00885010
-0.00793457
-0.00732422
-0.00732422
-0.00793457
-0.00976563
-0.01159668
-0.01312256
-0.01373291
-0.01159668
-0.00732422
-0.00091553
 0.00579834
 0.01159668
 0.01586914
 0.01922607
 0.02136230
 0.02319336
 0.02380371
 0.02319336
 0.02227783
 0.02166748
 0.02136230
 0.02075195
 0.01892090
 0.01678467
 0.01586914
 0.01739502
 0.02105713
 0.02532959
 0.03051758
 0.03509521
 0.03814697
 0.03967285
 0.03784180
 0.03356934
 0.02746582
 0.02136230
 0.01556396
 0.01068115
 0.00610352
 0.00244141
-0.00030518
-0.00244141
-0.00366211
-0.00488281
-0.00488281
-0.00427246
-0.00305176
-0.00213623
-0.00274658
-0.00579834
-0.01068115
-0.01678467
-0.02319336
-0.02899170
-0.03295898
-0.03417969
-0.03356934
-0.03173828
-0.02960205
-0.02746582
-0.02685547
-0.02716064
-0.02929688
-0.03234863
-0.03662109
-0.04150391
-0.04699707
-0.05157471
-0.05584717
-0.05981445
-0.06286621
-0.06439209
-0.06408691
-0.06164551
-0.05828857
-0.05371094
-0.04913330
-0.04669189
-0.04638672
-0.04913330
-0.05371094
-0.05981445
-0.06561279
-0.06988525
-0.07263184
-0.07415771
-0.07415771
-0.07324219
-0.07202148
-0.07019043
-0.06835938
-0.06561279
-0.06225586
-0.05920410
-0.05706787
-0.05584717
-0.05554199
-0.05615234
-0.05645752
-0.05584717
-0.05401611
-0.05065918
-0.04516602
-0.03845215
-0.03051758
-0.02288818
-0.01556396
-0.00946045
-0.00518799
-0.00213623
-0.00061035
-0.00091553
-0.00274658
-0.00610352
-0.00976563
-0.01373291
-0.01739502
-0.02075195
-0.02319336
-0.02410889
-0.02410889
-0.02258301
-0.01983643
-0.01678467
-0.01434326
-0.01342773
-0.01403809
-0.01617432
-0.01953125
-0.02319336
-0.02716064
-0.03051758
-0.03295898
-0.03448486
-0.03479004
-0.03356934
-0.03143311
-0.02777100
-0.02258301
-0.01678467
-0.01068115
-0.00457764
 0.00061035
 0.00396729
 0.00610352
 0.00671387
 0.00671387
 0.00640869
 0.00640869
 0.00701904
 0.00854492
 0.01068115
 0.01373291
 0.01770020
 0.02319336
 0.02899170
 0.03509521
 0.04180908
 0.04760742
 0.05218506
 0.05523682
 0.05706787
 0.05798340
 0.05737305
 0.05676270
 0.05615234
 0.05554199
 0.05523682
 0.05523682
 0.05584717
 0.05584717
 0.05554199
 0.05462646
 0.05340576
 0.05157471
 0.04821777
 0.04364014
 0.03753662
 0.03112793
 0.02502441
 0.02014160
 0.01556396
 0.01251221
 0.01037598
 0.01007080
 0.01098633
 0.01190186
 0.01251221
 0.01281738
 0.01220703
 0.01068115
 0.00946045
 0.00762939
 0.00457764
 0.00152588
-0.00152588
-0.00457764
-0.00640869
-0.00793457
-0.00885010
-0.00915527
-0.00854492
-0.00762939
-0.00640869
-0.00518799
-0.00427246
-0.00335693
-0.00274658
-0.00244141
-0.00152588
 0.00000000
 0.00213623
 0.00488281
 0.00793457
 0.01159668
 0.01556396
 0.01983643
 0.02380371
 0.02746582
 0.03082275
 0.03417969
 0.03814697
 0.04150391
 0.04394531
 0.04638672
 0.04730225
 0.04730225
 0.04638672
 0.04516602
 0.04333496
 0.04089355
 0.03723145
 0.03387451
 0.02990723
 0.02532959
 0.02044678
 0.01617432
 0.01251221
 0.00946045
 0.00701904
 0.00549316
 0.00457764
 0.00457764
 0.00427246
 0.00335693
 0.00244141
 0.00061035
-0.00274658
-0.00640869
-0.00976563
-0.01312256
-0.01556396
-0.01708984
-0.01800537
-0.01800537
-0.01739502
-0.01678467
-0.01556396
-0.01403809
-0.01190186
-0.00915527
-0.00671387
-0.00427246
-0.00213623
-0.00091553
-0.00030518
 0.00000000
 0.00030518
 0.00152588
 0.00427246
 0.00793457
 0.01220703
 0.01678467
 0.02105713
 0.02502441
 0.02838135
 0.03112793
 0.03295898
 0.03326416
 0.03295898
 0.03234863
 0.03082275
 0.02807617
 0.02441406
 0.02075195
 0.01708984
 0.01403809
 0.01159668
 0.01068115
 0.01037598
 0.01098633
 0.01190186
 0.01281738
 0.01312256
 0.01281738
 0.01190186
 0.01129150
 0.01098633
 0.01129150
 0.01220703
 0.01342773
 0.01495361
 0.01586914
 0.01708984
 0.01770020
 0.01770020
 0.01678467
 0.01586914
 0.01464844
 0.01342773
 0.01129150
 0.00854492
 0.00518799
 0.00122070
-0.00274658
-0.00640869
-0.00946045
-0.01098633
-0.01190186
-0.01159668
-0.01068115
-0.00946045
-0.00823975
-0.00732422
-0.00610352
-0.00488281
-0.00396729
-0.00335693
-0.00335693
-0.00396729
-0.00579834
-0.00854492
-0.01159668
-0.01464844
-0.01800537
-0.02044678
-0.02166748
-0.02166748
-0.02136230
-0.02044678
-0.01983643
-0.01953125
-0.02014160
-0.02166748
-0.02319336
-0.02532959
-0.02716064
-0.02899170
-0.03051758
-0.03143311
-0.03143311
-0.03021240
-0.02777100
-0.02410889
-0.01953125
-0.01464844
-0.01007080
-0.00488281
-0.00030518
 0.00244141
 0.00305176
 0.00152588
-0.00122070
-0.00488281
-0.00915527
-0.01281738
-0.01556396
-0.01739502
-0.01892090
-0.02014160
-0.02075195
-0.02136230
-0.02197266
-0.02319336
-0.02441406
-0.02655029
-0.02807617
-0.02960205
-0.03143311
-0.03356934
-0.03631592
-0.03936768
-0.04150391
-0.04241943
-0.04150391
-0.03936768
-0.03631592
-0.03295898
-0.02960205
-0.02746582
-0.02655029
-0.02655029
-0.02777100
-0.02990723
-0.03234863
-0.03417969
-0.03540039
-0.03601074
-0.03601074
-0.03570557
-0.03448486
-0.03234863
-0.02899170
-0.02441406
-0.01892090
-0.01373291
-0.00946045
-0.00671387
-0.00549316
-0.00518799
-0.00579834
-0.00732422
-0.00885010
-0.00976563
-0.01007080
-0.01068115
-0.01098633
-0.01068115
-0.00946045
-0.00793457
-0.00701904
-0.00671387
-0.00610352
-0.00518799
-0.00396729
-0.00305176
-0.00335693
-0.00427246
-0.00671387
-0.00946045
-0.01220703
-0.01403809
-0.01495361
-0.01495361
-0.01434326
-0.01312256
-0.01159668
-0.01007080
-0.00823975
-0.00640869
-0.00427246
-0.00244141
-0.00122070
-0.00061035
-0.00061035
-0.00183105
-0.00366211
-0.00610352
-0.00885010
-0.01159668
-0.01342773
-0.01373291
-0.01220703
-0.01007080
-0.00823975
-0.00610352
-0.00366211
-0.00122070
 0.00091553
 0.00244141
 0.00457764
 0.00640869
 0.00793457
 0.00885010
 0.00976563
 0.01098633
 0.01190186
 0.01281738
 0.01434326
 0.01708984
 0.02044678
 0.02349854
 0.02716064
 0.03082275
 0.03356934
 0.03509521
 0.03570557
 0.03631592
 0.03723145
 0.03784180
 0.03875732
 0.04089355
 0.04302979
 0.04547119
 0.04821777
 0.05096436
 0.05371094
 0.05676270
 0.05920410
 0.06134033
 0.06317139
 0.06439209
 0.06561279
 0.06622314
 0.06591797
 0.06469727
 0.06286621
 0.06042480
 0.05859375
 0.05737305
 0.05554199
 0.05340576
 0.05096436
 0.04852295
 0.04516602
 0.04119873
 0.03692627
 0.03295898
 0.02929688
 0.02532959
 0.02166748
 0.01892090
 0.01617432
 0.01403809
 0.01220703
 0.01068115
 0.00976563
 0.00946045
 0.00885010
 0.00823975
 0.00793457
 0.00732422
 0.00671387
 0.00549316
 0.00366211
 0.00152588
-0.00030518
-0.00183105
-0.00305176
-0.00335693
-0.00335693
-0.00305176
-0.00274658
-0.00244141
-0.00213623
-0.00152588
-0.00091553
-0.00030518
 0.00030518
 0.00122070
 0.00122070
 0.00030518
-0.00122070
-0.00183105
-0.00274658
-0.00366211
-0.00488281
-0.00579834
-0.00610352
-0.00579834
-0.00610352
-0.00701904
-0.00885010
-0.01037598
-0.01220703
-0.01434326
-0.01678467
-0.01922607
-0.02197266
-0.02471924
-0.02716064
-0.02899170
-0.02990723
-0.02990723
-0.02899170
-0.02807617
-0.02746582
-0.02746582
-0.02746582
-0.02777100
-0.02777100
-0.02838135
-0.02929688
-0.03082275
-0.03234863
-0.03417969
-0.03540039
-0.03570557
-0.03570557
-0.03601074
-0.03601074
-0.03509521
-0.03356934
-0.03204346
-0.03112793
-0.03021240
-0.02960205
-0.02868652
-0.02746582
-0.02655029
-0.02532959
-0.02410889
-0.02288818
-0.02105713
-0.01892090
-0.01647949
-0.01403809
-0.01190186
-0.00976563
-0.00762939
-0.00488281
-0.00244141
-0.00030518
 0.00152588
 0.00274658
 0.00305176
 0.00366211
 0.00366211
 0.00396729
 0.00488281
 0.00518799
 0.00640869
 0.00701904
 0.00793457
 0.00946045
 0.01129150
 0.01251221
 0.01342773
 0.01434326
 0.01495361
 0.01495361
 0.01525879
 0.01434326
 0.01281738
 0.01068115
 0.00915527
 0.00823975
 0.00823975
 0.00885010
 0.00946045
 0.01037598
 0.01098633
 0.01190186
 0.01281738
 0.01281738
 0.01190186
 0.00976563
 0.00762939
 0.00549316
 0.00335693
 0.00091553
-0.00122070
-0.00274658
-0.00366211
-0.00335693
-0.00213623
-0.00030518
 0.00183105
 0.00427246
 0.00640869
 0.00793457
 0.00885010
 0.00915527
 0.00885010
 0.00823975
 0.00823975
 0.00793457
 0.00762939
 0.00701904
 0.00610352
 0.00518799
 0.00457764
 0.00427246
 0.00335693
 0.00335693
 0.00366211
 0.00427246
 0.00457764
 0.00457764
 0.00427246
 0.00335693
 0.00274658
 0.00183105
 0.00183105
 0.00183105
 0.00213623
 0.00274658
 0.00335693
 0.00427246
 0.00549316
 0.00701904
 0.00823975
 0.00946045
 0.01007080
 0.01068115
 0.01068115
 0.01098633
 0.01129150
 0.01098633
 0.01007080
 0.00885010
 0.00732422
 0.00610352
 0.00457764
 0.00335693
 0.00213623
 0.00091553
-0.00061035
-0.00213623
-0.00305176
-0.00335693
-0.00396729
-0.00457764
-0.00518799
-0.00549316
-0.00579834
-0.00610352
-0.00671387
-0.00762939
-0.00823975
-0.00854492
-0.00885010
-0.00885010
-0.00854492
-0.00823975
-0.00823975
-0.00793457
-0.00762939
-0.00732422
-0.00793457
-0.00854492
-0.00976563
-0.01098633
-0.01251221
-0.01464844
-0.01708984
-0.01861572
-0.01953125
-0.01983643
-0.01953125
-0.01892090
-0.01861572
-0.01800537
-0.01770020
-0.01708984
-0.01678467
-0.01617432
-0.01495361
-0.01342773
-0.01251221
-0.01159668
-0.01129150
-0.01098633
-0.01098633
-0.01068115
-0.01007080
-0.00946045
-0.00946045
-0.01037598
-0.01159668
-0.01251221
-0.01251221
-0.01312256
-0.01403809
-0.01403809
-0.01312256
-0.01190186
-0.01037598
-0.00915527
-0.00823975
-0.00793457
-0.00732422
-0.00732422
-0.00701904
-0.00671387
-0.00640869
-0.00579834
-0.00427246
-0.00274658
-0.00122070
 0.00000000
 0.00061035
 0.00152588
 0.00213623
 0.00244141
 0.00244141
 0.00213623
 0.00183105
 0.00122070
 0.00061035
 0.00122070
 0.00152588
 0.00213623
 0.00366211
 0.00610352
 0.00854492
 0.01129150
 0.01403809
 0.01617432
 0.01831055
 0.01953125
 0.02044678
 0.02136230
 0.02197266
 0.02258301
 0.02349854
 0.02471924
 0.02593994
 0.02685547
 0.02807617
 0.02929688
 0.03021240
 0.03051758
 0.03112793
 0.03143311
 0.03082275
 0.02929688
 0.02655029
 0.02319336
 0.02014160
 0.01708984
 0.01464844
 0.01251221
 0.01129150
 0.01098633
 0.01068115
 0.01068115
 0.01098633
 0.01190186
 0.01281738
 0.01342773
 0.01403809
 0.01495361
 0.01586914
 0.01586914
 0.01525879
 0.01403809
 0.01251221
 0.01068115
 0.00915527
 0.00732422
 0.00610352
 0.00457764
 0.00396729
 0.00335693
 0.00244141
 0.00122070
-0.00061035
-0.00213623
-0.00396729
-0.00640869
-0.00885010
-0.01098633
-0.01190186
-0.01312256
-0.01403809
-0.01434326
-0.01373291
-0.01251221
-0.01068115
-0.00885010
-0.00732422
-0.00610352
-0.00579834
-0.00640869
-0.00793457
-0.01037598
-0.01312256
-0.01617432
-0.01983643
-0.02288818
-0.02532959
-0.02685547
-0.02807617
-0.02777100
-0.02746582
-0.02716064
-0.02624512
-0.02532959
-0.02410889
-0.02319336
-0.02258301
-0.02227783
-0.02288818
-0.02380371
-0.02380371
-0.02349854
-0.02258301
-0.02136230
-0.02014160
-0.01861572
-0.01678467
-0.01525879
-0.01464844
-0.01434326
-0.01464844
-0.01586914
-0.01770020
-0.01983643
-0.02288818
-0.02532959
-0.02746582
-0.02899170
-0.03051758
-0.03143311
-0.03112793
-0.02960205
-0.02777100
-0.02655029
-0.02471924
-0.02197266
-0.01922607
-0.01708984
-0.01586914
-0.01403809
-0.01251221
-0.01037598
-0.00885010
-0.00732422
-0.00549316
-0.00305176
-0.00091553
 0.00091553
 0.00213623
 0.00335693
 0.00427246
 0.00518799
 0.00610352
 0.00732422
 0.00823975
 0.00915527
 0.00915527
 0.00946045
 0.01037598
 0.01129150
 0.01220703
 0.01373291
 0.01586914
 0.01770020
 0.01922607
 0.02075195
 0.02258301
 0.02441406
 0.02563477
 0.02593994
 0.02624512
 0.02685547
 0.02746582
 0.02777100
 0.02624512
 0.02410889
 0.02227783
 0.02044678
 0.01800537
 0.01586914
 0.01464844
 0.01342773
 0.01251221
 0.01190186
 0.01190186
 0.01190186
 0.01190186
 0.01159668
 0.01098633
 0.01068115
 0.01068115
 0.01068115
 0.01037598
 0.01007080
 0.00976563
 0.00946045
 0.00976563
 0.01129150
 0.01312256
 0.01495361
 0.01708984
 0.01953125
 0.02136230
 0.02227783
 0.02258301
 0.02166748
 0.02044678
 0.01861572
 0.01678467
 0.01556396
 0.01403809
 0.01220703
 0.01037598
 0.00915527
 0.00854492
 0.00854492
 0.00885010
 0.01037598
 0.01190186
 0.01312256
 0.01434326
 0.01495361
 0.01556396
 0.01647949
 0.01708984
 0.01708984
 0.01678467
 0.01647949
 0.01586914
 0.01464844
 0.01312256
 0.01190186
 0.01068115
 0.00946045
 0.00793457
 0.00671387
 0.00518799
 0.00366211
 0.00274658
 0.00183105
 0.00091553
 0.00000000
-0.00061035
-0.00061035
-0.00091553
-0.00091553
-0.00122070
-0.00152588
-0.00091553
-0.00030518
 0.00000000
 0.00000000
 0.00061035
 0.00091553
 0.00152588
 0.00183105
 0.00213623
 0.00183105
 0.00091553
 0.00000000
-0.00091553
-0.00244141
-0.00396729
-0.00579834
-0.00793457
-0.01037598
-0.01251221
-0.01342773
-0.01403809
-0.01434326
-0.01495361
-0.01495361
-0.01434326
-0.01403809
-0.01373291
-0.01312256
-0.01281738
-0.01220703
-0.01190186
-0.01190186
-0.01129150
-0.01129150
-0.01098633
-0.01129150
-0.01190186
-0.01220703
-0.01251221
-0.01281738
-0.01342773
-0.01464844
-0.01556396
-0.01739502
-0.01953125
-0.02136230
-0.02227783
-0.02288818
-0.02319336
-0.02380371
-0.02441406
-0.02410889
-0.02349854
-0.02288818
-0.02227783
-0.02166748
-0.02105713
-0.01983643
-0.01861572
-0.01708984
-0.01556396
-0.01373291
-0.01251221
-0.01190186
-0.01159668
-0.01220703
-0.01251221
-0.01251221
-0.01220703
-0.01220703
-0.01220703
-0.01220703
-0.01129150
-0.01007080
-0.00915527
-0.00793457
-0.00671387
-0.00549316
-0.00366211
-0.00213623
-0.00061035
 0.00030518
 0.00091553
 0.00122070
 0.00183105
 0.00213623
 0.00274658
 0.00335693
 0.00427246
 0.00610352
 0.00732422
 0.00854492
 0.00915527
 0.00946045
 0.00976563
 0.01007080
 0.01007080
 0.00946045
 0.00854492
 0.00823975
 0.00793457
 0.00762939
 0.00671387
 0.00579834
 0.00549316
 0.00518799
 0.00549316
 0.00640869
 0.00762939
 0.00762939
 0.00793457
 0.00823975
 0.00854492
 0.00885010
 0.00946045
 0.00946045
 0.00976563
 0.00946045
 0.00915527
 0.00885010
 0.00823975
 0.00762939
 0.00732422
 0.00671387
 0.00640869
 0.00640869
 0.00640869
 0.00610352
 0.00549316
 0.00457764
 0.00305176
 0.00122070
-0.00091553
-0.00244141
-0.00396729
-0.00549316
-0.00762939
-0.00885010
-0.00946045
-0.01007080
-0.01068115
-0.01037598
-0.00946045
-0.00885010
-0.00854492
-0.00793457
-0.00732422
-0.00671387
-0.00610352
-0.00671387
-0.00793457
-0.00915527
-0.01037598
-0.01098633
-0.01129150
-0.01129150
-0.01159668
-0.01220703
-0.01220703
-0.01220703
-0.01251221
-0.01251221
-0.01190186
-0.01068115
-0.00976563
-0.00946045
-0.00885010
-0.00823975
-0.00762939
-0.00701904
-0.00671387
-0.00579834
-0.00457764
-0.00366211
-0.00305176
-0.00244141
-0.00213623
-0.00244141
-0.00274658
-0.00305176
-0.00366211
-0.00427246
-0.00488281
-0.00579834
-0.00640869
-0.00701904
-0.00701904
-0.00640869
-0.00579834
-0.00457764
-0.00366211
-0.00274658
-0.00183105
-0.00152588
-0.00183105
-0.00244141
-0.00274658
-0.00366211
-0.00457764
-0.00488281
-0.00488281
-0.00457764
-0.00396729
-0.00305176
-0.00152588
-0.00030518
 0.00122070
 0.00274658
 0.00366211
 0.00488281
 0.00579834
 0.00640869
 0.00701904
 0.00671387
 0.00579834
 0.00488281
 0.00457764
 0.00427246
 0.00427246
 0.00518799
 0.00701904
 0.00885010
 0.01068115
 0.01251221
 0.01464844
 0.01617432
 0.01708984
 0.01739502
 0.01708984
 0.01617432
 0.01495361
 0.01403809
 0.01342773
 0.01251221
 0.01190186
 0.01129150
 0.01220703
 0.01373291
 0.01464844
 0.01586914
 0.01647949
 0.01708984
 0.01708984
 0.01647949
 0.01556396
 0.01464844
 0.01342773
 0.01281738
 0.01220703
 0.01129150
 0.01068115
 0.01007080
 0.00976563
 0.00976563
 0.01037598
 0.01098633
 0.01129150
 0.01129150
 0.01098633
 0.01068115
 0.01007080
 0.00915527
 0.00854492
 0.00823975
 0.00793457
 0.00854492
 0.00976563
 0.01129150
 0.01251221
 0.01373291
 0.01464844
 0.01495361
 0.01495361
 0.01464844
 0.01403809
 0.01312256
 0.01220703
 0.01129150
 0.01037598
 0.01037598
 0.01037598
 0.01129150
 0.01281738
 0.01464844
 0.01678467
 0.01770020
 0.01800537
 0.01800537
 0.01831055
 0.01800537
 0.01708984
 0.01586914
 0.01464844
 0.01342773
 0.01312256
 0.01342773
 0.01403809
 0.01525879
 0.01556396
 0.01617432
 0.01617432
 0.01586914
 0.01495361
 0.01312256
 0.01129150
 0.00915527
 0.00671387
 0.00396729
 0.00152588
-0.00030518
-0.00244141
-0.00396729
-0.00549316
-0.00640869
-0.00701904
-0.00793457
-0.00885010
-0.01007080
-0.01098633
-0.01159668
-0.01251221
-0.01373291
-0.01464844
-0.01525879
-0.01617432
-0.01739502
-0.01861572
-0.02014160
-0.02105713
-0.02197266
-0.02258301
-0.02319336
-0.02380371
-0.02441406
-0.02441406
-0.02471924
-0.02502441
-0.02502441
-0.02532959
-0.02532959
-0.02563477
-0.02593994
-0.02593994
-0.02563477
-0.02532959
-0.02502441
-0.02471924
-0.02441406
-0.02380371
-0.02258301
-0.02105713
-0.02014160
-0.01953125
-0.01922607
-0.01922607
-0.01922607
-0.01983643
-0.02075195
-0.02136230
-0.02197266
-0.02288818
-0.02410889
-0.02563477
-0.02685547
-0.02746582
-0.02807617
-0.02838135
-0.02899170
-0.02960205
-0.03021240
-0.03021240
-0.02990723
-0.02929688
-0.02838135
-0.02685547
-0.02593994
-0.02532959
-0.02441406
-0.02288818
-0.02136230
-0.02014160
-0.01953125
-0.01922607
-0.01861572
-0.01800537
-0.01739502
-0.01708984
-0.01678467
-0.01586914
-0.01495361
-0.01373291
-0.01251221
-0.01098633
-0.00915527
-0.00762939
-0.00671387
-0.00640869
-0.00579834
-0.00488281
-0.00335693
-0.00213623
-0.00183105
-0.00122070
-0.00030518
 0.00091553
 0.00274658
 0.00457764
 0.00671387
 0.00854492
 0.01068115
 0.01220703
 0.01403809
 0.01495361
 0.01464844
 0.01342773
 0.01312256
 0.01251221
 0.01220703
 0.01190186
 0.01098633
 0.01068115
 0.01098633
 0.01220703
 0.01312256
 0.01464844
 0.01556396
 0.01647949
 0.01678467
 0.01739502
 0.01800537
 0.01831055
 0.01800537
 0.01800537
 0.01800537
 0.01800537
 0.01770020
 0.01831055
 0.01922607
 0.02014160
 0.02136230
 0.02166748
 0.02105713
 0.02044678
 0.01983643
 0.01922607
 0.01892090
 0.01800537
 0.01739502
 0.01678467
 0.01617432
 0.01525879
 0.01434326
 0.01403809
 0.01403809
 0.01464844
 0.01464844
 0.01495361
 0.01495361
 0.01464844
 0.01464844
 0.01525879
 0.01617432
 0.01678467
 0.01739502
 0.01770020
 0.01831055
 0.01861572
 0.01861572
 0.01861572
 0.01831055
 0.01770020
 0.01708984
 0.01617432
 0.01525879
 0.01434326
 0.01312256
 0.01220703
 0.01159668
 0.01129150
 0.01129150
 0.01129150
 0.01098633
 0.01068115
 0.01068115
 0.01007080
 0.00885010
 0.00823975
 0.00823975
 0.00793457
 0.00732422
 0.00671387
 0.00640869
 0.00640869
 0.00640869
 0.00671387
 0.00701904
 0.00671387
 0.00701904
 0.00671387
 0.00579834
 0.00457764
 0.00274658
 0.00091553
-0.00061035
-0.00274658
-0.00427246
-0.00549316
-0.00640869
-0.00732422
-0.00762939
-0.00732422
-0.00701904
-0.00640869
-0.00610352
-0.00640869
-0.00671387
-0.00671387
-0.00671387
-0.00671387
-0.00732422
-0.00762939
-0.00823975
-0.00854492
-0.00793457
-0.00793457
-0.00823975
-0.00823975
-0.00823975
-0.00823975
-0.00823975
-0.00885010
-0.00976563
-0.01068115
-0.01190186
-0.01281738
-0.01342773
-0.01281738
-0.01251221
-0.01190186
-0.01129150
-0.01068115
-0.01007080
-0.00885010
-0.00854492
-0.00823975
-0.00793457
-0.00762939
-0.00762939
-0.00823975
-0.00885010
-0.00915527
-0.00915527
-0.00885010
-0.00854492
-0.00823975
-0.00793457
-0.00793457
-0.00854492
-0.00915527
-0.01007080
-0.01129150
-0.01312256
-0.01525879
-0.01678467
-0.01800537
-0.01892090
-0.01922607
-0.01892090
-0.01831055
-0.01708984
-0.01647949
-0.01586914
-0.01464844
-0.01373291
-0.01251221
-0.01190186
-0.01281738
-0.01403809
-0.01464844
-0.01525879
-0.01556396
-0.01556396
-0.01556396
-0.01525879
-0.01464844
-0.01403809
-0.01281738
-0.01190186
-0.01159668
-0.01129150
-0.01098633
-0.01007080
-0.00946045
-0.00946045
-0.00915527
-0.00854492
-0.00732422
-0.00610352
-0.00457764
-0.00274658
-0.00061035
 0.00122070
 0.00305176
 0.00488281
 0.00640869
 0.00732422
 0.00823975
 0.00823975
 0.00793457
 0.00762939
 0.00762939
 0.00732422
 0.00701904
 0.00640869
 0.00610352
 0.00579834
 0.00579834
 0.00579834
 0.00579834
 0.00549316
 0.00549316
 0.00518799
 0.00518799
 0.00488281
 0.00457764
 0.00396729
 0.00274658
 0.00274658
 0.00305176
 0.00366211
 0.00396729
 0.00335693
 0.00335693
 0.00427246
 0.00488281
 0.00518799
 0.00579834
 0.00640869
 0.00701904
 0.00732422
 0.00732422
 0.00671387
 0.00610352
 0.00549316
 0.00488281
 0.00457764
 0.00396729
 0.00427246
 0.00457764
 0.00457764
 0.00488281
 0.00579834
 0.00640869
 0.00701904
 0.00793457
 0.00823975
 0.00854492
 0.00885010
 0.00854492
 0.00885010
 0.00885010
 0.00915527
 0.00915527
 0.00885010
 0.00854492
 0.00854492
 0.00823975
 0.00823975
 0.00823975
 0.00762939
 0.00701904
 0.00640869
 0.00579834
 0.00488281
 0.00305176
 0.00213623
 0.00122070
 0.00000000
-0.00091553
-0.00152588
-0.00213623
-0.00244141
-0.00213623
-0.00183105
-0.00122070
-0.00061035
 0.00030518
 0.00122070
 0.00122070
 0.00061035
 0.00000000
-0.00061035
-0.00183105
-0.00274658
-0.00366211
-0.00427246
-0.00457764
-0.00488281
-0.00457764
-0.00396729
-0.00305176
-0.00274658
-0.00213623
-0.00152588
-0.00091553
-0.00091553
-0.00091553
-0.00091553
-0.00091553
-0.00091553
-0.00091553
-0.00091553
 0.00000000
 0.00152588
 0.00335693
 0.00549316
 0.00823975
 0.01068115
 0.01281738
 0.01434326
 0.01495361
 0.01525879
 0.01495361
 0.01464844
 0.01434326
 0.01342773
 0.01251221
 0.01159668
 0.01129150
 0.01098633
 0.01129150
 0.01220703
 0.01342773
 0.01403809
 0.01464844
 0.01495361
 0.01495361
 0.01434326
 0.01342773
 0.01220703
 0.01098633
 0.00946045
 0.00854492
 0.00793457
 0.00793457
 0.00854492
 0.00976563
 0.01098633
 0.01159668
 0.01220703
 0.01251221
 0.01190186
 0.01098633
 0.00885010
 0.00671387
 0.00488281
 0.00274658
 0.00030518
-0.00152588
-0.00305176
-0.00427246
-0.00457764
-0.00457764
-0.00427246
-0.00335693
-0.00213623
-0.00152588
-0.00122070
-0.00122070
-0.00152588
-0.00213623
-0.00274658
-0.00335693
-0.00457764
-0.00579834
-0.00701904
-0.00823975
-0.00885010
-0.00885010
-0.00885010
-0.00946045
-0.00976563
-0.00976563
-0.00946045
-0.00976563
-0.01037598
-0.01098633
-0.01281738
-0.01495361
-0.01708984
-0.01861572
-0.01953125
-0.02014160
-0.02105713
-0.02166748
-0.02136230
-0.02105713
-0.02044678
-0.02014160
-0.01953125
-0.01922607
-0.01892090
-0.01922607
-0.01892090
-0.01892090
-0.01953125
-0.01983643
-0.02014160
-0.02075195
-0.02105713
-0.02075195
-0.02014160
-0.01953125
-0.01922607
-0.01922607
-0.01953125
-0.01922607
-0.01953125
-0.01953125
-0.01983643
-0.01983643
-0.01922607
-0.01861572
-0.01770020
-0.01617432
-0.01464844
-0.01312256
-0.01129150
-0.00946045
-0.00793457
-0.00671387
-0.00640869
-0.00579834
-0.00549316
-0.00579834
-0.00671387
-0.00732422
-0.00732422
-0.00701904
-0.00701904
-0.00732422
-0.00701904
-0.00610352
-0.00457764
-0.00335693
-0.00244141
-0.00244141
-0.00274658
-0.00244141
-0.00152588
-0.00091553
-0.00030518
 0.00030518
 0.00122070
 0.00183105
 0.00244141
 0.00305176
 0.00457764
 0.00610352
 0.00701904
 0.00701904
 0.00732422
 0.00701904
 0.00671387
 0.00640869
 0.00610352
 0.00610352
 0.00579834
 0.00579834
 0.00610352
 0.00701904
 0.00701904
 0.00732422
 0.00762939
 0.00823975
 0.00885010
 0.00854492
 0.00854492
 0.00823975
 0.00793457
 0.00732422
 0.00701904
 0.00640869
 0.00671387
 0.00701904
 0.00762939
 0.00793457
 0.00793457
 0.00823975
 0.00854492
 0.00854492
 0.00885010
 0.00915527
 0.00885010
 0.00823975
 0.00762939
 0.00762939
 0.00823975
 0.00823975
 0.00823975
 0.00793457
 0.00762939
 0.00732422
 0.00762939
 0.00793457
 0.00823975
 0.00823975
 0.00823975
 0.00854492
 0.00915527
 0.00915527
 0.00976563
 0.01037598
 0.01129150
 0.01159668
 0.01159668
 0.01159668
 0.01190186
 0.01251221
 0.01251221
 0.01159668
 0.01098633
 0.01037598
 0.01007080
 0.01007080
 0.01007080
 0.01007080
 0.01037598
 0.01037598
 0.01068115
 0.01098633
 0.01098633
 0.01037598
 0.01037598
 0.01037598
 0.01007080
 0.01007080
 0.01007080
 0.00946045
 0.00854492
 0.00823975
 0.00793457
 0.00793457
 0.00823975
 0.00823975
 0.00823975
 0.00793457
 0.00762939
 0.00701904
 0.00640869
 0.00579834
 0.00488281
 0.00366211
 0.00244141
 0.00152588
 0.00091553
 0.00030518
-0.00061035
-0.00091553
-0.00152588
-0.00183105
-0.00244141
-0.00213623
-0.00152588
-0.00152588
-0.00122070
-0.00061035
 0.00000000
 0.00030518
 0.00061035
 0.00061035
 0.00030518
-0.00030518
-0.00091553
-0.00213623
-0.00244141
-0.00335693
-0.00427246
-0.00396729
-0.00366211
-0.00305176
-0.00244141
-0.00122070
-0.00030518
 0.00030518
 0.00091553
 0.00122070
 0.00122070
 0.00030518
-0.00091553
-0.00244141
-0.00335693
-0.00427246
-0.00518799
-0.00610352
-0.00671387
-0.00732422
-0.00701904
-0.00610352
-0.00488281
-0.00366211
-0.00305176
-0.00366211
-0.00488281
-0.00549316
-0.00610352
-0.00762939
-0.00946045
-0.01129150
-0.01281738
-0.01403809
-0.01434326
-0.01403809
-0.01281738
-0.01098633
-0.00915527
-0.00793457
-0.00610352
-0.00427246
-0.00335693
-0.00274658
-0.00274658
-0.00305176
-0.00366211
-0.00427246
-0.00488281
-0.00518799
-0.00518799
-0.00396729
-0.00305176
-0.00152588
-0.00030518
 0.00091553
 0.00213623
 0.00366211
 0.00457764
 0.00488281
 0.00457764
 0.00457764
 0.00488281
 0.00488281
 0.00457764
 0.00427246
 0.00427246
 0.00427246
 0.00427246
 0.00457764
 0.00457764
 0.00488281
 0.00549316
 0.00640869
 0.00640869
 0.00640869
 0.00640869
 0.00640869
 0.00640869
 0.00549316
 0.00549316
 0.00518799
 0.00457764
 0.00396729
 0.00396729
 0.00396729
 0.00396729
 0.00366211
 0.00366211
 0.00366211
 0.00366211
 0.00335693
 0.00305176
 0.00305176
 0.00305176
 0.00335693
 0.00335693
 0.00274658
 0.00244141
 0.00213623
 0.00183105
 0.00183105
 0.00091553
 0.00030518
-0.00030518
-0.00091553
-0.00122070
-0.00152588
-0.00183105
-0.00213623
-0.00213623
-0.00213623
-0.00244141
-0.00305176
-0.00335693
-0.00396729
-0.00457764
-0.00488281
-0.00518799
-0.00549316
-0.00579834
-0.00640869
-0.00640869
-0.00671387
-0.00701904
-0.00732422
-0.00732422
-0.00793457
-0.00915527
-0.01068115
-0.01159668
-0.01251221
-0.01373291
-0.01495361
-0.01617432
-0.01647949
-0.01678467
-0.01678467
-0.01647949
-0.01647949
-0.01647949
-0.01647949
-0.01556396
-0.01464844
-0.01434326
-0.01373291
-0.01403809
-0.01464844
-0.01525879
-0.01617432
-0.01739502
-0.01831055
-0.01892090
-0.01861572
-0.01861572
-0.01892090
-0.01953125
-0.01983643
-0.01953125
-0.01892090
-0.01861572
-0.01831055
-0.01770020
-0.01678467
-0.01617432
-0.01586914
-0.01556396
-0.01556396
-0.01525879
-0.01464844
-0.01342773
-0.01281738
-0.01220703
-0.01129150
-0.01037598
-0.00946045
-0.00854492
-0.00854492
-0.00854492
-0.00793457
-0.00732422
-0.00671387
-0.00610352
-0.00579834
-0.00518799
-0.00457764
-0.00396729
-0.00366211
-0.00305176
-0.00274658
-0.00213623
-0.00152588
-0.00122070
 0.00000000
 0.00061035
 0.00091553
 0.00091553
 0.00091553
 0.00122070
 0.00244141
 0.00366211
 0.00427246
 0.00427246
 0.00457764
 0.00457764
 0.00518799
 0.00610352
 0.00640869
 0.00671387
 0.00732422
 0.00793457
 0.00885010
 0.00915527
 0.00915527
 0.00946045
 0.00946045
 0.00976563
 0.00946045
 0.00915527
 0.00915527
 0.00976563
 0.01037598
 0.01129150
 0.01220703
 0.01281738
 0.01373291
 0.01434326
 0.01525879
 0.01678467
 0.01770020
 0.01861572
 0.01892090
 0.01861572
 0.01831055
 0.01770020
 0.01678467
 0.01556396
 0.01495361
 0.01495361
 0.01495361
 0.01525879
 0.01617432
 0.01678467
 0.01739502
 0.01800537
 0.01831055
 0.01861572
 0.01861572
 0.01861572
 0.01800537
 0.01708984
 0.01586914
 0.01495361
 0.01464844
 0.01464844
 0.01495361
 0.01556396
 0.01678467
 0.01800537
 0.01953125
 0.02075195
 0.02136230
 0.02136230
 0.02136230
 0.02105713
 0.01983643
 0.01831055
 0.01739502
 0.01617432
 0.01525879
 0.01464844
 0.01434326
 0.01434326
 0.01495361
 0.01586914
 0.01647949
 0.01739502
 0.01739502
 0.01739502
 0.01708984
 0.01617432
 0.01525879
 0.01434326
 0.01251221
 0.01098633
 0.00976563
 0.00915527
 0.00885010
 0.00915527
 0.00915527
 0.00946045
 0.01007080
 0.01007080
 0.00976563
 0.00946045
 0.00885010
 0.00762939
 0.00640869
 0.00488281
 0.00366211
 0.00213623
 0.00030518
-0.00091553
-0.00183105
-0.00213623
-0.00183105
-0.00183105
-0.00152588
-0.00152588
-0.00152588
-0.00152588
-0.00183105
-0.00244141
-0.00305176
-0.00335693
-0.00457764
-0.00518799
-0.00579834
-0.00671387
-0.00701904
-0.00732422
-0.00762939
-0.00823975
-0.00854492
-0.00885010
-0.00854492
-0.00854492
-0.00915527
-0.00976563
-0.01098633
-0.01190186
-0.01281738
-0.01403809
-0.01495361
-0.01556396
-0.01617432
-0.01586914
-0.01525879
-0.01464844
-0.01464844
-0.01403809
-0.01342773
-0.01281738
-0.01251221
-0.01220703
-0.01281738
-0.01403809
-0.01464844
-0.01525879
-0.01586914
-0.01678467
-0.01708984
-0.01770020
-0.01770020
-0.01739502
-0.01739502
-0.01739502
-0.01647949
-0.01556396
-0.01525879
-0.01495361
-0.01464844
-0.01403809
-0.01373291
-0.01373291
-0.01281738
-0.01190186
-0.01098633
-0.01007080
-0.00915527
-0.00854492
-0.00793457
-0.00701904
-0.00640869
-0.00610352
-0.00549316
-0.00488281
-0.00457764
-0.00457764
-0.00396729
-0.00335693
-0.00274658
-0.00305176
-0.00335693
-0.00366211
-0.00335693
-0.00305176
-0.00213623
-0.00183105
-0.00152588
-0.00152588
-0.00183105
-0.00244141
-0.00213623
-0.00152588
-0.00122070
-0.00061035
-0.00030518
 0.00000000
 0.00030518
 0.00061035
 0.00061035
 0.00061035
 0.00061035
 0.00061035
 0.00061035
 0.00000000
 0.00000000
-0.00061035
-0.00091553
-0.00122070
-0.00152588
-0.00183105
-0.00183105
-0.00213623
-0.00244141
-0.00274658
-0.00305176
-0.00305176
-0.00274658
-0.00213623
-0.00183105
-0.00183105
-0.00183105
-0.00152588
-0.00091553
 0.00030518
 0.00061035
 0.00091553
 0.00091553
 0.00091553
 0.00061035
 0.00030518
 0.00000000
 0.00000000
 0.00000000
-0.00030518
 0.00030518
 0.00091553
 0.00091553
 0.00030518
 0.00000000
-0.00030518
-0.00091553
-0.00152588
-0.00213623
-0.00213623
-0.00213623
-0.00244141
-0.00244141
-0.00183105
-0.00122070
-0.00061035
 0.00030518
 0.00091553
 0.00122070
 0.00122070
 0.00122070
 0.00061035
-0.00030518
-0.00122070
-0.00213623
-0.00274658
-0.00335693
-0.00396729
-0.00457764
-0.00457764
-0.00427246
-0.00366211
-0.00305176
-0.00274658
-0.00244141
-0.00213623
-0.00183105
-0.00183105
-0.00152588
-0.00152588
-0.00152588
-0.00122070
-0.00061035
-0.00030518
 0.00000000
 0.00000000
 0.00061035
 0.00122070
 0.00152588
 0.00183105
 0.00213623
 0.00305176
 0.00366211
 0.00366211
 0.00396729
 0.00396729
 0.00366211
 0.00366211
 0.00396729
 0.00366211
 0.00366211
 0.00366211
 0.00396729
 0.00427246
 0.00427246
 0.00488281
 0.00518799
 0.00549316
 0.00549316
 0.00549316
 0.00610352
 0.00671387
 0.00671387
 0.00701904
 0.00701904
 0.00640869
 0.00549316
 0.00488281
 0.00427246
 0.00427246
 0.00457764
 0.00518799
 0.00549316
 0.00549316
 0.00549316
 0.00549316
 0.00579834
 0.00671387
 0.00732422
 0.00732422
 0.00671387
 0.00640869
 0.00610352
 0.00610352
 0.00549316
 0.00488281
 0.00488281
 0.00518799
 0.00579834
 0.00640869
 0.00732422
 0.00823975
 0.00915527
 0.00976563
 0.01007080
 0.01037598
 0.01037598
 0.01037598
 0.01007080
 0.00976563
 0.00854492
 0.00793457
 0.00732422
 0.00701904
 0.00671387
 0.00701904
 0.00793457
 0.00823975
 0.00915527
 0.00976563
 0.01007080
 0.00976563
 0.00946045
 0.00915527
 0.00885010
 0.00854492
 0.00823975
 0.00793457
 0.00762939
 0.00823975
 0.00885010
 0.00885010
 0.00854492
 0.00885010
 0.00915527
 0.00915527
 0.00915527
 0.00854492
 0.00793457
 0.00732422
 0.00701904
 0.00610352
 0.00488281
 0.00427246
 0.00427246
 0.00396729
 0.00396729
 0.00427246
 0.00427246
 0.00427246
 0.00457764
 0.00488281
 0.00488281
 0.00488281
 0.00457764
 0.00396729
 0.00335693
 0.00305176
 0.00244141
 0.00213623
 0.00213623
 0.00213623
 0.00183105
 0.00122070
 0.00091553
 0.00091553
 0.00061035
 0.00061035
 0.00000000
-0.00091553
-0.00183105
-0.00274658
-0.00335693
-0.00396729
-0.00396729
-0.00457764
-0.00549316
-0.00610352
-0.00640869
-0.00671387
-0.00701904
-0.00701904
-0.00732422
-0.00762939
-0.00793457
-0.00793457
-0.00762939
-0.00793457
-0.00793457
-0.00823975
-0.00885010
-0.00946045
-0.01037598
-0.01098633
-0.01220703
-0.01251221
-0.01281738
-0.01281738
-0.01281738
-0.01281738
-0.01251221
-0.01220703
-0.01190186
-0.01159668
-0.01129150
-0.01129150
-0.01159668
-0.01220703
-0.01251221
-0.01342773
-0.01403809
-0.01464844
-0.01464844
-0.01434326
-0.01373291
-0.01342773
-0.01251221
-0.01129150
-0.01007080
-0.00885010
-0.00854492
-0.00915527
-0.00976563
-0.01007080
-0.01007080
-0.01129150
-0.01281738
-0.01373291
-0.01403809
-0.01342773
-0.01281738
-0.01190186
-0.01068115
-0.00946045
-0.00823975
-0.00762939
-0.00732422
-0.00671387
-0.00640869
-0.00671387
-0.00732422
-0.00793457
-0.00854492
-0.00854492
-0.00854492
-0.00854492
-0.00823975
-0.00701904
-0.00518799
-0.00366211
-0.00183105
-0.00030518
 0.00122070
 0.00213623
 0.00274658
 0.00335693
 0.00305176
 0.00213623
 0.00152588
 0.00030518
-0.00030518
-0.00030518
-0.00061035
 0.00000000
 0.00122070
 0.00274658
 0.00457764
 0.00640869
 0.00854492
 0.01007080
 0.01098633
 0.01159668
 0.01190186
 0.01190186
 0.01129150
 0.01068115
 0.00976563
 0.00885010
 0.00823975
 0.00823975
 0.00885010
 0.00946045
 0.01037598
 0.01098633
 0.01129150
 0.01190186
 0.01251221
 0.01281738
 0.01312256
 0.01281738
 0.01190186
 0.01068115
 0.00976563
 0.00915527
 0.00854492
 0.00823975
 0.00793457
 0.00823975
 0.00885010
 0.00915527
 0.00946045
 0.00976563
 0.00976563
 0.00946045
 0.00854492
 0.00823975
 0.00823975
 0.00762939
 0.00701904
 0.00579834
 0.00518799
 0.00549316
 0.00549316
 0.00549316
 0.00579834
 0.00579834
 0.00671387
 0.00732422
 0.00732422
 0.00701904
 0.00640869
 0.00579834
 0.00488281
 0.00396729
 0.00335693
 0.00305176
 0.00305176
 0.00274658
 0.00244141
 0.00244141
 0.00244141
 0.00244141
 0.00213623
 0.00213623
 0.00213623
 0.00183105
 0.00122070
 0.00030518
-0.00091553
-0.00183105
-0.00244141
-0.00305176
-0.00366211
-0.00427246
-0.00457764
-0.00457764
-0.00457764
-0.00488281
-0.00488281
-0.00488281
-0.00549316
-0.00579834
-0.00579834
-0.00640869
-0.00701904
-0.00732422
-0.00732422
-0.00762939
-0.00762939
-0.00793457
-0.00732422
-0.00671387
-0.00640869
-0.00610352
-0.00640869
-0.00610352
-0.00549316
-0.00549316
-0.00549316
-0.00579834
-0.00579834
-0.00579834
-0.00610352
-0.00640869
-0.00701904
-0.00701904
-0.00671387
-0.00640869
-0.00579834
-0.00579834
-0.00610352
-0.00549316
-0.00488281
-0.00427246
-0.00396729
-0.00427246
-0.00427246
-0.00396729
-0.00396729
-0.00427246
-0.00457764
-0.00488281
-0.00518799
-0.00518799
-0.00457764
-0.00366211
-0.00335693
-0.00305176
-0.00244141
-0.00183105
-0.00183105
-0.00183105
-0.00213623
-0.00213623
-0.00213623
-0.00244141
-0.00274658
-0.00274658
-0.00305176
-0.00305176
-0.00305176
-0.00244141
-0.00183105
-0.00122070
-0.00091553
-0.00061035
 0.00000000
 0.00061035
 0.00122070
 0.00122070
 0.00152588
 0.00122070
 0.00152588
 0.00183105
 0.00183105
 0.00183105
 0.00213623
 0.00274658
 0.00335693
 0.00366211
 0.00427246
 0.00427246
 0.00427246
 0.00427246
 0.00396729
 0.00305176
 0.00274658
 0.00305176
 0.00305176
 0.00305176
 0.00366211
 0.00457764
 0.00579834
 0.00610352
 0.00549316
 0.00579834
 0.00671387
 0.00732422
 0.00701904
 0.00640869
 0.00640869
 0.00671387
 0.00671387
 0.00640869
 0.00610352
 0.00579834
 0.00610352
 0.00671387
 0.00793457
 0.00854492
 0.00915527
 0.00854492
 0.00823975
 0.00793457
 0.00793457
 0.00732422
 0.00701904
 0.00640869
 0.00640869
 0.00671387
 0.00732422
 0.00762939
 0.00823975
 0.00823975
 0.00823975
 0.00854492
 0.00885010
 0.00915527
 0.00915527
 0.00915527
 0.00823975
 0.00793457
 0.00762939
 0.00793457
 0.00762939
 0.00762939
 0.00701904
 0.00701904
 0.00701904
 0.00732422
 0.00762939
 0.00671387
 0.00579834
 0.00488281
 0.00457764
 0.00366211
 0.00244141
 0.00183105
 0.00183105
 0.00183105
 0.00183105
 0.00213623
 0.00213623
 0.00183105
 0.00152588
 0.00152588
 0.00122070
 0.00061035
-0.00061035
-0.00152588
-0.00183105
-0.00274658
-0.00396729
-0.00427246
-0.00457764
-0.00457764
-0.00457764
-0.00488281
-0.00549316
-0.00579834
-0.00640869
-0.00701904
-0.00793457
-0.00854492
-0.00885010
-0.00885010
-0.00885010
-0.00854492
-0.00823975
-0.00823975
-0.00793457
-0.00732422
-0.00640869
-0.00610352
-0.00640869
-0.00671387
-0.00671387
-0.00732422
-0.00762939
-0.00885010
-0.00976563
-0.01037598
-0.01068115
-0.01037598
-0.01037598
-0.01007080
-0.00976563
-0.00885010
-0.00762939
-0.00762939
-0.00762939
-0.00762939
-0.00762939
-0.00823975
-0.00823975
-0.00823975
-0.00793457
-0.00823975
-0.00854492
-0.00854492
-0.00793457
-0.00671387
-0.00549316
-0.00457764
-0.00427246
-0.00396729
-0.00335693
-0.00274658
-0.00244141
-0.00244141
-0.00335693
-0.00366211
-0.00396729
-0.00427246
-0.00427246
-0.00396729
-0.00396729
-0.00305176
-0.00213623
-0.00061035
 0.00122070
 0.00244141
 0.00335693
 0.00366211
 0.00396729
 0.00396729
 0.00427246
 0.00427246
 0.00396729
 0.00396729
 0.00396729
 0.00366211
 0.00396729
 0.00457764
 0.00518799
 0.00610352
 0.00701904
 0.00793457
 0.00915527
 0.00946045
 0.00854492
 0.00793457
 0.00762939
 0.00732422
 0.00701904
 0.00671387
 0.00640869
 0.00640869
 0.00671387
 0.00701904
 0.00762939
 0.00854492
 0.00915527
 0.00946045
 0.00946045
 0.00915527
 0.00854492
 0.00793457
 0.00762939
 0.00732422
 0.00671387
 0.00671387
 0.00671387
 0.00701904
 0.00701904
 0.00671387
 0.00701904
 0.00732422
 0.00793457
 0.00793457
 0.00701904
 0.00579834
 0.00579834
 0.00549316
 0.00518799
 0.00457764
 0.00427246
 0.00396729
 0.00366211
 0.00366211
 0.00396729
 0.00427246
 0.00488281
 0.00579834
 0.00579834
 0.00518799
 0.00488281
 0.00457764
 0.00396729
 0.00305176
 0.00244141
 0.00152588
 0.00030518
-0.00061035
-0.00152588
-0.00183105
-0.00183105
-0.00213623
-0.00213623
-0.00244141
-0.00213623
-0.00213623
-0.00213623
-0.00183105
-0.00274658
-0.00366211
-0.00457764
-0.00488281
-0.00549316
-0.00610352
-0.00640869
-0.00671387
-0.00640869
-0.00610352
-0.00610352
-0.00518799
-0.00518799
-0.00518799
-0.00518799
-0.00488281
-0.00549316
-0.00610352
-0.00671387
-0.00732422
-0.00762939
-0.00793457
-0.00793457
-0.00854492
-0.00854492
-0.00793457
-0.00732422
-0.00671387
-0.00610352
-0.00518799
-0.00427246
-0.00396729
-0.00366211
-0.00335693
-0.00396729
-0.00396729
-0.00427246
-0.00488281
-0.00518799
-0.00518799
-0.00488281
-0.00457764
-0.00457764
-0.00457764
-0.00427246
-0.00427246
-0.00396729
-0.00396729
-0.00396729
-0.00396729
-0.00396729
-0.00396729
-0.00427246
-0.00488281
-0.00549316
-0.00488281
-0.00457764
-0.00457764
-0.00427246
-0.00457764
-0.00488281
-0.00488281
-0.00427246
-0.00396729
-0.00366211
-0.00335693
-0.00335693
-0.00335693
-0.00335693
-0.00305176
-0.00274658
-0.00244141
-0.00213623
-0.00183105
-0.00183105
-0.00122070
-0.00122070
-0.00122070
-0.00122070
-0.00152588
-0.00122070
-0.00122070
-0.00122070
-0.00122070
-0.00091553
-0.00061035
-0.00030518
 0.00030518
 0.00091553
 0.00152588
 0.00274658
 0.00366211
 0.00366211
 0.00335693
 0.00335693
 0.00366211
 0.00396729
 0.00396729
 0.00396729
 0.00427246
 0.00396729
 0.00396729
 0.00427246
 0.00457764
 0.00518799
 0.00549316
 0.00579834
 0.00579834
 0.00640869
 0.00640869
 0.00579834
 0.00549316
 0.00549316
 0.00518799
 0.00488281
 0.00457764
 0.00457764
 0.00427246
 0.00427246
 0.00457764
 0.00457764
 0.00427246
 0.00457764
 0.00488281
 0.00518799
 0.00549316
 0.00549316
 0.00518799
 0.00549316
 0.00549316
 0.00549316
 0.00488281
 0.00427246
 0.00396729
 0.00396729
 0.00427246
 0.00427246
 0.00366211
 0.00366211
 0.00427246
 0.00396729
 0.00366211
 0.00335693
 0.00335693
 0.00335693
 0.00335693
 0.00305176
 0.00244141
 0.00244141
 0.00274658
 0.00305176
 0.00305176
 0.00305176
 0.00335693
 0.00366211
 0.00396729
 0.00366211
 0.00396729
 0.00366211
 0.00274658
 0.00122070
 0.00000000
-0.00061035
-0.00122070
-0.00152588
-0.00183105
-0.00213623
-0.00213623
-0.00183105
-0.00152588
-0.00152588
-0.00122070
-0.00061035
-0.00091553
-0.00122070
-0.00152588
-0.00213623
-0.00305176
-0.00396729
-0.00427246
-0.00457764
-0.00488281
-0.00427246
-0.00366211
-0.00335693
-0.00335693
-0.00366211
-0.00366211
-0.00366211
-0.00396729
-0.00396729
-0.00427246
-0.00488281
-0.00549316
-0.00640869
-0.00640869
-0.00610352
-0.00610352
-0.00640869
-0.00610352
-0.00518799
-0.00457764
-0.00396729
-0.00335693
-0.00274658
-0.00274658
-0.00244141
-0.00244141
-0.00244141
-0.00274658
-0.00335693
-0.00366211
-0.00396729
-0.00427246
-0.00366211
-0.00274658
-0.00244141
-0.00213623
-0.00183105
-0.00122070
-0.00091553
-0.00061035
-0.00061035
-0.00030518
 0.00000000
-0.00030518
-0.00061035
-0.00091553
-0.00091553
-0.00030518
 0.00000000
 0.00030518
 0.00091553
 0.00244141
 0.00305176
 0.00366211
 0.00457764
 0.00549316
 0.00640869
 0.00701904
 0.00701904
 0.00671387
 0.00640869
 0.00610352
 0.00579834
 0.00549316
 0.00488281
 0.00457764
 0.00366211
 0.00305176
 0.00305176
 0.00396729
 0.00488281
 0.00610352
 0.00671387
 0.00701904
 0.00793457
 0.00823975
 0.00793457
 0.00732422
 0.00671387
 0.00610352
 0.00518799
 0.00427246
 0.00366211
 0.00305176
 0.00274658
 0.00274658
 0.00274658
 0.00274658
 0.00305176
 0.00427246
 0.00488281
 0.00488281
 0.00457764
 0.00427246
 0.00396729
 0.00366211
 0.00244141
 0.00122070
 0.00030518
 0.00000000
 0.00000000
-0.00030518
-0.00091553
-0.00061035
 0.00030518
 0.00122070
 0.00122070
 0.00122070
 0.00183105
 0.00183105
 0.00122070
 0.00061035
 0.00000000
-0.00061035
-0.00152588
-0.00244141
-0.00274658
-0.00274658
-0.00244141
-0.00213623
-0.00213623
-0.00213623
-0.00183105
-0.00152588
-0.00152588
-0.00152588
-0.00183105
-0.00244141
-0.00335693
-0.00427246
-0.00488281
-0.00579834
-0.00671387
-0.00701904
-0.00701904
-0.00671387
-0.00640869
-0.00640869
-0.00579834
-0.00549316
-0.00549316
-0.00549316
-0.00579834
-0.00640869
-0.00701904
-0.00793457
-0.00854492
-0.00915527
-0.00946045
-0.00976563
-0.00976563
-0.00976563
-0.00915527
-0.00823975
-0.00732422
-0.00671387
-0.00640869
-0.00640869
-0.00610352
-0.00549316
-0.00518799
-0.00579834
-0.00640869
-0.00701904
-0.00762939
-0.00762939
-0.00671387
-0.00610352
-0.00549316
-0.00457764
-0.00396729
-0.00366211
-0.00305176
-0.00274658
-0.00274658
-0.00213623
-0.00213623
-0.00274658
-0.00366211
-0.00396729
-0.00396729
-0.00366211
-0.00305176
-0.00274658
-0.00213623
-0.00183105
-0.00122070
-0.00061035
 0.00000000
 0.00030518
 0.00030518
 0.00030518
 0.00000000
-0.00061035
-0.00122070
-0.00183105
-0.00183105
-0.00183105
-0.00183105
-0.00122070
-0.00030518
 0.00122070
 0.00183105
 0.00244141
 0.00274658
 0.00244141
 0.00183105
 0.00122070
 0.00000000
-0.00061035
-0.00183105
-0.00213623
-0.00183105
-0.00152588
-0.00122070
 0.00000000
 0.00152588
 0.00244141
 0.00335693
 0.00427246
 0.00488281
 0.00549316
 0.00518799
 0.00488281
 0.00396729
 0.00335693
 0.00274658
 0.00305176
 0.00335693
 0.00366211
 0.00366211
 0.00457764
 0.00579834
 0.00701904
 0.00732422
 0.00793457
 0.00854492
 0.00885010
 0.00823975
 0.00793457
 0.00732422
 0.00640869
 0.00579834
 0.00549316
 0.00549316
 0.00549316
 0.00579834
 0.00671387
 0.00762939
 0.00793457
 0.00885010
 0.00946045
 0.00915527
 0.00854492
 0.00793457
 0.00732422
 0.00640869
 0.00579834
 0.00518799
 0.00488281
 0.00488281
 0.00549316
 0.00610352
 0.00640869
 0.00671387
 0.00701904
 0.00762939
 0.00762939
 0.00762939
 0.00732422
 0.00640869
 0.00518799
 0.00457764
 0.00396729
 0.00335693
 0.00305176
 0.00274658
 0.00305176
 0.00335693
 0.00427246
 0.00518799
 0.00610352
 0.00671387
 0.00671387
 0.00640869
 0.00640869
 0.00610352
 0.00518799
 0.00396729
 0.00305176
 0.00244141
 0.00213623
 0.00152588
 0.00122070
 0.00091553
 0.00091553
 0.00122070
 0.00183105
 0.00244141
 0.00213623
 0.00183105
 0.00152588
 0.00091553
-0.00030518
-0.00152588
-0.00244141
-0.00335693
-0.00366211
-0.00366211
-0.00366211
-0.00396729
-0.00366211
-0.00305176
-0.00305176
-0.00305176
-0.00274658
-0.00274658
-0.00335693
-0.00427246
-0.00518799
-0.00610352
-0.00732422
-0.00793457
-0.00885010
-0.00946045
-0.00915527
-0.00854492
-0.00823975
-0.00793457
-0.00732422
-0.00671387
-0.00640869
-0.00640869
-0.00701904
-0.00732422
-0.00762939
-0.00823975
-0.00915527
-0.01007080
-0.01068115
-0.01068115
-0.01068115
-0.01007080
-0.00976563
-0.00885010
-0.00793457
-0.00701904
-0.00671387
-0.00640869
-0.00610352
-0.00640869
-0.00701904
-0.00762939
-0.00823975
-0.00854492
-0.00915527
-0.00946045
-0.00915527
-0.00854492
-0.00793457
-0.00732422
-0.00610352
-0.00457764
-0.00335693
-0.00244141
-0.00183105
-0.00122070
-0.00122070
-0.00183105
-0.00244141
-0.00366211
-0.00427246
-0.00427246
-0.00488281
-0.00457764
-0.00396729
-0.00335693
-0.00213623
-0.00091553
 0.00030518
 0.00091553
 0.00152588
 0.00213623
 0.00213623
 0.00244141
 0.00213623
 0.00183105
 0.00122070
 0.00061035
-0.00030518
-0.00030518
 0.00000000
 0.00061035
 0.00122070
 0.00213623
 0.00305176
 0.00427246
 0.00488281
 0.00457764
 0.00457764
 0.00427246
 0.00396729
 0.00305176
 0.00244141
 0.00213623
 0.00213623
 0.00183105
 0.00152588
 0.00183105
 0.00244141
 0.00305176
 0.00366211
 0.00427246
 0.00457764
 0.00488281
 0.00518799
 0.00549316
 0.00488281
 0.00427246
 0.00366211
 0.00305176
 0.00244141
 0.00152588
 0.00152588
 0.00183105
 0.00152588
 0.00152588
 0.00152588
 0.00213623
 0.00274658
 0.00366211
 0.00396729
 0.00396729
 0.00366211
 0.00335693
 0.00244141
 0.00183105
 0.00152588
 0.00091553
 0.00030518
 0.00000000
 0.00000000
 0.00000000
 0.00030518
 0.00061035
 0.00091553
 0.00122070
 0.00122070
 0.00122070
 0.00091553
 0.00091553
 0.00091553
 0.00030518
-0.00061035
-0.00152588
-0.00152588
-0.00183105
-0.00213623
-0.00244141
-0.00213623
-0.00122070
-0.00030518
-0.00030518
-0.00061035
-0.00061035
-0.00061035
-0.00091553
-0.00183105
-0.00244141
-0.00244141
-0.00274658
-0.00335693
-0.00396729
-0.00457764
-0.00488281
-0.00457764
-0.00366211
-0.00274658
-0.00244141
-0.00213623
-0.00183105
-0.00122070
-0.00091553
-0.00091553
-0.00091553
-0.00152588
-0.00183105
-0.00213623
-0.00213623
-0.00213623
-0.00213623
-0.00213623
-0.00152588
-0.00061035
 0.00030518
 0.00091553
 0.00122070
 0.00152588
 0.00183105
 0.00183105
 0.00183105
 0.00122070
 0.00000000
-0.00091553
-0.00061035
-0.00061035
-0.00091553
-0.00091553
-0.00030518
 0.00030518
 0.00122070
 0.00152588
 0.00213623
 0.00244141
 0.00274658
 0.00305176
 0.00274658
 0.00244141
 0.00183105
 0.00152588
 0.00061035
 0.00000000
-0.00030518
-0.00061035
-0.00091553
-0.00091553
 0.00000000
 0.00091553
 0.00152588
 0.00183105
 0.00183105
 0.00183105
 0.00213623
 0.00244141
 0.00244141
 0.00213623
 0.00213623
 0.00183105
 0.00183105
 0.00183105
 0.00213623
 0.00244141
 0.00244141
 0.00335693
 0.00396729
 0.00427246
 0.00457764
 0.00457764
 0.00488281
 0.00457764
 0.00457764
 0.00396729
 0.00396729
 0.00396729
 0.00366211
 0.00335693
 0.00305176
 0.00305176
 0.00305176
 0.00335693
 0.00305176
 0.00305176
 0.00335693
 0.00305176
 0.00305176
 0.00274658
 0.00274658
 0.00244141
 0.00213623
 0.00213623
 0.00244141
 0.00305176
 0.00305176
 0.00274658
 0.00152588
 0.00091553
 0.00091553
 0.00122070
 0.00030518
-0.00030518
-0.00091553
-0.00091553
-0.00091553
-0.00030518
 0.00030518
 0.00030518
 0.00000000
 0.00030518
 0.00030518
 0.00030518
-0.00030518
-0.00061035
-0.00091553
-0.00122070
-0.00152588
-0.00183105
-0.00183105
-0.00183105
-0.00244141
-0.00274658
-0.00244141
-0.00213623
-0.00213623
-0.00183105
-0.00213623
-0.00213623
-0.00213623
-0.00244141
-0.00274658
-0.00335693
-0.00366211
-0.00396729
-0.00457764
-0.00488281
-0.00488281
-0.00518799
-0.00457764
-0.00427246
-0.00427246
-0.00488281
-0.00457764
-0.00396729
-0.00335693
-0.00366211
-0.00457764
-0.00488281
-0.00518799
-0.00549316
-0.00640869
-0.00671387
-0.00671387
-0.00671387
-0.00732422
-0.00732422
-0.00701904
-0.00671387
-0.00701904
-0.00732422
-0.00762939
-0.00762939
-0.00762939
-0.00793457
-0.00854492
-0.00854492
-0.00885010
-0.00885010
-0.00915527
-0.00854492
-0.00885010
-0.00885010
-0.00885010
-0.00793457
-0.00701904
-0.00671387
-0.00671387
-0.00732422
-0.00732422
-0.00762939
-0.00762939
-0.00762939
-0.00793457
-0.00854492
-0.00885010
-0.00823975
-0.00762939
-0.00732422
-0.00701904
-0.00610352
-0.00518799
-0.00488281
-0.00457764
-0.00427246
-0.00427246
-0.00457764
-0.00457764
-0.00457764
-0.00457764
-0.00488281
-0.00518799
-0.00488281
-0.00427246
-0.00366211
-0.00274658
-0.00183105
-0.00091553
 0.00000000
 0.00030518
 0.00030518
 0.00061035
 0.00061035
 0.00000000
-0.00030518
-0.00030518
-0.00030518
 0.00000000
 0.00000000
 0.00061035
 0.00183105
 0.00244141
 0.00244141
 0.00305176
 0.00396729
 0.00518799
 0.00579834
 0.00579834
 0.00579834
 0.00549316
 0.00549316
 0.00549316
 0.00518799
 0.00518799
 0.00518799
 0.00549316
 0.00610352
 0.00701904
 0.00762939
 0.00823975
 0.00854492
 0.00915527
 0.00976563
 0.01007080
 0.01037598
 0.01007080
 0.00976563
 0.00946045
 0.00946045
 0.00946045
 0.00915527
 0.00915527
 0.00915527
 0.00946045
 0.00946045
 0.01007080
 0.01037598
 0.01068115
 0.01037598
 0.01068115
 0.01037598
 0.01007080
 0.00976563
 0.00976563
 0.00946045
 0.00854492
 0.00793457
 0.00793457
 0.00793457
 0.00823975
 0.00854492
 0.00885010
 0.00885010
 0.00885010
 0.00885010
 0.00885010
 0.00854492
 0.00854492
 0.00823975
 0.00762939
 0.00671387
 0.00640869
 0.00579834
 0.00549316
 0.00549316
 0.00518799
 0.00518799
 0.00518799
 0.00518799
 0.00518799
 0.00518799
 0.00549316
 0.00488281
 0.00427246
 0.00335693
 0.00274658
 0.00213623
 0.00183105
 0.00183105
 0.00152588
 0.00091553
 0.00091553
 0.00030518
-0.00030518
-0.00061035
-0.00122070
-0.00152588
-0.00152588
-0.00152588
-0.00183105
-0.00244141
-0.00305176
-0.00366211
-0.00396729
-0.00396729
-0.00457764
-0.00457764
-0.00457764
-0.00457764
-0.00457764
-0.00427246
-0.00457764
-0.00488281
-0.00488281
-0.00488281
-0.00518799
-0.00518799
-0.00518799
-0.00579834
-0.00610352
-0.00640869
-0.00610352
-0.00610352
-0.00640869
-0.00671387
-0.00640869
-0.00640869
-0.00640869
-0.00640869
-0.00671387
-0.00701904
-0.00701904
-0.00732422
-0.00732422
-0.00732422
-0.00732422
-0.00732422
-0.00701904
-0.00701904
-0.00671387
-0.00640869
-0.00610352
-0.00610352
-0.00610352
-0.00579834
-0.00579834
-0.00610352
-0.00640869
-0.00640869
-0.00640869
-0.00671387
-0.00701904
-0.00701904
-0.00701904
-0.00671387
-0.00640869
-0.00579834
-0.00518799
-0.00457764
-0.00396729
-0.00366211
-0.00396729
-0.00427246
-0.00488281
-0.00457764
-0.00427246
-0.00427246
-0.00457764
-0.00427246
-0.00335693
-0.00305176
-0.00305176
-0.00274658
-0.00244141
-0.00244141
-0.00274658
-0.00244141
-0.00244141
-0.00244141
-0.00244141
-0.00244141
-0.00244141
-0.00244141
-0.00183105
-0.00152588
-0.00122070
-0.00091553
 0.00000000
 0.00030518
 0.00030518
 0.00030518
 0.00030518
 0.00000000
 0.00000000
-0.00030518
 0.00030518
 0.00061035
 0.00030518
 0.00030518
 0.00061035
 0.00091553
 0.00091553
 0.00091553
 0.00122070
 0.00183105
 0.00183105
 0.00152588
 0.00091553
 0.00061035
 0.00030518
 0.00030518
 0.00000000
-0.00030518
-0.00030518
 0.00000000
 0.00061035
 0.00122070
 0.00183105
 0.00183105
 0.00152588
 0.00122070
 0.00091553
 0.00061035
 0.00061035
 0.00061035
 0.00030518
 0.00000000
-0.00030518
 0.00000000
 0.00030518
 0.00061035
 0.00091553
 0.00091553
 0.00122070
 0.00122070
 0.00091553
 0.00091553
 0.00061035
-0.00030518
-0.00061035
-0.00091553
-0.00152588
-0.00183105
-0.00213623
-0.00183105
-0.00152588
-0.00122070
-0.00122070
-0.00091553
-0.00091553
-0.00122070
-0.00122070
-0.00122070
-0.00091553
-0.00091553
-0.00122070
-0.00213623
-0.00244141
-0.00274658
-0.00244141
-0.00244141
-0.00244141
-0.00213623
-0.00213623
-0.00244141
-0.00274658
-0.00274658
-0.00274658
-0.00274658
-0.00305176
-0.00335693
-0.00335693
-0.00335693
-0.00305176
-0.00305176
-0.00335693
-0.00366211
-0.00396729
-0.00366211
-0.00335693
-0.00305176
-0.00305176
-0.00274658
-0.00244141
-0.00213623
-0.00152588
-0.00152588
-0.00183105
-0.00152588
-0.00122070
-0.00122070
-0.00152588
-0.00122070
-0.00122070
-0.00061035
-0.00030518
-0.00030518
-0.00030518
-0.00030518
 0.00000000
 0.00000000
 0.00030518
 0.00091553
 0.00122070
 0.00091553
 0.00091553
 0.00122070
 0.00122070
 0.00091553
 0.00091553
 0.00122070
 0.00183105
 0.00244141
 0.00274658
 0.00244141
 0.00183105
 0.00183105
 0.00152588
 0.00183105
 0.00213623
 0.00183105
 0.00152588
 0.00183105
 0.00244141
 0.00274658
 0.00335693
 0.00335693
 0.00396729
 0.00488281
 0.00518799
 0.00488281
 0.00457764
 0.00457764
 0.00427246
 0.00427246
 0.00488281
 0.00518799
 0.00518799
 0.00518799
 0.00579834
 0.00640869
 0.00732422
 0.00793457
 0.00793457
 0.00793457
 0.00793457
 0.00793457
 0.00762939
 0.00701904
 0.00671387
 0.00640869
 0.00549316
 0.00488281
 0.00457764
 0.00457764
 0.00457764
 0.00549316
 0.00640869
 0.00640869
 0.00640869
 0.00640869
 0.00671387
 0.00701904
 0.00701904
 0.00671387
 0.00610352
 0.00579834
 0.00579834
 0.00579834
 0.00610352
 0.00549316
 0.00488281
 0.00518799
 0.00549316
 0.00579834
 0.00579834
 0.00579834
 0.00549316
 0.00549316
 0.00549316
 0.00518799
 0.00488281
 0.00488281
 0.00488281
 0.00427246
 0.00396729
 0.00335693
 0.00305176
 0.00305176
 0.00274658
 0.00244141
 0.00213623
 0.00183105
 0.00152588
 0.00183105
 0.00183105
 0.00213623
 0.00213623
 0.00122070
 0.00122070
 0.00122070
 0.00152588
 0.00122070
 0.00061035
-0.00030518
-0.00122070
-0.00244141
-0.00305176
-0.00274658
-0.00274658
-0.00274658
-0.00335693
-0.00305176
-0.00305176
-0.00305176
-0.00305176
-0.00305176
-0.00305176
-0.00335693
-0.00335693
-0.00396729
-0.00427246
-0.00488281
-0.00518799
-0.00549316
-0.00518799
-0.00488281
-0.00518799
-0.00549316
-0.00579834
-0.00610352
-0.00640869
-0.00671387
-0.00732422
-0.00793457
-0.00823975
-0.00885010
-0.00915527
-0.00915527
-0.00915527
-0.00885010
-0.00854492
-0.00823975
-0.00823975
-0.00823975
-0.00793457
-0.00823975
-0.00885010
-0.00946045
-0.00976563
-0.00946045
-0.00946045
-0.00976563
-0.01037598
-0.01098633
-0.01068115
-0.01037598
-0.00976563
-0.00915527
-0.00885010
-0.00854492
-0.00854492
-0.00854492
-0.00915527
-0.00915527
-0.00946045
-0.00976563
-0.01007080
-0.01007080
-0.01007080
-0.00946045
-0.00885010
-0.00885010
-0.00854492
-0.00793457
-0.00762939
-0.00762939
-0.00701904
-0.00671387
-0.00671387
-0.00671387
-0.00671387
-0.00640869
-0.00671387
-0.00671387
-0.00640869
-0.00610352
-0.00579834
-0.00549316
-0.00518799
-0.00457764
-0.00488281
-0.00488281
-0.00457764
-0.00457764
-0.00488281
-0.00488281
-0.00366211
-0.00274658
-0.00244141
-0.00183105
-0.00183105
-0.00152588
-0.00122070
-0.00030518
 0.00030518
 0.00030518
 0.00000000
-0.00030518
-0.00030518
 0.00000000
 0.00030518
 0.00030518
 0.00030518
 0.00030518
 0.00091553
 0.00091553
 0.00122070
 0.00122070
 0.00122070
 0.00213623
 0.00244141
 0.00274658
 0.00305176
 0.00335693
 0.00335693
 0.00335693
 0.00396729
 0.00427246
 0.00518799
 0.00579834
 0.00610352
 0.00579834
 0.00518799
 0.00549316
 0.00549316
 0.00518799
 0.00427246
 0.00396729
 0.00366211
 0.00366211
 0.00396729
 0.00457764
 0.00488281
 0.00518799
 0.00549316
 0.00579834
 0.00640869
 0.00701904
 0.00732422
 0.00732422
 0.00732422
 0.00671387
 0.00579834
 0.00518799
 0.00518799
 0.00488281
 0.00457764
 0.00396729
 0.00366211
 0.00396729
 0.00457764
 0.00488281
 0.00488281
 0.00579834
 0.00671387
 0.00671387
 0.00640869
 0.00610352
 0.00579834
 0.00518799
 0.00518799
 0.00457764
 0.00366211
 0.00274658
 0.00244141
 0.00183105
 0.00152588
 0.00122070
 0.00122070
 0.00183105
 0.00274658
 0.00274658
 0.00274658
 0.00274658
 0.00274658
 0.00305176
 0.00274658
 0.00152588
 0.00091553
 0.00061035
 0.00000000
-0.00061035
-0.00061035
-0.00030518
 0.00030518
 0.00061035
 0.00122070
 0.00152588
 0.00152588
 0.00152588
 0.00152588
 0.00183105
 0.00122070
 0.00030518
-0.00030518
-0.00030518
-0.00091553
-0.00152588
-0.00122070
-0.00091553
-0.00061035
-0.00061035
-0.00030518
 0.00000000
 0.00061035
 0.00122070
 0.00122070
 0.00152588
 0.00122070
 0.00091553
 0.00030518
 0.00000000
-0.00061035
-0.00091553
-0.00091553
-0.00091553
-0.00061035
-0.00030518
-0.00030518
 0.00000000
 0.00091553
 0.00091553
 0.00122070
 0.00152588
 0.00091553
 0.00030518
 0.00030518
 0.00061035
 0.00061035
 0.00000000
-0.00061035
-0.00061035
-0.00030518
 0.00000000
 0.00000000
 0.00030518
 0.00091553
 0.00122070
 0.00152588
 0.00183105
 0.00183105
 0.00152588
 0.00122070
 0.00122070
 0.00152588
 0.00122070
 0.00091553
 0.00061035
 0.00091553
 0.00152588
 0.00152588
 0.00091553
 0.00091553
 0.00091553
 0.00122070
 0.00122070
 0.00091553
 0.00091553
 0.00122070
 0.00152588
 0.00122070
 0.00091553
 0.00061035
 0.00061035
 0.00061035
 0.00030518
 0.00030518
 0.00030518
 0.00030518
 0.00000000
-0.00030518
-0.00030518
-0.00091553
-0.00091553
-0.00091553
-0.00091553
-0.00091553
-0.00122070
-0.00091553
-0.00061035
-0.00091553
-0.00122070
-0.00152588
-0.00152588
-0.00152588
-0.00152588
-0.00183105
-0.00183105
-0.00213623
-0.00274658
-0.00305176
-0.00335693
-0.00366211
-0.00366211
-0.00366211
-0.00396729
-0.00366211
-0.00335693
-0.00335693
-0.00366211
-0.00366211
-0.00366211
-0.00305176
-0.00305176
-0.00335693
-0.00396729
-0.00457764
-0.00488281
-0.00488281
-0.00518799
-0.00518799
-0.00549316
-0.00579834
-0.00579834
-0.00549316
-0.00549316
-0.00549316
-0.00549316
-0.00518799
-0.00488281
-0.00518799
-0.00549316
-0.00579834
-0.00579834
-0.00579834
-0.00579834
-0.00549316
-0.00579834
-0.00579834
-0.00549316
-0.00518799
-0.00488281
-0.00457764
-0.00488281
-0.00488281
-0.00488281
-0.00488281
-0.00457764
-0.00457764
-0.00488281
-0.00549316
-0.00579834
-0.00610352
-0.00610352
-0.00579834
-0.00579834
-0.00610352
-0.00579834
-0.00488281
-0.00488281
-0.00488281
-0.00518799
-0.00518799
-0.00488281
-0.00457764
-0.00457764
-0.00457764
-0.00488281
-0.00488281
-0.00457764
-0.00457764
-0.00488281
-0.00488281
-0.00396729
-0.00305176
-0.00274658
-0.00244141
-0.00244141
-0.00244141
-0.00274658
-0.00305176
-0.00335693
-0.00305176
-0.00305176
-0.00335693
-0.00335693
-0.00335693
-0.00274658
-0.00244141
-0.00183105
-0.00122070
-0.00061035
-0.00030518
 0.00000000
 0.00000000
-0.00030518
-0.00061035
-0.00061035
-0.00122070
-0.00122070
-0.00091553
-0.00061035
-0.00030518
-0.00030518
 0.00000000
 0.00030518
 0.00091553
 0.00122070
 0.00152588
 0.00152588
 0.00183105
 0.00183105
 0.00183105
 0.00213623
 0.00244141
 0.00213623
 0.00183105
 0.00213623
 0.00274658
 0.00335693
 0.00366211
 0.00335693
 0.00366211
 0.00396729
 0.00366211
 0.00366211
 0.00396729
 0.00427246
 0.00457764
 0.00488281
 0.00518799
 0.00549316
 0.00549316
 0.00518799
 0.00518799
 0.00579834
 0.00610352
 0.00610352
 0.00579834
 0.00579834
 0.00610352
 0.00610352
 0.00579834
 0.00579834
 0.00610352
 0.00671387
 0.00701904
 0.00701904
 0.00640869
 0.00640869
 0.00701904
 0.00732422
 0.00701904
 0.00671387
 0.00640869
 0.00640869
 0.00640869
 0.00640869
 0.00610352
 0.00610352
 0.00610352
 0.00579834
 0.00579834
 0.00579834
 0.00610352
 0.00640869
 0.00579834
 0.00549316
 0.00518799
 0.00579834
 0.00579834
 0.00549316
 0.00518799
 0.00518799
 0.00518799
 0.00488281
 0.00488281
 0.00488281
 0.00488281
 0.00518799
 0.00488281
 0.00457764
 0.00366211
 0.00305176
 0.00305176
 0.00305176
 0.00244141
 0.00152588
 0.00091553
 0.00091553
 0.00122070
 0.00122070
 0.00091553
 0.00061035
 0.00091553
 0.00091553
 0.00061035
-0.00030518
-0.00091553
-0.00091553
-0.00091553
-0.00122070
-0.00183105
-0.00274658
-0.00335693
-0.00396729
-0.00366211
-0.00366211
-0.00427246
-0.00457764
-0.00427246
-0.00366211
-0.00335693
-0.00335693
-0.00366211
-0.00427246
-0.00396729
-0.00427246
-0.00457764
-0.00488281
-0.00549316
-0.00579834
-0.00640869
-0.00640869
-0.00640869
-0.00701904
-0.00701904
-0.00671387
-0.00671387
-0.00671387
-0.00610352
-0.00610352
-0.00610352
-0.00610352
-0.00610352
-0.00640869
-0.00701904
-0.00793457
-0.00793457
-0.00823975
-0.00854492
-0.00823975
-0.00732422
-0.00701904
-0.00701904
-0.00701904
-0.00701904
-0.00671387
-0.00701904
-0.00701904
-0.00701904
-0.00701904
-0.00701904
-0.00701904
-0.00701904
-0.00701904
-0.00732422
-0.00732422
-0.00701904
-0.00579834
-0.00488281
-0.00427246
-0.00396729
-0.00396729
-0.00396729
-0.00396729
-0.00396729
-0.00396729
-0.00427246
-0.00457764
-0.00457764
-0.00427246
-0.00427246
-0.00396729
-0.00335693
-0.00305176
-0.00244141
-0.00244141
-0.00213623
-0.00122070
-0.00091553
-0.00091553
-0.00091553
-0.00122070
-0.00152588
-0.00152588
-0.00152588
-0.00122070
-0.00091553
-0.00061035
 0.00000000
 0.00030518
 0.00091553
 0.00122070
 0.00152588
 0.00183105
 0.00183105
 0.00183105
 0.00183105
 0.00183105
 0.00213623
 0.00213623
 0.00183105
 0.00152588
 0.00183105
 0.00213623
 0.00274658
 0.00366211
 0.00427246
 0.00396729
 0.00396729
 0.00396729
 0.00396729
 0.00366211
 0.00366211
 0.00335693
 0.00335693
 0.00305176
 0.00274658
 0.00305176
 0.00366211
 0.00396729
 0.00396729
 0.00396729
 0.00427246
 0.00457764
 0.00457764
 0.00457764
 0.00396729
 0.00366211
 0.00366211
 0.00335693
 0.00244141
 0.00183105
 0.00183105
 0.00213623
 0.00244141
 0.00274658
 0.00305176
 0.00335693
 0.00366211
 0.00427246
 0.00427246
 0.00396729
 0.00335693
 0.00305176
 0.00244141
 0.00213623
 0.00183105
 0.00122070
 0.00122070
 0.00091553
 0.00122070
 0.00152588
 0.00183105
 0.00213623
 0.00274658
 0.00274658
 0.00274658
 0.00244141
 0.00213623
 0.00152588
 0.00122070
 0.00061035
-0.00030518
-0.00091553
-0.00122070
-0.00091553
-0.00091553
-0.00061035
 0.00000000
 0.00030518
 0.00091553
 0.00122070
 0.00122070
 0.00091553
 0.00030518
 0.00030518
 0.00000000
-0.00091553
-0.00183105
-0.00213623
-0.00244141
-0.00244141
-0.00274658
-0.00274658
-0.00183105
-0.00061035
-0.00030518
 0.00000000
 0.00061035
 0.00091553
 0.00000000
-0.00091553
-0.00183105
-0.00244141
-0.00244141
-0.00274658
-0.00274658
-0.00274658
-0.00274658
-0.00244141
-0.00213623
-0.00183105
-0.00091553
-0.00061035
-0.00030518
-0.00061035
-0.00122070
-0.00213623
-0.00244141
-0.00305176
-0.00366211
-0.00396729
-0.00396729
-0.00366211
-0.00335693
-0.00305176
-0.00274658
-0.00213623
-0.00213623
-0.00183105
-0.00183105
-0.00122070
-0.00122070
-0.00152588
-0.00213623
-0.00244141
-0.00305176
-0.00366211
-0.00427246
-0.00427246
-0.00335693
-0.00213623
-0.00152588
-0.00122070
-0.00091553
-0.00030518
 0.00030518
-0.00030518
-0.00091553
-0.00183105
-0.00274658
-0.00244141
-0.00213623
-0.00244141
-0.00305176
-0.00335693
-0.00305176
-0.00244141
-0.00183105
-0.00122070
-0.00061035
 0.00000000
-0.00030518
-0.00030518
-0.00030518
-0.00061035
-0.00091553
-0.00183105
-0.00274658
-0.00305176
-0.00244141
-0.00213623
-0.00183105
-0.00122070
-0.00122070
-0.00122070
-0.00091553
-0.00030518
 0.00000000
 0.00030518
 0.00061035
 0.00061035
 0.00030518
 0.00000000
 0.00000000
 0.00000000
-0.00061035
-0.00091553
-0.00091553
-0.00061035
-0.00061035
-0.00091553
-0.00091553
-0.00061035
-0.00030518
-0.00030518
-0.00030518
 0.00000000
 0.00091553
 0.00122070
 0.00152588
 0.00091553
 0.00030518
-0.00030518
-0.00091553
-0.00122070
-0.00152588
-0.00152588
-0.00183105
-0.00122070
-0.00061035
-0.00030518
-0.00030518
 0.00030518
 0.00030518
 0.00061035
 0.00122070
 0.00152588
 0.00122070
 0.00091553
 0.00030518
-0.00061035
-0.00122070
-0.00152588
-0.00213623
-0.00244141
-0.00152588
-0.00122070
-0.00091553
-0.00122070
-0.00091553
-0.00030518
 0.00000000
 0.00030518
 0.00000000
-0.00030518
-0.00091553
-0.00122070
-0.00152588
-0.00152588
-0.00213623
-0.00274658
-0.00335693
-0.00305176
-0.00274658
-0.00244141
-0.00213623
-0.00152588
-0.00122070
-0.00122070
-0.00122070
-0.00152588
-0.00152588
-0.00152588
-0.00213623
-0.00274658
-0.00274658
-0.00305176
-0.00274658
-0.00244141
-0.00213623
-0.00244141
-0.00213623
-0.00152588
-0.00091553
-0.00091553
-0.00091553
-0.00091553
-0.00030518
-0.00030518
-0.00061035
-0.00122070
-0.00122070
-0.00152588
-0.00183105
-0.00183105
-0.00152588
-0.00091553
-0.00091553
-0.00091553
-0.00091553
-0.00061035
-0.00030518
-0.00061035
-0.00091553
-0.00091553
-0.00061035
-0.00061035
-0.00061035
-0.00122070
-0.00122070
-0.00061035
-0.00030518
 0.00030518
 0.00061035
 0.00091553
 0.00091553
 0.00122070
 0.00091553
 0.00061035
 0.00030518
 0.00000000
-0.00061035
-0.00091553
-0.00061035
-0.00030518
 0.00030518
 0.00061035
 0.00152588
 0.00183105
 0.00244141
 0.00274658
 0.00274658
 0.00274658
 0.00305176
 0.00335693
 0.00335693
 0.00305176
 0.00244141
 0.00183105
 0.00213623
 0.00274658
 0.00335693
 0.00335693
 0.00335693
 0.00366211
 0.00366211
 0.00396729
 0.00427246
 0.00457764
 0.00427246
 0.00366211
 0.00366211
 0.00366211
 0.00335693
 0.00274658
 0.00244141
 0.00244141
 0.00305176
 0.00396729
 0.00427246
 0.00457764
 0.00488281
 0.00488281
 0.00488281
 0.00457764
 0.00427246
 0.00427246
 0.00366211
 0.00274658
 0.00244141
 0.00244141
 0.00213623
 0.00183105
 0.00183105
 0.00244141
 0.00335693
 0.00335693
 0.00366211
 0.00427246
 0.00457764
 0.00457764
 0.00457764
 0.00427246
 0.00366211
 0.00305176
 0.00244141
 0.00183105
 0.00122070
 0.00061035
 0.00061035
 0.00061035
 0.00061035
 0.00091553
 0.00091553
 0.00091553
 0.00091553
 0.00122070
 0.00122070
 0.00061035
 0.00030518
 0.00030518
 0.00000000
-0.00091553
-0.00183105
-0.00213623
-0.00152588
-0.00122070
-0.00152588
-0.00152588
-0.00122070
-0.00122070
-0.00152588
-0.00183105
-0.00183105
-0.00122070
-0.00091553
-0.00091553
-0.00152588
-0.00183105
-0.00244141
-0.00305176
-0.00305176
-0.00305176
-0.00335693
-0.00335693
-0.00335693
-0.00335693
-0.00366211
-0.00366211
-0.00396729
-0.00427246
-0.00396729
-0.00335693
-0.00305176
-0.00366211
-0.00427246
-0.00427246
-0.00427246
-0.00488281
-0.00579834
-0.00640869
-0.00579834
-0.00549316
-0.00518799
-0.00549316
-0.00579834
-0.00579834
-0.00549316
-0.00518799
-0.00457764
-0.00427246
-0.00427246
-0.00396729
-0.00396729
-0.00427246
-0.00396729
-0.00396729
-0.00396729
-0.00457764
-0.00488281
-0.00427246
-0.00396729
-0.00396729
-0.00396729
-0.00396729
-0.00396729
-0.00396729
-0.00396729
-0.00396729
-0.00396729
-0.00366211
-0.00396729
-0.00427246
-0.00427246
-0.00427246
-0.00366211
-0.00335693
-0.00305176
-0.00335693
-0.00335693
-0.00305176
-0.00244141
-0.00183105
-0.00183105
-0.00244141
-0.00274658
-0.00274658
-0.00244141
-0.00244141
-0.00183105
-0.00152588
-0.00152588
-0.00152588
-0.00122070
-0.00061035
-0.00061035
-0.00061035
-0.00061035
-0.00061035
-0.00091553
-0.00091553
-0.00030518
 0.00000000
 0.00000000
-0.00030518
-0.00061035
-0.00030518
 0.00030518
 0.00061035
 0.00061035
 0.00091553
 0.00091553
 0.00061035
 0.00061035
 0.00091553
 0.00061035
 0.00122070
 0.00152588
 0.00122070
 0.00122070
 0.00122070
 0.00122070
 0.00091553
 0.00091553
 0.00091553
 0.00122070
 0.00122070
 0.00091553
 0.00061035
 0.00061035
 0.00091553
 0.00122070
 0.00122070
 0.00152588
 0.00152588
 0.00122070
 0.00122070
 0.00152588
 0.00152588
 0.00122070
 0.00091553
 0.00091553
 0.00091553
 0.00091553
 0.00122070
 0.00152588
 0.00183105
 0.00152588
 0.00091553
 0.00061035
 0.00091553
 0.00091553
 0.00122070
 0.00183105
 0.00183105
 0.00183105
 0.00152588
 0.00122070
 0.00091553
 0.00091553
 0.00061035
 0.00030518
 0.00061035
 0.00091553
 0.00152588
 0.00183105
 0.00213623
 0.00213623
 0.00183105
 0.00183105
 0.00213623
 0.00213623
 0.00183105
 0.00152588
 0.00091553
 0.00030518
 0.00061035
 0.00061035
 0.00030518
 0.00030518
 0.00030518
 0.00030518
 0.00061035
 0.00122070
 0.00152588
 0.00122070
 0.00122070
 0.00122070
 0.00152588
 0.00183105
 0.00183105
 0.00183105
 0.00122070
 0.00122070
 0.00152588
 0.00152588
 0.00122070
 0.00122070
 0.00122070
 0.00152588
 0.00152588
 0.00183105
 0.00152588
 0.00152588
 0.00122070
 0.00122070
 0.00122070
 0.00152588
 0.00183105
 0.00152588
 0.00091553
 0.00061035
 0.00061035
 0.00061035
 0.00061035
 0.00091553
 0.00091553
 0.00122070
 0.00183105
 0.00213623
 0.00213623
 0.00152588
 0.00122070
 0.00152588
 0.00122070
 0.00122070
 0.00122070
 0.00183105
 0.00183105
 0.00152588
 0.00152588
 0.00122070
 0.00091553
 0.00091553
 0.00183105
 0.00244141
 0.00244141
 0.00183105
 0.00091553
 0.00061035
 0.00061035
 0.00030518
 0.00030518
 0.00061035
 0.00061035
 0.00122070
 0.00183105
 0.00183105
 0.00183105
 0.00183105
 0.00183105
 0.00152588
 0.00152588
 0.00152588
 0.00152588
 0.00152588
 0.00061035
 0.00030518
 0.00030518
 0.00061035
 0.00030518
 0.00030518
 0.00061035
 0.00152588
 0.00244141
 0.00213623
 0.00122070
 0.00061035
 0.00030518
 0.00061035
 0.00061035
 0.00030518
-0.00030518
-0.00030518
 0.00030518
 0.00091553
 0.00091553
 0.00091553
 0.00091553
 0.00122070
 0.00091553
 0.00061035
 0.00000000
-0.00030518
-0.00030518
-0.00030518
-0.00061035
-0.00122070
-0.00152588
-0.00152588
-0.00122070
-0.00091553
-0.00091553
-0.00091553
-0.00061035
-0.00030518
-0.00061035
-0.00091553
-0.00183105
-0.00244141
-0.00274658
-0.00274658
-0.00274658
-0.00244141
-0.00183105
-0.00183105
-0.00213623
-0.00183105
-0.00213623
-0.00213623
-0.00152588
-0.00122070
-0.00183105
-0.00213623
-0.00244141
-0.00305176
-0.00366211
-0.00396729
-0.00396729
-0.00335693
-0.00305176
-0.00305176
-0.00274658
-0.00274658
-0.00213623
-0.00213623
-0.00244141
-0.00335693
-0.00396729
-0.00427246
-0.00427246
-0.00396729
-0.00396729
-0.00427246
-0.00457764
-0.00457764
-0.00427246
-0.00366211
-0.00396729
-0.00396729
-0.00396729
-0.00366211
-0.00366211
-0.00366211
-0.00396729
-0.00457764
-0.00518799
-0.00549316
-0.00549316
-0.00518799
-0.00518799
-0.00518799
-0.00488281
-0.00427246
-0.00427246
-0.00427246
-0.00427246
-0.00396729
-0.00396729
-0.00396729
-0.00427246
-0.00457764
-0.00457764
-0.00457764
-0.00488281
-0.00427246
-0.00457764
-0.00488281
-0.00518799
-0.00457764
-0.00366211
-0.00305176
-0.00305176
-0.00274658
-0.00305176
-0.00305176
-0.00305176
-0.00335693
-0.00305176
-0.00274658
-0.00305176
-0.00274658
-0.00183105
-0.00152588
-0.00152588
-0.00152588
-0.00183105
-0.00183105
-0.00152588
-0.00152588
-0.00152588
-0.00091553
-0.00030518
 0.00000000
-0.00030518
-0.00030518
-0.00030518
 0.00000000
 0.00061035
 0.00061035
 0.00030518
 0.00000000
 0.00000000
 0.00030518
 0.00061035
 0.00122070
 0.00091553
 0.00061035
 0.00061035
 0.00061035
 0.00091553
 0.00152588
 0.00183105
 0.00213623
 0.00274658
 0.00335693
 0.00335693
 0.00335693
 0.00335693
 0.00366211
 0.00335693
 0.00305176
 0.00274658
 0.00274658
 0.00305176
 0.00335693
 0.00335693
 0.00366211
 0.00427246
 0.00427246
 0.00427246
 0.00457764
 0.00518799
 0.00518799
 0.00457764
 0.00457764
 0.00488281
 0.00518799
 0.00518799
 0.00518799
 0.00488281
 0.00518799
 0.00549316
 0.00610352
 0.00640869
 0.00640869
 0.00579834
 0.00549316
 0.00549316
 0.00518799
 0.00488281
 0.00488281
 0.00457764
 0.00457764
 0.00457764
 0.00457764
 0.00427246
 0.00457764
 0.00518799
 0.00518799
 0.00518799
 0.00549316
 0.00549316
 0.00518799
 0.00518799
 0.00518799
 0.00457764
 0.00396729
 0.00366211
 0.00396729
 0.00427246
 0.00457764
 0.00457764
 0.00396729
 0.00396729
 0.00396729
 0.00427246
 0.00427246
 0.00427246
 0.00427246
 0.00366211
 0.00366211
 0.00305176
 0.00244141
 0.00244141
 0.00244141
 0.00274658
 0.00244141
 0.00213623
 0.00213623
 0.00244141
 0.00274658
 0.00274658
 0.00274658
 0.00244141
 0.00152588
 0.00122070
 0.00152588
 0.00152588
 0.00122070
 0.00061035
 0.00030518
-0.00030518
-0.00030518
 0.00000000
 0.00000000
 0.00030518
 0.00000000
 0.00000000
 0.00000000
-0.00030518
-0.00091553
-0.00091553
-0.00091553
-0.00091553
-0.00122070
-0.00213623
-0.00213623
-0.00152588
-0.00091553
-0.00091553
-0.00091553
-0.00061035
-0.00091553
-0.00152588
-0.00152588
-0.00122070
-0.00183105
-0.00274658
-0.00305176
-0.00305176
-0.00305176
-0.00305176
-0.00305176
-0.00305176
-0.00244141
-0.00244141
-0.00244141
-0.00183105
-0.00183105
-0.00244141
-0.00305176
-0.00335693
-0.00335693
-0.00396729
-0.00427246
-0.00457764
-0.00457764
-0.00457764
-0.00457764
-0.00457764
-0.00427246
-0.00366211
-0.00305176
-0.00244141
-0.00244141
-0.00335693
-0.00335693
-0.00335693
-0.00335693
-0.00366211
-0.00396729
-0.00427246
-0.00457764
-0.00457764
-0.00427246
-0.00396729
-0.00335693
-0.00274658
-0.00274658
-0.00274658
-0.00274658
-0.00274658
-0.00305176
-0.00335693
-0.00335693
-0.00366211
-0.00396729
-0.00396729
-0.00366211
-0.00366211
-0.00335693
-0.00335693
-0.00274658
-0.00274658
-0.00274658
-0.00274658
-0.00244141
-0.00213623
-0.00213623
-0.00183105
-0.00183105
-0.00213623
-0.00274658
-0.00244141
-0.00213623
-0.00213623
-0.00152588
-0.00122070
-0.00122070
-0.00152588
-0.00152588
-0.00122070
-0.00152588
-0.00122070
-0.00122070
-0.00122070
-0.00183105
-0.00183105
-0.00152588
-0.00213623
-0.00244141
-0.00213623
-0.00152588
-0.00122070
-0.00122070
-0.00122070
-0.00122070
-0.00061035
-0.00061035
-0.00061035
-0.00061035
-0.00061035
-0.00091553
-0.00091553
-0.00061035
-0.00030518
-0.00061035
-0.00091553
-0.00122070
-0.00091553
-0.00061035
-0.00030518
-0.00030518
-0.00061035
-0.00030518
-0.00030518
 0.00000000
 0.00061035
 0.00061035
 0.00030518
 0.00030518
 0.00091553
 0.00122070
 0.00122070
 0.00152588
 0.00183105
 0.00183105
 0.00152588
 0.00122070
 0.00061035
 0.00030518
 0.00091553
 0.00061035
 0.00030518
 0.00000000
-0.00030518
 0.00000000
 0.00000000
 0.00000000
 0.00000000
 0.00030518
 0.00030518
 0.00061035
 0.00091553
 0.00091553
 0.00091553
 0.00091553
 0.00061035
 0.00091553
 0.00061035
 0.00061035
 0.00091553
 0.00091553
 0.00091553
 0.00091553
 0.00122070
 0.00122070
 0.00122070
 0.00152588
 0.00152588
 0.00183105
 0.00213623
 0.00183105
 0.00122070
 0.00122070
 0.00122070
 0.00122070
 0.00183105
 0.00183105
 0.00183105
 0.00152588
 0.00183105
 0.00244141
 0.00274658
