 0.00000000
 0.00030518
 0.00061035
 0.00030518
 0.00030518
 0.00000000
 0.00000000
 0.00030518
 0.00030518
 0.00030518
 0.00061035
 0.00061035
 0.00000000
-0.00091553
-0.00122070
-0.00091553
-0.00030518
 0.00030518
 0.00091553
 0.00091553
 0.00061035
 0.00030518
 0.00000000
-0.00030518
-0.00030518
 0.00000000
 0.00030518
 0.00030518
 0.00030518
-0.00030518
 0.00000000
 0.00000000
-0.00030518
-0.00030518
 0.00030518
 0.00061035
 0.00030518
 0.00000000
-0.00030518
 0.00000000
 0.00000000
 0.00000000
-0.00030518
-0.00061035
-0.00061035
-0.00061035
-0.00061035
 0.00030518
 0.00091553
 0.00030518
-0.00030518
 0.00000000
 0.00030518
-0.00030518
-0.00061035
-0.00061035
 0.00000000
 0.00061035
 0.00061035
 0.00000000
-0.00030518
 0.00030518
 0.00061035
 0.00061035
 0.00030518
 0.00061035
 0.00030518
 0.00030518
 0.00030518
 0.00030518
 0.00000000
-0.00061035
-0.00030518
 0.00030518
 0.00061035
 0.00061035
 0.00000000
-0.00030518
-0.00061035
 0.00000000
 0.00030518
 0.00030518
 0.00030518
-0.00030518
 0.00000000
 0.00030518
 0.00000000
-0.00030518
-0.00030518
 0.00000000
 0.00030518
 0.00061035
 0.00091553
 0.00030518
 0.00000000
 0.00000000
 0.00122070
 0.00549316
 0.01647949
 0.03173828
 0.03509521
 0.00152588
-0.07202148
-0.13336182
-0.13488770
-0.08331299
-0.00640869
 0.06256104
 0.09460449
 0.08575439
 0.08972168
 0.22216797
 0.52429199
 0.77697754
 0.58410645
-0.38085938
-1.54663086
-2.27600098
-2.33337402
-1.82525635
-0.92193604
-0.07598877
 0.41229248
-0.12237549
-0.35949707
 0.17578125
 0.86029053
 1.87896729
 2.46643066
 2.26715088
 1.20666504
 0.29693604
-0.01953125
-0.12115479
-0.33294678
-0.91033936
-1.64947510
-1.83319092
-1.61956787
-1.15692139
-0.42236328
 0.33966064
 1.05438232
 1.83197021
 2.71453857
 3.39996338
 3.30047607
 2.19757080
 0.73822021
-0.71807861
-2.03247070
-2.74810791
-2.82806396
-2.50000000
-1.84387207
-0.86883545
 0.42358398
 1.55334473
 2.44812012
 2.82104492
 2.31750488
 1.17736816
 0.18280029
-0.57617188
-0.80169678
-0.65338135
-0.46539307
-0.56518555
-1.04949951
-1.63391113
-1.87561035
-1.47094727
-0.39489746
 0.80596924
 1.77947998
 2.37335205
 2.29461670
 1.47430420
 0.59020996
 0.10162354
-0.42175293
-0.96923828
-1.56616211
-1.93695068
-1.94213867
-1.52221680
-0.76080322
 0.16143799
 0.82397461
 1.30310059
 1.37420654
 1.07116699
 0.63781738
 0.37811279
 0.37170410
 0.43212891
 0.40924072
 0.44647217
 0.54382324
 0.21301270
-0.57373047
-1.24267578
-1.38427734
-1.13098145
-0.49987793
 0.41717529
 1.26617432
 1.87591553
 1.82098389
 1.09283447
 0.36254883
-0.24169922
-0.76477051
-1.02508545
-1.03363037
-0.97076416
-0.95520020
-0.86486816
-0.61126709
-0.35675049
-0.19348145
 0.11108398
 0.46661377
 0.83404541
 1.16943359
 1.35406494
 1.15570068
 0.48370361
-0.32104492
-1.06994629
-1.60064697
-1.81427002
-1.60919189
-1.06658936
-0.37017822
 0.22796631
 0.72540283
 0.80322266
 0.55603027
 0.36499023
 0.47302246
 0.76171875
 1.02508545
 1.07238770
 0.77301025
 0.14953613
-0.61523438
-1.18103027
-1.42944336
-1.37359619
-1.01257324
-0.41809082
 0.12573242
 0.57769775
 0.64849854
 0.53253174
 0.45684814
 0.48034668
 0.62042236
 0.84289551
 1.03179932
 1.03057861
 0.76019287
 0.31097412
-0.27069092
-0.94451904
-1.51672363
-1.74407959
-1.59210205
-1.13006592
-0.33508301
 0.50170898
 1.26617432
 1.68090820
 1.37786865
 0.64056396
 0.23162842
-0.09033203
-0.22583008
-0.26885986
-0.36712646
-0.64331055
-1.03271484
-1.30432129
-1.38702393
-1.24877930
-0.85479736
-0.22827148
 0.48034668
 1.14013672
 1.48010254
 1.21704102
 0.56915283
 0.05126953
-0.50384521
-0.66894531
-0.60699463
-0.44891357
-0.33813477
-0.23712158
-0.11047363
-0.04791260
-0.01770020
 0.08117676
 0.31341553
 0.62713623
 0.90301514
 1.04187012
 0.95153809
 0.54168701
-0.12176514
-0.87249756
-1.37390137
-1.57592773
-1.44744873
-1.00555420
-0.33081055
 0.32409668
 0.90026855
 1.16973877
 1.07055664
 0.80566406
 0.57617188
 0.38665771
 0.19317627
 0.00549316
-0.17700195
-0.37475586
-0.58258057
-0.77209473
-0.86120605
-0.77087402
-0.47149658
-0.02471924
 0.53680420
 1.00158691
 1.17492676
 0.95031738
 0.57952881
 0.36315918
 0.33477783
 0.27770996
 0.10131836
-0.23193359
-0.65307617
-1.07116699
-1.29608154
-1.25244141
-0.95367432
-0.47332764
 0.05493164
 0.65216064
 1.08489990
 1.27563477
 1.17584229
 0.85693359
 0.43579102
-0.02838135
-0.50537109
-0.82794189
-0.95764160
-0.90789795
-0.75714111
-0.56671143
-0.37536621
-0.16998291
 0.10009766
 0.39245605
 0.69519043
 0.96801758
 1.13952637
 1.14654541
 0.95031738
 0.55419922
 0.05432129
-0.44372559
-0.75286865
-0.80749512
-0.63812256
-0.31829834
 0.00122070
 0.33020020
 0.41290283
 0.27893066
 0.24200439
 0.26489258
 0.34057617
 0.48828125
 0.59875488
 0.55877686
 0.29357910
-0.16571045
-0.68603516
-1.00097656
-1.08886719
-0.95916748
-0.64178467
-0.18432617
 0.32196045
 0.81390381
 1.11755371
 1.19445801
 1.05651855
 0.77301025
 0.43945313
 0.16815186
-0.09307861
-0.33630371
-0.57830811
-0.79711914
-0.92529297
-0.91796875
-0.75103760
-0.44250488
-0.09094238
 0.30548096
 0.63781738
 0.77056885
 0.76843262
 0.67047119
 0.49591064
 0.27099609
 0.01373291
-0.19897461
-0.38391113
-0.49285889
-0.54199219
-0.51757813
-0.42480469
-0.30151367
-0.13610840
 0.05676270
 0.26885986
 0.44586182
 0.53009033
 0.50323486
 0.38421631
 0.21301270
-0.02410889
-0.19683838
-0.29998779
-0.33447266
-0.31768799
-0.30059814
-0.26611328
-0.19989014
-0.08117676
 0.09704590
 0.33843994
 0.55419922
 0.67565918
 0.65917969
 0.50720215
 0.31433105
 0.07751465
-0.17364502
-0.39367676
-0.50109863
-0.47790527
-0.35156250
-0.20965576
-0.05615234
 0.07080078
 0.14617920
 0.16174316
 0.14129639
 0.12298584
 0.15533447
 0.22583008
 0.33782959
 0.40985107
 0.39642334
 0.26153564
-0.03387451
-0.39245605
-0.64361572
-0.73303223
-0.65917969
-0.43670654
-0.15930176
 0.10925293
 0.39245605
 0.42083740
 0.34606934
 0.29876709
 0.22460938
 0.19012451
 0.19287109
 0.17852783
 0.08575439
-0.08544922
-0.25390625
-0.38208008
-0.43914795
-0.44250488
-0.39916992
-0.32135010
-0.21209717
-0.07415771
 0.06378174
 0.18371582
 0.25909424
 0.27526855
 0.20050049
 0.04394531
-0.12207031
-0.23223877
-0.29266357
-0.30853271
-0.28656006
-0.25848389
-0.23376465
-0.21362305
-0.18829346
-0.13793945
-0.05126953
 0.06896973
 0.19866943
 0.35095215
 0.40893555
 0.42663574
 0.40618896
 0.35095215
 0.27587891
 0.14617920
 0.00885010
-0.11474609
-0.18951416
-0.20355225
-0.16174316
-0.07354736
 0.04119873
 0.15930176
 0.26153564
 0.32257080
 0.32745361
 0.28625488
 0.14190674
-0.01983643
-0.13702393
-0.20812988
-0.24261475
-0.24932861
-0.23956299
-0.22521973
-0.21881104
-0.22766113
-0.24353027
-0.25177002
-0.24719238
-0.22674561
-0.18432617
-0.11535645
-0.02136230
 0.07659912
 0.14862061
 0.15991211
 0.04913330
-0.16143799
-0.39611816
-0.54809570
-0.61004639
-0.57434082
-0.46264648
-0.32073975
-0.17578125
-0.02777100
 0.08789063
 0.15380859
 0.18188477
 0.17150879
 0.13946533
 0.13397217
 0.16387939
 0.20355225
 0.22369385
 0.17791748
 0.05035400
-0.10162354
-0.21270752
-0.26275635
-0.24902344
-0.17242432
-0.04241943
 0.11413574
 0.27404785
 0.34912109
 0.32257080
 0.26855469
 0.23345947
 0.26916504
 0.33996582
 0.32073975
 0.20629883
 0.02807617
-0.17822266
-0.31433105
-0.34637451
-0.33020020
-0.33355713
-0.29479980
-0.18951416
-0.10070801
-0.03814697
 0.00885010
 0.03143311
 0.00854492
-0.02319336
-0.02258301
-0.05493164
-0.19348145
-0.35919189
-0.46234131
-0.46356201
-0.38330078
-0.27862549
-0.12481689
 0.00915527
 0.08819580
 0.13000488
 0.17944336
 0.24230957
 0.32592773
 0.40985107
 0.42358398
 0.33294678
 0.16571045
-0.00305176
-0.11322021
-0.16143799
-0.14831543
-0.10040283
-0.05340576
-0.02471924
 0.01373291
 0.10467529
 0.27862549
 0.48065186
 0.59600830
 0.60089111
 0.48461914
 0.31646729
 0.11962891
-0.05035400
-0.12390137
-0.13092041
-0.08880615
-0.02471924
 0.03356934
 0.08239746
 0.12664795
 0.15930176
 0.17578125
 0.20629883
 0.27496338
 0.35919189
 0.37353516
 0.32653809
 0.22186279
 0.05493164
-0.13824463
-0.31951904
-0.46295166
-0.54138184
-0.56091309
-0.51300049
-0.38513184
-0.23132324
-0.02075195
 0.18035889
 0.37963867
 0.42999268
 0.40771484
 0.34088135
 0.24658203
 0.09643555
-0.04516602
-0.19104004
-0.32043457
-0.39703369
-0.39245605
-0.31188965
-0.16540527
 0.03875732
 0.27801514
 0.46783447
 0.52276611
 0.47119141
 0.36895752
 0.24780273
 0.05157471
-0.09704590
-0.18585205
-0.24871826
-0.30120850
-0.32897949
-0.31188965
-0.25146484
-0.14770508
-0.00396729
 0.16296387
 0.36560059
 0.45806885
 0.46051025
 0.38452148
 0.30303955
 0.13183594
-0.05310059
-0.17944336
-0.24780273
-0.27740479
-0.28869629
-0.28350830
-0.25756836
-0.20751953
-0.12939453
-0.01617432
 0.13000488
 0.30334473
 0.43334961
 0.46691895
 0.42114258
 0.34790039
 0.20629883
 0.01617432
-0.14556885
-0.27801514
-0.36834717
-0.38238525
-0.33538818
-0.25085449
-0.13366699
-0.02319336
 0.06164551
 0.11871338
 0.15350342
 0.16571045
 0.15716553
 0.14434814
 0.11871338
 0.05371094
-0.04943848
-0.15991211
-0.24108887
-0.26641846
-0.23498535
-0.15960693
-0.05798340
 0.05523682
 0.16326904
 0.24658203
 0.28930664
 0.28472900
 0.21057129
 0.09552002
-0.00549316
-0.07720947
-0.14038086
-0.20538330
-0.26611328
-0.31127930
-0.32745361
-0.30029297
-0.23345947
-0.12359619
 0.02227783
 0.17486572
 0.32379150
 0.37017822
 0.34576416
 0.30029297
 0.16571045
 0.03692627
-0.05798340
-0.13397217
-0.18554688
-0.20996094
-0.20538330
-0.16784668
-0.09796143
-0.00854492
 0.08544922
 0.18035889
 0.26641846
 0.31768799
 0.32989502
 0.28228760
 0.15472412
 0.01159668
-0.11230469
-0.21179199
-0.26947021
-0.28198242
-0.26062012
-0.21606445
-0.15747070
-0.09796143
-0.04821777
-0.00457764
 0.03448486
 0.06744385
 0.08911133
 0.08850098
 0.05523682
-0.01098633
-0.09216309
-0.16998291
-0.22644043
-0.24505615
-0.21911621
-0.15380859
-0.06500244
 0.02532959
 0.09948730
 0.14617920
 0.15747070
 0.11901855
 0.05584717
 0.00274658
-0.04821777
-0.11077881
-0.16815186
-0.19622803
-0.19134521
-0.15899658
-0.10559082
-0.04089355
 0.02319336
 0.07659912
 0.11810303
 0.14160156
 0.14739990
 0.14709473
 0.14160156
 0.11505127
 0.05706787
-0.01953125
-0.08819580
-0.13214111
-0.14404297
-0.12359619
-0.07690430
-0.01342773
 0.05310059
 0.10955811
 0.14953613
 0.16143799
 0.13671875
 0.09460449
 0.05065918
-0.00366211
-0.07141113
-0.13671875
-0.17974854
-0.19561768
-0.19165039
-0.17669678
-0.15625000
-0.13153076
-0.10101318
-0.06103516
-0.01007080
 0.04882813
 0.10620117
 0.14801025
 0.14373779
 0.07049561
-0.03814697
-0.13610840
-0.20538330
-0.23498535
-0.21850586
-0.16510010
-0.09124756
-0.01464844
 0.05279541
 0.10314941
 0.14007568
 0.16052246
 0.16448975
 0.15411377
 0.11718750
 0.04791260
-0.03509521
-0.10772705
-0.15808105
-0.18218994
-0.18218994
-0.16571045
-0.13824463
-0.10192871
-0.05554199
 0.00091553
 0.06408691
 0.12542725
 0.17303467
 0.18585205
 0.14221191
 0.06530762
-0.00762939
-0.06683350
-0.11505127
-0.14404297
-0.14862061
-0.13214111
-0.10162354
-0.06256104
-0.01708984
 0.03479004
 0.09094238
 0.14617920
 0.18920898
 0.19531250
 0.14129639
 0.05523682
-0.01953125
-0.07141113
-0.10375977
-0.11718750
-0.11444092
-0.09918213
-0.07354736
-0.03448486
 0.02136230
 0.09460449
 0.17791748
 0.25299072
 0.29754639
 0.27954102
 0.18676758
 0.07110596
-0.01586914
-0.07904053
-0.13336182
-0.18066406
-0.21697998
-0.23529053
-0.22827148
-0.19287109
-0.12969971
-0.04364014
 0.05401611
 0.14801025
 0.22247314
 0.26672363
 0.26947021
 0.22033691
 0.15045166
 0.09216309
 0.04333496
 0.00000000
-0.03692627
-0.06652832
-0.08605957
-0.09094238
-0.07690430
-0.04364014
 0.00366211
 0.05554199
 0.10223389
 0.13061523
 0.12268066
 0.08361816
 0.04364014
 0.01831055
 0.00488281
 0.00213623
 0.01251221
 0.03387451
 0.06195068
 0.09033203
 0.11169434
 0.11779785
 0.10833740
 0.09063721
 0.07568359
 0.06927490
 0.07049561
 0.07568359
 0.07659912
 0.06561279
 0.03967285
 0.00610352
-0.02380371
-0.04241943
-0.04608154
-0.03295898
-0.00427246
 0.03509521
 0.07904053
 0.11932373
 0.14160156
 0.12908936
 0.08758545
 0.04150391
 0.00640869
-0.01617432
-0.02960205
-0.03814697
-0.04913330
-0.06286621
-0.07171631
-0.06561279
-0.04302979
-0.01190186
 0.01678467
 0.02899170
 0.01831055
 0.00122070
-0.00274658
 0.00518799
 0.01190186
 0.00427246
-0.02166748
-0.04882813
-0.06134033
-0.05737305
-0.04394531
-0.02929688
-0.02166748
-0.02197266
-0.02136230
-0.01251221
 0.00183105
 0.01312256
 0.01373291
 0.00366211
-0.00610352
-0.00488281
 0.00885010
 0.03326416
 0.06256104
 0.09002686
 0.10681152
 0.10498047
 0.08605957
 0.05950928
 0.03479004
 0.01586914
 0.00854492
 0.01495361
 0.03173828
 0.04852295
 0.05035400
 0.02319336
-0.02746582
-0.07781982
-0.10589600
-0.10284424
-0.07232666
-0.02502441
 0.02197266
 0.05340576
 0.04608154
-0.00885010
-0.07415771
-0.11840820
-0.14404297
-0.15563965
-0.14892578
-0.12298584
-0.08209229
-0.03509521
 0.00854492
 0.03631592
 0.03417969
 0.01342773
 0.00335693
 0.01281738
 0.03204346
 0.05004883
 0.05767822
 0.05157471
 0.03875732
 0.02899170
 0.02197266
 0.01434326
 0.00335693
-0.00854492
-0.01647949
-0.01739502
-0.01342773
-0.01129150
-0.01800537
-0.03448486
-0.05493164
-0.07202148
-0.08300781
-0.08728027
-0.08697510
-0.08575439
-0.08514404
-0.08331299
-0.07629395
-0.06134033
-0.03784180
-0.01068115
 0.01373291
 0.03112793
 0.04333496
 0.05950928
 0.08422852
 0.11138916
 0.12756348
 0.11413574
 0.06866455
 0.01495361
-0.02227783
-0.03784180
-0.03845215
-0.03295898
-0.03051758
-0.03417969
-0.03479004
-0.02258301
 0.00274658
 0.03326416
 0.05828857
 0.06591797
 0.05126953
 0.02288818
-0.00946045
-0.04486084
-0.08239746
-0.11444092
-0.13488770
-0.14526367
-0.15228271
-0.16143799
-0.17120361
-0.17059326
-0.14801025
-0.10101318
-0.03204346
 0.04882813
 0.12237549
 0.16906738
 0.16601563
 0.09674072
 0.00549316
-0.05737305
-0.08941650
-0.10040283
-0.09582520
-0.08209229
-0.06652832
-0.05462646
-0.04486084
-0.03234863
-0.01251221
 0.01159668
 0.03265381
 0.04211426
 0.03631592
 0.02044678
 0.00305176
-0.01495361
-0.03814697
-0.06774902
-0.09674072
-0.11352539
-0.11047363
-0.08544922
-0.04241943
 0.01312256
 0.07354736
 0.13122559
 0.17852783
 0.20233154
 0.18615723
 0.14160156
 0.09826660
 0.06195068
 0.02746582
-0.00762939
-0.04425049
-0.08209229
-0.11474609
-0.13183594
-0.12512207
-0.09674072
-0.05554199
-0.01281738
 0.01953125
 0.02746582
 0.00946045
-0.00946045
-0.01464844
-0.01556396
-0.02593994
-0.05157471
-0.08300781
-0.10406494
-0.10803223
-0.09582520
-0.07110596
-0.03906250
-0.00549316
 0.02685547
 0.05615234
 0.08148193
 0.10040283
 0.10894775
 0.10314941
 0.08361816
 0.05706787
 0.03173828
 0.01220703
 0.00000000
-0.00396729
 0.00061035
 0.01037598
 0.02105713
 0.02929688
 0.03112793
 0.02441406
 0.01281738
 0.00274658
-0.00061035
 0.00427246
 0.01068115
 0.00793457
-0.01159668
-0.04455566
-0.07232666
-0.07965088
-0.06347656
-0.02838135
 0.01678467
 0.06439209
 0.10650635
 0.13519287
 0.14068604
 0.12481689
 0.09613037
 0.05737305
 0.01373291
-0.02166748
-0.04028320
-0.04211426
-0.03234863
-0.01617432
 0.00213623
 0.02349854
 0.05065918
 0.08209229
 0.11169434
 0.13122559
 0.13549805
 0.12878418
 0.11932373
 0.10711670
 0.08453369
 0.04638672
-0.00305176
-0.05157471
-0.08789063
-0.10498047
-0.10101318
-0.07995605
-0.04486084
-0.00213623
 0.04241943
 0.08117676
 0.10314941
 0.09765625
 0.07019043
 0.03509521
 0.00030518
-0.03082275
-0.05401611
-0.06439209
-0.06103516
-0.04577637
-0.02258301
 0.00396729
 0.02868652
 0.04516602
 0.05004883
 0.04486084
 0.03265381
 0.01739502
 0.00122070
-0.01342773
-0.02655029
-0.04211426
-0.06286621
-0.08605957
-0.10314941
-0.10284424
-0.08056641
-0.03997803
 0.01220703
 0.06561279
 0.11108398
 0.13885498
 0.13702393
 0.11657715
 0.09429932
 0.07049561
 0.03875732
 0.00396729
-0.02166748
-0.02990723
-0.02075195
 0.00061035
 0.02807617
 0.05554199
 0.07873535
 0.10009766
 0.12329102
 0.14801025
 0.16662598
 0.16754150
 0.14190674
 0.09460449
 0.03631592
-0.02258301
-0.07385254
-0.11047363
-0.12573242
-0.11871338
-0.09338379
-0.05554199
-0.01251221
 0.03021240
 0.06652832
 0.08941650
 0.09521484
 0.08544922
 0.06317139
 0.02716064
-0.02197266
-0.07812500
-0.13122559
-0.17211914
-0.19439697
-0.19622803
-0.18035889
-0.15197754
-0.11535645
-0.07232666
-0.02349854
 0.03051758
 0.08544922
 0.13336182
 0.15838623
 0.13916016
 0.08728027
 0.03723145
 0.00091553
-0.02899170
-0.05279541
-0.06622314
-0.06622314
-0.05035400
-0.01953125
 0.02227783
 0.06866455
 0.11230469
 0.14221191
 0.14465332
 0.11840820
 0.07690430
 0.02990723
-0.01892090
-0.06347656
-0.09643555
-0.11474609
-0.11871338
-0.10986328
-0.09002686
-0.06042480
-0.02166748
 0.02471924
 0.07415771
 0.12054443
 0.15197754
 0.14953613
 0.10803223
 0.05004883
-0.00366211
-0.04791260
-0.08148193
-0.10253906
-0.11260986
-0.11535645
-0.11108398
-0.09918213
-0.07690430
-0.04455566
-0.00640869
 0.03234863
 0.06225586
 0.06958008
 0.04547119
-0.00183105
-0.05798340
-0.11596680
-0.16967773
-0.21057129
-0.23223877
-0.23437500
-0.21728516
-0.18463135
-0.14099121
-0.09063721
-0.03875732
 0.00762939
 0.04089355
 0.04791260
 0.02990723
 0.00671387
-0.00793457
-0.01525879
-0.01739502
-0.01678467
-0.01556396
-0.01403809
-0.00610352
 0.01556396
 0.05401611
 0.10314941
 0.15380859
 0.19439697
 0.20660400
 0.17852783
 0.13214111
 0.09094238
 0.05187988
 0.00915527
-0.03509521
-0.07324219
-0.10162354
-0.11932373
-0.12634277
-0.12237549
-0.10681152
-0.07965088
-0.04241943
-0.00030518
 0.03875732
 0.06256104
 0.05462646
 0.01800537
-0.02563477
-0.06225586
-0.09033203
-0.10864258
-0.11657715
-0.11566162
-0.10864258
-0.09613037
-0.07690430
-0.05004883
-0.01678467
 0.01922607
 0.05157471
 0.07171631
 0.07263184
 0.05706787
 0.03204346
-0.00061035
-0.04089355
-0.08270264
-0.11474609
-0.12939453
-0.12664795
-0.11016846
-0.08514404
-0.05676270
-0.02838135
-0.00183105
 0.02349854
 0.04730225
 0.06652832
 0.07537842
 0.06744385
 0.04119873
 0.00396729
-0.03479004
-0.06622314
-0.08514404
-0.08666992
-0.07049561
-0.04028320
 0.00061035
 0.04730225
 0.09582520
 0.13854980
 0.16601563
 0.16693115
 0.14617920
 0.12023926
 0.09643555
 0.07232666
 0.04669189
 0.02136230
-0.00061035
-0.01525879
-0.02014160
-0.01464844
-0.00122070
 0.01464844
 0.02807617
 0.03601074
 0.03753662
 0.03295898
 0.02258301
 0.00640869
-0.01281738
-0.03021240
-0.04364014
-0.05126953
-0.05401611
-0.05249023
-0.04516602
-0.03021240
-0.00549316
 0.02899170
 0.07080078
 0.11260986
 0.14404297
 0.15075684
 0.12573242
 0.08422852
 0.04364014
 0.00793457
-0.01922607
-0.03173828
-0.02716064
-0.00915527
 0.01525879
 0.03692627
 0.04699707
 0.04516602
 0.04089355
 0.04211426
 0.04760742
 0.05035400
 0.04302979
 0.02227783
-0.00549316
-0.03356934
-0.05676270
-0.07354736
-0.07873535
-0.06927490
-0.04455566
-0.00823975
 0.03448486
 0.07751465
 0.11260986
 0.13031006
 0.12878418
 0.11993408
 0.11260986
 0.10528564
 0.09307861
 0.07629395
 0.05798340
 0.04150391
 0.02868652
 0.02166748
 0.02136230
 0.02655029
 0.03509521
 0.04455566
 0.05187988
 0.05432129
 0.05004883
 0.03967285
 0.02410889
 0.00213623
-0.02441406
-0.05310059
-0.07965088
-0.09765625
-0.10345459
-0.09613037
-0.07904053
-0.05493164
-0.02716064
 0.00122070
 0.02410889
 0.03356934
 0.02471924
 0.00213623
-0.02166748
-0.03570557
-0.03723145
-0.02929688
-0.01861572
-0.01129150
-0.01129150
-0.01556396
-0.01800537
-0.01556396
-0.00976563
-0.00335693
 0.00335693
 0.01068115
 0.01861572
 0.02410889
 0.02258301
 0.01037598
-0.01037598
-0.03204346
-0.04669189
-0.05004883
-0.04180908
-0.02532959
-0.00488281
 0.01373291
 0.02624512
 0.03143311
 0.03234863
 0.03204346
 0.03204346
 0.03295898
 0.03448486
 0.03570557
 0.03448486
 0.03082275
 0.02563477
 0.02258301
 0.02380371
 0.02960205
 0.03814697
 0.04577637
 0.04913330
 0.04791260
 0.04394531
 0.03845215
 0.02899170
 0.01159668
-0.01525879
-0.04760742
-0.07965088
-0.10498047
-0.11932373
-0.12145996
-0.11260986
-0.09460449
-0.07110596
-0.04730225
-0.02807617
-0.01708984
-0.01495361
-0.01739502
-0.01983643
-0.02136230
-0.02471924
-0.03173828
-0.04455566
-0.05920410
-0.07110596
-0.07568359
-0.07080078
-0.05645752
-0.03356934
-0.00549316
 0.02471924
 0.05218506
 0.07354736
 0.08331299
 0.07690430
 0.05401611
 0.02044678
-0.01464844
-0.04333496
-0.06042480
-0.06469727
-0.05920410
-0.04852295
-0.03601074
-0.02105713
-0.00152588
 0.02258301
 0.04882813
 0.06958008
 0.07720947
 0.06866455
 0.04882813
 0.02563477
 0.00335693
-0.01739502
-0.03417969
-0.04608154
-0.05218506
-0.05187988
-0.04425049
-0.03021240
-0.01068115
 0.01312256
 0.03875732
 0.06347656
 0.08117676
 0.08422852
 0.06774902
 0.03448486
-0.00457764
-0.04089355
-0.06866455
-0.08605957
-0.09277344
-0.09063721
-0.08026123
-0.06134033
-0.03479004
-0.00305176
 0.02990723
 0.05615234
 0.06744385
 0.05737305
 0.03143311
 0.00244141
-0.02349854
-0.04638672
-0.06652832
-0.08514404
-0.10253906
-0.11474609
-0.11627197
-0.10284424
-0.07568359
-0.03936768
-0.00091553
 0.03112793
 0.04699707
 0.04425049
 0.03295898
 0.02227783
 0.01373291
 0.00366211
-0.00915527
-0.02349854
-0.03692627
-0.04608154
-0.04638672
-0.03479004
-0.01159668
 0.01953125
 0.05218506
 0.07812500
 0.08789063
 0.07934570
 0.06195068
 0.04699707
 0.03692627
 0.02899170
 0.01922607
 0.00488281
-0.01617432
-0.03906250
-0.05493164
-0.05737305
-0.04486084
-0.02075195
 0.00793457
 0.03204346
 0.04302979
 0.03875732
 0.02716064
 0.01617432
 0.00610352
-0.00793457
-0.02777100
-0.04943848
-0.06408691
-0.06561279
-0.05401611
-0.03356934
-0.01037598
 0.01037598
 0.02624512
 0.03814697
 0.04882813
 0.05828857
 0.06134033
 0.05432129
 0.03631592
 0.00976563
-0.02166748
-0.05401611
-0.08270264
-0.10070801
-0.10314941
-0.09002686
-0.06591797
-0.03784180
-0.01373291
-0.00244141
-0.00457764
-0.01098633
-0.01281738
-0.01037598
-0.00854492
-0.01220703
-0.02166748
-0.03326416
-0.04058838
-0.03875732
-0.02624512
-0.00427246
 0.02319336
 0.05065918
 0.07324219
 0.08697510
 0.09246826
 0.09094238
 0.08331299
 0.07232666
 0.05859375
 0.04486084
 0.03326416
 0.02593994
 0.02349854
 0.02532959
 0.03082275
 0.03814697
 0.04577637
 0.05218506
 0.05889893
 0.06530762
 0.06958008
 0.06774902
 0.05676270
 0.03417969
 0.00244141
-0.03326416
-0.06347656
-0.08270264
-0.08636475
-0.07446289
-0.05126953
-0.02319336
 0.00244141
 0.01953125
 0.02899170
 0.03753662
 0.04974365
 0.06164551
 0.06500244
 0.05249023
 0.02471924
-0.00823975
-0.03540039
-0.05187988
-0.05584717
-0.04821777
-0.03265381
-0.01525879
 0.00030518
 0.01312256
 0.02349854
 0.03204346
 0.03662109
 0.03295898
 0.02044678
 0.00152588
-0.01953125
-0.03936768
-0.05554199
-0.06591797
-0.06896973
-0.06286621
-0.04638672
-0.02044678
 0.01129150
 0.04486084
 0.07537842
 0.09887695
 0.11352539
 0.12023926
 0.11901855
 0.10803223
 0.08666992
 0.06042480
 0.03509521
 0.01434326
 0.00061035
-0.00671387
-0.00915527
-0.00671387
 0.00244141
 0.02014160
 0.04516602
 0.07263184
 0.09277344
 0.09338379
 0.06958008
 0.03295898
-0.00183105
-0.02960205
-0.04974365
-0.06317139
-0.07141113
-0.07293701
-0.06622314
-0.05157471
-0.03112793
-0.00854492
 0.01251221
 0.03173828
 0.05035400
 0.06927490
 0.08239746
 0.08056641
 0.05706787
 0.01708984
-0.02441406
-0.05584717
-0.07110596
-0.06896973
-0.05157471
-0.02563477
 0.00274658
 0.02716064
 0.04302979
 0.05096436
 0.05615234
 0.06134033
 0.06286621
 0.05554199
 0.03509521
 0.00213623
-0.03662109
-0.07385254
-0.10284424
-0.11779785
-0.11474609
-0.09368896
-0.05920410
-0.01831055
 0.02227783
 0.05523682
 0.07232666
 0.07202148
 0.06317139
 0.05218506
 0.03692627
 0.01617432
-0.00671387
-0.02685547
-0.04150391
-0.05004883
-0.05249023
-0.04791260
-0.03479004
-0.01403809
 0.01251221
 0.04241943
 0.07019043
 0.08819580
 0.08728027
 0.06439209
 0.02777100
-0.01068115
-0.04333496
-0.06530762
-0.07446289
-0.07354736
-0.06805420
-0.06317139
-0.06164551
-0.06103516
-0.05554199
-0.04150391
-0.02044678
 0.00305176
 0.02014160
 0.02227783
 0.00610352
-0.02227783
-0.05279541
-0.07873535
-0.09704590
-0.10467529
-0.10314941
-0.09368896
-0.07904053
-0.06042480
-0.03967285
-0.01800537
 0.00274658
 0.02014160
 0.03112793
 0.03173828
 0.02136230
 0.00274658
-0.01861572
-0.03906250
-0.05554199
-0.06591797
-0.06744385
-0.06042480
-0.04638672
-0.02777100
-0.00793457
 0.01007080
 0.02471924
 0.03479004
 0.04058838
 0.04180908
 0.03967285
 0.03601074
 0.03082275
 0.02258301
 0.01037598
-0.00610352
-0.02136230
-0.02990723
-0.02716064
-0.01190186
 0.01281738
 0.04089355
 0.06469727
 0.07598877
 0.07202148
 0.05706787
 0.03784180
 0.01892090
 0.00213623
-0.01068115
-0.01922607
-0.02471924
-0.03021240
-0.03692627
-0.04333496
-0.04516602
-0.04028320
-0.02777100
-0.01129150
 0.00488281
 0.01617432
 0.01983643
 0.01525879
 0.00549316
-0.00885010
-0.02716064
-0.04638672
-0.06072998
-0.06500244
-0.05767822
-0.03997803
-0.01861572
 0.00000000
