-0.00030518
-0.00061035
-0.00030518
-0.00061035
-0.00061035
-0.00061035
-0.00061035
-0.00030518
-0.00030518
-0.00030518
-0.00030518
-0.00030518
-0.00061035
-0.00091553
-0.00091553
-0.00091553
-0.00061035
-0.00061035
-0.00061035
-0.00091553
-0.00091553
-0.00091553
-0.00061035
-0.00061035
-0.00030518
-0.00030518
-0.00030518
-0.00061035
-0.00122070
-0.00091553
-0.00091553
-0.00061035
-0.00061035
 0.00000000
 0.00000000
-0.00030518
-0.00030518
-0.00061035
-0.00030518
 0.00000000
-0.00030518
-0.00061035
-0.00091553
-0.00061035
-0.00061035
-0.00061035
-0.00061035
-0.00061035
-0.00091553
-0.00122070
-0.00091553
-0.00091553
-0.00030518
-0.00030518
-0.00061035
-0.00091553
-0.00091553
-0.00061035
-0.00030518
-0.00061035
-0.00091553
-0.00122070
-0.00091553
-0.00091553
-0.00061035
-0.00061035
-0.00061035
-0.00061035
-0.00061035
-0.00061035
-0.00030518
-0.00030518
-0.00061035
-0.00061035
-0.00061035
-0.00091553
-0.00122070
-0.00061035
 0.00000000
-0.00030518
-0.00030518
-0.00061035
-0.00030518
-0.00030518
-0.00030518
 0.00000000
-0.00030518
-0.00061035
-0.00061035
-0.00061035
-0.00061035
-0.00030518
-0.00061035
-0.00091553
-0.00061035
 0.00000000
 0.00061035
 0.00946045
 0.05523682
 0.15655518
 0.30883789
 0.29113770
 0.00030518
-0.51971436
-0.90545654
-0.83129883
-0.26214600
 0.30670166
 0.66833496
 0.61553955
 0.40405273
 0.55450439
 0.99487305
 1.34918213
 1.19354248
 0.31646729
-0.75195313
-1.40808105
-1.54907227
-1.20208740
-0.43548584
 0.46875000
 1.16516113
 1.51397705
 1.27502441
 0.72204590
 0.27862549
-0.30639648
-0.87310791
-1.12487793
-1.00006104
-0.66711426
-0.40283203
-0.43548584
-0.63781738
-0.80780029
-0.42602539
 0.09796143
 0.45349121
 0.50231934
 0.23010254
-0.04669189
-0.41046143
-0.47943115
-0.43273926
-0.39428711
-0.21087646
 0.07080078
 0.10406494
-0.12207031
-0.57464600
-0.99517822
-1.03759766
-0.51696777
 0.30883789
 0.97686768
 1.57379150
 2.02301025
 2.18597412
 1.69555664
 0.62713623
-0.42999268
-1.37756348
-2.00622559
-1.93817139
-1.32965088
-0.54656982
 0.16326904
 0.88714600
 1.36169434
 1.37603760
 1.12152100
 0.98876953
 0.80291748
 0.30853271
-0.24505615
-0.71289063
-1.05743408
-1.09100342
-0.79467773
-0.43365479
-0.36743164
-0.28106689
-0.21575928
-0.18463135
-0.11871338
 0.04760742
 0.23803711
 0.41259766
 0.60211182
 0.88439941
 1.03607178
 0.68084717
-0.09002686
-0.82061768
-1.19842529
-1.40258789
-1.44592285
-1.20239258
-0.65551758
 0.15991211
 0.87921143
 1.51062012
 1.70928955
 1.38336182
 0.96923828
 0.72509766
 0.45043945
 0.07629395
-0.12329102
-0.18463135
-0.28686523
-0.47607422
-0.70220947
-0.72387695
-0.55999756
-0.30212402
 0.15014648
 0.77178955
 1.34307861
 1.58660889
 1.33880615
 0.82336426
 0.32287598
-0.08422852
-0.32165527
-0.35003662
-0.46234131
-0.79437256
-1.05743408
-1.03454590
-0.85906982
-0.64025879
-0.39459229
-0.14160156
 0.12420654
 0.41656494
 0.65307617
 0.88256836
 0.93902588
 0.67840576
 0.21636963
-0.38116455
-0.88806152
-1.20697021
-1.31347656
-1.22009277
-0.96405029
-0.61431885
-0.28656006
 0.06561279
 0.49896240
 0.86059570
 1.09893799
 1.11877441
 0.96099854
 0.72265625
 0.38726807
-0.08483887
-0.58380127
-0.95001221
-1.09924316
-1.05621338
-0.85845947
-0.53161621
-0.13214111
 0.29296875
 0.66833496
 0.87463379
 0.97106934
 1.03179932
 1.00463867
 0.76995850
 0.38330078
 0.05950928
-0.23559570
-0.55450439
-0.89538574
-1.11755371
-1.12457275
-0.95092773
-0.62133789
-0.14953613
 0.40496826
 0.90911865
 1.18560791
 1.17156982
 0.97625732
 0.71411133
 0.40710449
 0.06713867
-0.28106689
-0.62316895
-0.94451904
-1.15936279
-1.18103027
-0.98968506
-0.62194824
-0.18890381
 0.27404785
 0.72174072
 1.01684570
 1.13189697
 1.01806641
 0.72937012
 0.40069580
 0.07904053
-0.27404785
-0.57281494
-0.75561523
-0.80657959
-0.77392578
-0.67779541
-0.49682617
-0.21911621
 0.11901855
 0.50048828
 0.80871582
 0.97564697
 0.94665527
 0.75592041
 0.48400879
 0.17730713
-0.18707275
-0.51971436
-0.77362061
-0.87829590
-0.82305908
-0.64697266
-0.41717529
-0.19989014
 0.05767822
 0.34210205
 0.58105469
 0.73852539
 0.77056885
 0.65399170
 0.40954590
 0.09277344
-0.23864746
-0.48583984
-0.61859131
-0.67413330
-0.66741943
-0.55755615
-0.33691406
-0.07690430
 0.18798828
 0.44830322
 0.59692383
 0.68145752
 0.67504883
 0.57037354
 0.40557861
 0.20324707
-0.04241943
-0.28717041
-0.49743652
-0.63201904
-0.66772461
-0.59387207
-0.41290283
-0.18066406
 0.07812500
 0.36590576
 0.52917480
 0.57342529
 0.54168701
 0.44586182
 0.30364990
 0.10345459
-0.09826660
-0.29327393
-0.47485352
-0.60974121
-0.67230225
-0.64636230
-0.53039551
-0.35400391
-0.14282227
 0.09460449
 0.34942627
 0.49499512
 0.50781250
 0.40832520
 0.30761719
 0.12023926
-0.04608154
-0.18798828
-0.32958984
-0.44128418
-0.49438477
-0.47760010
-0.38909912
-0.27252197
-0.08453369
 0.12725830
 0.38482666
 0.54748535
 0.64941406
 0.66528320
 0.56610107
 0.37048340
 0.13244629
-0.10406494
-0.28442383
-0.39794922
-0.41717529
-0.35552979
-0.25939941
-0.10650635
 0.07598877
 0.27923584
 0.44403076
 0.52154541
 0.53833008
 0.50109863
 0.41625977
 0.27435303
 0.09643555
-0.07568359
-0.24047852
-0.39031982
-0.48858643
-0.51818848
-0.46508789
-0.34881592
-0.22033691
-0.05615234
 0.10406494
 0.24322510
 0.34545898
 0.37109375
 0.33294678
 0.22766113
 0.01190186
-0.21148682
-0.40679932
-0.55053711
-0.62774658
-0.62225342
-0.53192139
-0.38055420
-0.22491455
-0.04455566
 0.11840820
 0.25543213
 0.33843994
 0.36285400
 0.33721924
 0.26519775
 0.12023926
-0.01342773
-0.12481689
-0.21881104
-0.28533936
-0.32196045
-0.31250000
-0.26062012
-0.15960693
-0.01281738
 0.15777588
 0.35705566
 0.48614502
 0.53497314
 0.51086426
 0.41931152
 0.29937744
 0.12817383
-0.01708984
-0.12939453
-0.20751953
-0.24749756
-0.24810791
-0.21209717
-0.13977051
-0.03295898
 0.09918213
 0.23712158
 0.36834717
 0.40954590
 0.37292480
 0.30334473
 0.14160156
-0.04302979
-0.18676758
-0.30303955
-0.37322998
-0.39031982
-0.36682129
-0.32104492
-0.25329590
-0.15960693
-0.05432129
 0.05126953
 0.13885498
 0.20111084
 0.23956299
 0.22827148
 0.15014648
 0.03295898
-0.08758545
-0.20202637
-0.30456543
-0.36743164
-0.37139893
-0.32043457
-0.23406982
-0.10894775
 0.02960205
 0.15930176
 0.26458740
 0.32897949
 0.34790039
 0.30578613
 0.22033691
 0.13427734
 0.05798340
-0.02441406
-0.10284424
-0.15716553
-0.17700195
-0.16235352
-0.11657715
-0.04211426
 0.05249023
 0.15014648
 0.23193359
 0.28076172
 0.28350830
 0.21820068
 0.11688232
 0.02685547
-0.04516602
-0.11260986
-0.16967773
-0.20721436
-0.22125244
-0.21087646
-0.17639160
-0.11810303
-0.03723145
 0.05859375
 0.15350342
 0.22827148
 0.27221680
 0.26977539
 0.20843506
 0.11901855
 0.03570557
-0.04241943
-0.11474609
-0.16998291
-0.20019531
-0.20355225
-0.18005371
-0.13336182
-0.06835938
 0.00732422
 0.08422852
 0.15075684
 0.19836426
 0.20690918
 0.15411377
 0.06500244
-0.02288818
-0.10314941
-0.17883301
-0.23651123
-0.26184082
-0.25238037
-0.21118164
-0.14404297
-0.06164551
 0.02166748
 0.09185791
 0.14038086
 0.16357422
 0.14556885
 0.09643555
 0.04180908
-0.01464844
-0.07751465
-0.13824463
-0.18218994
-0.20080566
-0.19012451
-0.15106201
-0.08697510
-0.00305176
 0.08911133
 0.17425537
 0.23559570
 0.26763916
 0.24902344
 0.18463135
 0.11291504
 0.05310059
-0.00518799
-0.06256104
-0.10955811
-0.13732910
-0.14221191
-0.12359619
-0.08300781
-0.02349854
 0.04943848
 0.12725830
 0.19683838
 0.24780273
 0.26397705
 0.22094727
 0.13732910
 0.05584717
-0.01251221
-0.07476807
-0.12573242
-0.15930176
-0.17303467
-0.16662598
-0.14068604
-0.09765625
-0.04241943
 0.01892090
 0.07751465
 0.12390137
 0.14221191
 0.11627197
 0.06408691
 0.01342773
-0.03234863
-0.07598877
-0.11230469
-0.13366699
-0.13641357
-0.12145996
-0.09307861
-0.05584717
-0.01251221
 0.03265381
 0.07568359
 0.11260986
 0.13916016
 0.15563965
 0.15930176
 0.14404297
 0.10650635
 0.05096436
-0.01159668
-0.06896973
-0.11108398
-0.13061523
-0.12634277
-0.09918213
-0.05249023
 0.00915527
 0.07781982
 0.14068604
 0.18737793
 0.20263672
 0.16937256
 0.10864258
 0.04974365
-0.00610352
-0.06195068
-0.10864258
-0.13732910
-0.14556885
-0.13549805
-0.11077881
-0.07537842
-0.03326416
 0.01281738
 0.05859375
 0.09704590
 0.11596680
 0.10406494
 0.06805420
 0.02471924
-0.01831055
-0.05981445
-0.09887695
-0.13244629
-0.15869141
-0.17272949
-0.17120361
-0.15136719
-0.11291504
-0.05920410
 0.00549316
 0.07232666
 0.12817383
 0.15991211
 0.14343262
 0.08392334
 0.02014160
-0.03051758
-0.07751465
-0.11779785
-0.14251709
-0.14587402
-0.12908936
-0.09613037
-0.05249023
-0.00305176
 0.04730225
 0.09277344
 0.12481689
 0.12817383
 0.10009766
 0.05615234
 0.00762939
-0.04302979
-0.09307861
-0.13336182
-0.15838623
-0.16510010
-0.15197754
-0.11993408
-0.07141113
-0.01220703
 0.05065918
 0.10803223
 0.15136719
 0.16418457
 0.13549805
 0.08972168
 0.05065918
 0.01617432
-0.01983643
-0.05279541
-0.07843018
-0.09582520
-0.10314941
-0.09552002
-0.06927490
-0.02471924
 0.03601074
 0.10803223
 0.18218994
 0.24627686
 0.28808594
 0.28503418
 0.22583008
 0.14434814
 0.07232666
 0.01068115
-0.03967285
-0.06988525
-0.07598877
-0.05889893
-0.02227783
 0.02655029
 0.08056641
 0.12908936
 0.16021729
 0.15350342
 0.11169434
 0.06530762
 0.02899170
-0.00518799
-0.03936768
-0.07110596
-0.09857178
-0.12084961
-0.13641357
-0.14160156
-0.13336182
-0.10955811
-0.07110596
-0.02288818
 0.02899170
 0.07812500
 0.11260986
 0.11352539
 0.07110596
 0.00732422
-0.05462646
-0.10772705
-0.14648438
-0.16235352
-0.15197754
-0.11962891
-0.07293701
-0.02014160
 0.03021240
 0.07202148
 0.09552002
 0.09674072
 0.09155273
 0.09033203
 0.08666992
 0.07171631
 0.04425049
 0.01220703
-0.01739502
-0.04180908
-0.05981445
-0.06774902
-0.06164551
-0.04089355
-0.00946045
 0.02716064
 0.06164551
 0.08392334
 0.08300781
 0.05798340
 0.01861572
-0.02441406
-0.06469727
-0.09552002
-0.11138916
-0.11169434
-0.09918213
-0.07965088
-0.05981445
-0.04486084
-0.03753662
-0.03448486
-0.02990723
-0.02014160
-0.00579834
 0.01037598
 0.02288818
 0.02532959
 0.01281738
-0.01342773
-0.04669189
-0.07995605
-0.10650635
-0.11993408
-0.11535645
-0.09185791
-0.05279541
-0.00427246
 0.04699707
 0.09277344
 0.12054443
 0.11352539
 0.07629395
 0.03356934
-0.00366211
-0.03601074
-0.05828857
-0.06256104
-0.04913330
-0.02227783
 0.00915527
 0.03723145
 0.05401611
 0.05828857
 0.05981445
 0.06530762
 0.07324219
 0.07690430
 0.07324219
 0.06225586
 0.04638672
 0.02777100
 0.00885010
-0.00671387
-0.01342773
-0.00946045
 0.00335693
 0.02105713
 0.04180908
 0.06347656
 0.08422852
 0.10101318
 0.10742188
 0.09582520
 0.06530762
 0.02288818
-0.02227783
-0.06317139
-0.09490967
-0.11383057
-0.11657715
-0.10284424
-0.07629395
-0.04058838
-0.00030518
 0.03845215
 0.06896973
 0.08300781
 0.07751465
 0.05859375
 0.03082275
-0.00274658
-0.03845215
-0.06988525
-0.09094238
-0.09887695
-0.09246826
-0.07263184
-0.04364014
-0.01037598
 0.02319336
 0.05249023
 0.07385254
 0.08392334
 0.08178711
 0.06774902
 0.04364014
 0.01190186
-0.02349854
-0.05889893
-0.09063721
-0.11352539
-0.12359619
-0.11962891
-0.10223389
-0.07263184
-0.03479004
 0.00732422
 0.04821777
 0.08117676
 0.09643555
 0.08789063
 0.06195068
 0.02685547
-0.01434326
-0.05676270
-0.09216309
-0.11230469
-0.11505127
-0.10192871
-0.07629395
-0.04150391
 0.00000000
 0.04455566
 0.08789063
 0.12390137
 0.14465332
 0.14343262
 0.12329102
 0.08941650
 0.04577637
-0.00152588
-0.04547119
-0.07720947
-0.09216309
-0.09002686
-0.07324219
-0.04486084
-0.00885010
 0.03173828
 0.07019043
 0.10040283
 0.11383057
 0.10925293
 0.09185791
 0.06652832
 0.03540039
-0.00122070
-0.03906250
-0.07385254
-0.10314941
-0.12207031
-0.12573242
-0.11108398
-0.07873535
-0.03265381
 0.02014160
 0.07202148
 0.11444092
 0.13427734
 0.11840820
 0.07995605
 0.03875732
-0.00274658
-0.04608154
-0.08392334
-0.10955811
-0.11932373
-0.11260986
-0.08880615
-0.05065918
-0.00244141
 0.05035400
 0.10070801
 0.14068604
 0.15563965
 0.13885498
 0.10681152
 0.07415771
 0.04058838
 0.00427246
-0.03234863
-0.06530762
-0.08972168
-0.10162354
-0.09887695
-0.08117676
-0.05004883
-0.00915527
 0.03692627
 0.08148193
 0.11688232
 0.13000488
 0.11352539
 0.07751465
 0.03448486
-0.01190186
-0.06011963
-0.10253906
-0.13092041
-0.14312744
-0.13854980
-0.11901855
-0.08666992
-0.04577637
-0.00030518
 0.04547119
 0.08422852
 0.10681152
 0.10589600
 0.08392334
 0.05065918
 0.01159668
-0.03112793
-0.07171631
-0.10314941
-0.11840820
-0.11657715
-0.09918213
-0.06958008
-0.03143311
 0.00976563
 0.04852295
 0.07904053
 0.09521484
 0.09796143
 0.09185791
 0.07965088
 0.05828857
 0.02563477
-0.01342773
-0.05004883
-0.07690430
-0.08880615
-0.08453369
-0.06530762
-0.03417969
 0.00396729
 0.04486084
 0.08300781
 0.11230469
 0.12664795
 0.12451172
 0.10986328
 0.08422852
 0.04821777
 0.00640869
-0.03356934
-0.06408691
-0.08117676
-0.08361816
-0.07202148
-0.04882813
-0.01831055
 0.01403809
 0.04333496
 0.06439209
 0.07385254
 0.07263184
 0.06134033
 0.04089355
 0.01251221
-0.01739502
-0.04455566
-0.06561279
-0.07965088
-0.08636475
-0.08392334
-0.07263184
-0.05371094
-0.02960205
-0.00335693
 0.02105713
 0.04089355
 0.05340576
 0.05554199
 0.04608154
 0.02685547
 0.00366211
-0.01983643
-0.04089355
-0.05767822
-0.06774902
-0.07080078
-0.06469727
-0.04974365
-0.02716064
 0.00091553
 0.02990723
 0.05493164
 0.07019043
 0.07232666
 0.06195068
 0.04364014
 0.02227783
 0.00061035
-0.01800537
-0.03112793
-0.03723145
-0.03601074
-0.02807617
-0.01464844
 0.00091553
 0.01678467
 0.03051758
 0.04058838
 0.04699707
 0.04913330
 0.04669189
 0.03845215
 0.02502441
 0.00823975
-0.00885010
-0.02471924
-0.03662109
-0.04516602
-0.04913330
-0.04882813
-0.04394531
-0.03387451
-0.02044678
-0.00518799
 0.00701904
 0.01281738
 0.01159668
 0.00549316
-0.00274658
-0.01251221
-0.02380371
-0.03631592
-0.04699707
-0.05310059
-0.05249023
-0.04364014
-0.02777100
-0.00793457
 0.01159668
 0.02593994
 0.03143311
 0.02868652
 0.02136230
 0.01464844
 0.00976563
 0.00701904
 0.00518799
 0.00457764
 0.00366211
 0.00213623
 0.00061035
 0.00061035
 0.00335693
 0.00915527
 0.01770020
 0.02685547
 0.03356934
 0.03509521
 0.03204346
 0.02593994
 0.01922607
 0.01373291
 0.00915527
 0.00488281
 0.00122070
-0.00122070
-0.00152588
 0.00091553
 0.00549316
 0.01190186
 0.01831055
 0.02410889
 0.02807617
 0.02929688
 0.02807617
 0.02380371
 0.01556396
 0.00396729
-0.00885010
-0.01800537
-0.02166748
-0.02075195
-0.01586914
-0.00854492
-0.00030518
 0.00701904
 0.01190186
 0.01342773
 0.01159668
 0.00701904
 0.00122070
-0.00427246
-0.00915527
-0.01464844
-0.01953125
-0.02349854
-0.02563477
-0.02471924
-0.02136230
-0.01647949
-0.00915527
-0.00091553
 0.00640869
 0.01098633
 0.01220703
 0.01129150
 0.00885010
 0.00579834
 0.00183105
-0.00366211
-0.01007080
-0.01617432
-0.01983643
-0.02044678
-0.01739502
-0.01068115
-0.00091553
 0.01068115
 0.02044678
 0.02563477
 0.02380371
 0.01708984
 0.00823975
-0.00091553
-0.00915527
-0.01647949
-0.02227783
-0.02685547
-0.03021240
-0.03173828
-0.02960205
-0.02349854
-0.01403809
-0.00244141
 0.00854492
 0.01708984
 0.02136230
 0.02044678
 0.01495361
 0.00640869
-0.00335693
-0.01159668
-0.01770020
-0.02044678
-0.01983643
-0.01495361
-0.00610352
 0.00427246
 0.01281738
 0.01708984
 0.01861572
 0.02044678
 0.02441406
 0.02929688
 0.03234863
 0.03021240
 0.02227783
 0.01098633
-0.00061035
-0.01037598
-0.01739502
-0.02105713
-0.02014160
-0.01373291
-0.00366211
 0.00762939
 0.01708984
 0.02258301
 0.02380371
 0.02258301
 0.01953125
 0.01281738
 0.00213623
-0.01098633
-0.02441406
-0.03540039
-0.04180908
-0.04302979
-0.04028320
-0.03448486
-0.02624512
-0.01617432
-0.00518799
 0.00518799
 0.01281738
 0.01770020
 0.01861572
 0.01617432
 0.01129150
 0.00518799
-0.00244141
-0.01037598
-0.01800537
-0.02288818
-0.02197266
-0.01586914
-0.00549316
 0.00793457
 0.02197266
 0.03540039
 0.04486084
 0.04882813
 0.04730225
 0.04119873
 0.03204346
 0.01922607
 0.00427246
-0.00976563
-0.02166748
-0.02990723
-0.03448486
-0.03601074
-0.03417969
-0.02746582
-0.01617432
-0.00122070
 0.01434326
 0.02532959
 0.02777100
 0.02197266
 0.01098633
-0.00244141
-0.01617432
-0.02868652
-0.03906250
-0.04486084
-0.04608154
-0.04333496
-0.03753662
-0.02960205
-0.01922607
-0.00762939
 0.00396729
 0.01281738
 0.01922607
 0.02105713
 0.01770020
 0.00915527
-0.00244141
-0.01525879
-0.02593994
-0.03265381
-0.03540039
-0.03417969
-0.02899170
-0.01953125
-0.00549316
 0.01220703
 0.02990723
 0.04394531
 0.05126953
 0.05218506
 0.04852295
 0.04211426
 0.03448486
 0.02624512
 0.01739502
 0.00885010
 0.00244141
-0.00122070
-0.00091553
 0.00427246
 0.01403809
 0.02624512
 0.03936768
 0.05096436
 0.05889893
 0.06225586
 0.05981445
 0.05310059
 0.04333496
 0.03082275
 0.01708984
 0.00457764
-0.00488281
-0.01129150
-0.01281738
-0.01068115
-0.00549316
 0.00061035
 0.00732422
 0.01403809
 0.02044678
 0.02288818
 0.02105713
 0.01495361
 0.00701904
-0.00152588
-0.01068115
-0.02105713
-0.03082275
-0.03692627
-0.03936768
-0.03845215
-0.03570557
-0.03051758
-0.02288818
-0.01312256
-0.00305176
 0.00549316
 0.00915527
 0.00732422
 0.00091553
-0.00732422
-0.01495361
-0.02258301
-0.02868652
-0.03326416
-0.03448486
-0.03173828
-0.02593994
-0.01922607
-0.01312256
-0.00823975
-0.00366211
 0.00091553
 0.00457764
 0.00732422
 0.00793457
 0.00671387
 0.00305176
-0.00244141
-0.00854492
-0.01403809
-0.01708984
-0.01647949
-0.01312256
-0.00732422
 0.00091553
 0.00976563
 0.01708984
 0.02166748
 0.02227783
 0.01892090
 0.01312256
 0.00732422
 0.00213623
-0.00335693
-0.00885010
-0.01525879
-0.02075195
-0.02380371
-0.02380371
-0.02075195
-0.01586914
-0.01007080
-0.00488281
-0.00152588
-0.00061035
-0.00305176
-0.00915527
-0.01831055
-0.02777100
-0.03387451
-0.03570557
-0.03326416
-0.02899170
-0.02502441
-0.02136230
-0.01770020
-0.01403809
-0.01098633
-0.00885010
-0.00701904
-0.00610352
-0.00762939
-0.01037598
-0.01434326
-0.01922607
-0.02502441
-0.02960205
-0.03204346
-0.03143311
-0.02685547
-0.01983643
-0.01098633
-0.00122070
 0.00823975
 0.01525879
 0.01922607
 0.01892090
 0.01617432
 0.01129150
 0.00518799
-0.00030518
-0.00366211
-0.00457764
-0.00274658
 0.00091553
 0.00640869
 0.01403809
 0.02380371
 0.03387451
 0.04211426
 0.04577637
 0.04364014
 0.03814697
 0.03173828
 0.02532959
 0.01922607
 0.01342773
 0.00793457
 0.00396729
 0.00152588
 0.00122070
 0.00366211
 0.00976563
 0.01800537
 0.02655029
 0.03387451
 0.03906250
 0.04119873
 0.03997803
 0.03509521
 0.02685547
 0.01739502
 0.00946045
 0.00366211
 0.00122070
 0.00091553
 0.00213623
 0.00427246
 0.00732422
 0.01190186
 0.01800537
 0.02410889
 0.02960205
 0.03265381
 0.03204346
 0.02716064
 0.01861572
 0.00793457
-0.00274658
-0.01251221
-0.02014160
-0.02410889
-0.02380371
-0.01922607
-0.01098633
-0.00152588
 0.00640869
 0.01098633
 0.01312256
 0.01434326
 0.01495361
 0.01434326
 0.01068115
 0.00518799
-0.00061035
-0.00518799
-0.00885010
-0.01129150
-0.01312256
-0.01312256
-0.01007080
-0.00396729
 0.00335693
 0.01129150
 0.01800537
 0.02197266
 0.02258301
 0.01953125
 0.01403809
 0.00793457
 0.00244141
-0.00305176
-0.00823975
-0.01251221
-0.01464844
-0.01464844
-0.01251221
-0.00915527
-0.00610352
-0.00366211
-0.00122070
 0.00061035
 0.00152588
 0.00030518
-0.00396729
-0.01159668
-0.01983643
-0.02685547
-0.03234863
-0.03631592
-0.03814697
-0.03814697
-0.03753662
-0.03631592
-0.03387451
-0.03051758
-0.02655029
-0.02258301
-0.02014160
-0.02014160
-0.02075195
-0.02258301
-0.02410889
-0.02532959
-0.02532959
-0.02471924
-0.02288818
-0.01983643
-0.01647949
-0.01312256
-0.01037598
-0.00762939
-0.00366211
 0.00152588
 0.00823975
 0.01495361
 0.02014160
 0.02258301
 0.02319336
 0.02258301
 0.02197266
 0.02166748
 0.02227783
 0.02441406
 0.02716064
 0.03051758
 0.03479004
 0.03875732
 0.04119873
 0.04150391
 0.03936768
 0.03509521
 0.03021240
 0.02471924
 0.02105713
 0.01953125
 0.01861572
 0.01739502
 0.01525879
 0.01251221
 0.00976563
 0.00640869
 0.00366211
 0.00122070
-0.00122070
-0.00396729
-0.00793457
-0.01251221
-0.01770020
-0.02288818
-0.02624512
-0.02807617
-0.02777100
-0.02655029
-0.02593994
-0.02624512
-0.02685547
-0.02593994
-0.02349854
-0.02014160
-0.01739502
-0.01556396
-0.01495361
-0.01586914
-0.01708984
-0.01800537
-0.01770020
-0.01647949
-0.01373291
-0.00976563
-0.00488281
 0.00030518
 0.00610352
 0.01190186
 0.01739502
 0.02136230
 0.02319336
 0.02227783
 0.01861572
 0.01373291
 0.00885010
 0.00457764
 0.00122070
-0.00122070
-0.00213623
-0.00122070
 0.00152588
 0.00518799
 0.00885010
 0.01190186
 0.01403809
 0.01495361
 0.01342773
 0.00854492
 0.00213623
-0.00518799
-0.01251221
-0.01922607
-0.02471924
-0.02777100
-0.02838135
-0.02746582
-0.02563477
-0.02227783
-0.01678467
-0.00946045
-0.00152588
 0.00518799
 0.00915527
 0.01007080
 0.00854492
 0.00427246
-0.00061035
-0.00579834
-0.01098633
-0.01586914
-0.01831055
-0.01800537
-0.01464844
-0.00885010
-0.00091553
 0.00793457
 0.01586914
 0.02258301
 0.02685547
 0.02746582
 0.02471924
 0.01922607
 0.01190186
 0.00396729
-0.00274658
-0.00762939
-0.00946045
-0.00946045
-0.00793457
-0.00427246
 0.00152588
 0.00854492
 0.01586914
 0.02166748
 0.02441406
 0.02502441
 0.02380371
 0.02105713
 0.01617432
 0.00915527
 0.00030518
-0.00854492
-0.01647949
-0.02166748
-0.02319336
-0.02075195
-0.01525879
-0.00732422
 0.00183105
 0.01098633
 0.01922607
 0.02532959
 0.02807617
 0.02716064
 0.02288818
 0.01556396
 0.00701904
-0.00091553
-0.00793457
-0.01220703
-0.01342773
-0.01037598
-0.00335693
 0.00579834
 0.01617432
 0.02624512
 0.03448486
 0.03906250
 0.03936768
 0.03540039
 0.02777100
 0.01831055
 0.00823975
-0.00152588
-0.01068115
-0.01861572
-0.02349854
-0.02441406
-0.02258301
-0.01831055
-0.01220703
-0.00427246
 0.00427246
 0.01190186
 0.01770020
 0.01953125
 0.01617432
 0.00823975
-0.00213623
-0.01251221
-0.02136230
-0.02746582
-0.03082275
-0.03082275
-0.02807617
-0.02227783
-0.01281738
-0.00152588
 0.01098633
 0.02258301
 0.03112793
 0.03540039
 0.03387451
 0.02777100
 0.01861572
 0.00701904
-0.00396729
-0.01312256
-0.01953125
-0.02227783
-0.02105713
-0.01617432
-0.00946045
-0.00122070
 0.00732422
 0.01495361
 0.02136230
 0.02563477
 0.02624512
 0.02288818
 0.01464844
 0.00366211
-0.00854492
-0.02014160
-0.02899170
-0.03570557
-0.03906250
-0.03845215
-0.03387451
-0.02563477
-0.01525879
-0.00427246
 0.00610352
 0.01403809
 0.01831055
 0.01861572
 0.01495361
 0.00762939
-0.00152588
-0.01129150
-0.02075195
-0.02746582
-0.03112793
-0.03051758
-0.02532959
-0.01647949
-0.00488281
 0.00854492
 0.02136230
 0.03204346
 0.03845215
 0.03936768
 0.03540039
 0.02685547
 0.01617432
 0.00518799
-0.00549316
-0.01495361
-0.02136230
-0.02410889
-0.02319336
-0.01831055
-0.01098633
-0.00305176
 0.00488281
 0.01251221
 0.01953125
 0.02349854
 0.02410889
 0.02105713
 0.01342773
 0.00274658
-0.00946045
-0.02227783
-0.03234863
-0.03906250
-0.04150391
-0.03936768
-0.03295898
-0.02410889
-0.01373291
-0.00305176
 0.00671387
 0.01342773
 0.01678467
 0.01556396
 0.01037598
 0.00183105
-0.00946045
-0.02075195
-0.02990723
-0.03540039
-0.03601074
-0.03234863
-0.02563477
-0.01586914
-0.00488281
 0.00671387
 0.01708984
 0.02563477
 0.03082275
 0.03326416
 0.03326416
 0.03051758
 0.02471924
 0.01647949
 0.00823975
 0.00152588
-0.00305176
-0.00518799
-0.00457764
-0.00091553
 0.00579834
 0.01434326
 0.02380371
 0.03234863
 0.03784180
 0.04028320
 0.03936768
 0.03509521
 0.02777100
 0.01770020
 0.00671387
-0.00366211
-0.01251221
-0.01831055
-0.02014160
-0.01831055
-0.01342773
-0.00640869
 0.00122070
 0.00823975
 0.01464844
 0.01861572
 0.01953125
 0.01647949
 0.01098633
 0.00427246
-0.00244141
-0.00823975
-0.01342773
-0.01647949
-0.01800537
-0.01831055
-0.01617432
-0.01251221
-0.00671387
-0.00030518
 0.00549316
 0.01007080
 0.01281738
 0.01312256
 0.01159668
 0.00885010
 0.00396729
-0.00305176
-0.01098633
-0.01831055
-0.02288818
-0.02410889
-0.02288818
-0.01953125
-0.01525879
-0.00976563
-0.00396729
 0.00152588
 0.00518799
 0.00610352
 0.00488281
 0.00152588
-0.00213623
-0.00518799
-0.00640869
-0.00701904
-0.00732422
-0.00823975
-0.00823975
-0.00610352
-0.00213623
 0.00244141
 0.00671387
 0.00946045
 0.01068115
 0.01098633
 0.01098633
 0.01068115
 0.00946045
 0.00701904
 0.00244141
-0.00274658
-0.00701904
-0.00854492
-0.00885010
-0.00885010
-0.00854492
-0.00823975
-0.00762939
-0.00732422
-0.00732422
-0.00762939
-0.00854492
-0.00885010
-0.00854492
-0.00885010
-0.00976563
-0.01159668
-0.01342773
-0.01434326
-0.01464844
-0.01373291
-0.01190186
-0.00823975
-0.00427246
-0.00213623
-0.00274658
-0.00396729
-0.00518799
-0.00579834
-0.00579834
-0.00610352
-0.00701904
-0.00823975
-0.00823975
-0.00610352
-0.00305176
 0.00061035
 0.00396729
 0.00610352
 0.00732422
 0.00762939
 0.00732422
 0.00640869
 0.00488281
 0.00335693
 0.00183105
 0.00213623
 0.00335693
 0.00488281
 0.00610352
 0.00762939
 0.00915527
 0.01068115
 0.01312256
