-0.00061035
-0.00030518
 0.00000000
 0.00000000
 0.00000000
-0.00061035
-0.00091553
-0.00091553
-0.00061035
-0.00061035
-0.00030518
-0.00061035
-0.00091553
-0.00061035
-0.00061035
-0.00061035
-0.00061035
-0.00061035
-0.00061035
-0.00091553
-0.00091553
-0.00061035
-0.00091553
-0.00091553
-0.00061035
-0.00030518
-0.00061035
-0.00091553
-0.00122070
-0.00122070
-0.00122070
-0.00091553
-0.00061035
-0.00030518
-0.00030518
-0.00061035
-0.00061035
-0.00061035
-0.00061035
 0.00000000
 0.00000000
-0.00030518
-0.00061035
 0.00000000
 0.00000000
-0.00030518
-0.00030518
-0.00061035
-0.00061035
-0.00030518
 0.00000000
-0.00030518
-0.00061035
-0.00030518
-0.00030518
-0.00061035
-0.00061035
-0.00061035
-0.00061035
-0.00061035
-0.00030518
-0.00030518
-0.00030518
-0.00061035
-0.00061035
 0.00000000
 0.00000000
 0.00000000
-0.00030518
-0.00061035
-0.00091553
-0.00061035
-0.00061035
-0.00061035
-0.00061035
-0.00030518
-0.00030518
-0.00061035
-0.00122070
-0.00122070
-0.00091553
-0.00061035
-0.00030518
 0.00000000
-0.00030518
-0.00091553
-0.00122070
-0.00122070
-0.00091553
-0.00061035
-0.00061035
-0.00061035
-0.00091553
-0.00091553
-0.00122070
-0.00122070
 0.00030518
 0.00671387
 0.02746582
 0.06866455
 0.12145996
 0.16021729
 0.12176514
-0.07659912
-0.39306641
-0.76141357
-0.96801758
-0.73425293
-0.04699707
 0.50262451
 0.82885742
 0.59570313
-0.03479004
-0.49591064
-0.53527832
-0.22338867
 0.15167236
 0.57403564
 0.81024170
 0.71502686
 0.21453857
-0.50262451
-1.00860596
-1.08276367
-0.79742432
-0.14739990
 0.53466797
 1.18988037
 1.58020020
 1.43035889
 0.78216553
 0.13641357
-0.55419922
-0.79956055
-0.69519043
-0.41168213
-0.23651123
-0.11322021
-0.03265381
 0.03601074
 0.18432617
 0.36529541
 0.48522949
 0.30853271
-0.01007080
-0.15319824
-0.04333496
 0.16632080
 0.40496826
 0.35827637
 0.07049561
-0.35858154
-0.66070557
-0.65948486
-0.41198730
-0.09094238
 0.17913818
 0.40466309
 0.35644531
 0.29144287
 0.19104004
 0.12207031
 0.12359619
 0.10192871
-0.03234863
-0.18859863
-0.25970459
-0.29724121
-0.32257080
-0.30883789
-0.21514893
-0.06134033
 0.13610840
 0.41778564
 0.55847168
 0.52612305
 0.35583496
 0.11657715
-0.16723633
-0.36468506
-0.30548096
-0.08544922
 0.23468018
 0.57952881
 0.61157227
 0.11718750
-0.55358887
-0.88226318
-0.72753906
-0.27709961
 0.18737793
 0.66558838
 0.88378906
 0.70434570
 0.33081055
 0.03021240
-0.29449463
-0.52124023
-0.58410645
-0.34637451
 0.09033203
 0.48370361
 0.57159424
 0.24291992
-0.25268555
-0.77850342
-1.02355957
-0.85876465
-0.33233643
 0.24871826
 0.77423096
 1.01562500
 0.72357178
 0.13092041
-0.55969238
-0.98358154
-1.16546631
-1.01257324
-0.50720215
 0.16998291
 0.79742432
 1.27410889
 1.19903564
 0.45166016
-0.42205811
-0.91522217
-0.94451904
-0.65155029
-0.08605957
 0.53070068
 0.99182129
 0.88195801
 0.25665283
-0.32592773
-0.63812256
-0.73272705
-0.65826416
-0.42053223
-0.11993408
 0.19714355
 0.50445557
 0.56365967
 0.37689209
 0.10955811
-0.08575439
-0.05249023
 0.14892578
 0.40527344
 0.44464111
 0.11566162
-0.28778076
-0.63079834
-0.69030762
-0.50354004
-0.13916016
 0.25695801
 0.60546875
 0.67810059
 0.51696777
 0.37292480
 0.29113770
 0.19622803
 0.16967773
 0.18646240
 0.16357422
-0.02593994
-0.33142090
-0.55755615
-0.55633545
-0.38055420
-0.16632080
 0.08880615
 0.42480469
 0.53161621
 0.44433594
 0.22003174
-0.11291504
-0.47424316
-0.65917969
-0.66528320
-0.52795410
-0.35339355
-0.25146484
-0.14648438
-0.05126953
 0.06195068
 0.18035889
 0.25115967
 0.27221680
 0.25726318
 0.24200439
 0.25115967
 0.28106689
 0.32714844
 0.29327393
 0.10223389
-0.20507813
-0.51239014
-0.71289063
-0.73760986
-0.56518555
-0.25451660
 0.05645752
 0.42602539
 0.53344727
 0.47546387
 0.35308838
 0.19775391
 0.04913330
 0.01495361
 0.03204346
 0.02288818
-0.03570557
-0.14221191
-0.25512695
-0.32440186
-0.27709961
-0.13305664
 0.06347656
 0.27893066
 0.40252686
 0.35308838
 0.25146484
 0.05645752
-0.13000488
-0.21850586
-0.24230957
-0.25451660
-0.26885986
-0.28137207
-0.28137207
-0.25299072
-0.18646240
-0.07934570
 0.04486084
 0.14831543
 0.21636963
 0.24688721
 0.23773193
 0.21850586
 0.22186279
 0.22094727
 0.16906738
 0.05706787
-0.07232666
-0.16815186
-0.20812988
-0.20080566
-0.17761230
-0.16235352
-0.14404297
-0.10589600
-0.04760742
 0.02502441
 0.11840820
 0.23223877
 0.35003662
 0.37200928
 0.32623291
 0.16723633
-0.05187988
-0.21209717
-0.24993896
-0.17120361
-0.00640869
 0.19805908
 0.40710449
 0.46142578
 0.40649414
 0.34362793
 0.26672363
 0.24108887
 0.27252197
 0.32806396
 0.30853271
 0.21270752
 0.04364014
-0.11444092
-0.19226074
-0.19592285
-0.14648438
-0.06591797
 0.02227783
 0.09826660
 0.14465332
 0.16357422
 0.15625000
 0.12756348
 0.09765625
 0.06652832
 0.01922607
-0.05218506
-0.13824463
-0.20782471
-0.23254395
-0.21606445
-0.17944336
-0.13916016
-0.09155273
-0.02563477
 0.05859375
 0.14251709
 0.20355225
 0.22430420
 0.17272949
 0.07263184
-0.01159668
-0.06072998
-0.10162354
-0.13916016
-0.16235352
-0.16510010
-0.15625000
-0.14160156
-0.11413574
-0.06469727
 0.00427246
 0.08239746
 0.15289307
 0.20111084
 0.20446777
 0.13549805
 0.02685547
-0.06103516
-0.11047363
-0.13275146
-0.13000488
-0.10772705
-0.07995605
-0.06347656
-0.06896973
-0.08056641
-0.07110596
-0.03967285
 0.00762939
 0.06988525
 0.13732910
 0.18646240
 0.18402100
 0.10162354
-0.00671387
-0.08422852
-0.13397217
-0.17272949
-0.19531250
-0.19165039
-0.15716553
-0.09094238
 0.00549316
 0.10955811
 0.19378662
 0.23773193
 0.21087646
 0.10070801
-0.03112793
-0.11779785
-0.16235352
-0.18981934
-0.21362305
-0.23315430
-0.23315430
-0.20294189
-0.14465332
-0.06439209
 0.02563477
 0.10650635
 0.15960693
 0.16998291
 0.11810303
 0.02868652
-0.04913330
-0.09460449
-0.11657715
-0.12298584
-0.12451172
-0.12756348
-0.12969971
-0.12176514
-0.09765625
-0.05462646
 0.00732422
 0.08056641
 0.14587402
 0.18127441
 0.15838623
 0.08209229
 0.00671387
-0.03814697
-0.07019043
-0.10620117
-0.14892578
-0.18341064
-0.18707275
-0.15533447
-0.09552002
-0.01983643
 0.05676270
 0.12115479
 0.16754150
 0.19165039
 0.18188477
 0.14526367
 0.10131836
 0.05462646
 0.00671387
-0.03692627
-0.07507324
-0.10803223
-0.13305664
-0.14251709
-0.12908936
-0.09216309
-0.03753662
 0.02380371
 0.07812500
 0.11383057
 0.11413574
 0.07629395
 0.02807617
-0.01220703
-0.05096436
-0.09277344
-0.13244629
-0.16082764
-0.16876221
-0.15655518
-0.13183594
-0.10406494
-0.07751465
-0.04974365
-0.01159668
 0.03875732
 0.09368896
 0.13854980
 0.14465332
 0.07629395
-0.03692627
-0.13610840
-0.19470215
-0.21270752
-0.18951416
-0.13000488
-0.04638672
 0.04058838
 0.10986328
 0.14709473
 0.14373779
 0.09979248
 0.05889893
 0.05218506
 0.06774902
 0.09124756
 0.10772705
 0.09857178
 0.06225586
 0.02288818
 0.00457764
 0.01037598
 0.03326416
 0.06530762
 0.09765625
 0.12207031
 0.13519287
 0.14312744
 0.15533447
 0.16845703
 0.16357422
 0.11871338
 0.03631592
-0.05126953
-0.11505127
-0.14648438
-0.14526367
-0.11840820
-0.07476807
-0.02349854
 0.02990723
 0.08087158
 0.12603760
 0.15289307
 0.14404297
 0.10162354
 0.04852295
 0.00122070
-0.03326416
-0.04882813
-0.04882813
-0.04547119
-0.05401611
-0.07690430
-0.09368896
-0.08514404
-0.05065918
 0.00183105
 0.06072998
 0.11230469
 0.14129639
 0.12176514
 0.05279541
-0.02746582
-0.09124756
-0.13488770
-0.15258789
-0.14190674
-0.10986328
-0.06835938
-0.02868652
-0.00061035
 0.00396729
-0.00701904
-0.00732422
 0.01220703
 0.04364014
 0.07720947
 0.09979248
 0.09643555
 0.06744385
 0.03448486
 0.01556396
 0.01281738
 0.02471924
 0.05035400
 0.08422852
 0.11749268
 0.13885498
 0.13397217
 0.09979248
 0.04638672
-0.01342773
-0.07110596
-0.11444092
-0.13275146
-0.12420654
-0.09338379
-0.04730225
 0.00457764
 0.05249023
 0.08880615
 0.10009766
 0.08239746
 0.05218506
 0.02075195
-0.01495361
-0.05157471
-0.07843018
-0.09033203
-0.08636475
-0.07141113
-0.05218506
-0.03448486
-0.02197266
-0.01556396
-0.01342773
-0.01525879
-0.02044678
-0.02471924
-0.02197266
-0.01434326
-0.01068115
-0.02258301
-0.05401611
-0.09277344
-0.11932373
-0.12420654
-0.10406494
-0.06347656
-0.01159668
 0.04119873
 0.08300781
 0.09979248
 0.08270264
 0.06011963
 0.06011963
 0.07659912
 0.09460449
 0.09796143
 0.07629395
 0.03509521
-0.00518799
-0.03051758
-0.03631592
-0.02380371
 0.00183105
 0.03509521
 0.06988525
 0.10009766
 0.12115479
 0.13183594
 0.13153076
 0.11535645
 0.07934570
 0.03021240
-0.01647949
-0.04882813
-0.06378174
-0.06195068
-0.04791260
-0.03082275
-0.02258301
-0.03143311
-0.05371094
-0.07354736
-0.07965088
-0.07049561
-0.05065918
-0.02899170
-0.01617432
-0.02075195
-0.03967285
-0.06103516
-0.07629395
-0.08605957
-0.09185791
-0.09490967
-0.09246826
-0.08209229
-0.06225586
-0.03143311
 0.00915527
 0.05584717
 0.10101318
 0.13366699
 0.13397217
 0.09521484
 0.03997803
-0.00823975
-0.04394531
-0.06500244
-0.06958008
-0.05981445
-0.03906250
-0.01159668
 0.01983643
 0.05310059
 0.08605957
 0.11749268
 0.14617920
 0.16937256
 0.18280029
 0.17883301
 0.15045166
 0.09948730
 0.03631592
-0.02716064
-0.07720947
-0.10375977
-0.10467529
-0.08361816
-0.04730225
-0.00305176
 0.03997803
 0.07324219
 0.08575439
 0.07751465
 0.06469727
 0.05676270
 0.05004883
 0.04180908
 0.03173828
 0.02075195
 0.00854492
-0.00701904
-0.02471924
-0.03875732
-0.04089355
-0.02441406
 0.01007080
 0.05523682
 0.09979248
 0.13061523
 0.12695313
 0.08758545
 0.04241943
 0.00854492
-0.01983643
-0.05065918
-0.08422852
-0.11383057
-0.13000488
-0.12756348
-0.10589600
-0.06927490
-0.02288818
 0.02716064
 0.07415771
 0.10742188
 0.11108398
 0.08209229
 0.04119873
 0.00335693
-0.03173828
-0.06561279
-0.09460449
-0.11688232
-0.12969971
-0.13214111
-0.12268066
-0.10314941
-0.07812500
-0.05218506
-0.03051758
-0.01647949
-0.01159668
-0.01495361
-0.02624512
-0.05065918
-0.08941650
-0.13671875
-0.17974854
-0.20629883
-0.20935059
-0.18890381
-0.15014648
-0.10131836
-0.05096436
-0.00488281
 0.03295898
 0.05798340
 0.07019043
 0.07598877
 0.07354736
 0.05767822
 0.03021240
 0.00000000
-0.02410889
-0.03997803
-0.04699707
-0.04669189
-0.03906250
-0.02441406
-0.00457764
 0.01678467
 0.03417969
 0.04333496
 0.04302979
 0.03875732
 0.03387451
 0.02807617
 0.01922607
 0.00366211
-0.01983643
-0.04852295
-0.07598877
-0.09490967
-0.10223389
-0.09735107
-0.08178711
-0.06134033
-0.04028320
-0.02197266
-0.00549316
 0.01190186
 0.03143311
 0.04913330
 0.05767822
 0.05096436
 0.02990723
 0.00671387
-0.00732422
-0.00762939
 0.00518799
 0.02746582
 0.05462646
 0.08300781
 0.10864258
 0.12817383
 0.13488770
 0.12481689
 0.09826660
 0.06103516
 0.02227783
-0.01068115
-0.03356934
-0.04516602
-0.04577637
-0.03662109
-0.01983643
 0.00274658
 0.02807617
 0.05249023
 0.07354736
 0.09155273
 0.10864258
 0.12481689
 0.13610840
 0.13671875
 0.12115479
 0.08972168
 0.05065918
 0.01251221
-0.01800537
-0.03692627
-0.04394531
-0.04150391
-0.03234863
-0.01953125
-0.00488281
 0.01159668
 0.02716064
 0.03814697
 0.03753662
 0.02349854
 0.00122070
-0.02014160
-0.03387451
-0.03875732
-0.03723145
-0.03448486
-0.03204346
-0.02960205
-0.02105713
-0.00305176
 0.02166748
 0.04638672
 0.06347656
 0.06622314
 0.05706787
 0.04455566
 0.03417969
 0.02593994
 0.01678467
 0.00762939
 0.00000000
-0.00427246
-0.00488281
-0.00335693
-0.00122070
-0.00030518
 0.00122070
 0.00640869
 0.01495361
 0.02502441
 0.03448486
 0.04028320
 0.04028320
 0.03479004
 0.02532959
 0.01403809
 0.00091553
-0.01617432
-0.03601074
-0.05584717
-0.06958008
-0.07202148
-0.06103516
-0.03723145
-0.00610352
 0.02593994
 0.04821777
 0.05187988
 0.03601074
 0.01373291
-0.00579834
-0.02044678
-0.03143311
-0.03997803
-0.04638672
-0.05004883
-0.05096436
-0.04913330
-0.04669189
-0.04516602
-0.04547119
-0.04547119
-0.04272461
-0.03814697
-0.03204346
-0.02593994
-0.02166748
-0.01953125
-0.01983643
-0.02380371
-0.03295898
-0.04608154
-0.05737305
-0.06042480
-0.05187988
-0.03234863
-0.00701904
 0.01647949
 0.03051758
 0.03234863
 0.02685547
 0.02349854
 0.02380371
 0.02319336
 0.01678467
 0.00274658
-0.01403809
-0.02685547
-0.03112793
-0.03021240
-0.02746582
-0.02624512
-0.02593994
-0.02593994
-0.02380371
-0.01953125
-0.01464844
-0.01007080
-0.00701904
-0.00457764
-0.00183105
 0.00091553
 0.00366211
 0.00671387
 0.00946045
 0.01251221
 0.01647949
 0.02105713
 0.02502441
 0.02838135
 0.03021240
 0.03051758
 0.03143311
 0.03417969
 0.04028320
 0.04974365
 0.06164551
 0.07141113
 0.07537842
 0.07049561
 0.05737305
 0.03936768
 0.02105713
 0.00701904
 0.00030518
 0.00152588
 0.00976563
 0.02136230
 0.03021240
 0.03143311
 0.02349854
 0.01098633
-0.00061035
-0.00549316
-0.00274658
 0.00549316
 0.01556396
 0.02288818
 0.02410889
 0.02105713
 0.01678467
 0.01129150
 0.00335693
-0.00823975
-0.02166748
-0.03082275
-0.03143311
-0.02197266
-0.00579834
 0.01098633
 0.02258301
 0.02410889
 0.01831055
 0.01098633
 0.00640869
 0.00427246
 0.00213623
-0.00061035
-0.00457764
-0.00915527
-0.01312256
-0.01556396
-0.01647949
-0.01525879
-0.01129150
-0.00457764
 0.00488281
 0.01525879
 0.02288818
 0.02319336
 0.01495361
 0.00000000
-0.01617432
-0.02899170
-0.03845215
-0.04455566
-0.04852295
-0.05096436
-0.05096436
-0.04577637
-0.03509521
-0.02075195
-0.00732422
-0.00030518
-0.00183105
-0.00946045
-0.01708984
-0.02136230
-0.02075195
-0.01678467
-0.01251221
-0.01098633
-0.01403809
-0.01861572
-0.02014160
-0.01464844
-0.00213623
 0.01495361
 0.03204346
 0.04394531
 0.04669189
 0.04119873
 0.03082275
 0.01770020
 0.00518799
-0.00579834
-0.01190186
-0.01251221
-0.00946045
-0.00488281
-0.00061035
 0.00183105
 0.00213623
-0.00030518
-0.00610352
-0.01556396
-0.02716064
-0.03723145
-0.04272461
-0.04211426
-0.03723145
-0.03173828
-0.02960205
-0.03143311
-0.03509521
-0.03631592
-0.03173828
-0.02319336
-0.01312256
-0.00518799
 0.00000000
 0.00274658
 0.00549316
 0.00732422
 0.00610352
 0.00061035
-0.00762939
-0.01586914
-0.02258301
-0.02685547
-0.02960205
-0.03143311
-0.03082275
-0.02593994
-0.01525879
-0.00061035
 0.01464844
 0.02563477
 0.02960205
 0.02685547
 0.02105713
 0.01495361
 0.00915527
 0.00244141
-0.00518799
-0.01190186
-0.01586914
-0.01617432
-0.01342773
-0.00854492
-0.00335693
 0.00274658
 0.01007080
 0.01983643
 0.03143311
 0.04302979
 0.05187988
 0.05615234
 0.05462646
 0.04821777
 0.03875732
 0.02868652
 0.01953125
 0.01220703
 0.00640869
 0.00427246
 0.00701904
 0.01647949
 0.03112793
 0.04760742
 0.06164551
 0.06835938
 0.06683350
 0.06011963
 0.04943848
 0.03662109
 0.02319336
 0.00915527
-0.00396729
-0.01464844
-0.02075195
-0.02136230
-0.01617432
-0.00518799
 0.00885010
 0.02441406
 0.03875732
 0.04852295
 0.05004883
 0.04241943
 0.02655029
 0.00854492
-0.00732422
-0.01739502
-0.02136230
-0.02166748
-0.02136230
-0.02258301
-0.02532959
-0.02746582
-0.02593994
-0.02014160
-0.01251221
-0.00579834
-0.00152588
-0.00030518
-0.00213623
-0.00793457
-0.01770020
-0.03051758
-0.04486084
-0.05767822
-0.06652832
-0.06927490
-0.06530762
-0.05706787
-0.04608154
-0.03509521
-0.02624512
-0.02044678
-0.01647949
-0.01342773
-0.01159668
-0.01190186
-0.01586914
-0.02227783
-0.03051758
-0.03753662
-0.04241943
-0.04364014
-0.04089355
-0.03295898
-0.02136230
-0.00823975
 0.00183105
 0.00518799
 0.00244141
-0.00152588
-0.00213623
 0.00122070
 0.00549316
 0.00701904
 0.00274658
-0.00640869
-0.01617432
-0.02075195
-0.01953125
-0.01403809
-0.00579834
 0.00335693
 0.01342773
 0.02380371
 0.03387451
 0.04241943
 0.04699707
 0.04608154
 0.03936768
 0.03021240
 0.02075195
 0.01281738
 0.00671387
 0.00274658
-0.00061035
-0.00335693
-0.00427246
-0.00183105
 0.00427246
 0.01220703
 0.01983643
 0.02593994
 0.02990723
 0.03204346
 0.03173828
 0.02746582
 0.01770020
 0.00610352
-0.00152588
-0.00122070
 0.00732422
 0.02014160
 0.03082275
 0.03540039
 0.03265381
 0.02593994
 0.01983643
 0.01678467
 0.01617432
 0.01861572
 0.02288818
 0.02777100
 0.03234863
 0.03448486
 0.03448486
 0.03173828
 0.02777100
 0.02410889
 0.02227783
 0.02410889
 0.03021240
 0.03967285
 0.04882813
 0.05432129
 0.05340576
 0.04730225
 0.03784180
 0.02746582
 0.01861572
 0.01220703
 0.00793457
 0.00671387
 0.00885010
 0.01251221
 0.01556396
 0.01556396
 0.01251221
 0.00793457
 0.00457764
 0.00305176
 0.00244141
 0.00091553
-0.00305176
-0.00885010
-0.01464844
-0.01861572
-0.02044678
-0.02136230
-0.02410889
-0.02807617
-0.03204346
-0.03295898
-0.02990723
-0.02441406
-0.01953125
-0.01770020
-0.01892090
-0.02014160
-0.01861572
-0.01251221
-0.00366211
 0.00274658
 0.00213623
-0.00549316
-0.01495361
-0.02136230
-0.02197266
-0.01770020
-0.01098633
-0.00579834
-0.00244141
-0.00152588
-0.00152588
-0.00335693
-0.00610352
-0.00946045
-0.01190186
-0.01312256
-0.01312256
-0.01464844
-0.01770020
-0.02136230
-0.02441406
-0.02410889
-0.01983643
-0.01373291
-0.00823975
-0.00488281
-0.00366211
-0.00305176
-0.00213623
-0.00244141
-0.00427246
-0.00976563
-0.01708984
-0.02288818
-0.02624512
-0.02746582
-0.02838135
-0.03234863
-0.04150391
-0.05401611
-0.06408691
-0.06805420
-0.06500244
-0.05767822
-0.04882813
-0.04180908
-0.03784180
-0.03692627
-0.03784180
-0.03967285
-0.04150391
-0.04211426
-0.03997803
-0.03479004
-0.02685547
-0.01800537
-0.01068115
-0.00640869
-0.00274658
 0.00091553
 0.00579834
 0.01098633
 0.01434326
 0.01525879
 0.01464844
 0.01556396
 0.01831055
 0.02380371
 0.03082275
 0.03540039
 0.03570557
 0.03234863
 0.02807617
 0.02563477
 0.02716064
 0.03082275
 0.03417969
 0.03631592
 0.03631592
 0.03662109
 0.03906250
 0.04333496
 0.04974365
 0.05554199
 0.05920410
 0.05981445
 0.05676270
 0.05126953
 0.04516602
 0.03936768
 0.03479004
 0.03112793
 0.02807617
 0.02532959
 0.02258301
 0.01892090
 0.01464844
 0.01098633
 0.00915527
 0.01068115
 0.01525879
 0.02136230
 0.02685547
 0.03112793
 0.03326416
 0.03356934
 0.03143311
 0.02655029
 0.01861572
 0.00976563
 0.00274658
-0.00061035
 0.00061035
 0.00549316
 0.01251221
 0.01892090
 0.02197266
 0.02136230
 0.01831055
 0.01464844
 0.01190186
 0.01037598
 0.01068115
 0.01037598
 0.00885010
 0.00488281
 0.00000000
-0.00366211
-0.00335693
 0.00061035
 0.00671387
 0.01342773
 0.01647949
 0.01586914
 0.01220703
 0.00823975
 0.00579834
 0.00610352
 0.00885010
 0.01098633
 0.00946045
 0.00183105
-0.01037598
-0.02349854
-0.03540039
-0.04455566
-0.04974365
-0.05310059
-0.05584717
-0.05798340
-0.05798340
-0.05523682
-0.05096436
-0.04730225
-0.04608154
-0.04852295
-0.05371094
-0.05889893
-0.06225586
-0.06317139
-0.06195068
-0.05950928
-0.05706787
-0.05462646
-0.05157471
-0.04699707
-0.03997803
-0.03112793
-0.02227783
-0.01586914
-0.01312256
-0.01342773
-0.01525879
-0.01678467
-0.01678467
-0.01495361
-0.01068115
-0.00457764
 0.00122070
 0.00274658
-0.00061035
-0.00640869
-0.00976563
-0.00762939
-0.00061035
 0.00732422
 0.01098633
 0.00793457
 0.00061035
-0.00549316
-0.00762939
-0.00640869
-0.00457764
-0.00427246
-0.00610352
-0.00701904
-0.00488281
 0.00122070
 0.01037598
 0.01983643
 0.02716064
 0.02990723
 0.02838135
 0.02410889
 0.01800537
 0.01190186
 0.00701904
 0.00427246
 0.00488281
 0.00762939
 0.01098633
 0.01220703
 0.01159668
 0.00976563
 0.00823975
 0.00823975
 0.00976563
 0.01098633
 0.00976563
 0.00549316
 0.00091553
-0.00213623
-0.00122070
 0.00244141
 0.00610352
 0.00732422
 0.00671387
 0.00701904
 0.01068115
 0.01678467
 0.02258301
 0.02532959
 0.02410889
 0.02075195
 0.01800537
 0.01708984
 0.01770020
 0.01922607
 0.02075195
 0.02136230
 0.02105713
 0.02014160
 0.01922607
 0.01861572
 0.02075195
 0.02563477
 0.03265381
 0.03906250
 0.04211426
 0.03906250
 0.03082275
 0.02075195
 0.01281738
 0.00854492
 0.00732422
 0.00885010
 0.01007080
 0.00885010
 0.00518799
 0.00183105
 0.00061035
 0.00122070
 0.00213623
 0.00122070
-0.00213623
-0.00640869
-0.01037598
-0.01190186
-0.01281738
-0.01373291
-0.01403809
-0.01403809
-0.01281738
-0.01068115
-0.00793457
-0.00518799
-0.00305176
-0.00152588
 0.00091553
 0.00457764
 0.00885010
 0.01281738
 0.01464844
 0.01312256
 0.00762939
-0.00122070
-0.01098633
-0.01861572
-0.02197266
-0.02105713
-0.01770020
-0.01434326
-0.01159668
-0.00976563
-0.00915527
-0.00946045
-0.00915527
-0.00915527
-0.00885010
-0.00915527
-0.00976563
-0.01129150
-0.01525879
-0.02136230
-0.02777100
-0.03326416
-0.03540039
-0.03387451
-0.02929688
-0.02197266
-0.01220703
-0.00152588
 0.00701904
 0.00915527
 0.00396729
-0.00549316
-0.01495361
-0.02014160
-0.02014160
-0.01586914
-0.01007080
-0.00579834
-0.00579834
-0.00915527
-0.01464844
-0.01892090
-0.01922607
-0.01495361
-0.00640869
 0.00335693
 0.01068115
 0.01098633
 0.00457764
-0.00579834
-0.01556396
-0.02166748
-0.02319336
-0.02136230
-0.01831055
-0.01434326
-0.01068115
-0.00671387
-0.00244141
 0.00244141
 0.00762939
 0.01129150
 0.01159668
 0.00915527
 0.00579834
 0.00457764
 0.00518799
 0.00793457
 0.01098633
 0.01251221
 0.01281738
 0.01251221
 0.01220703
 0.01373291
 0.01586914
 0.01831055
 0.02075195
 0.02197266
 0.02197266
 0.02044678
 0.01739502
 0.01403809
 0.01159668
 0.00915527
 0.00701904
 0.00457764
 0.00335693
 0.00488281
 0.01007080
 0.01861572
 0.02899170
 0.03814697
 0.04425049
 0.04638672
 0.04577637
 0.04455566
 0.04486084
 0.04791260
 0.05249023
 0.05676270
 0.05889893
 0.05645752
 0.05035400
 0.04364014
 0.04089355
 0.04394531
 0.05126953
 0.05981445
 0.06622314
 0.06744385
 0.06225586
 0.05218506
 0.03967285
 0.02746582
 0.01708984
 0.00885010
 0.00305176
 0.00000000
-0.00061035
 0.00030518
 0.00122070
 0.00183105
 0.00122070
 0.00000000
-0.00183105
-0.00335693
-0.00335693
-0.00244141
-0.00091553
-0.00030518
-0.00122070
-0.00366211
-0.00701904
-0.00946045
-0.00915527
-0.00640869
-0.00030518
 0.00762939
 0.01342773
 0.01586914
 0.01373291
 0.00946045
 0.00549316
 0.00244141
-0.00091553
-0.00610352
-0.01464844
-0.02532959
-0.03570557
-0.04333496
-0.04730225
-0.04730225
-0.04364014
-0.03814697
-0.03326416
-0.03051758
-0.02929688
-0.02929688
-0.02929688
-0.03021240
-0.03051758
-0.03051758
-0.03021240
-0.03082275
-0.03234863
-0.03479004
-0.03753662
-0.03845215
-0.03662109
-0.03234863
-0.02655029
-0.01983643
-0.01312256
-0.00823975
-0.00518799
-0.00549316
-0.00793457
-0.01281738
-0.01892090
-0.02471924
-0.02838135
-0.02960205
-0.02868652
-0.02685547
-0.02624512
-0.02685547
-0.02838135
-0.02746582
-0.02258301
-0.01434326
-0.00427246
 0.00457764
 0.00915527
 0.00885010
 0.00427246
-0.00152588
-0.00732422
-0.01098633
-0.01098633
-0.00854492
-0.00366211
 0.00152588
 0.00457764
 0.00640869
 0.00823975
 0.01068115
 0.01434326
 0.01831055
 0.02044678
 0.01953125
 0.01434326
 0.00762939
 0.00152588
-0.00274658
-0.00549316
-0.00793457
-0.01129150
-0.01556396
-0.01892090
-0.01953125
-0.01647949
-0.00946045
-0.00061035
 0.00732422
 0.01037598
 0.00823975
 0.00274658
-0.00244141
-0.00610352
-0.00793457
-0.00885010
-0.01037598
-0.01220703
-0.01281738
-0.01129150
-0.00671387
 0.00030518
 0.00793457
 0.01434326
 0.01861572
 0.02075195
 0.02136230
 0.02075195
 0.01953125
 0.01739502
 0.01434326
 0.01037598
 0.00518799
 0.00030518
-0.00305176
-0.00457764
-0.00305176
 0.00183105
 0.00732422
 0.01007080
 0.00793457
 0.00213623
-0.00457764
-0.00915527
-0.01159668
-0.01007080
-0.00671387
-0.00427246
-0.00518799
-0.01007080
-0.01708984
-0.02105713
-0.01983643
-0.01373291
-0.00488281
 0.00244141
 0.00610352
 0.00640869
 0.00427246
 0.00244141
 0.00091553
 0.00030518
-0.00122070
-0.00366211
-0.00579834
-0.00701904
-0.00732422
-0.00701904
-0.00671387
-0.00579834
-0.00488281
-0.00457764
-0.00488281
-0.00671387
-0.00915527
-0.01129150
-0.01190186
-0.01190186
-0.01281738
-0.01525879
-0.01892090
-0.02105713
-0.01892090
-0.01342773
-0.00610352
 0.00000000
 0.00152588
-0.00244141
-0.00885010
-0.01342773
-0.01251221
-0.00823975
-0.00274658
 0.00091553
 0.00061035
-0.00396729
-0.01098633
-0.01678467
-0.01861572
-0.01556396
-0.00885010
-0.00091553
 0.00488281
 0.00549316
 0.00122070
-0.00457764
-0.00885010
-0.00976563
-0.00915527
-0.00793457
-0.00823975
-0.01037598
-0.01373291
-0.01708984
-0.01861572
-0.01739502
-0.01312256
-0.00701904
-0.00061035
 0.00579834
 0.01068115
 0.01403809
 0.01586914
 0.01556396
 0.01403809
 0.01190186
 0.00946045
 0.00885010
 0.01098633
 0.01678467
 0.02502441
 0.03204346
 0.03509521
 0.03356934
 0.02868652
 0.02441406
 0.02349854
 0.02655029
 0.03143311
 0.03479004
 0.03326416
 0.02655029
 0.01800537
 0.01098633
 0.00793457
 0.00976563
 0.01495361
 0.02044678
 0.02410889
 0.02593994
 0.02624512
 0.02655029
 0.02685547
 0.02807617
 0.03051758
 0.03234863
 0.03356934
 0.03356934
 0.03234863
 0.03051758
 0.02838135
 0.02746582
 0.02838135
 0.03082275
 0.03295898
 0.03448486
 0.03448486
 0.03387451
 0.03356934
 0.03356934
 0.03143311
 0.02655029
 0.01953125
 0.01373291
 0.01190186
 0.01312256
 0.01617432
 0.01831055
 0.01739502
 0.01342773
 0.00823975
 0.00457764
 0.00274658
 0.00305176
 0.00488281
 0.00701904
 0.00854492
 0.00885010
 0.00671387
 0.00305176
-0.00061035
-0.00335693
-0.00457764
-0.00457764
-0.00488281
-0.00671387
-0.00915527
