-0.00061035
-0.00030518
 0.00091553
 0.00091553
 0.00061035
-0.00061035
-0.00122070
-0.00122070
-0.00183105
-0.00244141
-0.00274658
-0.00274658
-0.00244141
-0.00152588
-0.00091553
-0.00030518
 0.00030518
 0.00061035
 0.00030518
-0.00061035
-0.00061035
-0.00030518
-0.00091553
-0.00122070
-0.00152588
-0.00152588
-0.00152588
-0.00152588
-0.00152588
-0.00152588
-0.00091553
 0.00000000
 0.00061035
 0.00091553
 0.00061035
 0.00000000
-0.00061035
-0.00061035
-0.00061035
-0.00122070
-0.00183105
-0.00152588
-0.00122070
-0.00122070
-0.00183105
-0.00183105
-0.00122070
-0.00122070
-0.00061035
 0.00030518
 0.00091553
 0.00091553
 0.00061035
 0.00000000
-0.00061035
-0.00061035
-0.00061035
-0.00091553
-0.00152588
-0.00213623
-0.00152588
-0.00061035
 0.00000000
 0.00030518
 0.00000000
-0.00030518
-0.00030518
 0.00000000
 0.00061035
 0.00061035
 0.00030518
-0.00061035
-0.00152588
-0.00183105
-0.00152588
-0.00091553
-0.00061035
-0.00030518
-0.00030518
-0.00030518
-0.00030518
 0.00030518
 0.00091553
 0.00091553
 0.00030518
 0.00000000
-0.00061035
-0.00091553
-0.00122070
-0.00152588
-0.00122070
-0.00122070
-0.00091553
-0.00030518
-0.00030518
 0.00030518
 0.00244141
 0.00640869
 0.00885010
 0.00457764
-0.00610352
-0.01373291
-0.01190186
-0.00762939
-0.01037598
-0.01464844
-0.00854492
 0.00549316
 0.01464844
 0.00946045
-0.00274658
-0.00915527
-0.01098633
-0.00701904
 0.00488281
 0.01586914
 0.01373291
 0.00488281
 0.00213623
-0.00030518
-0.01190186
-0.02746582
-0.03448486
-0.02807617
-0.01098633
 0.01373291
 0.03784180
 0.04852295
 0.03570557
 0.00518799
-0.02075195
-0.02685547
-0.01342773
 0.01342773
 0.04364014
 0.05645752
 0.02929688
-0.01007080
-0.02075195
-0.01708984
-0.01220703
-0.01129150
-0.02227783
-0.04058838
-0.04028320
-0.01129150
 0.02990723
 0.06500244
 0.07446289
 0.04547119
 0.00915527
-0.00061035
 0.00427246
 0.00030518
-0.02502441
-0.06042480
-0.08392334
-0.08361816
-0.05615234
-0.01159668
 0.03692627
 0.07781982
 0.09460449
 0.06774902
 0.01281738
-0.03662109
-0.06134033
-0.05432129
-0.02624512
 0.00213623
 0.01983643
 0.02532959
 0.02258301
 0.00457764
-0.03387451
-0.06500244
-0.05889893
-0.02441406
 0.01586914
 0.04760742
 0.06561279
 0.06561279
 0.05340576
 0.03173828
 0.00885010
-0.00427246
-0.00915527
-0.01831055
-0.03814697
-0.06469727
-0.08209229
-0.07873535
-0.05187988
-0.00732422
 0.04364014
 0.08422852
 0.09429932
 0.06347656
 0.02532959
 0.00762939
 0.00061035
-0.01068115
-0.02838135
-0.04394531
-0.05126953
-0.05310059
-0.05096436
-0.04241943
-0.02227783
 0.00854492
 0.03845215
 0.05340576
 0.04852295
 0.03723145
 0.03204346
 0.03173828
 0.03143311
 0.02777100
 0.01220703
-0.02227783
-0.06347656
-0.09552002
-0.10955811
-0.09826660
-0.05706787
 0.00732422
 0.07751465
 0.12573242
 0.12664795
 0.06347656
-0.01159668
-0.03967285
-0.02441406
 0.00946045
 0.03875732
 0.04302979
 0.00183105
-0.05798340
-0.08758545
-0.08026123
-0.04821777
-0.00396729
 0.03631592
 0.06317139
 0.06988525
 0.06378174
 0.05645752
 0.04455566
 0.02197266
-0.00762939
-0.03326416
-0.04486084
-0.03997803
-0.02716064
-0.01983643
-0.02410889
-0.02746582
-0.01678467
 0.00305176
 0.02258301
 0.03723145
 0.04638672
 0.04699707
 0.03479004
 0.01495361
 0.00213623
-0.00274658
-0.01007080
-0.02868652
-0.05523682
-0.07476807
-0.07324219
-0.04760742
-0.00793457
 0.03143311
 0.05737305
 0.05767822
 0.04211426
 0.03509521
 0.03601074
 0.02838135
 0.00701904
-0.01586914
-0.02746582
-0.03112793
-0.03479004
-0.04089355
-0.04364014
-0.03906250
-0.02655029
-0.00579834
 0.02410889
 0.05737305
 0.07873535
 0.06927490
 0.03204346
-0.00244141
-0.01861572
-0.02197266
-0.02227783
-0.02716064
-0.03723145
-0.04486084
-0.04302979
-0.02990723
-0.00793457
 0.02044678
 0.04730225
 0.06225586
 0.05615234
 0.03753662
 0.02166748
 0.01007080
-0.00061035
-0.01037598
-0.01770020
-0.02380371
-0.02807617
-0.02838135
-0.02563477
-0.02441406
-0.02502441
-0.02044678
-0.00549316
 0.01739502
 0.04272461
 0.06347656
 0.06927490
 0.05218506
 0.01770020
-0.01464844
-0.03417969
-0.04364014
-0.04669189
-0.04394531
-0.03601074
-0.02410889
-0.01129150
 0.00091553
 0.01068115
 0.01800537
 0.02471924
 0.03173828
 0.03570557
 0.03295898
 0.02288818
 0.01007080
-0.00396729
-0.02044678
-0.03692627
-0.04638672
-0.04486084
-0.03540039
-0.02197266
-0.00701904
 0.00762939
 0.01983643
 0.02990723
 0.03601074
 0.03448486
 0.02349854
 0.00823975
-0.00457764
-0.01342773
-0.01983643
-0.02471924
-0.02624512
-0.02410889
-0.02105713
-0.01800537
-0.01159668
 0.00183105
 0.02075195
 0.03936768
 0.04852295
 0.04150391
 0.02136230
 0.00030518
-0.01220703
-0.01556396
-0.01434326
-0.01617432
-0.02410889
-0.03356934
-0.03570557
-0.02655029
-0.00701904
 0.01739502
 0.04028320
 0.05249023
 0.04882813
 0.03356934
 0.01464844
-0.00091553
-0.01190186
-0.01953125
-0.02563477
-0.02929688
-0.02990723
-0.02655029
-0.01922607
-0.00976563
-0.00183105
 0.00305176
 0.00610352
 0.01129150
 0.01953125
 0.02899170
 0.03387451
 0.02960205
 0.01556396
-0.00274658
-0.01861572
-0.02899170
-0.03356934
-0.03234863
-0.02563477
-0.01464844
-0.00152588
 0.01129150
 0.02044678
 0.02288818
 0.01800537
 0.01220703
 0.01129150
 0.01373291
 0.01556396
 0.01220703
 0.00305176
-0.01159668
-0.02716064
-0.03601074
-0.03417969
-0.02227783
-0.00427246
 0.01373291
 0.02593994
 0.02899170
 0.02441406
 0.01800537
 0.01281738
 0.00885010
 0.00335693
-0.00457764
-0.01281738
-0.01861572
-0.02075195
-0.01831055
-0.01251221
-0.00549316
 0.00122070
 0.00640869
 0.01037598
 0.01342773
 0.01586914
 0.01708984
 0.01647949
 0.01281738
 0.00762939
 0.00152588
-0.00518799
-0.01281738
-0.02075195
-0.02716064
-0.02868652
-0.02410889
-0.01495361
-0.00335693
 0.00793457
 0.01739502
 0.02380371
 0.02838135
 0.03204346
 0.03173828
 0.02532959
 0.01098633
-0.00701904
-0.02136230
-0.02838135
-0.02777100
-0.02105713
-0.01159668
-0.00457764
-0.00213623
-0.00305176
-0.00305176
 0.00000000
 0.00488281
 0.00915527
 0.00946045
 0.00610352
 0.00000000
-0.00701904
-0.01220703
-0.01434326
-0.01403809
-0.01098633
-0.00457764
 0.00488281
 0.01708984
 0.02960205
 0.04058838
 0.04699707
 0.04608154
 0.03814697
 0.02624512
 0.01373291
 0.00274658
-0.00549316
-0.01098633
-0.01464844
-0.01708984
-0.01831055
-0.01800537
-0.01495361
-0.00946045
-0.00213623
 0.00549316
 0.01220703
 0.01647949
 0.01708984
 0.01403809
 0.00732422
-0.00305176
-0.01464844
-0.02471924
-0.03143311
-0.03479004
-0.03387451
-0.02868652
-0.02136230
-0.01281738
-0.00549316
-0.00091553
 0.00244141
 0.00579834
 0.00823975
 0.00946045
 0.00823975
 0.00396729
-0.00305176
-0.01251221
-0.02197266
-0.02868652
-0.03143311
-0.02960205
-0.02319336
-0.01373291
-0.00366211
 0.00518799
 0.01129150
 0.01434326
 0.01525879
 0.01647949
 0.01770020
 0.01739502
 0.01373291
 0.00701904
-0.00122070
-0.00732422
-0.01007080
-0.00915527
-0.00701904
-0.00488281
-0.00335693
-0.00122070
 0.00213623
 0.00518799
 0.00701904
 0.00701904
 0.00579834
 0.00335693
 0.00061035
-0.00335693
-0.00793457
-0.01373291
-0.01892090
-0.02166748
-0.02044678
-0.01617432
-0.01068115
-0.00518799
-0.00122070
 0.00122070
 0.00213623
 0.00335693
 0.00396729
 0.00366211
 0.00183105
-0.00213623
-0.00671387
-0.00976563
-0.00915527
-0.00640869
-0.00183105
 0.00305176
 0.00671387
 0.01007080
 0.01281738
 0.01586914
 0.01739502
 0.01678467
 0.01403809
 0.00854492
 0.00213623
-0.00305176
-0.00640869
-0.00823975
-0.00915527
-0.00793457
-0.00366211
 0.00396729
 0.01251221
 0.02014160
 0.02380371
 0.02227783
 0.01586914
 0.00762939
 0.00030518
-0.00518799
-0.01007080
-0.01434326
-0.01770020
-0.01892090
-0.01647949
-0.01037598
-0.00213623
 0.00518799
 0.00885010
 0.00823975
 0.00579834
 0.00396729
 0.00305176
 0.00305176
 0.00244141
 0.00000000
-0.00518799
-0.01129150
-0.01647949
-0.01861572
-0.01708984
-0.01281738
-0.00823975
-0.00274658
 0.00305176
 0.00854492
 0.01220703
 0.01403809
 0.01464844
 0.01312256
 0.00915527
 0.00366211
-0.00122070
-0.00427246
-0.00640869
-0.00793457
-0.00946045
-0.01068115
-0.01098633
-0.00976563
-0.00732422
-0.00366211
 0.00122070
 0.00640869
 0.01068115
 0.01129150
 0.00854492
 0.00427246
-0.00030518
-0.00610352
-0.01220703
-0.01708984
-0.02044678
-0.02014160
-0.01586914
-0.00885010
-0.00061035
 0.00579834
 0.01037598
 0.01342773
 0.01464844
 0.01464844
 0.01281738
 0.00976563
 0.00579834
 0.00183105
-0.00061035
-0.00122070
-0.00122070
-0.00091553
-0.00091553
 0.00122070
 0.00579834
 0.01220703
 0.01831055
 0.02288818
 0.02471924
 0.02319336
 0.01922607
 0.01403809
 0.00885010
 0.00335693
-0.00274658
-0.00885010
-0.01403809
-0.01739502
-0.01678467
-0.01220703
-0.00579834
 0.00030518
 0.00549316
 0.00854492
 0.00976563
 0.00885010
 0.00610352
 0.00335693
 0.00061035
-0.00274658
-0.00671387
-0.00946045
-0.00946045
-0.00762939
-0.00457764
 0.00000000
 0.00579834
 0.01098633
 0.01525879
 0.01708984
 0.01678467
 0.01464844
 0.01220703
 0.00915527
 0.00579834
 0.00305176
-0.00030518
-0.00518799
-0.01007080
-0.01251221
-0.01098633
-0.00579834
 0.00183105
 0.00915527
 0.01464844
 0.01647949
 0.01525879
 0.01403809
 0.01373291
 0.01434326
 0.01434326
 0.01220703
 0.00854492
 0.00427246
 0.00061035
-0.00152588
-0.00122070
 0.00000000
 0.00122070
 0.00152588
 0.00091553
-0.00061035
-0.00152588
-0.00122070
-0.00061035
-0.00030518
-0.00122070
-0.00457764
-0.00976563
-0.01434326
-0.01708984
-0.01708984
-0.01495361
-0.01220703
-0.00885010
-0.00549316
-0.00366211
-0.00366211
-0.00427246
-0.00457764
-0.00488281
-0.00549316
-0.00732422
-0.01068115
-0.01464844
-0.01770020
-0.01953125
-0.01861572
-0.01617432
-0.01281738
-0.00854492
-0.00488281
-0.00213623
 0.00000000
 0.00061035
-0.00030518
-0.00152588
-0.00335693
-0.00610352
-0.00885010
-0.01190186
-0.01373291
-0.01434326
-0.01220703
-0.00732422
-0.00122070
 0.00457764
 0.00915527
 0.01068115
 0.00946045
 0.00671387
 0.00366211
 0.00091553
-0.00152588
-0.00335693
-0.00610352
-0.00915527
-0.01159668
-0.01312256
-0.01251221
-0.01007080
-0.00671387
-0.00396729
-0.00183105
-0.00091553
 0.00000000
 0.00091553
 0.00030518
-0.00183105
-0.00518799
-0.00885010
-0.01220703
-0.01403809
-0.01342773
-0.00976563
-0.00488281
-0.00030518
 0.00305176
 0.00549316
 0.00610352
 0.00518799
 0.00396729
 0.00244141
 0.00030518
-0.00152588
-0.00213623
-0.00274658
-0.00335693
-0.00427246
-0.00457764
-0.00274658
 0.00061035
 0.00518799
 0.01037598
 0.01373291
 0.01495361
 0.01373291
 0.01220703
 0.00976563
 0.00640869
 0.00213623
-0.00213623
-0.00579834
-0.00762939
-0.00610352
-0.00152588
 0.00518799
 0.01098633
 0.01464844
 0.01556396
 0.01464844
 0.01312256
 0.01251221
 0.01159668
 0.00976563
 0.00762939
 0.00518799
 0.00274658
 0.00091553
 0.00030518
 0.00000000
-0.00030518
-0.00030518
 0.00152588
 0.00518799
 0.00946045
 0.01312256
 0.01373291
 0.01068115
 0.00579834
 0.00152588
-0.00030518
-0.00061035
-0.00091553
-0.00152588
-0.00213623
-0.00122070
 0.00122070
 0.00549316
 0.01007080
 0.01342773
 0.01434326
 0.01342773
 0.01220703
 0.01159668
 0.01098633
 0.00854492
 0.00457764
 0.00000000
-0.00427246
-0.00671387
-0.00732422
-0.00610352
-0.00427246
-0.00244141
-0.00091553
 0.00122070
 0.00396729
 0.00732422
 0.01007080
 0.01007080
 0.00701904
 0.00244141
-0.00122070
-0.00427246
-0.00640869
-0.00823975
-0.00946045
-0.00976563
-0.00823975
-0.00518799
 0.00000000
 0.00549316
 0.01037598
 0.01281738
 0.01312256
 0.01159668
 0.00885010
 0.00610352
 0.00335693
 0.00030518
-0.00335693
-0.00701904
-0.01159668
-0.01525879
-0.01708984
-0.01617432
-0.01281738
-0.00823975
-0.00366211
 0.00122070
 0.00518799
 0.00640869
 0.00457764
 0.00091553
-0.00274658
-0.00640869
-0.00976563
-0.01281738
-0.01556396
-0.01770020
-0.01831055
-0.01739502
-0.01373291
-0.00823975
-0.00122070
 0.00549316
 0.01068115
 0.01373291
 0.01434326
 0.01281738
 0.00976563
 0.00701904
 0.00457764
 0.00183105
-0.00152588
-0.00518799
-0.00793457
-0.00854492
-0.00671387
-0.00335693
 0.00091553
 0.00488281
 0.00793457
 0.00915527
 0.00793457
 0.00610352
 0.00335693
 0.00000000
-0.00427246
-0.00976563
-0.01495361
-0.01861572
-0.01983643
-0.01800537
-0.01342773
-0.00854492
-0.00488281
-0.00244141
-0.00061035
 0.00122070
 0.00396729
 0.00640869
 0.00732422
 0.00610352
 0.00244141
-0.00213623
-0.00732422
-0.01129150
-0.01251221
-0.01159668
-0.00854492
-0.00457764
-0.00030518
 0.00335693
 0.00549316
 0.00640869
 0.00640869
 0.00640869
 0.00610352
 0.00488281
 0.00213623
-0.00122070
-0.00488281
-0.00793457
-0.00915527
-0.00885010
-0.00793457
-0.00640869
-0.00488281
-0.00305176
-0.00061035
 0.00183105
 0.00366211
 0.00518799
 0.00549316
 0.00457764
 0.00152588
-0.00244141
-0.00671387
-0.00976563
-0.01098633
-0.01037598
-0.00823975
-0.00518799
-0.00305176
-0.00213623
-0.00152588
 0.00000000
 0.00244141
 0.00457764
 0.00549316
 0.00457764
 0.00183105
-0.00183105
-0.00488281
-0.00640869
-0.00671387
-0.00579834
-0.00427246
-0.00305176
-0.00244141
-0.00183105
-0.00030518
 0.00244141
 0.00610352
 0.00976563
 0.01281738
 0.01617432
 0.02258301
 0.03570557
 0.05737305
 0.08422852
 0.10681152
 0.10375977
 0.04760742
-0.05187988
-0.14373779
-0.18829346
-0.17883301
-0.12664795
-0.05828857
-0.01068115
-0.00915527
-0.06072998
-0.11260986
-0.08941650
-0.01708984
 0.04241943
 0.05432129
 0.01922607
-0.01831055
 0.01007080
 0.08300781
 0.13671875
 0.11688232
 0.00061035
-0.11871338
-0.16418457
-0.16296387
-0.15075684
-0.13092041
-0.08972168
-0.00762939
 0.11352539
 0.22735596
 0.29754639
 0.26702881
 0.15411377
 0.07781982
 0.10284424
 0.16448975
 0.18951416
 0.11749268
-0.06469727
-0.25482178
-0.35766602
-0.31341553
-0.20172119
-0.07293701
 0.05065918
 0.15350342
 0.21087646
 0.22827148
 0.23376465
 0.22827148
 0.18585205
 0.06317139
-0.12664795
-0.29693604
-0.37780762
-0.31066895
-0.15380859
 0.04119873
 0.25115967
 0.35552979
 0.29754639
 0.23773193
 0.13977051
 0.04211426
-0.00762939
-0.01708984
-0.01525879
-0.01464844
-0.01129150
-0.00427246
-0.02990723
-0.12969971
-0.26092529
-0.33355713
-0.26336670
-0.07873535
 0.18554688
 0.48034668
 0.57098389
 0.46997070
 0.33691406
 0.23742676
 0.08300781
-0.10955811
-0.30090332
-0.44250488
-0.45440674
-0.33294678
-0.16937256
-0.04364014
 0.01403809
 0.04669189
 0.09796143
 0.17272949
 0.25695801
 0.35156250
 0.35217285
 0.28961182
 0.10894775
-0.09674072
-0.25695801
-0.36621094
-0.39398193
-0.34759521
-0.28564453
-0.22247314
-0.16632080
-0.09033203
 0.03204346
 0.19165039
 0.35614014
 0.43395996
 0.37536621
 0.27465820
 0.10192871
-0.03082275
-0.11322021
-0.19561768
-0.28564453
-0.36010742
-0.39001465
-0.34698486
-0.26580811
-0.15808105
-0.05096436
 0.04394531
 0.12878418
 0.19958496
 0.26428223
 0.31280518
 0.31585693
 0.21301270
 0.01953125
-0.17517090
-0.33172607
-0.43701172
-0.50476074
-0.55450439
-0.56732178
-0.49163818
-0.30578613
-0.03234863
 0.34027100
 0.60607910
 0.64880371
 0.46813965
 0.27221680
-0.00823975
-0.22491455
-0.34118652
-0.31829834
-0.23712158
-0.14984131
-0.07690430
-0.03234863
-0.00976563
 0.01068115
 0.04394531
 0.09979248
 0.16296387
 0.22003174
 0.26031494
 0.25146484
 0.15380859
-0.00732422
-0.16540527
-0.29388428
-0.37353516
-0.35797119
-0.27008057
-0.15380859
-0.05523682
-0.00244141
 0.00030518
-0.04730225
-0.11077881
-0.11627197
-0.05706787
 0.03967285
 0.14343262
 0.22155762
 0.24963379
 0.19195557
 0.03417969
-0.15716553
-0.30212402
-0.36682129
-0.31280518
-0.17395020
 0.02532959
 0.26733398
 0.45715332
 0.49774170
 0.43304443
 0.34729004
 0.23895264
 0.11322021
 0.02563477
-0.05462646
-0.12512207
-0.15533447
-0.13244629
-0.06744385
 0.01342773
 0.07843018
 0.11413574
 0.13092041
 0.15106201
 0.20202637
 0.27923584
 0.35369873
 0.33691406
 0.26855469
 0.11901855
-0.04486084
-0.16387939
-0.22125244
-0.20660400
-0.11230469
 0.04272461
 0.21820068
 0.36010742
 0.33020020
 0.24291992
 0.08331299
-0.06561279
-0.12145996
-0.09307861
-0.00335693
 0.11444092
 0.21911621
 0.27526855
 0.25878906
 0.14221191
-0.04302979
-0.20721436
-0.29205322
-0.29418945
-0.22186279
-0.10192871
 0.03387451
 0.15167236
 0.22705078
 0.24688721
 0.20965576
 0.11810303
 0.02838135
-0.01525879
-0.02777100
-0.03509521
-0.06317139
-0.11962891
-0.17059326
-0.18127441
-0.14617920
-0.07263184
 0.02014160
 0.10070801
 0.14831543
 0.15380859
 0.10528564
 0.02899170
-0.03906250
-0.09613037
-0.15045166
-0.18981934
-0.19927979
-0.17944336
-0.13763428
-0.08392334
-0.02685547
 0.02807617
 0.07904053
 0.12329102
 0.14923096
 0.13580322
 0.07781982
-0.00762939
-0.10589600
-0.20324707
-0.27984619
-0.32714844
-0.31616211
-0.26458740
-0.17883301
-0.07690430
 0.01251221
 0.06958008
 0.08117676
 0.02563477
-0.08178711
-0.18005371
-0.23132324
-0.24597168
-0.22949219
-0.19012451
-0.14038086
-0.09338379
-0.05401611
-0.02014160
 0.00946045
 0.03662109
 0.05310059
 0.04150391
-0.00396729
-0.06164551
-0.10833740
-0.14190674
-0.16571045
-0.17974854
-0.17791748
-0.15258789
-0.10284424
-0.03417969
 0.03967285
 0.09948730
 0.13000488
 0.11138916
 0.05432129
 0.00488281
-0.01708984
-0.02075195
-0.01007080
 0.01312256
 0.04180908
 0.06713867
 0.07904053
 0.07293701
 0.05859375
 0.05218506
 0.06317139
 0.09155273
 0.13153076
 0.17425537
 0.20599365
 0.20935059
 0.17608643
 0.12908936
 0.09063721
 0.06164551
 0.03875732
 0.02136230
 0.00823975
-0.00091553
-0.00213623
 0.01007080
 0.03692627
 0.07537842
 0.11993408
 0.16601563
 0.20660400
 0.23437500
 0.24169922
 0.22644043
 0.18676758
 0.11840820
 0.02288818
-0.08575439
-0.18249512
-0.24505615
-0.25848389
-0.21697998
-0.12268066
 0.00732422
 0.13916016
 0.24017334
 0.28991699
 0.27252197
 0.17456055
 0.05340576
-0.02349854
-0.05187988
-0.05401611
-0.03875732
-0.01678467
 0.00244141
 0.01434326
 0.02655029
 0.04882813
 0.08270264
 0.12298584
 0.16113281
 0.18524170
 0.17974854
 0.14129639
 0.08453369
 0.02319336
-0.03692627
-0.09033203
-0.12969971
-0.14953613
-0.14678955
-0.12084961
-0.07598877
-0.01678467
 0.04974365
 0.11260986
 0.16143799
 0.18127441
 0.14984131
 0.08361816
 0.01770020
-0.03753662
-0.08392334
-0.11566162
-0.13000488
-0.13061523
-0.12207031
-0.10803223
-0.09063721
-0.07080078
-0.05126953
-0.03784180
-0.03448486
-0.03967285
-0.04638672
-0.04974365
-0.05004883
-0.05126953
-0.05859375
-0.07873535
-0.11199951
-0.15106201
-0.18371582
-0.20111084
-0.19897461
-0.17700195
-0.13916016
-0.09124756
-0.04150391
 0.00152588
 0.02655029
 0.02136230
-0.00518799
-0.02960205
-0.04455566
-0.05523682
-0.06347656
-0.07049561
-0.07659912
-0.08392334
-0.09124756
-0.09246826
-0.07965088
-0.04974365
-0.00823975
 0.03448486
 0.06530762
 0.06408691
 0.02349854
-0.02807617
-0.06378174
-0.08117676
-0.08148193
-0.06591797
-0.03784180
-0.00457764
 0.02380371
 0.03479004
 0.02288818
 0.00183105
-0.01159668
-0.01342773
-0.00579834
 0.00610352
 0.01800537
 0.02624512
 0.03082275
 0.03356934
 0.03723145
 0.04211426
 0.04577637
 0.04638672
 0.04180908
 0.03265381
 0.02197266
 0.01190186
 0.00396729
-0.00152588
-0.00366211
-0.00244141
 0.00091553
 0.00701904
 0.01770020
 0.03356934
 0.05187988
 0.06744385
 0.07263184
 0.06225586
 0.04028320
 0.01586914
-0.00305176
-0.01464844
-0.01983643
-0.02075195
-0.01861572
-0.01312256
-0.00396729
 0.00732422
 0.01831055
 0.02807617
 0.03692627
 0.04425049
 0.05157471
 0.05737305
 0.05798340
 0.04943848
 0.03295898
 0.01617432
 0.00640869
 0.00701904
 0.01647949
 0.03234863
 0.05004883
 0.06530762
 0.07629395
 0.08361816
 0.08819580
 0.08880615
 0.08270264
 0.06774902
 0.04608154
 0.02410889
 0.00793457
-0.00122070
-0.00396729
-0.00122070
 0.00518799
 0.01312256
 0.01861572
 0.01831055
 0.01068115
-0.00091553
-0.00762939
-0.00274658
 0.01434326
 0.03906250
 0.06164551
 0.06927490
 0.05371094
 0.02380371
-0.00610352
-0.02716064
-0.03845215
-0.03936768
-0.03021240
-0.01556396
-0.00244141
 0.00183105
-0.00549316
-0.01953125
-0.03265381
-0.04058838
-0.04302979
-0.03997803
-0.03417969
-0.02899170
-0.02746582
-0.03021240
-0.03479004
-0.03601074
-0.02960205
-0.01434326
 0.00762939
 0.03082275
 0.04791260
 0.05096436
 0.03784180
 0.01464844
-0.01037598
-0.02990723
-0.03967285
-0.03784180
-0.02807617
-0.01586914
-0.00701904
-0.00549316
-0.01098633
-0.01800537
-0.02136230
-0.02044678
-0.01708984
-0.01220703
-0.00427246
 0.00885010
 0.02593994
 0.04119873
 0.04547119
 0.03234863
 0.00640869
-0.01922607
-0.03662109
-0.04669189
-0.05279541
-0.05584717
-0.05615234
-0.05371094
-0.04821777
-0.04058838
-0.03143311
-0.02044678
-0.00762939
 0.00732422
 0.02441406
 0.04211426
 0.05889893
 0.07293701
 0.08056641
 0.07781982
 0.06134033
 0.03601074
 0.01037598
-0.01007080
-0.02410889
-0.03112793
-0.03112793
-0.02410889
-0.01190186
 0.00274658
 0.01464844
 0.01922607
 0.01556396
 0.00793457
 0.00427246
 0.00762939
 0.01647949
 0.02471924
 0.02410889
 0.01190186
-0.00823975
-0.02777100
-0.04089355
-0.04425049
-0.03875732
-0.02593994
-0.00823975
 0.01037598
 0.02624512
 0.03814697
 0.04669189
 0.05310059
 0.06042480
 0.06927490
 0.07690430
 0.07720947
 0.06591797
 0.04211426
 0.00823975
-0.02899170
-0.06286621
-0.08666992
-0.09674072
-0.09246826
-0.07415771
-0.04486084
-0.00946045
 0.02593994
 0.05401611
 0.06622314
 0.06072998
 0.04516602
 0.02746582
 0.01068115
-0.00518799
-0.01953125
-0.02990723
-0.03601074
-0.03753662
-0.03448486
-0.02349854
-0.00274658
 0.02563477
 0.05706787
 0.08209229
 0.08941650
 0.07568359
 0.05249023
 0.03265381
 0.01770020
 0.00152588
-0.02075195
-0.05004883
-0.07995605
-0.10162354
-0.11077881
-0.10589600
-0.08666992
-0.05523682
-0.01464844
 0.03021240
 0.07293701
 0.10345459
 0.10803223
 0.08636475
 0.05554199
 0.02899170
 0.00457764
-0.02166748
-0.04974365
-0.07446289
-0.09185791
-0.09918213
-0.09460449
-0.07812500
-0.05187988
-0.01800537
 0.01922607
 0.05371094
 0.07720947
 0.08148193
 0.06500244
 0.03326416
-0.00885010
-0.05798340
-0.10711670
-0.14495850
-0.16540527
-0.16632080
-0.15106201
-0.12542725
-0.09460449
-0.06103516
-0.02624512
 0.00885010
 0.04211426
 0.06744385
 0.07751465
 0.06744385
 0.04028320
 0.00305176
-0.03662109
-0.07171631
-0.09490967
-0.10253906
-0.09460449
-0.07476807
-0.05035400
-0.02899170
-0.01739502
-0.01586914
-0.01586914
-0.01190186
-0.00518799
-0.00183105
-0.00518799
-0.01800537
-0.03540039
-0.04943848
-0.05584717
-0.05371094
-0.04425049
-0.02807617
-0.00549316
 0.02319336
 0.05584717
 0.08758545
 0.10925293
 0.11383057
 0.09979248
 0.07446289
 0.04760742
 0.02288818
 0.00244141
-0.01525879
-0.02990723
-0.03967285
-0.04302979
-0.03814697
-0.02624512
-0.01037598
 0.00549316
 0.01892090
 0.02990723
 0.03845215
 0.04302979
 0.04119873
 0.03295898
 0.02258301
 0.01434326
 0.01068115
 0.01068115
 0.01098633
 0.00823975
 0.00244141
-0.00244141
-0.00122070
 0.00701904
 0.02166748
 0.03875732
 0.05279541
 0.05889893
 0.05676270
 0.05065918
 0.04638672
 0.04547119
 0.04699707
 0.04730225
 0.04394531
 0.03601074
 0.02807617
 0.02441406
 0.02716064
 0.03479004
 0.04394531
 0.05310059
 0.06103516
 0.06591797
 0.06713867
 0.06225586
 0.05096436
 0.03692627
 0.02471924
 0.01647949
 0.01098633
 0.00518799
-0.00244141
-0.01129150
-0.01770020
-0.01770020
-0.00976563
 0.00427246
 0.02136230
 0.03784180
 0.04882813
 0.05340576
 0.05187988
 0.04730225
 0.04089355
 0.03326416
 0.02349854
 0.01342773
 0.00457764
-0.00213623
-0.00701904
-0.01159668
-0.01617432
-0.02075195
-0.02227783
-0.01922607
-0.01129150
-0.00122070
 0.00793457
 0.01342773
 0.01220703
 0.00183105
-0.01617432
-0.03662109
-0.05218506
-0.05859375
-0.05432129
-0.04119873
-0.02319336
-0.00640869
 0.00335693
 0.00274658
-0.00549316
-0.01617432
-0.02563477
-0.03204346
-0.03479004
-0.03387451
-0.03021240
-0.02563477
-0.02197266
-0.01922607
-0.01586914
-0.01190186
-0.00793457
-0.00335693
 0.00183105
 0.00793457
 0.01281738
 0.01434326
 0.00885010
-0.00518799
-0.02471924
-0.04241943
-0.05310059
-0.05401611
-0.04730225
-0.03631592
-0.02410889
-0.01281738
-0.00305176
 0.00488281
 0.01007080
 0.01068115
 0.00732422
 0.00183105
-0.00427246
-0.01098633
-0.02014160
-0.03204346
-0.04608154
-0.05859375
-0.06469727
-0.06317139
-0.05676270
-0.04913330
-0.04272461
-0.03845215
-0.03509521
-0.03143311
-0.02746582
-0.02655029
-0.03021240
-0.03967285
-0.05157471
-0.06103516
-0.06530762
-0.06317139
-0.05401611
-0.03845215
-0.01892090
 0.00122070
 0.01770020
 0.02746582
 0.03082275
 0.02990723
 0.02716064
 0.02410889
 0.02166748
 0.02227783
 0.02563477
 0.03051758
 0.03356934
 0.03356934
 0.03143311
 0.02777100
 0.02410889
 0.01892090
 0.01281738
 0.00701904
 0.00396729
 0.00366211
 0.00732422
 0.01251221
 0.01708984
 0.01922607
 0.01861572
 0.01708984
 0.01647949
 0.01953125
 0.02685547
 0.03723145
 0.04669189
 0.04943848
 0.04211426
 0.02532959
 0.00640869
-0.00854492
-0.01586914
-0.01403809
-0.00427246
 0.01129150
 0.02838135
 0.04272461
 0.05096436
 0.05218506
 0.04882813
 0.04455566
 0.04241943
 0.04333496
 0.04455566
 0.04394531
 0.03753662
 0.02380371
 0.00518799
-0.01403809
-0.02929688
-0.03814697
-0.03967285
-0.03417969
-0.02349854
