 0.00030518
 0.00030518
 0.00030518
 0.00061035
 0.00061035
 0.00091553
 0.00030518
-0.00030518
 0.00000000
 0.00061035
 0.00030518
 0.00000000
 0.00000000
 0.00000000
 0.00000000
-0.00030518
 0.00000000
 0.00061035
 0.00061035
 0.00061035
 0.00030518
 0.00030518
 0.00030518
 0.00030518
 0.00030518
 0.00000000
-0.00030518
-0.00030518
 0.00030518
 0.00061035
 0.00091553
 0.00030518
 0.00000000
-0.00030518
 0.00030518
 0.00061035
 0.00061035
 0.00030518
 0.00000000
 0.00000000
 0.00061035
 0.00122070
 0.00122070
 0.00061035
 0.00030518
 0.00000000
 0.00000000
 0.00000000
 0.00030518
 0.00061035
 0.00061035
 0.00030518
 0.00030518
 0.00000000
 0.00000000
 0.00000000
 0.00030518
 0.00030518
 0.00000000
 0.00000000
 0.00030518
 0.00061035
 0.00061035
 0.00030518
 0.00000000
 0.00000000
 0.00030518
 0.00030518
 0.00030518
 0.00030518
 0.00000000
 0.00000000
 0.00000000
 0.00030518
 0.00061035
 0.00061035
 0.00030518
 0.00061035
 0.00091553
 0.00122070
 0.00122070
 0.00061035
 0.00000000
-0.00091553
-0.00122070
-0.00122070
-0.00030518
 0.00091553
 0.00244141
 0.00335693
 0.00335693
 0.00122070
-0.00213623
-0.00488281
-0.00518799
-0.00274658
 0.00183105
 0.00579834
 0.00671387
 0.00366211
-0.00122070
-0.00518799
-0.00579834
-0.00335693
 0.00000000
 0.00305176
 0.00457764
 0.00335693
 0.00122070
-0.00061035
-0.00213623
-0.00335693
-0.00366211
-0.00213623
 0.00061035
 0.00305176
 0.00396729
 0.00305176
 0.00030518
-0.00274658
-0.00396729
-0.00366211
-0.00244141
-0.00091553
 0.00061035
 0.00183105
 0.00274658
 0.00305176
 0.00213623
 0.00091553
-0.00122070
-0.00366211
-0.00488281
-0.00366211
 0.00030518
 0.00427246
 0.00579834
 0.00335693
-0.00061035
-0.00305176
-0.00427246
-0.00366211
-0.00152588
 0.00152588
 0.00335693
 0.00366211
 0.00244141
 0.00061035
-0.00091553
-0.00122070
-0.00122070
-0.00152588
-0.00152588
-0.00091553
 0.00000000
 0.00091553
 0.00152588
 0.00152588
 0.00122070
 0.00061035
 0.00030518
 0.00061035
 0.00061035
 0.00000000
-0.00030518
-0.00030518
 0.00030518
 0.00061035
 0.00061035
 0.00030518
-0.00030518
-0.00030518
 0.00000000
 0.00091553
 0.00213623
 0.00244141
 0.00152588
 0.00030518
-0.00030518
-0.00030518
 0.00000000
 0.00030518
 0.00061035
 0.00030518
-0.00030518
-0.00091553
-0.00122070
 0.00000000
 0.00091553
 0.00122070
 0.00152588
 0.00152588
 0.00122070
 0.00061035
-0.00030518
-0.00061035
-0.00030518
 0.00030518
 0.00091553
 0.00122070
 0.00091553
 0.00030518
-0.00030518
-0.00030518
 0.00000000
 0.00061035
 0.00091553
 0.00091553
 0.00061035
 0.00091553
 0.00122070
 0.00091553
 0.00030518
-0.00030518
-0.00061035
-0.00091553
-0.00122070
-0.00061035
 0.00030518
 0.00122070
 0.00122070
 0.00122070
 0.00122070
 0.00091553
 0.00061035
 0.00030518
-0.00030518
-0.00061035
 0.00000000
 0.00091553
 0.00152588
 0.00122070
 0.00091553
 0.00030518
-0.00030518
-0.00030518
-0.00030518
 0.00000000
 0.00061035
 0.00122070
 0.00183105
 0.00152588
 0.00122070
 0.00061035
 0.00000000
-0.00122070
-0.00152588
-0.00122070
-0.00030518
 0.00030518
 0.00061035
 0.00091553
 0.00152588
 0.00152588
 0.00122070
 0.00030518
-0.00030518
-0.00061035
-0.00061035
-0.00030518
 0.00061035
 0.00122070
 0.00122070
 0.00061035
 0.00030518
 0.00000000
-0.00061035
-0.00091553
-0.00061035
 0.00000000
 0.00030518
 0.00122070
 0.00183105
 0.00183105
 0.00122070
 0.00000000
-0.00091553
-0.00152588
-0.00122070
-0.00030518
 0.00000000
 0.00061035
 0.00091553
 0.00122070
 0.00091553
 0.00000000
-0.00061035
-0.00091553
-0.00091553
-0.00030518
 0.00061035
 0.00122070
 0.00152588
 0.00152588
 0.00122070
 0.00000000
-0.00122070
-0.00213623
-0.00213623
-0.00091553
 0.00061035
 0.00183105
 0.00274658
 0.00244141
 0.00152588
 0.00030518
-0.00030518
-0.00061035
-0.00061035
-0.00061035
-0.00061035
 0.00030518
 0.00091553
 0.00091553
 0.00091553
 0.00061035
 0.00030518
-0.00030518
-0.00091553
-0.00061035
 0.00000000
 0.00091553
 0.00152588
 0.00213623
 0.00183105
 0.00061035
-0.00030518
-0.00091553
-0.00152588
-0.00152588
-0.00122070
-0.00030518
 0.00091553
 0.00183105
 0.00213623
 0.00152588
 0.00061035
-0.00030518
-0.00061035
-0.00030518
 0.00000000
 0.00030518
 0.00061035
 0.00061035
 0.00000000
-0.00061035
-0.00091553
-0.00061035
 0.00000000
 0.00061035
 0.00091553
 0.00061035
 0.00030518
 0.00030518
 0.00030518
 0.00030518
 0.00030518
 0.00000000
-0.00061035
-0.00061035
-0.00030518
-0.00030518
-0.00030518
-0.00030518
 0.00030518
 0.00091553
 0.00152588
 0.00152588
 0.00122070
 0.00061035
 0.00000000
-0.00030518
 0.00000000
 0.00030518
 0.00091553
 0.00091553
 0.00091553
 0.00061035
 0.00000000
 0.00000000
 0.00000000
 0.00030518
 0.00061035
 0.00091553
 0.00091553
 0.00091553
 0.00122070
 0.00122070
 0.00061035
-0.00061035
-0.00091553
-0.00122070
-0.00091553
 0.00030518
 0.00091553
 0.00152588
 0.00152588
 0.00122070
 0.00091553
 0.00061035
 0.00000000
-0.00061035
-0.00030518
 0.00030518
 0.00122070
 0.00152588
 0.00213623
 0.00152588
 0.00091553
 0.00000000
-0.00061035
-0.00091553
-0.00061035
-0.00030518
 0.00061035
 0.00152588
 0.00152588
 0.00152588
 0.00091553
 0.00030518
 0.00000000
 0.00000000
-0.00030518
-0.00061035
-0.00061035
 0.00000000
 0.00061035
 0.00061035
 0.00091553
 0.00061035
 0.00061035
 0.00091553
 0.00061035
 0.00061035
 0.00091553
 0.00061035
 0.00122070
 0.00122070
 0.00122070
 0.00061035
-0.00030518
-0.00061035
-0.00030518
 0.00030518
 0.00030518
 0.00000000
-0.00030518
-0.00061035
 0.00030518
 0.00122070
 0.00122070
 0.00122070
 0.00091553
 0.00030518
 0.00000000
 0.00000000
 0.00000000
 0.00000000
 0.00000000
 0.00030518
 0.00122070
 0.00183105
 0.00091553
-0.00030518
-0.00122070
-0.00122070
 0.00000000
 0.00091553
 0.00183105
 0.00152588
 0.00061035
 0.00000000
-0.00030518
-0.00030518
-0.00091553
-0.00091553
-0.00061035
 0.00000000
 0.00030518
 0.00061035
 0.00061035
 0.00030518
 0.00000000
 0.00000000
-0.00061035
-0.00122070
-0.00091553
 0.00000000
 0.00061035
 0.00030518
 0.00000000
-0.00061035
-0.00091553
-0.00122070
-0.00091553
-0.00091553
-0.00061035
-0.00030518
 0.00030518
 0.00030518
 0.00000000
-0.00030518
-0.00061035
-0.00061035
-0.00061035
-0.00030518
-0.00030518
 0.00000000
 0.00030518
 0.00030518
 0.00030518
 0.00000000
-0.00061035
-0.00091553
-0.00061035
-0.00030518
 0.00030518
 0.00091553
 0.00122070
 0.00061035
 0.00000000
-0.00030518
-0.00061035
-0.00091553
-0.00061035
 0.00000000
 0.00030518
 0.00061035
 0.00091553
 0.00091553
 0.00030518
-0.00061035
-0.00061035
 0.00000000
 0.00030518
 0.00030518
 0.00030518
 0.00030518
 0.00030518
 0.00000000
 0.00030518
 0.00061035
 0.00091553
 0.00061035
 0.00061035
 0.00030518
 0.00030518
 0.00061035
 0.00061035
 0.00061035
 0.00091553
 0.00091553
 0.00061035
 0.00061035
 0.00030518
 0.00030518
 0.00030518
 0.00061035
 0.00122070
 0.00152588
 0.00122070
 0.00030518
 0.00000000
 0.00030518
 0.00030518
 0.00030518
 0.00061035
 0.00030518
 0.00030518
 0.00000000
 0.00030518
 0.00061035
 0.00061035
 0.00091553
 0.00091553
 0.00030518
-0.00030518
-0.00061035
-0.00030518
 0.00030518
 0.00122070
 0.00152588
 0.00091553
 0.00030518
-0.00091553
-0.00122070
-0.00091553
-0.00030518
 0.00030518
 0.00030518
 0.00061035
 0.00091553
 0.00061035
 0.00030518
 0.00000000
-0.00030518
-0.00061035
-0.00030518
 0.00030518
 0.00030518
 0.00000000
 0.00000000
 0.00030518
 0.00030518
 0.00061035
 0.00061035
 0.00030518
-0.00030518
 0.00000000
 0.00030518
 0.00030518
 0.00030518
 0.00030518
 0.00030518
 0.00000000
-0.00061035
-0.00061035
-0.00030518
 0.00091553
 0.00122070
 0.00091553
 0.00061035
 0.00030518
 0.00030518
 0.00061035
 0.00061035
 0.00061035
 0.00061035
 0.00061035
 0.00061035
 0.00061035
 0.00030518
 0.00000000
 0.00030518
 0.00061035
 0.00091553
 0.00122070
 0.00122070
 0.00091553
 0.00091553
 0.00061035
 0.00030518
 0.00061035
 0.00091553
 0.00091553
 0.00000000
-0.00030518
 0.00000000
 0.00000000
 0.00030518
 0.00061035
 0.00061035
 0.00061035
 0.00061035
 0.00030518
 0.00000000
 0.00000000
 0.00030518
 0.00000000
 0.00000000
 0.00030518
 0.00091553
 0.00091553
 0.00091553
 0.00122070
 0.00457764
 0.01525879
 0.03692627
 0.06713867
 0.08728027
 0.05310059
-0.06530762
-0.21057129
-0.29449463
-0.26062012
-0.11230469
 0.10681152
 0.36956787
 0.33935547
 0.09857178
-0.17608643
-0.36529541
-0.30853271
-0.20935059
-0.11566162
-0.03448486
-0.01464844
-0.07995605
-0.17395020
-0.15380859
-0.00823975
 0.15380859
 0.35766602
 0.37902832
 0.33691406
 0.23254395
 0.05035400
-0.01953125
-0.01251221
-0.05828857
-0.17852783
-0.30609131
-0.38085938
-0.31951904
-0.15838623
 0.01342773
 0.16693115
 0.37048340
 0.43640137
 0.42755127
 0.35186768
 0.16326904
-0.15960693
-0.46325684
-0.60394287
-0.52703857
-0.23071289
 0.22430420
 0.76599121
 1.16821289
 1.08612061
 0.49804688
-0.07324219
-0.55786133
-0.65917969
-0.46356201
-0.02624512
 0.46600342
 0.85479736
 0.85021973
 0.46173096
-0.00183105
-0.62377930
-1.09130859
-1.23931885
-0.95367432
-0.31768799
 0.36712646
 0.99182129
 1.30035400
 0.94268799
 0.27374268
-0.19226074
-0.36987305
-0.21759033
-0.11627197
-0.07293701
-0.11810303
-0.21057129
-0.38299561
-0.46997070
-0.52856445
-0.55633545
-0.54077148
-0.41961670
-0.09094238
 0.40588379
 0.91735840
 1.26525879
 1.28173828
 0.89050293
 0.17303467
-0.77789307
-1.42974854
-1.58660889
-1.29425049
-0.71838379
-0.03723145
 0.59814453
 0.95764160
 0.85968018
 0.57373047
 0.48828125
 0.50903320
 0.42755127
 0.19744873
 0.06134033
-0.09124756
-0.26519775
-0.40954590
-0.55755615
-0.70617676
-0.73425293
-0.48919678
-0.06469727
 0.36804199
 0.63720703
 0.68267822
 0.70709229
 0.74096680
 0.62255859
 0.20751953
-0.41137695
-1.00036621
-1.27960205
-1.20910645
-0.90179443
-0.44921875
 0.08666992
 0.65368652
 0.96435547
 0.82427979
 0.42022705
 0.15441895
-0.07537842
-0.14892578
-0.11138916
-0.06134033
-0.07843018
-0.16510010
-0.30120850
-0.37384033
-0.31402588
-0.22216797
-0.12725830
-0.03631592
 0.05371094
 0.14282227
 0.22430420
 0.28961182
 0.32470703
 0.31219482
 0.26397705
 0.19897461
 0.09552002
-0.06134033
-0.21331787
-0.33325195
-0.40527344
-0.40954590
-0.30059814
-0.07568359
 0.21636963
 0.51513672
 0.59387207
 0.51300049
 0.38635254
 0.27252197
 0.09674072
-0.02136230
-0.07781982
-0.08331299
-0.05065918
-0.01098633
-0.01464844
-0.11627197
-0.29388428
-0.39886475
-0.34576416
-0.19561768
 0.03112793
 0.35827637
 0.59143066
 0.59997559
 0.37963867
 0.08148193
-0.26214600
-0.48645020
-0.55847168
-0.50201416
-0.32287598
-0.10040283
 0.07202148
 0.12817383
 0.08514404
-0.00640869
-0.08209229
-0.07141113
 0.01892090
 0.14587402
 0.25848389
 0.30761719
 0.29296875
 0.21392822
 0.00915527
-0.28869629
-0.55267334
-0.66497803
-0.56304932
-0.35369873
-0.17333984
-0.03906250
 0.03509521
 0.07446289
 0.12115479
 0.19165039
 0.28137207
 0.37017822
 0.38848877
 0.35247803
 0.24780273
 0.03784180
-0.14526367
-0.22888184
-0.23437500
-0.18768311
-0.11505127
-0.03448486
 0.04455566
 0.10589600
 0.14282227
 0.15777588
 0.16113281
 0.19683838
 0.27526855
 0.36010742
 0.32684326
 0.19042969
-0.01892090
-0.22125244
-0.37292480
-0.43090820
-0.36773682
-0.21179199
-0.00793457
 0.20324707
 0.38055420
 0.35827637
 0.26123047
 0.09948730
-0.04028320
-0.09216309
-0.09826660
-0.10345459
-0.11718750
-0.13397217
-0.15319824
-0.21118164
-0.31616211
-0.40344238
-0.38360596
-0.23559570
-0.01617432
 0.26824951
 0.50903320
 0.56304932
 0.44769287
 0.27099609
 0.03936768
-0.14892578
-0.21606445
-0.20812988
-0.17547607
-0.17425537
-0.21881104
-0.29968262
-0.33569336
-0.28137207
-0.19958496
-0.06042480
 0.12451172
 0.34515381
 0.46447754
 0.43579102
 0.32867432
 0.17364502
-0.01953125
-0.15594482
-0.24169922
-0.28686523
-0.27740479
-0.20446777
-0.06774902
 0.09704590
 0.27404785
 0.39764404
 0.45959473
 0.51971436
 0.55297852
 0.50903320
 0.37048340
 0.18585205
 0.03021240
-0.08972168
-0.18768311
-0.25726318
-0.28594971
-0.26763916
-0.20782471
-0.12115479
-0.02868652
 0.05371094
 0.11199951
 0.13275146
 0.09521484
 0.01281738
-0.06256104
-0.12084961
-0.19989014
-0.31036377
-0.42724609
-0.49957275
-0.47241211
-0.35858154
-0.24322510
-0.11657715
-0.00183105
 0.10284424
 0.18371582
 0.22491455
 0.21026611
 0.12359619
 0.01983643
-0.04089355
-0.06500244
-0.07598877
-0.08911133
-0.10711670
-0.11138916
-0.08880615
-0.04180908
 0.02563477
 0.11138916
 0.20233154
 0.27343750
 0.30822754
 0.28900146
 0.22430420
 0.15625000
 0.10375977
 0.05126953
-0.00091553
-0.03662109
-0.04760742
-0.03906250
-0.02410889
-0.01251221
-0.00213623
 0.02471924
 0.07598877
 0.14160156
 0.20324707
 0.24017334
 0.22064209
 0.13793945
 0.04150391
-0.02716064
-0.06835938
-0.08453369
-0.07690430
-0.05065918
-0.01159668
 0.03540039
 0.08605957
 0.13336182
 0.16967773
 0.18249512
 0.16693115
 0.13305664
 0.09399414
 0.05126953
-0.00183105
-0.07507324
-0.16510010
-0.24475098
-0.28320313
-0.26763916
-0.19927979
-0.09246826
 0.02288818
 0.12176514
 0.19622803
 0.24108887
 0.25146484
 0.20141602
 0.09796143
-0.02410889
-0.14160156
-0.24475098
-0.32318115
-0.35552979
-0.34973145
-0.32318115
-0.27465820
-0.19561768
-0.09063721
 0.03143311
 0.15319824
 0.24902344
 0.30487061
 0.32104492
 0.27740479
 0.19531250
 0.11627197
 0.05035400
-0.00610352
-0.04516602
-0.06042480
-0.05706787
-0.04608154
-0.03753662
-0.03143311
-0.01312256
 0.02716064
 0.08270264
 0.13763428
 0.17425537
 0.16174316
 0.08850098
-0.00274658
-0.07720947
-0.14068604
-0.20690918
-0.27160645
-0.32012939
-0.33966064
-0.31768799
-0.26733398
-0.18951416
-0.09613037
-0.00274658
 0.07598877
 0.12573242
 0.13854980
 0.09338379
 0.00915527
-0.07843018
-0.16601563
-0.26367188
-0.35888672
-0.43151855
-0.46569824
-0.45135498
-0.39276123
-0.31768799
-0.21270752
-0.08850098
 0.03265381
 0.13702393
 0.20477295
 0.23468018
 0.20721436
 0.12939453
 0.05279541
 0.00732422
-0.01831055
-0.02838135
-0.02380371
-0.00976563
 0.01098633
 0.04089355
 0.08392334
 0.14007568
 0.20355225
 0.26367188
 0.30426025
 0.29113770
 0.20629883
 0.09002686
-0.01251221
-0.09490967
-0.15747070
-0.18890381
-0.18035889
-0.13061523
-0.04364014
 0.06500244
 0.17242432
 0.26031494
 0.31585693
 0.32928467
 0.28167725
 0.18920898
 0.09277344
 0.00610352
-0.07629395
-0.14678955
-0.19805908
-0.22613525
-0.22705078
-0.19714355
-0.13641357
-0.05004883
 0.04516602
 0.12878418
 0.18463135
 0.20172119
 0.15960693
 0.07690430
-0.00457764
-0.07049561
-0.12847900
-0.17181396
-0.19012451
-0.18157959
-0.14678955
-0.08453369
 0.00518799
 0.11535645
 0.22979736
 0.33111572
 0.36834717
 0.35125732
 0.32104492
 0.22583008
 0.12390137
 0.03845215
-0.03417969
-0.07904053
-0.08880615
-0.06958008
-0.03021240
 0.02227783
 0.08300781
 0.14801025
 0.21179199
 0.26733398
 0.29937744
 0.27770996
 0.20080566
 0.10711670
 0.02441406
-0.04516602
-0.09338379
-0.10803223
-0.08605957
-0.03265381
 0.04425049
 0.13061523
 0.20812988
 0.25970459
 0.27557373
 0.23803711
 0.16784668
 0.09796143
 0.02746582
-0.05889893
-0.15228271
-0.23223877
-0.28381348
-0.30487061
-0.30151367
-0.28045654
-0.24475098
-0.19500732
-0.13214111
-0.06164551
 0.00427246
 0.05065918
 0.05554199
-0.00305176
-0.09307861
-0.16876221
-0.22308350
-0.26031494
-0.27130127
-0.24902344
-0.19317627
-0.10742188
-0.00091553
 0.11016846
 0.21087646
 0.28594971
 0.32012939
 0.29296875
 0.20294189
 0.09674072
 0.01434326
-0.04913330
-0.09399414
-0.11901855
-0.12847900
-0.12451172
-0.10498047
-0.06622314
-0.00823975
 0.06622314
 0.14831543
 0.22460938
 0.27984619
 0.30059814
 0.25878906
 0.16357422
 0.04821777
-0.06958008
-0.18432617
-0.27648926
-0.33691406
-0.34149170
-0.30639648
-0.24505615
-0.15899658
-0.06103516
 0.03417969
 0.10955811
 0.15319824
 0.15716553
 0.10284424
 0.01586914
-0.07019043
-0.15502930
-0.24322510
-0.32043457
-0.36956787
-0.37261963
-0.32592773
-0.25146484
-0.14251709
-0.02441406
 0.08422852
 0.17333984
 0.23132324
 0.25939941
 0.23986816
 0.17333984
 0.08575439
-0.00793457
-0.10650635
-0.19439697
-0.25695801
-0.28747559
-0.28381348
-0.24658203
-0.17486572
-0.07324219
 0.03936768
 0.14068604
 0.21179199
 0.23956299
 0.20538330
 0.12023926
 0.03234863
-0.03479004
-0.09948730
-0.16357422
-0.21331787
-0.23773193
-0.23223877
-0.19348145
-0.11932373
-0.01068115
 0.12054443
 0.25634766
 0.36499023
 0.39306641
 0.36529541
 0.32653809
 0.21667480
 0.09368896
-0.01831055
-0.12481689
-0.20507813
-0.24017334
-0.23040771
-0.18035889
-0.09796143
 0.00335693
 0.10986328
 0.20874023
 0.28411865
 0.33081055
 0.33416748
 0.30303955
 0.22827148
 0.13977051
 0.03601074
-0.07690430
-0.17211914
-0.22796631
-0.23834229
-0.20935059
-0.14892578
-0.06866455
 0.02044678
 0.10833740
 0.17944336
 0.22857666
 0.24597168
 0.20660400
 0.12115479
 0.02441406
-0.06896973
-0.15777588
-0.22796631
-0.26336670
-0.26153564
-0.22735596
-0.16632080
-0.08453369
 0.01068115
 0.11108398
 0.20324707
 0.27557373
 0.32073975
 0.32470703
 0.29266357
 0.20996094
 0.13214111
 0.06561279
 0.00457764
-0.04089355
-0.05889893
-0.04455566
-0.00122070
 0.06378174
 0.13916016
 0.20874023
 0.26000977
 0.28503418
 0.26794434
 0.22125244
 0.17089844
 0.11657715
 0.04852295
-0.02288818
-0.08239746
-0.12359619
-0.14556885
-0.14862061
-0.13122559
-0.09368896
-0.03692627
 0.03570557
 0.11596680
 0.18829346
 0.23925781
 0.24902344
 0.18798828
 0.07598877
-0.04211426
-0.14648438
-0.23040771
-0.27801514
-0.28778076
-0.26885986
-0.23010254
-0.17791748
-0.11627197
-0.04791260
 0.02288818
 0.08880615
 0.14160156
 0.16937256
 0.14953613
 0.09033203
 0.02380371
-0.03875732
-0.10223389
-0.15625000
-0.18676758
-0.18737793
-0.16082764
-0.11413574
-0.05218506
 0.01678467
 0.08392334
 0.14068604
 0.17608643
 0.16387939
 0.09399414
-0.00213623
-0.09185791
-0.17089844
-0.23437500
-0.27130127
-0.27740479
-0.25482178
-0.20751953
-0.14129639
-0.06469727
 0.01037598
 0.07141113
 0.11657715
 0.13305664
 0.10742188
 0.05584717
 0.00305176
-0.05126953
-0.11047363
-0.16693115
-0.21362305
-0.24444580
-0.25207520
-0.23101807
-0.18157959
-0.10742188
-0.01922607
 0.06591797
 0.12817383
 0.15472412
 0.12329102
 0.04180908
-0.04516602
-0.11291504
-0.16845703
-0.20721436
-0.22338867
-0.21759033
-0.19561768
-0.16296387
-0.12359619
-0.07904053
-0.03112793
 0.01770020
 0.06164551
 0.09216309
 0.09887695
 0.07965088
 0.04211426
-0.00579834
-0.05767822
-0.10040283
-0.12145996
-0.11657715
-0.08819580
-0.04302979
 0.01220703
 0.07171631
 0.13000488
 0.18371582
 0.22827148
 0.25421143
 0.24963379
 0.21636963
 0.16540527
 0.10681152
 0.05187988
 0.01281738
-0.00610352
-0.01037598
-0.00518799
 0.00640869
 0.02593994
 0.05554199
 0.09338379
 0.13519287
 0.17395020
 0.19744873
 0.19409180
 0.16235352
 0.11627197
 0.06561279
 0.01495361
-0.02929688
-0.05889893
-0.07171631
-0.06958008
-0.05340576
-0.02441406
 0.01556396
 0.06042480
 0.10253906
 0.12939453
 0.12603760
 0.09338379
 0.05371094
 0.02014160
-0.00976563
-0.03845215
-0.06652832
-0.09368896
-0.11688232
-0.13000488
-0.12756348
-0.10681152
-0.06835938
-0.01617432
 0.04302979
 0.09857178
 0.13854980
 0.13946533
 0.08911133
 0.02105713
-0.02746582
-0.05371094
-0.06011963
-0.04669189
-0.01861572
 0.01586914
 0.05065918
 0.08056641
 0.10528564
 0.12908936
 0.15533447
 0.18035889
 0.19348145
 0.18310547
 0.14709473
 0.09704590
 0.04638672
 0.00152588
-0.03173828
-0.04791260
-0.04699707
-0.03204346
-0.00671387
 0.02502441
 0.05889893
 0.09063721
 0.11352539
 0.11993408
 0.10467529
 0.07110596
 0.02777100
-0.01953125
-0.06622314
-0.10925293
-0.14648438
-0.17364502
-0.18524170
-0.17883301
-0.15411377
-0.11413574
-0.06378174
-0.00885010
 0.04333496
 0.08392334
 0.09765625
 0.07415771
 0.03143311
-0.00976563
-0.05065918
-0.09368896
-0.13183594
-0.15563965
-0.15838623
-0.13854980
-0.09948730
-0.04760742
 0.00946045
 0.06530762
 0.11444092
 0.14801025
 0.15380859
 0.13336182
 0.10375977
 0.07141113
 0.03265381
-0.00976563
-0.04974365
-0.08270264
-0.10467529
-0.11260986
-0.10467529
-0.08209229
-0.04638672
-0.00091553
 0.04943848
 0.09765625
 0.13275146
 0.13824463
 0.10589600
 0.05279541
-0.00274658
-0.05798340
-0.10894775
-0.14556885
-0.16113281
-0.15563965
-0.13244629
-0.09643555
-0.05310059
-0.00823975
 0.03265381
 0.06408691
 0.08087158
 0.08270264
 0.07110596
 0.04730225
 0.01098633
-0.03295898
-0.07873535
-0.11962891
-0.15075684
-0.16540527
-0.16113281
-0.13763428
-0.09826660
-0.04974365
 0.00000000
 0.04364014
 0.06988525
 0.06835938
 0.04760742
 0.02380371
-0.00488281
-0.04547119
-0.09368896
-0.13732910
-0.16540527
-0.17242432
-0.15716553
-0.12268066
-0.07690430
-0.02593994
 0.02380371
 0.06591797
 0.09155273
 0.09521484
 0.08666992
 0.07843018
 0.06774902
 0.04821777
 0.01739502
-0.02197266
-0.06347656
-0.09796143
-0.11688232
-0.11444092
-0.09033203
-0.05065918
-0.00549316
 0.03753662
 0.06805420
 0.07446289
 0.05889893
 0.03631592
 0.01251221
-0.01464844
-0.04486084
-0.06927490
-0.08392334
-0.08728027
-0.08239746
-0.07415771
-0.06713867
-0.06347656
-0.06134033
-0.05371094
-0.03509521
-0.00701904
 0.02288818
 0.04272461
 0.03845215
 0.00671387
-0.03417969
-0.06530762
-0.08270264
-0.08758545
-0.08117676
-0.06561279
-0.04425049
-0.02044678
 0.00244141
 0.02258301
 0.04028320
 0.05462646
 0.06561279
 0.07171631
 0.07080078
 0.06286621
 0.05065918
 0.03875732
 0.03143311
 0.03265381
 0.04486084
 0.06652832
 0.09307861
 0.11932373
 0.14068604
 0.15655518
 0.17059326
 0.18737793
 0.20385742
 0.21362305
 0.20904541
 0.18981934
 0.16326904
 0.13977051
 0.12390137
 0.11535645
 0.11108398
 0.10803223
 0.10559082
 0.10589600
 0.11047363
 0.11749268
 0.12390137
 0.12451172
 0.11810303
 0.10650635
 0.09277344
 0.07751465
 0.06042480
 0.04241943
 0.02502441
 0.00823975
-0.00762939
-0.02288818
-0.03509521
-0.03997803
-0.03356934
-0.01739502
 0.00274658
 0.01770020
 0.01922607
 0.00518799
-0.01403809
-0.02716064
-0.03112793
-0.02685547
-0.01739502
-0.00762939
-0.00244141
-0.00518799
-0.01342773
-0.02136230
-0.02471924
-0.02105713
-0.01342773
-0.00579834
-0.00305176
-0.00885010
-0.02227783
-0.03936768
-0.05889893
-0.07934570
-0.09735107
-0.10925293
-0.11199951
-0.10620117
-0.09490967
-0.08117676
-0.06958008
-0.06408691
-0.06652832
-0.07446289
-0.08239746
-0.08666992
-0.08575439
-0.07995605
-0.07171631
-0.06561279
-0.06408691
-0.06744385
-0.07232666
-0.07476807
-0.07141113
-0.06011963
-0.04272461
-0.02532959
-0.01434326
-0.01434326
-0.02319336
-0.03509521
-0.04699707
-0.05798340
-0.06927490
-0.07965088
-0.08728027
-0.08880615
-0.08361816
-0.07415771
-0.06561279
-0.06164551
-0.06103516
-0.05981445
-0.05676270
-0.05249023
-0.05035400
-0.05249023
-0.05889893
-0.06500244
-0.06805420
-0.06866455
-0.06896973
-0.06927490
-0.06713867
-0.06011963
-0.04760742
-0.03173828
-0.01525879
 0.00152588
 0.02014160
 0.03936768
 0.05554199
 0.06134033
 0.05371094
 0.03692627
 0.02075195
 0.01037598
 0.00488281
 0.00335693
 0.00488281
 0.00915527
 0.01708984
 0.02838135
 0.04180908
 0.05645752
 0.07202148
 0.08880615
 0.10681152
 0.12329102
 0.13244629
 0.12969971
 0.11596680
 0.10040283
 0.08941650
 0.08117676
 0.07263184
 0.06164551
 0.05035400
 0.04486084
 0.04943848
 0.06347656
 0.08209229
 0.10101318
 0.11657715
 0.12664795
 0.12908936
 0.12145996
 0.10467529
 0.08544922
 0.07171631
 0.06683350
 0.06591797
 0.06317139
 0.05462646
 0.04211426
 0.03112793
 0.02563477
 0.02532959
 0.02929688
 0.03601074
 0.04364014
 0.05035400
 0.05218506
 0.04638672
 0.03265381
 0.01464844
-0.00457764
-0.02197266
-0.03509521
-0.04241943
-0.04241943
-0.03692627
-0.02807617
-0.01831055
-0.01159668
-0.00823975
-0.00793457
-0.00762939
-0.00579834
-0.00152588
 0.00427246
 0.00732422
 0.00396729
-0.00701904
-0.02166748
-0.03479004
-0.04394531
-0.04791260
-0.04608154
-0.03936768
-0.03082275
-0.02685547
-0.03143311
-0.04211426
-0.05004883
-0.04974365
-0.04180908
-0.03234863
-0.02746582
-0.03173828
-0.04150391
-0.05126953
-0.05767822
-0.06164551
-0.06347656
-0.06195068
-0.05615234
-0.04760742
-0.04028320
-0.03814697
-0.04028320
-0.04150391
-0.03723145
-0.02838135
-0.01953125
-0.01373291
-0.01251221
-0.01190186
-0.00915527
-0.00671387
-0.01068115
-0.02319336
-0.03936768
-0.05096436
-0.05523682
-0.05554199
-0.05554199
-0.05798340
-0.06286621
-0.06683350
-0.06774902
-0.06530762
-0.06256104
-0.06103516
-0.05828857
-0.05340576
-0.04852295
-0.04882813
-0.05706787
-0.07110596
-0.08392334
-0.08850098
-0.08270264
-0.06774902
-0.04760742
-0.02624512
-0.00854492
 0.00366211
 0.01159668
 0.01892090
 0.02807617
 0.03967285
 0.05096436
 0.05828857
 0.05767822
 0.05004883
 0.03997803
 0.03356934
 0.03204346
 0.03387451
 0.03662109
 0.03845215
 0.04119873
 0.04608154
 0.05401611
 0.06378174
 0.07293701
 0.07934570
 0.08270264
 0.08483887
 0.08544922
 0.08087158
 0.07049561
 0.05462646
 0.03723145
 0.02288818
 0.01281738
 0.00671387
 0.00366211
 0.00366211
 0.00671387
 0.01373291
 0.02441406
 0.03540039
 0.04272461
 0.04486084
 0.04364014
 0.04119873
 0.03814697
 0.03234863
 0.02136230
 0.00518799
-0.01159668
-0.02349854
