 0.00030518
-0.00030518
-0.00030518
 0.00000000
 0.00030518
-0.00030518
 0.00000000
 0.00000000
 0.00000000
 0.00000000
-0.00030518
-0.00030518
-0.00030518
-0.00030518
-0.00030518
-0.00061035
-0.00061035
-0.00061035
-0.00030518
 0.00000000
 0.00000000
 0.00000000
-0.00030518
-0.00091553
-0.00061035
-0.00030518
-0.00030518
-0.00061035
-0.00061035
-0.00030518
-0.00030518
-0.00061035
-0.00061035
 0.00000000
 0.00061035
 0.00061035
 0.00061035
 0.00000000
-0.00030518
-0.00030518
-0.00030518
 0.00000000
-0.00030518
-0.00030518
 0.00000000
 0.00000000
-0.00030518
-0.00091553
-0.00122070
-0.00122070
-0.00061035
-0.00030518
 0.00000000
-0.00030518
-0.00061035
-0.00091553
-0.00061035
 0.00000000
 0.00030518
 0.00030518
-0.00030518
-0.00061035
-0.00061035
-0.00061035
 0.00030518
 0.00091553
 0.00061035
 0.00030518
-0.00030518
-0.00061035
-0.00030518
 0.00000000
 0.00030518
 0.00030518
 0.00000000
 0.00000000
-0.00030518
-0.00030518
-0.00030518
-0.00030518
-0.00030518
-0.00030518
 0.00000000
 0.00030518
 0.00061035
 0.00061035
 0.00000000
-0.00061035
-0.00091553
-0.00061035
-0.00030518
 0.00061035
 0.00061035
 0.00030518
 0.00000000
 0.00000000
 0.00091553
 0.00946045
 0.03967285
 0.10101318
 0.18432617
 0.24078369
 0.15930176
-0.18005371
-0.62896729
-0.90118408
-0.86730957
-0.55053711
-0.08178711
 0.41229248
 0.72875977
 0.59600830
 0.18585205
-0.03417969
 0.05462646
 0.30883789
 0.56213379
 0.55358887
 0.26885986
-0.03173828
-0.34515381
-0.49865723
-0.53833008
-0.55755615
-0.57403564
-0.46569824
-0.12145996
 0.28167725
 0.66009521
 0.82916260
 0.80810547
 0.74707031
 0.68115234
 0.52856445
 0.25146484
 0.00091553
-0.12207031
-0.18280029
-0.26184082
-0.32470703
-0.26824951
-0.10345459
 0.00427246
-0.00518799
-0.03234863
 0.04638672
 0.24963379
 0.52276611
 0.69793701
 0.64849854
 0.30853271
-0.26306152
-0.79681396
-0.96893311
-0.81329346
-0.46936035
-0.22155762
-0.13305664
-0.17303467
-0.20507813
-0.12268066
 0.09704590
 0.39581299
 0.56304932
 0.47302246
 0.31616211
 0.13214111
-0.09338379
-0.30609131
-0.49194336
-0.61309814
-0.62561035
-0.49499512
-0.27160645
-0.03814697
 0.13061523
 0.21118164
 0.19836426
 0.11901855
 0.08361816
 0.16021729
 0.29937744
 0.37292480
 0.25421143
 0.02838135
-0.27801514
-0.51879883
-0.58776855
-0.46752930
-0.24261475
 0.01892090
 0.37445068
 0.65368652
 0.75622559
 0.63415527
 0.37963867
 0.11779785
-0.21087646
-0.45898438
-0.54168701
-0.44433594
-0.31280518
-0.26763916
-0.28350830
-0.33447266
-0.34576416
-0.21545410
-0.03021240
 0.25329590
 0.50170898
 0.56060791
 0.44891357
 0.30120850
 0.04119873
-0.27618408
-0.50415039
-0.58959961
-0.55877686
-0.46783447
-0.36132813
-0.23590088
-0.04302979
 0.17181396
 0.36865234
 0.40344238
 0.31127930
 0.20233154
 0.15350342
 0.16387939
 0.15197754
 0.09063721
 0.04211426
 0.03814697
 0.01861572
-0.08758545
-0.24047852
-0.33233643
-0.26977539
-0.10894775
 0.13427734
 0.49652100
 0.72998047
 0.78704834
 0.63293457
 0.38787842
 0.19287109
 0.02746582
-0.02960205
-0.05096436
-0.08148193
-0.12054443
-0.13641357
-0.09613037
-0.01647949
 0.06347656
 0.12878418
 0.19012451
 0.25848389
 0.33752441
 0.42175293
 0.45379639
 0.39215088
 0.23803711
-0.04516602
-0.34423828
-0.56091309
-0.61828613
-0.50720215
-0.32409668
-0.16540527
-0.01342773
 0.12268066
 0.22644043
 0.27160645
 0.27191162
 0.21575928
 0.12359619
 0.03662109
-0.03479004
-0.11169434
-0.22125244
-0.35369873
-0.47210693
-0.49896240
-0.40313721
-0.26031494
-0.07232666
 0.12451172
 0.34179688
 0.45501709
 0.47698975
 0.43609619
 0.35736084
 0.23498535
 0.00396729
-0.24932861
-0.48034668
-0.61004639
-0.60302734
-0.49163818
-0.34332275
-0.18310547
 0.00183105
 0.18280029
 0.36376953
 0.46691895
 0.50323486
 0.46234131
 0.36285400
 0.19317627
-0.02777100
-0.22613525
-0.40527344
-0.52093506
-0.57373047
-0.55938721
-0.46905518
-0.32592773
-0.14678955
 0.06683350
 0.29266357
 0.46417236
 0.53924561
 0.55816650
 0.53680420
 0.45318604
 0.27313232
 0.01800537
-0.23529053
-0.47302246
-0.64331055
-0.71319580
-0.65277100
-0.47393799
-0.27954102
-0.08575439
 0.10498047
 0.29510498
 0.43548584
 0.49926758
 0.46295166
 0.33721924
 0.13702393
-0.10162354
-0.31066895
-0.49438477
-0.63171387
-0.69580078
-0.66070557
-0.52734375
-0.33813477
-0.11230469
 0.17333984
 0.47668457
 0.65277100
 0.68176270
 0.56274414
 0.38299561
 0.21057129
-0.00457764
-0.17822266
-0.32958984
-0.42846680
-0.46020508
-0.41778564
-0.30944824
-0.15350342
 0.04028320
 0.26031494
 0.44464111
 0.53588867
 0.54931641
 0.48431396
 0.37139893
 0.23529053
 0.07446289
-0.07019043
-0.21026611
-0.33569336
-0.42785645
-0.46234131
-0.42297363
-0.30792236
-0.12573242
 0.11383057
 0.42602539
 0.60333252
 0.65795898
 0.58929443
 0.43273926
 0.26733398
 0.01831055
-0.17944336
-0.33264160
-0.41168213
-0.42633057
-0.40161133
-0.34820557
-0.28533936
-0.17913818
-0.05310059
 0.08117676
 0.20751953
 0.30456543
 0.35614014
 0.34545898
 0.27587891
 0.10131836
-0.08880615
-0.24047852
-0.36834717
-0.42297363
-0.40466309
-0.33325195
-0.22583008
-0.07995605
 0.07202148
 0.21148682
 0.32897949
 0.38116455
 0.37506104
 0.32012939
 0.19256592
 0.02319336
-0.12359619
-0.25268555
-0.36560059
-0.42388916
-0.42175293
-0.35430908
-0.26153564
-0.11566162
 0.04791260
 0.20599365
 0.36102295
 0.42083740
 0.41839600
 0.36437988
 0.30578613
 0.18157959
 0.06317139
-0.06866455
-0.20172119
-0.30761719
-0.36315918
-0.35308838
-0.29052734
-0.18066406
-0.02777100
 0.13977051
 0.32043457
 0.41900635
 0.42938232
 0.36254883
 0.27709961
 0.09918213
-0.04669189
-0.13427734
-0.18035889
-0.19500732
-0.19226074
-0.18341064
-0.16906738
-0.13732910
-0.07659912
 0.01617432
 0.12634277
 0.22430420
 0.28869629
 0.29571533
 0.21759033
 0.08911133
-0.02655029
-0.11474609
-0.22186279
-0.36621094
-0.52856445
-0.62072754
-0.54809570
-0.31829834
-0.03814697
 0.27496338
 0.48309326
 0.43304443
 0.28991699
 0.14923096
 0.09552002
 0.10559082
 0.06072998
-0.04882813
-0.10894775
-0.13549805
-0.21514893
-0.30914307
-0.32928467
-0.27770996
-0.18310547
 0.00976563
 0.31097412
 0.59814453
 0.70220947
 0.60180664
 0.42724609
 0.33050537
 0.17395020
-0.00885010
-0.16815186
-0.26000977
-0.28594971
-0.26031494
-0.16510010
 0.00305176
 0.17700195
 0.34118652
 0.31280518
 0.22125244
 0.10375977
 0.03509521
 0.02655029
 0.03753662
 0.05310059
 0.03723145
-0.09216309
-0.32867432
-0.55694580
-0.62347412
-0.47363281
-0.25665283
-0.08270264
 0.02532959
 0.06988525
 0.07812500
 0.06347656
-0.00854492
-0.11291504
-0.18096924
-0.21942139
-0.27587891
-0.35400391
-0.39825439
-0.35644531
-0.28411865
-0.19042969
-0.07690430
 0.05004883
 0.16540527
 0.23468018
 0.23956299
 0.17364502
 0.09979248
 0.08819580
 0.11260986
 0.12756348
 0.10375977
 0.03143311
-0.05889893
-0.14160156
-0.19714355
-0.18554688
-0.08819580
 0.07263184
 0.27923584
 0.45257568
 0.52947998
 0.54901123
 0.46356201
 0.28594971
 0.04302979
-0.15014648
-0.27130127
-0.35278320
-0.35888672
-0.28625488
-0.17913818
-0.09033203
-0.03234863
 0.01678467
 0.07385254
 0.14251709
 0.21759033
 0.29022217
 0.32592773
 0.31127930
 0.16265869
-0.06134033
-0.27160645
-0.42755127
-0.49774170
-0.48828125
-0.41503906
-0.30578613
-0.14465332
 0.03692627
 0.19927979
 0.35217285
 0.40649414
 0.38787842
 0.30853271
 0.11993408
-0.08026123
-0.19531250
-0.23895264
-0.23681641
-0.20050049
-0.14099121
-0.07232666
-0.00488281
 0.06225586
 0.13824463
 0.23071289
 0.34973145
 0.45654297
 0.52459717
 0.52673340
 0.44403076
 0.29479980
 0.07873535
-0.10772705
-0.23376465
-0.31494141
-0.31219482
-0.25390625
-0.15563965
-0.03479004
 0.09124756
 0.20385742
 0.28289795
 0.31433105
 0.28045654
 0.17242432
 0.04211426
-0.06011963
-0.14282227
-0.21545410
-0.26611328
-0.28533936
-0.27709961
-0.25024414
-0.21087646
-0.16174316
-0.10070801
-0.02349854
 0.06683350
 0.14709473
 0.19226074
 0.17608643
 0.08178711
-0.05004883
-0.17395020
-0.28320313
-0.37506104
-0.41992188
-0.40802002
-0.34423828
-0.25482178
-0.12359619
 0.01586914
 0.13732910
 0.22460938
 0.26885986
 0.26702881
 0.21057129
 0.13214111
 0.06256104
-0.00793457
-0.08575439
-0.16326904
-0.23223877
-0.27587891
-0.27770996
-0.23742676
-0.15441895
-0.02838135
 0.12664795
 0.29541016
 0.40863037
 0.41687012
 0.35644531
 0.30517578
 0.15838623
 0.03082275
-0.06011963
-0.12634277
-0.16815186
-0.18554688
-0.17761230
-0.14312744
-0.08575439
-0.00946045
 0.07843018
 0.16601563
 0.23651123
 0.28198242
 0.28228760
 0.21911621
 0.12054443
 0.02716064
-0.05126953
-0.11627197
-0.16571045
-0.19805908
-0.21209717
-0.20172119
-0.16448975
-0.09918213
-0.00823975
 0.09368896
 0.18554688
 0.24932861
 0.27008057
 0.22705078
 0.13305664
 0.03051758
-0.06042480
-0.14373779
-0.20904541
-0.24536133
-0.24963379
-0.21972656
-0.15747070
-0.07324219
 0.01678467
 0.10131836
 0.17150879
 0.22644043
 0.26367188
 0.26306152
 0.21820068
 0.14892578
 0.06927490
-0.01983643
-0.10437012
-0.16601563
-0.19195557
-0.17730713
-0.12084961
-0.02685547
 0.09002686
 0.20263672
 0.28778076
 0.32806396
 0.30700684
 0.22430420
 0.13214111
 0.07049561
 0.02197266
-0.02929688
-0.08178711
-0.13031006
-0.16937256
-0.18859863
-0.18096924
-0.14862061
-0.09674072
-0.03051758
 0.04241943
 0.11077881
 0.16510010
 0.19470215
 0.17272949
 0.09246826
-0.01586914
-0.12054443
-0.20690918
-0.25909424
-0.26947021
-0.24230957
-0.18493652
-0.10986328
-0.02990723
 0.04241943
 0.09643555
 0.13275146
 0.13488770
 0.09429932
 0.03387451
-0.02746582
-0.09094238
-0.15228271
-0.19775391
-0.21759033
-0.21087646
-0.18127441
-0.13610840
-0.08209229
-0.02655029
 0.02502441
 0.06927490
 0.10009766
 0.11291504
 0.10833740
 0.08697510
 0.04302979
-0.02258301
-0.09460449
-0.15106201
-0.17700195
-0.16906738
-0.13092041
-0.06958008
 0.00640869
 0.08453369
 0.14984131
 0.19622803
 0.21575928
 0.19805908
 0.16082764
 0.12512207
 0.08758545
 0.04302979
-0.00152588
-0.03753662
-0.05950928
-0.06317139
-0.04913330
-0.02075195
 0.01678467
 0.05859375
 0.09948730
 0.13488770
 0.15716553
 0.15686035
 0.12817383
 0.07232666
-0.00091553
-0.07873535
-0.14617920
-0.18890381
-0.19805908
-0.17547607
-0.12756348
-0.06378174
 0.00427246
 0.06195068
 0.10131836
 0.10864258
 0.07751465
 0.03631592
 0.00549316
-0.02319336
-0.05737305
-0.09216309
-0.12023926
-0.13732910
-0.14343262
-0.13977051
-0.12451172
-0.09613037
-0.05096436
 0.01129150
 0.08697510
 0.16296387
 0.22033691
 0.23864746
 0.19104004
 0.10131836
 0.02105713
-0.03265381
-0.06866455
-0.08666992
-0.08483887
-0.06347656
-0.02685547
 0.01708984
 0.06225586
 0.10375977
 0.13916016
 0.16754150
 0.18524170
 0.18432617
 0.15686035
 0.10620117
 0.04913330
-0.00183105
-0.04394531
-0.07629395
-0.09674072
-0.10314941
-0.09429932
-0.06896973
-0.02929688
 0.01892090
 0.06805420
 0.10925293
 0.12695313
 0.10437012
 0.05157471
-0.00701904
-0.06317139
-0.11566162
-0.15686035
-0.18188477
-0.19042969
-0.18585205
-0.16906738
-0.14068604
-0.10314941
-0.06042480
-0.01800537
 0.01800537
 0.03753662
 0.03479004
 0.01647949
-0.00854492
-0.04089355
-0.08178711
-0.12359619
-0.15838623
-0.18005371
-0.18432617
-0.16815186
-0.13122559
-0.07568359
-0.00488281
 0.07354736
 0.14343262
 0.19073486
 0.19866943
 0.15411377
 0.09155273
 0.04699707
 0.01678467
-0.00976563
-0.03326416
-0.05249023
-0.06469727
-0.06683350
-0.05615234
-0.02929688
 0.01464844
 0.07232666
 0.13732910
 0.20050049
 0.25085449
 0.27221680
 0.24475098
 0.18493652
 0.12207031
 0.05981445
-0.00732422
-0.07110596
-0.11810303
-0.14221191
-0.14160156
-0.11962891
-0.08056641
-0.03051758
 0.02319336
 0.07293701
 0.11016846
 0.12084961
 0.09948730
 0.06256104
 0.02288818
-0.02014160
-0.06591797
-0.10681152
-0.13641357
-0.15106201
-0.14862061
-0.12908936
-0.09582520
-0.05279541
-0.00518799
 0.04241943
 0.08514404
 0.11474609
 0.12084961
 0.09918213
 0.05737305
 0.00457764
-0.05096436
-0.09918213
-0.12878418
-0.13458252
-0.11596680
-0.07751465
-0.02441406
 0.03631592
 0.09643555
 0.14831543
 0.18371582
 0.18798828
 0.16326904
 0.13061523
 0.09796143
 0.05767822
 0.01068115
-0.03448486
-0.07049561
-0.09277344
-0.09826660
-0.08544922
-0.05432129
-0.00915527
 0.04486084
 0.09887695
 0.14251709
 0.15655518
 0.12176514
 0.05706787
-0.00305176
-0.04974365
-0.08483887
-0.10559082
-0.11169434
-0.10559082
-0.09185791
-0.07293701
-0.05035400
-0.02471924
 0.00396729
 0.03204346
 0.05493164
 0.06774902
 0.06652832
 0.04913330
 0.01739502
-0.02349854
-0.06652832
-0.10162354
-0.11993408
-0.12023926
-0.10406494
-0.07507324
-0.03784180
 0.00274658
 0.04119873
 0.07110596
 0.08514404
 0.08087158
 0.06317139
 0.03967285
 0.01403809
-0.01281738
-0.03723145
-0.05706787
-0.06958008
-0.07049561
-0.05828857
-0.03417969
-0.00183105
 0.03417969
 0.06958008
 0.09765625
 0.11322021
 0.11291504
 0.09948730
 0.07781982
 0.05187988
 0.02563477
 0.00244141
-0.01464844
-0.02685547
-0.03387451
-0.03540039
-0.03051758
-0.01708984
 0.00579834
 0.03448486
 0.06225586
 0.08239746
 0.08544922
 0.06713867
 0.03479004
-0.00122070
-0.03417969
-0.06103516
-0.08056641
-0.09460449
-0.10345459
-0.10650635
-0.09979248
-0.08087158
-0.05035400
-0.01159668
 0.02868652
 0.06317139
 0.08361816
 0.08361816
 0.06774902
 0.04486084
 0.01770020
-0.01098633
-0.03601074
-0.05371094
-0.06439209
-0.06988525
-0.06896973
-0.05828857
-0.03448486
 0.00061035
 0.04180908
 0.07934570
 0.10040283
 0.09185791
 0.06195068
 0.03326416
 0.01159668
-0.00823975
-0.03082275
-0.05645752
-0.08178711
-0.10131836
-0.11047363
-0.10711670
-0.09002686
-0.06072998
-0.02227783
 0.02075195
 0.06042480
 0.08636475
 0.08544922
 0.05798340
 0.02227783
-0.00915527
-0.03387451
-0.05279541
-0.06530762
-0.07110596
-0.06835938
-0.05554199
-0.03143311
 0.00274658
 0.04333496
 0.08392334
 0.11718750
 0.13214111
 0.12268066
 0.09887695
 0.07080078
 0.04211426
 0.01312256
-0.01464844
-0.03814697
-0.05432129
-0.05889893
-0.05004883
-0.02899170
 0.00030518
 0.03265381
 0.06134033
 0.08056641
 0.08453369
 0.07507324
 0.05523682
 0.02929688
-0.00061035
-0.03051758
-0.05737305
-0.07812500
-0.08972168
-0.08941650
-0.07690430
-0.05218506
-0.01892090
 0.01739502
 0.04943848
 0.06774902
 0.06408691
 0.04394531
 0.01892090
-0.00518799
-0.03021240
-0.05432129
-0.07507324
-0.08850098
-0.09399414
-0.09063721
-0.07720947
-0.05523682
-0.02807617
 0.00122070
 0.02960205
 0.05371094
 0.06866455
 0.06988525
 0.05706787
 0.03570557
 0.01129150
-0.01007080
-0.02258301
-0.02563477
-0.02136230
-0.01159668
 0.00244141
 0.02014160
 0.04058838
 0.06103516
 0.07812500
 0.08697510
 0.08697510
 0.07934570
 0.06622314
 0.04913330
 0.02777100
 0.00305176
-0.02136230
-0.04089355
-0.05065918
-0.04943848
-0.03875732
-0.02197266
-0.00274658
 0.01495361
 0.02899170
 0.03784180
 0.03936768
 0.03295898
 0.01922607
-0.00030518
-0.02380371
-0.04699707
-0.06530762
-0.07690430
-0.08026123
-0.07598877
-0.06500244
-0.04821777
-0.02655029
-0.00152588
 0.02349854
 0.04180908
 0.04791260
 0.03997803
 0.02502441
 0.01007080
-0.00122070
-0.00976563
-0.01708984
-0.02380371
-0.02868652
-0.02838135
-0.01983643
-0.00335693
 0.01831055
 0.04180908
 0.06164551
 0.07446289
 0.07781982
 0.07171631
 0.05462646
 0.02807617
-0.00183105
-0.02807617
-0.04455566
-0.04943848
-0.04577637
-0.03784180
-0.02868652
-0.01953125
-0.00885010
 0.00427246
 0.01770020
 0.02685547
 0.02868652
 0.02166748
 0.00793457
-0.00885010
-0.02563477
-0.04119873
-0.05462646
-0.06317139
-0.06469727
-0.05828857
-0.04394531
-0.02410889
-0.00183105
 0.01800537
 0.03265381
 0.04028320
 0.04241943
 0.04211426
 0.03936768
 0.03356934
 0.02410889
 0.01220703
 0.00152588
-0.00427246
-0.00396729
 0.00152588
 0.00915527
 0.01770020
 0.02655029
 0.03723145
 0.05096436
 0.06652832
 0.07781982
 0.07659912
 0.06011963
 0.03540039
 0.01251221
-0.00305176
-0.01159668
-0.01495361
-0.01617432
-0.01617432
-0.01464844
-0.01068115
-0.00427246
 0.00244141
 0.00701904
 0.00854492
 0.00549316
-0.00183105
-0.01312256
-0.02777100
-0.04364014
-0.05737305
-0.06622314
-0.06835938
-0.06500244
-0.05706787
-0.04852295
-0.04058838
-0.03417969
-0.02777100
-0.01983643
-0.01098633
-0.00488281
-0.00549316
-0.01464844
-0.03082275
-0.04760742
-0.05981445
-0.06439209
-0.06042480
-0.04882813
-0.03204346
-0.01373291
 0.00335693
 0.01739502
 0.02990723
 0.04119873
 0.04974365
 0.05187988
 0.04577637
 0.03417969
 0.02105713
 0.01037598
 0.00335693
-0.00152588
-0.00823975
-0.01831055
-0.02777100
-0.03173828
-0.02655029
-0.01190186
 0.00854492
 0.02807617
 0.03906250
 0.03723145
 0.02349854
 0.00396729
-0.01708984
-0.03601074
-0.04943848
-0.05493164
-0.05310059
-0.04577637
-0.03417969
-0.02044678
-0.00518799
 0.01037598
 0.02502441
 0.03570557
 0.04028320
 0.03753662
 0.02838135
 0.01708984
 0.00640869
-0.00396729
-0.01464844
-0.02655029
-0.03753662
-0.04364014
-0.04150391
-0.03021240
-0.01037598
 0.01586914
 0.04333496
 0.06683350
 0.07904053
 0.07537842
 0.05828857
 0.03509521
 0.01220703
-0.00701904
-0.02197266
-0.03265381
-0.03936768
-0.04028320
-0.03387451
-0.01831055
 0.00366211
 0.02807617
 0.04974365
 0.06378174
 0.06866455
 0.06591797
 0.05859375
 0.04791260
 0.03570557
 0.02197266
 0.00732422
-0.00610352
-0.01617432
-0.02014160
-0.01617432
-0.00335693
 0.01708984
 0.04089355
 0.06439209
 0.08056641
 0.08514404
 0.07720947
 0.05889893
 0.03540039
 0.01007080
-0.01403809
-0.03295898
-0.04455566
-0.04913330
-0.04791260
-0.04241943
-0.03356934
-0.02166748
-0.00732422
 0.00762939
 0.02075195
 0.02960205
 0.03387451
 0.03295898
 0.02655029
 0.01281738
-0.00762939
-0.03204346
-0.05523682
-0.06958008
-0.07202148
-0.06256104
-0.04486084
-0.02410889
-0.00549316
 0.00854492
 0.01861572
 0.02655029
 0.03143311
 0.03173828
 0.02502441
 0.01251221
-0.00091553
-0.01159668
-0.01922607
-0.02410889
-0.02807617
-0.03051758
-0.03082275
-0.02716064
-0.01831055
-0.00518799
 0.01068115
 0.02655029
 0.03845215
 0.04394531
 0.04058838
 0.02899170
 0.01190186
-0.00701904
-0.02349854
-0.03326416
-0.03448486
-0.02838135
-0.01770020
-0.00701904
-0.00061035
 0.00000000
-0.00152588
 0.00000000
 0.00610352
 0.01495361
 0.02136230
 0.02044678
 0.01129150
-0.00366211
-0.01892090
-0.03112793
-0.03845215
-0.04180908
-0.04180908
-0.03967285
-0.03479004
-0.02746582
-0.01708984
-0.00671387
 0.00000000
 0.00091553
-0.00274658
-0.00671387
-0.00854492
-0.00671387
-0.00274658
 0.00061035
 0.00152588
 0.00122070
 0.00152588
 0.00518799
 0.01251221
 0.02105713
 0.02868652
 0.03540039
 0.03967285
 0.04211426
 0.04180908
 0.03723145
 0.02777100
 0.01586914
 0.00518799
-0.00061035
-0.00122070
 0.00122070
 0.00396729
 0.00549316
 0.00762939
 0.01159668
 0.01770020
 0.02380371
 0.02685547
 0.02380371
 0.01495361
 0.00396729
-0.00671387
-0.01556396
-0.02136230
-0.02471924
-0.02624512
-0.02624512
-0.02441406
-0.01953125
-0.01098633
-0.00122070
 0.00671387
 0.00946045
 0.00732422
 0.00244141
-0.00122070
-0.00244141
-0.00091553
 0.00030518
-0.00274658
-0.01068115
-0.02075195
-0.02746582
-0.02716064
-0.02014160
-0.01007080
-0.00091553
 0.00305176
 0.00091553
-0.00579834
-0.01617432
-0.02868652
-0.03997803
-0.04669189
-0.04699707
-0.04180908
-0.03509521
-0.03021240
-0.02899170
-0.02960205
-0.02838135
-0.02349854
-0.01464844
-0.00518799
 0.00274658
 0.00610352
 0.00610352
 0.00396729
 0.00244141
 0.00122070
-0.00061035
-0.00274658
-0.00366211
-0.00122070
 0.00549316
 0.01464844
 0.02258301
 0.02624512
 0.02502441
 0.02105713
 0.01678467
 0.01464844
 0.01312256
 0.01068115
 0.00518799
-0.00274658
-0.01129150
-0.01922607
-0.02441406
-0.02655029
-0.02532959
-0.02044678
-0.01251221
-0.00244141
 0.00762939
 0.01556396
 0.02014160
 0.01983643
 0.01617432
 0.01098633
 0.00457764
-0.00244141
-0.00915527
-0.01403809
-0.01495361
-0.01159668
-0.00396729
 0.00671387
 0.01770020
 0.02716064
 0.03356934
 0.03814697
 0.04119873
 0.04241943
 0.04150391
 0.03753662
 0.03112793
 0.02502441
 0.02105713
 0.01922607
 0.01831055
 0.01708984
 0.01678467
 0.01922607
 0.02655029
 0.04089355
 0.05920410
 0.07659912
 0.08697510
 0.08483887
 0.07080078
 0.05065918
 0.03082275
 0.01586914
 0.00793457
 0.00671387
 0.00946045
 0.01342773
 0.01617432
 0.01831055
 0.02044678
 0.02441406
 0.02960205
 0.03448486
 0.03814697
 0.03814697
 0.03265381
 0.02258301
 0.00885010
-0.00518799
-0.01770020
-0.02868652
-0.03814697
-0.04425049
-0.04608154
-0.04180908
-0.03082275
-0.01434326
 0.00274658
 0.01434326
 0.01617432
 0.00762939
-0.00457764
-0.01525879
-0.02197266
-0.02593994
-0.02838135
-0.03204346
-0.03601074
-0.03906250
-0.04028320
-0.03814697
-0.03112793
-0.01953125
-0.00488281
 0.00946045
 0.01983643
 0.02349854
 0.02044678
 0.01373291
 0.00579834
-0.00366211
-0.01403809
-0.02593994
-0.03723145
-0.04577637
-0.04760742
-0.04089355
-0.02685547
-0.00854492
 0.00854492
 0.01953125
 0.02044678
 0.01281738
 0.00335693
-0.00427246
-0.00915527
-0.01251221
-0.01617432
-0.02044678
-0.02624512
-0.03265381
-0.03723145
-0.03723145
-0.03234863
-0.02380371
-0.01312256
-0.00305176
 0.00518799
 0.01129150
 0.01495361
 0.01525879
 0.00976563
-0.00152588
-0.01708984
-0.03234863
-0.04241943
-0.04455566
-0.03967285
-0.03112793
-0.02105713
-0.01281738
-0.00823975
-0.00671387
-0.00610352
-0.00396729
-0.00030518
 0.00305176
 0.00366211
-0.00030518
-0.00854492
-0.01892090
-0.02777100
-0.03417969
-0.03723145
-0.03692627
-0.03479004
-0.03021240
-0.02380371
-0.01464844
-0.00366211
 0.00823975
 0.01739502
 0.02044678
 0.01647949
 0.00732422
-0.00366211
-0.01342773
-0.01800537
-0.01739502
-0.01281738
-0.00762939
-0.00396729
-0.00305176
-0.00274658
-0.00061035
 0.00610352
 0.01708984
 0.02716064
 0.03173828
 0.02746582
 0.01617432
 0.00183105
-0.01129150
-0.02044678
-0.02532959
-0.02655029
-0.02502441
-0.02166748
-0.01617432
-0.00793457
 0.00183105
 0.01098633
 0.01708984
 0.01831055
 0.01434326
 0.00579834
-0.00518799
-0.01464844
-0.02075195
-0.02227783
-0.02075195
-0.01831055
-0.01770020
-0.01800537
-0.01739502
-0.01403809
-0.00732422
 0.00152588
 0.01007080
 0.01464844
 0.01342773
 0.00793457
 0.00061035
-0.00549316
-0.00854492
-0.00946045
-0.00823975
-0.00549316
-0.00244141
 0.00061035
 0.00457764
 0.01037598
 0.01800537
 0.02716064
 0.03570557
 0.03997803
 0.03784180
 0.02960205
 0.01831055
 0.00854492
 0.00366211
 0.00457764
 0.01007080
 0.01861572
 0.02746582
 0.03448486
 0.03875732
 0.04211426
 0.04577637
 0.05065918
 0.05615234
 0.05950928
 0.05798340
 0.05035400
 0.03784180
 0.02410889
 0.01281738
 0.00488281
 0.00000000
-0.00244141
-0.00244141
 0.00152588
 0.00854492
 0.01770020
 0.02532959
 0.02807617
 0.02563477
 0.01953125
 0.01159668
 0.00366211
-0.00305176
-0.01007080
-0.01617432
-0.02166748
-0.02532959
-0.02624512
-0.02410889
-0.01831055
-0.00823975
 0.00488281
 0.01800537
 0.02807617
 0.03265381
 0.03112793
 0.02441406
 0.01464844
 0.00488281
-0.00488281
-0.01281738
-0.01892090
-0.02349854
-0.02624512
-0.02685547
-0.02380371
-0.01739502
-0.00701904
 0.00701904
 0.02258301
 0.03448486
 0.03875732
 0.03265381
 0.01892090
 0.00366211
-0.00885010
-0.01739502
-0.02288818
-0.02593994
-0.02655029
-0.02532959
-0.02136230
-0.01525879
-0.00762939
 0.00000000
 0.00762939
 0.01617432
 0.02441406
 0.03112793
 0.03295898
 0.02655029
 0.01251221
-0.00488281
-0.02044678
-0.03112793
-0.03448486
-0.03173828
-0.02471924
-0.01617432
-0.00854492
-0.00366211
-0.00091553
 0.00091553
 0.00244141
 0.00305176
 0.00122070
-0.00244141
-0.00915527
-0.02044678
-0.03509521
-0.04913330
-0.05920410
-0.06225586
-0.05859375
-0.04852295
-0.03509521
-0.02197266
-0.01159668
-0.00396729
 0.00030518
 0.00183105
 0.00061035
-0.00335693
-0.00915527
-0.01556396
-0.02227783
-0.02807617
-0.03234863
-0.03417969
-0.03387451
-0.03051758
-0.02380371
-0.01373291
-0.00122070
 0.01159668
 0.02258301
 0.02899170
 0.02868652
 0.02227783
 0.01403809
 0.00793457
 0.00640869
 0.00762939
 0.00976563
 0.01037598
 0.00823975
 0.00457764
 0.00274658
 0.00427246
 0.00976563
 0.01831055
 0.02777100
 0.03540039
 0.03936768
 0.03875732
 0.03356934
 0.02502441
 0.01647949
 0.00976563
 0.00732422
 0.00793457
 0.01007080
 0.01190186
 0.01190186
 0.01190186
 0.01373291
 0.01892090
 0.02624512
 0.03234863
 0.03417969
 0.03112793
 0.02502441
 0.01892090
 0.01434326
 0.01037598
 0.00671387
 0.00396729
 0.00396729
 0.00762939
 0.01373291
 0.01953125
 0.02227783
 0.02166748
 0.01983643
 0.01861572
 0.01861572
 0.01892090
 0.01770020
 0.01434326
 0.00885010
 0.00396729
 0.00000000
-0.00244141
-0.00335693
-0.00213623
 0.00061035
 0.00366211
 0.00701904
 0.00946045
 0.01098633
 0.01068115
 0.00762939
 0.00213623
-0.00488281
-0.01159668
-0.01647949
-0.01831055
-0.01739502
-0.01525879
-0.01312256
-0.01129150
-0.01037598
-0.00976563
-0.00823975
-0.00671387
-0.00518799
-0.00427246
-0.00457764
-0.00640869
-0.01159668
-0.01922607
-0.02716064
-0.03295898
-0.03417969
-0.03082275
-0.02380371
-0.01647949
-0.01159668
-0.01098633
-0.01373291
-0.01586914
-0.01708984
-0.01586914
-0.01403809
-0.01342773
-0.01617432
-0.02166748
-0.02899170
-0.03570557
