-0.00030518
-0.00030518
 0.00000000
 0.00030518
 0.00061035
 0.00061035
 0.00061035
 0.00061035
 0.00030518
 0.00000000
 0.00000000
 0.00030518
 0.00000000
 0.00000000
 0.00000000
 0.00000000
-0.00030518
-0.00030518
 0.00000000
 0.00000000
 0.00000000
 0.00000000
 0.00000000
 0.00000000
-0.00030518
-0.00061035
-0.00061035
-0.00061035
-0.00030518
-0.00030518
 0.00000000
 0.00000000
 0.00000000
 0.00000000
-0.00030518
-0.00030518
-0.00030518
 0.00030518
 0.00061035
 0.00030518
 0.00000000
-0.00030518
-0.00061035
-0.00030518
 0.00000000
 0.00000000
-0.00030518
-0.00030518
 0.00000000
 0.00061035
 0.00061035
 0.00061035
 0.00030518
-0.00030518
-0.00030518
-0.00030518
-0.00030518
 0.00030518
 0.00061035
 0.00061035
 0.00030518
 0.00000000
-0.00030518
-0.00030518
-0.00030518
-0.00030518
 0.00030518
 0.00061035
 0.00061035
 0.00030518
 0.00000000
 0.00000000
-0.00030518
-0.00061035
-0.00091553
-0.00030518
 0.00030518
 0.00122070
 0.00061035
-0.00030518
-0.00030518
 0.00000000
 0.00000000
 0.00030518
 0.00030518
 0.00030518
 0.00030518
 0.00030518
 0.00000000
 0.00000000
 0.00000000
-0.00030518
-0.00061035
-0.00061035
 0.00000000
 0.00091553
 0.00274658
 0.00854492
 0.02410889
 0.05462646
 0.10345459
 0.16571045
 0.21972656
 0.19104004
-0.06164551
-0.47210693
-0.82000732
-0.87951660
-0.61676025
-0.10772705
 0.47973633
 0.96557617
 0.94848633
 0.33477783
-0.21514893
-0.41351318
-0.14648438
 0.17761230
 0.52490234
 0.59356689
 0.31890869
-0.00610352
-0.38696289
-0.67016602
-0.86456299
-0.84045410
-0.47546387
 0.13061523
 0.70465088
 1.14196777
 1.12396240
 0.63903809
 0.20050049
-0.18402100
-0.39520264
-0.40435791
-0.38909912
-0.33752441
-0.23254395
-0.12634277
-0.03967285
 0.01495361
-0.00579834
-0.15167236
-0.35156250
-0.35156250
-0.06134033
 0.37902832
 0.87921143
 1.19628906
 1.05651855
 0.44921875
-0.25970459
-0.84197998
-1.02813721
-0.89782715
-0.54046631
-0.16510010
 0.14434814
 0.36682129
 0.18920898
 0.15045166
 0.11566162
 0.13427734
 0.24719238
 0.45684814
 0.58746338
 0.54138184
 0.30059814
-0.04150391
-0.45379639
-0.64331055
-0.65551758
-0.51208496
-0.30181885
-0.10223389
 0.05920410
 0.17883301
 0.27862549
 0.36804199
 0.48400879
 0.54473877
 0.47241211
 0.28106689
 0.01983643
-0.19836426
-0.34942627
-0.41564941
-0.46173096
-0.49285889
-0.47637939
-0.36163330
-0.16571045
 0.06958008
 0.31951904
 0.36987305
 0.28472900
 0.17974854
 0.10223389
 0.11718750
 0.16937256
 0.19653320
 0.15777588
 0.02014160
-0.17517090
-0.33996582
-0.41015625
-0.35369873
-0.17852783
 0.11505127
 0.53497314
 0.86639404
 0.97076416
 0.72204590
 0.30120850
-0.07934570
-0.43090820
-0.51025391
-0.42663574
-0.28106689
-0.13916016
-0.02349854
 0.03265381
 0.02502441
-0.01617432
-0.06683350
-0.05859375
 0.01831055
 0.11718750
 0.19287109
 0.23468018
 0.24017334
 0.17272949
 0.00701904
-0.22552490
-0.44219971
-0.59326172
-0.59356689
-0.45989990
-0.28930664
-0.12695313
 0.01129150
 0.09643555
 0.11810303
 0.09063721
 0.02777100
-0.01068115
 0.00488281
 0.03234863
 0.01953125
-0.08483887
-0.23345947
-0.34820557
-0.39794922
-0.39306641
-0.34057617
-0.25482178
-0.13336182
-0.01007080
 0.10742188
 0.20507813
 0.26672363
 0.30487061
 0.29937744
 0.21240234
 0.05279541
-0.11993408
-0.27130127
-0.39031982
-0.41870117
-0.35491943
-0.23864746
-0.08483887
 0.06164551
 0.18066406
 0.26550293
 0.30914307
 0.31829834
 0.28930664
 0.25634766
 0.24017334
 0.21392822
 0.14862061
 0.03692627
-0.09765625
-0.21392822
-0.27801514
-0.28076172
-0.22460938
-0.11566162
 0.02807617
 0.18676758
 0.37963867
 0.49560547
 0.54077148
 0.46813965
 0.29357910
 0.02929688
-0.20538330
-0.35278320
-0.37384033
-0.32714844
-0.27587891
-0.23345947
-0.22277832
-0.21759033
-0.18493652
-0.10131836
 0.04333496
 0.22857666
 0.40527344
 0.41625977
 0.34423828
 0.20843506
-0.00274658
-0.17761230
-0.27618408
-0.28564453
-0.21331787
-0.09613037
 0.03326416
 0.14648438
 0.23773193
 0.30487061
 0.33935547
 0.38970947
 0.45013428
 0.47424316
 0.41992188
 0.26550293
 0.07080078
-0.09552002
-0.19927979
-0.22918701
-0.19226074
-0.10192871
 0.02441406
 0.16845703
 0.32714844
 0.42022705
 0.43853760
 0.39672852
 0.32501221
 0.20935059
 0.08361816
-0.01831055
-0.09826660
-0.15411377
-0.19683838
-0.23620605
-0.26885986
-0.27130127
-0.22521973
-0.12786865
 0.00244141
 0.12145996
 0.19714355
 0.21179199
 0.12725830
-0.04760742
-0.24536133
-0.39947510
-0.47760010
-0.46630859
-0.37109375
-0.27130127
-0.15838623
-0.06805420
-0.00640869
 0.03906250
 0.09185791
 0.15869141
 0.23223877
 0.28839111
 0.27984619
 0.15960693
-0.01861572
-0.17852783
-0.28472900
-0.34393311
-0.32928467
-0.28137207
-0.21026611
-0.13122559
-0.06103516
-0.01098633
 0.02136230
 0.03204346
 0.02441406
 0.02075195
 0.03021240
 0.04882813
 0.06439209
 0.05462646
-0.00488281
-0.10467529
-0.20690918
-0.28808594
-0.33843994
-0.33630371
-0.29693604
-0.22491455
-0.12420654
-0.01281738
 0.08422852
 0.14404297
 0.15441895
 0.10437012
 0.03051758
-0.01251221
-0.02258301
-0.02624512
-0.04364014
-0.08789063
-0.14373779
-0.17730713
-0.16662598
-0.10803223
-0.00305176
 0.12756348
 0.25756836
 0.34973145
 0.33660889
 0.32440186
 0.21636963
 0.09521484
 0.01037598
-0.04882813
-0.09368896
-0.11901855
-0.12207031
-0.10162354
-0.05920410
 0.00244141
 0.07934570
 0.15838623
 0.22033691
 0.24932861
 0.21453857
 0.12207031
 0.02624512
-0.03967285
-0.09094238
-0.13671875
-0.17852783
-0.20965576
-0.22094727
-0.20477295
-0.16113281
-0.09338379
-0.00823975
 0.08392334
 0.17059326
 0.23590088
 0.27282715
 0.25604248
 0.17913818
 0.08178711
 0.00610352
-0.04455566
-0.06530762
-0.05401611
-0.01892090
 0.03051758
 0.08209229
 0.12481689
 0.14526367
 0.13122559
 0.10498047
 0.10040283
 0.12573242
 0.17700195
 0.24627686
 0.33721924
 0.36071777
 0.32867432
 0.22735596
 0.08300781
-0.01647949
-0.04638672
-0.01953125
 0.05004883
 0.13397217
 0.20294189
 0.23529053
 0.22552490
 0.16357422
 0.08514404
 0.02471924
-0.02655029
-0.08636475
-0.15441895
-0.21972656
-0.27313232
-0.31005859
-0.32867432
-0.31768799
-0.28961182
-0.24414063
-0.18676758
-0.12603760
-0.07263184
-0.03540039
-0.03082275
-0.06530762
-0.11199951
-0.15167236
-0.19317627
-0.24291992
-0.29113770
-0.32135010
-0.31829834
-0.28198242
-0.21545410
-0.12603760
-0.02960205
 0.05828857
 0.12573242
 0.16967773
 0.18432617
 0.15899658
 0.10925293
 0.05584717
 0.00244141
-0.04058838
-0.05767822
-0.04791260
-0.02227783
 0.00640869
 0.02929688
 0.04028320
 0.05035400
 0.07812500
 0.12725830
 0.18890381
 0.24993896
 0.29113770
 0.27770996
 0.18859863
 0.06866455
-0.02777100
-0.09094238
-0.12603760
-0.13366699
-0.11718750
-0.08392334
-0.04333496
-0.00610352
 0.01495361
 0.00640869
-0.01892090
-0.03387451
-0.03051758
-0.01800537
-0.00762939
-0.01251221
-0.03845215
-0.07598877
-0.10864258
-0.12756348
-0.13122559
-0.12054443
-0.10009766
-0.07263184
-0.04089355
-0.00823975
 0.01922607
 0.03021240
 0.01434326
-0.02441406
-0.06530762
-0.08819580
-0.08209229
-0.04730225
 0.00793457
 0.06927490
 0.11901855
 0.14282227
 0.12176514
 0.07568359
 0.04821777
 0.04516602
 0.04974365
 0.05004883
 0.04211426
 0.03204346
 0.02838135
 0.03265381
 0.04150391
 0.04943848
 0.05523682
 0.06286621
 0.07843018
 0.10253906
 0.12908936
 0.15014648
 0.15594482
 0.14221191
 0.11688232
 0.09002686
 0.06347656
 0.03540039
 0.00732422
-0.01220703
-0.01617432
-0.00122070
 0.02960205
 0.06805420
 0.10345459
 0.12298584
 0.11718750
 0.09674072
 0.08087158
 0.07141113
 0.05950928
 0.03845215
 0.00640869
-0.02929688
-0.05981445
-0.07781982
-0.08209229
-0.07568359
-0.06530762
-0.05584717
-0.04882813
-0.04058838
-0.02746582
-0.01342773
-0.00671387
-0.01983643
-0.05310059
-0.09216309
-0.12084961
-0.13305664
-0.13031006
-0.11779785
-0.10314941
-0.09002686
-0.07720947
-0.06103516
-0.03875732
-0.01281738
 0.01098633
 0.02655029
 0.03356934
 0.03570557
 0.03631592
 0.03356934
 0.02410889
 0.00640869
-0.01495361
-0.03051758
-0.03417969
-0.02349854
-0.00183105
 0.02655029
 0.05523682
 0.07751465
 0.09002686
 0.09399414
 0.09033203
 0.07720947
 0.05187988
 0.01831055
-0.01586914
-0.04211426
-0.05615234
-0.05798340
-0.05157471
-0.04028320
-0.02655029
-0.01129150
 0.00396729
 0.01800537
 0.02807617
 0.03326416
 0.03326416
 0.02960205
 0.02197266
 0.00823975
-0.01525879
-0.04913330
-0.08789063
-0.11993408
-0.13519287
-0.13000488
-0.10742188
-0.07385254
-0.03601074
-0.00152588
 0.01922607
 0.01953125
 0.00640869
-0.00671387
-0.01342773
-0.01403809
-0.01159668
-0.01342773
-0.02929688
-0.06042480
-0.09735107
-0.12573242
-0.13610840
-0.12481689
-0.09277344
-0.04516602
 0.01159668
 0.06866455
 0.11749268
 0.14648438
 0.14007568
 0.10772705
 0.07415771
 0.04455566
 0.01251221
-0.02349854
-0.05676270
-0.08117676
-0.09338379
-0.09063721
-0.07446289
-0.04669189
-0.00976563
 0.03326416
 0.07812500
 0.12115479
 0.15350342
 0.16174316
 0.13977051
 0.10040283
 0.06011963
 0.02502441
-0.00244141
-0.01983643
-0.02471924
-0.01861572
-0.00213623
 0.02288818
 0.05279541
 0.08361816
 0.10986328
 0.12634277
 0.12969971
 0.11749268
 0.08972168
 0.04821777
-0.00335693
-0.05737305
-0.10498047
-0.14099121
-0.16326904
-0.17242432
-0.16784668
-0.14831543
-0.11474609
-0.06988525
-0.01892090
 0.03112793
 0.07141113
 0.08911133
 0.07568359
 0.04608154
 0.01464844
-0.02075195
-0.06378174
-0.10620117
-0.13793945
-0.15319824
-0.14953613
-0.12908936
-0.09552002
-0.05340576
-0.00793457
 0.03479004
 0.06988525
 0.08911133
 0.08972168
 0.07812500
 0.06011963
 0.03753662
 0.01251221
-0.01007080
-0.02593994
-0.03082275
-0.02349854
-0.00335693
 0.02685547
 0.06378174
 0.10162354
 0.13275146
 0.14892578
 0.14556885
 0.13000488
 0.11108398
 0.09155273
 0.07171631
 0.05218506
 0.03387451
 0.01586914
-0.00091553
-0.01403809
-0.02258301
-0.02563477
-0.02471924
-0.02075195
-0.01525879
-0.00762939
 0.00152588
 0.00946045
 0.01129150
 0.00061035
-0.02380371
-0.05493164
-0.08239746
-0.10040283
-0.10650635
-0.10253906
-0.09155273
-0.07720947
-0.06256104
-0.04882813
-0.03601074
-0.02502441
-0.01800537
-0.01617432
-0.01922607
-0.02777100
-0.03967285
-0.05218506
-0.06134033
-0.06378174
-0.05737305
-0.04302979
-0.02380371
-0.00396729
 0.01556396
 0.03570557
 0.05645752
 0.07598877
 0.08941650
 0.09185791
 0.08209229
 0.06591797
 0.04821777
 0.03173828
 0.01861572
 0.00946045
 0.00518799
 0.00457764
 0.00518799
 0.00274658
-0.00183105
-0.00488281
-0.00122070
 0.01068115
 0.02838135
 0.04608154
 0.05676270
 0.05523682
 0.04272461
 0.02593994
 0.01037598
-0.00183105
-0.00946045
-0.01281738
-0.01251221
-0.00976563
-0.00427246
 0.00427246
 0.01464844
 0.02410889
 0.02960205
 0.02716064
 0.01617432
 0.00000000
-0.01953125
-0.03845215
-0.05493164
-0.06713867
-0.07263184
-0.07080078
-0.06164551
-0.04608154
-0.02716064
-0.00732422
 0.01007080
 0.02380371
 0.03417969
 0.03906250
 0.03753662
 0.02899170
 0.01617432
 0.00213623
-0.00915527
-0.01495361
-0.01464844
-0.00915527
 0.00091553
 0.01373291
 0.02716064
 0.03753662
 0.04425049
 0.04913330
 0.05462646
 0.06286621
 0.07232666
 0.07781982
 0.07232666
 0.05096436
 0.01586914
-0.02349854
-0.05676270
-0.07598877
-0.07751465
-0.06317139
-0.03814697
-0.00885010
 0.01800537
 0.03662109
 0.04394531
 0.04241943
 0.03540039
 0.02227783
 0.00335693
-0.01983643
-0.04364014
-0.06500244
-0.08026123
-0.08758545
-0.08575439
-0.07324219
-0.05004883
-0.01892090
 0.01495361
 0.04669189
 0.07019043
 0.08087158
 0.07751465
 0.06500244
 0.04516602
 0.01647949
-0.01678467
-0.04852295
-0.07324219
-0.08697510
-0.09063721
-0.08575439
-0.07537842
-0.06103516
-0.04211426
-0.01800537
 0.01007080
 0.03875732
 0.06103516
 0.06774902
 0.05310059
 0.02258301
-0.01251221
-0.04394531
-0.06713867
-0.07751465
-0.07202148
-0.05310059
-0.02471924
 0.00885010
 0.04089355
 0.06805420
 0.08758545
 0.10131836
 0.10955811
 0.10864258
 0.09307861
 0.06408691
 0.02929688
-0.00183105
-0.02410889
-0.03631592
-0.03906250
-0.03204346
-0.01770020
 0.00213623
 0.02563477
 0.05035400
 0.07476807
 0.09643555
 0.11199951
 0.11657715
 0.10894775
 0.09063721
 0.06591797
 0.04058838
 0.01800537
 0.00030518
-0.01281738
-0.02227783
-0.02716064
-0.02532959
-0.01525879
 0.00488281
 0.03204346
 0.05950928
 0.07629395
 0.07019043
 0.03936768
-0.00183105
-0.03906250
-0.06683350
-0.08331299
-0.08880615
-0.08636475
-0.07995605
-0.07141113
-0.06195068
-0.05249023
-0.04241943
-0.03295898
-0.02502441
-0.01983643
-0.01770020
-0.02044678
-0.02807617
-0.03936768
-0.05218506
-0.06500244
-0.07659912
-0.08697510
-0.09582520
-0.10131836
-0.09918213
-0.08575439
-0.06164551
-0.03051758
 0.00213623
 0.02807617
 0.03997803
 0.03753662
 0.02716064
 0.01586914
 0.00427246
-0.00732422
-0.01831055
-0.02624512
-0.02868652
-0.02532959
-0.01495361
 0.00122070
 0.02075195
 0.03875732
 0.05126953
 0.05676270
 0.05645752
 0.05157471
 0.04364014
 0.03265381
 0.01983643
 0.00518799
-0.00762939
-0.01708984
-0.02227783
-0.02288818
-0.01922607
-0.00976563
 0.00610352
 0.02502441
 0.04180908
 0.05065918
 0.04760742
 0.03417969
 0.01708984
 0.00152588
-0.01190186
-0.02563477
-0.04089355
-0.05706787
-0.07110596
-0.07934570
-0.07843018
-0.06805420
-0.04913330
-0.02410889
 0.00305176
 0.02746582
 0.04272461
 0.04547119
 0.03784180
 0.02288818
 0.00366211
-0.01892090
-0.04272461
-0.06408691
-0.07659912
-0.07659912
-0.06256104
-0.03540039
-0.00030518
 0.03784180
 0.07324219
 0.09704590
 0.10406494
 0.09765625
 0.08636475
 0.07385254
 0.05950928
 0.04302979
 0.02624512
 0.01068115
-0.00061035
-0.00640869
-0.00732422
-0.00396729
 0.00244141
 0.01159668
 0.02380371
 0.03997803
 0.05920410
 0.07659912
 0.08605957
 0.08178711
 0.06347656
 0.03601074
 0.00518799
-0.02624512
-0.05462646
-0.07629395
-0.08666992
-0.08239746
-0.06469727
-0.03784180
-0.00915527
 0.01312256
 0.02105713
 0.01464844
 0.00244141
-0.00793457
-0.01647949
-0.02624512
-0.03875732
-0.05310059
-0.06439209
-0.07049561
-0.07019043
-0.06439209
-0.05401611
-0.04028320
-0.02380371
-0.00488281
 0.01495361
 0.03204346
 0.04119873
 0.03845215
 0.02624512
 0.01068115
-0.00396729
-0.01525879
-0.02075195
-0.02105713
-0.01770020
-0.01312256
-0.00823975
-0.00335693
 0.00274658
 0.01098633
 0.02166748
 0.03387451
 0.04364014
 0.04608154
 0.03906250
 0.02197266
-0.00122070
-0.02563477
-0.04699707
-0.06317139
-0.07232666
-0.07202148
-0.06134033
-0.04180908
-0.01831055
 0.00457764
 0.02044678
 0.02593994
 0.02441406
 0.02166748
 0.02075195
 0.02136230
 0.02258301
 0.02380371
 0.02441406
 0.02471924
 0.02380371
 0.02075195
 0.01464844
 0.00732422
 0.00244141
 0.00335693
 0.00976563
 0.01800537
 0.02380371
 0.02288818
 0.01464844
 0.00183105
-0.01159668
-0.02410889
-0.03448486
-0.04089355
-0.04333496
-0.04211426
-0.03753662
-0.02899170
-0.01800537
-0.00762939
-0.00061035
 0.00213623
 0.00183105
 0.00152588
 0.00366211
 0.00793457
 0.01342773
 0.01708984
 0.01708984
 0.01495361
 0.01373291
 0.01708984
 0.02441406
 0.03479004
 0.04394531
 0.04913330
 0.04852295
 0.04211426
 0.03112793
 0.01800537
 0.00610352
-0.00061035
-0.00152588
 0.00396729
 0.01495361
 0.02777100
 0.03753662
 0.04272461
 0.04547119
 0.04943848
 0.05554199
 0.06286621
 0.06835938
 0.06896973
 0.06317139
 0.05401611
 0.04425049
 0.03570557
 0.02655029
 0.01678467
 0.00793457
 0.00244141
 0.00244141
 0.00762939
 0.01617432
 0.02593994
 0.03509521
 0.04241943
 0.04699707
 0.04730225
 0.04150391
 0.02899170
 0.01190186
-0.00579834
-0.02014160
-0.03173828
-0.04058838
-0.04669189
-0.04974365
-0.04882813
-0.04364014
-0.03479004
-0.02502441
-0.01739502
-0.01495361
-0.01770020
-0.02380371
-0.03112793
-0.03784180
-0.04455566
-0.05096436
-0.05859375
-0.06744385
-0.07629395
-0.08239746
-0.08209229
-0.07415771
-0.06042480
-0.04364014
-0.02838135
-0.01617432
-0.00732422
-0.00183105
 0.00183105
 0.00183105
-0.00335693
-0.01495361
-0.03021240
-0.04547119
-0.05737305
-0.06439209
-0.06591797
-0.06042480
-0.04821777
-0.03112793
-0.01098633
 0.00854492
 0.02288818
 0.02990723
 0.02929688
 0.02441406
 0.01831055
 0.01220703
 0.00549316
-0.00152588
-0.00885010
-0.01495361
-0.01892090
-0.01922607
-0.01556396
-0.00823975
 0.00152588
 0.01190186
 0.02136230
 0.02960205
 0.03601074
 0.03997803
 0.04028320
 0.03601074
 0.02532959
 0.00976563
-0.00762939
-0.02349854
-0.03601074
-0.04394531
-0.04699707
-0.04455566
-0.03723145
-0.02593994
-0.01434326
-0.00549316
-0.00061035
 0.00152588
 0.00274658
 0.00457764
 0.00701904
 0.00854492
 0.00579834
-0.00183105
-0.01129150
-0.02014160
-0.02410889
-0.02166748
-0.01342773
-0.00061035
 0.01403809
 0.02746582
 0.03784180
 0.04425049
 0.04699707
 0.04486084
 0.03753662
 0.02624512
 0.01342773
 0.00152588
-0.00762939
-0.01342773
-0.01647949
-0.01983643
-0.02349854
-0.02685547
-0.02838135
-0.02502441
-0.01617432
-0.00305176
 0.01098633
 0.02197266
 0.02746582
 0.02502441
 0.01678467
 0.00518799
-0.00579834
-0.01251221
-0.01434326
-0.01159668
-0.00549316
 0.00183105
 0.00671387
 0.00701904
 0.00457764
 0.00152588
-0.00061035
-0.00030518
 0.00183105
 0.00518799
 0.00579834
 0.00244141
-0.00366211
-0.01007080
-0.01434326
-0.01556396
-0.01525879
-0.01556396
-0.01586914
-0.01434326
-0.01159668
-0.00885010
-0.00640869
-0.00457764
-0.00305176
-0.00030518
 0.00244141
 0.00396729
 0.00305176
-0.00183105
-0.00762939
-0.01220703
-0.01281738
-0.01068115
-0.00640869
-0.00122070
 0.00518799
 0.01159668
 0.01739502
 0.01983643
 0.01922607
 0.01678467
 0.01708984
 0.02288818
 0.03265381
 0.04364014
 0.05157471
 0.05371094
 0.04974365
 0.04364014
 0.03906250
 0.03692627
 0.03631592
 0.03692627
 0.03936768
 0.04302979
 0.04547119
 0.04608154
 0.04455566
 0.04272461
 0.04272461
 0.04425049
 0.04791260
 0.05187988
 0.05371094
 0.04974365
 0.04028320
 0.02716064
 0.01464844
 0.00518799
 0.00000000
-0.00213623
-0.00244141
-0.00335693
-0.00488281
-0.00701904
-0.00915527
-0.01068115
-0.01037598
-0.00976563
-0.00854492
-0.00610352
-0.00366211
-0.00244141
-0.00396729
-0.01037598
-0.02075195
-0.03204346
-0.03997803
-0.04272461
-0.04089355
-0.03662109
-0.03173828
-0.02807617
-0.02563477
-0.02380371
-0.02166748
-0.01983643
-0.01831055
-0.01831055
-0.01831055
-0.01800537
-0.01617432
-0.01464844
-0.01525879
-0.01922607
-0.02532959
-0.03082275
-0.03173828
-0.02685547
-0.01861572
-0.00976563
-0.00427246
-0.00274658
-0.00030518
 0.00518799
 0.01403809
 0.02319336
 0.02899170
 0.02929688
 0.02624512
 0.02227783
 0.01922607
 0.01586914
 0.01098633
 0.00396729
-0.00335693
-0.00854492
-0.00915527
-0.00549316
 0.00122070
 0.00854492
 0.01403809
 0.01617432
 0.01434326
 0.01007080
 0.00457764
-0.00091553
-0.00579834
-0.01068115
-0.01556396
-0.02044678
-0.02532959
-0.03112793
-0.03570557
-0.03662109
-0.03356934
-0.02777100
-0.02258301
-0.02044678
-0.02197266
-0.02319336
-0.02197266
-0.01708984
-0.01129150
-0.00823975
-0.01037598
-0.01770020
-0.02502441
-0.02868652
-0.02838135
-0.02532959
-0.02014160
-0.01525879
-0.01129150
-0.00946045
-0.00823975
-0.00762939
-0.00671387
-0.00640869
-0.00732422
-0.00946045
-0.01342773
-0.01770020
-0.02105713
-0.02410889
-0.02655029
-0.02777100
-0.02807617
-0.02838135
-0.02838135
-0.02655029
-0.02258301
-0.01739502
-0.01098633
-0.00549316
-0.00122070
 0.00061035
 0.00030518
-0.00213623
-0.00518799
-0.00732422
-0.00671387
-0.00274658
 0.00274658
 0.00671387
 0.00823975
 0.00915527
 0.01129150
 0.01525879
 0.01983643
 0.02258301
 0.02349854
 0.02197266
 0.01922607
 0.01647949
 0.01373291
 0.01129150
 0.00793457
 0.00396729
-0.00030518
-0.00396729
-0.00579834
-0.00396729
 0.00030518
 0.00610352
 0.01129150
 0.01342773
 0.01281738
 0.01068115
 0.00946045
 0.00976563
 0.01190186
 0.01434326
 0.01586914
 0.01617432
 0.01495361
 0.01281738
 0.01129150
 0.00946045
 0.00701904
 0.00457764
 0.00396729
 0.00640869
 0.01129150
 0.01617432
 0.01892090
 0.01800537
 0.01464844
 0.01037598
 0.00671387
 0.00579834
 0.00732422
 0.01068115
 0.01647949
 0.02410889
 0.03295898
 0.04058838
 0.04364014
 0.04211426
 0.03784180
 0.03387451
 0.03387451
 0.03601074
 0.03784180
 0.03540039
 0.02899170
 0.02166748
 0.01586914
 0.01312256
 0.01312256
 0.01464844
 0.01464844
 0.01281738
 0.00946045
 0.00610352
 0.00396729
 0.00305176
 0.00152588
-0.00091553
-0.00518799
-0.01129150
-0.01678467
-0.02014160
-0.02136230
-0.02197266
-0.02227783
-0.02319336
-0.02410889
-0.02380371
-0.02349854
-0.02319336
-0.02319336
-0.02227783
-0.02044678
-0.01953125
-0.02075195
-0.02502441
-0.02960205
-0.03356934
-0.03601074
-0.03662109
-0.03601074
-0.03356934
-0.02960205
-0.02319336
-0.01556396
-0.00885010
-0.00518799
-0.00610352
-0.01220703
-0.02044678
-0.02777100
-0.03234863
-0.03326416
-0.03051758
-0.02563477
-0.02044678
-0.01770020
-0.01647949
-0.01586914
-0.01464844
-0.01251221
-0.01098633
-0.01159668
-0.01373291
-0.01617432
-0.01678467
-0.01525879
-0.01281738
-0.01190186
-0.01159668
-0.01098633
-0.00885010
-0.00518799
-0.00061035
 0.00396729
 0.00854492
 0.01373291
 0.01770020
 0.02044678
 0.01953125
 0.01342773
 0.00305176
-0.00762939
-0.01586914
-0.02105713
-0.02319336
-0.02349854
-0.02258301
-0.01953125
-0.01373291
-0.00549316
 0.00366211
 0.01007080
 0.01129150
 0.00671387
-0.00061035
-0.00762939
-0.01281738
-0.01556396
-0.01708984
-0.01770020
-0.01800537
-0.01739502
-0.01586914
-0.01251221
-0.00701904
 0.00152588
 0.01220703
 0.02349854
 0.03356934
 0.03967285
 0.04058838
 0.03692627
 0.03051758
 0.02380371
 0.01861572
 0.01495361
 0.01251221
 0.01190186
 0.01373291
 0.01708984
 0.02105713
 0.02380371
 0.02441406
 0.02563477
 0.02838135
 0.03448486
 0.04150391
 0.04608154
 0.04608154
 0.03997803
 0.02929688
 0.01678467
 0.00640869
-0.00030518
-0.00183105
 0.00213623
 0.01129150
 0.02288818
 0.03265381
 0.03845215
 0.03936768
 0.03631592
 0.02990723
 0.02227783
 0.01556396
 0.01129150
 0.01007080
 0.01068115
 0.01068115
 0.00640869
-0.00152588
-0.00915527
-0.01342773
-0.01220703
-0.00579834
 0.00305176
 0.01159668
 0.01708984
 0.01953125
 0.02014160
 0.01892090
 0.01647949
 0.01190186
 0.00640869
 0.00152588
-0.00183105
-0.00244141
-0.00061035
 0.00122070
 0.00244141
 0.00305176
 0.00457764
 0.00671387
 0.00946045
 0.01159668
 0.01068115
 0.00610352
-0.00183105
-0.01037598
-0.01678467
-0.01922607
-0.01892090
-0.01708984
-0.01678467
-0.01800537
-0.02014160
-0.02044678
-0.01739502
-0.01190186
-0.00549316
-0.00122070
-0.00061035
-0.00396729
-0.00946045
-0.01556396
-0.02044678
-0.02380371
-0.02624512
-0.02807617
-0.02807617
-0.02624512
-0.02288818
-0.02075195
-0.02044678
-0.02075195
-0.02075195
-0.01922607
-0.01678467
-0.01525879
-0.01647949
-0.01953125
-0.02349854
-0.02624512
-0.02655029
-0.02502441
-0.02380371
-0.02410889
-0.02441406
-0.02258301
-0.01770020
-0.01007080
-0.00366211
-0.00030518
-0.00122070
-0.00518799
-0.00854492
-0.01037598
-0.01068115
-0.01068115
-0.01159668
-0.01281738
-0.01403809
-0.01434326
-0.01403809
-0.01342773
-0.01037598
-0.00518799
-0.00030518
 0.00244141
 0.00152588
-0.00152588
-0.00457764
-0.00671387
-0.00701904
-0.00640869
-0.00549316
-0.00518799
-0.00518799
-0.00427246
-0.00183105
 0.00213623
 0.00732422
 0.01373291
 0.02075195
 0.02655029
 0.02990723
 0.03021240
 0.02777100
 0.02471924
 0.02136230
 0.01861572
 0.01556396
 0.01220703
 0.00915527
 0.00854492
 0.01159668
 0.01739502
 0.02319336
 0.02655029
 0.02532959
 0.02136230
 0.01586914
 0.01251221
 0.01068115
 0.01007080
 0.00946045
 0.00701904
 0.00213623
-0.00457764
-0.01068115
-0.01434326
-0.01342773
-0.00946045
-0.00671387
-0.00762939
-0.01281738
-0.01892090
-0.02227783
-0.02044678
-0.01434326
-0.00701904
-0.00335693
-0.00396729
-0.00793457
-0.01159668
-0.01312256
-0.01220703
-0.00976563
-0.00732422
-0.00518799
-0.00366211
-0.00305176
-0.00366211
-0.00518799
-0.00701904
-0.00823975
-0.00915527
-0.01007080
-0.01098633
-0.01098633
-0.01037598
-0.00854492
-0.00579834
-0.00335693
-0.00213623
-0.00244141
-0.00396729
-0.00488281
-0.00549316
-0.00457764
-0.00366211
-0.00335693
-0.00457764
-0.00640869
-0.00823975
-0.00885010
-0.00671387
-0.00183105
 0.00518799
 0.01403809
 0.02075195
 0.02166748
 0.01525879
 0.00488281
-0.00457764
-0.01037598
-0.01129150
-0.01037598
-0.00976563
-0.01129150
-0.01495361
-0.01800537
-0.01892090
-0.01800537
-0.01770020
-0.01770020
-0.01770020
-0.01617432
-0.01251221
-0.00732422
-0.00305176
-0.00183105
-0.00488281
-0.01098633
-0.01739502
-0.02136230
-0.02136230
-0.01800537
-0.01251221
-0.00579834
-0.00030518
 0.00366211
 0.00640869
 0.00854492
 0.00946045
 0.00946045
 0.00854492
 0.00762939
 0.00579834
 0.00335693
-0.00122070
-0.00701904
-0.01312256
-0.01647949
-0.01708984
-0.01434326
-0.00976563
-0.00396729
 0.00030518
 0.00244141
 0.00244141
 0.00183105
 0.00213623
 0.00427246
 0.00640869
 0.00671387
 0.00457764
 0.00091553
-0.00183105
-0.00244141
-0.00061035
 0.00244141
 0.00488281
 0.00640869
 0.00793457
 0.01007080
 0.01373291
 0.01770020
 0.01953125
 0.01739502
 0.01190186
 0.00640869
 0.00244141
 0.00061035
-0.00122070
-0.00427246
-0.00915527
-0.01342773
-0.01373291
-0.00854492
