-0.00030518
-0.00091553
-0.00061035
 0.00000000
 0.00061035
 0.00030518
-0.00061035
-0.00061035
 0.00030518
 0.00061035
 0.00091553
 0.00091553
 0.00030518
 0.00000000
-0.00030518
-0.00061035
-0.00091553
-0.00030518
 0.00000000
 0.00000000
 0.00000000
-0.00030518
-0.00061035
-0.00061035
 0.00000000
 0.00000000
 0.00030518
 0.00030518
 0.00000000
 0.00030518
 0.00000000
 0.00000000
-0.00030518
-0.00061035
-0.00061035
-0.00030518
-0.00030518
-0.00030518
 0.00000000
 0.00000000
 0.00000000
 0.00061035
 0.00061035
 0.00030518
 0.00091553
 0.00061035
 0.00000000
-0.00061035
-0.00061035
-0.00061035
 0.00000000
 0.00030518
 0.00030518
-0.00030518
-0.00061035
-0.00030518
 0.00000000
 0.00030518
 0.00030518
 0.00030518
 0.00030518
 0.00030518
 0.00091553
 0.00122070
 0.00091553
 0.00000000
-0.00091553
-0.00091553
-0.00030518
 0.00000000
 0.00030518
 0.00000000
-0.00030518
-0.00030518
 0.00000000
 0.00030518
 0.00061035
 0.00061035
 0.00061035
 0.00000000
-0.00030518
 0.00000000
 0.00000000
 0.00000000
-0.00030518
-0.00030518
-0.00030518
-0.00061035
 0.00000000
 0.00091553
 0.00152588
 0.00183105
 0.00274658
 0.00366211
 0.00427246
 0.00244141
-0.00305176
-0.01251221
-0.02197266
-0.02471924
-0.01525879
 0.00640869
 0.03295898
 0.04882813
 0.03234863
-0.01678467
-0.05920410
-0.06134033
-0.02563477
 0.02777100
 0.07110596
 0.08026123
 0.02929688
-0.04730225
-0.07110596
-0.04302979
-0.00732422
 0.01434326
 0.02410889
 0.01892090
 0.00518799
 0.00213623
 0.01342773
 0.02044678
 0.00488281
-0.01464844
-0.01068115
 0.00366211
 0.01098633
 0.00610352
-0.00793457
-0.02227783
-0.02197266
-0.00549316
 0.01434326
 0.02899170
 0.02868652
 0.00091553
-0.03936768
-0.04974365
-0.01861572
 0.02746582
 0.06042480
 0.06134033
 0.01495361
-0.04119873
-0.05767822
-0.03875732
-0.00854492
 0.01586914
 0.02441406
 0.01495361
 0.00518799
 0.00366211
 0.01007080
 0.02166748
 0.02258301
-0.00305176
-0.03814697
-0.04791260
-0.02624512
 0.01525879
 0.05645752
 0.06805420
 0.01922607
-0.04943848
-0.07171631
-0.04974365
-0.00732422
 0.03356934
 0.05279541
 0.04089355
 0.01342773
 0.00061035
-0.00091553
-0.00091553
-0.00122070
-0.00579834
-0.01739502
-0.02593994
-0.02166748
-0.00427246
 0.01678467
 0.02960205
 0.02380371
 0.00549316
-0.00885010
-0.01220703
-0.00885010
-0.00457764
-0.00030518
 0.00671387
 0.01373291
 0.01068115
-0.00122070
-0.00762939
-0.00427246
-0.00213623
-0.01129150
-0.02532959
-0.02410889
-0.00091553
 0.02807617
 0.04180908
 0.02197266
-0.01525879
-0.03265381
-0.02166748
 0.00457764
 0.02593994
 0.02258301
-0.00579834
-0.02563477
-0.02136230
-0.00488281
 0.01190186
 0.01708984
 0.00671387
-0.00671387
-0.00915527
 0.00061035
 0.01342773
 0.01770020
 0.00915527
-0.00366211
-0.01159668
-0.00946045
 0.00091553
 0.01068115
 0.00610352
-0.01312256
-0.02624512
-0.02075195
-0.00488281
 0.01159668
 0.01953125
 0.01617432
 0.01068115
 0.01068115
 0.01373291
 0.01312256
 0.00335693
-0.01312256
-0.02746582
-0.03204346
-0.02380371
-0.00366211
 0.01983643
 0.03143311
 0.01831055
-0.01068115
-0.02777100
-0.02075195
 0.00274658
 0.02807617
 0.03845215
 0.02380371
-0.00122070
-0.01617432
-0.02014160
-0.01708984
-0.01190186
-0.00946045
-0.01068115
-0.00640869
 0.00762939
 0.02441406
 0.03051758
 0.01708984
-0.00701904
-0.02288818
-0.02288818
-0.00854492
 0.01129150
 0.02288818
 0.01220703
-0.01007080
-0.01800537
-0.00610352
 0.01220703
 0.02197266
 0.01159668
-0.01464844
-0.03356934
-0.02899170
-0.00427246
 0.02655029
 0.04852295
 0.04211426
 0.00579834
-0.03082275
-0.04333496
-0.03234863
-0.00854492
 0.01586914
 0.02807617
 0.02075195
 0.00213623
-0.01159668
-0.01342773
-0.00762939
-0.00030518
 0.00640869
 0.01342773
 0.01892090
 0.01495361
-0.00183105
-0.02410889
-0.03570557
-0.02807617
-0.00335693
 0.02685547
 0.04577637
 0.03204346
-0.01007080
-0.04180908
-0.04028320
-0.01434326
 0.02014160
 0.04821777
 0.05157471
 0.01892090
-0.02227783
-0.04272461
-0.04089355
-0.02349854
 0.00366211
 0.02990723
 0.04058838
 0.02471924
-0.00518799
-0.02319336
-0.02227783
-0.00915527
 0.00671387
 0.01770020
 0.01770020
 0.01007080
 0.00213623
-0.00427246
-0.01037598
-0.01495361
-0.01373291
-0.00549316
 0.00488281
 0.01129150
 0.00823975
 0.00030518
-0.00335693
 0.00091553
 0.00793457
 0.01220703
 0.00793457
-0.00488281
-0.01586914
-0.01617432
-0.00549316
 0.00915527
 0.01861572
 0.01464844
-0.00122070
-0.01678467
-0.02075195
-0.01068115
 0.00640869
 0.01922607
 0.01892090
 0.00579834
-0.00793457
-0.01281738
-0.01007080
-0.00396729
 0.00122070
 0.00488281
 0.00823975
 0.00946045
 0.00518799
-0.00701904
-0.01861572
-0.02014160
-0.00793457
 0.01159668
 0.02746582
 0.02868652
 0.01129150
-0.01251221
-0.02563477
-0.02410889
-0.01251221
 0.00122070
 0.01007080
 0.01220703
 0.00915527
 0.00518799
 0.00305176
 0.00183105
-0.00091553
-0.00610352
-0.01007080
-0.00885010
-0.00366211
 0.00274658
 0.00885010
 0.01220703
 0.01190186
 0.00579834
-0.00427246
-0.01464844
-0.01770020
-0.00915527
 0.00640869
 0.01861572
 0.01861572
 0.00610352
-0.00701904
-0.01251221
-0.00976563
-0.00457764
-0.00122070
-0.00061035
 0.00183105
 0.00793457
 0.01220703
 0.00915527
-0.00152588
-0.01159668
-0.01220703
-0.00305176
 0.00915527
 0.01464844
 0.00671387
-0.00854492
-0.01647949
-0.01129150
 0.00274658
 0.01586914
 0.01800537
 0.00579834
-0.00915527
-0.01434326
-0.00915527
 0.00000000
 0.00671387
 0.00671387
 0.00335693
 0.00274658
 0.00457764
 0.00549316
 0.00274658
-0.00396729
-0.01037598
-0.01251221
-0.00793457
 0.00152588
 0.01129150
 0.01556396
 0.01403809
 0.00732422
-0.00183105
-0.01068115
-0.01525879
-0.01434326
-0.00793457
 0.00061035
 0.00976563
 0.01495361
 0.01495361
 0.00854492
-0.00213623
-0.01403809
-0.01922607
-0.01281738
 0.00152588
 0.01495361
 0.01983643
 0.01312256
 0.00091553
-0.00946045
-0.01464844
-0.01403809
-0.00976563
-0.00305176
 0.00366211
 0.00915527
 0.01220703
 0.01129150
 0.00671387
 0.00122070
-0.00427246
-0.00915527
-0.01159668
-0.00946045
-0.00244141
 0.00579834
 0.00976563
 0.00640869
-0.00122070
-0.00793457
-0.00946045
-0.00518799
 0.00244141
 0.00732422
 0.00732422
 0.00427246
 0.00183105
 0.00091553
 0.00030518
-0.00213623
-0.00640869
-0.00946045
-0.00823975
-0.00061035
 0.00793457
 0.01098633
 0.00366211
-0.00793457
-0.01403809
-0.01037598
 0.00061035
 0.01281738
 0.01892090
 0.01556396
 0.00427246
-0.00732422
-0.01495361
-0.01525879
-0.00946045
-0.00030518
 0.00701904
 0.00946045
 0.00640869
 0.00000000
-0.00518799
-0.00701904
-0.00579834
-0.00122070
 0.00396729
 0.00762939
 0.00885010
 0.00793457
 0.00335693
-0.00488281
-0.01373291
-0.01800537
-0.01434326
-0.00305176
 0.01159668
 0.02197266
 0.01983643
 0.00488281
-0.01281738
-0.02227783
-0.01953125
-0.00732422
 0.00793457
 0.01861572
 0.02044678
 0.01495361
 0.00640869
-0.00366211
-0.01281738
-0.01831055
-0.01800537
-0.01159668
-0.00030518
 0.01251221
 0.02044678
 0.01831055
 0.00762939
-0.00579834
-0.01495361
-0.01617432
-0.00915527
 0.00213623
 0.01129150
 0.01403809
 0.00976563
 0.00244141
-0.00427246
-0.00823975
-0.00793457
-0.00488281
 0.00030518
 0.00518799
 0.00701904
 0.00640869
 0.00457764
 0.00244141
 0.00000000
-0.00305176
-0.00549316
-0.00549316
-0.00305176
 0.00091553
 0.00457764
 0.00671387
 0.00610352
 0.00366211
 0.00091553
-0.00183105
-0.00335693
-0.00335693
-0.00152588
 0.00091553
 0.00305176
 0.00274658
 0.00061035
-0.00213623
-0.00457764
-0.00457764
-0.00183105
 0.00244141
 0.00518799
 0.00488281
 0.00183105
-0.00091553
-0.00152588
 0.00030518
 0.00396729
 0.00610352
 0.00488281
 0.00061035
-0.00366211
-0.00640869
-0.00793457
-0.00701904
-0.00213623
 0.00518799
 0.01159668
 0.01312256
 0.00732422
-0.00274658
-0.00976563
-0.01098633
-0.00671387
 0.00030518
 0.00610352
 0.00793457
 0.00518799
-0.00030518
-0.00427246
-0.00396729
-0.00091553
 0.00274658
 0.00488281
 0.00457764
 0.00213623
-0.00061035
-0.00213623
-0.00183105
-0.00122070
-0.00183105
-0.00305176
-0.00396729
-0.00152588
 0.00244141
 0.00549316
 0.00518799
 0.00213623
-0.00091553
-0.00274658
-0.00274658
-0.00122070
 0.00091553
 0.00366211
 0.00518799
 0.00457764
 0.00183105
-0.00122070
-0.00396729
-0.00640869
-0.00701904
-0.00457764
 0.00000000
 0.00518799
 0.00885010
 0.00823975
 0.00396729
-0.00061035
-0.00244141
-0.00152588
 0.00061035
 0.00183105
-0.00030518
-0.00396729
-0.00518799
-0.00274658
 0.00122070
 0.00274658
 0.00091553
-0.00244141
-0.00488281
-0.00335693
 0.00274658
 0.00976563
 0.01220703
 0.00793457
-0.00030518
-0.00732422
-0.01007080
-0.00762939
-0.00183105
 0.00396729
 0.00518799
 0.00213623
-0.00213623
-0.00366211
-0.00213623
 0.00061035
 0.00274658
 0.00457764
 0.00671387
 0.00793457
 0.00610352
 0.00061035
-0.00701904
-0.01281738
-0.01220703
-0.00457764
 0.00579834
 0.01312256
 0.01251221
 0.00518799
-0.00274658
-0.00793457
-0.00793457
-0.00335693
 0.00427246
 0.01068115
 0.01098633
 0.00457764
-0.00396729
-0.00885010
-0.00854492
-0.00427246
-0.00061035
-0.00061035
-0.00183105
-0.00091553
 0.00274658
 0.00793457
 0.01068115
 0.00762939
-0.00061035
-0.00762939
-0.00854492
-0.00427246
 0.00091553
 0.00396729
 0.00335693
 0.00152588
 0.00091553
 0.00091553
-0.00061035
-0.00488281
-0.00762939
-0.00579834
 0.00091553
 0.00823975
 0.01281738
 0.01068115
 0.00244141
-0.00701904
-0.01159668
-0.01037598
-0.00518799
 0.00122070
 0.00671387
 0.00854492
 0.00610352
 0.00061035
-0.00518799
-0.00823975
-0.00640869
-0.00061035
 0.00640869
 0.00946045
 0.00701904
 0.00213623
-0.00183105
-0.00427246
-0.00671387
-0.00793457
-0.00640869
-0.00183105
 0.00427246
 0.00915527
 0.00976563
 0.00396729
-0.00366211
-0.00823975
-0.00732422
-0.00305176
 0.00213623
 0.00549316
 0.00610352
 0.00518799
 0.00274658
-0.00091553
-0.00457764
-0.00701904
-0.00762939
-0.00549316
-0.00152588
 0.00335693
 0.00732422
 0.00946045
 0.00885010
 0.00427246
-0.00274658
-0.00915527
-0.01098633
-0.00732422
 0.00061035
 0.00793457
 0.00976563
 0.00457764
-0.00213623
-0.00640869
-0.00610352
-0.00335693
-0.00030518
 0.00274658
 0.00579834
 0.00762939
 0.00701904
 0.00335693
-0.00274658
-0.00793457
-0.00976563
-0.00671387
-0.00091553
 0.00457764
 0.00640869
 0.00335693
-0.00122070
-0.00335693
-0.00213623
 0.00091553
 0.00244141
 0.00213623
 0.00000000
-0.00091553
 0.00091553
 0.00335693
 0.00244141
-0.00305176
-0.00854492
-0.00976563
-0.00457764
 0.00274658
 0.00732422
 0.00671387
 0.00274658
-0.00061035
-0.00061035
 0.00030518
 0.00000000
-0.00183105
-0.00213623
 0.00061035
 0.00366211
 0.00274658
-0.00274658
-0.00793457
-0.00823975
-0.00335693
 0.00305176
 0.00701904
 0.00732422
 0.00457764
 0.00152588
-0.00091553
-0.00335693
-0.00518799
-0.00427246
-0.00091553
 0.00274658
 0.00366211
 0.00213623
-0.00122070
-0.00335693
-0.00366211
-0.00244141
-0.00061035
 0.00061035
 0.00244141
 0.00549316
 0.00823975
 0.00732422
 0.00152588
-0.00579834
-0.01037598
-0.01068115
-0.00732422
-0.00122070
 0.00488281
 0.00762939
 0.00579834
 0.00183105
-0.00183105
-0.00274658
-0.00030518
 0.00335693
 0.00457764
 0.00305176
 0.00122070
 0.00061035
 0.00030518
-0.00091553
-0.00305176
-0.00549316
-0.00610352
-0.00335693
 0.00152588
 0.00518799
 0.00457764
 0.00152588
 0.00091553
 0.00335693
 0.00549316
 0.00457764
 0.00030518
-0.00488281
-0.00732422
-0.00518799
-0.00091553
 0.00122070
 0.00000000
-0.00213623
-0.00244141
-0.00061035
 0.00213623
 0.00427246
 0.00518799
 0.00427246
 0.00305176
 0.00152588
-0.00030518
-0.00305176
-0.00457764
-0.00396729
-0.00183105
 0.00030518
 0.00061035
-0.00030518
-0.00274658
-0.00396729
-0.00183105
 0.00305176
 0.00793457
 0.00915527
 0.00549316
-0.00061035
-0.00518799
-0.00579834
-0.00396729
-0.00091553
 0.00091553
 0.00122070
 0.00061035
-0.00091553
-0.00274658
-0.00427246
-0.00396729
-0.00091553
 0.00396729
 0.00854492
 0.00976563
 0.00610352
-0.00030518
-0.00610352
-0.00762939
-0.00549316
-0.00213623
 0.00061035
 0.00091553
-0.00030518
-0.00274658
-0.00396729
-0.00274658
 0.00091553
 0.00610352
 0.00976563
 0.00854492
 0.00244141
-0.00427246
-0.00701904
-0.00518799
-0.00091553
 0.00152588
 0.00061035
-0.00183105
-0.00366211
-0.00335693
-0.00183105
 0.00122070
 0.00366211
 0.00396729
 0.00213623
-0.00030518
-0.00152588
-0.00061035
 0.00061035
 0.00091553
 0.00000000
-0.00183105
-0.00366211
-0.00488281
-0.00396729
-0.00183105
 0.00122070
 0.00396729
 0.00549316
 0.00610352
 0.00488281
 0.00152588
-0.00274658
-0.00610352
-0.00579834
-0.00183105
 0.00427246
 0.00854492
 0.00701904
-0.00061035
-0.00915527
-0.01281738
-0.00885010
-0.00030518
 0.00823975
 0.01220703
 0.01068115
 0.00518799
 0.00000000
-0.00244141
-0.00305176
-0.00335693
-0.00366211
-0.00274658
-0.00091553
 0.00122070
 0.00305176
 0.00335693
 0.00122070
-0.00152588
-0.00335693
-0.00183105
 0.00152588
 0.00488281
 0.00610352
 0.00549316
 0.00335693
 0.00091553
-0.00152588
-0.00427246
-0.00640869
-0.00671387
-0.00488281
-0.00152588
 0.00122070
 0.00366211
 0.00457764
 0.00427246
 0.00335693
 0.00213623
 0.00000000
-0.00183105
-0.00183105
-0.00061035
 0.00091553
 0.00061035
-0.00122070
-0.00335693
-0.00457764
-0.00335693
 0.00000000
 0.00305176
 0.00366211
 0.00183105
 0.00000000
-0.00030518
 0.00030518
 0.00061035
 0.00091553
 0.00122070
 0.00122070
 0.00091553
-0.00091553
-0.00366211
-0.00488281
-0.00488281
-0.00335693
-0.00061035
 0.00305176
 0.00579834
 0.00671387
 0.00457764
 0.00122070
-0.00244141
-0.00457764
-0.00488281
-0.00305176
-0.00061035
 0.00122070
 0.00213623
 0.00091553
-0.00183105
-0.00427246
-0.00427246
-0.00244141
 0.00030518
 0.00305176
 0.00488281
 0.00549316
 0.00396729
 0.00152588
-0.00122070
-0.00335693
-0.00396729
-0.00366211
-0.00335693
-0.00305176
-0.00244141
-0.00030518
 0.00274658
 0.00549316
 0.00610352
 0.00335693
-0.00030518
-0.00274658
-0.00244141
-0.00061035
 0.00122070
 0.00152588
 0.00000000
-0.00213623
-0.00366211
-0.00335693
-0.00213623
-0.00061035
 0.00091553
 0.00274658
 0.00427246
 0.00427246
 0.00274658
 0.00152588
 0.00152588
 0.00183105
 0.00030518
-0.00244141
-0.00457764
-0.00518799
-0.00396729
-0.00122070
 0.00091553
 0.00183105
 0.00183105
 0.00213623
 0.00305176
 0.00366211
 0.00305176
 0.00061035
-0.00061035
-0.00030518
 0.00152588
 0.00244141
-0.00061035
-0.00549316
-0.00793457
-0.00549316
-0.00030518
 0.00396729
 0.00457764
 0.00183105
-0.00122070
-0.00183105
 0.00122070
 0.00549316
 0.00793457
 0.00671387
 0.00183105
-0.00427246
-0.00854492
-0.00946045
-0.00701904
-0.00244141
 0.00305176
 0.00671387
 0.00610352
 0.00183105
-0.00305176
-0.00488281
-0.00366211
 0.00122070
 0.00701904
 0.00976563
 0.00701904
-0.00061035
-0.00793457
-0.01098633
-0.00915527
-0.00366211
 0.00183105
 0.00549316
 0.00579834
 0.00274658
-0.00030518
-0.00183105
-0.00122070
 0.00091553
 0.00305176
 0.00335693
 0.00091553
-0.00244141
-0.00518799
-0.00579834
-0.00396729
-0.00091553
 0.00244141
 0.00366211
 0.00213623
-0.00152588
-0.00366211
-0.00244141
 0.00061035
 0.00366211
 0.00549316
 0.00457764
 0.00061035
-0.00335693
-0.00518799
-0.00427246
-0.00183105
 0.00000000
 0.00030518
-0.00122070
-0.00274658
-0.00183105
 0.00122070
 0.00488281
 0.00610352
 0.00457764
 0.00091553
-0.00335693
-0.00640869
-0.00579834
-0.00244141
 0.00183105
 0.00366211
 0.00244141
-0.00030518
-0.00274658
-0.00427246
-0.00427246
-0.00274658
-0.00061035
 0.00213623
 0.00518799
 0.00640869
 0.00518799
 0.00091553
-0.00549316
-0.00946045
-0.00854492
-0.00305176
 0.00274658
 0.00579834
 0.00396729
-0.00061035
-0.00396729
-0.00427246
-0.00152588
 0.00213623
 0.00335693
 0.00305176
 0.00183105
 0.00091553
 0.00030518
-0.00091553
-0.00305176
-0.00457764
-0.00457764
-0.00213623
 0.00091553
 0.00305176
 0.00335693
 0.00305176
 0.00244141
 0.00122070
-0.00061035
-0.00244141
-0.00305176
-0.00274658
-0.00122070
 0.00122070
 0.00305176
 0.00305176
 0.00061035
-0.00305176
-0.00640869
-0.00701904
-0.00457764
 0.00000000
 0.00549316
 0.00946045
 0.00823975
 0.00274658
-0.00427246
-0.00823975
-0.00885010
-0.00549316
 0.00061035
 0.00640869
 0.00793457
 0.00366211
-0.00305176
-0.00823975
-0.00885010
-0.00518799
 0.00122070
 0.00671387
 0.00793457
 0.00488281
 0.00091553
-0.00152588
-0.00213623
-0.00305176
-0.00366211
-0.00335693
-0.00244141
-0.00152588
 0.00000000
 0.00183105
 0.00244141
 0.00274658
 0.00213623
 0.00122070
-0.00091553
-0.00274658
-0.00274658
-0.00122070
 0.00061035
 0.00244141
 0.00274658
 0.00061035
-0.00335693
-0.00671387
-0.00671387
-0.00274658
 0.00335693
 0.00793457
 0.00885010
 0.00518799
-0.00122070
-0.00701904
-0.00915527
-0.00610352
 0.00000000
 0.00549316
 0.00701904
 0.00274658
-0.00396729
-0.00885010
-0.00854492
-0.00366211
 0.00305176
 0.00762939
 0.00823975
 0.00427246
-0.00183105
-0.00518799
-0.00488281
-0.00152588
 0.00152588
 0.00152588
-0.00091553
-0.00396729
-0.00427246
-0.00152588
 0.00091553
 0.00061035
-0.00030518
-0.00061035
-0.00030518
 0.00122070
 0.00244141
 0.00305176
 0.00274658
 0.00183105
 0.00030518
-0.00213623
-0.00579834
-0.00915527
-0.00915527
-0.00335693
 0.00488281
 0.01129150
 0.01159668
 0.00427246
-0.00610352
-0.01220703
-0.01037598
-0.00183105
 0.00793457
 0.01403809
 0.01098633
 0.00061035
-0.01007080
-0.01464844
-0.01129150
-0.00366211
 0.00305176
 0.00549316
 0.00427246
 0.00183105
 0.00122070
 0.00213623
 0.00305176
 0.00183105
-0.00183105
-0.00549316
-0.00701904
-0.00427246
 0.00000000
 0.00335693
 0.00427246
 0.00183105
-0.00305176
-0.00640869
-0.00549316
-0.00122070
 0.00305176
 0.00518799
 0.00488281
 0.00274658
 0.00061035
-0.00061035
-0.00091553
-0.00152588
-0.00305176
-0.00366211
-0.00244141
-0.00122070
-0.00091553
-0.00030518
-0.00030518
 0.00000000
 0.00061035
 0.00305176
 0.00518799
 0.00549316
 0.00274658
-0.00213623
-0.00671387
-0.00823975
-0.00518799
 0.00030518
 0.00488281
 0.00488281
 0.00091553
-0.00396729
-0.00579834
-0.00427246
-0.00030518
 0.00305176
 0.00488281
 0.00488281
 0.00335693
 0.00183105
 0.00030518
-0.00152588
-0.00335693
-0.00488281
-0.00549316
-0.00549316
-0.00335693
 0.00061035
 0.00488281
 0.00701904
 0.00610352
 0.00213623
-0.00274658
-0.00518799
-0.00427246
-0.00152588
 0.00152588
 0.00335693
 0.00335693
 0.00152588
-0.00122070
-0.00427246
-0.00610352
-0.00579834
-0.00335693
 0.00030518
 0.00457764
 0.00854492
 0.00885010
 0.00457764
-0.00213623
-0.00732422
-0.00793457
-0.00427246
 0.00152588
 0.00549316
 0.00457764
-0.00030518
-0.00518799
-0.00610352
-0.00244141
 0.00183105
 0.00335693
 0.00122070
-0.00183105
-0.00244141
 0.00030518
 0.00335693
 0.00427246
 0.00122070
-0.00274658
-0.00488281
-0.00396729
-0.00061035
 0.00183105
 0.00061035
-0.00274658
-0.00518799
-0.00366211
 0.00122070
 0.00518799
 0.00549316
 0.00244141
-0.00183105
-0.00335693
-0.00213623
 0.00061035
 0.00152588
 0.00000000
-0.00274658
-0.00427246
-0.00305176
-0.00091553
 0.00122070
 0.00122070
-0.00061035
-0.00305176
-0.00274658
 0.00030518
 0.00457764
 0.00671387
 0.00518799
 0.00030518
-0.00518799
-0.00854492
-0.00823975
-0.00457764
 0.00000000
 0.00305176
 0.00427246
 0.00305176
 0.00061035
-0.00183105
-0.00213623
-0.00183105
-0.00091553
-0.00122070
-0.00091553
 0.00061035
 0.00244141
 0.00274658
 0.00061035
-0.00305176
-0.00549316
-0.00488281
-0.00183105
 0.00183105
 0.00335693
 0.00152588
-0.00122070
-0.00213623
 0.00030518
 0.00305176
 0.00274658
-0.00061035
-0.00427246
-0.00549316
-0.00305176
 0.00152588
 0.00427246
 0.00396729
 0.00000000
-0.00427246
-0.00549316
-0.00335693
 0.00030518
 0.00335693
 0.00396729
 0.00213623
-0.00183105
-0.00549316
-0.00549316
-0.00213623
 0.00213623
 0.00427246
 0.00335693
 0.00091553
-0.00152588
-0.00305176
-0.00305176
-0.00274658
-0.00183105
 0.00030518
 0.00305176
 0.00457764
 0.00335693
-0.00091553
-0.00549316
-0.00701904
-0.00457764
 0.00030518
 0.00488281
 0.00549316
 0.00274658
-0.00152588
-0.00274658
-0.00152588
 0.00091553
 0.00061035
-0.00183105
-0.00518799
-0.00610352
-0.00305176
 0.00274658
 0.00640869
 0.00579834
 0.00061035
-0.00427246
-0.00549316
-0.00335693
-0.00030518
 0.00183105
 0.00152588
-0.00030518
-0.00152588
-0.00183105
-0.00122070
-0.00061035
-0.00152588
-0.00213623
-0.00183105
 0.00061035
 0.00213623
 0.00213623
 0.00122070
-0.00030518
-0.00152588
-0.00244141
-0.00213623
-0.00030518
 0.00183105
 0.00183105
 0.00000000
-0.00274658
-0.00427246
-0.00396729
-0.00183105
 0.00091553
 0.00213623
 0.00152588
 0.00061035
-0.00091553
-0.00183105
-0.00183105
-0.00122070
-0.00122070
-0.00122070
-0.00122070
-0.00030518
 0.00030518
 0.00000000
-0.00213623
-0.00518799
-0.00671387
-0.00396729
 0.00152588
 0.00579834
 0.00610352
 0.00244141
-0.00152588
-0.00335693
-0.00305176
-0.00183105
-0.00091553
-0.00030518
 0.00000000
-0.00030518
-0.00183105
-0.00396729
-0.00518799
-0.00427246
-0.00091553
 0.00274658
 0.00518799
 0.00427246
 0.00152588
-0.00152588
-0.00274658
-0.00274658
-0.00213623
-0.00244141
-0.00274658
-0.00213623
-0.00061035
 0.00000000
-0.00030518
-0.00152588
-0.00152588
-0.00061035
 0.00122070
 0.00274658
 0.00244141
 0.00122070
 0.00000000
-0.00061035
-0.00091553
-0.00183105
-0.00274658
-0.00335693
-0.00274658
-0.00183105
-0.00030518
 0.00122070
 0.00183105
 0.00244141
 0.00244141
 0.00122070
-0.00091553
-0.00213623
-0.00152588
 0.00000000
 0.00213623
 0.00244141
 0.00030518
-0.00213623
-0.00396729
-0.00427246
-0.00366211
-0.00183105
 0.00030518
 0.00305176
 0.00427246
 0.00366211
 0.00183105
-0.00122070
-0.00335693
-0.00335693
-0.00122070
 0.00061035
 0.00091553
 0.00000000
-0.00213623
-0.00366211
-0.00335693
-0.00183105
 0.00000000
 0.00122070
 0.00183105
 0.00152588
 0.00000000
-0.00061035
-0.00030518
 0.00000000
 0.00000000
-0.00091553
-0.00122070
-0.00152588
-0.00152588
-0.00183105
-0.00244141
-0.00152588
 0.00061035
 0.00274658
 0.00335693
 0.00244141
 0.00122070
-0.00030518
-0.00091553
-0.00122070
-0.00091553
-0.00091553
-0.00091553
-0.00183105
-0.00366211
-0.00396729
-0.00274658
-0.00030518
 0.00152588
 0.00244141
 0.00183105
 0.00030518
-0.00152588
-0.00274658
-0.00152588
 0.00000000
 0.00061035
 0.00030518
-0.00122070
-0.00335693
-0.00427246
-0.00305176
-0.00061035
 0.00122070
 0.00183105
 0.00152588
 0.00030518
-0.00061035
-0.00122070
-0.00122070
 0.00183105
 0.01098633
 0.03112793
 0.06774902
 0.12329102
 0.19134521
 0.24261475
 0.19226074
-0.06195068
-0.41412354
-0.65368652
-0.66192627
-0.49377441
-0.30883789
-0.13916016
-0.01586914
-0.00091553
-0.03875732
 0.00640869
 0.21453857
 0.49591064
 0.57250977
 0.32775879
 0.02105713
-0.27221680
-0.38391113
-0.22064209
 0.00213623
 0.08880615
-0.04241943
-0.28289795
-0.38848877
-0.11627197
 0.13214111
 0.46325684
 0.56732178
 0.40161133
 0.21972656
 0.09399414
-0.06408691
-0.36651611
-0.69702148
-0.80688477
-0.59631348
-0.23101807
 0.12878418
 0.46936035
 0.35797119
 0.01800537
-0.12329102
-0.03540039
 0.15869141
 0.43762207
 0.59631348
 0.56182861
 0.37963867
 0.15045166
-0.06866455
-0.22094727
-0.40252686
-0.64697266
-0.79986572
-0.67840576
-0.35888672
 0.01739502
 0.54748535
 0.92620850
 1.04339600
 0.89141846
 0.63354492
 0.37170410
 0.10986328
 0.00732422
 0.03845215
-0.00030518
-0.14190674
-0.31982422
-0.46600342
-0.48461914
-0.34149170
-0.08789063
 0.19165039
 0.50720215
 0.72540283
 0.95581055
 1.08581543
 0.91888428
 0.46478271
 0.01953125
-0.42022705
-0.56793213
-0.53558350
-0.44586182
-0.43914795
-0.51086426
-0.48492432
-0.21667480
 0.09277344
 0.37353516
 0.47119141
 0.35888672
 0.27313232
 0.17578125
 0.11749268
 0.09094238
 0.04272461
-0.05615234
-0.18737793
-0.29846191
-0.34606934
-0.31188965
-0.24536133
-0.12634277
 0.12207031
 0.52124023
 0.97991943
 1.39099121
 1.61529541
 1.54968262
 1.20544434
 0.69519043
 0.18463135
-0.32318115
-0.67840576
-0.77270508
-0.59417725
-0.19927979
 0.23986816
 0.63659668
 0.76751709
 0.62103271
 0.32714844
-0.00518799
-0.33721924
-0.48400879
-0.49194336
-0.45898438
-0.48950195
-0.66314697
-0.94116211
-1.15631104
-1.18591309
-1.04156494
-0.78643799
-0.50018311
-0.35949707
-0.25634766
-0.18585205
-0.17425537
-0.26885986
-0.36254883
-0.38604736
-0.38970947
-0.38970947
-0.40313721
-0.44036865
-0.50689697
-0.57739258
-0.59143066
-0.52947998
-0.41870117
-0.31890869
-0.21057129
-0.07354736
 0.05920410
 0.19378662
 0.31494141
 0.39886475
 0.41351318
 0.35064697
 0.27099609
 0.08361816
-0.13122559
-0.32745361
-0.45501709
-0.48004150
-0.44403076
-0.35919189
-0.20965576
 0.02197266
 0.23864746
 0.37231445
 0.26062012
 0.04333496
-0.26611328
-0.51361084
-0.63568115
-0.64788818
-0.57006836
-0.46447754
-0.39062500
-0.37384033
-0.38208008
-0.35308838
-0.24963379
-0.12969971
 0.00366211
 0.13366699
 0.26062012
 0.34057617
 0.34271240
 0.23315430
 0.04577637
-0.07415771
-0.09979248
-0.09033203
-0.06256104
-0.00793457
 0.08239746
 0.20477295
 0.37139893
 0.43548584
 0.38421631
 0.32958984
 0.25207520
 0.27832031
 0.39276123
 0.56518555
 0.69488525
 0.73577881
 0.67657471
 0.52825928
 0.32012939
 0.11627197
 0.01220703
 0.00854492
 0.06988525
 0.16174316
 0.28442383
 0.41107178
