-0.00030518
 0.00000000
 0.00000000
 0.00030518
 0.00030518
 0.00030518
-0.00030518
-0.00030518
 0.00000000
 0.00000000
 0.00030518
 0.00000000
 0.00000000
 0.00030518
 0.00030518
-0.00030518
-0.00061035
-0.00091553
-0.00030518
 0.00000000
-0.00030518
-0.00030518
 0.00000000
 0.00000000
 0.00000000
 0.00000000
 0.00000000
 0.00000000
 0.00030518
 0.00030518
 0.00000000
-0.00030518
 0.00000000
 0.00061035
 0.00030518
 0.00000000
-0.00030518
 0.00000000
 0.00000000
 0.00000000
 0.00000000
 0.00000000
 0.00030518
 0.00030518
 0.00000000
-0.00030518
 0.00000000
 0.00030518
 0.00030518
 0.00000000
-0.00061035
-0.00030518
-0.00030518
-0.00030518
 0.00000000
 0.00030518
 0.00030518
 0.00000000
 0.00030518
 0.00030518
 0.00000000
-0.00030518
-0.00030518
 0.00000000
 0.00000000
 0.00000000
 0.00000000
 0.00000000
-0.00061035
-0.00030518
-0.00030518
-0.00030518
 0.00000000
 0.00030518
 0.00030518
 0.00000000
 0.00000000
 0.00000000
 0.00030518
 0.00000000
 0.00000000
-0.00030518
-0.00061035
-0.00061035
 0.00000000
 0.00030518
 0.00030518
 0.00030518
 0.00000000
 0.00030518
 0.00030518
 0.00030518
 0.00000000
 0.00000000
 0.00091553
 0.00427246
 0.01281738
 0.02624512
 0.03448486
 0.02075195
-0.02105713
-0.06683350
-0.08575439
-0.06805420
-0.02166748
 0.02685547
 0.05187988
 0.04516602
 0.01647949
-0.01739502
-0.04943848
-0.05401611
-0.02044678
 0.02349854
 0.04699707
 0.03936768
 0.02441406
 0.04150391
 0.06439209
 0.04669189
-0.02532959
-0.10162354
-0.15075684
-0.16021729
-0.11016846
-0.01800537
 0.04943848
 0.06774902
 0.07598877
 0.11871338
 0.20874023
 0.35339355
 0.37689209
 0.32135010
 0.23254395
 0.13397217
 0.03326416
-0.10528564
-0.23681641
-0.32012939
-0.34729004
-0.34484863
-0.31646729
-0.23956299
-0.12084961
 0.00427246
 0.12908936
 0.24475098
 0.31433105
 0.28717041
 0.13214111
-0.02868652
-0.11077881
-0.15106201
-0.18829346
-0.20690918
-0.17608643
-0.09857178
-0.01098633
 0.04333496
 0.05432129
 0.04150391
 0.05065918
 0.08453369
 0.10040283
 0.07415771
 0.02868652
-0.00701904
-0.02868652
-0.02136230
 0.01281738
 0.03997803
 0.02838135
-0.03021240
-0.08148193
-0.08209229
-0.04211426
 0.02227783
 0.09246826
 0.14831543
 0.17486572
 0.13763428
 0.02716064
-0.06866455
-0.08911133
-0.08178711
-0.08636475
-0.09246826
-0.07415771
-0.02716064
 0.02990723
 0.07690430
 0.09063721
 0.05096436
 0.00518799
 0.00488281
 0.02899170
 0.04516602
 0.01861572
-0.07171631
-0.16723633
-0.19805908
-0.17517090
-0.14190674
-0.12847900
-0.12145996
-0.09338379
-0.03479004
 0.03936768
 0.11016846
 0.17120361
 0.22277832
 0.24505615
 0.19042969
 0.06469727
-0.06561279
-0.15960693
-0.20568848
-0.19042969
-0.12786865
-0.05401611
 0.00976563
 0.07537842
 0.14892578
 0.20965576
 0.22460938
 0.17517090
 0.12695313
 0.11840820
 0.09979248
 0.02990723
-0.05584717
-0.10559082
-0.13244629
-0.14892578
-0.13793945
-0.08972168
-0.01800537
 0.05767822
 0.12298584
 0.16815186
 0.18432617
 0.15808105
 0.11199951
 0.08117676
 0.05859375
 0.01342773
-0.06256104
-0.13763428
-0.17730713
-0.18005371
-0.16021729
-0.12634277
-0.08056641
-0.02441406
 0.03356934
 0.08392334
 0.11840820
 0.12695313
 0.11596680
 0.09521484
 0.05889893
 0.00305176
-0.05828857
-0.10467529
-0.12817383
-0.13946533
-0.14526367
-0.13732910
-0.10803223
-0.05767822
 0.01068115
 0.08636475
 0.15106201
 0.19317627
 0.20385742
 0.17395020
 0.11230469
 0.03753662
-0.03601074
-0.09826660
-0.14251709
-0.16357422
-0.15991211
-0.13427734
-0.09063721
-0.03204346
 0.03173828
 0.08941650
 0.13641357
 0.16998291
 0.17791748
 0.14526367
 0.07873535
 0.00946045
-0.04608154
-0.09063721
-0.12359619
-0.13732910
-0.13153076
-0.11077881
-0.07629395
-0.02777100
 0.03265381
 0.09796143
 0.15533447
 0.19073486
 0.17883301
 0.11779785
 0.04058838
-0.02777100
-0.08728027
-0.13488770
-0.16571045
-0.17639160
-0.16479492
-0.13153076
-0.07965088
-0.01556396
 0.05157471
 0.10894775
 0.14984131
 0.16265869
 0.14404297
 0.10986328
 0.06713867
 0.00946045
-0.05584717
-0.11230469
-0.14923096
-0.16357422
-0.15380859
-0.12268066
-0.07598877
-0.01953125
 0.04180908
 0.10009766
 0.14709473
 0.16998291
 0.15472412
 0.11199951
 0.06164551
 0.00793457
-0.04425049
-0.08697510
-0.11901855
-0.13885498
-0.13946533
-0.11657715
-0.07293701
-0.01312256
 0.05493164
 0.12054443
 0.17089844
 0.19317627
 0.16845703
 0.11199951
 0.05096436
-0.00701904
-0.05950928
-0.09399414
-0.10681152
-0.10498047
-0.09643555
-0.08209229
-0.05615234
-0.01708984
 0.03021240
 0.08056641
 0.12603760
 0.15533447
 0.14923096
 0.10345459
 0.03723145
-0.03112793
-0.08972168
-0.12481689
-0.13122559
-0.11535645
-0.08636475
-0.05065918
-0.01220703
 0.02593994
 0.05950928
 0.08514404
 0.10101318
 0.10589600
 0.09674072
 0.07141113
 0.03173828
-0.01159668
-0.04760742
-0.07476807
-0.09735107
-0.11474609
-0.11810303
-0.09948730
-0.06042480
-0.00976563
 0.04241943
 0.08728027
 0.11505127
 0.11444092
 0.09277344
 0.06744385
 0.04089355
 0.00915527
-0.02288818
-0.05065918
-0.07263184
-0.08697510
-0.08941650
-0.07690430
-0.05187988
-0.01861572
 0.01708984
 0.05096436
 0.07812500
 0.09307861
 0.09155273
 0.07293701
 0.04058838
 0.00335693
-0.02807617
-0.04791260
-0.05584717
-0.05493164
-0.04669189
-0.03204346
-0.01159668
 0.01251221
 0.03875732
 0.06225586
 0.07843018
 0.08178711
 0.07293701
 0.05645752
 0.03601074
 0.01129150
-0.01770020
-0.04730225
-0.07232666
-0.08728027
-0.08789063
-0.07354736
-0.04852295
-0.01892090
 0.00762939
 0.02593994
 0.03509521
 0.03723145
 0.03540039
 0.02868652
 0.01708984
 0.00183105
-0.01586914
-0.03417969
-0.05157471
-0.06622314
-0.07446289
-0.07202148
-0.05767822
-0.03540039
-0.00885010
 0.01617432
 0.03540039
 0.04638672
 0.04821777
 0.04211426
 0.02868652
 0.01190186
-0.00396729
-0.01708984
-0.02685547
-0.03356934
-0.03601074
-0.03204346
-0.01953125
-0.00030518
 0.02075195
 0.03784180
 0.04486084
 0.04119873
 0.03295898
 0.02685547
 0.02258301
 0.01678467
 0.00640869
-0.00671387
-0.01892090
-0.02807617
-0.03295898
-0.03051758
-0.01922607
 0.00000000
 0.02471924
 0.04943848
 0.06866455
 0.07507324
 0.06683350
 0.04943848
 0.02838135
 0.00396729
-0.02197266
-0.04486084
-0.05859375
-0.06072998
-0.05218506
-0.03692627
-0.01861572
 0.00030518
 0.01647949
 0.02929688
 0.03814697
 0.04211426
 0.03997803
 0.03204346
 0.01922607
 0.00030518
-0.02258301
-0.04638672
-0.06561279
-0.07598877
-0.07720947
-0.06896973
-0.05401611
-0.03387451
-0.01220703
 0.00610352
 0.01770020
 0.02136230
 0.01861572
 0.01281738
 0.00518799
-0.00366211
-0.01220703
-0.01831055
-0.01953125
-0.01525879
-0.00732422
 0.00305176
 0.01647949
 0.03479004
 0.05737305
 0.08178711
 0.10437012
 0.11962891
 0.12542725
 0.12268066
 0.11108398
 0.09002686
 0.06042480
 0.02838135
 0.00000000
-0.02044678
-0.03234863
-0.03906250
-0.04180908
-0.04272461
-0.04211426
-0.03906250
-0.03448486
-0.03051758
-0.02868652
-0.02990723
-0.03417969
-0.04272461
-0.05371094
-0.06439209
-0.07049561
-0.07019043
-0.06317139
-0.05157471
-0.03753662
-0.02380371
-0.01098633
 0.00091553
 0.01220703
 0.02288818
 0.03143311
 0.03631592
 0.03570557
 0.02960205
 0.01831055
 0.00335693
-0.01281738
-0.02685547
-0.03570557
-0.03723145
-0.03112793
-0.01953125
-0.00518799
 0.00793457
 0.01739502
 0.02349854
 0.02655029
 0.02868652
 0.03051758
 0.03051758
 0.02746582
 0.02075195
 0.01098633
 0.00000000
-0.00976563
-0.01647949
-0.01922607
-0.01708984
-0.01129150
-0.00457764
 0.00152588
 0.00488281
 0.00640869
 0.00518799
 0.00122070
-0.00488281
-0.01190186
-0.01800537
-0.02227783
-0.02441406
-0.02655029
-0.02868652
-0.03204346
-0.03387451
-0.03326416
-0.02899170
-0.02105713
-0.01098633
-0.00091553
 0.00793457
 0.01495361
 0.01922607
 0.02014160
 0.01770020
 0.01220703
 0.00640869
 0.00213623
 0.00183105
 0.00671387
 0.01647949
 0.02838135
 0.03906250
 0.04608154
 0.04760742
 0.04425049
 0.03753662
 0.03021240
 0.02166748
 0.01037598
-0.00366211
-0.02075195
-0.03906250
-0.05584717
-0.06866455
-0.07598877
-0.07629395
-0.06958008
-0.05737305
-0.04119873
-0.02319336
-0.00518799
 0.01007080
 0.02105713
 0.02746582
 0.03051758
 0.03295898
 0.03601074
 0.03967285
 0.04364014
 0.04760742
 0.05157471
 0.05584717
 0.06225586
 0.07080078
 0.07965088
 0.08758545
 0.09277344
 0.09429932
 0.09216309
 0.08575439
 0.07476807
 0.06072998
 0.04577637
 0.03234863
 0.02197266
 0.01525879
 0.01281738
 0.01373291
 0.01617432
 0.01831055
 0.01983643
 0.01892090
 0.01434326
 0.00579834
-0.00640869
-0.02105713
-0.03845215
-0.05645752
-0.07354736
-0.08789063
-0.09796143
-0.10253906
-0.10070801
-0.09399414
-0.08300781
-0.07019043
-0.05676270
-0.04455566
-0.03448486
-0.02746582
-0.02349854
-0.02197266
-0.02227783
-0.02410889
-0.02777100
-0.03143311
-0.03448486
-0.03509521
-0.03356934
-0.02990723
-0.02410889
-0.01647949
-0.00762939
 0.00152588
 0.01037598
 0.01708984
 0.02075195
 0.02136230
 0.01953125
 0.01678467
 0.01312256
 0.00915527
 0.00518799
 0.00335693
 0.00274658
 0.00427246
 0.00762939
 0.01190186
 0.01617432
 0.02044678
 0.02288818
 0.02441406
 0.02471924
 0.02410889
 0.02105713
 0.01586914
 0.00793457
-0.00183105
-0.01281738
-0.02349854
-0.03143311
-0.03662109
-0.03875732
-0.03875732
-0.03723145
-0.03540039
-0.03295898
-0.03021240
-0.02777100
-0.02471924
-0.02166748
-0.01953125
-0.01770020
-0.01800537
-0.02014160
-0.02380371
-0.02746582
-0.02960205
-0.02929688
-0.02471924
-0.01586914
-0.00366211
 0.00976563
 0.02258301
 0.03356934
 0.04119873
 0.04516602
 0.04669189
 0.04638672
 0.04425049
 0.04058838
 0.03509521
 0.02960205
 0.02471924
 0.02258301
 0.02258301
 0.02532959
 0.03051758
 0.03845215
 0.04760742
 0.05767822
 0.06774902
 0.07537842
 0.07934570
 0.07995605
 0.07568359
 0.06652832
 0.05401611
 0.04119873
 0.02990723
 0.02044678
 0.01403809
 0.00976563
 0.00885010
 0.01037598
 0.01434326
 0.01831055
 0.02197266
 0.02441406
 0.02502441
 0.02197266
 0.01495361
 0.00549316
-0.00640869
-0.01953125
-0.03234863
-0.04272461
-0.04943848
-0.05218506
-0.05065918
-0.04455566
-0.03570557
-0.02624512
-0.01770020
-0.01098633
-0.00732422
-0.00793457
-0.01190186
-0.01922607
-0.02807617
-0.03784180
-0.04669189
-0.05310059
-0.05584717
-0.05493164
-0.05035400
-0.04241943
-0.03173828
-0.01922607
-0.00671387
 0.00518799
 0.01464844
 0.01953125
 0.01983643
 0.01617432
 0.01007080
 0.00274658
-0.00366211
-0.00976563
-0.01464844
-0.01770020
-0.01770020
-0.01403809
-0.00762939
 0.00000000
 0.00854492
 0.01617432
 0.02105713
 0.02197266
 0.01922607
 0.01342773
 0.00549316
-0.00335693
-0.01190186
-0.01953125
-0.02471924
-0.02746582
-0.02716064
-0.02380371
-0.01770020
-0.00946045
-0.00061035
 0.00793457
 0.01434326
 0.01892090
 0.02044678
 0.01892090
 0.01464844
 0.00823975
 0.00061035
-0.00671387
-0.01220703
-0.01525879
-0.01678467
-0.01586914
-0.01251221
-0.00671387
 0.00091553
 0.00823975
 0.01403809
 0.01678467
 0.01586914
 0.01251221
 0.00671387
-0.00030518
-0.00793457
-0.01556396
-0.02166748
-0.02471924
-0.02502441
-0.02227783
-0.01678467
-0.00946045
-0.00030518
 0.00854492
 0.01617432
 0.02197266
 0.02532959
 0.02593994
 0.02319336
 0.01739502
 0.01007080
 0.00305176
-0.00305176
-0.00793457
-0.01098633
-0.01159668
-0.01007080
-0.00579834
 0.00061035
 0.00793457
 0.01525879
 0.02227783
 0.02746582
 0.02960205
 0.02868652
 0.02441406
 0.01831055
 0.01129150
 0.00457764
-0.00122070
-0.00488281
-0.00549316
-0.00335693
 0.00091553
 0.00579834
 0.01068115
 0.01495361
 0.01831055
 0.02075195
 0.02136230
 0.01953125
 0.01495361
 0.00854492
 0.00030518
-0.00854492
-0.01770020
-0.02563477
-0.03143311
-0.03417969
-0.03417969
-0.03173828
-0.02716064
-0.02166748
-0.01586914
-0.01037598
-0.00671387
-0.00549316
-0.00610352
-0.00854492
-0.01251221
-0.01678467
-0.02105713
-0.02441406
-0.02593994
-0.02563477
-0.02288818
-0.01831055
-0.01190186
-0.00427246
 0.00366211
 0.01159668
 0.01800537
 0.02227783
 0.02441406
 0.02410889
 0.02075195
 0.01556396
 0.01098633
 0.00701904
 0.00488281
 0.00427246
 0.00579834
 0.00885010
 0.01312256
 0.01800537
 0.02197266
 0.02532959
 0.02716064
 0.02655029
 0.02441406
 0.02044678
 0.01525879
 0.00915527
 0.00244141
-0.00427246
-0.01007080
-0.01373291
-0.01525879
-0.01464844
-0.01220703
-0.00885010
-0.00488281
-0.00152588
 0.00122070
 0.00213623
 0.00122070
-0.00213623
-0.00640869
-0.01159668
-0.01647949
-0.02014160
-0.02319336
-0.02471924
-0.02349854
-0.02044678
-0.01556396
-0.01007080
-0.00366211
 0.00213623
 0.00701904
 0.01098633
 0.01312256
 0.01312256
 0.01037598
 0.00671387
 0.00305176
-0.00091553
-0.00488281
-0.00823975
-0.00915527
-0.00732422
-0.00427246
 0.00030518
 0.00549316
 0.01129150
 0.01708984
 0.02105713
 0.02288818
 0.02227783
 0.01953125
 0.01525879
 0.01037598
 0.00640869
 0.00244141
-0.00030518
-0.00091553
-0.00030518
 0.00183105
 0.00549316
 0.00976563
 0.01403809
 0.01800537
 0.02136230
 0.02410889
 0.02441406
 0.02136230
 0.01617432
 0.01007080
 0.00366211
-0.00152588
-0.00549316
-0.00793457
-0.00823975
-0.00732422
-0.00457764
-0.00152588
 0.00213623
 0.00518799
 0.00701904
 0.00701904
 0.00579834
 0.00335693
-0.00030518
-0.00518799
-0.00976563
-0.01312256
-0.01556396
-0.01647949
-0.01617432
-0.01342773
-0.00915527
-0.00366211
 0.00213623
 0.00762939
 0.01159668
 0.01373291
 0.01403809
 0.01281738
 0.01068115
 0.00732422
 0.00335693
-0.00091553
-0.00457764
-0.00732422
-0.00915527
-0.01007080
-0.00915527
-0.00793457
-0.00610352
-0.00396729
-0.00274658
-0.00244141
-0.00244141
-0.00396729
-0.00732422
-0.01190186
-0.01617432
-0.01983643
-0.02166748
-0.02258301
-0.02136230
-0.01861572
-0.01434326
-0.00823975
-0.00244141
 0.00305176
 0.00701904
 0.01007080
 0.01220703
 0.01403809
 0.01403809
 0.01220703
 0.00946045
 0.00671387
 0.00427246
 0.00274658
 0.00122070
 0.00061035
 0.00122070
 0.00244141
 0.00366211
 0.00457764
 0.00518799
 0.00518799
 0.00427246
 0.00152588
-0.00335693
-0.00885010
-0.01464844
-0.01983643
-0.02471924
-0.02838135
-0.02990723
-0.03021240
-0.02960205
-0.02746582
-0.02410889
-0.01983643
-0.01556396
-0.01190186
-0.00854492
-0.00579834
-0.00366211
-0.00244141
-0.00183105
-0.00152588
-0.00152588
-0.00122070
-0.00030518
 0.00152588
 0.00427246
 0.00762939
 0.01129150
 0.01434326
 0.01708984
 0.01831055
 0.01861572
 0.01739502
 0.01434326
 0.01068115
 0.00701904
 0.00427246
 0.00152588
-0.00091553
-0.00244141
-0.00274658
-0.00183105
 0.00030518
 0.00274658
 0.00549316
 0.00793457
 0.01007080
 0.01190186
 0.01190186
 0.01129150
 0.01007080
 0.00823975
 0.00671387
 0.00549316
 0.00366211
 0.00213623
 0.00152588
 0.00152588
 0.00244141
 0.00366211
 0.00518799
 0.00640869
 0.00671387
 0.00610352
 0.00457764
 0.00244141
-0.00061035
-0.00305176
-0.00549316
-0.00732422
-0.00854492
-0.00854492
-0.00793457
-0.00671387
-0.00579834
-0.00488281
-0.00335693
-0.00244141
-0.00122070
-0.00061035
-0.00030518
-0.00091553
-0.00244141
-0.00396729
-0.00488281
-0.00549316
-0.00518799
-0.00427246
-0.00244141
 0.00030518
 0.00335693
 0.00610352
 0.00793457
 0.00915527
 0.01007080
 0.01037598
 0.00976563
 0.00793457
 0.00610352
 0.00488281
 0.00396729
 0.00274658
 0.00213623
 0.00244141
 0.00305176
 0.00427246
 0.00579834
 0.00732422
 0.00915527
 0.01007080
 0.01098633
 0.01068115
 0.00976563
 0.00793457
 0.00549316
 0.00305176
 0.00061035
-0.00122070
-0.00213623
-0.00244141
-0.00213623
-0.00122070
 0.00000000
 0.00122070
 0.00183105
 0.00213623
 0.00213623
 0.00122070
-0.00030518
-0.00274658
-0.00518799
-0.00793457
-0.01037598
-0.01251221
-0.01464844
-0.01617432
-0.01678467
-0.01647949
-0.01586914
-0.01403809
-0.01251221
-0.01098633
-0.01007080
-0.00976563
-0.01007080
-0.01037598
-0.01098633
-0.01159668
-0.01251221
-0.01220703
-0.01190186
-0.01068115
-0.00885010
-0.00640869
-0.00396729
-0.00061035
 0.00274658
 0.00640869
 0.00854492
 0.00946045
 0.00976563
 0.00946045
 0.00946045
 0.00823975
 0.00732422
 0.00671387
 0.00701904
 0.00732422
 0.00762939
 0.00915527
 0.01190186
 0.01525879
 0.01831055
 0.02014160
 0.02136230
 0.02197266
 0.02166748
 0.02014160
 0.01831055
 0.01586914
 0.01251221
 0.00946045
 0.00671387
 0.00518799
 0.00488281
 0.00518799
 0.00549316
 0.00549316
 0.00610352
 0.00610352
 0.00549316
 0.00396729
 0.00183105
-0.00061035
-0.00335693
-0.00610352
-0.00854492
-0.01129150
-0.01373291
-0.01525879
-0.01586914
-0.01556396
-0.01495361
-0.01373291
-0.01220703
-0.01037598
-0.00915527
-0.00854492
-0.00823975
-0.00823975
-0.00854492
-0.00946045
-0.01007080
-0.01068115
-0.00976563
-0.00823975
-0.00610352
-0.00366211
-0.00122070
 0.00183105
 0.00457764
 0.00701904
 0.00915527
 0.01007080
 0.01037598
 0.00946045
 0.00762939
 0.00488281
 0.00213623
 0.00030518
-0.00152588
-0.00305176
-0.00366211
-0.00335693
-0.00274658
-0.00152588
-0.00122070
-0.00122070
-0.00152588
-0.00152588
-0.00122070
-0.00152588
-0.00244141
-0.00427246
-0.00671387
-0.00915527
-0.01129150
-0.01251221
-0.01251221
-0.01159668
-0.01007080
-0.00854492
-0.00762939
-0.00610352
-0.00488281
-0.00396729
-0.00396729
-0.00488281
-0.00640869
-0.00762939
-0.00854492
-0.00946045
-0.01007080
-0.00946045
-0.00854492
-0.00823975
-0.00823975
-0.00762939
-0.00549316
-0.00274658
-0.00030518
 0.00183105
 0.00335693
 0.00427246
 0.00396729
 0.00274658
 0.00183105
 0.00061035
-0.00091553
-0.00122070
-0.00091553
 0.00000000
 0.00122070
 0.00274658
 0.00427246
 0.00549316
 0.00671387
 0.00823975
 0.00915527
 0.01037598
 0.01129150
 0.01098633
 0.01007080
 0.00854492
 0.00732422
 0.00671387
 0.00610352
 0.00579834
 0.00610352
 0.00671387
 0.00732422
 0.00793457
 0.00823975
 0.00885010
 0.00885010
 0.00762939
 0.00640869
 0.00518799
 0.00427246
 0.00335693
 0.00244141
 0.00183105
 0.00122070
 0.00030518
 0.00000000
 0.00091553
 0.00213623
 0.00366211
 0.00488281
 0.00610352
 0.00671387
 0.00671387
 0.00640869
 0.00610352
 0.00549316
 0.00366211
 0.00183105
 0.00152588
 0.00122070
 0.00061035
-0.00061035
-0.00122070
-0.00213623
-0.00274658
-0.00335693
-0.00366211
-0.00396729
-0.00396729
-0.00457764
-0.00579834
-0.00701904
-0.00793457
-0.00823975
-0.00823975
-0.00885010
-0.00915527
-0.00823975
-0.00701904
-0.00610352
-0.00518799
-0.00488281
-0.00396729
-0.00335693
-0.00213623
-0.00091553
-0.00030518
-0.00061035
-0.00122070
-0.00183105
-0.00244141
-0.00366211
-0.00457764
-0.00427246
-0.00457764
-0.00518799
-0.00610352
-0.00701904
-0.00701904
-0.00640869
-0.00579834
-0.00549316
-0.00518799
-0.00427246
-0.00366211
-0.00305176
-0.00183105
-0.00122070
-0.00061035
 0.00061035
 0.00122070
 0.00183105
 0.00213623
 0.00274658
 0.00366211
 0.00427246
 0.00457764
 0.00488281
 0.00518799
 0.00549316
 0.00488281
 0.00366211
 0.00305176
 0.00213623
 0.00091553
-0.00030518
-0.00152588
-0.00244141
-0.00366211
-0.00427246
-0.00488281
-0.00488281
-0.00549316
-0.00579834
-0.00640869
-0.00640869
-0.00671387
-0.00701904
-0.00701904
-0.00732422
-0.00793457
-0.00793457
-0.00732422
-0.00732422
-0.00701904
-0.00671387
-0.00579834
-0.00427246
-0.00244141
-0.00061035
 0.00122070
 0.00335693
 0.00518799
 0.00701904
 0.00885010
 0.00976563
 0.01068115
 0.01190186
 0.01281738
 0.01342773
 0.01403809
 0.01434326
 0.01434326
 0.01373291
 0.01373291
 0.01403809
 0.01434326
 0.01495361
 0.01525879
 0.01464844
 0.01373291
 0.01251221
 0.01068115
 0.00854492
 0.00732422
 0.00549316
 0.00335693
 0.00152588
-0.00030518
-0.00183105
-0.00274658
-0.00396729
-0.00488281
-0.00549316
-0.00579834
-0.00579834
-0.00549316
-0.00518799
-0.00457764
-0.00457764
-0.00427246
-0.00488281
-0.00518799
-0.00549316
-0.00549316
-0.00518799
-0.00457764
-0.00335693
-0.00213623
-0.00091553
 0.00000000
 0.00091553
 0.00183105
 0.00244141
 0.00274658
 0.00305176
 0.00366211
 0.00396729
 0.00427246
 0.00396729
 0.00366211
 0.00366211
 0.00396729
 0.00488281
 0.00640869
 0.00732422
 0.00854492
 0.00885010
 0.00915527
 0.00885010
 0.00854492
 0.00762939
 0.00640869
 0.00457764
 0.00335693
 0.00213623
 0.00030518
-0.00152588
-0.00305176
-0.00396729
-0.00457764
-0.00518799
-0.00518799
-0.00488281
-0.00518799
-0.00518799
-0.00549316
-0.00640869
-0.00762939
-0.00885010
-0.00915527
-0.00976563
-0.01037598
-0.01098633
-0.01098633
-0.01068115
-0.00976563
-0.00885010
-0.00854492
-0.00793457
-0.00762939
-0.00762939
-0.00701904
-0.00701904
-0.00732422
-0.00823975
-0.00946045
-0.01068115
-0.01159668
-0.01281738
-0.01403809
-0.01434326
-0.01464844
-0.01495361
-0.01434326
-0.01403809
-0.01434326
-0.01525879
-0.01678467
-0.01770020
-0.01770020
-0.01770020
-0.01831055
-0.01861572
-0.01861572
-0.01831055
-0.01708984
-0.01556396
-0.01403809
-0.01251221
-0.01068115
-0.00823975
-0.00579834
-0.00335693
-0.00091553
 0.00030518
 0.00122070
 0.00213623
 0.00305176
 0.00366211
 0.00457764
 0.00549316
 0.00640869
 0.00762939
 0.00823975
 0.00915527
 0.01007080
 0.01068115
 0.01068115
 0.01007080
 0.00915527
 0.00793457
 0.00671387
 0.00549316
 0.00427246
 0.00274658
 0.00122070
-0.00030518
-0.00183105
-0.00305176
-0.00396729
-0.00427246
-0.00457764
-0.00488281
-0.00549316
-0.00610352
-0.00640869
-0.00701904
-0.00762939
-0.00854492
-0.00946045
-0.00976563
-0.00885010
-0.00762939
-0.00640869
-0.00518799
-0.00396729
-0.00244141
-0.00061035
 0.00152588
 0.00366211
 0.00579834
 0.00732422
 0.00793457
 0.00854492
 0.00946045
 0.01037598
 0.01159668
 0.01312256
 0.01403809
 0.01556396
 0.01739502
 0.01892090
 0.02044678
 0.02197266
 0.02349854
 0.02471924
 0.02563477
 0.02532959
 0.02471924
 0.02380371
 0.02319336
 0.02258301
 0.02166748
 0.02105713
 0.01983643
 0.01922607
 0.01922607
 0.01861572
 0.01739502
 0.01617432
 0.01495361
 0.01373291
 0.01220703
 0.00946045
 0.00640869
 0.00427246
 0.00213623
-0.00061035
-0.00305176
-0.00427246
-0.00579834
-0.00732422
-0.00793457
-0.00823975
-0.00823975
-0.00854492
-0.00915527
-0.00915527
-0.00946045
-0.00976563
-0.01007080
-0.01037598
-0.01037598
-0.01037598
-0.01068115
-0.01037598
-0.00915527
-0.00793457
-0.00610352
-0.00457764
-0.00274658
-0.00122070
 0.00000000
 0.00061035
 0.00122070
 0.00122070
 0.00152588
 0.00183105
 0.00183105
 0.00213623
 0.00244141
 0.00274658
 0.00335693
 0.00366211
 0.00457764
 0.00549316
 0.00671387
 0.00732422
 0.00762939
 0.00762939
 0.00762939
 0.00671387
 0.00518799
 0.00335693
 0.00152588
-0.00030518
-0.00213623
-0.00366211
-0.00518799
-0.00640869
-0.00671387
-0.00701904
-0.00793457
-0.00885010
-0.00946045
-0.01037598
-0.01068115
-0.01098633
-0.01159668
-0.01312256
-0.01495361
-0.01617432
-0.01708984
-0.01739502
-0.01770020
-0.01739502
-0.01647949
-0.01556396
-0.01403809
-0.01281738
-0.01190186
-0.01159668
-0.01068115
-0.01007080
-0.00976563
-0.00946045
-0.00885010
-0.00854492
-0.00823975
-0.00793457
-0.00762939
-0.00701904
-0.00579834
-0.00427246
-0.00213623
-0.00030518
 0.00122070
 0.00213623
 0.00274658
 0.00335693
 0.00335693
 0.00335693
 0.00274658
 0.00244141
 0.00213623
 0.00183105
 0.00183105
 0.00213623
 0.00213623
 0.00213623
 0.00213623
 0.00213623
 0.00213623
 0.00244141
 0.00244141
 0.00244141
 0.00152588
 0.00030518
-0.00122070
-0.00244141
-0.00335693
-0.00457764
-0.00640869
-0.00762939
-0.00793457
-0.00762939
-0.00701904
-0.00701904
-0.00701904
-0.00793457
-0.00854492
-0.00854492
-0.00823975
-0.00885010
-0.00976563
-0.01098633
-0.01190186
-0.01281738
-0.01312256
-0.01312256
-0.01251221
-0.01159668
-0.01007080
-0.00823975
-0.00671387
-0.00518799
-0.00366211
-0.00274658
-0.00274658
-0.00335693
-0.00305176
-0.00274658
-0.00213623
-0.00213623
-0.00244141
-0.00152588
-0.00061035
 0.00030518
 0.00122070
 0.00274658
 0.00457764
 0.00640869
 0.00762939
 0.00854492
 0.00854492
 0.00823975
 0.00793457
 0.00762939
 0.00732422
 0.00701904
 0.00701904
 0.00671387
 0.00671387
 0.00732422
 0.00762939
 0.00854492
 0.01037598
 0.01190186
 0.01251221
 0.01312256
 0.01312256
 0.01312256
 0.01281738
 0.01159668
 0.01037598
 0.00885010
 0.00762939
 0.00671387
 0.00640869
 0.00579834
 0.00610352
 0.00671387
 0.00732422
 0.00793457
 0.00854492
 0.00885010
 0.00854492
 0.00762939
 0.00671387
 0.00549316
 0.00427246
 0.00305176
 0.00183105
 0.00091553
 0.00061035
 0.00091553
 0.00152588
 0.00244141
 0.00366211
 0.00518799
 0.00640869
 0.00732422
 0.00823975
 0.00854492
 0.00885010
 0.00854492
 0.00793457
 0.00671387
 0.00579834
 0.00518799
 0.00488281
 0.00488281
 0.00549316
 0.00640869
 0.00732422
 0.00793457
 0.00854492
 0.00885010
 0.00854492
 0.00793457
 0.00732422
 0.00579834
 0.00396729
 0.00213623
 0.00061035
-0.00061035
-0.00183105
-0.00335693
-0.00396729
-0.00396729
-0.00366211
-0.00305176
-0.00244141
-0.00244141
-0.00213623
-0.00213623
-0.00274658
-0.00396729
-0.00579834
-0.00823975
-0.00976563
-0.01068115
-0.01129150
-0.01220703
-0.01251221
-0.01251221
-0.01251221
-0.01251221
-0.01251221
-0.01220703
-0.01159668
-0.01098633
-0.01129150
-0.01220703
-0.01312256
-0.01403809
-0.01495361
-0.01556396
-0.01617432
-0.01586914
-0.01525879
-0.01403809
-0.01251221
-0.01098633
-0.00915527
-0.00793457
-0.00640869
-0.00549316
-0.00488281
-0.00457764
-0.00427246
-0.00427246
-0.00396729
-0.00366211
-0.00335693
-0.00335693
-0.00366211
-0.00305176
-0.00152588
-0.00030518
 0.00061035
 0.00152588
 0.00213623
 0.00274658
 0.00274658
 0.00213623
 0.00091553
-0.00061035
-0.00122070
-0.00152588
-0.00152588
-0.00152588
-0.00213623
-0.00274658
-0.00274658
-0.00244141
-0.00213623
-0.00183105
-0.00152588
-0.00061035
-0.00030518
-0.00091553
-0.00183105
-0.00274658
-0.00366211
-0.00396729
-0.00396729
-0.00396729
-0.00396729
-0.00366211
-0.00244141
-0.00122070
 0.00000000
 0.00091553
 0.00122070
 0.00152588
 0.00183105
 0.00244141
 0.00244141
 0.00213623
 0.00152588
 0.00091553
 0.00091553
 0.00152588
 0.00213623
 0.00244141
 0.00305176
 0.00396729
 0.00518799
 0.00640869
 0.00671387
 0.00671387
 0.00640869
 0.00610352
 0.00579834
 0.00488281
 0.00427246
 0.00396729
 0.00305176
 0.00213623
 0.00122070
 0.00091553
 0.00122070
 0.00152588
 0.00183105
 0.00183105
 0.00213623
 0.00244141
 0.00213623
 0.00213623
 0.00152588
 0.00061035
 0.00000000
-0.00091553
-0.00152588
-0.00244141
-0.00305176
-0.00305176
-0.00274658
-0.00244141
-0.00244141
-0.00274658
-0.00274658
-0.00244141
-0.00244141
-0.00274658
-0.00274658
-0.00305176
-0.00366211
-0.00427246
-0.00488281
-0.00488281
-0.00457764
-0.00457764
-0.00427246
-0.00366211
-0.00274658
-0.00152588
-0.00122070
-0.00122070
-0.00122070
-0.00122070
-0.00091553
-0.00030518
-0.00030518
-0.00061035
-0.00091553
-0.00061035
-0.00091553
-0.00061035
-0.00030518
-0.00030518
 0.00000000
 0.00030518
 0.00030518
 0.00030518
 0.00030518
 0.00030518
 0.00030518
-0.00030518
-0.00091553
-0.00122070
-0.00122070
-0.00152588
-0.00183105
-0.00244141
-0.00274658
-0.00274658
-0.00244141
-0.00274658
-0.00305176
-0.00335693
-0.00335693
-0.00335693
-0.00366211
-0.00366211
-0.00366211
-0.00335693
-0.00305176
-0.00305176
-0.00305176
-0.00274658
-0.00213623
-0.00183105
-0.00152588
-0.00152588
-0.00122070
-0.00091553
-0.00061035
-0.00030518
-0.00030518
 0.00030518
 0.00122070
 0.00213623
 0.00213623
 0.00244141
 0.00305176
 0.00457764
 0.00579834
 0.00671387
 0.00732422
 0.00762939
 0.00823975
 0.00823975
 0.00762939
 0.00732422
 0.00793457
 0.00793457
 0.00793457
 0.00732422
 0.00701904
 0.00732422
 0.00732422
 0.00671387
 0.00579834
 0.00488281
 0.00457764
 0.00396729
 0.00305176
 0.00152588
 0.00030518
-0.00091553
-0.00183105
-0.00213623
-0.00244141
-0.00305176
-0.00366211
-0.00366211
-0.00305176
-0.00244141
-0.00244141
-0.00213623
-0.00213623
-0.00183105
-0.00213623
-0.00244141
-0.00244141
-0.00152588
-0.00122070
-0.00091553
-0.00091553
-0.00061035
 0.00030518
 0.00091553
 0.00122070
 0.00183105
 0.00274658
 0.00305176
 0.00244141
 0.00183105
 0.00183105
 0.00183105
 0.00213623
 0.00213623
 0.00183105
 0.00152588
 0.00152588
 0.00183105
 0.00183105
 0.00183105
 0.00183105
 0.00183105
 0.00122070
 0.00091553
 0.00030518
-0.00030518
-0.00091553
-0.00122070
-0.00122070
-0.00122070
-0.00122070
-0.00183105
-0.00244141
-0.00274658
-0.00305176
-0.00335693
-0.00335693
-0.00335693
-0.00305176
-0.00335693
-0.00366211
-0.00457764
-0.00518799
-0.00518799
-0.00518799
-0.00579834
-0.00640869
-0.00701904
-0.00671387
-0.00671387
-0.00640869
-0.00640869
-0.00610352
-0.00579834
-0.00549316
-0.00457764
-0.00396729
-0.00335693
-0.00305176
-0.00335693
-0.00366211
-0.00335693
-0.00335693
-0.00366211
-0.00335693
-0.00274658
-0.00244141
-0.00213623
-0.00213623
-0.00183105
-0.00152588
-0.00122070
-0.00091553
-0.00061035
-0.00030518
-0.00061035
-0.00122070
-0.00183105
-0.00244141
-0.00274658
-0.00213623
-0.00183105
-0.00122070
-0.00091553
-0.00061035
-0.00030518
 0.00000000
 0.00061035
 0.00122070
 0.00213623
 0.00213623
 0.00152588
 0.00091553
 0.00061035
 0.00030518
 0.00030518
 0.00030518
-0.00030518
-0.00091553
-0.00091553
-0.00061035
-0.00030518
 0.00000000
 0.00000000
 0.00030518
 0.00061035
 0.00061035
 0.00061035
 0.00061035
 0.00061035
 0.00061035
 0.00061035
 0.00030518
 0.00000000
 0.00000000
-0.00030518
-0.00061035
-0.00061035
-0.00061035
 0.00000000
 0.00030518
 0.00061035
 0.00030518
 0.00030518
 0.00061035
 0.00030518
 0.00000000
-0.00061035
-0.00061035
 0.00000000
 0.00030518
 0.00061035
 0.00000000
-0.00061035
-0.00030518
 0.00061035
 0.00122070
 0.00152588
 0.00213623
 0.00244141
 0.00305176
 0.00335693
 0.00366211
 0.00366211
 0.00335693
 0.00305176
 0.00305176
 0.00366211
 0.00396729
 0.00396729
 0.00457764
 0.00457764
 0.00427246
 0.00427246
 0.00457764
 0.00488281
 0.00518799
 0.00518799
 0.00488281
 0.00427246
 0.00396729
 0.00335693
 0.00274658
 0.00152588
 0.00030518
-0.00061035
-0.00122070
-0.00152588
-0.00152588
-0.00183105
-0.00244141
-0.00305176
-0.00366211
-0.00396729
-0.00396729
-0.00396729
-0.00488281
-0.00549316
-0.00610352
-0.00671387
-0.00701904
-0.00732422
-0.00762939
-0.00823975
-0.00854492
-0.00854492
-0.00793457
-0.00732422
-0.00701904
-0.00671387
-0.00640869
-0.00610352
-0.00579834
-0.00518799
-0.00518799
-0.00518799
-0.00488281
-0.00427246
-0.00427246
-0.00457764
-0.00427246
-0.00427246
-0.00427246
-0.00427246
-0.00396729
-0.00305176
-0.00213623
-0.00152588
-0.00122070
-0.00091553
-0.00061035
 0.00000000
 0.00061035
 0.00061035
 0.00061035
 0.00000000
 0.00000000
 0.00030518
 0.00030518
 0.00000000
-0.00061035
-0.00091553
-0.00061035
-0.00061035
-0.00091553
-0.00122070
-0.00091553
-0.00061035
-0.00061035
-0.00122070
-0.00152588
-0.00152588
-0.00213623
-0.00305176
-0.00305176
-0.00335693
-0.00366211
-0.00366211
-0.00366211
-0.00335693
-0.00305176
-0.00244141
-0.00183105
-0.00122070
-0.00091553
-0.00091553
-0.00091553
-0.00061035
-0.00061035
-0.00061035
-0.00091553
-0.00122070
-0.00122070
-0.00030518
 0.00061035
 0.00122070
 0.00183105
 0.00274658
 0.00366211
 0.00457764
 0.00488281
 0.00488281
 0.00488281
 0.00549316
 0.00610352
 0.00610352
 0.00579834
 0.00549316
 0.00549316
 0.00579834
 0.00671387
 0.00793457
 0.00885010
 0.00946045
 0.00946045
 0.00976563
 0.00976563
 0.00946045
 0.00946045
 0.00915527
 0.00854492
 0.00732422
 0.00640869
 0.00579834
 0.00549316
 0.00518799
 0.00488281
 0.00488281
 0.00427246
 0.00396729
 0.00366211
 0.00335693
 0.00305176
 0.00244141
 0.00152588
 0.00091553
 0.00000000
-0.00122070
-0.00183105
-0.00305176
-0.00427246
-0.00427246
-0.00427246
-0.00457764
-0.00427246
-0.00335693
-0.00274658
-0.00244141
-0.00213623
-0.00183105
-0.00183105
-0.00183105
-0.00244141
-0.00305176
-0.00335693
-0.00366211
-0.00396729
-0.00396729
-0.00335693
-0.00244141
-0.00152588
-0.00061035
 0.00030518
 0.00091553
 0.00183105
 0.00274658
 0.00274658
 0.00244141
 0.00244141
 0.00213623
 0.00122070
 0.00000000
-0.00061035
-0.00091553
-0.00091553
-0.00122070
-0.00152588
-0.00122070
-0.00061035
-0.00030518
-0.00030518
-0.00030518
-0.00061035
-0.00122070
-0.00244141
-0.00366211
-0.00457764
-0.00518799
-0.00579834
-0.00671387
-0.00701904
-0.00671387
-0.00671387
-0.00610352
-0.00549316
-0.00457764
-0.00366211
-0.00305176
-0.00305176
-0.00335693
-0.00366211
-0.00335693
-0.00366211
-0.00427246
-0.00427246
-0.00427246
-0.00396729
-0.00366211
-0.00274658
-0.00152588
-0.00030518
 0.00030518
 0.00122070
 0.00244141
 0.00305176
 0.00305176
 0.00274658
 0.00274658
 0.00213623
 0.00183105
 0.00152588
 0.00091553
 0.00061035
 0.00061035
 0.00061035
 0.00091553
 0.00091553
 0.00061035
 0.00030518
-0.00030518
-0.00091553
-0.00183105
-0.00274658
-0.00366211
-0.00427246
-0.00457764
-0.00488281
-0.00549316
-0.00610352
-0.00640869
-0.00610352
-0.00579834
-0.00549316
-0.00457764
-0.00396729
-0.00396729
-0.00335693
-0.00274658
-0.00213623
-0.00244141
-0.00305176
-0.00335693
-0.00335693
-0.00274658
-0.00183105
-0.00122070
-0.00030518
 0.00000000
 0.00061035
 0.00183105
 0.00274658
 0.00305176
 0.00274658
 0.00305176
 0.00305176
 0.00244141
 0.00152588
 0.00122070
 0.00091553
 0.00030518
 0.00030518
 0.00030518
 0.00061035
 0.00061035
 0.00061035
 0.00061035
 0.00091553
 0.00091553
 0.00091553
 0.00061035
 0.00030518
 0.00061035
 0.00061035
 0.00000000
-0.00061035
-0.00122070
-0.00122070
-0.00091553
-0.00030518
 0.00000000
 0.00061035
 0.00061035
 0.00061035
 0.00091553
 0.00122070
 0.00091553
 0.00091553
 0.00030518
 0.00000000
-0.00030518
-0.00030518
-0.00061035
-0.00061035
-0.00061035
 0.00000000
 0.00030518
 0.00061035
 0.00091553
 0.00091553
 0.00091553
 0.00091553
 0.00122070
 0.00122070
 0.00091553
 0.00030518
-0.00030518
 0.00000000
-0.00030518
-0.00061035
-0.00030518
 0.00000000
 0.00091553
 0.00122070
 0.00183105
 0.00183105
 0.00152588
 0.00122070
 0.00091553
 0.00091553
 0.00030518
 0.00030518
 0.00000000
 0.00000000
 0.00030518
 0.00000000
 0.00000000
 0.00030518
 0.00091553
 0.00213623
 0.00274658
 0.00305176
 0.00335693
 0.00366211
 0.00335693
 0.00274658
 0.00274658
 0.00274658
 0.00244141
 0.00274658
 0.00305176
 0.00274658
 0.00274658
 0.00335693
 0.00366211
 0.00396729
 0.00396729
 0.00427246
 0.00396729
 0.00274658
 0.00183105
 0.00122070
 0.00091553
 0.00061035
-0.00030518
-0.00091553
-0.00152588
-0.00091553
-0.00061035
-0.00030518
 0.00030518
 0.00030518
 0.00030518
-0.00030518
-0.00091553
-0.00152588
-0.00244141
-0.00305176
-0.00335693
-0.00335693
-0.00335693
-0.00335693
-0.00335693
-0.00274658
-0.00183105
-0.00122070
-0.00030518
 0.00061035
 0.00152588
 0.00183105
 0.00183105
 0.00213623
 0.00213623
 0.00183105
 0.00183105
 0.00244141
 0.00213623
 0.00183105
 0.00213623
 0.00305176
 0.00335693
 0.00366211
 0.00396729
 0.00427246
 0.00457764
 0.00427246
 0.00366211
 0.00335693
 0.00244141
 0.00183105
 0.00152588
 0.00122070
 0.00061035
 0.00091553
 0.00061035
 0.00061035
 0.00061035
 0.00061035
 0.00061035
 0.00091553
 0.00091553
 0.00061035
 0.00030518
 0.00000000
-0.00122070
-0.00244141
-0.00305176
-0.00335693
-0.00366211
-0.00396729
-0.00427246
-0.00427246
-0.00457764
-0.00457764
-0.00427246
-0.00396729
-0.00335693
-0.00274658
-0.00335693
-0.00366211
-0.00427246
-0.00396729
-0.00366211
-0.00366211
-0.00396729
-0.00457764
-0.00457764
-0.00457764
-0.00427246
-0.00366211
-0.00305176
-0.00274658
-0.00274658
-0.00183105
-0.00122070
-0.00091553
-0.00091553
-0.00091553
-0.00122070
-0.00122070
-0.00122070
-0.00122070
-0.00122070
-0.00122070
-0.00122070
-0.00061035
 0.00000000
 0.00061035
 0.00061035
 0.00091553
 0.00061035
 0.00030518
 0.00000000
-0.00030518
-0.00061035
-0.00152588
-0.00213623
-0.00244141
-0.00305176
-0.00335693
-0.00335693
-0.00305176
-0.00274658
-0.00274658
-0.00244141
-0.00213623
-0.00213623
-0.00213623
-0.00244141
-0.00305176
-0.00366211
-0.00427246
-0.00488281
-0.00518799
-0.00549316
-0.00488281
-0.00457764
-0.00396729
-0.00366211
-0.00305176
-0.00213623
-0.00122070
-0.00061035
 0.00030518
 0.00061035
 0.00030518
 0.00000000
 0.00061035
 0.00122070
 0.00091553
 0.00061035
 0.00122070
 0.00183105
 0.00244141
 0.00335693
 0.00427246
 0.00518799
 0.00579834
 0.00610352
 0.00640869
 0.00671387
 0.00701904
 0.00701904
 0.00701904
 0.00701904
 0.00701904
 0.00671387
 0.00640869
 0.00549316
 0.00518799
 0.00549316
 0.00549316
 0.00518799
 0.00579834
 0.00640869
 0.00640869
 0.00640869
 0.00549316
 0.00427246
 0.00396729
 0.00366211
 0.00274658
 0.00213623
 0.00122070
 0.00091553
 0.00091553
 0.00000000
-0.00030518
-0.00061035
-0.00061035
-0.00091553
-0.00091553
-0.00061035
-0.00030518
-0.00030518
-0.00030518
-0.00061035
-0.00091553
-0.00152588
-0.00152588
-0.00152588
-0.00122070
-0.00061035
 0.00000000
 0.00061035
 0.00091553
 0.00122070
 0.00091553
 0.00122070
 0.00183105
 0.00244141
 0.00274658
 0.00305176
 0.00305176
 0.00305176
 0.00274658
 0.00244141
 0.00274658
 0.00335693
 0.00335693
 0.00305176
 0.00305176
 0.00335693
 0.00366211
 0.00427246
 0.00427246
 0.00335693
 0.00244141
 0.00183105
 0.00152588
 0.00152588
 0.00091553
 0.00030518
 0.00000000
-0.00030518
-0.00091553
-0.00152588
-0.00152588
-0.00152588
-0.00183105
-0.00213623
-0.00244141
-0.00213623
-0.00213623
-0.00274658
-0.00366211
-0.00488281
-0.00549316
-0.00518799
-0.00488281
-0.00457764
-0.00457764
-0.00457764
-0.00457764
-0.00488281
-0.00457764
-0.00427246
-0.00366211
-0.00366211
-0.00305176
-0.00274658
-0.00274658
-0.00244141
-0.00244141
-0.00244141
-0.00274658
-0.00274658
-0.00274658
-0.00213623
-0.00183105
-0.00183105
-0.00152588
-0.00213623
-0.00213623
-0.00152588
-0.00061035
 0.00000000
 0.00000000
-0.00061035
-0.00061035
 0.00000000
 0.00030518
 0.00030518
-0.00030518
-0.00061035
-0.00061035
-0.00061035
-0.00030518
-0.00030518
-0.00091553
-0.00183105
-0.00213623
-0.00244141
-0.00244141
-0.00213623
-0.00213623
-0.00152588
-0.00183105
-0.00152588
-0.00183105
-0.00213623
-0.00274658
-0.00305176
-0.00305176
-0.00305176
-0.00305176
-0.00274658
-0.00244141
-0.00274658
-0.00274658
-0.00274658
-0.00274658
-0.00274658
-0.00244141
-0.00244141
-0.00213623
-0.00183105
-0.00152588
-0.00122070
-0.00091553
-0.00091553
-0.00091553
-0.00122070
-0.00122070
-0.00091553
-0.00061035
-0.00030518
 0.00030518
 0.00030518
 0.00061035
 0.00091553
 0.00091553
 0.00091553
 0.00091553
 0.00183105
 0.00213623
 0.00183105
 0.00122070
 0.00122070
 0.00152588
 0.00152588
 0.00152588
 0.00122070
 0.00152588
 0.00152588
 0.00213623
 0.00244141
 0.00244141
 0.00274658
 0.00305176
 0.00305176
 0.00305176
 0.00335693
 0.00335693
 0.00335693
 0.00305176
 0.00305176
 0.00305176
 0.00305176
 0.00305176
 0.00335693
 0.00366211
 0.00396729
 0.00396729
 0.00427246
 0.00457764
 0.00457764
 0.00457764
 0.00457764
 0.00518799
 0.00549316
 0.00549316
 0.00457764
 0.00427246
 0.00427246
 0.00396729
 0.00335693
 0.00366211
 0.00366211
 0.00366211
 0.00427246
 0.00488281
 0.00488281
 0.00427246
 0.00396729
 0.00427246
 0.00457764
 0.00457764
 0.00457764
 0.00366211
 0.00305176
 0.00274658
 0.00305176
 0.00305176
 0.00335693
 0.00305176
 0.00244141
 0.00183105
 0.00183105
 0.00213623
 0.00213623
 0.00213623
 0.00213623
 0.00183105
 0.00122070
 0.00091553
 0.00030518
 0.00000000
 0.00000000
-0.00030518
-0.00030518
 0.00000000
 0.00000000
 0.00000000
-0.00061035
-0.00030518
-0.00061035
-0.00091553
-0.00122070
-0.00183105
-0.00213623
-0.00244141
-0.00213623
-0.00213623
-0.00244141
-0.00274658
-0.00274658
-0.00305176
-0.00274658
-0.00244141
-0.00244141
-0.00244141
-0.00213623
-0.00183105
-0.00183105
-0.00244141
-0.00274658
-0.00366211
-0.00396729
-0.00366211
-0.00305176
-0.00305176
-0.00366211
-0.00427246
-0.00396729
-0.00366211
-0.00366211
-0.00335693
-0.00335693
-0.00305176
-0.00274658
-0.00274658
-0.00274658
-0.00244141
-0.00335693
-0.00396729
-0.00366211
-0.00274658
-0.00274658
-0.00335693
-0.00366211
-0.00335693
-0.00305176
-0.00305176
-0.00274658
-0.00244141
-0.00213623
-0.00213623
-0.00244141
-0.00213623
-0.00213623
-0.00244141
-0.00274658
-0.00305176
-0.00335693
-0.00305176
-0.00244141
-0.00213623
-0.00183105
-0.00152588
-0.00152588
-0.00152588
-0.00122070
-0.00091553
-0.00122070
-0.00091553
-0.00061035
-0.00061035
-0.00030518
 0.00030518
 0.00061035
 0.00030518
 0.00030518
 0.00061035
 0.00122070
 0.00152588
 0.00183105
 0.00274658
 0.00396729
 0.00427246
 0.00427246
 0.00366211
 0.00366211
 0.00396729
 0.00427246
 0.00457764
 0.00457764
 0.00457764
 0.00457764
 0.00457764
 0.00488281
 0.00457764
 0.00457764
 0.00457764
 0.00488281
 0.00549316
 0.00579834
 0.00579834
 0.00549316
 0.00518799
 0.00457764
 0.00457764
 0.00457764
 0.00427246
 0.00396729
 0.00366211
 0.00366211
 0.00366211
 0.00396729
 0.00427246
 0.00427246
 0.00396729
 0.00366211
 0.00305176
 0.00274658
 0.00244141
 0.00244141
 0.00152588
 0.00061035
 0.00030518
 0.00030518
 0.00061035
 0.00091553
 0.00061035
 0.00091553
 0.00091553
 0.00091553
 0.00091553
 0.00091553
 0.00122070
 0.00061035
 0.00000000
-0.00061035
-0.00091553
-0.00091553
-0.00091553
-0.00122070
-0.00122070
-0.00152588
-0.00122070
-0.00091553
-0.00061035
 0.00030518
 0.00061035
 0.00061035
 0.00061035
 0.00030518
 0.00000000
-0.00091553
-0.00122070
-0.00152588
-0.00152588
-0.00183105
-0.00183105
-0.00213623
-0.00183105
-0.00183105
-0.00122070
-0.00061035
-0.00030518
-0.00030518
-0.00030518
-0.00091553
-0.00152588
-0.00183105
-0.00183105
-0.00213623
-0.00244141
-0.00274658
-0.00274658
-0.00274658
-0.00274658
-0.00244141
-0.00274658
-0.00274658
-0.00274658
-0.00274658
-0.00274658
-0.00335693
-0.00335693
-0.00366211
-0.00396729
-0.00427246
-0.00427246
-0.00427246
-0.00366211
-0.00335693
-0.00335693
-0.00335693
-0.00305176
-0.00244141
-0.00183105
-0.00152588
-0.00152588
-0.00183105
-0.00244141
-0.00244141
-0.00183105
-0.00122070
-0.00091553
-0.00091553
-0.00091553
-0.00030518
 0.00000000
 0.00061035
 0.00122070
 0.00183105
 0.00213623
 0.00213623
 0.00213623
 0.00183105
 0.00122070
 0.00152588
 0.00152588
 0.00152588
 0.00152588
 0.00152588
 0.00183105
 0.00213623
 0.00213623
 0.00244141
 0.00244141
 0.00274658
 0.00274658
 0.00305176
 0.00335693
 0.00274658
 0.00213623
 0.00183105
 0.00183105
 0.00152588
 0.00061035
-0.00030518
-0.00061035
 0.00000000
 0.00061035
 0.00091553
 0.00091553
 0.00061035
 0.00091553
 0.00091553
 0.00091553
 0.00091553
 0.00000000
-0.00091553
-0.00122070
-0.00091553
-0.00061035
-0.00091553
-0.00122070
-0.00152588
-0.00061035
-0.00030518
 0.00000000
 0.00030518
 0.00030518
 0.00061035
 0.00030518
 0.00030518
 0.00030518
 0.00000000
 0.00000000
 0.00000000
-0.00030518
 0.00000000
 0.00030518
 0.00061035
 0.00061035
 0.00122070
 0.00152588
 0.00183105
 0.00274658
 0.00305176
 0.00244141
 0.00183105
 0.00122070
 0.00122070
 0.00091553
 0.00030518
-0.00030518
-0.00030518
-0.00030518
-0.00030518
 0.00000000
-0.00030518
 0.00000000
 0.00061035
 0.00091553
 0.00091553
 0.00030518
 0.00000000
-0.00030518
-0.00091553
-0.00061035
-0.00091553
-0.00122070
-0.00152588
-0.00122070
-0.00091553
-0.00030518
 0.00000000
 0.00030518
 0.00061035
 0.00091553
 0.00091553
 0.00122070
 0.00091553
 0.00091553
 0.00061035
 0.00000000
 0.00000000
-0.00030518
-0.00091553
-0.00091553
-0.00091553
-0.00030518
 0.00030518
 0.00030518
 0.00091553
 0.00091553
 0.00091553
 0.00061035
 0.00030518
 0.00030518
 0.00061035
 0.00030518
 0.00000000
-0.00030518
-0.00061035
-0.00061035
-0.00030518
 0.00000000
 0.00030518
 0.00091553
 0.00152588
 0.00183105
 0.00183105
 0.00183105
 0.00183105
 0.00213623
 0.00213623
 0.00213623
 0.00152588
 0.00122070
 0.00122070
 0.00213623
 0.00244141
 0.00183105
 0.00152588
 0.00152588
 0.00213623
 0.00274658
 0.00274658
 0.00244141
 0.00244141
 0.00274658
 0.00244141
 0.00183105
 0.00122070
 0.00061035
 0.00061035
 0.00091553
 0.00122070
 0.00122070
 0.00091553
 0.00091553
 0.00091553
 0.00091553
 0.00122070
 0.00183105
 0.00183105
 0.00152588
 0.00091553
 0.00030518
 0.00000000
 0.00030518
 0.00000000
-0.00030518
-0.00030518
-0.00030518
-0.00030518
-0.00030518
 0.00030518
 0.00091553
 0.00091553
 0.00061035
 0.00061035
 0.00061035
 0.00000000
-0.00030518
-0.00061035
-0.00091553
-0.00061035
-0.00030518
-0.00030518
-0.00030518
-0.00030518
 0.00000000
 0.00030518
 0.00061035
 0.00091553
 0.00122070
 0.00091553
 0.00091553
 0.00061035
 0.00061035
 0.00030518
-0.00030518
-0.00030518
-0.00030518
-0.00061035
-0.00091553
-0.00152588
-0.00183105
-0.00152588
-0.00122070
-0.00152588
-0.00152588
-0.00152588
-0.00152588
-0.00213623
-0.00274658
-0.00274658
-0.00305176
-0.00366211
-0.00396729
-0.00396729
-0.00366211
-0.00335693
-0.00335693
-0.00305176
-0.00305176
-0.00305176
-0.00274658
-0.00244141
-0.00213623
-0.00213623
-0.00244141
-0.00305176
-0.00305176
-0.00335693
-0.00305176
-0.00305176
-0.00244141
-0.00183105
-0.00152588
-0.00213623
-0.00183105
-0.00152588
-0.00122070
-0.00122070
-0.00091553
-0.00091553
-0.00061035
-0.00061035
-0.00061035
-0.00061035
-0.00091553
-0.00122070
-0.00091553
-0.00061035
 0.00030518
 0.00061035
 0.00061035
 0.00061035
 0.00061035
 0.00061035
 0.00030518
 0.00000000
 0.00000000
 0.00030518
 0.00000000
-0.00030518
-0.00030518
-0.00030518
 0.00000000
 0.00000000
 0.00030518
 0.00030518
 0.00030518
 0.00061035
 0.00061035
 0.00061035
 0.00061035
 0.00091553
 0.00122070
 0.00061035
 0.00030518
 0.00030518
 0.00030518
 0.00030518
 0.00061035
 0.00122070
 0.00183105
 0.00213623
 0.00183105
 0.00183105
 0.00213623
 0.00244141
 0.00244141
 0.00244141
 0.00213623
 0.00244141
 0.00274658
 0.00305176
 0.00305176
 0.00305176
 0.00274658
 0.00305176
 0.00335693
 0.00366211
 0.00366211
 0.00335693
 0.00274658
 0.00213623
 0.00244141
 0.00305176
 0.00305176
 0.00274658
 0.00213623
 0.00213623
 0.00152588
 0.00091553
 0.00091553
 0.00122070
 0.00091553
 0.00061035
 0.00061035
 0.00061035
 0.00030518
 0.00030518
 0.00000000
 0.00000000
 0.00000000
-0.00030518
-0.00061035
-0.00091553
-0.00091553
-0.00030518
 0.00000000
-0.00030518
-0.00061035
-0.00030518
 0.00000000
 0.00000000
 0.00000000
-0.00030518
-0.00091553
-0.00152588
-0.00152588
-0.00152588
-0.00122070
-0.00091553
-0.00122070
-0.00183105
-0.00183105
-0.00091553
-0.00061035
-0.00030518
 0.00000000
 0.00030518
 0.00000000
-0.00030518
-0.00061035
-0.00091553
-0.00091553
-0.00030518
 0.00000000
 0.00030518
 0.00030518
 0.00061035
 0.00030518
 0.00000000
 0.00000000
 0.00000000
 0.00030518
 0.00030518
-0.00030518
-0.00122070
-0.00122070
-0.00061035
-0.00030518
-0.00061035
-0.00091553
-0.00091553
-0.00061035
-0.00061035
-0.00061035
-0.00061035
-0.00061035
-0.00061035
-0.00091553
-0.00122070
-0.00091553
-0.00061035
-0.00122070
-0.00152588
-0.00122070
-0.00122070
-0.00122070
-0.00091553
-0.00030518
-0.00030518
-0.00030518
-0.00030518
 0.00000000
 0.00030518
 0.00000000
 0.00000000
-0.00030518
-0.00030518
-0.00030518
-0.00030518
 0.00000000
 0.00000000
 0.00000000
 0.00030518
 0.00061035
 0.00091553
 0.00091553
 0.00122070
 0.00152588
 0.00183105
 0.00213623
 0.00152588
 0.00122070
 0.00122070
 0.00152588
 0.00122070
 0.00152588
 0.00152588
 0.00152588
 0.00122070
 0.00122070
 0.00183105
 0.00183105
 0.00122070
 0.00122070
 0.00152588
 0.00152588
 0.00183105
 0.00152588
 0.00122070
 0.00061035
 0.00000000
-0.00061035
-0.00061035
-0.00030518
-0.00030518
-0.00030518
-0.00030518
-0.00030518
 0.00000000
 0.00000000
-0.00030518
-0.00091553
-0.00122070
-0.00152588
-0.00122070
-0.00152588
-0.00152588
-0.00183105
-0.00122070
-0.00122070
-0.00152588
-0.00183105
-0.00152588
-0.00122070
-0.00122070
-0.00122070
-0.00122070
-0.00122070
-0.00122070
-0.00122070
-0.00122070
-0.00152588
-0.00122070
-0.00091553
-0.00030518
-0.00030518
-0.00091553
-0.00091553
-0.00091553
-0.00061035
-0.00030518
-0.00030518
-0.00061035
-0.00091553
-0.00091553
-0.00091553
-0.00061035
-0.00091553
-0.00091553
-0.00091553
-0.00091553
-0.00061035
-0.00030518
 0.00030518
 0.00061035
 0.00091553
 0.00091553
 0.00030518
 0.00030518
 0.00000000
-0.00030518
 0.00000000
 0.00000000
 0.00000000
 0.00000000
 0.00000000
 0.00030518
 0.00061035
 0.00122070
 0.00122070
 0.00122070
 0.00152588
 0.00122070
 0.00122070
 0.00091553
 0.00061035
 0.00061035
 0.00061035
 0.00091553
 0.00091553
 0.00091553
 0.00091553
 0.00122070
 0.00122070
 0.00122070
 0.00122070
 0.00152588
 0.00152588
 0.00152588
 0.00122070
 0.00122070
 0.00122070
 0.00122070
 0.00122070
 0.00122070
 0.00122070
 0.00091553
 0.00091553
 0.00122070
 0.00122070
 0.00183105
 0.00183105
 0.00183105
 0.00183105
 0.00213623
 0.00244141
 0.00213623
 0.00183105
 0.00183105
 0.00213623
 0.00213623
 0.00213623
 0.00213623
 0.00244141
 0.00183105
 0.00152588
 0.00183105
 0.00213623
 0.00244141
 0.00244141
 0.00213623
 0.00183105
 0.00183105
 0.00122070
 0.00091553
 0.00030518
 0.00030518
 0.00000000
-0.00030518
-0.00061035
-0.00061035
-0.00091553
-0.00091553
-0.00091553
-0.00091553
-0.00122070
-0.00152588
-0.00152588
-0.00152588
-0.00152588
-0.00183105
-0.00183105
-0.00183105
-0.00183105
-0.00213623
-0.00274658
-0.00274658
-0.00213623
-0.00152588
-0.00122070
-0.00152588
-0.00122070
-0.00091553
-0.00061035
-0.00091553
-0.00122070
-0.00122070
-0.00061035
-0.00091553
-0.00122070
-0.00061035
-0.00030518
-0.00030518
-0.00030518
-0.00030518
-0.00030518
 0.00030518
 0.00061035
 0.00091553
 0.00091553
 0.00122070
 0.00091553
 0.00061035
 0.00030518
 0.00000000
 0.00000000
-0.00030518
-0.00091553
-0.00122070
-0.00091553
-0.00091553
-0.00091553
-0.00091553
-0.00091553
-0.00061035
-0.00091553
-0.00152588
-0.00183105
-0.00183105
-0.00183105
-0.00183105
-0.00213623
-0.00244141
-0.00274658
-0.00274658
-0.00244141
-0.00244141
-0.00213623
-0.00152588
-0.00122070
-0.00091553
-0.00091553
-0.00122070
-0.00122070
-0.00122070
-0.00122070
-0.00122070
-0.00122070
-0.00061035
 0.00000000
 0.00000000
-0.00030518
 0.00000000
 0.00061035
 0.00091553
 0.00061035
 0.00061035
 0.00091553
 0.00152588
 0.00152588
 0.00122070
 0.00061035
 0.00030518
 0.00061035
 0.00061035
 0.00061035
 0.00091553
 0.00091553
 0.00091553
 0.00122070
 0.00152588
 0.00122070
 0.00091553
 0.00122070
 0.00183105
 0.00213623
 0.00183105
 0.00122070
 0.00122070
 0.00122070
 0.00122070
 0.00091553
 0.00030518
 0.00030518
 0.00030518
 0.00091553
 0.00091553
 0.00061035
 0.00030518
 0.00030518
 0.00030518
 0.00000000
 0.00000000
 0.00030518
 0.00030518
-0.00030518
-0.00030518
 0.00000000
 0.00030518
 0.00030518
 0.00061035
 0.00030518
 0.00030518
 0.00061035
 0.00122070
 0.00183105
 0.00152588
 0.00122070
 0.00061035
 0.00091553
 0.00122070
 0.00122070
 0.00091553
 0.00061035
 0.00061035
 0.00122070
 0.00122070
 0.00061035
 0.00061035
 0.00091553
 0.00122070
 0.00091553
 0.00061035
 0.00091553
 0.00091553
 0.00061035
 0.00000000
-0.00061035
-0.00122070
-0.00122070
-0.00122070
-0.00091553
-0.00091553
-0.00091553
-0.00091553
-0.00122070
-0.00152588
-0.00152588
-0.00183105
-0.00213623
-0.00244141
-0.00213623
-0.00152588
-0.00152588
-0.00213623
-0.00274658
-0.00274658
-0.00305176
-0.00305176
-0.00305176
-0.00305176
-0.00305176
-0.00305176
-0.00305176
-0.00305176
-0.00274658
-0.00244141
-0.00244141
-0.00274658
-0.00274658
-0.00213623
-0.00183105
-0.00183105
-0.00213623
-0.00213623
-0.00183105
-0.00183105
-0.00152588
-0.00122070
-0.00152588
-0.00183105
-0.00213623
-0.00183105
-0.00183105
-0.00183105
-0.00152588
-0.00152588
-0.00152588
-0.00183105
-0.00183105
-0.00091553
-0.00061035
-0.00061035
-0.00091553
-0.00122070
-0.00091553
-0.00122070
-0.00122070
-0.00122070
-0.00091553
-0.00091553
-0.00091553
-0.00152588
-0.00122070
-0.00091553
-0.00091553
-0.00030518
-0.00030518
-0.00030518
 0.00000000
 0.00030518
 0.00000000
 0.00000000
 0.00000000
 0.00030518
 0.00061035
 0.00091553
 0.00091553
 0.00122070
 0.00122070
 0.00091553
 0.00122070
 0.00152588
 0.00183105
 0.00213623
 0.00244141
 0.00213623
 0.00213623
 0.00213623
 0.00244141
 0.00213623
 0.00213623
 0.00183105
 0.00244141
 0.00335693
 0.00305176
 0.00274658
 0.00274658
 0.00305176
 0.00305176
 0.00305176
 0.00305176
 0.00305176
 0.00305176
 0.00274658
 0.00244141
 0.00213623
 0.00213623
 0.00213623
 0.00152588
 0.00152588
 0.00152588
 0.00152588
 0.00183105
 0.00213623
 0.00213623
 0.00213623
 0.00183105
 0.00152588
 0.00183105
 0.00152588
 0.00122070
 0.00091553
 0.00091553
 0.00122070
 0.00091553
 0.00091553
 0.00122070
 0.00091553
 0.00061035
 0.00061035
 0.00061035
 0.00061035
 0.00061035
 0.00061035
 0.00061035
 0.00061035
 0.00030518
 0.00000000
-0.00030518
-0.00061035
-0.00030518
-0.00030518
-0.00030518
 0.00000000
 0.00000000
 0.00000000
-0.00030518
-0.00091553
-0.00122070
-0.00091553
-0.00061035
-0.00030518
-0.00061035
-0.00091553
-0.00152588
-0.00122070
-0.00091553
-0.00061035
-0.00091553
-0.00091553
-0.00091553
-0.00091553
-0.00091553
-0.00091553
-0.00122070
-0.00183105
-0.00183105
-0.00152588
-0.00152588
-0.00152588
-0.00183105
-0.00183105
-0.00183105
-0.00183105
-0.00152588
-0.00152588
-0.00152588
-0.00152588
-0.00152588
-0.00152588
-0.00122070
-0.00061035
-0.00030518
 0.00000000
 0.00000000
 0.00030518
 0.00030518
 0.00000000
-0.00030518
-0.00061035
-0.00061035
-0.00061035
-0.00061035
-0.00061035
-0.00030518
 0.00030518
 0.00030518
 0.00000000
 0.00030518
 0.00091553
 0.00122070
 0.00152588
 0.00183105
 0.00152588
 0.00091553
 0.00061035
 0.00061035
 0.00061035
 0.00061035
 0.00030518
 0.00000000
-0.00030518
 0.00000000
 0.00030518
 0.00030518
 0.00000000
 0.00000000
 0.00061035
 0.00091553
 0.00122070
 0.00122070
 0.00122070
 0.00122070
 0.00152588
 0.00183105
 0.00091553
 0.00061035
 0.00061035
 0.00030518
 0.00030518
 0.00061035
 0.00091553
 0.00122070
 0.00152588
 0.00152588
 0.00183105
 0.00183105
 0.00152588
 0.00122070
 0.00122070
 0.00091553
 0.00061035
 0.00061035
 0.00061035
 0.00061035
 0.00030518
 0.00000000
-0.00030518
-0.00030518
-0.00030518
-0.00030518
-0.00030518
 0.00000000
-0.00030518
-0.00091553
-0.00122070
-0.00183105
-0.00152588
-0.00183105
-0.00213623
-0.00244141
-0.00244141
-0.00244141
-0.00244141
-0.00244141
-0.00183105
-0.00183105
-0.00213623
-0.00183105
-0.00152588
-0.00122070
-0.00152588
-0.00213623
-0.00244141
-0.00244141
-0.00244141
-0.00274658
-0.00305176
-0.00305176
-0.00274658
-0.00244141
-0.00244141
-0.00213623
-0.00122070
-0.00122070
-0.00122070
-0.00122070
-0.00122070
-0.00152588
-0.00152588
-0.00122070
-0.00152588
-0.00183105
-0.00183105
-0.00213623
-0.00183105
-0.00183105
-0.00152588
-0.00122070
-0.00091553
-0.00061035
-0.00061035
-0.00061035
-0.00061035
-0.00122070
-0.00152588
-0.00152588
-0.00213623
-0.00244141
-0.00244141
-0.00244141
-0.00213623
-0.00183105
-0.00152588
-0.00122070
-0.00122070
-0.00091553
-0.00061035
-0.00061035
-0.00061035
-0.00091553
-0.00152588
-0.00183105
-0.00183105
-0.00152588
-0.00152588
-0.00213623
-0.00213623
-0.00152588
-0.00122070
-0.00061035
 0.00000000
-0.00030518
 0.00030518
 0.00061035
 0.00030518
 0.00000000
 0.00030518
 0.00030518
 0.00000000
 0.00030518
 0.00000000
-0.00030518
-0.00030518
-0.00030518
 0.00000000
 0.00030518
 0.00061035
 0.00061035
 0.00030518
 0.00000000
 0.00030518
 0.00030518
 0.00030518
 0.00000000
-0.00091553
-0.00122070
-0.00183105
-0.00152588
-0.00122070
-0.00091553
-0.00061035
-0.00091553
 0.00000000
 0.00030518
 0.00061035
 0.00061035
 0.00091553
 0.00122070
 0.00122070
 0.00061035
 0.00030518
-0.00030518
-0.00030518
-0.00091553
-0.00152588
-0.00152588
-0.00091553
-0.00061035
-0.00061035
-0.00030518
 0.00030518
 0.00091553
 0.00122070
 0.00091553
 0.00030518
 0.00030518
 0.00061035
 0.00030518
 0.00030518
-0.00030518
-0.00030518
 0.00030518
 0.00091553
 0.00030518
 0.00000000
 0.00000000
 0.00000000
 0.00061035
 0.00122070
 0.00152588
 0.00152588
 0.00122070
 0.00091553
 0.00091553
 0.00091553
 0.00122070
 0.00061035
 0.00061035
 0.00091553
 0.00091553
 0.00122070
 0.00122070
 0.00091553
 0.00152588
 0.00183105
 0.00213623
 0.00213623
 0.00183105
 0.00213623
 0.00244141
 0.00244141
 0.00244141
 0.00183105
 0.00152588
 0.00152588
 0.00183105
 0.00213623
 0.00244141
 0.00274658
 0.00274658
 0.00305176
 0.00305176
 0.00274658
 0.00244141
 0.00244141
 0.00244141
 0.00244141
 0.00213623
 0.00183105
 0.00152588
 0.00183105
 0.00152588
 0.00122070
 0.00122070
 0.00152588
 0.00152588
 0.00152588
 0.00122070
 0.00091553
 0.00091553
 0.00091553
 0.00091553
 0.00061035
 0.00061035
 0.00061035
 0.00061035
 0.00000000
-0.00030518
-0.00061035
-0.00061035
-0.00061035
-0.00061035
-0.00030518
-0.00030518
-0.00061035
-0.00061035
-0.00030518
 0.00030518
 0.00000000
-0.00030518
-0.00061035
-0.00122070
-0.00152588
-0.00152588
-0.00152588
-0.00152588
-0.00152588
-0.00152588
-0.00122070
-0.00152588
-0.00183105
-0.00213623
-0.00183105
-0.00183105
-0.00183105
-0.00213623
-0.00244141
-0.00274658
-0.00335693
-0.00366211
-0.00366211
-0.00366211
-0.00396729
-0.00366211
-0.00335693
-0.00305176
-0.00305176
-0.00274658
-0.00274658
-0.00274658
-0.00274658
-0.00244141
-0.00274658
-0.00366211
-0.00396729
-0.00366211
-0.00396729
-0.00457764
-0.00488281
-0.00488281
-0.00427246
-0.00396729
-0.00396729
-0.00427246
-0.00396729
-0.00335693
-0.00305176
-0.00274658
-0.00274658
-0.00274658
-0.00274658
-0.00274658
-0.00305176
-0.00274658
-0.00244141
-0.00274658
-0.00274658
-0.00274658
-0.00274658
-0.00244141
-0.00213623
-0.00213623
-0.00183105
-0.00122070
-0.00091553
-0.00152588
-0.00152588
-0.00122070
-0.00091553
-0.00152588
-0.00122070
-0.00091553
-0.00061035
-0.00061035
-0.00030518
 0.00000000
 0.00030518
 0.00061035
 0.00030518
 0.00000000
 0.00030518
 0.00030518
 0.00061035
 0.00091553
 0.00061035
-0.00030518
-0.00030518
-0.00030518
 0.00000000
 0.00030518
 0.00091553
 0.00122070
 0.00152588
 0.00183105
 0.00183105
 0.00152588
 0.00091553
 0.00091553
 0.00091553
 0.00091553
 0.00061035
 0.00122070
 0.00122070
 0.00122070
 0.00091553
 0.00061035
 0.00091553
 0.00091553
 0.00122070
 0.00122070
 0.00152588
 0.00183105
 0.00213623
 0.00183105
 0.00122070
 0.00122070
 0.00122070
 0.00152588
 0.00183105
 0.00183105
 0.00152588
 0.00122070
 0.00152588
 0.00183105
 0.00244141
 0.00244141
 0.00213623
 0.00274658
 0.00274658
 0.00274658
 0.00274658
 0.00274658
 0.00274658
 0.00244141
 0.00213623
 0.00244141
 0.00274658
 0.00305176
 0.00305176
 0.00305176
 0.00335693
 0.00305176
 0.00244141
 0.00183105
 0.00183105
 0.00183105
 0.00213623
 0.00183105
 0.00152588
 0.00152588
 0.00183105
 0.00152588
 0.00152588
 0.00122070
 0.00091553
 0.00122070
 0.00152588
 0.00152588
 0.00122070
 0.00122070
 0.00091553
 0.00091553
 0.00091553
 0.00061035
 0.00000000
-0.00030518
-0.00030518
 0.00000000
 0.00000000
-0.00030518
-0.00061035
-0.00030518
 0.00000000
-0.00030518
-0.00030518
-0.00030518
-0.00030518
-0.00061035
-0.00061035
-0.00122070
-0.00152588
-0.00152588
-0.00183105
-0.00213623
-0.00213623
-0.00213623
-0.00183105
-0.00152588
-0.00152588
-0.00122070
-0.00122070
-0.00152588
-0.00213623
-0.00244141
-0.00244141
-0.00183105
-0.00244141
-0.00335693
-0.00335693
-0.00305176
-0.00305176
-0.00305176
-0.00305176
-0.00274658
-0.00274658
-0.00244141
-0.00244141
-0.00244141
-0.00274658
-0.00274658
-0.00274658
-0.00274658
-0.00335693
-0.00335693
-0.00305176
-0.00305176
-0.00305176
-0.00305176
-0.00244141
-0.00213623
-0.00183105
-0.00183105
-0.00274658
-0.00305176
-0.00274658
-0.00274658
-0.00274658
-0.00274658
-0.00274658
-0.00244141
-0.00244141
-0.00244141
-0.00183105
-0.00122070
-0.00091553
-0.00122070
-0.00183105
-0.00183105
-0.00152588
-0.00122070
-0.00122070
-0.00183105
-0.00213623
-0.00213623
-0.00213623
-0.00213623
-0.00183105
-0.00122070
-0.00091553
-0.00091553
-0.00061035
-0.00091553
-0.00091553
-0.00061035
-0.00030518
-0.00030518
-0.00030518
-0.00030518
 0.00000000
 0.00030518
 0.00030518
 0.00061035
 0.00061035
 0.00061035
 0.00091553
 0.00091553
 0.00122070
 0.00152588
 0.00122070
 0.00091553
 0.00061035
 0.00091553
 0.00152588
 0.00152588
 0.00122070
 0.00061035
 0.00030518
 0.00061035
 0.00122070
 0.00152588
 0.00152588
 0.00183105
 0.00213623
 0.00244141
 0.00213623
 0.00183105
 0.00183105
 0.00152588
 0.00152588
 0.00152588
 0.00152588
 0.00091553
 0.00122070
 0.00152588
 0.00152588
 0.00122070
 0.00122070
 0.00122070
 0.00122070
 0.00091553
 0.00061035
 0.00030518
 0.00030518
 0.00000000
-0.00030518
-0.00061035
-0.00091553
-0.00091553
-0.00091553
-0.00091553
-0.00122070
-0.00122070
-0.00091553
-0.00091553
-0.00122070
-0.00091553
-0.00061035
-0.00061035
-0.00091553
-0.00122070
-0.00122070
-0.00183105
-0.00183105
-0.00183105
-0.00183105
-0.00183105
-0.00183105
-0.00183105
-0.00183105
-0.00213623
-0.00213623
-0.00244141
-0.00244141
-0.00213623
-0.00183105
-0.00213623
-0.00213623
-0.00244141
-0.00244141
-0.00274658
-0.00274658
-0.00274658
-0.00244141
-0.00213623
-0.00183105
-0.00213623
-0.00213623
-0.00183105
-0.00152588
-0.00122070
-0.00152588
-0.00183105
-0.00183105
-0.00213623
-0.00183105
-0.00183105
-0.00183105
-0.00152588
-0.00122070
-0.00122070
-0.00122070
-0.00091553
-0.00091553
-0.00061035
-0.00030518
-0.00030518
 0.00000000
 0.00000000
-0.00030518
-0.00061035
-0.00091553
-0.00091553
-0.00122070
-0.00091553
-0.00030518
 0.00000000
 0.00000000
 0.00000000
 0.00030518
 0.00061035
 0.00122070
 0.00122070
 0.00091553
 0.00061035
 0.00061035
 0.00091553
 0.00061035
 0.00091553
 0.00122070
 0.00091553
 0.00061035
 0.00061035
 0.00091553
 0.00122070
 0.00122070
 0.00122070
 0.00152588
 0.00122070
 0.00122070
 0.00122070
 0.00091553
 0.00061035
 0.00091553
 0.00122070
 0.00152588
 0.00213623
 0.00244141
 0.00213623
 0.00183105
 0.00213623
 0.00274658
 0.00274658
 0.00244141
 0.00213623
 0.00213623
 0.00213623
 0.00213623
 0.00213623
 0.00183105
 0.00152588
 0.00152588
 0.00122070
 0.00122070
 0.00122070
 0.00152588
 0.00183105
 0.00183105
 0.00152588
 0.00122070
 0.00152588
 0.00183105
 0.00183105
 0.00122070
 0.00061035
 0.00030518
 0.00000000
-0.00030518
-0.00030518
-0.00061035
-0.00030518
 0.00000000
 0.00000000
 0.00000000
-0.00061035
-0.00030518
 0.00000000
 0.00030518
 0.00030518
 0.00000000
 0.00000000
 0.00000000
 0.00030518
 0.00000000
-0.00061035
-0.00061035
-0.00030518
 0.00000000
-0.00030518
-0.00030518
 0.00030518
 0.00091553
 0.00091553
 0.00091553
 0.00091553
 0.00061035
 0.00061035
 0.00000000
-0.00061035
-0.00061035
-0.00061035
-0.00030518
 0.00000000
 0.00000000
 0.00030518
 0.00030518
 0.00030518
 0.00030518
 0.00030518
 0.00061035
 0.00061035
 0.00000000
-0.00061035
-0.00091553
-0.00061035
-0.00061035
-0.00061035
-0.00091553
-0.00091553
-0.00061035
-0.00061035
-0.00030518
 0.00030518
 0.00061035
 0.00000000
-0.00030518
-0.00091553
-0.00091553
-0.00091553
-0.00091553
-0.00122070
-0.00152588
-0.00122070
-0.00122070
-0.00122070
-0.00122070
-0.00183105
-0.00183105
-0.00152588
-0.00122070
-0.00122070
-0.00122070
-0.00122070
-0.00183105
-0.00183105
-0.00213623
-0.00183105
-0.00152588
-0.00152588
-0.00122070
-0.00152588
-0.00152588
-0.00152588
-0.00122070
-0.00122070
-0.00152588
-0.00183105
-0.00183105
-0.00183105
-0.00183105
-0.00183105
-0.00152588
-0.00152588
-0.00183105
-0.00244141
-0.00244141
-0.00213623
-0.00152588
-0.00091553
-0.00091553
-0.00122070
-0.00152588
-0.00152588
-0.00183105
-0.00152588
-0.00152588
-0.00152588
-0.00183105
-0.00183105
-0.00213623
-0.00183105
-0.00183105
-0.00213623
-0.00244141
-0.00244141
-0.00244141
-0.00244141
-0.00274658
-0.00244141
-0.00183105
-0.00183105
-0.00213623
-0.00274658
-0.00274658
-0.00244141
-0.00244141
-0.00244141
-0.00244141
-0.00213623
-0.00183105
-0.00213623
-0.00213623
-0.00152588
-0.00152588
-0.00152588
-0.00183105
-0.00213623
-0.00213623
-0.00213623
-0.00183105
-0.00183105
-0.00152588
-0.00122070
-0.00122070
-0.00122070
-0.00122070
-0.00091553
-0.00061035
-0.00030518
-0.00061035
-0.00091553
-0.00061035
-0.00030518
-0.00061035
-0.00061035
-0.00061035
-0.00061035
-0.00030518
-0.00030518
-0.00030518
-0.00030518
-0.00030518
-0.00030518
-0.00030518
-0.00030518
 0.00000000
 0.00000000
-0.00030518
-0.00061035
 0.00000000
 0.00061035
 0.00061035
 0.00030518
 0.00000000
 0.00000000
-0.00030518
-0.00030518
-0.00030518
-0.00030518
 0.00000000
-0.00030518
-0.00030518
 0.00000000
 0.00030518
 0.00061035
 0.00061035
 0.00030518
 0.00030518
 0.00061035
 0.00091553
 0.00091553
 0.00091553
 0.00061035
 0.00061035
 0.00061035
 0.00030518
 0.00000000
 0.00061035
 0.00091553
 0.00091553
 0.00091553
 0.00122070
 0.00122070
 0.00122070
 0.00122070
 0.00122070
 0.00122070
 0.00091553
 0.00061035
 0.00061035
 0.00122070
 0.00122070
 0.00091553
 0.00061035
 0.00030518
 0.00061035
 0.00091553
 0.00122070
 0.00152588
 0.00122070
 0.00091553
 0.00122070
 0.00091553
 0.00152588
 0.00152588
 0.00122070
 0.00122070
 0.00152588
 0.00152588
 0.00152588
 0.00091553
 0.00091553
 0.00122070
 0.00183105
 0.00183105
 0.00152588
 0.00152588
 0.00152588
 0.00152588
 0.00152588
 0.00183105
 0.00152588
 0.00122070
 0.00122070
 0.00122070
 0.00091553
 0.00091553
 0.00091553
 0.00091553
 0.00061035
 0.00030518
 0.00000000
 0.00000000
 0.00061035
 0.00091553
 0.00061035
 0.00030518
 0.00030518
 0.00061035
 0.00061035
 0.00061035
 0.00091553
 0.00091553
 0.00091553
 0.00091553
 0.00061035
 0.00030518
 0.00061035
 0.00091553
 0.00061035
 0.00061035
 0.00061035
 0.00030518
 0.00000000
-0.00030518
-0.00030518
 0.00000000
-0.00030518
-0.00030518
-0.00091553
-0.00061035
-0.00030518
 0.00000000
 0.00000000
-0.00030518
-0.00030518
-0.00061035
-0.00030518
-0.00030518
 0.00000000
-0.00091553
-0.00122070
-0.00152588
-0.00152588
-0.00122070
-0.00122070
-0.00122070
-0.00152588
-0.00183105
-0.00152588
-0.00091553
-0.00122070
-0.00122070
-0.00122070
-0.00061035
-0.00061035
-0.00122070
-0.00183105
-0.00274658
-0.00305176
-0.00305176
-0.00274658
-0.00274658
-0.00244141
-0.00213623
-0.00213623
-0.00244141
-0.00244141
-0.00183105
-0.00152588
-0.00152588
-0.00152588
-0.00183105
-0.00213623
-0.00244141
-0.00244141
-0.00213623
-0.00183105
-0.00213623
-0.00244141
-0.00213623
-0.00213623
-0.00213623
-0.00213623
-0.00183105
-0.00152588
-0.00183105
-0.00213623
-0.00213623
-0.00152588
-0.00122070
-0.00183105
-0.00213623
-0.00213623
-0.00213623
-0.00183105
-0.00213623
-0.00213623
-0.00183105
-0.00152588
-0.00152588
-0.00152588
-0.00183105
-0.00183105
-0.00183105
-0.00122070
-0.00122070
-0.00152588
-0.00152588
-0.00183105
-0.00152588
-0.00152588
-0.00183105
-0.00183105
-0.00152588
-0.00152588
-0.00152588
-0.00122070
-0.00061035
-0.00030518
-0.00061035
-0.00061035
-0.00091553
-0.00091553
-0.00091553
-0.00091553
-0.00091553
-0.00091553
-0.00061035
-0.00061035
-0.00091553
-0.00122070
-0.00122070
-0.00122070
-0.00061035
-0.00030518
 0.00000000
 0.00000000
 0.00030518
 0.00030518
 0.00030518
 0.00030518
 0.00000000
-0.00030518
 0.00000000
 0.00000000
 0.00030518
 0.00091553
 0.00061035
 0.00030518
 0.00000000
 0.00030518
 0.00061035
 0.00091553
 0.00061035
 0.00061035
 0.00091553
 0.00091553
 0.00091553
 0.00061035
 0.00030518
 0.00000000
 0.00030518
 0.00030518
 0.00030518
 0.00061035
 0.00000000
 0.00000000
 0.00030518
 0.00091553
 0.00091553
 0.00061035
 0.00061035
 0.00091553
 0.00122070
 0.00122070
 0.00122070
 0.00061035
 0.00061035
 0.00091553
 0.00061035
 0.00030518
 0.00030518
 0.00091553
 0.00091553
 0.00030518
 0.00000000
 0.00000000
 0.00061035
 0.00091553
 0.00122070
 0.00122070
 0.00091553
 0.00061035
 0.00091553
 0.00091553
 0.00091553
 0.00091553
 0.00091553
 0.00061035
 0.00030518
 0.00061035
 0.00091553
 0.00122070
 0.00122070
 0.00091553
 0.00061035
 0.00061035
 0.00061035
 0.00091553
 0.00061035
 0.00061035
 0.00030518
 0.00030518
 0.00030518
 0.00061035
 0.00061035
 0.00061035
 0.00061035
 0.00091553
 0.00061035
 0.00030518
 0.00000000
 0.00000000
-0.00030518
-0.00061035
-0.00030518
-0.00030518
 0.00000000
 0.00000000
-0.00030518
-0.00061035
-0.00061035
-0.00061035
-0.00061035
-0.00061035
-0.00061035
-0.00061035
-0.00030518
-0.00091553
-0.00122070
-0.00091553
-0.00061035
-0.00061035
-0.00091553
-0.00122070
-0.00122070
-0.00122070
-0.00122070
-0.00152588
-0.00152588
-0.00152588
-0.00091553
-0.00091553
-0.00061035
-0.00061035
-0.00091553
-0.00091553
-0.00061035
-0.00061035
-0.00122070
-0.00152588
-0.00152588
-0.00152588
-0.00152588
-0.00183105
-0.00152588
-0.00152588
-0.00122070
-0.00122070
-0.00122070
-0.00152588
-0.00183105
-0.00152588
-0.00152588
-0.00183105
-0.00183105
-0.00213623
-0.00213623
-0.00213623
-0.00183105
-0.00183105
-0.00183105
-0.00183105
-0.00152588
-0.00183105
-0.00152588
-0.00152588
-0.00152588
-0.00152588
-0.00152588
-0.00122070
-0.00091553
-0.00122070
-0.00183105
-0.00213623
-0.00152588
-0.00152588
-0.00183105
-0.00213623
-0.00183105
-0.00152588
-0.00122070
-0.00122070
-0.00122070
-0.00091553
-0.00061035
-0.00091553
-0.00061035
-0.00091553
-0.00091553
-0.00122070
-0.00122070
-0.00122070
-0.00122070
-0.00091553
-0.00061035
-0.00061035
-0.00030518
-0.00030518
-0.00030518
-0.00030518
-0.00030518
-0.00061035
-0.00061035
-0.00091553
-0.00061035
-0.00061035
-0.00061035
-0.00030518
 0.00000000
 0.00000000
 0.00000000
 0.00000000
 0.00000000
 0.00061035
 0.00091553
 0.00091553
 0.00091553
 0.00091553
 0.00061035
 0.00030518
 0.00000000
 0.00030518
 0.00061035
 0.00061035
 0.00061035
 0.00061035
 0.00061035
 0.00091553
 0.00091553
 0.00091553
 0.00122070
 0.00183105
 0.00152588
 0.00091553
 0.00091553
 0.00091553
 0.00122070
 0.00122070
 0.00091553
 0.00091553
 0.00091553
 0.00091553
 0.00122070
 0.00152588
 0.00122070
 0.00152588
 0.00183105
 0.00183105
 0.00152588
 0.00152588
 0.00183105
 0.00213623
 0.00152588
 0.00122070
 0.00091553
 0.00061035
 0.00061035
 0.00091553
 0.00061035
 0.00030518
 0.00061035
 0.00091553
 0.00122070
 0.00122070
 0.00152588
 0.00122070
 0.00122070
 0.00152588
 0.00122070
 0.00061035
 0.00030518
 0.00061035
 0.00061035
 0.00061035
 0.00030518
 0.00061035
 0.00030518
 0.00061035
 0.00061035
 0.00061035
 0.00091553
 0.00091553
 0.00091553
 0.00091553
 0.00122070
 0.00091553
 0.00061035
 0.00000000
-0.00030518
 0.00030518
 0.00030518
 0.00030518
 0.00030518
 0.00030518
 0.00000000
 0.00000000
-0.00030518
 0.00000000
 0.00000000
 0.00030518
-0.00030518
-0.00030518
-0.00030518
-0.00030518
-0.00061035
-0.00091553
-0.00091553
-0.00122070
-0.00122070
-0.00091553
-0.00091553
-0.00091553
-0.00091553
-0.00091553
-0.00061035
-0.00061035
-0.00061035
-0.00122070
-0.00122070
-0.00152588
-0.00152588
-0.00152588
-0.00152588
-0.00122070
-0.00122070
-0.00122070
-0.00152588
-0.00122070
-0.00122070
-0.00061035
-0.00061035
-0.00091553
-0.00122070
-0.00122070
-0.00122070
-0.00122070
-0.00183105
-0.00213623
-0.00244141
-0.00244141
-0.00213623
-0.00183105
-0.00152588
-0.00152588
-0.00152588
-0.00183105
-0.00152588
-0.00152588
-0.00122070
-0.00091553
-0.00091553
-0.00122070
-0.00213623
-0.00213623
-0.00213623
-0.00183105
-0.00183105
-0.00244141
-0.00305176
-0.00244141
-0.00152588
-0.00061035
-0.00030518
-0.00061035
-0.00122070
-0.00122070
-0.00122070
-0.00122070
-0.00091553
-0.00091553
-0.00122070
-0.00183105
-0.00183105
-0.00122070
-0.00122070
-0.00122070
-0.00122070
-0.00091553
-0.00061035
-0.00030518
-0.00030518
 0.00000000
-0.00030518
-0.00061035
-0.00061035
-0.00061035
-0.00061035
-0.00091553
-0.00091553
-0.00091553
-0.00091553
-0.00030518
 0.00000000
 0.00061035
 0.00061035
 0.00061035
 0.00030518
 0.00000000
 0.00000000
 0.00030518
 0.00091553
 0.00061035
 0.00030518
 0.00000000
 0.00030518
 0.00030518
 0.00030518
 0.00000000
 0.00030518
 0.00061035
 0.00091553
 0.00061035
 0.00030518
 0.00061035
 0.00061035
 0.00061035
 0.00030518
 0.00030518
 0.00061035
 0.00061035
 0.00091553
 0.00122070
 0.00122070
 0.00122070
 0.00091553
 0.00061035
 0.00061035
 0.00061035
 0.00091553
 0.00061035
 0.00030518
 0.00030518
 0.00061035
 0.00061035
 0.00030518
 0.00000000
 0.00000000
 0.00061035
 0.00061035
 0.00030518
 0.00030518
 0.00061035
 0.00091553
 0.00091553
 0.00061035
 0.00030518
 0.00030518
 0.00000000
 0.00000000
 0.00000000
 0.00000000
 0.00000000
 0.00000000
 0.00000000
 0.00030518
 0.00030518
 0.00030518
 0.00030518
 0.00030518
 0.00030518
 0.00030518
 0.00030518
 0.00030518
 0.00030518
 0.00000000
 0.00000000
 0.00000000
 0.00000000
 0.00000000
 0.00000000
 0.00000000
-0.00030518
 0.00000000
 0.00000000
 0.00000000
 0.00030518
 0.00030518
 0.00061035
 0.00030518
 0.00000000
 0.00000000
 0.00000000
 0.00000000
 0.00000000
 0.00000000
 0.00000000
 0.00061035
 0.00061035
 0.00030518
 0.00030518
 0.00061035
 0.00061035
 0.00061035
 0.00091553
 0.00000000
-0.00091553
-0.00061035
-0.00030518
-0.00030518
-0.00091553
-0.00091553
-0.00091553
-0.00091553
-0.00091553
-0.00091553
-0.00061035
-0.00061035
-0.00061035
-0.00091553
-0.00061035
-0.00030518
-0.00061035
-0.00061035
-0.00030518
-0.00030518
-0.00030518
-0.00061035
-0.00091553
-0.00122070
-0.00122070
-0.00152588
-0.00122070
-0.00061035
-0.00030518
-0.00061035
-0.00061035
-0.00061035
-0.00061035
-0.00061035
-0.00091553
-0.00061035
-0.00061035
-0.00061035
-0.00091553
-0.00122070
-0.00122070
-0.00122070
-0.00061035
-0.00061035
-0.00091553
-0.00091553
-0.00061035
 0.00000000
-0.00030518
-0.00061035
-0.00091553
-0.00122070
-0.00152588
-0.00152588
-0.00183105
-0.00152588
-0.00091553
-0.00091553
-0.00122070
-0.00091553
-0.00030518
-0.00030518
-0.00061035
-0.00061035
-0.00091553
-0.00091553
-0.00091553
-0.00091553
-0.00091553
-0.00091553
-0.00061035
-0.00061035
-0.00091553
-0.00091553
-0.00091553
-0.00061035
-0.00061035
-0.00091553
-0.00091553
-0.00061035
-0.00030518
-0.00030518
-0.00061035
-0.00061035
-0.00030518
-0.00061035
-0.00061035
-0.00030518
-0.00030518
-0.00030518
 0.00000000
 0.00030518
 0.00030518
 0.00061035
 0.00091553
 0.00091553
 0.00122070
 0.00091553
 0.00061035
 0.00061035
 0.00061035
 0.00030518
-0.00030518
-0.00030518
 0.00030518
 0.00030518
 0.00061035
 0.00091553
 0.00091553
 0.00122070
 0.00152588
 0.00213623
 0.00183105
 0.00183105
 0.00152588
 0.00122070
 0.00091553
 0.00061035
 0.00091553
 0.00122070
 0.00152588
 0.00091553
 0.00061035
 0.00091553
 0.00152588
 0.00213623
 0.00213623
 0.00152588
 0.00152588
 0.00152588
 0.00152588
 0.00122070
 0.00091553
 0.00091553
 0.00091553
 0.00091553
 0.00122070
 0.00152588
 0.00152588
 0.00122070
 0.00122070
 0.00152588
 0.00183105
 0.00183105
 0.00152588
 0.00152588
 0.00152588
 0.00091553
 0.00091553
 0.00061035
 0.00061035
 0.00000000
 0.00000000
 0.00030518
 0.00061035
 0.00091553
 0.00030518
 0.00030518
 0.00122070
 0.00152588
 0.00152588
 0.00122070
 0.00122070
 0.00091553
 0.00061035
 0.00030518
 0.00030518
 0.00000000
-0.00030518
-0.00030518
-0.00030518
 0.00000000
 0.00030518
 0.00030518
 0.00030518
 0.00030518
 0.00000000
-0.00030518
-0.00061035
-0.00091553
-0.00091553
-0.00061035
-0.00091553
-0.00122070
-0.00152588
-0.00152588
-0.00152588
-0.00183105
-0.00183105
-0.00152588
-0.00091553
-0.00091553
-0.00091553
-0.00091553
-0.00122070
-0.00122070
-0.00152588
-0.00152588
-0.00152588
-0.00183105
-0.00213623
-0.00183105
-0.00183105
-0.00152588
-0.00122070
-0.00152588
-0.00213623
-0.00244141
-0.00244141
-0.00213623
-0.00244141
-0.00244141
-0.00274658
-0.00244141
-0.00244141
-0.00244141
-0.00244141
-0.00244141
-0.00274658
-0.00244141
-0.00244141
-0.00213623
-0.00152588
-0.00122070
-0.00122070
-0.00122070
-0.00152588
-0.00183105
-0.00183105
-0.00213623
-0.00244141
-0.00305176
-0.00274658
-0.00244141
-0.00213623
-0.00183105
-0.00152588
-0.00152588
-0.00152588
-0.00152588
-0.00152588
-0.00091553
-0.00030518
-0.00061035
-0.00122070
-0.00183105
-0.00213623
-0.00213623
-0.00122070
-0.00061035
-0.00091553
-0.00152588
-0.00183105
-0.00152588
-0.00091553
-0.00030518
 0.00000000
 0.00000000
-0.00030518
-0.00030518
-0.00030518
-0.00030518
-0.00061035
-0.00091553
-0.00091553
-0.00091553
-0.00061035
-0.00030518
-0.00030518
 0.00000000
 0.00030518
 0.00030518
 0.00030518
 0.00030518
 0.00061035
 0.00091553
 0.00091553
 0.00061035
 0.00030518
 0.00061035
 0.00061035
 0.00091553
 0.00122070
 0.00122070
 0.00122070
 0.00122070
 0.00122070
 0.00152588
 0.00152588
 0.00152588
 0.00183105
 0.00152588
 0.00122070
 0.00122070
 0.00152588
 0.00213623
 0.00183105
 0.00183105
 0.00183105
 0.00152588
 0.00152588
 0.00152588
 0.00183105
 0.00213623
 0.00183105
 0.00183105
 0.00213623
 0.00213623
 0.00183105
 0.00183105
 0.00183105
 0.00213623
 0.00213623
 0.00183105
 0.00152588
 0.00183105
 0.00213623
 0.00183105
 0.00152588
 0.00183105
 0.00213623
 0.00213623
 0.00183105
 0.00183105
 0.00183105
 0.00183105
 0.00152588
 0.00122070
 0.00091553
 0.00030518
 0.00091553
 0.00183105
 0.00183105
 0.00152588
 0.00152588
 0.00152588
 0.00122070
 0.00122070
 0.00152588
 0.00122070
 0.00091553
 0.00091553
 0.00030518
-0.00030518
-0.00030518
 0.00000000
 0.00000000
 0.00000000
 0.00000000
 0.00000000
 0.00030518
 0.00061035
 0.00061035
 0.00061035
 0.00030518
 0.00000000
-0.00030518
-0.00061035
-0.00061035
-0.00091553
-0.00122070
-0.00122070
-0.00152588
-0.00091553
 0.00000000
 0.00000000
-0.00030518
-0.00061035
-0.00061035
-0.00061035
-0.00030518
 0.00030518
 0.00000000
-0.00061035
-0.00122070
-0.00152588
-0.00152588
-0.00183105
-0.00152588
-0.00122070
-0.00091553
-0.00061035
-0.00061035
-0.00061035
-0.00061035
-0.00122070
-0.00183105
-0.00183105
-0.00152588
-0.00122070
-0.00061035
-0.00091553
-0.00122070
-0.00122070
-0.00152588
-0.00152588
-0.00152588
-0.00122070
-0.00091553
-0.00061035
-0.00091553
-0.00061035
-0.00030518
-0.00061035
-0.00061035
-0.00061035
-0.00061035
-0.00061035
-0.00061035
-0.00091553
-0.00091553
-0.00091553
-0.00091553
-0.00061035
-0.00030518
-0.00061035
-0.00061035
-0.00061035
 0.00000000
 0.00061035
 0.00030518
 0.00000000
 0.00000000
-0.00030518
-0.00030518
-0.00030518
-0.00061035
-0.00061035
-0.00061035
 0.00030518
 0.00061035
 0.00061035
 0.00061035
 0.00061035
 0.00122070
 0.00152588
 0.00091553
 0.00030518
 0.00000000
 0.00000000
 0.00000000
 0.00030518
 0.00000000
 0.00000000
 0.00061035
 0.00061035
 0.00061035
 0.00030518
 0.00061035
 0.00091553
 0.00091553
 0.00061035
 0.00061035
 0.00030518
-0.00030518
-0.00030518
-0.00030518
-0.00030518
 0.00000000
 0.00030518
 0.00030518
 0.00030518
 0.00000000
 0.00000000
 0.00030518
 0.00061035
 0.00091553
 0.00091553
 0.00061035
 0.00091553
 0.00061035
 0.00030518
 0.00030518
 0.00030518
 0.00030518
 0.00061035
 0.00061035
 0.00061035
 0.00030518
 0.00030518
 0.00061035
 0.00091553
 0.00091553
 0.00091553
 0.00091553
 0.00091553
 0.00061035
 0.00061035
 0.00030518
 0.00000000
-0.00030518
 0.00000000
 0.00061035
 0.00030518
-0.00030518
-0.00030518
 0.00030518
 0.00091553
 0.00122070
 0.00091553
 0.00061035
 0.00061035
 0.00061035
 0.00061035
 0.00030518
 0.00000000
 0.00000000
 0.00000000
-0.00030518
-0.00030518
-0.00030518
 0.00030518
 0.00030518
 0.00061035
 0.00091553
 0.00091553
 0.00061035
 0.00030518
 0.00030518
 0.00061035
 0.00030518
 0.00000000
 0.00000000
 0.00000000
 0.00000000
 0.00000000
 0.00061035
 0.00061035
 0.00061035
 0.00061035
 0.00061035
 0.00061035
 0.00061035
 0.00030518
 0.00030518
 0.00091553
 0.00122070
 0.00061035
 0.00000000
-0.00030518
 0.00030518
 0.00061035
 0.00091553
 0.00122070
 0.00122070
 0.00122070
 0.00061035
 0.00030518
 0.00030518
 0.00061035
 0.00061035
 0.00061035
 0.00061035
 0.00030518
-0.00030518
-0.00061035
-0.00061035
 0.00000000
 0.00030518
 0.00061035
 0.00030518
 0.00030518
 0.00030518
 0.00030518
 0.00030518
 0.00030518
 0.00030518
 0.00030518
 0.00030518
 0.00030518
 0.00030518
-0.00030518
-0.00030518
-0.00030518
-0.00061035
-0.00030518
-0.00030518
-0.00030518
-0.00030518
-0.00030518
-0.00061035
-0.00061035
-0.00030518
-0.00030518
-0.00061035
-0.00061035
-0.00061035
-0.00061035
-0.00091553
-0.00061035
-0.00061035
-0.00061035
-0.00061035
-0.00061035
-0.00030518
-0.00061035
-0.00091553
-0.00122070
-0.00091553
-0.00091553
-0.00122070
-0.00122070
-0.00152588
-0.00122070
-0.00091553
-0.00091553
-0.00122070
-0.00091553
-0.00091553
-0.00091553
-0.00061035
-0.00030518
-0.00030518
-0.00030518
-0.00061035
-0.00091553
-0.00091553
-0.00122070
-0.00152588
-0.00122070
-0.00122070
-0.00122070
-0.00122070
-0.00122070
-0.00091553
-0.00061035
-0.00030518
 0.00000000
-0.00030518
-0.00061035
-0.00122070
-0.00122070
-0.00122070
-0.00091553
-0.00091553
-0.00122070
-0.00122070
-0.00091553
-0.00061035
-0.00061035
-0.00091553
-0.00061035
-0.00030518
 0.00030518
 0.00030518
 0.00030518
 0.00030518
 0.00000000
 0.00000000
-0.00030518
-0.00061035
-0.00061035
-0.00061035
-0.00030518
-0.00030518
 0.00030518
 0.00000000
 0.00000000
 0.00030518
 0.00061035
 0.00061035
 0.00061035
 0.00091553
 0.00122070
 0.00152588
 0.00122070
 0.00091553
 0.00091553
 0.00091553
 0.00061035
 0.00000000
 0.00061035
 0.00091553
 0.00091553
 0.00091553
 0.00122070
 0.00122070
 0.00152588
 0.00152588
 0.00122070
 0.00061035
 0.00030518
 0.00030518
 0.00030518
 0.00061035
 0.00061035
 0.00030518
 0.00030518
 0.00091553
 0.00152588
 0.00152588
 0.00152588
 0.00152588
 0.00122070
 0.00122070
 0.00122070
 0.00122070
 0.00122070
 0.00091553
 0.00091553
 0.00061035
 0.00030518
 0.00000000
 0.00000000
 0.00030518
 0.00091553
 0.00152588
 0.00152588
 0.00152588
 0.00122070
 0.00122070
 0.00152588
 0.00122070
 0.00122070
 0.00091553
 0.00061035
 0.00091553
 0.00061035
 0.00030518
 0.00000000
 0.00030518
 0.00061035
 0.00061035
 0.00030518
 0.00030518
 0.00000000
 0.00061035
 0.00091553
 0.00091553
 0.00061035
 0.00091553
 0.00030518
 0.00000000
 0.00000000
 0.00030518
 0.00061035
 0.00000000
-0.00030518
-0.00030518
-0.00030518
-0.00030518
-0.00030518
-0.00030518
-0.00030518
-0.00030518
 0.00000000
 0.00030518
 0.00091553
 0.00061035
-0.00030518
-0.00091553
-0.00061035
 0.00000000
 0.00030518
 0.00030518
 0.00061035
 0.00061035
 0.00030518
 0.00030518
 0.00000000
 0.00030518
 0.00030518
 0.00000000
 0.00000000
 0.00000000
-0.00030518
-0.00061035
-0.00091553
-0.00091553
-0.00091553
-0.00091553
-0.00061035
-0.00030518
 0.00000000
 0.00000000
 0.00000000
-0.00030518
 0.00000000
 0.00000000
 0.00000000
 0.00000000
-0.00030518
-0.00030518
 0.00000000
 0.00000000
 0.00030518
 0.00030518
 0.00061035
 0.00091553
 0.00091553
 0.00030518
 0.00000000
 0.00000000
 0.00030518
 0.00000000
 0.00030518
 0.00091553
 0.00091553
 0.00061035
 0.00061035
 0.00030518
 0.00030518
 0.00061035
 0.00061035
 0.00000000
-0.00091553
-0.00091553
-0.00030518
 0.00061035
 0.00091553
 0.00122070
 0.00061035
 0.00000000
-0.00061035
-0.00061035
-0.00030518
 0.00030518
 0.00061035
 0.00061035
 0.00030518
 0.00061035
 0.00061035
 0.00061035
 0.00061035
 0.00030518
 0.00000000
 0.00030518
 0.00030518
 0.00061035
 0.00061035
 0.00061035
 0.00030518
-0.00030518
-0.00030518
 0.00030518
 0.00030518
 0.00030518
 0.00000000
 0.00000000
 0.00000000
 0.00061035
 0.00061035
 0.00030518
 0.00000000
-0.00030518
 0.00000000
-0.00030518
-0.00030518
-0.00061035
-0.00030518
 0.00000000
 0.00000000
 0.00030518
-0.00030518
-0.00061035
-0.00061035
-0.00030518
 0.00000000
 0.00030518
 0.00000000
-0.00030518
-0.00030518
-0.00030518
-0.00061035
-0.00091553
-0.00122070
-0.00091553
-0.00061035
-0.00030518
-0.00030518
-0.00061035
-0.00091553
-0.00091553
-0.00061035
-0.00061035
-0.00061035
-0.00061035
 0.00000000
 0.00000000
-0.00061035
-0.00122070
-0.00091553
-0.00122070
-0.00122070
-0.00091553
-0.00061035
-0.00061035
-0.00030518
-0.00030518
-0.00030518
-0.00061035
-0.00091553
-0.00061035
-0.00030518
-0.00091553
-0.00122070
-0.00061035
 0.00000000
 0.00030518
-0.00030518
-0.00091553
-0.00122070
-0.00122070
-0.00122070
-0.00091553
-0.00030518
 0.00000000
-0.00061035
-0.00091553
-0.00091553
-0.00061035
-0.00061035
-0.00091553
-0.00091553
-0.00061035
-0.00061035
-0.00061035
-0.00061035
-0.00061035
 0.00000000
 0.00000000
 0.00030518
 0.00030518
 0.00000000
 0.00000000
 0.00000000
-0.00030518
 0.00000000
 0.00000000
-0.00030518
-0.00030518
 0.00000000
 0.00000000
-0.00030518
 0.00000000
 0.00030518
 0.00030518
 0.00030518
 0.00030518
 0.00030518
 0.00030518
 0.00000000
-0.00030518
-0.00030518
 0.00030518
 0.00091553
 0.00122070
 0.00061035
-0.00030518
-0.00030518
 0.00030518
 0.00091553
 0.00091553
 0.00122070
 0.00122070
 0.00091553
 0.00091553
 0.00061035
 0.00030518
 0.00030518
 0.00061035
 0.00061035
 0.00061035
 0.00061035
 0.00061035
 0.00061035
 0.00061035
 0.00061035
 0.00061035
 0.00091553
 0.00091553
 0.00061035
 0.00061035
 0.00061035
 0.00030518
 0.00030518
 0.00030518
 0.00030518
 0.00030518
 0.00030518
 0.00091553
 0.00122070
 0.00091553
 0.00091553
 0.00091553
 0.00091553
 0.00091553
 0.00091553
 0.00061035
 0.00030518
 0.00000000
 0.00000000
 0.00000000
-0.00030518
-0.00030518
-0.00030518
 0.00030518
 0.00061035
 0.00061035
 0.00061035
 0.00061035
 0.00000000
 0.00000000
 0.00030518
 0.00061035
 0.00061035
 0.00030518
-0.00030518
-0.00091553
-0.00091553
-0.00061035
 0.00000000
 0.00000000
 0.00000000
 0.00000000
 0.00000000
 0.00000000
 0.00000000
 0.00000000
 0.00000000
 0.00000000
 0.00000000
 0.00000000
-0.00030518
-0.00030518
-0.00030518
-0.00061035
-0.00091553
-0.00030518
 0.00030518
 0.00000000
 0.00000000
 0.00000000
 0.00000000
 0.00030518
 0.00030518
 0.00000000
-0.00030518
-0.00030518
-0.00061035
-0.00061035
-0.00061035
-0.00061035
-0.00061035
-0.00030518
-0.00030518
-0.00030518
-0.00030518
 0.00000000
 0.00030518
 0.00061035
 0.00061035
 0.00061035
 0.00030518
 0.00000000
 0.00000000
 0.00000000
 0.00000000
-0.00030518
-0.00030518
-0.00030518
 0.00000000
 0.00061035
 0.00061035
 0.00061035
 0.00030518
 0.00000000
-0.00030518
-0.00030518
 0.00030518
 0.00030518
 0.00000000
-0.00061035
-0.00061035
-0.00030518
 0.00000000
-0.00030518
 0.00000000
 0.00000000
 0.00030518
 0.00061035
 0.00030518
 0.00030518
 0.00030518
 0.00061035
 0.00030518
 0.00030518
 0.00030518
 0.00030518
 0.00030518
 0.00030518
 0.00000000
-0.00030518
-0.00030518
 0.00000000
 0.00000000
 0.00030518
 0.00000000
-0.00030518
 0.00030518
 0.00061035
 0.00061035
 0.00030518
-0.00030518
-0.00030518
 0.00000000
 0.00030518
 0.00000000
-0.00030518
-0.00061035
-0.00030518
 0.00000000
 0.00030518
 0.00061035
 0.00030518
 0.00000000
 0.00000000
 0.00030518
 0.00061035
 0.00030518
-0.00061035
-0.00122070
-0.00091553
-0.00061035
-0.00061035
-0.00061035
-0.00030518
-0.00030518
-0.00030518
 0.00000000
 0.00030518
 0.00061035
 0.00061035
 0.00030518
 0.00061035
 0.00000000
-0.00030518
-0.00061035
-0.00061035
-0.00061035
-0.00061035
-0.00061035
-0.00061035
-0.00061035
 0.00000000
 0.00030518
 0.00000000
-0.00030518
-0.00030518
-0.00030518
-0.00061035
-0.00030518
-0.00061035
-0.00061035
-0.00030518
 0.00000000
-0.00030518
-0.00061035
-0.00061035
-0.00061035
 0.00000000
 0.00000000
-0.00030518
-0.00030518
 0.00000000
 0.00000000
 0.00000000
 0.00000000
-0.00030518
-0.00030518
 0.00000000
 0.00000000
-0.00030518
-0.00030518
 0.00030518
 0.00030518
 0.00000000
 0.00000000
 0.00000000
 0.00000000
 0.00000000
 0.00030518
 0.00000000
 0.00030518
 0.00061035
 0.00030518
-0.00030518
-0.00030518
-0.00061035
-0.00030518
-0.00030518
-0.00030518
-0.00030518
-0.00030518
 0.00030518
 0.00091553
 0.00122070
 0.00091553
 0.00061035
 0.00030518
 0.00030518
 0.00000000
-0.00030518
-0.00030518
 0.00000000
-0.00030518
-0.00061035
-0.00030518
 0.00000000
 0.00000000
 0.00030518
 0.00000000
 0.00000000
 0.00000000
 0.00000000
 0.00030518
 0.00030518
 0.00000000
-0.00030518
-0.00030518
-0.00030518
-0.00030518
-0.00030518
-0.00030518
 0.00000000
 0.00030518
 0.00030518
 0.00000000
 0.00030518
 0.00030518
 0.00030518
 0.00061035
 0.00030518
-0.00030518
-0.00061035
-0.00061035
-0.00091553
-0.00091553
-0.00091553
-0.00091553
-0.00030518
 0.00030518
 0.00030518
 0.00030518
 0.00030518
 0.00061035
 0.00061035
 0.00030518
-0.00061035
-0.00061035
-0.00061035
-0.00030518
-0.00030518
-0.00030518
-0.00061035
-0.00061035
 0.00000000
 0.00000000
-0.00030518
-0.00030518
 0.00000000
 0.00030518
