-0.00030518
 0.00000000
 0.00000000
-0.00030518
 0.00000000
-0.00030518
-0.00061035
-0.00061035
-0.00030518
-0.00061035
-0.00091553
-0.00122070
-0.00091553
-0.00061035
-0.00061035
-0.00030518
-0.00061035
-0.00091553
-0.00061035
-0.00030518
-0.00030518
-0.00091553
-0.00091553
-0.00061035
-0.00030518
-0.00030518
-0.00030518
-0.00061035
-0.00061035
-0.00061035
-0.00030518
 0.00000000
 0.00000000
 0.00000000
-0.00030518
-0.00030518
 0.00000000
-0.00030518
-0.00030518
-0.00061035
-0.00061035
-0.00030518
 0.00000000
 0.00030518
 0.00000000
-0.00030518
-0.00061035
-0.00091553
-0.00061035
 0.00000000
 0.00000000
-0.00061035
-0.00091553
-0.00091553
-0.00091553
-0.00091553
-0.00061035
-0.00061035
-0.00061035
-0.00061035
-0.00091553
-0.00091553
-0.00061035
-0.00061035
-0.00091553
-0.00091553
-0.00030518
 0.00000000
-0.00030518
-0.00091553
-0.00122070
-0.00091553
-0.00091553
-0.00091553
-0.00091553
-0.00061035
-0.00061035
-0.00061035
-0.00091553
-0.00091553
-0.00091553
-0.00061035
-0.00030518
-0.00061035
-0.00061035
-0.00122070
-0.00122070
-0.00061035
-0.00030518
-0.00030518
-0.00061035
-0.00091553
-0.00061035
-0.00030518
 0.00122070
 0.00610352
 0.01647949
 0.03356934
 0.05493164
 0.06530762
 0.03387451
-0.04791260
-0.12145996
-0.12939453
-0.07293701
 0.02166748
 0.10406494
 0.13366699
 0.10101318
 0.01739502
-0.05004883
-0.07049561
-0.06256104
-0.03295898
 0.00183105
 0.01251221
-0.02105713
-0.05432129
-0.03265381
 0.02716064
 0.09765625
 0.14709473
 0.13793945
 0.02929688
-0.09948730
-0.14770508
-0.13122559
-0.10040283
-0.06011963
-0.00061035
 0.06134033
 0.08300781
 0.03112793
-0.04425049
-0.04455566
 0.01129150
 0.06347656
 0.09063721
 0.10406494
 0.08850098
 0.01403809
-0.10681152
-0.17791748
-0.14739990
-0.07049561
-0.02929688
-0.02288818
 0.00396729
 0.04669189
 0.05889893
 0.03204346
 0.04852295
 0.09979248
 0.10559082
 0.02838135
-0.05767822
-0.08819580
-0.09765625
-0.09704590
-0.05920410
 0.00793457
 0.05706787
 0.05828857
 0.02014160
 0.00183105
 0.00427246
-0.01495361
-0.04699707
-0.04302979
-0.01892090
-0.01525879
-0.06530762
-0.15228271
-0.21087646
-0.21301270
-0.17456055
-0.10467529
-0.01647949
 0.06866455
 0.14312744
 0.21392822
 0.27893066
 0.30090332
 0.23834229
 0.15228271
 0.08300781
-0.01647949
-0.13366699
-0.17181396
-0.13336182
-0.07781982
-0.04455566
-0.02807617
-0.00122070
 0.04821777
 0.12054443
 0.21942139
 0.37445068
 0.45776367
 0.45593262
 0.37200928
 0.25390625
 0.05737305
-0.14526367
-0.32806396
-0.44708252
-0.47546387
-0.44342041
-0.36560059
-0.26519775
-0.10589600
 0.05432129
 0.18798828
 0.29296875
 0.34790039
 0.35125732
 0.28594971
 0.09857178
-0.12115479
-0.29693604
-0.42480469
-0.47882080
-0.44830322
-0.34545898
-0.24536133
-0.13641357
-0.02838135
 0.09368896
 0.21026611
 0.28717041
 0.32440186
 0.33203125
 0.31280518
 0.21362305
 0.05523682
-0.09094238
-0.20996094
-0.30670166
-0.36285400
-0.36041260
-0.30975342
-0.21240234
-0.06500244
 0.11535645
 0.33264160
 0.47851563
 0.52490234
 0.48706055
 0.39306641
 0.27862549
 0.09979248
-0.06652832
-0.20355225
-0.31768799
-0.37445068
-0.36712646
-0.30670166
-0.20477295
-0.07080078
 0.07629395
 0.22338867
 0.36285400
 0.42663574
 0.40954590
 0.32592773
 0.16296387
-0.05249023
-0.23651123
-0.39794922
-0.49804688
-0.54016113
-0.51757813
-0.44555664
-0.34179688
-0.20294189
-0.01647949
 0.17028809
 0.34240723
 0.41351318
 0.38726807
 0.32379150
 0.15533447
-0.04364014
-0.18646240
-0.29327393
-0.36712646
-0.39825439
-0.37261963
-0.30426025
-0.20721436
-0.08911133
 0.04302979
 0.18005371
 0.29846191
 0.36895752
 0.40283203
 0.40161133
 0.35888672
 0.26000977
 0.12939453
 0.00274658
-0.12390137
-0.23254395
-0.30242920
-0.31036377
-0.25482178
-0.14739990
 0.00366211
 0.16998291
 0.36193848
 0.43518066
 0.42633057
 0.35339355
 0.27984619
 0.12145996
-0.01434326
-0.11932373
-0.20294189
-0.26794434
-0.31829834
-0.34149170
-0.32257080
-0.26397705
-0.17120361
-0.06042480
 0.05218506
 0.15228271
 0.22338867
 0.25390625
 0.22216797
 0.12145996
-0.01068115
-0.12817383
-0.22399902
-0.30090332
-0.34088135
-0.32836914
-0.27648926
-0.18646240
-0.07202148
 0.04760742
 0.16174316
 0.25970459
 0.32226563
 0.34637451
 0.30853271
 0.22064209
 0.12634277
 0.04272461
-0.04302979
-0.12664795
-0.19195557
-0.22430420
-0.21697998
-0.17028809
-0.08636475
 0.02532959
 0.14587402
 0.25390625
 0.32836914
 0.34027100
 0.32836914
 0.29205322
 0.19287109
 0.09246826
-0.01617432
-0.12969971
-0.22399902
-0.27740479
-0.28320313
-0.24627686
-0.17364502
-0.07446289
 0.03601074
 0.14160156
 0.22430420
 0.26916504
 0.26763916
 0.20324707
 0.10528564
 0.01129150
-0.07751465
-0.16448975
-0.23620605
-0.27923584
-0.28808594
-0.26184082
-0.20172119
-0.11230469
-0.00671387
 0.09368896
 0.17242432
 0.21667480
 0.21850586
 0.16662598
 0.08972168
 0.02044678
-0.04455566
-0.11016846
-0.16387939
-0.19134521
-0.18859863
-0.15777588
-0.10559082
-0.03631592
 0.04302979
 0.11993408
 0.18310547
 0.22888184
 0.24383545
 0.21148682
 0.14465332
 0.06774902
-0.01007080
-0.08178711
-0.13854980
-0.17456055
-0.18554688
-0.16845703
-0.12542725
-0.06164551
 0.01434326
 0.09338379
 0.16021729
 0.20477295
 0.20782471
 0.15411377
 0.07659912
 0.00854492
-0.05218506
-0.11108398
-0.15808105
-0.18524170
-0.19104004
-0.17669678
-0.14251709
-0.09277344
-0.03326416
 0.02868652
 0.08514404
 0.12969971
 0.14862061
 0.12847900
 0.08300781
 0.03295898
-0.02075195
-0.08026123
-0.13671875
-0.17761230
-0.19592285
-0.19226074
-0.16754150
-0.12329102
-0.06103516
 0.01464844
 0.09368896
 0.16174316
 0.20751953
 0.21087646
 0.15075684
 0.05523682
-0.03479004
-0.11016846
-0.17150879
-0.20721436
-0.21362305
-0.19409180
-0.15350342
-0.09490967
-0.02227783
 0.05767822
 0.13214111
 0.19195557
 0.23071289
 0.22827148
 0.17639160
 0.10375977
 0.03479004
-0.03204346
-0.09185791
-0.13275146
-0.14709473
-0.13488770
-0.09948730
-0.04486084
 0.02532959
 0.10345459
 0.17852783
 0.24017334
 0.28045654
 0.27801514
 0.22491455
 0.15075684
 0.08148193
 0.01647949
-0.04394531
-0.09277344
-0.12573242
-0.14099121
-0.13641357
-0.11230469
-0.07171631
-0.01770020
 0.04333496
 0.10284424
 0.15075684
 0.16876221
 0.13366699
 0.05950928
-0.02014160
-0.09521484
-0.16754150
-0.22613525
-0.26123047
-0.26824951
-0.24719238
-0.20141602
-0.13427734
-0.05310059
 0.03051758
 0.10192871
 0.15289307
 0.17395020
 0.14373779
 0.07843018
 0.01434326
-0.03967285
-0.09094238
-0.13183594
-0.15197754
-0.14739990
-0.12054443
-0.07446289
-0.01342773
 0.05798340
 0.12939453
 0.19104004
 0.23498535
 0.24536133
 0.21331787
 0.16174316
 0.11291504
 0.06134033
 0.00549316
-0.04425049
-0.07843018
-0.09094238
-0.08056641
-0.04974365
-0.00244141
 0.05584717
 0.11901855
 0.17791748
 0.22338867
 0.23773193
 0.20507813
 0.14434814
 0.08056641
 0.01647949
-0.04852295
-0.10467529
-0.14373779
-0.16296387
-0.16326904
-0.14587402
-0.11352539
-0.07080078
-0.02441406
 0.01861572
 0.04943848
 0.05493164
 0.03326416
 0.00061035
-0.03234863
-0.06835938
-0.10650635
-0.14160156
-0.16662598
-0.17822266
-0.17486572
-0.15594482
-0.12420654
-0.08392334
-0.03997803
 0.00335693
 0.03906250
 0.05981445
 0.06164551
 0.04943848
 0.03234863
 0.01098633
-0.01220703
-0.03356934
-0.04760742
-0.05249023
-0.04791260
-0.03417969
-0.01159668
 0.01831055
 0.05157471
 0.08422852
 0.11077881
 0.12451172
 0.12390137
 0.11169434
 0.09246826
 0.06896973
 0.04364014
 0.01831055
-0.00427246
-0.02136230
-0.03112793
-0.03356934
-0.02868652
-0.01800537
-0.00396729
 0.01007080
 0.02136230
 0.02838135
 0.02868652
 0.02349854
 0.01434326
 0.00091553
-0.01434326
-0.02990723
-0.04425049
-0.05615234
-0.06408691
-0.06683350
-0.06256104
-0.05249023
-0.03784180
-0.02044678
-0.00152588
 0.01739502
 0.03570557
 0.05004883
 0.05828857
 0.06011963
 0.05554199
 0.04730225
 0.03814697
 0.03112793
 0.02716064
 0.02593994
 0.02655029
 0.02746582
 0.02838135
 0.03082275
 0.03570557
 0.04302979
 0.05218506
 0.06072998
 0.06622314
 0.06713867
 0.06408691
 0.05676270
 0.04669189
 0.03417969
 0.01892090
 0.00213623
-0.01434326
-0.02838135
-0.03845215
-0.04364014
-0.04333496
-0.03845215
-0.02990723
-0.02044678
-0.01159668
-0.00610352
-0.00518799
-0.00946045
-0.01678467
-0.02593994
-0.03356934
-0.03967285
-0.04394531
-0.04669189
-0.04791260
-0.04730225
-0.04333496
-0.03509521
-0.02136230
-0.00396729
 0.01434326
 0.03021240
 0.04089355
 0.04486084
 0.04425049
 0.04058838
 0.03479004
 0.02716064
 0.01892090
 0.01220703
 0.00854492
 0.00885010
 0.01373291
 0.02197266
 0.03143311
 0.04058838
 0.04699707
 0.05004883
 0.04943848
 0.04638672
 0.04119873
 0.03356934
 0.02288818
 0.00915527
-0.00518799
-0.01953125
-0.03326416
-0.04547119
-0.05523682
-0.06195068
-0.06530762
-0.06530762
-0.06225586
-0.05767822
-0.05279541
-0.04882813
-0.04608154
-0.04577637
-0.04882813
-0.05554199
-0.06622314
-0.07904053
-0.09124756
-0.10131836
-0.10772705
-0.10955811
-0.10650635
-0.09887695
-0.08819580
-0.07476807
-0.05950928
-0.04364014
-0.02990723
-0.01953125
-0.01342773
-0.01220703
-0.01403809
-0.01708984
-0.01922607
-0.02105713
-0.02105713
-0.01983643
-0.01708984
-0.01281738
-0.00579834
 0.00366211
 0.01586914
 0.03082275
 0.04760742
 0.06347656
 0.07659912
 0.08575439
 0.08941650
 0.08666992
 0.07904053
 0.06927490
 0.05889893
 0.04882813
 0.03936768
 0.03234863
 0.02746582
 0.02563477
 0.02624512
 0.02838135
 0.03082275
 0.03204346
 0.03112793
 0.02624512
 0.01800537
 0.00701904
-0.00579834
-0.01892090
-0.03112793
-0.04241943
-0.05249023
-0.06072998
-0.06652832
-0.06927490
-0.06896973
-0.06500244
-0.05767822
-0.04730225
-0.03540039
-0.02227783
-0.00976563
 0.00030518
 0.00671387
 0.01007080
 0.01037598
 0.00946045
 0.00793457
 0.00671387
 0.00762939
 0.01098633
 0.01678467
 0.02471924
 0.03540039
 0.04760742
 0.06103516
 0.07415771
 0.08575439
 0.09521484
 0.10101318
 0.10192871
 0.09826660
 0.09124756
 0.08148193
 0.07080078
 0.06042480
 0.05279541
 0.04760742
 0.04547119
 0.04608154
 0.04852295
 0.05187988
 0.05493164
 0.05676270
 0.05706787
 0.05462646
 0.04882813
 0.03906250
 0.02532959
 0.00915527
-0.00701904
-0.02227783
-0.03509521
-0.04455566
-0.05035400
-0.05310059
-0.05340576
-0.05249023
-0.05035400
-0.04760742
-0.04608154
-0.04699707
-0.05096436
-0.05737305
-0.06530762
-0.07446289
-0.08239746
-0.08789063
-0.09033203
-0.08911133
-0.08422852
-0.07629395
-0.06622314
-0.05432129
-0.04272461
-0.03173828
-0.02258301
-0.01434326
-0.00640869
 0.00091553
 0.00579834
 0.00762939
 0.00701904
 0.00518799
 0.00366211
 0.00366211
 0.00549316
 0.00976563
 0.01434326
 0.01922607
 0.02288818
 0.02563477
 0.02685547
 0.02746582
 0.02685547
 0.02502441
 0.02258301
 0.01953125
 0.01556396
 0.01220703
 0.00915527
 0.00732422
 0.00732422
 0.00885010
 0.01068115
 0.01190186
 0.01281738
 0.01342773
 0.01464844
 0.01678467
 0.01983643
 0.02410889
 0.02838135
 0.03204346
 0.03326416
 0.03173828
 0.02807617
 0.02380371
 0.02014160
 0.01708984
 0.01525879
 0.01495361
 0.01495361
 0.01495361
 0.01434326
 0.01342773
 0.01220703
 0.01098633
 0.00915527
 0.00640869
 0.00244141
-0.00183105
-0.00579834
-0.00854492
-0.00976563
-0.01037598
-0.01037598
-0.01037598
-0.01068115
-0.01129150
-0.01159668
-0.01159668
-0.01098633
-0.00946045
-0.00610352
-0.00183105
 0.00183105
 0.00427246
 0.00549316
 0.00488281
 0.00335693
 0.00213623
 0.00122070
 0.00091553
 0.00152588
 0.00244141
 0.00457764
 0.00671387
 0.00946045
 0.01159668
 0.01281738
 0.01281738
 0.01251221
 0.01220703
 0.01251221
 0.01312256
 0.01342773
 0.01373291
 0.01342773
 0.01251221
 0.01037598
 0.00732422
 0.00366211
-0.00061035
-0.00518799
-0.00915527
-0.01159668
-0.01281738
-0.01190186
-0.01037598
-0.00793457
-0.00610352
-0.00457764
-0.00366211
-0.00305176
-0.00274658
-0.00335693
-0.00427246
-0.00518799
-0.00518799
-0.00457764
-0.00366211
-0.00305176
-0.00274658
-0.00213623
-0.00030518
 0.00274658
 0.00610352
 0.01007080
 0.01373291
 0.01647949
 0.01770020
 0.01708984
 0.01495361
 0.01220703
 0.00915527
 0.00488281
 0.00030518
-0.00396729
-0.00671387
-0.00854492
-0.00915527
-0.00793457
-0.00610352
-0.00427246
-0.00396729
-0.00518799
-0.00793457
-0.01220703
-0.01770020
-0.02319336
-0.02838135
-0.03204346
-0.03448486
-0.03570557
-0.03540039
-0.03479004
-0.03356934
-0.03143311
-0.02899170
-0.02593994
-0.02288818
-0.01983643
-0.01770020
-0.01739502
-0.01861572
-0.02136230
-0.02532959
-0.02868652
-0.03021240
-0.03021240
-0.02777100
-0.02288818
-0.01495361
-0.00610352
 0.00305176
 0.01159668
 0.01831055
 0.02166748
 0.02166748
 0.01800537
 0.01159668
 0.00335693
-0.00488281
-0.01159668
-0.01647949
-0.01892090
-0.01831055
-0.01495361
-0.00946045
-0.00305176
 0.00457764
 0.01129150
 0.01708984
 0.02075195
 0.02197266
 0.01983643
 0.01464844
 0.00793457
-0.00061035
-0.00976563
-0.01831055
-0.02471924
-0.02929688
-0.03173828
-0.03051758
-0.02685547
-0.02136230
-0.01556396
-0.00976563
-0.00549316
-0.00335693
-0.00366211
-0.00701904
-0.01312256
-0.02075195
-0.02868652
-0.03601074
-0.04119873
-0.04333496
-0.04211426
-0.03692627
-0.02868652
-0.01892090
-0.00885010
 0.00030518
 0.00854492
 0.01464844
 0.01770020
 0.01739502
 0.01464844
 0.01037598
 0.00549316
 0.00091553
-0.00305176
-0.00518799
-0.00457764
-0.00122070
 0.00518799
 0.01312256
 0.02227783
 0.03112793
 0.03906250
 0.04425049
 0.04699707
 0.04669189
 0.04333496
 0.03723145
 0.02899170
 0.01983643
 0.01129150
 0.00549316
 0.00244141
 0.00244141
 0.00549316
 0.01068115
 0.01678467
 0.02258301
 0.02777100
 0.03143311
 0.03265381
 0.03112793
 0.02624512
 0.01953125
 0.01190186
 0.00335693
-0.00518799
-0.01159668
-0.01556396
-0.01617432
-0.01342773
-0.00823975
-0.00152588
 0.00610352
 0.01251221
 0.01831055
 0.02227783
 0.02441406
 0.02502441
 0.02197266
 0.01647949
 0.00976563
 0.00305176
-0.00244141
-0.00640869
-0.00793457
-0.00671387
-0.00305176
 0.00305176
 0.01098633
 0.01892090
 0.02716064
 0.03356934
 0.03784180
 0.03906250
 0.03753662
 0.03417969
 0.03021240
 0.02624512
 0.02288818
 0.02014160
 0.01861572
 0.01892090
 0.02014160
 0.02227783
 0.02502441
 0.02899170
 0.03295898
 0.03631592
 0.03814697
 0.03723145
 0.03448486
 0.02838135
 0.02014160
 0.01007080
 0.00061035
-0.00762939
-0.01464844
-0.02075195
-0.02502441
-0.02655029
-0.02471924
-0.02166748
-0.01861572
-0.01678467
-0.01678467
-0.01892090
-0.02258301
-0.02746582
-0.03265381
-0.03753662
-0.04272461
-0.04791260
-0.05187988
-0.05432129
-0.05523682
-0.05371094
-0.05035400
-0.04486084
-0.03784180
-0.03021240
-0.02349854
-0.01800537
-0.01434326
-0.01251221
-0.01190186
-0.01251221
-0.01403809
-0.01586914
-0.01800537
-0.02014160
-0.02105713
-0.02014160
-0.01708984
-0.01159668
-0.00427246
 0.00244141
 0.00823975
 0.01281738
 0.01678467
 0.01922607
 0.02044678
 0.02014160
 0.01831055
 0.01525879
 0.01159668
 0.00701904
 0.00274658
 0.00030518
-0.00030518
 0.00061035
 0.00213623
 0.00488281
 0.00762939
 0.01037598
 0.01220703
 0.01312256
 0.01190186
 0.00946045
 0.00610352
 0.00183105
-0.00305176
-0.00793457
-0.01251221
-0.01556396
-0.01708984
-0.01708984
-0.01525879
-0.01251221
-0.00885010
-0.00518799
-0.00152588
 0.00183105
 0.00366211
 0.00427246
 0.00335693
 0.00061035
-0.00305176
-0.00732422
-0.01098633
-0.01403809
-0.01556396
-0.01556396
-0.01464844
-0.01251221
-0.00915527
-0.00427246
 0.00030518
 0.00427246
 0.00701904
 0.00915527
 0.01068115
 0.01159668
 0.01098633
 0.00915527
 0.00610352
 0.00366211
 0.00244141
 0.00274658
 0.00396729
 0.00671387
 0.01068115
 0.01617432
 0.02227783
 0.02838135
 0.03356934
 0.03784180
 0.03997803
 0.04058838
 0.03936768
 0.03662109
 0.03295898
 0.02868652
 0.02502441
 0.02105713
 0.01770020
 0.01556396
 0.01495361
 0.01556396
 0.01678467
 0.01861572
 0.01953125
 0.02044678
 0.01922607
 0.01678467
 0.01281738
 0.00793457
 0.00213623
-0.00457764
-0.01190186
-0.01831055
-0.02319336
-0.02624512
-0.02746582
-0.02716064
-0.02593994
-0.02380371
-0.02075195
-0.01770020
-0.01495361
-0.01342773
-0.01373291
-0.01556396
-0.01922607
-0.02380371
-0.02838135
-0.03295898
-0.03601074
-0.03784180
-0.03814697
-0.03662109
-0.03356934
-0.02868652
-0.02258301
-0.01617432
-0.01068115
-0.00640869
-0.00427246
-0.00366211
-0.00457764
-0.00701904
-0.01037598
-0.01434326
-0.01770020
-0.01983643
-0.02044678
-0.01922607
-0.01678467
-0.01342773
-0.00946045
-0.00488281
 0.00000000
 0.00396729
 0.00640869
 0.00732422
 0.00579834
 0.00213623
-0.00244141
-0.00671387
-0.01068115
-0.01312256
-0.01464844
-0.01525879
-0.01525879
-0.01373291
-0.01098633
-0.00732422
-0.00335693
 0.00000000
 0.00183105
 0.00244141
 0.00122070
-0.00122070
-0.00427246
-0.00762939
-0.01159668
-0.01495361
-0.01647949
-0.01647949
-0.01525879
-0.01220703
-0.00854492
-0.00366211
 0.00152588
 0.00640869
 0.01037598
 0.01373291
 0.01586914
 0.01617432
 0.01434326
 0.01159668
 0.00946045
 0.00823975
 0.00701904
 0.00671387
 0.00701904
 0.00915527
 0.01281738
 0.01739502
 0.02258301
 0.02777100
 0.03295898
 0.03662109
 0.03814697
 0.03814697
 0.03723145
 0.03479004
 0.03143311
 0.02838135
 0.02624512
 0.02471924
 0.02380371
 0.02441406
 0.02655029
 0.02929688
 0.03234863
 0.03509521
 0.03692627
 0.03814697
 0.03875732
 0.03814697
 0.03570557
 0.03112793
 0.02563477
 0.01953125
 0.01464844
 0.01068115
 0.00732422
 0.00518799
 0.00427246
 0.00457764
 0.00579834
 0.00732422
 0.00915527
 0.00976563
 0.00946045
 0.00762939
 0.00488281
 0.00122070
-0.00396729
-0.00915527
-0.01434326
-0.01831055
-0.02075195
-0.02166748
-0.02105713
-0.01922607
-0.01586914
-0.01190186
-0.00793457
-0.00427246
-0.00183105
 0.00000000
 0.00000000
-0.00122070
-0.00366211
-0.00701904
-0.00946045
-0.01098633
-0.01159668
-0.01129150
-0.01007080
-0.00762939
-0.00518799
-0.00213623
 0.00091553
 0.00366211
 0.00549316
 0.00518799
 0.00305176
-0.00091553
-0.00579834
-0.01098633
-0.01617432
-0.02044678
-0.02319336
-0.02502441
-0.02563477
-0.02502441
-0.02319336
-0.02044678
-0.01739502
-0.01556396
-0.01495361
-0.01586914
-0.01831055
-0.02105713
-0.02410889
-0.02746582
-0.02990723
-0.03204346
-0.03265381
-0.03173828
-0.02929688
-0.02655029
-0.02227783
-0.01739502
-0.01220703
-0.00732422
-0.00335693
-0.00061035
 0.00091553
 0.00122070
 0.00061035
-0.00030518
-0.00152588
-0.00213623
-0.00213623
-0.00061035
 0.00213623
 0.00579834
 0.01037598
 0.01495361
 0.01983643
 0.02380371
 0.02685547
 0.02838135
 0.02838135
 0.02624512
 0.02319336
 0.01983643
 0.01647949
 0.01312256
 0.01037598
 0.00793457
 0.00701904
 0.00701904
 0.00793457
 0.01037598
 0.01220703
 0.01342773
 0.01342773
 0.01251221
 0.01068115
 0.00762939
 0.00396729
-0.00030518
-0.00457764
-0.00854492
-0.01159668
-0.01342773
-0.01434326
-0.01403809
-0.01251221
-0.01037598
-0.00762939
-0.00518799
-0.00335693
-0.00274658
-0.00305176
-0.00457764
-0.00701904
-0.01007080
-0.01312256
-0.01586914
-0.01708984
-0.01678467
-0.01464844
-0.01098633
-0.00610352
-0.00061035
 0.00396729
 0.00793457
 0.01068115
 0.01159668
 0.01098633
 0.00915527
 0.00671387
 0.00396729
 0.00122070
-0.00091553
-0.00213623
-0.00244141
-0.00152588
 0.00030518
 0.00274658
 0.00579834
 0.00946045
 0.01190186
 0.01251221
 0.01068115
 0.00823975
 0.00457764
 0.00000000
-0.00518799
-0.01098633
-0.01586914
-0.01922607
-0.02075195
-0.02044678
-0.01892090
-0.01647949
-0.01373291
-0.01098633
-0.00885010
-0.00823975
-0.00854492
-0.00946045
-0.01190186
-0.01464844
-0.01800537
-0.02044678
-0.02227783
-0.02288818
-0.02166748
-0.01922607
-0.01556396
-0.01098633
-0.00579834
 0.00030518
 0.00579834
 0.01007080
 0.01312256
 0.01495361
 0.01586914
 0.01556396
 0.01464844
 0.01312256
 0.01129150
 0.01037598
 0.01037598
 0.01220703
 0.01495361
 0.01861572
 0.02258301
 0.02685547
 0.03021240
 0.03234863
 0.03356934
 0.03387451
 0.03234863
 0.02899170
 0.02502441
 0.02105713
 0.01708984
 0.01342773
 0.01129150
 0.01098633
 0.01129150
 0.01281738
 0.01495361
 0.01770020
 0.02075195
 0.02288818
 0.02441406
 0.02441406
 0.02258301
 0.01983643
 0.01586914
 0.01220703
 0.00854492
 0.00488281
 0.00183105
 0.00030518
 0.00061035
 0.00274658
 0.00579834
 0.00885010
 0.01251221
 0.01647949
 0.01892090
 0.01922607
 0.01770020
 0.01434326
 0.01068115
 0.00610352
 0.00122070
-0.00274658
-0.00549316
-0.00732422
-0.00732422
-0.00579834
-0.00305176
 0.00000000
 0.00335693
 0.00640869
 0.00823975
 0.00885010
 0.00854492
 0.00640869
 0.00335693
-0.00030518
-0.00427246
-0.00823975
-0.01220703
-0.01464844
-0.01525879
-0.01434326
-0.01281738
-0.00976563
-0.00640869
-0.00335693
-0.00091553
 0.00061035
 0.00091553
-0.00030518
-0.00305176
-0.00640869
-0.01007080
-0.01342773
-0.01617432
-0.01770020
-0.01739502
-0.01617432
-0.01403809
-0.01129150
-0.00823975
-0.00518799
-0.00305176
-0.00152588
 0.00000000
 0.00061035
-0.00061035
-0.00305176
-0.00579834
-0.00885010
-0.01098633
-0.01190186
-0.01159668
-0.01098633
-0.01007080
-0.00854492
-0.00640869
-0.00427246
-0.00274658
-0.00152588
-0.00152588
-0.00244141
-0.00518799
-0.00885010
-0.01312256
-0.01708984
-0.02044678
-0.02380371
-0.02593994
-0.02685547
-0.02685547
-0.02685547
-0.02655029
-0.02532959
-0.02441406
-0.02349854
-0.02319336
-0.02380371
-0.02532959
-0.02777100
-0.03143311
-0.03387451
-0.03540039
-0.03662109
-0.03723145
-0.03692627
-0.03540039
-0.03356934
-0.03112793
-0.02838135
-0.02471924
-0.02136230
-0.01861572
-0.01678467
-0.01556396
-0.01464844
-0.01342773
-0.01220703
-0.01098633
-0.01007080
-0.00854492
-0.00701904
-0.00457764
-0.00183105
 0.00152588
 0.00579834
 0.01037598
 0.01373291
 0.01647949
 0.01861572
 0.02014160
 0.02075195
 0.02014160
 0.01953125
 0.01831055
 0.01708984
 0.01678467
 0.01678467
 0.01739502
 0.01739502
 0.01739502
 0.01800537
 0.01861572
 0.01831055
 0.01739502
 0.01678467
 0.01495361
 0.01342773
 0.01129150
 0.00915527
 0.00671387
 0.00427246
 0.00213623
 0.00030518
-0.00122070
-0.00213623
-0.00244141
-0.00213623
-0.00091553
 0.00000000
 0.00122070
 0.00152588
 0.00122070
 0.00061035
-0.00030518
-0.00122070
-0.00213623
-0.00305176
-0.00305176
-0.00213623
-0.00152588
 0.00030518
 0.00274658
 0.00518799
 0.00732422
 0.00946045
 0.01159668
 0.01342773
 0.01464844
 0.01556396
 0.01617432
 0.01678467
 0.01770020
 0.01831055
 0.01892090
 0.01953125
 0.02075195
 0.02197266
 0.02380371
 0.02563477
 0.02807617
 0.02990723
 0.03173828
 0.03265381
 0.03326416
 0.03356934
 0.03356934
 0.03295898
 0.03204346
 0.03112793
 0.03051758
 0.02990723
 0.02990723
 0.02960205
 0.02899170
 0.02807617
 0.02716064
 0.02624512
 0.02563477
 0.02441406
 0.02258301
 0.02044678
 0.01800537
 0.01525879
 0.01281738
 0.01068115
 0.00823975
 0.00610352
 0.00457764
 0.00335693
 0.00213623
 0.00030518
-0.00152588
-0.00305176
-0.00457764
-0.00610352
-0.00793457
-0.00976563
-0.01159668
-0.01312256
-0.01434326
-0.01525879
-0.01617432
-0.01647949
-0.01678467
-0.01708984
-0.01708984
-0.01678467
-0.01647949
-0.01678467
-0.01708984
-0.01770020
-0.01800537
-0.01831055
-0.01892090
-0.01922607
-0.01892090
-0.01861572
-0.01831055
-0.01708984
-0.01556396
-0.01342773
-0.01220703
-0.01129150
-0.01098633
-0.01007080
-0.00885010
-0.00854492
-0.00854492
-0.00854492
-0.00885010
-0.00915527
-0.00915527
-0.00823975
-0.00732422
-0.00671387
-0.00640869
-0.00549316
-0.00488281
-0.00427246
-0.00366211
-0.00396729
-0.00518799
-0.00701904
-0.00915527
-0.01129150
-0.01342773
-0.01556396
-0.01708984
-0.01861572
-0.01953125
-0.01983643
-0.01983643
-0.01922607
-0.01800537
-0.01800537
-0.01861572
-0.01953125
-0.02014160
-0.02166748
-0.02349854
-0.02563477
-0.02716064
-0.02777100
-0.02777100
-0.02777100
-0.02624512
-0.02380371
-0.02136230
-0.01861572
-0.01586914
-0.01342773
-0.01159668
-0.01037598
-0.00976563
-0.00915527
-0.00915527
-0.00946045
-0.00946045
-0.00915527
-0.00823975
-0.00671387
-0.00427246
-0.00122070
 0.00244141
 0.00640869
 0.01068115
 0.01464844
 0.01770020
 0.01922607
 0.01983643
 0.02075195
 0.02044678
 0.01892090
 0.01770020
 0.01708984
 0.01647949
 0.01647949
 0.01739502
 0.01953125
 0.02227783
 0.02532959
 0.02746582
 0.02899170
 0.02990723
 0.02960205
 0.02868652
 0.02655029
 0.02410889
 0.02136230
 0.01861572
 0.01495361
 0.01159668
 0.00885010
 0.00701904
 0.00610352
 0.00610352
 0.00732422
 0.00793457
 0.00854492
 0.00854492
 0.00793457
 0.00701904
 0.00549316
 0.00305176
 0.00000000
-0.00335693
-0.00640869
-0.00885010
-0.01037598
-0.01068115
-0.01037598
-0.00946045
-0.00762939
-0.00488281
-0.00213623
 0.00030518
 0.00213623
 0.00335693
 0.00396729
 0.00366211
 0.00305176
 0.00213623
 0.00122070
 0.00122070
 0.00122070
 0.00061035
 0.00152588
 0.00305176
 0.00549316
 0.00823975
 0.01068115
 0.01251221
 0.01373291
 0.01403809
 0.01403809
 0.01342773
 0.01220703
 0.01037598
 0.00701904
 0.00396729
 0.00152588
-0.00030518
-0.00152588
-0.00244141
-0.00274658
-0.00305176
-0.00274658
-0.00274658
-0.00305176
-0.00335693
-0.00427246
-0.00610352
-0.00885010
-0.01190186
-0.01464844
-0.01739502
-0.02075195
-0.02410889
-0.02624512
-0.02716064
-0.02685547
-0.02563477
-0.02441406
-0.02288818
-0.02166748
-0.02044678
-0.01953125
-0.01861572
-0.01861572
-0.01892090
-0.01892090
-0.01922607
-0.01983643
-0.02014160
-0.02014160
-0.01922607
-0.01739502
-0.01464844
-0.01129150
-0.00793457
-0.00427246
-0.00061035
 0.00213623
 0.00427246
 0.00610352
 0.00732422
 0.00762939
 0.00793457
 0.00823975
 0.00854492
 0.00915527
 0.01037598
 0.01159668
 0.01312256
 0.01525879
 0.01708984
 0.01892090
 0.02136230
 0.02319336
 0.02471924
 0.02532959
 0.02563477
 0.02502441
 0.02380371
 0.02227783
 0.02044678
 0.01892090
 0.01770020
 0.01678467
 0.01617432
 0.01647949
 0.01678467
 0.01739502
 0.01831055
 0.01922607
 0.01983643
 0.01953125
 0.01831055
 0.01678467
 0.01525879
 0.01373291
 0.01220703
 0.01068115
 0.00946045
 0.00762939
 0.00671387
 0.00640869
 0.00640869
 0.00732422
 0.00823975
 0.00976563
 0.01129150
 0.01251221
 0.01281738
 0.01281738
 0.01281738
 0.01220703
 0.01159668
 0.01129150
 0.01037598
 0.00976563
 0.00915527
 0.00946045
 0.01037598
 0.01159668
 0.01281738
 0.01373291
 0.01464844
 0.01586914
 0.01617432
 0.01617432
 0.01617432
 0.01556396
 0.01373291
 0.01159668
 0.00946045
 0.00762939
 0.00549316
 0.00366211
 0.00244141
 0.00122070
 0.00000000
-0.00030518
-0.00061035
-0.00152588
-0.00244141
-0.00335693
-0.00457764
-0.00671387
-0.00885010
-0.01159668
-0.01434326
-0.01678467
-0.01953125
-0.02227783
-0.02471924
-0.02593994
-0.02655029
-0.02655029
-0.02563477
-0.02471924
-0.02410889
-0.02349854
-0.02349854
-0.02380371
-0.02380371
-0.02410889
-0.02563477
-0.02685547
-0.02807617
-0.02838135
-0.02746582
-0.02655029
-0.02593994
-0.02502441
-0.02349854
-0.02136230
-0.01922607
-0.01708984
-0.01525879
-0.01312256
-0.01159668
-0.01098633
-0.01037598
-0.00976563
-0.01007080
-0.01098633
-0.01129150
-0.01098633
-0.01007080
-0.00915527
-0.00762939
-0.00640869
-0.00518799
-0.00396729
-0.00213623
-0.00122070
-0.00091553
-0.00152588
-0.00244141
-0.00335693
-0.00488281
-0.00640869
-0.00762939
-0.00885010
-0.00976563
-0.01037598
-0.01068115
-0.01068115
-0.01007080
-0.00946045
-0.00823975
-0.00732422
-0.00640869
-0.00671387
-0.00762939
-0.00854492
-0.00946045
-0.01037598
-0.01098633
-0.01129150
-0.01159668
-0.01129150
-0.01068115
-0.01007080
-0.00854492
-0.00640869
-0.00396729
-0.00152588
 0.00000000
 0.00122070
 0.00244141
 0.00305176
 0.00274658
 0.00244141
 0.00244141
 0.00244141
 0.00213623
 0.00244141
 0.00335693
 0.00427246
 0.00549316
 0.00701904
 0.00885010
 0.01037598
 0.01159668
 0.01281738
 0.01403809
 0.01495361
 0.01525879
 0.01556396
 0.01586914
 0.01586914
 0.01525879
 0.01495361
 0.01464844
 0.01434326
 0.01434326
 0.01464844
 0.01586914
 0.01739502
 0.01831055
 0.01892090
 0.01953125
 0.01953125
 0.01953125
 0.01953125
 0.01861572
 0.01739502
 0.01586914
 0.01434326
 0.01312256
 0.01190186
 0.01129150
 0.01068115
 0.01037598
 0.01037598
 0.01037598
 0.01037598
 0.00976563
 0.00915527
 0.00915527
 0.00915527
 0.00915527
 0.00793457
 0.00610352
 0.00427246
 0.00274658
 0.00183105
 0.00091553
 0.00061035
 0.00030518
 0.00030518
 0.00030518
 0.00061035
 0.00122070
 0.00183105
 0.00274658
 0.00305176
 0.00335693
 0.00305176
 0.00213623
 0.00061035
-0.00061035
-0.00122070
-0.00213623
-0.00274658
-0.00274658
-0.00244141
-0.00274658
-0.00274658
-0.00213623
-0.00091553
 0.00091553
 0.00213623
 0.00305176
 0.00274658
 0.00213623
 0.00122070
 0.00061035
 0.00000000
-0.00091553
-0.00183105
-0.00305176
-0.00335693
-0.00366211
-0.00305176
-0.00213623
-0.00122070
 0.00061035
 0.00183105
 0.00274658
 0.00305176
 0.00244141
 0.00183105
 0.00091553
-0.00030518
-0.00183105
-0.00366211
-0.00549316
-0.00701904
-0.00793457
-0.00823975
-0.00823975
-0.00823975
-0.00762939
-0.00671387
-0.00579834
-0.00610352
-0.00671387
-0.00732422
-0.00793457
-0.00915527
-0.01068115
-0.01312256
-0.01495361
-0.01647949
-0.01739502
-0.01770020
-0.01739502
-0.01678467
-0.01647949
-0.01525879
-0.01342773
-0.01190186
-0.01068115
-0.01007080
-0.00976563
-0.00946045
-0.00915527
-0.00946045
-0.01007080
-0.01098633
-0.01098633
-0.01037598
-0.00915527
-0.00762939
-0.00579834
-0.00396729
-0.00183105
 0.00061035
 0.00244141
 0.00396729
 0.00518799
 0.00671387
 0.00732422
 0.00701904
 0.00610352
 0.00488281
 0.00427246
 0.00396729
 0.00396729
 0.00427246
 0.00518799
 0.00610352
 0.00732422
 0.00854492
 0.01007080
 0.01129150
 0.01281738
 0.01312256
 0.01251221
 0.01129150
 0.00915527
 0.00701904
 0.00549316
 0.00396729
 0.00244141
 0.00122070
 0.00091553
 0.00091553
 0.00122070
 0.00244141
 0.00366211
 0.00518799
 0.00671387
 0.00732422
 0.00762939
 0.00671387
 0.00488281
 0.00335693
 0.00244141
 0.00091553
-0.00091553
-0.00213623
-0.00213623
-0.00152588
-0.00030518
 0.00152588
 0.00335693
 0.00610352
 0.00854492
 0.01037598
 0.01159668
 0.01220703
 0.01129150
 0.01007080
 0.00854492
 0.00671387
 0.00549316
 0.00488281
 0.00488281
 0.00488281
 0.00549316
 0.00701904
 0.00885010
 0.01098633
 0.01342773
 0.01464844
 0.01556396
 0.01464844
 0.01312256
 0.01129150
 0.00915527
 0.00671387
 0.00457764
 0.00244141
 0.00030518
-0.00091553
-0.00152588
-0.00152588
-0.00030518
 0.00061035
 0.00122070
 0.00152588
 0.00152588
 0.00122070
 0.00061035
-0.00091553
-0.00335693
-0.00640869
-0.00976563
-0.01220703
-0.01464844
-0.01647949
-0.01739502
-0.01770020
-0.01739502
-0.01586914
-0.01403809
-0.01281738
-0.01220703
-0.01190186
-0.01159668
-0.01220703
-0.01373291
-0.01525879
-0.01647949
-0.01831055
-0.02014160
-0.02166748
-0.02227783
-0.02197266
-0.02014160
-0.01831055
-0.01678467
-0.01464844
-0.01220703
-0.00976563
-0.00885010
-0.00915527
-0.01007080
-0.01068115
-0.01190186
-0.01342773
-0.01525879
-0.01647949
-0.01678467
-0.01647949
-0.01556396
-0.01373291
-0.01129150
-0.00854492
-0.00610352
-0.00427246
-0.00335693
-0.00335693
-0.00366211
-0.00427246
-0.00549316
-0.00671387
-0.00823975
-0.00946045
-0.01007080
-0.00976563
-0.00854492
-0.00640869
-0.00457764
-0.00244141
 0.00030518
 0.00244141
 0.00396729
 0.00518799
 0.00549316
 0.00457764
 0.00305176
 0.00152588
 0.00000000
-0.00061035
-0.00152588
-0.00122070
-0.00061035
 0.00091553
 0.00305176
 0.00549316
 0.00762939
 0.01007080
 0.01190186
 0.01281738
 0.01373291
 0.01373291
 0.01281738
 0.01159668
 0.01068115
 0.01007080
 0.00946045
 0.00885010
 0.00915527
 0.01037598
 0.01190186
 0.01403809
 0.01617432
 0.01861572
 0.02044678
 0.02166748
 0.02258301
 0.02227783
 0.02136230
 0.02014160
 0.01922607
 0.01770020
 0.01647949
 0.01525879
 0.01495361
 0.01464844
 0.01525879
 0.01678467
 0.01770020
 0.01861572
 0.01922607
 0.02014160
 0.02044678
 0.02044678
 0.01953125
 0.01770020
 0.01525879
 0.01342773
 0.01159668
 0.01007080
 0.00885010
 0.00793457
 0.00732422
 0.00762939
 0.00823975
 0.00885010
 0.00915527
 0.00915527
 0.00854492
 0.00762939
 0.00671387
 0.00549316
 0.00396729
 0.00244141
 0.00091553
-0.00122070
-0.00305176
-0.00457764
-0.00549316
-0.00518799
-0.00518799
-0.00488281
-0.00427246
-0.00366211
-0.00335693
-0.00305176
-0.00366211
-0.00427246
-0.00549316
-0.00640869
-0.00732422
-0.00823975
-0.00915527
-0.00976563
-0.00976563
-0.00946045
-0.00885010
-0.00793457
-0.00701904
-0.00579834
-0.00488281
-0.00366211
-0.00274658
-0.00274658
-0.00305176
-0.00366211
-0.00457764
-0.00549316
-0.00640869
-0.00732422
-0.00823975
-0.00885010
-0.00885010
-0.00854492
-0.00854492
-0.00793457
-0.00732422
-0.00671387
-0.00610352
-0.00579834
-0.00640869
-0.00732422
-0.00885010
-0.01007080
-0.01190186
-0.01342773
-0.01403809
-0.01434326
-0.01434326
-0.01434326
-0.01434326
-0.01403809
-0.01312256
-0.01220703
-0.01129150
-0.01037598
-0.01007080
-0.00976563
-0.00946045
-0.00885010
-0.00854492
-0.00854492
-0.00915527
-0.00976563
-0.01007080
-0.00976563
-0.00885010
-0.00762939
-0.00610352
-0.00457764
-0.00335693
-0.00213623
 0.00000000
 0.00152588
 0.00274658
 0.00335693
 0.00366211
 0.00427246
 0.00396729
 0.00366211
 0.00305176
 0.00274658
 0.00244141
 0.00274658
 0.00366211
 0.00518799
 0.00671387
 0.00823975
 0.00946045
 0.01037598
 0.01098633
 0.01129150
 0.01129150
 0.01098633
 0.01068115
 0.00976563
 0.00854492
 0.00701904
 0.00610352
 0.00579834
 0.00549316
 0.00579834
 0.00579834
 0.00579834
 0.00671387
 0.00762939
 0.00854492
 0.00854492
 0.00793457
 0.00701904
 0.00579834
 0.00366211
 0.00213623
 0.00061035
-0.00030518
-0.00122070
-0.00183105
-0.00183105
-0.00152588
-0.00122070
-0.00061035
 0.00030518
 0.00091553
 0.00122070
 0.00152588
 0.00152588
 0.00061035
-0.00030518
-0.00122070
-0.00183105
-0.00244141
-0.00305176
-0.00335693
-0.00305176
-0.00274658
-0.00152588
-0.00030518
 0.00122070
 0.00213623
 0.00335693
 0.00396729
 0.00427246
 0.00427246
 0.00366211
 0.00274658
 0.00244141
 0.00183105
 0.00152588
 0.00152588
 0.00152588
 0.00122070
 0.00152588
 0.00183105
 0.00274658
 0.00335693
 0.00427246
 0.00488281
 0.00427246
 0.00335693
 0.00274658
 0.00152588
 0.00030518
-0.00152588
-0.00305176
-0.00427246
-0.00549316
-0.00701904
-0.00823975
-0.00885010
-0.00854492
-0.00793457
-0.00732422
-0.00701904
-0.00762939
-0.00915527
-0.01037598
-0.01129150
-0.01220703
-0.01312256
-0.01403809
-0.01464844
-0.01525879
-0.01556396
-0.01556396
-0.01495361
-0.01403809
-0.01281738
-0.01098633
-0.00976563
-0.00885010
-0.00793457
-0.00793457
-0.00762939
-0.00732422
-0.00732422
-0.00732422
-0.00732422
-0.00671387
-0.00579834
-0.00518799
-0.00427246
-0.00274658
-0.00061035
 0.00122070
 0.00274658
 0.00427246
 0.00518799
 0.00579834
 0.00640869
 0.00671387
 0.00671387
 0.00640869
 0.00640869
 0.00610352
 0.00579834
 0.00518799
 0.00610352
 0.00732422
 0.00793457
 0.00823975
 0.00915527
 0.00976563
 0.00976563
 0.00915527
 0.00823975
 0.00732422
 0.00640869
 0.00549316
 0.00427246
 0.00274658
 0.00152588
 0.00061035
 0.00030518
-0.00030518
-0.00091553
-0.00091553
-0.00061035
-0.00061035
-0.00061035
-0.00091553
-0.00091553
-0.00122070
-0.00183105
-0.00244141
-0.00274658
-0.00305176
-0.00366211
-0.00396729
-0.00396729
-0.00335693
-0.00213623
-0.00091553
-0.00030518
 0.00030518
 0.00122070
 0.00213623
 0.00274658
 0.00366211
 0.00427246
 0.00518799
 0.00549316
 0.00579834
 0.00610352
 0.00640869
 0.00671387
 0.00732422
 0.00823975
 0.00885010
 0.00946045
 0.00976563
 0.00976563
 0.01007080
 0.01068115
 0.01159668
 0.01220703
 0.01281738
 0.01312256
 0.01281738
 0.01281738
 0.01251221
 0.01190186
 0.01190186
 0.01159668
 0.01129150
 0.01098633
 0.01037598
 0.00976563
 0.00976563
 0.00946045
 0.00854492
 0.00732422
 0.00701904
 0.00732422
 0.00732422
 0.00701904
 0.00579834
 0.00488281
 0.00427246
 0.00396729
 0.00274658
 0.00091553
-0.00061035
-0.00122070
-0.00183105
-0.00213623
-0.00183105
-0.00183105
-0.00152588
-0.00183105
-0.00213623
-0.00183105
-0.00183105
-0.00213623
-0.00244141
-0.00305176
-0.00366211
-0.00427246
-0.00488281
-0.00518799
-0.00488281
-0.00488281
-0.00488281
-0.00457764
-0.00396729
-0.00335693
-0.00244141
-0.00213623
-0.00183105
-0.00152588
-0.00213623
-0.00305176
-0.00366211
-0.00427246
-0.00488281
-0.00549316
-0.00549316
-0.00610352
-0.00640869
-0.00671387
-0.00640869
-0.00549316
-0.00518799
-0.00457764
-0.00396729
-0.00396729
-0.00427246
-0.00549316
-0.00640869
-0.00701904
-0.00793457
-0.00885010
-0.00946045
-0.00976563
-0.01007080
-0.01007080
-0.00976563
-0.00915527
-0.00885010
-0.00854492
-0.00762939
-0.00732422
-0.00793457
-0.00854492
-0.00976563
-0.01068115
-0.01129150
-0.01220703
-0.01281738
-0.01281738
-0.01342773
-0.01342773
-0.01373291
-0.01312256
-0.01220703
-0.01159668
-0.01129150
-0.01098633
-0.01129150
-0.01190186
-0.01281738
-0.01342773
-0.01403809
-0.01464844
-0.01525879
-0.01495361
-0.01495361
-0.01464844
-0.01403809
-0.01312256
-0.01220703
-0.01129150
-0.01037598
-0.01007080
-0.00976563
-0.00976563
-0.00946045
-0.00915527
-0.00915527
-0.00915527
-0.00885010
-0.00885010
-0.00885010
-0.00854492
-0.00762939
-0.00579834
-0.00427246
-0.00305176
-0.00213623
-0.00152588
-0.00091553
-0.00030518
 0.00030518
 0.00030518
 0.00030518
 0.00061035
 0.00122070
 0.00152588
 0.00183105
 0.00152588
 0.00213623
 0.00274658
 0.00366211
 0.00427246
 0.00518799
 0.00579834
 0.00610352
 0.00640869
 0.00701904
 0.00701904
 0.00701904
 0.00671387
 0.00610352
 0.00549316
 0.00488281
 0.00427246
 0.00396729
 0.00366211
 0.00366211
 0.00396729
 0.00427246
 0.00518799
 0.00610352
 0.00671387
 0.00701904
 0.00732422
 0.00793457
 0.00823975
 0.00762939
 0.00701904
 0.00640869
 0.00610352
 0.00610352
 0.00610352
 0.00640869
 0.00671387
 0.00793457
 0.00915527
 0.01037598
 0.01098633
 0.01159668
 0.01190186
 0.01281738
 0.01312256
 0.01342773
 0.01312256
 0.01281738
 0.01190186
 0.01129150
 0.01098633
 0.01098633
 0.01098633
 0.01098633
 0.01129150
 0.01190186
 0.01220703
 0.01251221
 0.01312256
 0.01281738
 0.01281738
 0.01220703
 0.01159668
 0.01068115
 0.00915527
 0.00793457
 0.00701904
 0.00610352
 0.00549316
 0.00488281
 0.00457764
 0.00488281
 0.00457764
 0.00427246
 0.00427246
 0.00427246
 0.00396729
 0.00305176
 0.00213623
 0.00122070
 0.00061035
 0.00030518
-0.00061035
-0.00152588
-0.00183105
-0.00213623
-0.00213623
-0.00183105
-0.00152588
-0.00122070
-0.00091553
-0.00030518
-0.00061035
-0.00030518
 0.00000000
 0.00000000
-0.00030518
-0.00091553
-0.00122070
-0.00122070
-0.00091553
-0.00061035
-0.00030518
 0.00000000
 0.00000000
 0.00061035
 0.00152588
 0.00244141
 0.00335693
 0.00335693
 0.00335693
 0.00305176
 0.00244141
 0.00183105
 0.00152588
 0.00091553
 0.00030518
 0.00030518
 0.00030518
-0.00030518
-0.00030518
-0.00030518
 0.00030518
 0.00091553
 0.00122070
 0.00152588
 0.00122070
 0.00091553
 0.00061035
-0.00061035
-0.00183105
-0.00244141
-0.00274658
-0.00335693
-0.00366211
-0.00396729
-0.00427246
-0.00366211
-0.00335693
-0.00305176
-0.00305176
-0.00335693
-0.00366211
-0.00396729
-0.00427246
-0.00457764
-0.00457764
-0.00518799
-0.00549316
-0.00579834
-0.00640869
-0.00671387
-0.00671387
-0.00640869
-0.00579834
-0.00549316
-0.00518799
-0.00488281
-0.00488281
-0.00488281
-0.00518799
-0.00488281
-0.00518799
-0.00579834
-0.00610352
-0.00640869
-0.00671387
-0.00640869
-0.00610352
-0.00579834
-0.00549316
-0.00488281
-0.00488281
-0.00457764
-0.00427246
-0.00427246
-0.00427246
-0.00457764
-0.00518799
-0.00549316
-0.00579834
-0.00640869
-0.00671387
-0.00671387
-0.00671387
-0.00671387
-0.00610352
-0.00579834
-0.00488281
-0.00457764
-0.00488281
-0.00518799
-0.00549316
-0.00579834
-0.00640869
-0.00671387
-0.00701904
-0.00762939
-0.00823975
-0.00823975
-0.00793457
-0.00762939
-0.00732422
-0.00671387
-0.00610352
-0.00579834
-0.00549316
-0.00549316
-0.00549316
-0.00488281
-0.00518799
-0.00518799
-0.00549316
-0.00579834
-0.00579834
-0.00579834
-0.00579834
-0.00549316
-0.00488281
-0.00427246
-0.00396729
-0.00305176
-0.00274658
-0.00274658
-0.00244141
-0.00213623
-0.00183105
-0.00183105
-0.00152588
-0.00061035
 0.00000000
 0.00030518
 0.00061035
 0.00091553
 0.00122070
 0.00183105
 0.00244141
 0.00305176
 0.00335693
 0.00427246
 0.00488281
 0.00549316
 0.00610352
 0.00640869
 0.00640869
 0.00640869
 0.00671387
 0.00701904
 0.00732422
 0.00762939
 0.00793457
 0.00732422
 0.00762939
 0.00854492
 0.00946045
 0.00976563
 0.00976563
 0.00946045
 0.00946045
 0.00976563
 0.00976563
 0.01007080
 0.00976563
 0.00915527
 0.00885010
 0.00854492
 0.00823975
 0.00823975
 0.00823975
 0.00793457
 0.00793457
 0.00823975
 0.00854492
 0.00793457
 0.00793457
 0.00823975
 0.00885010
 0.00885010
 0.00793457
 0.00762939
 0.00732422
 0.00701904
 0.00640869
 0.00579834
 0.00518799
 0.00488281
 0.00457764
 0.00427246
 0.00427246
 0.00396729
 0.00396729
 0.00457764
 0.00488281
 0.00488281
 0.00488281
 0.00488281
 0.00427246
 0.00366211
 0.00305176
 0.00244141
 0.00213623
 0.00152588
 0.00091553
 0.00091553
 0.00061035
 0.00000000
-0.00030518
-0.00030518
 0.00000000
 0.00000000
-0.00030518
-0.00091553
-0.00152588
-0.00183105
-0.00213623
-0.00274658
-0.00305176
-0.00396729
-0.00518799
-0.00610352
-0.00671387
-0.00671387
-0.00640869
-0.00640869
-0.00671387
-0.00701904
-0.00671387
-0.00610352
-0.00610352
-0.00640869
-0.00640869
-0.00640869
-0.00640869
-0.00640869
-0.00701904
-0.00732422
-0.00732422
-0.00732422
-0.00701904
-0.00610352
-0.00549316
-0.00457764
-0.00366211
-0.00244141
-0.00213623
-0.00183105
-0.00152588
-0.00122070
-0.00122070
-0.00183105
-0.00244141
-0.00244141
-0.00213623
-0.00213623
-0.00183105
-0.00152588
-0.00152588
-0.00152588
-0.00122070
-0.00091553
-0.00030518
 0.00030518
 0.00091553
 0.00091553
 0.00030518
-0.00061035
-0.00091553
-0.00152588
-0.00213623
-0.00305176
-0.00366211
-0.00396729
-0.00396729
-0.00366211
-0.00335693
-0.00366211
-0.00335693
-0.00305176
-0.00274658
-0.00274658
-0.00335693
-0.00366211
-0.00335693
-0.00335693
-0.00396729
-0.00457764
-0.00488281
-0.00457764
-0.00488281
-0.00488281
-0.00457764
-0.00396729
-0.00305176
-0.00305176
-0.00244141
-0.00183105
-0.00122070
-0.00091553
-0.00122070
-0.00091553
-0.00091553
-0.00152588
-0.00183105
-0.00152588
-0.00122070
-0.00091553
-0.00061035
 0.00000000
 0.00091553
 0.00152588
 0.00244141
 0.00274658
 0.00366211
 0.00335693
 0.00274658
 0.00183105
 0.00152588
 0.00122070
 0.00091553
 0.00000000
-0.00061035
-0.00122070
-0.00122070
-0.00091553
-0.00030518
-0.00030518
-0.00030518
-0.00030518
-0.00030518
 0.00000000
 0.00000000
-0.00061035
-0.00152588
-0.00244141
-0.00335693
-0.00396729
-0.00427246
-0.00457764
-0.00457764
-0.00488281
-0.00457764
-0.00457764
-0.00457764
-0.00427246
-0.00335693
-0.00335693
-0.00366211
-0.00366211
-0.00396729
-0.00457764
-0.00457764
-0.00488281
-0.00518799
-0.00518799
-0.00488281
-0.00457764
-0.00396729
-0.00396729
-0.00366211
-0.00305176
-0.00213623
-0.00152588
-0.00091553
-0.00030518
-0.00061035
-0.00091553
-0.00122070
-0.00061035
-0.00091553
-0.00061035
-0.00030518
 0.00000000
 0.00030518
 0.00030518
 0.00091553
 0.00152588
 0.00183105
 0.00274658
 0.00335693
 0.00396729
 0.00366211
 0.00335693
 0.00305176
 0.00244141
 0.00183105
 0.00122070
 0.00061035
 0.00000000
 0.00000000
 0.00030518
 0.00091553
 0.00122070
 0.00122070
 0.00122070
 0.00183105
 0.00244141
 0.00213623
 0.00213623
 0.00183105
 0.00183105
 0.00091553
 0.00061035
 0.00091553
 0.00091553
 0.00030518
 0.00030518
 0.00061035
 0.00122070
 0.00183105
 0.00244141
 0.00274658
 0.00274658
 0.00305176
 0.00366211
 0.00366211
 0.00366211
 0.00335693
 0.00305176
 0.00274658
 0.00274658
 0.00274658
 0.00274658
 0.00274658
 0.00305176
 0.00335693
 0.00335693
 0.00335693
 0.00366211
 0.00366211
 0.00427246
 0.00427246
 0.00366211
 0.00305176
 0.00274658
 0.00305176
 0.00305176
 0.00274658
 0.00244141
 0.00213623
 0.00213623
 0.00244141
 0.00274658
 0.00274658
 0.00305176
 0.00335693
 0.00366211
 0.00366211
 0.00335693
 0.00305176
 0.00213623
 0.00122070
 0.00061035
 0.00030518
 0.00030518
-0.00030518
-0.00061035
-0.00061035
 0.00000000
 0.00030518
 0.00061035
 0.00030518
 0.00061035
 0.00091553
 0.00122070
 0.00122070
 0.00122070
 0.00061035
-0.00030518
-0.00061035
-0.00122070
-0.00183105
-0.00183105
-0.00122070
-0.00061035
-0.00091553
-0.00091553
-0.00061035
 0.00030518
 0.00122070
 0.00152588
 0.00152588
 0.00122070
 0.00091553
 0.00030518
 0.00000000
-0.00030518
-0.00091553
-0.00122070
-0.00122070
-0.00091553
-0.00091553
-0.00061035
 0.00000000
 0.00091553
 0.00152588
 0.00183105
 0.00274658
 0.00335693
 0.00335693
 0.00274658
 0.00213623
 0.00152588
 0.00091553
 0.00000000
-0.00061035
-0.00091553
-0.00091553
 0.00000000
 0.00061035
 0.00091553
 0.00152588
 0.00244141
 0.00305176
 0.00335693
 0.00305176
 0.00244141
 0.00152588
 0.00030518
-0.00061035
-0.00183105
-0.00274658
-0.00366211
-0.00396729
-0.00427246
-0.00396729
-0.00335693
-0.00305176
-0.00244141
-0.00213623
-0.00213623
-0.00244141
-0.00305176
-0.00396729
-0.00457764
-0.00549316
-0.00640869
-0.00701904
-0.00762939
-0.00762939
-0.00854492
-0.00885010
-0.00823975
-0.00762939
-0.00671387
-0.00671387
-0.00640869
-0.00610352
-0.00610352
-0.00640869
-0.00671387
-0.00732422
-0.00823975
-0.00854492
-0.00915527
-0.00976563
-0.00976563
-0.00885010
-0.00793457
-0.00732422
-0.00671387
-0.00549316
-0.00396729
-0.00305176
-0.00244141
-0.00244141
-0.00244141
-0.00244141
-0.00274658
-0.00335693
-0.00396729
-0.00427246
-0.00427246
-0.00396729
-0.00335693
-0.00244141
-0.00091553
 0.00061035
 0.00213623
 0.00335693
 0.00366211
 0.00366211
 0.00335693
 0.00305176
 0.00244141
 0.00183105
 0.00091553
-0.00030518
-0.00061035
-0.00030518
 0.00030518
 0.00091553
 0.00152588
 0.00213623
 0.00274658
 0.00305176
 0.00366211
 0.00366211
 0.00396729
 0.00396729
 0.00335693
 0.00244141
 0.00122070
 0.00061035
 0.00030518
 0.00000000
 0.00000000
 0.00091553
 0.00152588
 0.00244141
 0.00335693
 0.00396729
 0.00396729
 0.00427246
 0.00427246
 0.00457764
 0.00396729
 0.00335693
 0.00274658
 0.00213623
 0.00152588
 0.00122070
 0.00122070
 0.00183105
 0.00244141
 0.00335693
 0.00427246
 0.00488281
 0.00579834
 0.00640869
 0.00701904
 0.00671387
 0.00640869
 0.00610352
 0.00549316
 0.00427246
 0.00396729
 0.00366211
 0.00335693
 0.00366211
 0.00396729
 0.00427246
 0.00457764
 0.00518799
 0.00549316
 0.00518799
 0.00518799
 0.00488281
 0.00396729
 0.00335693
 0.00274658
 0.00213623
 0.00152588
 0.00061035
 0.00000000
-0.00030518
-0.00030518
-0.00061035
-0.00091553
-0.00091553
-0.00061035
-0.00061035
-0.00061035
-0.00122070
-0.00183105
-0.00274658
-0.00366211
-0.00457764
-0.00488281
-0.00579834
-0.00610352
-0.00610352
-0.00579834
-0.00549316
-0.00488281
-0.00427246
-0.00427246
-0.00427246
-0.00457764
-0.00488281
-0.00518799
-0.00518799
-0.00549316
-0.00579834
-0.00579834
-0.00549316
-0.00549316
-0.00518799
-0.00457764
-0.00396729
-0.00335693
-0.00274658
-0.00213623
-0.00183105
-0.00213623
-0.00213623
-0.00183105
-0.00152588
-0.00152588
-0.00152588
-0.00152588
-0.00152588
-0.00122070
-0.00091553
-0.00091553
-0.00061035
-0.00061035
-0.00030518
 0.00000000
 0.00061035
 0.00061035
 0.00030518
 0.00030518
 0.00030518
 0.00000000
-0.00030518
-0.00030518
-0.00030518
-0.00030518
-0.00030518
-0.00061035
 0.00000000
 0.00030518
 0.00030518
 0.00000000
-0.00030518
-0.00061035
-0.00091553
-0.00091553
-0.00061035
-0.00091553
-0.00061035
-0.00091553
-0.00091553
-0.00061035
 0.00030518
 0.00091553
 0.00091553
 0.00122070
 0.00152588
 0.00213623
 0.00244141
 0.00274658
 0.00305176
 0.00305176
 0.00305176
 0.00335693
 0.00396729
 0.00396729
 0.00427246
 0.00457764
 0.00488281
 0.00549316
 0.00640869
 0.00701904
 0.00701904
 0.00701904
 0.00701904
 0.00671387
 0.00671387
 0.00610352
 0.00610352
 0.00640869
 0.00671387
 0.00732422
 0.00732422
 0.00701904
 0.00732422
 0.00732422
 0.00732422
 0.00732422
 0.00732422
 0.00701904
 0.00640869
 0.00518799
 0.00457764
 0.00427246
 0.00366211
 0.00335693
 0.00305176
 0.00274658
 0.00244141
 0.00244141
 0.00244141
 0.00244141
 0.00244141
 0.00183105
 0.00152588
 0.00091553
 0.00061035
 0.00000000
-0.00091553
-0.00183105
-0.00274658
-0.00305176
-0.00335693
-0.00366211
-0.00366211
-0.00366211
-0.00335693
-0.00274658
-0.00213623
-0.00183105
-0.00183105
-0.00213623
-0.00183105
-0.00183105
-0.00213623
-0.00244141
-0.00274658
-0.00366211
-0.00396729
-0.00366211
-0.00335693
-0.00274658
-0.00244141
-0.00213623
-0.00091553
-0.00061035
-0.00061035
-0.00122070
-0.00122070
-0.00122070
-0.00152588
-0.00213623
-0.00274658
-0.00305176
-0.00366211
-0.00427246
-0.00488281
-0.00518799
-0.00488281
-0.00427246
-0.00396729
-0.00335693
-0.00335693
-0.00335693
-0.00366211
-0.00396729
-0.00396729
-0.00427246
-0.00518799
-0.00579834
-0.00640869
-0.00671387
-0.00732422
-0.00762939
-0.00732422
-0.00701904
-0.00671387
-0.00640869
-0.00610352
-0.00610352
-0.00579834
-0.00549316
-0.00549316
-0.00579834
-0.00610352
-0.00701904
-0.00732422
-0.00762939
-0.00793457
-0.00732422
-0.00701904
-0.00640869
-0.00640869
-0.00579834
-0.00518799
-0.00457764
-0.00396729
-0.00305176
-0.00244141
-0.00274658
-0.00366211
-0.00366211
-0.00305176
-0.00274658
-0.00305176
-0.00305176
-0.00274658
-0.00183105
-0.00122070
-0.00061035
 0.00000000
 0.00061035
 0.00152588
 0.00213623
 0.00244141
 0.00244141
 0.00244141
 0.00152588
 0.00091553
 0.00091553
 0.00061035
 0.00061035
 0.00061035
 0.00061035
 0.00091553
 0.00152588
 0.00274658
 0.00335693
 0.00366211
 0.00396729
 0.00427246
 0.00427246
 0.00396729
 0.00335693
 0.00305176
 0.00244141
 0.00183105
 0.00152588
 0.00122070
 0.00091553
 0.00091553
 0.00152588
 0.00213623
 0.00305176
 0.00366211
 0.00396729
 0.00427246
 0.00427246
 0.00396729
 0.00366211
 0.00366211
 0.00274658
 0.00183105
 0.00152588
 0.00122070
 0.00122070
 0.00122070
 0.00152588
 0.00213623
 0.00274658
 0.00335693
 0.00396729
 0.00457764
 0.00488281
 0.00488281
 0.00427246
 0.00427246
 0.00427246
 0.00396729
 0.00305176
 0.00244141
 0.00183105
 0.00122070
 0.00122070
 0.00213623
 0.00335693
 0.00366211
 0.00366211
 0.00335693
 0.00396729
 0.00427246
 0.00366211
 0.00335693
 0.00305176
 0.00244141
 0.00152588
 0.00091553
 0.00030518
-0.00030518
-0.00061035
-0.00061035
-0.00030518
 0.00000000
 0.00000000
 0.00030518
 0.00030518
 0.00091553
 0.00122070
 0.00091553
 0.00030518
-0.00030518
-0.00091553
-0.00152588
-0.00183105
-0.00244141
-0.00274658
-0.00305176
-0.00305176
-0.00244141
-0.00152588
-0.00061035
 0.00000000
 0.00000000
 0.00030518
 0.00030518
 0.00000000
-0.00030518
-0.00091553
-0.00152588
-0.00213623
-0.00274658
-0.00274658
-0.00305176
-0.00274658
-0.00274658
-0.00213623
-0.00122070
-0.00030518
 0.00030518
 0.00061035
 0.00091553
 0.00061035
 0.00030518
 0.00061035
-0.00030518
-0.00122070
-0.00213623
-0.00244141
-0.00305176
-0.00335693
-0.00305176
-0.00274658
-0.00244141
-0.00183105
-0.00091553
 0.00000000
 0.00030518
 0.00061035
 0.00030518
-0.00030518
-0.00122070
-0.00183105
-0.00213623
-0.00244141
-0.00366211
-0.00396729
-0.00427246
-0.00427246
-0.00366211
-0.00244141
-0.00122070
-0.00091553
-0.00061035
 0.00000000
 0.00030518
 0.00030518
-0.00030518
-0.00122070
-0.00183105
-0.00213623
-0.00213623
-0.00244141
-0.00244141
-0.00244141
-0.00244141
-0.00183105
-0.00061035
 0.00000000
 0.00061035
 0.00091553
 0.00122070
 0.00183105
 0.00213623
 0.00122070
 0.00030518
-0.00030518
-0.00061035
-0.00091553
-0.00122070
-0.00122070
-0.00091553
-0.00030518
 0.00091553
 0.00152588
 0.00183105
 0.00183105
 0.00183105
 0.00244141
 0.00305176
 0.00305176
 0.00244141
 0.00122070
 0.00030518
-0.00030518
-0.00030518
-0.00061035
-0.00122070
-0.00152588
-0.00091553
-0.00061035
 0.00000000
 0.00061035
 0.00122070
 0.00091553
 0.00061035
 0.00061035
 0.00000000
-0.00030518
-0.00091553
-0.00213623
-0.00274658
-0.00335693
-0.00396729
-0.00427246
-0.00396729
-0.00335693
-0.00213623
-0.00183105
-0.00122070
-0.00091553
-0.00030518
-0.00030518
-0.00030518
-0.00091553
-0.00152588
-0.00152588
-0.00183105
-0.00213623
-0.00244141
-0.00274658
-0.00213623
-0.00152588
-0.00091553
-0.00061035
 0.00030518
 0.00152588
 0.00213623
 0.00183105
 0.00152588
 0.00152588
 0.00152588
 0.00091553
 0.00030518
 0.00000000
-0.00061035
-0.00061035
-0.00061035
 0.00000000
 0.00000000
 0.00030518
 0.00061035
 0.00122070
 0.00152588
 0.00183105
 0.00183105
 0.00183105
 0.00122070
 0.00030518
-0.00030518
-0.00061035
-0.00061035
-0.00091553
-0.00091553
-0.00091553
-0.00030518
 0.00000000
 0.00000000
 0.00061035
 0.00061035
 0.00061035
 0.00030518
 0.00030518
 0.00030518
 0.00000000
 0.00000000
-0.00061035
-0.00122070
-0.00183105
-0.00183105
-0.00152588
-0.00152588
-0.00122070
-0.00091553
-0.00061035
 0.00000000
 0.00030518
 0.00091553
 0.00091553
 0.00091553
 0.00122070
 0.00061035
 0.00000000
-0.00030518
-0.00061035
-0.00061035
-0.00061035
-0.00061035
-0.00061035
-0.00061035
 0.00000000
 0.00091553
 0.00152588
 0.00213623
 0.00213623
 0.00183105
 0.00152588
 0.00122070
 0.00091553
 0.00030518
-0.00030518
-0.00061035
 0.00000000
 0.00091553
 0.00091553
 0.00091553
 0.00122070
 0.00183105
 0.00244141
 0.00274658
 0.00305176
 0.00335693
 0.00335693
 0.00335693
 0.00305176
 0.00244141
 0.00213623
 0.00152588
 0.00152588
 0.00213623
 0.00274658
 0.00244141
 0.00274658
 0.00274658
 0.00335693
 0.00427246
 0.00488281
 0.00488281
 0.00427246
 0.00335693
 0.00274658
 0.00183105
 0.00091553
 0.00061035
 0.00061035
 0.00061035
 0.00091553
 0.00122070
 0.00183105
 0.00183105
 0.00213623
 0.00244141
 0.00213623
 0.00152588
 0.00152588
 0.00183105
 0.00152588
 0.00061035
-0.00030518
-0.00091553
-0.00122070
-0.00091553
-0.00030518
-0.00061035
-0.00061035
 0.00000000
 0.00091553
 0.00183105
 0.00244141
 0.00244141
 0.00183105
 0.00122070
 0.00091553
 0.00091553
 0.00030518
-0.00061035
-0.00091553
-0.00061035
-0.00030518
-0.00030518
 0.00000000
 0.00030518
 0.00091553
 0.00061035
 0.00061035
 0.00122070
 0.00183105
 0.00152588
 0.00030518
-0.00061035
-0.00091553
-0.00122070
-0.00183105
-0.00213623
-0.00244141
-0.00244141
-0.00213623
-0.00213623
-0.00183105
-0.00183105
-0.00152588
-0.00122070
-0.00091553
-0.00122070
-0.00244141
-0.00305176
-0.00305176
-0.00335693
-0.00396729
-0.00427246
-0.00457764
-0.00427246
-0.00457764
-0.00457764
-0.00457764
-0.00396729
-0.00305176
-0.00305176
-0.00335693
-0.00335693
-0.00305176
-0.00305176
-0.00335693
-0.00396729
-0.00427246
-0.00427246
-0.00396729
-0.00335693
-0.00305176
-0.00305176
-0.00305176
-0.00305176
-0.00244141
-0.00122070
-0.00091553
-0.00091553
-0.00122070
-0.00091553
-0.00122070
-0.00152588
-0.00152588
-0.00122070
-0.00091553
-0.00061035
-0.00030518
-0.00030518
-0.00030518
-0.00030518
-0.00030518
-0.00030518
-0.00030518
 0.00000000
 0.00000000
-0.00061035
-0.00091553
-0.00091553
-0.00091553
-0.00061035
-0.00091553
-0.00091553
-0.00061035
-0.00061035
-0.00091553
-0.00061035
-0.00091553
-0.00122070
-0.00152588
-0.00183105
-0.00183105
-0.00213623
-0.00244141
-0.00274658
-0.00244141
-0.00244141
-0.00244141
-0.00213623
-0.00152588
-0.00091553
-0.00061035
-0.00061035
-0.00030518
-0.00030518
-0.00091553
-0.00122070
-0.00122070
-0.00091553
-0.00030518
 0.00000000
-0.00030518
 0.00000000
 0.00061035
 0.00122070
 0.00152588
 0.00213623
 0.00244141
 0.00305176
 0.00305176
 0.00305176
 0.00274658
 0.00274658
 0.00305176
 0.00335693
 0.00305176
 0.00305176
 0.00305176
 0.00335693
 0.00396729
 0.00457764
 0.00488281
 0.00488281
 0.00488281
 0.00518799
 0.00518799
 0.00518799
 0.00488281
 0.00396729
 0.00274658
 0.00274658
 0.00274658
 0.00274658
 0.00274658
 0.00274658
 0.00305176
 0.00366211
 0.00366211
 0.00366211
 0.00366211
 0.00366211
 0.00305176
 0.00244141
 0.00152588
 0.00061035
 0.00030518
 0.00030518
 0.00000000
-0.00030518
-0.00061035
-0.00030518
 0.00000000
 0.00000000
 0.00061035
 0.00061035
 0.00030518
 0.00000000
 0.00030518
 0.00000000
-0.00061035
-0.00091553
-0.00122070
-0.00152588
-0.00183105
-0.00152588
-0.00091553
-0.00061035
-0.00030518
 0.00061035
 0.00061035
 0.00061035
 0.00061035
 0.00061035
 0.00091553
 0.00091553
 0.00091553
 0.00061035
 0.00000000
 0.00000000
 0.00030518
 0.00122070
 0.00152588
 0.00183105
 0.00183105
 0.00213623
 0.00274658
 0.00274658
 0.00274658
 0.00213623
 0.00213623
 0.00213623
 0.00183105
 0.00122070
 0.00091553
 0.00061035
 0.00061035
 0.00091553
 0.00122070
 0.00091553
 0.00091553
 0.00122070
 0.00183105
 0.00213623
 0.00183105
 0.00122070
 0.00091553
 0.00061035
 0.00030518
 0.00000000
 0.00000000
 0.00000000
 0.00030518
 0.00030518
 0.00030518
 0.00061035
 0.00091553
 0.00091553
 0.00091553
 0.00091553
 0.00091553
 0.00061035
 0.00030518
 0.00000000
-0.00030518
-0.00030518
-0.00061035
-0.00091553
-0.00122070
-0.00091553
-0.00061035
-0.00030518
-0.00030518
-0.00030518
 0.00000000
 0.00000000
-0.00061035
-0.00030518
-0.00061035
-0.00122070
-0.00183105
-0.00244141
-0.00244141
-0.00213623
-0.00183105
-0.00213623
-0.00213623
-0.00213623
-0.00183105
-0.00122070
-0.00152588
-0.00213623
-0.00274658
-0.00305176
-0.00366211
-0.00457764
-0.00488281
-0.00549316
-0.00549316
-0.00549316
-0.00549316
-0.00549316
-0.00549316
-0.00549316
-0.00518799
-0.00518799
-0.00549316
-0.00549316
-0.00579834
-0.00640869
-0.00671387
-0.00701904
-0.00701904
-0.00762939
-0.00823975
-0.00854492
-0.00823975
-0.00793457
-0.00793457
-0.00762939
-0.00732422
-0.00701904
-0.00671387
-0.00671387
-0.00640869
-0.00671387
-0.00701904
-0.00701904
-0.00732422
-0.00732422
-0.00762939
-0.00762939
-0.00732422
-0.00701904
-0.00671387
-0.00640869
-0.00579834
-0.00488281
-0.00488281
-0.00518799
-0.00518799
-0.00488281
-0.00488281
-0.00488281
-0.00488281
-0.00457764
-0.00427246
-0.00396729
-0.00396729
-0.00396729
-0.00366211
-0.00305176
-0.00274658
-0.00183105
-0.00152588
-0.00152588
-0.00183105
-0.00152588
-0.00152588
-0.00152588
-0.00152588
-0.00152588
-0.00183105
-0.00183105
-0.00183105
-0.00122070
-0.00061035
 0.00000000
 0.00061035
 0.00091553
 0.00091553
 0.00091553
 0.00152588
 0.00152588
 0.00183105
 0.00183105
 0.00244141
 0.00274658
 0.00274658
 0.00244141
 0.00305176
 0.00396729
 0.00457764
 0.00488281
 0.00518799
 0.00549316
 0.00579834
 0.00640869
 0.00701904
 0.00732422
 0.00732422
 0.00732422
 0.00762939
 0.00762939
 0.00823975
 0.00915527
 0.00946045
 0.00946045
 0.00946045
 0.01007080
 0.01037598
 0.01037598
 0.01007080
 0.01007080
 0.01007080
 0.01007080
 0.00976563
 0.00976563
 0.00976563
 0.00976563
 0.00976563
 0.01007080
 0.01037598
 0.01037598
 0.01037598
 0.01068115
 0.01068115
 0.01068115
 0.01037598
 0.01007080
 0.00946045
 0.00885010
 0.00854492
 0.00854492
 0.00823975
 0.00793457
 0.00732422
 0.00732422
 0.00671387
 0.00701904
 0.00701904
 0.00701904
 0.00671387
 0.00671387
 0.00610352
 0.00610352
 0.00579834
 0.00518799
 0.00488281
 0.00396729
 0.00335693
 0.00305176
 0.00274658
 0.00274658
 0.00244141
 0.00244141
 0.00244141
 0.00274658
 0.00305176
 0.00305176
 0.00274658
 0.00213623
 0.00152588
 0.00122070
 0.00091553
 0.00030518
-0.00030518
-0.00030518
-0.00030518
-0.00030518
-0.00061035
-0.00061035
-0.00061035
-0.00091553
-0.00061035
-0.00091553
-0.00091553
-0.00152588
-0.00213623
-0.00274658
-0.00274658
-0.00305176
-0.00335693
-0.00366211
-0.00396729
-0.00396729
-0.00366211
-0.00335693
-0.00335693
-0.00274658
-0.00274658
-0.00335693
-0.00366211
-0.00366211
-0.00335693
-0.00335693
-0.00366211
-0.00457764
-0.00488281
-0.00488281
-0.00518799
-0.00549316
-0.00549316
-0.00518799
-0.00457764
-0.00457764
-0.00488281
-0.00488281
-0.00457764
-0.00457764
-0.00427246
-0.00488281
-0.00549316
-0.00579834
-0.00640869
-0.00671387
-0.00671387
-0.00640869
-0.00640869
-0.00640869
-0.00610352
-0.00579834
-0.00518799
-0.00457764
-0.00457764
-0.00396729
-0.00396729
-0.00396729
-0.00457764
-0.00488281
-0.00518799
-0.00518799
-0.00549316
-0.00579834
-0.00518799
-0.00488281
-0.00457764
-0.00427246
-0.00366211
-0.00274658
-0.00274658
-0.00244141
-0.00274658
-0.00274658
-0.00244141
-0.00274658
-0.00335693
-0.00366211
-0.00366211
-0.00366211
-0.00396729
-0.00396729
-0.00366211
-0.00335693
-0.00335693
-0.00305176
-0.00244141
-0.00183105
-0.00122070
-0.00122070
-0.00152588
-0.00183105
-0.00244141
-0.00305176
-0.00366211
-0.00427246
-0.00396729
-0.00366211
-0.00335693
-0.00305176
-0.00244141
-0.00244141
-0.00183105
-0.00183105
-0.00183105
-0.00213623
-0.00274658
-0.00305176
-0.00274658
-0.00305176
-0.00366211
-0.00396729
-0.00396729
-0.00366211
-0.00366211
-0.00335693
-0.00274658
-0.00213623
-0.00122070
-0.00061035
-0.00030518
 0.00000000
-0.00030518
-0.00030518
-0.00030518
-0.00061035
-0.00152588
-0.00213623
-0.00213623
-0.00152588
-0.00091553
-0.00061035
 0.00000000
 0.00030518
 0.00091553
 0.00122070
 0.00213623
 0.00244141
 0.00305176
 0.00244141
 0.00122070
 0.00091553
 0.00030518
 0.00030518
 0.00061035
 0.00061035
 0.00061035
 0.00061035
 0.00091553
 0.00152588
 0.00213623
 0.00244141
 0.00244141
 0.00274658
 0.00305176
 0.00305176
 0.00274658
 0.00244141
 0.00213623
 0.00152588
 0.00061035
 0.00000000
 0.00000000
 0.00061035
 0.00091553
 0.00122070
 0.00091553
 0.00122070
 0.00183105
 0.00244141
 0.00244141
 0.00213623
 0.00091553
 0.00030518
 0.00030518
-0.00030518
-0.00030518
-0.00061035
-0.00091553
-0.00122070
-0.00061035
-0.00030518
 0.00030518
 0.00061035
 0.00122070
 0.00122070
 0.00122070
 0.00152588
 0.00152588
 0.00122070
 0.00061035
 0.00030518
 0.00000000
 0.00000000
 0.00061035
 0.00091553
 0.00091553
 0.00183105
 0.00244141
 0.00244141
 0.00274658
 0.00335693
 0.00366211
 0.00366211
 0.00366211
 0.00305176
 0.00274658
 0.00244141
 0.00213623
 0.00183105
 0.00152588
 0.00152588
 0.00183105
 0.00213623
 0.00274658
 0.00305176
 0.00366211
 0.00366211
 0.00427246
 0.00396729
 0.00396729
 0.00396729
 0.00366211
 0.00305176
 0.00213623
 0.00152588
 0.00122070
 0.00152588
 0.00183105
 0.00213623
 0.00274658
 0.00335693
 0.00366211
 0.00396729
 0.00396729
 0.00427246
 0.00366211
 0.00335693
 0.00274658
 0.00274658
 0.00305176
 0.00244141
 0.00183105
 0.00183105
 0.00183105
 0.00183105
 0.00244141
 0.00305176
 0.00335693
 0.00335693
 0.00427246
 0.00427246
 0.00427246
 0.00396729
 0.00366211
 0.00396729
 0.00305176
 0.00274658
 0.00244141
 0.00274658
 0.00305176
 0.00305176
 0.00305176
 0.00305176
 0.00366211
 0.00427246
 0.00457764
 0.00488281
 0.00457764
 0.00366211
 0.00335693
 0.00335693
 0.00335693
 0.00274658
 0.00183105
 0.00152588
 0.00122070
 0.00152588
 0.00122070
 0.00122070
 0.00061035
 0.00061035
 0.00091553
 0.00122070
 0.00152588
 0.00183105
 0.00152588
 0.00091553
 0.00030518
 0.00000000
-0.00030518
-0.00091553
-0.00152588
-0.00244141
-0.00274658
-0.00305176
-0.00274658
-0.00244141
-0.00244141
-0.00274658
-0.00274658
-0.00274658
-0.00213623
-0.00274658
-0.00366211
-0.00366211
-0.00366211
-0.00427246
-0.00488281
-0.00518799
-0.00518799
-0.00518799
-0.00549316
-0.00549316
-0.00579834
-0.00579834
-0.00579834
-0.00549316
-0.00518799
-0.00518799
-0.00518799
-0.00549316
-0.00610352
-0.00640869
-0.00610352
-0.00640869
-0.00640869
-0.00640869
-0.00640869
-0.00671387
-0.00640869
-0.00640869
-0.00610352
-0.00610352
-0.00549316
-0.00488281
-0.00518799
-0.00549316
-0.00549316
-0.00579834
-0.00579834
-0.00610352
-0.00610352
-0.00610352
-0.00579834
-0.00579834
-0.00579834
-0.00579834
-0.00549316
-0.00549316
-0.00579834
-0.00610352
-0.00579834
-0.00518799
-0.00488281
-0.00457764
-0.00488281
-0.00488281
-0.00457764
-0.00396729
-0.00366211
-0.00335693
-0.00366211
-0.00396729
-0.00366211
-0.00335693
-0.00305176
-0.00274658
-0.00213623
-0.00152588
-0.00091553
-0.00061035
-0.00061035
-0.00030518
-0.00030518
-0.00030518
-0.00030518
 0.00000000
 0.00000000
 0.00000000
 0.00030518
 0.00061035
 0.00061035
 0.00061035
 0.00061035
 0.00091553
 0.00183105
 0.00244141
 0.00305176
 0.00305176
 0.00305176
 0.00274658
 0.00244141
 0.00274658
 0.00244141
 0.00274658
 0.00274658
 0.00244141
 0.00244141
 0.00305176
 0.00366211
 0.00335693
 0.00305176
 0.00366211
 0.00366211
 0.00366211
 0.00396729
 0.00396729
 0.00396729
 0.00366211
 0.00335693
 0.00305176
 0.00305176
 0.00274658
 0.00213623
 0.00213623
 0.00183105
 0.00213623
 0.00274658
 0.00305176
 0.00305176
 0.00305176
 0.00305176
 0.00305176
 0.00305176
 0.00244141
 0.00183105
 0.00122070
 0.00091553
 0.00061035
 0.00061035
 0.00061035
 0.00091553
 0.00091553
 0.00152588
 0.00183105
 0.00183105
 0.00152588
 0.00122070
 0.00122070
 0.00152588
 0.00122070
 0.00030518
-0.00030518
 0.00000000
-0.00061035
-0.00091553
-0.00122070
-0.00061035
 0.00000000
 0.00030518
 0.00061035
 0.00091553
 0.00122070
 0.00061035
 0.00030518
 0.00030518
 0.00030518
 0.00030518
-0.00030518
-0.00061035
-0.00091553
-0.00091553
-0.00122070
-0.00122070
-0.00061035
 0.00000000
 0.00000000
 0.00030518
 0.00061035
 0.00091553
 0.00091553
 0.00061035
 0.00030518
 0.00000000
-0.00061035
-0.00091553
-0.00091553
-0.00091553
-0.00061035
-0.00061035
-0.00061035
-0.00030518
 0.00030518
 0.00061035
 0.00030518
 0.00030518
 0.00061035
 0.00091553
 0.00061035
 0.00030518
 0.00000000
 0.00000000
 0.00000000
-0.00030518
-0.00030518
 0.00000000
 0.00000000
 0.00061035
 0.00091553
 0.00030518
 0.00030518
 0.00030518
 0.00061035
 0.00091553
 0.00091553
 0.00030518
-0.00030518
 0.00000000
 0.00000000
 0.00000000
 0.00000000
 0.00000000
 0.00000000
 0.00030518
 0.00061035
 0.00091553
 0.00091553
 0.00091553
 0.00030518
-0.00030518
-0.00030518
-0.00061035
-0.00061035
-0.00061035
-0.00061035
-0.00030518
-0.00061035
-0.00091553
-0.00091553
-0.00061035
-0.00061035
-0.00061035
-0.00061035
-0.00091553
-0.00091553
-0.00122070
-0.00152588
-0.00183105
-0.00213623
-0.00244141
-0.00244141
-0.00213623
-0.00183105
-0.00213623
-0.00213623
-0.00183105
-0.00152588
-0.00152588
-0.00183105
-0.00213623
-0.00213623
-0.00152588
-0.00152588
-0.00213623
-0.00244141
-0.00213623
-0.00122070
-0.00061035
-0.00061035
-0.00061035
-0.00061035
-0.00061035
-0.00061035
-0.00030518
-0.00061035
-0.00061035
-0.00030518
 0.00000000
 0.00000000
 0.00000000
-0.00030518
 0.00000000
 0.00000000
 0.00030518
 0.00030518
 0.00030518
 0.00061035
 0.00091553
 0.00091553
 0.00030518
 0.00000000
 0.00030518
 0.00061035
 0.00030518
 0.00000000
-0.00030518
 0.00000000
 0.00030518
 0.00030518
 0.00030518
 0.00061035
 0.00122070
 0.00122070
 0.00091553
 0.00091553
 0.00061035
 0.00030518
 0.00000000
-0.00030518
-0.00091553
-0.00091553
-0.00122070
-0.00091553
-0.00030518
-0.00030518
-0.00030518
-0.00061035
-0.00030518
 0.00000000
 0.00000000
-0.00030518
-0.00061035
-0.00061035
-0.00091553
-0.00091553
-0.00122070
-0.00152588
-0.00122070
-0.00152588
-0.00183105
-0.00152588
-0.00152588
-0.00122070
-0.00091553
-0.00061035
-0.00061035
-0.00061035
-0.00030518
-0.00030518
-0.00091553
-0.00122070
-0.00152588
-0.00152588
-0.00183105
-0.00152588
-0.00152588
-0.00152588
-0.00122070
-0.00122070
-0.00091553
-0.00061035
-0.00030518
-0.00061035
-0.00091553
-0.00061035
-0.00061035
-0.00061035
-0.00122070
-0.00152588
-0.00152588
-0.00122070
-0.00091553
-0.00091553
-0.00091553
-0.00061035
-0.00061035
-0.00061035
-0.00030518
-0.00030518
-0.00061035
-0.00061035
-0.00061035
-0.00091553
-0.00122070
-0.00183105
-0.00152588
-0.00152588
-0.00152588
-0.00152588
-0.00183105
-0.00152588
-0.00122070
-0.00122070
-0.00122070
-0.00152588
-0.00122070
-0.00122070
-0.00122070
-0.00152588
-0.00152588
-0.00152588
-0.00152588
-0.00122070
-0.00091553
-0.00122070
-0.00122070
-0.00122070
-0.00091553
-0.00091553
-0.00091553
-0.00061035
-0.00030518
 0.00000000
-0.00030518
-0.00061035
-0.00030518
 0.00000000
 0.00061035
 0.00091553
 0.00122070
 0.00061035
 0.00061035
 0.00091553
 0.00091553
 0.00122070
 0.00122070
 0.00091553
 0.00061035
 0.00091553
 0.00091553
 0.00061035
 0.00061035
 0.00061035
 0.00061035
 0.00091553
 0.00091553
 0.00122070
 0.00091553
 0.00061035
 0.00091553
 0.00091553
 0.00091553
 0.00122070
 0.00091553
 0.00061035
 0.00061035
 0.00061035
 0.00030518
 0.00030518
 0.00061035
 0.00061035
 0.00061035
 0.00000000
 0.00000000
 0.00030518
 0.00061035
 0.00061035
 0.00030518
 0.00030518
 0.00030518
 0.00030518
 0.00000000
 0.00030518
 0.00061035
 0.00091553
 0.00061035
 0.00030518
 0.00030518
-0.00030518
-0.00030518
-0.00030518
-0.00030518
 0.00000000
 0.00000000
 0.00030518
 0.00061035
 0.00030518
 0.00030518
 0.00000000
 0.00030518
 0.00061035
 0.00030518
 0.00030518
 0.00030518
 0.00000000
-0.00030518
-0.00061035
-0.00091553
-0.00152588
-0.00152588
-0.00091553
-0.00030518
 0.00000000
-0.00030518
-0.00030518
-0.00030518
 0.00030518
 0.00000000
-0.00061035
-0.00122070
-0.00152588
-0.00183105
-0.00152588
-0.00152588
-0.00152588
-0.00183105
-0.00152588
-0.00091553
-0.00030518
-0.00030518
-0.00030518
-0.00061035
-0.00030518
-0.00061035
-0.00091553
-0.00091553
-0.00091553
-0.00122070
-0.00122070
-0.00122070
-0.00152588
-0.00183105
-0.00152588
-0.00122070
-0.00122070
-0.00091553
-0.00061035
 0.00000000
 0.00061035
 0.00061035
 0.00000000
-0.00091553
-0.00091553
-0.00061035
-0.00061035
-0.00091553
-0.00091553
-0.00091553
-0.00061035
-0.00030518
 0.00030518
 0.00061035
 0.00091553
 0.00122070
 0.00152588
 0.00183105
 0.00152588
 0.00122070
 0.00122070
 0.00091553
 0.00061035
 0.00030518
 0.00030518
 0.00030518
 0.00061035
 0.00091553
 0.00183105
 0.00213623
 0.00183105
 0.00213623
 0.00213623
 0.00183105
 0.00183105
 0.00152588
 0.00091553
 0.00000000
 0.00000000
 0.00000000
-0.00030518
-0.00061035
-0.00061035
-0.00061035
-0.00061035
-0.00030518
 0.00061035
 0.00091553
 0.00061035
 0.00030518
 0.00000000
 0.00000000
-0.00030518
-0.00061035
-0.00091553
-0.00061035
-0.00061035
-0.00091553
-0.00091553
-0.00091553
-0.00061035
-0.00061035
-0.00091553
-0.00061035
-0.00030518
 0.00000000
 0.00000000
 0.00000000
-0.00030518
-0.00061035
-0.00061035
-0.00091553
-0.00122070
-0.00122070
-0.00091553
-0.00122070
-0.00122070
-0.00061035
-0.00030518
 0.00000000
 0.00000000
 0.00030518
 0.00030518
 0.00061035
 0.00061035
 0.00030518
 0.00000000
-0.00030518
-0.00061035
-0.00030518
-0.00061035
-0.00061035
-0.00061035
-0.00091553
-0.00061035
 0.00000000
 0.00061035
 0.00030518
 0.00000000
 0.00000000
 0.00000000
 0.00000000
-0.00030518
-0.00061035
-0.00091553
-0.00122070
-0.00122070
-0.00122070
-0.00122070
-0.00122070
-0.00091553
-0.00030518
 0.00000000
 0.00030518
 0.00091553
 0.00091553
 0.00061035
 0.00030518
 0.00030518
 0.00000000
-0.00061035
-0.00061035
-0.00061035
-0.00061035
-0.00061035
-0.00061035
-0.00061035
-0.00030518
 0.00000000
 0.00061035
 0.00061035
 0.00061035
 0.00030518
 0.00030518
 0.00000000
-0.00030518
-0.00091553
-0.00091553
-0.00091553
-0.00091553
-0.00061035
-0.00061035
-0.00030518
-0.00091553
-0.00091553
-0.00030518
 0.00030518
 0.00061035
 0.00061035
 0.00091553
 0.00091553
 0.00061035
 0.00000000
-0.00061035
-0.00091553
-0.00091553
-0.00091553
-0.00122070
-0.00091553
-0.00030518
 0.00000000
 0.00061035
 0.00122070
 0.00122070
 0.00122070
 0.00122070
 0.00122070
 0.00091553
 0.00061035
-0.00030518
-0.00091553
-0.00091553
-0.00091553
-0.00122070
-0.00122070
-0.00091553
-0.00061035
-0.00030518
-0.00030518
 0.00000000
 0.00030518
 0.00061035
 0.00061035
 0.00030518
-0.00030518
-0.00122070
-0.00152588
-0.00122070
-0.00091553
-0.00122070
-0.00152588
-0.00183105
-0.00122070
-0.00091553
-0.00061035
-0.00030518
-0.00030518
-0.00061035
-0.00122070
-0.00152588
-0.00122070
-0.00122070
-0.00152588
-0.00183105
-0.00183105
-0.00213623
-0.00183105
-0.00213623
-0.00244141
-0.00305176
-0.00274658
-0.00213623
-0.00152588
-0.00152588
-0.00213623
-0.00213623
-0.00244141
-0.00305176
-0.00335693
-0.00335693
-0.00335693
-0.00366211
-0.00366211
-0.00335693
-0.00305176
-0.00274658
-0.00305176
-0.00305176
-0.00305176
-0.00274658
-0.00244141
-0.00274658
-0.00305176
-0.00366211
-0.00396729
-0.00396729
-0.00396729
-0.00396729
-0.00396729
-0.00396729
-0.00335693
-0.00274658
-0.00305176
-0.00274658
-0.00274658
-0.00244141
-0.00274658
-0.00274658
-0.00305176
-0.00305176
-0.00305176
-0.00244141
-0.00213623
-0.00213623
-0.00213623
-0.00183105
-0.00152588
-0.00091553
-0.00061035
-0.00030518
-0.00030518
-0.00030518
-0.00061035
-0.00061035
-0.00061035
-0.00061035
-0.00030518
-0.00030518
-0.00030518
 0.00030518
 0.00091553
 0.00122070
 0.00152588
 0.00152588
 0.00213623
 0.00244141
 0.00213623
 0.00213623
 0.00213623
 0.00152588
 0.00122070
 0.00122070
 0.00183105
 0.00183105
 0.00213623
 0.00274658
 0.00305176
 0.00335693
 0.00366211
 0.00396729
 0.00427246
 0.00427246
 0.00427246
 0.00366211
 0.00335693
 0.00335693
 0.00335693
 0.00305176
 0.00274658
 0.00274658
 0.00274658
 0.00335693
 0.00335693
 0.00335693
 0.00366211
 0.00427246
 0.00457764
 0.00457764
 0.00457764
 0.00457764
 0.00366211
 0.00335693
 0.00305176
 0.00274658
 0.00244141
 0.00244141
 0.00213623
 0.00274658
 0.00335693
 0.00396729
 0.00396729
 0.00427246
 0.00427246
 0.00457764
 0.00457764
 0.00427246
 0.00396729
 0.00366211
 0.00366211
 0.00335693
 0.00274658
 0.00244141
 0.00244141
 0.00244141
 0.00274658
 0.00274658
 0.00274658
 0.00305176
 0.00305176
 0.00305176
 0.00305176
 0.00274658
 0.00213623
 0.00122070
 0.00061035
 0.00091553
 0.00061035
 0.00061035
 0.00030518
 0.00000000
 0.00030518
 0.00061035
 0.00061035
 0.00030518
 0.00000000
 0.00000000
 0.00000000
 0.00000000
-0.00030518
-0.00061035
-0.00122070
-0.00183105
-0.00244141
-0.00244141
-0.00244141
-0.00274658
-0.00305176
-0.00335693
-0.00305176
-0.00244141
-0.00244141
-0.00274658
-0.00335693
-0.00335693
-0.00335693
-0.00366211
-0.00366211
-0.00396729
-0.00396729
-0.00457764
-0.00488281
-0.00488281
-0.00488281
-0.00488281
-0.00427246
-0.00396729
-0.00366211
-0.00366211
-0.00366211
-0.00396729
-0.00427246
-0.00457764
-0.00427246
-0.00396729
-0.00427246
-0.00488281
-0.00549316
-0.00518799
-0.00427246
-0.00396729
-0.00366211
-0.00396729
-0.00396729
-0.00335693
-0.00335693
-0.00335693
-0.00274658
-0.00274658
-0.00244141
-0.00305176
-0.00335693
-0.00335693
-0.00305176
-0.00274658
-0.00244141
-0.00213623
-0.00183105
-0.00152588
-0.00152588
-0.00152588
-0.00122070
-0.00122070
-0.00122070
-0.00122070
-0.00091553
-0.00091553
-0.00091553
-0.00122070
-0.00091553
-0.00061035
 0.00000000
-0.00030518
 0.00000000
 0.00061035
 0.00091553
 0.00122070
 0.00122070
 0.00152588
 0.00122070
 0.00122070
 0.00152588
 0.00183105
 0.00213623
 0.00213623
 0.00152588
 0.00152588
 0.00183105
 0.00244141
 0.00274658
 0.00305176
 0.00305176
 0.00305176
 0.00305176
 0.00305176
 0.00335693
 0.00366211
 0.00366211
 0.00335693
 0.00335693
 0.00305176
 0.00274658
 0.00274658
 0.00274658
 0.00244141
 0.00274658
 0.00305176
 0.00335693
 0.00335693
 0.00335693
 0.00335693
 0.00335693
 0.00366211
 0.00396729
 0.00396729
 0.00335693
 0.00305176
 0.00274658
 0.00244141
 0.00244141
 0.00274658
 0.00244141
 0.00213623
 0.00183105
 0.00183105
 0.00183105
 0.00244141
 0.00274658
 0.00244141
 0.00213623
 0.00152588
 0.00122070
 0.00122070
 0.00122070
 0.00030518
 0.00000000
 0.00030518
-0.00030518
-0.00061035
-0.00030518
 0.00030518
 0.00061035
 0.00061035
 0.00030518
 0.00030518
 0.00030518
 0.00000000
-0.00061035
-0.00091553
-0.00091553
-0.00061035
-0.00091553
-0.00152588
-0.00183105
-0.00183105
-0.00152588
-0.00091553
-0.00091553
-0.00091553
-0.00091553
-0.00091553
-0.00091553
-0.00091553
-0.00061035
-0.00152588
-0.00244141
-0.00274658
-0.00274658
-0.00274658
-0.00244141
-0.00213623
-0.00183105
-0.00183105
-0.00213623
-0.00213623
-0.00213623
-0.00213623
-0.00213623
-0.00244141
-0.00274658
-0.00274658
-0.00274658
-0.00305176
-0.00335693
-0.00335693
-0.00305176
-0.00274658
-0.00305176
-0.00274658
-0.00274658
-0.00244141
-0.00244141
-0.00244141
-0.00213623
-0.00183105
-0.00183105
-0.00244141
-0.00274658
-0.00244141
-0.00213623
-0.00213623
-0.00244141
-0.00274658
-0.00274658
-0.00213623
-0.00183105
-0.00183105
-0.00183105
-0.00213623
-0.00213623
-0.00244141
-0.00244141
-0.00213623
-0.00213623
-0.00183105
-0.00183105
-0.00152588
-0.00122070
-0.00152588
-0.00152588
-0.00091553
-0.00061035
-0.00061035
-0.00061035
-0.00061035
-0.00122070
-0.00122070
-0.00091553
-0.00061035
-0.00030518
 0.00000000
 0.00030518
 0.00061035
 0.00091553
 0.00091553
 0.00091553
 0.00061035
 0.00091553
 0.00122070
 0.00122070
 0.00091553
 0.00061035
 0.00061035
 0.00061035
 0.00091553
 0.00122070
 0.00152588
 0.00183105
 0.00213623
 0.00213623
 0.00183105
 0.00183105
 0.00152588
 0.00152588
 0.00183105
 0.00152588
 0.00183105
 0.00183105
 0.00183105
 0.00183105
 0.00152588
 0.00183105
 0.00183105
 0.00183105
 0.00213623
 0.00244141
 0.00244141
 0.00244141
 0.00274658
 0.00274658
 0.00274658
 0.00244141
 0.00244141
 0.00213623
 0.00152588
 0.00152588
 0.00213623
 0.00244141
 0.00213623
 0.00213623
 0.00244141
 0.00244141
 0.00244141
 0.00244141
 0.00274658
 0.00305176
 0.00274658
 0.00213623
 0.00213623
 0.00213623
 0.00213623
 0.00183105
 0.00183105
 0.00152588
 0.00122070
 0.00122070
 0.00152588
 0.00183105
 0.00183105
 0.00183105
 0.00183105
 0.00213623
 0.00244141
 0.00244141
 0.00183105
 0.00122070
 0.00061035
 0.00061035
 0.00030518
 0.00000000
 0.00000000
 0.00000000
 0.00000000
 0.00061035
 0.00061035
 0.00061035
 0.00061035
 0.00091553
 0.00122070
 0.00061035
 0.00000000
 0.00000000
-0.00030518
-0.00061035
-0.00122070
-0.00152588
-0.00152588
-0.00152588
-0.00122070
-0.00091553
-0.00061035
-0.00091553
-0.00061035
-0.00061035
-0.00030518
-0.00061035
-0.00091553
-0.00122070
-0.00183105
-0.00183105
-0.00183105
-0.00183105
-0.00183105
-0.00183105
-0.00213623
-0.00213623
-0.00122070
-0.00091553
-0.00152588
-0.00183105
-0.00183105
-0.00183105
-0.00152588
-0.00183105
-0.00152588
-0.00152588
-0.00183105
-0.00213623
-0.00213623
-0.00183105
-0.00183105
-0.00152588
-0.00152588
-0.00122070
-0.00122070
-0.00122070
-0.00091553
-0.00122070
-0.00152588
-0.00152588
-0.00122070
-0.00091553
-0.00122070
-0.00091553
-0.00091553
-0.00091553
-0.00091553
-0.00122070
-0.00091553
-0.00030518
 0.00000000
 0.00000000
 0.00000000
 0.00000000
-0.00030518
-0.00030518
-0.00091553
-0.00061035
-0.00061035
-0.00061035
-0.00061035
 0.00000000
 0.00030518
 0.00030518
 0.00030518
 0.00061035
 0.00091553
 0.00122070
 0.00122070
 0.00122070
 0.00122070
 0.00152588
 0.00152588
 0.00122070
 0.00122070
 0.00152588
 0.00183105
 0.00183105
 0.00183105
 0.00183105
 0.00213623
 0.00244141
 0.00244141
 0.00213623
 0.00244141
 0.00244141
 0.00274658
 0.00274658
 0.00274658
 0.00274658
 0.00244141
 0.00213623
 0.00183105
 0.00213623
 0.00213623
 0.00213623
 0.00213623
 0.00213623
 0.00183105
 0.00213623
 0.00244141
 0.00244141
 0.00213623
 0.00213623
 0.00152588
 0.00122070
 0.00152588
 0.00122070
 0.00061035
 0.00061035
 0.00061035
 0.00091553
 0.00091553
 0.00061035
 0.00061035
 0.00061035
 0.00091553
 0.00061035
 0.00030518
 0.00000000
-0.00030518
-0.00030518
-0.00061035
-0.00091553
-0.00122070
-0.00122070
-0.00122070
-0.00122070
-0.00152588
-0.00152588
-0.00122070
-0.00091553
-0.00091553
-0.00122070
-0.00122070
-0.00122070
-0.00122070
-0.00122070
-0.00152588
-0.00213623
-0.00213623
-0.00244141
-0.00305176
-0.00335693
-0.00335693
-0.00305176
-0.00305176
-0.00305176
-0.00274658
-0.00244141
-0.00244141
-0.00274658
-0.00274658
-0.00244141
-0.00274658
-0.00305176
-0.00305176
-0.00366211
-0.00427246
-0.00396729
-0.00335693
-0.00335693
-0.00335693
-0.00335693
-0.00335693
-0.00305176
-0.00244141
-0.00213623
-0.00213623
-0.00183105
-0.00213623
-0.00213623
-0.00244141
-0.00274658
-0.00274658
-0.00244141
-0.00244141
-0.00183105
-0.00152588
-0.00183105
-0.00213623
-0.00152588
-0.00122070
-0.00122070
-0.00091553
-0.00061035
-0.00030518
-0.00030518
-0.00061035
-0.00091553
-0.00091553
-0.00061035
-0.00061035
-0.00061035
-0.00061035
 0.00000000
 0.00061035
 0.00122070
 0.00152588
 0.00183105
 0.00213623
 0.00183105
 0.00213623
 0.00244141
 0.00244141
 0.00213623
 0.00213623
 0.00244141
 0.00244141
 0.00244141
 0.00274658
 0.00305176
 0.00335693
 0.00366211
 0.00366211
 0.00366211
 0.00366211
 0.00396729
 0.00427246
 0.00457764
 0.00427246
 0.00396729
 0.00396729
 0.00396729
 0.00396729
 0.00366211
 0.00366211
 0.00396729
 0.00427246
 0.00396729
 0.00396729
 0.00427246
 0.00457764
 0.00427246
 0.00396729
 0.00366211
 0.00396729
 0.00396729
 0.00396729
 0.00366211
 0.00305176
 0.00274658
 0.00274658
 0.00335693
 0.00305176
 0.00335693
 0.00335693
 0.00335693
 0.00305176
 0.00305176
 0.00274658
 0.00213623
 0.00152588
 0.00183105
 0.00183105
 0.00152588
 0.00091553
 0.00061035
 0.00091553
 0.00091553
 0.00091553
 0.00122070
 0.00122070
 0.00091553
 0.00091553
 0.00061035
 0.00030518
 0.00030518
 0.00030518
 0.00000000
-0.00030518
-0.00091553
-0.00152588
-0.00183105
-0.00183105
-0.00152588
-0.00152588
-0.00183105
-0.00213623
-0.00183105
-0.00152588
-0.00213623
-0.00274658
-0.00274658
-0.00274658
-0.00305176
-0.00335693
-0.00366211
-0.00427246
-0.00427246
-0.00396729
-0.00366211
-0.00335693
-0.00335693
-0.00305176
-0.00335693
-0.00335693
-0.00335693
-0.00335693
-0.00366211
-0.00396729
-0.00457764
-0.00488281
-0.00488281
-0.00488281
-0.00457764
-0.00457764
-0.00488281
-0.00488281
-0.00488281
-0.00488281
-0.00457764
-0.00427246
-0.00488281
-0.00488281
-0.00488281
-0.00549316
-0.00518799
-0.00518799
-0.00549316
-0.00549316
-0.00518799
-0.00488281
-0.00488281
-0.00488281
-0.00427246
-0.00396729
-0.00427246
-0.00427246
-0.00396729
-0.00335693
-0.00305176
-0.00366211
-0.00396729
-0.00396729
-0.00366211
-0.00335693
-0.00274658
-0.00244141
-0.00213623
-0.00213623
-0.00213623
-0.00152588
-0.00091553
-0.00091553
-0.00091553
-0.00091553
-0.00122070
-0.00122070
-0.00122070
-0.00122070
-0.00091553
-0.00061035
-0.00030518
 0.00000000
 0.00030518
 0.00091553
 0.00091553
 0.00091553
 0.00152588
 0.00213623
 0.00213623
 0.00213623
 0.00244141
 0.00213623
 0.00183105
 0.00183105
 0.00213623
 0.00244141
 0.00274658
 0.00274658
 0.00244141
 0.00305176
 0.00335693
 0.00366211
 0.00396729
 0.00427246
 0.00427246
 0.00427246
 0.00457764
 0.00457764
 0.00488281
 0.00457764
 0.00427246
 0.00427246
 0.00427246
 0.00457764
 0.00427246
 0.00427246
 0.00488281
 0.00549316
 0.00579834
 0.00610352
 0.00610352
 0.00579834
 0.00549316
 0.00549316
 0.00549316
 0.00549316
 0.00549316
 0.00488281
 0.00457764
 0.00457764
 0.00488281
 0.00518799
 0.00488281
 0.00488281
 0.00518799
 0.00549316
 0.00579834
 0.00518799
 0.00488281
 0.00488281
 0.00457764
 0.00427246
 0.00366211
 0.00335693
 0.00305176
 0.00274658
 0.00274658
 0.00305176
 0.00366211
 0.00366211
 0.00366211
 0.00335693
 0.00305176
 0.00366211
 0.00366211
 0.00305176
 0.00244141
 0.00213623
 0.00213623
 0.00152588
 0.00122070
 0.00061035
 0.00122070
 0.00152588
 0.00152588
 0.00183105
 0.00152588
 0.00152588
 0.00122070
 0.00122070
 0.00122070
 0.00122070
 0.00061035
 0.00000000
-0.00030518
-0.00061035
-0.00122070
-0.00183105
-0.00183105
-0.00183105
-0.00152588
-0.00122070
-0.00122070
-0.00152588
-0.00152588
-0.00152588
-0.00183105
-0.00213623
-0.00244141
-0.00305176
-0.00335693
-0.00335693
-0.00366211
-0.00366211
-0.00396729
-0.00427246
-0.00427246
-0.00366211
-0.00305176
-0.00274658
-0.00274658
-0.00274658
-0.00274658
-0.00274658
-0.00274658
-0.00274658
-0.00366211
-0.00427246
-0.00488281
-0.00518799
-0.00488281
-0.00457764
-0.00427246
-0.00396729
-0.00396729
-0.00366211
-0.00335693
-0.00274658
-0.00274658
-0.00305176
-0.00335693
-0.00366211
-0.00335693
-0.00366211
-0.00396729
-0.00427246
-0.00427246
-0.00366211
-0.00335693
-0.00335693
-0.00335693
-0.00305176
-0.00274658
-0.00274658
-0.00274658
-0.00274658
-0.00244141
-0.00213623
-0.00183105
-0.00244141
-0.00305176
-0.00305176
-0.00274658
-0.00244141
-0.00213623
-0.00213623
-0.00213623
-0.00213623
-0.00152588
-0.00091553
-0.00030518
-0.00030518
-0.00030518
 0.00000000
-0.00030518
-0.00061035
-0.00091553
-0.00122070
-0.00091553
-0.00030518
 0.00000000
 0.00030518
 0.00061035
 0.00122070
 0.00183105
 0.00213623
 0.00213623
 0.00244141
 0.00274658
 0.00274658
 0.00244141
 0.00183105
 0.00122070
 0.00122070
 0.00122070
 0.00122070
 0.00122070
 0.00152588
 0.00213623
 0.00244141
 0.00244141
 0.00244141
 0.00274658
 0.00305176
 0.00335693
 0.00305176
 0.00244141
 0.00213623
 0.00213623
 0.00122070
 0.00091553
 0.00091553
 0.00122070
 0.00152588
 0.00152588
 0.00122070
 0.00152588
 0.00213623
 0.00274658
 0.00274658
 0.00213623
 0.00183105
 0.00122070
 0.00091553
 0.00091553
 0.00061035
 0.00000000
-0.00061035
-0.00030518
-0.00030518
-0.00030518
 0.00000000
 0.00030518
 0.00091553
 0.00091553
 0.00091553
 0.00122070
 0.00091553
 0.00030518
-0.00030518
-0.00091553
-0.00122070
-0.00122070
-0.00122070
-0.00122070
-0.00122070
-0.00091553
-0.00061035
-0.00061035
-0.00030518
 0.00030518
 0.00000000
-0.00030518
-0.00061035
-0.00091553
-0.00122070
-0.00183105
-0.00213623
-0.00244141
-0.00213623
-0.00183105
-0.00213623
-0.00213623
-0.00183105
-0.00152588
-0.00152588
-0.00122070
-0.00091553
-0.00061035
-0.00061035
-0.00152588
-0.00183105
-0.00183105
-0.00244141
-0.00274658
-0.00335693
-0.00274658
-0.00213623
-0.00183105
-0.00152588
-0.00122070
-0.00122070
-0.00091553
-0.00061035
-0.00061035
-0.00061035
-0.00091553
-0.00091553
-0.00091553
-0.00152588
-0.00152588
-0.00122070
-0.00122070
-0.00061035
-0.00030518
-0.00030518
-0.00030518
 0.00030518
 0.00030518
 0.00030518
 0.00030518
 0.00030518
 0.00030518
 0.00000000
 0.00000000
 0.00000000
 0.00000000
 0.00030518
 0.00030518
 0.00061035
 0.00061035
 0.00030518
 0.00061035
 0.00122070
 0.00122070
 0.00152588
 0.00183105
 0.00213623
 0.00183105
 0.00152588
 0.00091553
 0.00091553
 0.00091553
 0.00091553
 0.00061035
 0.00061035
 0.00091553
 0.00122070
 0.00091553
 0.00091553
 0.00122070
 0.00152588
 0.00183105
 0.00152588
 0.00122070
 0.00091553
 0.00122070
 0.00122070
 0.00122070
 0.00122070
 0.00061035
 0.00061035
 0.00091553
 0.00091553
 0.00091553
 0.00122070
 0.00152588
 0.00183105
 0.00183105
 0.00213623
 0.00183105
 0.00152588
 0.00152588
 0.00122070
 0.00091553
 0.00091553
 0.00091553
 0.00091553
 0.00030518
 0.00030518
 0.00061035
 0.00091553
 0.00152588
 0.00152588
 0.00091553
 0.00091553
 0.00122070
 0.00122070
 0.00122070
 0.00122070
 0.00091553
 0.00061035
 0.00030518
-0.00030518
-0.00030518
-0.00030518
-0.00030518
 0.00000000
 0.00000000
-0.00030518
-0.00030518
 0.00000000
 0.00030518
 0.00030518
 0.00000000
-0.00030518
-0.00030518
-0.00030518
-0.00061035
-0.00091553
-0.00091553
-0.00122070
-0.00122070
-0.00152588
-0.00152588
-0.00122070
-0.00061035
-0.00061035
-0.00091553
-0.00122070
-0.00091553
-0.00061035
-0.00091553
-0.00061035
-0.00061035
-0.00122070
-0.00183105
-0.00244141
-0.00213623
-0.00183105
-0.00183105
-0.00183105
-0.00183105
-0.00152588
-0.00122070
-0.00122070
-0.00152588
-0.00152588
-0.00122070
-0.00152588
-0.00183105
-0.00152588
-0.00152588
-0.00122070
-0.00152588
-0.00152588
-0.00183105
-0.00213623
-0.00244141
-0.00213623
-0.00183105
-0.00152588
-0.00152588
-0.00183105
-0.00183105
-0.00152588
-0.00152588
-0.00183105
-0.00213623
-0.00213623
-0.00183105
-0.00152588
-0.00183105
-0.00213623
-0.00213623
-0.00213623
-0.00183105
-0.00213623
-0.00244141
-0.00244141
-0.00213623
-0.00213623
-0.00183105
-0.00183105
-0.00122070
-0.00122070
-0.00152588
-0.00122070
-0.00122070
-0.00183105
-0.00213623
-0.00213623
-0.00213623
-0.00183105
-0.00183105
-0.00213623
-0.00244141
-0.00183105
-0.00183105
-0.00183105
-0.00183105
-0.00183105
-0.00183105
-0.00152588
-0.00122070
-0.00152588
-0.00152588
-0.00122070
-0.00122070
-0.00152588
-0.00152588
-0.00091553
-0.00030518
-0.00030518
-0.00061035
-0.00091553
-0.00061035
 0.00000000
 0.00000000
 0.00000000
-0.00030518
-0.00061035
-0.00091553
-0.00061035
-0.00030518
 0.00000000
 0.00000000
 0.00000000
