-0.00061035
-0.00030518
 0.00000000
-0.00061035
-0.00061035
-0.00030518
-0.00030518
-0.00030518
-0.00030518
-0.00030518
-0.00030518
-0.00030518
-0.00061035
-0.00030518
 0.00030518
 0.00030518
 0.00000000
-0.00061035
-0.00091553
-0.00061035
-0.00030518
 0.00000000
 0.00030518
-0.00030518
-0.00061035
-0.00061035
-0.00061035
-0.00061035
-0.00030518
-0.00030518
-0.00030518
-0.00061035
-0.00061035
-0.00061035
-0.00030518
 0.00000000
 0.00000000
-0.00061035
-0.00061035
-0.00030518
-0.00061035
-0.00030518
-0.00030518
 0.00000000
 0.00000000
 0.00000000
 0.00030518
-0.00030518
-0.00030518
-0.00030518
-0.00030518
 0.00000000
 0.00000000
-0.00030518
-0.00061035
-0.00061035
-0.00061035
 0.00000000
 0.00030518
 0.00030518
 0.00030518
 0.00030518
-0.00030518
 0.00000000
-0.00030518
-0.00061035
-0.00091553
-0.00091553
-0.00061035
-0.00030518
-0.00030518
-0.00030518
-0.00030518
-0.00030518
-0.00030518
-0.00061035
-0.00061035
-0.00030518
 0.00030518
 0.00000000
-0.00061035
-0.00091553
-0.00091553
-0.00061035
-0.00030518
-0.00030518
-0.00030518
-0.00030518
-0.00030518
-0.00030518
 0.00000000
-0.00030518
-0.00061035
-0.00091553
 0.00000000
 0.00274658
 0.01007080
 0.02929688
 0.06988525
 0.14190674
 0.27862549
 0.45715332
 0.57861328
 0.54351807
 0.28076172
-0.17242432
-0.64788818
-0.76873779
-0.49560547
 0.15594482
 0.75225830
 1.24786377
 1.15661621
 0.29541016
-0.73760986
-1.40441895
-1.57196045
-1.24969482
-0.49682617
 0.43914795
 1.21734619
 1.68029785
 1.33911133
 0.39245605
-0.34912109
-0.66284180
-0.63537598
-0.33447266
 0.16296387
 0.70800781
 1.04034424
 0.90087891
 0.37933350
-0.27282715
-0.99761963
-1.54876709
-1.70562744
-1.42852783
-0.90911865
-0.36621094
 0.09063721
 0.59143066
 0.67871094
 0.50079346
 0.29052734
 0.09857178
 0.03753662
 0.17639160
 0.49621582
 0.92254639
 1.19781494
 0.92987061
-0.01739502
-1.17065430
-1.93176270
-2.08953857
-1.69799805
-0.91278076
 0.18585205
 1.07269287
 1.77978516
 1.94946289
 1.33483887
 0.48461914
-0.05523682
-0.38330078
-0.22552490
-0.02136230
 0.01281738
-0.15106201
-0.41992188
-0.68908691
-0.79498291
-0.72113037
-0.49438477
-0.26062012
-0.02532959
 0.29846191
 0.61584473
 0.77331543
 0.65368652
 0.35552979
 0.02807617
-0.47332764
-1.04339600
-1.45812988
-1.40777588
-1.00280762
-0.54748535
-0.38055420
-0.24719238
 0.07873535
 0.41778564
 0.77423096
 1.00524902
 0.96038818
 0.65948486
 0.32501221
 0.10559082
 0.01312256
-0.05401611
-0.23132324
-0.46783447
-0.61950684
-0.42999268
 0.03143311
 0.55267334
 1.00463867
 1.12976074
 0.74218750
 0.15808105
-0.28289795
-0.01312256
 0.38574219
 0.75683594
 0.70312500
-0.17486572
-0.97473145
-1.58203125
-1.77459717
-1.58355713
-1.12854004
-0.57983398
-0.20141602
 0.25085449
 0.60150146
 0.77026367
 0.92102051
 1.05957031
 1.17156982
 1.29180908
 1.48010254
 1.66076660
 1.55731201
 0.92620850
 0.11108398
-0.57861328
-0.74127197
-0.63873291
-0.52398682
-0.64422607
-1.06750488
-1.48040771
-1.57135010
-1.32110596
-0.84899902
-0.38574219
-0.19256592
-0.11138916
-0.02532959
 0.22308350
 0.55389404
 1.00036621
 1.25000000
 1.08459473
 0.60852051
 0.27587891
-0.01495361
-0.14556885
-0.19348145
-0.20385742
-0.13824463
 0.11535645
 0.57128906
 1.14227295
 1.64184570
 1.83624268
 1.62048340
 1.25488281
 0.97717285
 0.64788818
 0.01617432
-0.83221436
-1.69525146
-2.29492188
-2.46643066
-2.16735840
-1.49536133
-0.60516357
 0.23895264
 0.98632813
 1.54449463
 1.80572510
 1.73828125
 1.39373779
 0.82061768
 0.17425537
-0.43487549
-0.81939697
-1.01654053
-1.15783691
-1.30249023
-1.35162354
-1.17309570
-0.75469971
-0.14953613
 0.44311523
 0.97900391
 1.31042480
 1.42028809
 1.39038086
 1.25488281
 0.97808838
 0.51696777
-0.10559082
-0.78216553
-1.23626709
-1.32965088
-1.12579346
-0.75073242
-0.32928467
 0.10314941
 0.59967041
 0.95672607
 1.26831055
 1.49078369
 1.48254395
 1.14898682
 0.59875488
 0.06591797
-0.53710938
-1.01013184
-1.30493164
-1.38549805
-1.30035400
-1.07482910
-0.69396973
-0.20660400
 0.26824951
 0.67016602
 0.88287354
 1.04034424
 1.19537354
 1.24877930
 1.06079102
 0.58654785
-0.05706787
-0.71472168
-1.17736816
-1.40045166
-1.43280029
-1.32904053
-1.10717773
-0.78521729
-0.44342041
-0.16723633
 0.15106201
 0.48614502
 0.72662354
 0.81268311
 0.67504883
 0.37322998
 0.01342773
-0.43212891
-0.86547852
-1.26739502
-1.56829834
-1.69555664
-1.61865234
-1.34918213
-0.92590332
-0.39093018
 0.20355225
 0.84106445
 1.32781982
 1.52404785
 1.34918213
 0.95031738
 0.52856445
 0.20324707
-0.13488770
-0.42419434
-0.67749023
-0.91430664
-1.09375000
-1.16516113
-1.09252930
-0.85449219
-0.44525146
 0.09094238
 0.67993164
 1.19659424
 1.48101807
 1.44317627
 1.18041992
 0.82977295
 0.43853760
 0.04364014
-0.32073975
-0.56640625
-0.68603516
-0.71533203
-0.67352295
-0.57678223
-0.43060303
-0.25817871
-0.07476807
 0.07781982
 0.15899658
 0.18127441
 0.14282227
 0.02777100
-0.12573242
-0.27526855
-0.42144775
-0.58013916
-0.71624756
-0.77728271
-0.71624756
-0.53131104
-0.29357910
 0.00488281
 0.40496826
 0.75775146
 1.02081299
 1.16271973
 1.16424561
 1.04949951
 0.85662842
 0.62072754
 0.36834717
 0.11199951
-0.13092041
-0.27130127
-0.24810791
-0.05981445
 0.29083252
 0.73120117
 1.11541748
 1.32873535
 1.30584717
 1.13067627
 0.92529297
 0.71380615
 0.45837402
 0.15686035
-0.15258789
-0.41351318
-0.60180664
-0.72601318
-0.78826904
-0.78979492
-0.74096680
-0.64422607
-0.50292969
-0.34759521
-0.22552490
-0.13671875
-0.09429932
-0.10101318
-0.18615723
-0.32165527
-0.44067383
-0.53833008
-0.59692383
-0.59570313
-0.52825928
-0.39764404
-0.25451660
-0.03051758
 0.23803711
 0.53710938
 0.77941895
 0.99609375
 1.17858887
 1.30065918
 1.31286621
 1.16882324
 0.87738037
 0.50476074
 0.17364502
-0.15899658
-0.40710449
-0.54290771
-0.60211182
-0.60577393
-0.57464600
-0.52001953
-0.45959473
-0.40802002
-0.37078857
-0.33569336
-0.29113770
-0.26275635
-0.29144287
-0.40130615
-0.55999756
-0.72814941
-0.84442139
-0.86517334
-0.78369141
-0.62011719
-0.40985107
-0.23345947
-0.00091553
 0.22644043
 0.42449951
 0.53192139
 0.58624268
 0.58929443
 0.54412842
 0.45928955
 0.34912109
 0.23376465
 0.11688232
 0.02807617
-0.01617432
-0.01037598
 0.04455566
 0.14221191
 0.27984619
 0.39825439
 0.44311523
 0.43853760
 0.39642334
 0.32073975
 0.17700195
-0.00579834
-0.19744873
-0.38482666
-0.52581787
-0.60760498
-0.62957764
-0.59692383
-0.52062988
-0.40924072
-0.29296875
-0.15594482
-0.01953125
 0.08300781
 0.14038086
 0.16021729
 0.12268066
 0.05035400
-0.00732422
-0.04058838
-0.06286621
-0.07537842
-0.07232666
-0.04425049
 0.01739502
 0.12176514
 0.29296875
 0.48004150
 0.60577393
 0.66345215
 0.64727783
 0.58197021
 0.49560547
 0.39764404
 0.28808594
 0.16723633
 0.05554199
-0.01892090
-0.04272461
-0.01617432
 0.05004883
 0.13854980
 0.22888184
 0.30731201
 0.34576416
 0.35522461
 0.35003662
 0.33264160
 0.29754639
 0.26092529
 0.20751953
 0.12634277
 0.02014160
-0.10162354
-0.22430420
-0.32958984
-0.39031982
-0.38513184
-0.32257080
-0.23376465
-0.12634277
-0.03601074
 0.01617432
 0.02014160
-0.03692627
-0.13244629
-0.21606445
-0.27496338
-0.33294678
-0.39367676
-0.44860840
-0.49468994
-0.52703857
-0.53619385
-0.52062988
-0.47821045
-0.40527344
-0.31860352
-0.21392822
-0.08056641
 0.04577637
 0.14801025
 0.21057129
 0.21850586
 0.15838623
 0.06195068
-0.01556396
-0.06042480
-0.08148193
-0.07720947
-0.04913330
-0.00274658
 0.05584717
 0.11993408
 0.18280029
 0.24017334
 0.28991699
 0.32135010
 0.32562256
 0.31036377
 0.24810791
 0.15075684
 0.03143311
-0.08544922
-0.17639160
-0.22583008
-0.22827148
-0.18463135
-0.09796143
 0.02227783
 0.15655518
 0.29296875
 0.38330078
 0.40374756
 0.36651611
 0.30151367
 0.17578125
 0.05340576
-0.05096436
-0.14526367
-0.21728516
-0.25573730
-0.25756836
-0.22064209
-0.14373779
-0.02777100
 0.11566162
 0.28442383
 0.43334961
 0.52825928
 0.57250977
 0.56060791
 0.49072266
 0.38177490
 0.25329590
 0.12145996
-0.00305176
-0.10589600
-0.17730713
-0.21301270
-0.20843506
-0.16174316
-0.07293701
 0.04821777
 0.17913818
 0.30364990
 0.36437988
 0.34942627
 0.32775879
 0.19042969
 0.02593994
-0.12298584
-0.26123047
-0.38513184
-0.46936035
-0.50903320
-0.50384521
-0.46173096
-0.38452148
-0.30517578
-0.20477295
-0.09796143
-0.00671387
 0.05065918
 0.07415771
 0.03479004
-0.06500244
-0.18371582
-0.29113770
-0.39337158
-0.46813965
-0.50018311
-0.47973633
-0.40344238
-0.29815674
-0.14129639
 0.05371094
 0.27343750
 0.45898438
 0.56213379
 0.60272217
 0.58502197
 0.52154541
 0.42816162
 0.32806396
 0.23162842
 0.14526367
 0.08087158
 0.04058838
 0.02197266
 0.02044678
 0.03112793
 0.05035400
 0.07446289
 0.10040283
 0.12054443
 0.12145996
 0.08758545
 0.01373291
-0.08850098
-0.20385742
-0.31982422
-0.42510986
-0.49591064
-0.53131104
-0.52185059
-0.47180176
-0.39306641
-0.31707764
-0.22918701
-0.14831543
-0.09887695
-0.09094238
-0.15502930
-0.27587891
-0.40252686
-0.53253174
-0.65155029
-0.74432373
-0.79895020
-0.81756592
-0.79803467
-0.74218750
-0.65979004
-0.55328369
-0.43365479
-0.33721924
-0.24383545
-0.13214111
-0.03936768
 0.02624512
 0.05401611
 0.03845215
-0.00579834
-0.03662109
-0.03662109
-0.00946045
 0.04638672
 0.13488770
 0.26947021
 0.45135498
 0.60729980
 0.74981689
 0.86151123
 0.92712402
 0.94238281
 0.91369629
 0.84655762
 0.74829102
 0.63110352
 0.50903320
 0.39306641
 0.29815674
 0.22216797
 0.17517090
 0.16052246
 0.17639160
 0.21759033
 0.28137207
 0.36071777
 0.41046143
 0.42938232
 0.40710449
 0.34759521
 0.24810791
 0.13641357
 0.01312256
-0.12084961
-0.24871826
-0.35858154
-0.43640137
-0.47515869
-0.47576904
-0.44403076
-0.39367676
-0.33966064
-0.29907227
-0.25512695
-0.22399902
-0.21942139
-0.24566650
-0.28198242
-0.31433105
-0.34576416
-0.37536621
-0.38970947
-0.38177490
-0.34545898
-0.29174805
-0.20629883
-0.09460449
 0.03082275
 0.15319824
 0.25970459
 0.31951904
 0.32806396
 0.33660889
 0.30303955
 0.23651123
 0.17974854
 0.12512207
 0.08117676
 0.06317139
 0.07751465
 0.12176514
 0.19287109
 0.29815674
 0.40893555
 0.49224854
 0.54992676
 0.57495117
 0.56884766
 0.53558350
 0.47485352
 0.38787842
 0.28167725
 0.16448975
 0.05310059
-0.04028320
-0.10955811
-0.14801025
-0.15594482
-0.13885498
-0.10620117
-0.06988525
-0.04241943
-0.04364014
-0.09155273
-0.17120361
-0.26092529
-0.35522461
-0.46417236
-0.56945801
-0.66192627
-0.72998047
-0.76629639
-0.75775146
-0.70892334
-0.62377930
-0.51208496
-0.38940430
-0.30792236
-0.20751953
-0.10711670
-0.02777100
 0.01922607
 0.03173828
 0.00793457
-0.02380371
-0.03540039
-0.03082275
-0.01525879
 0.01281738
 0.05554199
 0.11230469
 0.18127441
 0.25970459
 0.35369873
 0.41656494
 0.45776367
 0.47271729
 0.46173096
 0.42602539
 0.37200928
 0.30456543
 0.23773193
 0.18127441
 0.14739990
 0.14038086
 0.15899658
 0.19958496
 0.25787354
 0.34667969
 0.41809082
 0.48065186
 0.52215576
 0.53985596
 0.53070068
 0.49896240
 0.44708252
 0.38269043
 0.31005859
 0.23498535
 0.16510010
 0.10467529
 0.05706787
 0.02502441
 0.00946045
 0.00946045
 0.02227783
 0.04241943
 0.06347656
 0.07720947
 0.07537842
 0.05401611
 0.01556396
-0.03295898
-0.08392334
-0.12908936
-0.16265869
-0.18005371
-0.18188477
-0.16998291
-0.14770508
-0.11901855
-0.08728027
-0.05584717
-0.02990723
-0.01464844
-0.01495361
-0.03173828
-0.06439209
-0.11108398
-0.16754150
-0.22674561
-0.28015137
-0.32348633
-0.34851074
-0.35278320
-0.34210205
-0.31951904
-0.28717041
-0.24688721
-0.20233154
-0.15960693
-0.12481689
-0.10986328
-0.11993408
-0.14587402
-0.17242432
-0.19622803
-0.21270752
-0.21759033
-0.20660400
-0.18127441
-0.14282227
-0.09460449
-0.03875732
 0.02105713
 0.08087158
 0.13519287
 0.17547607
 0.18737793
 0.16448975
 0.12573242
 0.08789063
 0.05432129
 0.02960205
 0.01983643
 0.02716064
 0.04974365
 0.08361816
 0.12298584
 0.16082764
 0.19042969
 0.20446777
 0.19927979
 0.17578125
 0.13336182
 0.07324219
-0.00335693
-0.09124756
-0.18402100
-0.27557373
-0.36315918
-0.43548584
-0.49072266
-0.52642822
-0.53985596
-0.53985596
-0.53314209
-0.52612305
-0.52032471
-0.52001953
-0.52307129
-0.52612305
-0.52154541
-0.50506592
-0.47729492
-0.43914795
-0.39184570
-0.34240723
-0.29449463
-0.23284912
-0.16143799
-0.08056641
 0.00518799
 0.08819580
 0.16204834
 0.22491455
 0.27587891
 0.30944824
 0.32379150
 0.32806396
 0.35583496
 0.38452148
 0.41595459
 0.45196533
 0.48675537
 0.51391602
 0.53283691
 0.54260254
 0.54595947
 0.53802490
 0.52001953
 0.48767090
 0.44677734
 0.40283203
 0.36132813
 0.32928467
 0.30273438
 0.27893066
 0.25390625
 0.22827148
 0.20202637
 0.17517090
 0.14892578
 0.12237549
 0.09094238
 0.05096436
 0.00335693
-0.04699707
-0.09552002
-0.13977051
-0.17639160
-0.20355225
-0.22247314
-0.23529053
-0.24353027
-0.24719238
-0.24871826
-0.24902344
-0.24810791
-0.24383545
-0.23406982
-0.21972656
-0.20202637
-0.18218994
-0.16052246
-0.13427734
-0.10192871
-0.06195068
-0.01525879
 0.03570557
 0.08758545
 0.13702393
 0.17974854
 0.21087646
 0.23071289
 0.24475098
 0.25695801
 0.26611328
 0.26916504
 0.26702881
 0.26275635
 0.25878906
 0.25451660
 0.24993896
 0.24505615
 0.23956299
 0.23162842
 0.21850586
 0.19775391
 0.16723633
 0.12695313
 0.08056641
 0.03265381
-0.01281738
-0.05401611
-0.08819580
-0.11444092
-0.13183594
-0.14190674
-0.14678955
-0.14678955
-0.14373779
-0.13946533
-0.13549805
-0.13061523
-0.12512207
-0.11962891
-0.11474609
-0.11169434
-0.11199951
-0.11566162
-0.12115479
-0.12573242
-0.12786865
-0.12695313
-0.12359619
-0.11871338
-0.11260986
-0.10681152
-0.10406494
-0.10589600
-0.11260986
-0.12329102
-0.13580322
-0.14862061
-0.15899658
-0.16632080
-0.17028809
-0.17089844
-0.16723633
-0.15899658
-0.14617920
-0.12939453
-0.11016846
-0.09033203
-0.07202148
-0.05523682
-0.03875732
-0.02227783
-0.00671387
 0.00732422
 0.01922607
 0.02929688
 0.03723145
 0.04364014
 0.05126953
 0.06134033
 0.07232666
 0.08209229
 0.09063721
 0.09765625
 0.10253906
 0.10406494
 0.10345459
 0.10101318
 0.09613037
 0.08666992
 0.07324219
 0.05584717
 0.03692627
 0.01892090
 0.00518799
-0.00152588
-0.00213623
 0.00213623
 0.00915527
 0.01708984
 0.02349854
 0.02838135
 0.03234863
 0.03753662
 0.04425049
 0.05065918
 0.05371094
 0.05096436
 0.04089355
 0.02380371
 0.00122070
-0.02197266
-0.04425049
-0.06530762
-0.08361816
-0.09826660
-0.10833740
-0.11444092
-0.11566162
-0.11138916
-0.10406494
-0.09704590
-0.09368896
-0.09460449
-0.09887695
-0.10528564
-0.11169434
-0.11596680
-0.11871338
-0.12084961
-0.12054443
-0.11566162
-0.10437012
-0.08728027
-0.06530762
-0.03875732
-0.01007080
 0.01953125
 0.04852295
 0.07751465
 0.10559082
 0.13061523
 0.15075684
 0.16662598
 0.17944336
 0.19104004
 0.20355225
 0.21850586
 0.23590088
 0.25543213
 0.27557373
 0.29571533
 0.31829834
 0.33660889
 0.35339355
 0.36315918
 0.37384033
 0.37719727
 0.37353516
 0.36437988
 0.35064697
 0.32714844
 0.29815674
 0.27130127
 0.24597168
 0.22247314
 0.19989014
 0.17700195
 0.15045166
 0.11932373
 0.08453369
 0.04821777
 0.01098633
-0.02929688
-0.07293701
-0.11901855
-0.16510010
-0.20812988
-0.24627686
-0.27740479
-0.29968262
-0.31463623
-0.31890869
-0.31341553
-0.29846191
-0.27984619
-0.25695801
-0.23101807
-0.20263672
-0.17272949
-0.14221191
-0.11260986
-0.08575439
-0.06317139
-0.04425049
-0.02532959
-0.00122070
 0.03021240
 0.06805420
 0.11047363
 0.15472412
 0.19836426
 0.23681641
 0.26733398
 0.28747559
 0.29632568
 0.29693604
 0.29022217
 0.27770996
 0.25970459
 0.23590088
 0.20721436
 0.17547607
 0.14343262
 0.11413574
 0.08911133
 0.06866455
 0.05035400
 0.03112793
 0.00732422
-0.02258301
-0.05645752
-0.09399414
-0.13458252
-0.17608643
-0.21728516
-0.25390625
-0.28228760
-0.30090332
-0.31097412
-0.31219482
-0.30426025
-0.29296875
-0.27679443
-0.25665283
-0.23406982
-0.21301270
-0.19836426
-0.19378662
-0.19897461
-0.20874023
-0.21881104
-0.22735596
-0.23376465
-0.23742676
-0.23742676
-0.23345947
-0.22521973
-0.21423340
-0.20172119
-0.19073486
-0.18218994
-0.17547607
-0.17120361
-0.16845703
-0.16876221
-0.17333984
-0.18035889
-0.18585205
-0.18554688
-0.17639160
-0.15716553
-0.12878418
-0.09399414
-0.05432129
-0.01220703
 0.02960205
 0.06713867
 0.09521484
 0.10864258
 0.10955811
 0.10467529
 0.10009766
 0.09826660
 0.09979248
 0.10437012
 0.11108398
 0.12023926
 0.13153076
 0.14495850
 0.16052246
 0.17700195
 0.19195557
 0.20202637
 0.20294189
 0.19226074
 0.17120361
 0.14160156
 0.10681152
 0.07171631
 0.04211426
 0.02105713
 0.00915527
 0.00396729
 0.00335693
 0.00396729
 0.00366211
 0.00152588
-0.00122070
-0.00396729
-0.00854492
-0.01678467
-0.03051758
-0.04974365
-0.07324219
-0.09735107
-0.11840820
-0.13305664
-0.13824463
-0.13366699
-0.11993408
-0.09857178
-0.07171631
-0.04394531
-0.01892090
-0.00061035
 0.00946045
 0.01281738
 0.01281738
 0.01220703
 0.01281738
 0.01647949
 0.02410889
 0.03631592
 0.05310059
 0.07476807
 0.10101318
 0.13153076
 0.16479492
 0.19744873
 0.22521973
 0.24322510
 0.24841309
 0.24139404
 0.22552490
 0.20294189
 0.17547607
 0.14556885
 0.11505127
 0.08728027
 0.06561279
 0.05004883
 0.04058838
 0.03753662
 0.03845215
 0.04028320
 0.04028320
 0.03631592
 0.02746582
 0.01159668
-0.01068115
-0.03753662
-0.06652832
-0.09460449
-0.11840820
-0.13641357
-0.14678955
-0.14892578
-0.14404297
-0.13275146
-0.11749268
-0.09826660
-0.07751465
-0.05706787
-0.04028320
-0.03082275
-0.03143311
-0.04089355
-0.05584717
-0.07263184
-0.08880615
-0.10040283
-0.10345459
-0.09674072
-0.08117676
-0.05828857
-0.03051758
-0.00183105
 0.02380371
 0.04241943
 0.05218506
 0.05340576
 0.04608154
 0.03021240
 0.00732422
-0.02014160
-0.04913330
-0.07598877
-0.09826660
-0.11291504
-0.11962891
-0.11779785
-0.10864258
-0.09399414
-0.07751465
-0.06164551
-0.05004883
-0.04394531
-0.04364014
-0.04852295
-0.05706787
-0.06561279
-0.07110596
-0.07049561
-0.06225586
-0.04547119
-0.02044678
 0.01220703
 0.05004883
 0.09063721
 0.13122559
 0.16754150
 0.19470215
 0.20843506
 0.20812988
 0.19683838
 0.17883301
 0.15594482
 0.13153076
 0.10864258
 0.08850098
 0.07324219
 0.06317139
 0.05889893
 0.06072998
 0.06713867
 0.07629395
 0.08575439
 0.09216309
 0.09307861
 0.08605957
 0.07202148
 0.05218506
 0.02746582
 0.00183105
-0.02075195
-0.03723145
-0.04516602
-0.04364014
-0.03417969
-0.01708984
 0.00579834
 0.03173828
 0.05920410
 0.08483887
 0.10498047
 0.11718750
 0.12176514
 0.11871338
 0.10955811
 0.09704590
 0.08361816
 0.07141113
 0.06286621
 0.06011963
 0.06469727
 0.07568359
 0.09185791
 0.11047363
 0.12756348
 0.14007568
 0.14587402
 0.14526367
 0.13885498
 0.12817383
 0.11444092
 0.09887695
 0.08239746
 0.06744385
 0.05554199
 0.04821777
 0.04486084
 0.04486084
 0.04699707
 0.05187988
 0.05828857
 0.06439209
 0.06805420
 0.06652832
 0.05798340
 0.04180908
 0.02075195
-0.00305176
-0.02624512
-0.04699707
-0.06378174
-0.07537842
-0.08178711
-0.08300781
-0.07873535
-0.06927490
-0.05706787
-0.04547119
-0.03814697
-0.03753662
-0.04455566
-0.05859375
-0.07781982
-0.10009766
-0.12359619
-0.14617920
-0.16448975
-0.17639160
-0.18127441
-0.17883301
-0.17059326
-0.15625000
-0.13793945
-0.11627197
-0.09399414
-0.07385254
-0.05920410
-0.05218506
-0.05279541
-0.05767822
-0.06500244
-0.07293701
-0.08178711
-0.09033203
-0.09704590
-0.10009766
-0.09796143
-0.08880615
-0.07324219
-0.05340576
-0.03326416
-0.01708984
-0.00640869
-0.00122070
 0.00000000
-0.00244141
-0.00885010
-0.01892090
-0.03173828
-0.04455566
-0.05554199
-0.06378174
-0.06866455
-0.06958008
-0.06622314
-0.05859375
-0.04760742
-0.03570557
-0.02624512
-0.02227783
-0.02441406
-0.03082275
-0.03967285
-0.05004883
-0.06256104
-0.07598877
-0.08850098
-0.09735107
-0.10040283
-0.09735107
-0.08880615
-0.07690430
-0.06347656
-0.05126953
-0.04058838
-0.03112793
-0.02380371
-0.01861572
-0.01770020
-0.02197266
-0.03021240
-0.04089355
-0.05126953
-0.05981445
-0.06469727
-0.06469727
-0.05889893
-0.04760742
-0.03295898
-0.01617432
-0.00061035
 0.01129150
 0.01831055
 0.02044678
 0.01892090
 0.01434326
 0.00640869
-0.00427246
-0.01586914
-0.02563477
-0.03173828
-0.03295898
-0.02899170
-0.02075195
-0.00885010
 0.00549316
 0.02197266
 0.04150391
 0.06256104
 0.08453369
 0.10406494
 0.11810303
 0.12512207
 0.12542725
 0.12176514
 0.11749268
 0.11413574
 0.11169434
 0.11047363
 0.11047363
 0.11077881
 0.11138916
 0.11230469
 0.11352539
 0.11413574
 0.11383057
 0.11169434
 0.10711670
 0.09979248
 0.08880615
 0.07385254
 0.05584717
 0.03570557
 0.01586914
-0.00183105
-0.01556396
-0.02410889
-0.02838135
-0.02777100
-0.02258301
-0.01464844
-0.00518799
 0.00366211
 0.01007080
 0.01281738
 0.01190186
 0.00823975
 0.00366211
-0.00091553
-0.00610352
-0.01159668
-0.01708984
-0.02075195
-0.02166748
-0.01739502
-0.00701904
 0.00823975
 0.02624512
 0.04333496
 0.05737305
 0.06652832
 0.07110596
 0.07202148
 0.07141113
 0.06988525
 0.06805420
 0.06652832
 0.06591797
 0.06774902
 0.07232666
 0.08056641
 0.09307861
 0.11016846
 0.13122559
 0.15380859
 0.17578125
 0.19317627
 0.20355225
 0.20599365
 0.20050049
 0.18707275
 0.16632080
 0.14068604
 0.11474609
 0.09094238
 0.06958008
 0.05065918
 0.03509521
 0.02166748
 0.00915527
-0.00335693
-0.01647949
-0.03082275
-0.04760742
-0.06774902
-0.09277344
-0.12268066
-0.15655518
-0.19195557
-0.22766113
-0.26214600
-0.29174805
-0.31646729
-0.32958984
-0.33508301
-0.33203125
-0.32379150
-0.30914307
-0.29266357
-0.27648926
-0.26062012
-0.24414063
-0.22857666
-0.21484375
-0.20385742
-0.19653320
-0.19012451
-0.18127441
-0.16754150
-0.14739990
-0.12115479
-0.08758545
-0.04852295
-0.00579834
 0.03845215
 0.08026123
 0.11596680
 0.14160156
 0.15716553
 0.16571045
 0.17150879
 0.17425537
 0.17425537
 0.17059326
 0.16510010
 0.15991211
 0.15747070
 0.15899658
 0.16479492
 0.17395020
 0.18524170
 0.19592285
 0.20355225
 0.20568848
 0.19897461
 0.18188477
 0.15472412
 0.12054443
 0.08300781
 0.04394531
 0.00640869
-0.02838135
-0.05920410
-0.08544922
-0.10650635
-0.12207031
-0.13122559
-0.13488770
-0.13458252
-0.13244629
-0.13000488
-0.13000488
-0.13427734
-0.14343262
-0.15716553
-0.17272949
-0.18585205
-0.19256592
-0.19104004
-0.18066406
-0.16204834
-0.13549805
-0.10284424
-0.06530762
-0.02471924
 0.01647949
 0.05493164
 0.08819580
 0.11230469
 0.12756348
 0.13549805
 0.13916016
 0.14038086
 0.14007568
 0.14038086
 0.14404297
 0.15319824
 0.16815186
 0.18829346
 0.21118164
 0.23406982
 0.25390625
 0.26855469
 0.27618408
 0.27709961
 0.27069092
 0.25726318
 0.23712158
 0.21209717
 0.18463135
 0.15716553
 0.13244629
 0.11260986
 0.09857178
 0.08941650
 0.08605957
 0.08728027
 0.09063721
 0.09277344
 0.09124756
 0.08270264
 0.06622314
 0.04241943
 0.01312256
-0.01953125
-0.05310059
-0.08483887
-0.11199951
-0.13214111
-0.14465332
-0.15014648
-0.14923096
-0.14190674
-0.13031006
-0.11596680
-0.10009766
-0.08605957
-0.07781982
-0.07720947
-0.08636475
-0.10284424
-0.12329102
-0.14343262
-0.16021729
-0.17150879
-0.17456055
-0.16937256
-0.15533447
-0.13458252
-0.10864258
-0.07934570
-0.05004883
-0.02349854
-0.00244141
 0.01129150
 0.01739502
 0.01617432
 0.00854492
-0.00457764
-0.02044678
-0.03479004
-0.04608154
-0.05310059
-0.05523682
-0.05157471
-0.04150391
-0.02624512
-0.00823975
 0.00976563
 0.02349854
 0.02929688
 0.02502441
 0.01190186
-0.00732422
-0.02960205
-0.05187988
-0.07263184
-0.09033203
-0.10375977
-0.11077881
-0.11047363
-0.10345459
-0.09063721
-0.07354736
-0.05432129
-0.03570557
-0.02044678
-0.01098633
-0.00793457
-0.01190186
-0.02136230
-0.03509521
-0.05065918
-0.06530762
-0.07720947
-0.08483887
-0.08666992
-0.08209229
-0.07202148
-0.05645752
-0.03784180
-0.01892090
-0.00335693
 0.00610352
 0.00793457
 0.00274658
-0.00854492
-0.02441406
-0.04272461
-0.06072998
-0.07598877
-0.08575439
-0.08728027
-0.08056641
-0.06591797
-0.04577637
-0.02166748
 0.00366211
 0.02807617
 0.04913330
 0.06439209
 0.07324219
 0.07598877
 0.07446289
 0.06866455
 0.06072998
 0.05310059
 0.04913330
 0.05035400
 0.05828857
 0.07354736
 0.09429932
 0.11810303
 0.14160156
 0.16204834
 0.17791748
 0.18707275
 0.19012451
 0.18646240
 0.17425537
 0.15502930
 0.13000488
 0.10314941
 0.07781982
 0.05615234
 0.03936768
 0.02929688
 0.02532959
 0.02655029
 0.02929688
 0.03295898
 0.03570557
 0.03631592
 0.03295898
 0.02441406
 0.01007080
-0.01007080
-0.03417969
-0.05859375
-0.08087158
-0.09887695
-0.10986328
-0.11383057
-0.11047363
-0.10101318
-0.08728027
-0.07141113
-0.05554199
-0.04119873
-0.03082275
-0.02471924
-0.02258301
-0.02441406
-0.02929688
-0.03601074
-0.04180908
-0.04486084
-0.04425049
-0.03814697
-0.02624512
-0.00823975
 0.01525879
 0.04333496
 0.07354736
 0.10223389
 0.12542725
 0.13977051
 0.14404297
 0.14068604
 0.13244629
 0.12054443
 0.10620117
 0.09094238
 0.07659912
 0.06469727
 0.05645752
 0.05249023
 0.05187988
 0.05310059
 0.05432129
 0.05401611
 0.05065918
 0.04302979
 0.02960205
 0.00946045
-0.01556396
-0.04241943
-0.06927490
-0.09399414
-0.11413574
-0.12969971
-0.13977051
-0.14495850
-0.14465332
-0.13885498
-0.12847900
-0.11535645
-0.10162354
-0.09002686
-0.08148193
-0.07690430
-0.07507324
-0.07629395
-0.07995605
-0.08575439
-0.09216309
-0.09674072
-0.09643555
-0.08941650
-0.07629395
-0.05798340
-0.03662109
-0.01464844
 0.00640869
 0.02532959
 0.04058838
 0.05157471
 0.05706787
 0.05645752
 0.05187988
 0.04547119
 0.03936768
 0.03387451
 0.02929688
 0.02655029
 0.02746582
 0.03173828
 0.03906250
 0.04882813
 0.05798340
 0.06378174
 0.06530762
 0.06225586
 0.05432129
 0.04150391
 0.02410889
 0.00366211
-0.01800537
-0.03906250
-0.05828857
-0.07385254
-0.08514404
-0.09338379
-0.09857178
-0.10009766
-0.09735107
-0.09124756
-0.08331299
-0.07568359
-0.06958008
-0.06713867
-0.06805420
-0.07110596
-0.07415771
-0.07629395
-0.07751465
-0.07720947
-0.07537842
-0.07019043
-0.06042480
-0.04486084
-0.02502441
-0.00183105
 0.02258301
 0.04638672
 0.06774902
 0.08575439
 0.09948730
 0.10955811
 0.11566162
 0.11840820
 0.11901855
 0.11810303
 0.11596680
 0.11322021
 0.11047363
 0.10864258
 0.10894775
 0.11199951
 0.11749268
 0.12420654
 0.13000488
 0.13214111
 0.13061523
 0.12573242
 0.11932373
 0.11199951
 0.10345459
 0.09368896
 0.08270264
 0.07232666
 0.06408691
 0.05920410
 0.05828857
 0.06134033
 0.06744385
 0.07446289
 0.08178711
 0.08972168
 0.09796143
 0.10437012
 0.10742188
 0.10589600
 0.10009766
 0.09185791
 0.08209229
 0.07263184
 0.06439209
 0.05767822
 0.05218506
 0.04913330
 0.04821777
 0.04852295
 0.04882813
 0.04821777
 0.04577637
 0.04119873
 0.03479004
 0.02685547
 0.01708984
 0.00549316
-0.00823975
-0.02288818
-0.03692627
-0.04882813
-0.05706787
-0.06164551
-0.06317139
-0.06225586
-0.06011963
-0.05615234
-0.05126953
-0.04638672
-0.04364014
-0.04425049
-0.04760742
-0.05279541
-0.05798340
-0.06225586
-0.06469727
-0.06591797
-0.06652832
-0.06591797
-0.06408691
-0.06011963
-0.05371094
-0.04547119
-0.03723145
-0.02960205
-0.02410889
-0.02136230
-0.02105713
-0.02380371
-0.02929688
-0.03692627
-0.04486084
-0.05157471
-0.05615234
-0.05798340
-0.05676270
-0.05371094
-0.04943848
-0.04486084
-0.04058838
-0.03631592
-0.03265381
-0.03173828
-0.03295898
-0.03753662
-0.04364014
-0.05035400
-0.05737305
-0.06469727
-0.07202148
-0.07904053
-0.08544922
-0.09094238
-0.09521484
-0.09796143
-0.09948730
-0.10192871
-0.10498047
-0.10803223
-0.11077881
-0.11474609
-0.11962891
-0.12664795
-0.13549805
-0.14526367
-0.15380859
-0.15960693
-0.16204834
-0.16052246
-0.15655518
-0.15106201
-0.14343262
-0.13488770
-0.12573242
-0.11596680
-0.10559082
-0.09552002
-0.08575439
-0.07629395
-0.06744385
-0.05920410
-0.05187988
-0.04608154
-0.04028320
-0.03326416
-0.02441406
-0.01464844
-0.00427246
 0.00640869
 0.01739502
 0.02807617
 0.03845215
 0.04821777
 0.05798340
 0.06652832
 0.07324219
 0.07812500
 0.08148193
 0.08422852
 0.08697510
 0.09002686
 0.09338379
 0.09552002
 0.09765625
 0.10040283
 0.10345459
 0.10772705
 0.11291504
 0.11779785
 0.12237549
 0.12512207
 0.12481689
 0.12145996
 0.11535645
 0.10742188
 0.09826660
 0.09063721
 0.08453369
 0.07965088
 0.07507324
 0.07080078
 0.06591797
 0.06103516
 0.05645752
 0.05249023
 0.04852295
 0.04364014
 0.03784180
 0.03204346
 0.02624512
 0.02014160
 0.01434326
 0.00976563
 0.00640869
 0.00274658
-0.00061035
-0.00274658
-0.00274658
-0.00091553
 0.00274658
 0.00823975
 0.01434326
 0.01953125
 0.02197266
 0.02197266
 0.02075195
 0.02014160
 0.01983643
 0.01983643
 0.02044678
 0.02166748
 0.02319336
 0.02471924
 0.02685547
 0.02960205
 0.03417969
 0.04028320
 0.04791260
 0.05615234
 0.06439209
 0.07141113
 0.07629395
 0.07751465
 0.07629395
 0.07324219
 0.07019043
 0.06744385
 0.06500244
 0.06317139
 0.06072998
 0.05798340
 0.05462646
 0.05035400
 0.04547119
 0.03936768
 0.03265381
 0.02532959
 0.01739502
 0.00823975
-0.00244141
-0.01495361
-0.02960205
-0.04547119
-0.06195068
-0.07843018
-0.09399414
-0.10681152
-0.11688232
-0.12481689
-0.13122559
-0.13702393
-0.14190674
-0.14526367
-0.14770508
-0.14892578
-0.14953613
-0.14984131
-0.15045166
-0.15075684
-0.15045166
-0.14953613
-0.14770508
-0.14343262
-0.13671875
-0.12695313
-0.11444092
-0.10040283
-0.08575439
-0.07110596
-0.05615234
-0.04150391
-0.02807617
-0.01647949
-0.00640869
 0.00152588
 0.00701904
 0.01129150
 0.01556396
 0.01983643
 0.02441406
 0.02990723
 0.03540039
 0.03997803
 0.04425049
 0.04821777
 0.05157471
 0.05371094
 0.05432129
 0.05310059
 0.05096436
 0.04760742
 0.04302979
 0.03692627
 0.03021240
 0.02380371
 0.01739502
 0.01190186
 0.00793457
 0.00549316
 0.00427246
 0.00396729
 0.00427246
 0.00427246
 0.00396729
 0.00335693
 0.00274658
 0.00213623
 0.00244141
 0.00305176
 0.00488281
 0.00793457
 0.01190186
 0.01678467
 0.02197266
 0.02899170
 0.03692627
 0.04608154
 0.05554199
 0.06469727
 0.07354736
 0.08056641
 0.08605957
 0.09002686
 0.09338379
 0.09613037
 0.09826660
 0.09948730
 0.10040283
 0.10192871
 0.10406494
 0.10559082
 0.10711670
 0.10864258
 0.10894775
 0.10864258
 0.10833740
 0.10833740
 0.10772705
 0.10711670
 0.10559082
 0.10284424
 0.09857178
 0.09216309
 0.08422852
 0.07568359
 0.06774902
 0.06103516
 0.05493164
 0.05004883
 0.04547119
 0.04089355
 0.03631592
 0.03265381
 0.02990723
 0.02807617
 0.02685547
 0.02624512
 0.02563477
 0.02471924
 0.02319336
 0.02044678
 0.01770020
 0.01495361
 0.01342773
 0.01220703
 0.01129150
 0.01007080
 0.00915527
 0.00793457
 0.00671387
 0.00579834
 0.00457764
 0.00274658
 0.00061035
-0.00213623
-0.00579834
-0.00976563
-0.01403809
-0.01831055
-0.02380371
-0.02990723
-0.03662109
-0.04364014
-0.05004883
-0.05523682
-0.05950928
-0.06286621
-0.06561279
-0.06896973
-0.07232666
-0.07385254
-0.07354736
-0.07263184
-0.07141113
-0.07110596
-0.07110596
-0.07141113
-0.07171631
-0.07141113
-0.07019043
-0.06774902
-0.06408691
-0.05950928
-0.05340576
-0.04699707
-0.04119873
-0.03631592
-0.03234863
-0.02868652
-0.02593994
-0.02502441
-0.02593994
-0.02899170
-0.03265381
-0.03753662
-0.04272461
-0.04760742
-0.05187988
-0.05554199
-0.05828857
-0.06042480
-0.06195068
-0.06225586
-0.06195068
-0.06195068
-0.06256104
-0.06378174
-0.06591797
-0.06774902
-0.06988525
-0.07110596
-0.07171631
-0.07110596
-0.06927490
-0.06591797
-0.06195068
-0.05706787
-0.05157471
-0.04547119
-0.03906250
-0.03265381
-0.02746582
-0.02471924
-0.02349854
-0.02441406
-0.02655029
-0.02899170
-0.03051758
-0.03112793
-0.03112793
-0.03082275
-0.03051758
-0.02990723
-0.02838135
-0.02471924
-0.01922607
-0.01220703
-0.00518799
 0.00091553
 0.00457764
 0.00671387
 0.00732422
 0.00793457
 0.00885010
 0.01037598
 0.01220703
 0.01373291
 0.01556396
 0.01708984
 0.01953125
 0.02166748
 0.02441406
 0.02777100
 0.03143311
 0.03448486
 0.03601074
 0.03723145
 0.03784180
 0.03692627
 0.03356934
 0.02838135
 0.02166748
 0.01556396
 0.01037598
 0.00762939
 0.00762939
 0.01007080
 0.01434326
 0.01892090
 0.02319336
 0.02624512
 0.02868652
 0.03051758
 0.03143311
 0.03326416
 0.03540039
 0.03631592
 0.03540039
 0.03204346
 0.02807617
 0.02471924
 0.02349854
 0.02471924
 0.02868652
 0.03326416
 0.03875732
 0.04333496
 0.04608154
 0.04669189
 0.04516602
 0.04150391
 0.03662109
 0.03082275
 0.02502441
 0.02014160
 0.01708984
 0.01434326
 0.01251221
 0.01190186
 0.01312256
 0.01556396
 0.01831055
 0.02166748
 0.02502441
 0.02716064
 0.02746582
 0.02532959
 0.02197266
 0.01831055
 0.01464844
 0.01159668
 0.01007080
 0.01037598
 0.01220703
 0.01525879
 0.02014160
 0.02563477
 0.02990723
 0.03326416
 0.03540039
 0.03540039
 0.03356934
 0.02960205
 0.02410889
 0.01739502
 0.01098633
 0.00579834
 0.00213623
 0.00030518
-0.00061035
-0.00030518
 0.00091553
 0.00274658
 0.00518799
 0.00701904
 0.00854492
 0.00823975
 0.00549316
 0.00091553
-0.00518799
-0.01129150
-0.01678467
-0.02136230
-0.02410889
-0.02624512
-0.02685547
-0.02655029
-0.02441406
-0.02136230
-0.01892090
-0.01739502
-0.01708984
-0.01922607
-0.02380371
-0.03082275
-0.03875732
-0.04608154
-0.05310059
-0.05798340
-0.06134033
-0.06286621
-0.06286621
-0.06256104
-0.06103516
-0.05828857
-0.05523682
-0.05310059
-0.05126953
-0.05126953
-0.05218506
-0.05340576
-0.05523682
-0.05645752
-0.05767822
-0.05706787
-0.05554199
-0.05249023
-0.04791260
-0.04058838
-0.03173828
-0.02197266
-0.01220703
-0.00305176
 0.00427246
 0.01007080
 0.01464844
 0.01861572
 0.02258301
 0.02593994
 0.02868652
 0.03143311
 0.03417969
 0.03692627
 0.03875732
 0.04058838
 0.04211426
 0.04455566
 0.04760742
 0.05035400
 0.05218506
 0.05187988
 0.04974365
 0.04577637
 0.04150391
 0.03601074
 0.03021240
 0.02349854
 0.01678467
 0.01007080
 0.00305176
-0.00335693
-0.00885010
-0.01403809
-0.01922607
-0.02502441
-0.02960205
-0.03265381
-0.03479004
-0.03662109
-0.03814697
-0.03967285
-0.04180908
-0.04333496
-0.04394531
-0.04394531
-0.04302979
-0.04089355
-0.03723145
-0.03265381
-0.02716064
-0.02166748
-0.01586914
-0.01037598
-0.00457764
 0.00213623
 0.01007080
 0.01892090
 0.02807617
 0.03662109
 0.04394531
 0.05065918
 0.05676270
 0.06225586
 0.06774902
 0.07263184
 0.07690430
 0.08056641
 0.08392334
 0.08728027
 0.09033203
 0.09338379
 0.09613037
 0.09857178
 0.10040283
 0.10101318
 0.09979248
 0.09613037
 0.09063721
 0.08392334
 0.07598877
 0.06713867
 0.05767822
 0.04882813
 0.04058838
 0.03234863
 0.02471924
 0.01770020
 0.01129150
 0.00579834
 0.00061035
-0.00488281
-0.01007080
-0.01434326
-0.01800537
-0.02227783
-0.02807617
-0.03448486
-0.04028320
-0.04516602
-0.04821777
-0.05035400
-0.05096436
-0.05004883
-0.04699707
-0.04272461
-0.03845215
-0.03448486
-0.03143311
-0.02899170
-0.02777100
-0.02685547
-0.02624512
-0.02563477
-0.02532959
-0.02563477
-0.02685547
-0.02807617
-0.02838135
-0.02746582
-0.02471924
-0.02014160
-0.01342773
-0.00457764
 0.00366211
 0.01068115
 0.01464844
 0.01586914
 0.01464844
 0.01159668
 0.00823975
 0.00457764
 0.00091553
-0.00305176
-0.00671387
-0.01037598
-0.01312256
-0.01525879
-0.01708984
-0.01770020
-0.01708984
-0.01647949
-0.01647949
-0.01708984
-0.01861572
-0.02227783
-0.02807617
-0.03479004
-0.04180908
-0.04791260
-0.05249023
-0.05584717
-0.05767822
-0.05828857
-0.05767822
-0.05615234
-0.05401611
-0.05187988
-0.04943848
-0.04730225
-0.04608154
-0.04547119
-0.04577637
-0.04608154
-0.04669189
-0.04730225
-0.04638672
-0.04425049
-0.03967285
-0.03234863
-0.02319336
-0.01373291
-0.00457764
 0.00244141
 0.00762939
 0.01098633
 0.01312256
 0.01312256
 0.01190186
 0.00976563
 0.00701904
 0.00396729
 0.00091553
-0.00122070
-0.00152588
 0.00000000
 0.00274658
 0.00671387
 0.01129150
 0.01556396
 0.01892090
 0.02044678
 0.01983643
 0.01708984
 0.01342773
 0.00976563
 0.00640869
 0.00305176
 0.00000000
-0.00244141
-0.00396729
-0.00366211
-0.00213623
 0.00091553
 0.00488281
 0.00885010
 0.01190186
 0.01403809
 0.01342773
 0.01068115
 0.00488281
-0.00213623
-0.00976563
-0.01617432
-0.02075195
-0.02349854
-0.02410889
-0.02288818
-0.01953125
-0.01434326
-0.00793457
-0.00061035
 0.00579834
 0.01098633
 0.01495361
 0.01678467
 0.01617432
 0.01373291
 0.01068115
 0.00793457
 0.00579834
 0.00549316
 0.00701904
 0.01037598
 0.01586914
 0.02227783
 0.02929688
 0.03631592
 0.04241943
 0.04730225
 0.05004883
 0.05004883
 0.04730225
 0.04302979
 0.03784180
 0.03204346
 0.02746582
 0.02441406
 0.02288818
 0.02319336
 0.02502441
 0.02807617
 0.03204346
 0.03631592
 0.03967285
 0.04089355
 0.03967285
 0.03601074
 0.02990723
 0.02227783
 0.01373291
 0.00518799
-0.00335693
-0.01129150
-0.01708984
-0.01922607
-0.01800537
-0.01464844
-0.00915527
-0.00305176
 0.00183105
 0.00396729
 0.00366211
 0.00183105
-0.00183105
-0.00610352
-0.01037598
-0.01464844
-0.01922607
-0.02288818
-0.02593994
-0.02716064
-0.02624512
-0.02288818
-0.01647949
-0.00793457
 0.00152588
 0.01007080
 0.01708984
 0.02197266
 0.02410889
 0.02441406
 0.02380371
 0.02227783
 0.02075195
 0.02014160
 0.02075195
 0.02258301
 0.02624512
 0.03173828
 0.03784180
 0.04425049
 0.05035400
 0.05554199
 0.05920410
 0.06134033
 0.06195068
 0.05981445
 0.05462646
 0.04730225
 0.03784180
 0.02807617
 0.01922607
 0.01190186
 0.00579834
 0.00061035
-0.00396729
-0.00854492
-0.01281738
-0.01678467
-0.02105713
-0.02532959
-0.03082275
-0.03906250
-0.04882813
-0.06011963
-0.07141113
-0.08178711
-0.09094238
-0.09765625
-0.10162354
-0.10284424
-0.10162354
-0.09857178
-0.09368896
-0.08880615
-0.08331299
-0.07751465
-0.07171631
-0.06622314
-0.06164551
-0.05828857
-0.05706787
-0.05706787
-0.05706787
-0.05523682
-0.05065918
-0.04394531
-0.03448486
-0.02258301
-0.00885010
 0.00549316
 0.01922607
 0.03082275
 0.04058838
 0.04821777
 0.05401611
 0.05889893
 0.06317139
 0.06683350
 0.06988525
 0.07171631
 0.07202148
 0.07202148
 0.07232666
 0.07385254
 0.07751465
 0.08239746
 0.08728027
 0.09216309
 0.09582520
 0.09643555
 0.09307861
 0.08666992
 0.07843018
 0.06866455
 0.05767822
 0.04669189
 0.03570557
 0.02502441
 0.01525879
 0.00610352
-0.00183105
-0.00823975
-0.01220703
-0.01434326
-0.01556396
-0.01739502
-0.02136230
-0.02716064
-0.03417969
-0.04302979
-0.05249023
-0.06072998
-0.06683350
-0.07080078
-0.07202148
-0.07141113
-0.06805420
-0.06195068
-0.05401611
-0.04364014
-0.03173828
-0.01922607
-0.00671387
 0.00488281
 0.01434326
 0.02136230
 0.02532959
 0.02777100
 0.02990723
 0.03204346
 0.03570557
 0.03997803
 0.04547119
 0.05157471
 0.05828857
 0.06500244
 0.07110596
 0.07659912
 0.08087158
 0.08422852
 0.08605957
 0.08453369
 0.07995605
 0.07293701
 0.06469727
 0.05584717
 0.04760742
 0.04058838
 0.03417969
 0.02899170
 0.02502441
 0.02166748
 0.01922607
 0.01647949
 0.01220703
 0.00640869
-0.00152588
-0.01068115
-0.02136230
-0.03295898
-0.04516602
-0.05706787
-0.06805420
-0.07812500
-0.08544922
-0.08972168
-0.09185791
-0.09155273
-0.08972168
-0.08758545
-0.08514404
-0.08270264
-0.08117676
-0.08087158
-0.08178711
-0.08300781
-0.08514404
-0.08697510
-0.08728027
-0.08697510
-0.08697510
-0.08575439
-0.08178711
-0.07537842
-0.06622314
-0.05523682
-0.04394531
-0.03448486
-0.02716064
-0.02166748
-0.01739502
-0.01495361
-0.01342773
-0.01312256
-0.01281738
-0.01190186
-0.01068115
-0.00885010
-0.00579834
-0.00152588
 0.00366211
 0.00946045
 0.01525879
 0.02014160
 0.02441406
 0.02716064
 0.02868652
 0.02868652
 0.02685547
 0.02349854
 0.01922607
 0.01525879
 0.01251221
 0.01068115
 0.01007080
 0.01037598
 0.01190186
 0.01464844
 0.01708984
 0.01861572
 0.01892090
 0.01922607
 0.01861572
 0.01739502
 0.01617432
 0.01434326
 0.01281738
 0.01159668
 0.01068115
 0.00946045
 0.00823975
 0.00732422
 0.00701904
 0.00793457
 0.01068115
 0.01464844
 0.01983643
 0.02502441
 0.02929688
 0.03234863
 0.03356934
 0.03356934
 0.03265381
 0.03173828
 0.03204346
 0.03387451
 0.03631592
 0.03814697
 0.03875732
 0.03906250
 0.03997803
 0.04180908
 0.04302979
 0.04394531
 0.04455566
 0.04547119
 0.04547119
 0.04486084
 0.04364014
 0.04272461
 0.04089355
 0.03814697
 0.03448486
 0.03021240
 0.02655029
 0.02410889
 0.02227783
 0.02075195
 0.01983643
 0.01861572
 0.01800537
 0.01739502
 0.01647949
 0.01495361
 0.01281738
 0.00946045
 0.00549316
 0.00183105
-0.00213623
-0.00579834
-0.00915527
-0.01190186
-0.01403809
-0.01495361
-0.01525879
-0.01495361
-0.01495361
-0.01525879
-0.01525879
-0.01525879
-0.01556396
-0.01617432
-0.01739502
-0.01953125
-0.02319336
-0.02655029
-0.02929688
-0.02990723
-0.02960205
-0.02838135
-0.02685547
-0.02532959
-0.02502441
-0.02532959
-0.02593994
-0.02685547
-0.02777100
-0.02899170
-0.03112793
-0.03448486
-0.03814697
-0.04241943
-0.04699707
-0.05157471
-0.05523682
-0.05767822
-0.05920410
-0.05889893
-0.05798340
-0.05645752
-0.05493164
-0.05340576
-0.05126953
-0.04943848
-0.04760742
-0.04669189
-0.04669189
-0.04730225
-0.04852295
-0.04852295
-0.04730225
-0.04425049
-0.04119873
-0.03784180
-0.03356934
-0.02929688
-0.02410889
-0.01831055
-0.01281738
-0.00823975
-0.00457764
-0.00122070
 0.00213623
 0.00579834
 0.01007080
 0.01373291
 0.01708984
 0.01983643
 0.02319336
 0.02685547
 0.03082275
 0.03540039
 0.03936768
 0.04302979
 0.04669189
 0.04943848
 0.05218506
 0.05401611
 0.05493164
 0.05523682
 0.05462646
 0.05279541
 0.05035400
 0.04760742
 0.04455566
 0.04180908
 0.03936768
 0.03723145
 0.03509521
 0.03265381
 0.02899170
 0.02532959
 0.02044678
 0.01647949
 0.01342773
 0.01129150
 0.00976563
 0.00793457
 0.00640869
 0.00488281
 0.00457764
 0.00518799
 0.00610352
 0.00671387
 0.00732422
 0.00762939
 0.00823975
 0.00885010
 0.01007080
 0.01190186
 0.01434326
 0.01708984
 0.01983643
 0.02319336
 0.02685547
 0.03112793
 0.03479004
 0.03784180
 0.03997803
 0.04089355
 0.04058838
 0.03906250
 0.03662109
 0.03387451
 0.03112793
 0.02990723
 0.03051758
 0.03051758
 0.03051758
 0.03021240
 0.02960205
 0.02838135
 0.02685547
 0.02532959
 0.02349854
 0.02044678
 0.01678467
 0.01190186
 0.00610352
 0.00061035
-0.00427246
-0.00946045
-0.01434326
-0.01892090
-0.02258301
-0.02532959
-0.02655029
-0.02655029
-0.02685547
-0.02716064
-0.02746582
-0.02868652
-0.03051758
-0.03356934
-0.03692627
-0.04028320
-0.04211426
-0.04302979
-0.04333496
-0.04241943
-0.04089355
-0.03814697
-0.03387451
-0.02990723
-0.02593994
-0.02197266
-0.01953125
-0.01800537
-0.01861572
-0.02014160
-0.02136230
-0.02258301
-0.02288818
-0.02166748
-0.01892090
-0.01525879
-0.01037598
-0.00518799
 0.00030518
 0.00457764
 0.00732422
 0.00915527
 0.01037598
 0.00976563
 0.00640869
 0.00122070
-0.00488281
-0.01159668
-0.01739502
-0.02197266
-0.02410889
-0.02410889
-0.02166748
-0.01708984
-0.01190186
-0.00671387
-0.00274658
-0.00061035
 0.00000000
-0.00061035
-0.00244141
-0.00457764
-0.00762939
-0.01129150
-0.01464844
-0.01708984
-0.01831055
-0.01770020
-0.01495361
-0.01098633
-0.00640869
-0.00061035
 0.00488281
 0.00946045
 0.01098633
 0.01007080
 0.00701904
 0.00274658
-0.00183105
-0.00610352
-0.00946045
-0.01098633
-0.01068115
-0.00915527
-0.00640869
-0.00305176
 0.00152588
 0.00671387
 0.01159668
 0.01586914
 0.01861572
 0.01953125
 0.01800537
 0.01495361
 0.01068115
 0.00640869
 0.00305176
 0.00213623
 0.00335693
 0.00610352
 0.01068115
 0.01586914
 0.02075195
 0.02441406
 0.02746582
 0.02960205
 0.03082275
 0.03051758
 0.02899170
 0.02563477
 0.01983643
 0.01312256
 0.00701904
 0.00274658
 0.00000000
-0.00061035
 0.00030518
 0.00244141
 0.00549316
 0.00915527
 0.01281738
 0.01495361
 0.01556396
 0.01495361
 0.01312256
 0.00946045
 0.00488281
-0.00061035
-0.00610352
-0.01098633
-0.01495361
-0.01770020
-0.01861572
-0.01770020
-0.01556396
-0.01312256
-0.01098633
-0.01007080
-0.00976563
-0.01037598
-0.01220703
-0.01556396
-0.02014160
-0.02471924
-0.02929688
-0.03204346
-0.03265381
-0.03143311
-0.02868652
-0.02380371
-0.01739502
-0.01098633
-0.00549316
-0.00030518
 0.00396729
 0.00823975
 0.01129150
 0.01281738
 0.01342773
 0.01342773
 0.01251221
 0.01220703
 0.01281738
 0.01464844
 0.01770020
 0.02136230
 0.02593994
 0.03112793
 0.03631592
 0.04150391
 0.04547119
 0.04821777
 0.04913330
 0.04791260
 0.04516602
 0.04089355
 0.03601074
 0.03082275
 0.02593994
 0.02166748
 0.01892090
 0.01770020
 0.01708984
 0.01708984
 0.01770020
 0.01861572
 0.01892090
 0.01770020
 0.01525879
 0.01159668
 0.00640869
 0.00000000
-0.00732422
-0.01495361
-0.02197266
-0.02807617
-0.03326416
-0.03662109
-0.03875732
-0.03845215
-0.03631592
-0.03356934
-0.03051758
-0.02807617
-0.02685547
-0.02777100
-0.03021240
-0.03387451
-0.03723145
-0.03997803
-0.04241943
-0.04394531
-0.04516602
-0.04486084
-0.04302979
-0.03997803
-0.03509521
-0.02868652
-0.02075195
-0.01159668
-0.00366211
 0.00335693
 0.00732422
 0.00793457
 0.00640869
 0.00305176
 0.00000000
-0.00152588
-0.00213623
-0.00152588
 0.00061035
 0.00305176
 0.00671387
 0.01098633
 0.01525879
 0.01922607
 0.02227783
 0.02349854
 0.02319336
 0.02044678
 0.01647949
 0.01159668
 0.00610352
 0.00000000
-0.00549316
-0.01068115
-0.01525879
-0.01892090
-0.02105713
-0.02136230
-0.02105713
-0.02075195
-0.02075195
-0.02197266
-0.02410889
-0.02716064
-0.03112793
-0.03479004
-0.03814697
-0.03997803
-0.04058838
-0.04058838
-0.03997803
-0.03814697
-0.03448486
-0.02960205
-0.02380371
-0.01800537
-0.01251221
-0.00823975
-0.00518799
-0.00305176
-0.00122070
 0.00091553
 0.00335693
 0.00701904
 0.01068115
 0.01403809
 0.01800537
 0.02258301
 0.02746582
 0.03356934
 0.04058838
 0.04730225
 0.05310059
 0.05828857
 0.06134033
 0.06317139
 0.06408691
 0.06408691
 0.06347656
 0.06195068
 0.06103516
 0.06042480
 0.06042480
 0.05981445
 0.06011963
 0.06103516
 0.06225586
 0.06286621
 0.06347656
 0.06347656
 0.06256104
 0.06042480
 0.05767822
 0.05432129
 0.05096436
 0.04699707
 0.04272461
 0.03784180
 0.03326416
 0.02899170
 0.02502441
 0.02105713
 0.01831055
 0.01678467
 0.01495361
 0.01342773
 0.01159668
 0.00976563
 0.00793457
 0.00610352
 0.00549316
 0.00518799
 0.00488281
 0.00396729
 0.00305176
 0.00213623
 0.00061035
-0.00091553
-0.00183105
-0.00213623
-0.00274658
-0.00305176
-0.00274658
-0.00152588
 0.00000000
 0.00030518
 0.00000000
-0.00091553
-0.00122070
-0.00213623
-0.00335693
-0.00488281
-0.00701904
-0.01037598
-0.01464844
-0.01953125
-0.02410889
-0.02777100
-0.03112793
-0.03417969
-0.03631592
-0.03753662
-0.03845215
-0.03906250
-0.03967285
-0.04058838
-0.04180908
-0.04333496
-0.04394531
-0.04455566
-0.04516602
-0.04608154
-0.04760742
-0.04974365
-0.05157471
-0.05279541
-0.05279541
-0.05187988
-0.05065918
-0.04882813
-0.04638672
-0.04425049
-0.04272461
-0.04241943
-0.04241943
-0.04302979
-0.04455566
-0.04547119
-0.04547119
-0.04486084
-0.04425049
-0.04302979
-0.04150391
-0.03936768
-0.03692627
-0.03387451
-0.03082275
-0.02716064
-0.02410889
-0.02136230
-0.01922607
-0.01831055
-0.01831055
-0.01800537
-0.01831055
-0.01861572
-0.01922607
-0.01892090
-0.01770020
-0.01647949
-0.01556396
-0.01464844
-0.01373291
-0.01251221
-0.01190186
-0.01129150
-0.01098633
-0.01068115
-0.01037598
-0.01037598
-0.01068115
-0.01037598
-0.01037598
-0.01007080
-0.00915527
-0.00793457
-0.00640869
-0.00396729
-0.00213623
-0.00030518
 0.00061035
 0.00122070
 0.00122070
 0.00091553
 0.00091553
 0.00091553
 0.00122070
 0.00213623
 0.00396729
 0.00732422
 0.01159668
 0.01617432
 0.02105713
 0.02532959
 0.02899170
 0.03234863
 0.03479004
 0.03662109
 0.03723145
 0.03692627
 0.03570557
 0.03417969
 0.03234863
 0.03021240
 0.02807617
 0.02655029
 0.02655029
 0.02807617
 0.03021240
 0.03143311
 0.03265381
 0.03295898
 0.03143311
 0.02899170
 0.02593994
 0.02349854
 0.02227783
 0.02105713
 0.02044678
 0.01953125
 0.01831055
 0.01800537
 0.01800537
 0.01831055
 0.01892090
 0.02044678
 0.02197266
 0.02319336
 0.02349854
 0.02288818
 0.02197266
 0.02044678
 0.01861572
 0.01708984
 0.01556396
 0.01464844
 0.01403809
 0.01495361
 0.01647949
 0.01800537
 0.01953125
 0.02075195
 0.02136230
 0.02166748
 0.02105713
 0.02014160
 0.01953125
 0.01861572
 0.01739502
 0.01647949
 0.01525879
 0.01312256
 0.01098633
 0.00946045
 0.00915527
 0.00976563
 0.01098633
 0.01251221
 0.01403809
 0.01464844
 0.01464844
 0.01342773
 0.01129150
 0.00885010
 0.00701904
 0.00518799
 0.00396729
 0.00244141
 0.00030518
-0.00183105
-0.00366211
-0.00488281
-0.00549316
-0.00549316
-0.00488281
-0.00427246
-0.00396729
-0.00366211
-0.00427246
-0.00579834
-0.00762939
-0.01007080
-0.01220703
-0.01403809
-0.01525879
-0.01617432
-0.01586914
-0.01464844
-0.01251221
-0.00976563
-0.00671387
-0.00366211
-0.00030518
 0.00152588
 0.00183105
 0.00061035
-0.00091553
-0.00213623
-0.00335693
-0.00427246
-0.00549316
-0.00640869
-0.00701904
-0.00701904
-0.00671387
-0.00488281
-0.00274658
-0.00061035
 0.00061035
 0.00152588
 0.00183105
 0.00122070
-0.00030518
-0.00274658
-0.00549316
-0.00823975
-0.01098633
-0.01373291
-0.01556396
-0.01678467
-0.01800537
-0.01892090
-0.01922607
-0.01861572
-0.01739502
-0.01678467
-0.01708984
-0.01708984
-0.01800537
-0.01892090
-0.02014160
-0.02136230
-0.02319336
-0.02441406
-0.02502441
-0.02502441
-0.02502441
-0.02380371
-0.02258301
-0.02136230
-0.01983643
-0.01831055
-0.01739502
-0.01678467
-0.01647949
-0.01678467
-0.01739502
-0.01770020
-0.01708984
-0.01586914
-0.01434326
-0.01190186
-0.00885010
-0.00549316
-0.00122070
 0.00305176
 0.00701904
 0.01098633
 0.01434326
 0.01708984
 0.01861572
 0.01953125
 0.02014160
 0.02014160
 0.01983643
 0.01953125
 0.01922607
 0.01892090
 0.01922607
 0.01983643
 0.02075195
 0.02197266
 0.02349854
 0.02502441
 0.02563477
 0.02471924
 0.02258301
 0.01922607
 0.01556396
 0.01220703
 0.00915527
 0.00701904
 0.00549316
 0.00488281
 0.00549316
 0.00610352
 0.00610352
 0.00610352
 0.00640869
 0.00671387
 0.00610352
 0.00518799
 0.00366211
 0.00152588
-0.00152588
-0.00396729
-0.00610352
-0.00762939
-0.00793457
-0.00671387
-0.00457764
-0.00152588
 0.00183105
 0.00518799
 0.00793457
 0.01037598
 0.01220703
 0.01251221
 0.01159668
 0.00976563
 0.00793457
 0.00610352
 0.00488281
 0.00457764
 0.00488281
 0.00610352
 0.00823975
 0.01068115
 0.01312256
 0.01556396
 0.01800537
 0.01983643
 0.02075195
 0.02044678
 0.01892090
 0.01678467
 0.01342773
 0.00885010
 0.00396729
 0.00061035
-0.00152588
-0.00213623
-0.00213623
-0.00122070
 0.00000000
 0.00122070
 0.00213623
 0.00244141
 0.00122070
-0.00122070
-0.00457764
-0.00762939
-0.01098633
-0.01403809
-0.01739502
-0.02105713
-0.02441406
-0.02716064
-0.03021240
-0.03173828
-0.03143311
-0.03082275
-0.02929688
-0.02807617
-0.02746582
-0.02685547
-0.02685547
-0.02777100
-0.02960205
-0.03173828
-0.03326416
-0.03417969
-0.03448486
-0.03479004
-0.03417969
-0.03387451
-0.03356934
-0.03265381
-0.03112793
-0.02899170
-0.02655029
-0.02410889
-0.02166748
-0.02014160
-0.01983643
-0.02014160
-0.02044678
-0.02075195
-0.02044678
-0.01861572
-0.01586914
-0.01190186
-0.00762939
-0.00335693
 0.00030518
 0.00274658
 0.00457764
 0.00579834
 0.00732422
 0.00793457
 0.00793457
 0.00732422
 0.00640869
 0.00549316
 0.00427246
 0.00335693
 0.00335693
 0.00396729
 0.00457764
 0.00488281
 0.00549316
 0.00671387
 0.00701904
 0.00610352
 0.00518799
 0.00427246
 0.00366211
 0.00274658
 0.00152588
 0.00061035
-0.00061035
-0.00152588
-0.00274658
-0.00396729
-0.00427246
-0.00366211
-0.00244141
-0.00061035
 0.00091553
 0.00305176
 0.00427246
 0.00488281
 0.00457764
 0.00427246
 0.00396729
 0.00427246
 0.00518799
 0.00610352
 0.00762939
 0.00915527
 0.01129150
 0.01434326
 0.01708984
 0.01983643
 0.02197266
 0.02471924
 0.02685547
 0.02868652
 0.03051758
 0.03234863
 0.03295898
 0.03234863
 0.03082275
 0.02960205
 0.02899170
 0.02868652
 0.02868652
 0.02838135
 0.02838135
 0.02868652
 0.02899170
 0.02868652
 0.02838135
 0.02807617
 0.02807617
 0.02807617
 0.02716064
 0.02593994
 0.02471924
 0.02319336
 0.02105713
 0.01861572
 0.01647949
 0.01495361
 0.01403809
 0.01342773
 0.01281738
 0.01159668
 0.01007080
 0.00793457
 0.00518799
 0.00274658
 0.00061035
-0.00122070
-0.00305176
-0.00427246
-0.00549316
-0.00640869
-0.00640869
-0.00701904
-0.00671387
-0.00610352
-0.00518799
-0.00396729
-0.00305176
-0.00183105
 0.00000000
 0.00152588
 0.00274658
 0.00274658
 0.00183105
 0.00061035
 0.00000000
-0.00030518
 0.00000000
 0.00030518
 0.00061035
 0.00091553
 0.00152588
 0.00213623
 0.00274658
 0.00305176
 0.00305176
 0.00305176
 0.00335693
 0.00396729
 0.00305176
 0.00030518
-0.00305176
-0.00732422
-0.01159668
-0.01464844
-0.01678467
-0.01800537
-0.01892090
-0.01922607
-0.01953125
-0.02014160
-0.02044678
-0.02136230
-0.02227783
-0.02349854
-0.02471924
-0.02563477
-0.02716064
-0.02838135
-0.02929688
-0.03082275
-0.03265381
-0.03417969
-0.03479004
-0.03417969
-0.03204346
-0.02929688
-0.02655029
-0.02410889
-0.02166748
-0.01983643
-0.01892090
-0.01922607
-0.01983643
-0.02105713
-0.02166748
-0.02136230
-0.02044678
-0.01892090
-0.01708984
-0.01525879
-0.01312256
-0.01037598
-0.00579834
 0.00000000
 0.00610352
 0.01159668
 0.01556396
 0.01800537
 0.01800537
 0.01708984
 0.01586914
 0.01403809
 0.01251221
 0.01159668
 0.01190186
 0.01281738
 0.01464844
 0.01647949
 0.01739502
 0.01831055
 0.01892090
 0.02014160
 0.02105713
 0.02044678
 0.01892090
 0.01586914
 0.01159668
 0.00671387
 0.00244141
-0.00122070
-0.00396729
-0.00610352
-0.00701904
-0.00640869
-0.00427246
-0.00122070
 0.00152588
 0.00366211
 0.00488281
 0.00579834
 0.00671387
 0.00671387
 0.00610352
 0.00518799
 0.00396729
 0.00274658
 0.00244141
 0.00305176
 0.00396729
 0.00518799
 0.00762939
 0.01068115
 0.01525879
 0.02014160
 0.02471924
 0.02716064
 0.02746582
 0.02685547
 0.02563477
 0.02410889
 0.02227783
 0.02075195
 0.01892090
 0.01739502
 0.01647949
 0.01586914
 0.01617432
 0.01770020
 0.02014160
 0.02227783
 0.02380371
 0.02471924
 0.02532959
 0.02532959
 0.02410889
 0.02166748
 0.01831055
 0.01525879
 0.01159668
 0.00823975
 0.00518799
 0.00244141
 0.00061035
 0.00030518
 0.00091553
 0.00244141
 0.00305176
 0.00305176
 0.00183105
 0.00000000
-0.00213623
-0.00427246
-0.00610352
-0.00823975
-0.01129150
-0.01495361
-0.01922607
-0.02258301
-0.02441406
-0.02563477
-0.02502441
-0.02441406
-0.02288818
-0.02136230
-0.02044678
-0.02014160
-0.02075195
-0.02197266
-0.02441406
-0.02655029
-0.02838135
-0.02990723
-0.03204346
-0.03326416
-0.03356934
-0.03356934
-0.03326416
-0.03265381
-0.03204346
-0.03112793
-0.03021240
-0.02960205
-0.02868652
-0.02716064
-0.02624512
-0.02563477
-0.02593994
-0.02685547
-0.02716064
-0.02807617
-0.02838135
-0.02807617
-0.02685547
-0.02532959
-0.02349854
-0.02044678
-0.01770020
-0.01495361
-0.01312256
-0.01190186
-0.01129150
-0.01129150
-0.01098633
-0.01037598
-0.00976563
-0.00915527
-0.00885010
-0.00885010
-0.00854492
-0.00823975
-0.00701904
-0.00549316
-0.00335693
-0.00122070
 0.00030518
 0.00122070
 0.00152588
 0.00091553
-0.00091553
-0.00305176
-0.00549316
-0.00732422
-0.00946045
-0.01068115
-0.01129150
-0.01068115
-0.00885010
-0.00701904
-0.00427246
-0.00183105
 0.00000000
 0.00183105
 0.00274658
 0.00274658
 0.00244141
 0.00152588
 0.00091553
 0.00152588
 0.00213623
 0.00305176
 0.00457764
 0.00732422
 0.01068115
 0.01464844
 0.01892090
 0.02288818
 0.02746582
 0.03112793
 0.03295898
 0.03326416
 0.03265381
 0.03082275
 0.02899170
 0.02685547
 0.02471924
 0.02349854
 0.02380371
 0.02471924
 0.02593994
 0.02685547
 0.02777100
 0.02807617
 0.02807617
 0.02746582
 0.02716064
 0.02593994
 0.02410889
 0.02197266
 0.01983643
 0.01800537
 0.01739502
 0.01739502
 0.01831055
 0.01983643
 0.02166748
 0.02441406
 0.02746582
 0.02960205
 0.03082275
 0.03051758
 0.02929688
 0.02777100
 0.02593994
 0.02380371
 0.02166748
 0.01922607
 0.01678467
 0.01464844
 0.01312256
 0.01190186
 0.01129150
 0.01068115
 0.01037598
 0.01068115
 0.01159668
 0.01129150
 0.01037598
 0.00823975
 0.00518799
 0.00152588
-0.00213623
-0.00518799
-0.00671387
-0.00732422
-0.00732422
-0.00701904
-0.00793457
-0.00823975
-0.00762939
-0.00732422
-0.00762939
-0.00793457
-0.00915527
-0.01098633
-0.01403809
-0.01800537
-0.02197266
-0.02563477
-0.02868652
-0.03082275
-0.03143311
-0.03112793
-0.02960205
-0.02746582
-0.02563477
-0.02380371
-0.02227783
-0.02105713
-0.01983643
-0.01922607
-0.01953125
-0.01922607
-0.01892090
-0.01800537
-0.01647949
-0.01525879
-0.01342773
-0.01159668
-0.00946045
-0.00732422
-0.00518799
-0.00305176
-0.00091553
 0.00152588
 0.00305176
 0.00335693
 0.00274658
 0.00213623
 0.00183105
 0.00213623
 0.00183105
 0.00213623
 0.00183105
 0.00213623
 0.00183105
 0.00122070
 0.00091553
 0.00091553
 0.00030518
-0.00122070
-0.00335693
-0.00610352
-0.00885010
-0.01190186
-0.01495361
-0.01678467
-0.01831055
-0.01831055
-0.01770020
-0.01647949
-0.01525879
-0.01403809
-0.01281738
-0.01190186
-0.01098633
-0.01068115
-0.01129150
-0.01190186
-0.01281738
-0.01373291
-0.01464844
-0.01556396
-0.01617432
-0.01617432
-0.01586914
-0.01495361
-0.01342773
-0.01159668
-0.00976563
-0.00793457
-0.00579834
-0.00366211
-0.00213623
-0.00091553
 0.00000000
 0.00152588
 0.00335693
 0.00488281
 0.00610352
 0.00793457
 0.01007080
 0.01251221
 0.01464844
 0.01678467
 0.01953125
 0.02258301
 0.02532959
 0.02746582
 0.02899170
 0.02899170
 0.02838135
 0.02777100
 0.02716064
 0.02655029
 0.02563477
 0.02502441
 0.02410889
 0.02227783
 0.02014160
 0.01831055
 0.01708984
 0.01556396
 0.01434326
 0.01342773
 0.01312256
 0.01220703
 0.01037598
 0.00762939
 0.00427246
 0.00213623
 0.00000000
-0.00152588
-0.00305176
-0.00457764
-0.00549316
-0.00640869
-0.00762939
-0.00885010
-0.01007080
-0.01068115
-0.01007080
-0.00946045
-0.00915527
-0.00915527
-0.00823975
-0.00793457
-0.00732422
-0.00701904
-0.00640869
-0.00579834
-0.00457764
-0.00274658
-0.00091553
 0.00061035
 0.00274658
 0.00518799
 0.00732422
 0.00885010
 0.01007080
 0.01159668
 0.01281738
 0.01373291
 0.01495361
 0.01525879
 0.01556396
 0.01556396
 0.01586914
 0.01647949
 0.01708984
 0.01831055
 0.01983643
 0.02075195
 0.02105713
 0.02105713
 0.01983643
 0.01770020
 0.01464844
 0.01159668
 0.00885010
 0.00640869
 0.00366211
 0.00183105
 0.00030518
-0.00152588
-0.00396729
-0.00549316
-0.00671387
-0.00732422
-0.00793457
-0.00885010
-0.00976563
-0.01190186
-0.01495361
-0.01800537
-0.02105713
-0.02349854
-0.02471924
-0.02563477
-0.02593994
-0.02471924
-0.02288818
-0.02075195
-0.01922607
-0.01739502
-0.01525879
-0.01373291
-0.01251221
-0.01190186
-0.01159668
-0.01159668
-0.01159668
-0.01129150
-0.01068115
-0.01007080
-0.00946045
-0.00885010
-0.00732422
-0.00518799
-0.00274658
-0.00030518
 0.00274658
 0.00396729
 0.00396729
 0.00305176
 0.00183105
-0.00061035
-0.00335693
-0.00579834
-0.00793457
-0.00946045
-0.01037598
-0.01098633
-0.01190186
-0.01190186
-0.01159668
-0.01068115
-0.00946045
-0.00854492
-0.00823975
-0.00823975
-0.00885010
-0.01007080
-0.01220703
-0.01434326
-0.01678467
-0.01922607
-0.02075195
-0.02166748
-0.02197266
-0.02136230
-0.02014160
-0.01892090
-0.01739502
-0.01617432
-0.01556396
-0.01495361
-0.01495361
-0.01556396
-0.01586914
-0.01708984
-0.01770020
-0.01831055
-0.01831055
-0.01739502
-0.01556396
-0.01251221
-0.00854492
-0.00427246
-0.00030518
 0.00274658
 0.00549316
 0.00732422
 0.00854492
 0.01098633
 0.01373291
 0.01586914
 0.01617432
 0.01525879
 0.01373291
 0.01312256
 0.01373291
 0.01556396
 0.01831055
 0.02136230
 0.02471924
 0.02655029
 0.02746582
 0.02746582
 0.02563477
 0.02288818
 0.02014160
 0.01739502
 0.01464844
 0.01220703
 0.01068115
 0.00946045
 0.00793457
 0.00732422
 0.00732422
 0.00793457
 0.00946045
 0.01220703
 0.01495361
 0.01678467
 0.01739502
 0.01708984
 0.01647949
 0.01495361
 0.01312256
 0.01068115
 0.00885010
 0.00793457
 0.00762939
 0.00793457
 0.00885010
 0.00946045
 0.00976563
 0.00976563
 0.00976563
 0.01007080
 0.01098633
 0.01159668
 0.01129150
 0.01037598
 0.00885010
 0.00671387
 0.00488281
 0.00305176
 0.00244141
 0.00274658
 0.00396729
 0.00610352
 0.00854492
 0.01007080
 0.01068115
 0.01068115
 0.01068115
 0.00976563
 0.00946045
 0.00946045
 0.00915527
 0.00793457
 0.00610352
 0.00457764
 0.00335693
 0.00213623
 0.00152588
 0.00213623
 0.00213623
 0.00183105
 0.00122070
 0.00061035
-0.00061035
-0.00152588
-0.00305176
-0.00488281
-0.00610352
-0.00671387
-0.00762939
-0.00854492
-0.00915527
-0.00946045
-0.01007080
-0.01037598
-0.01068115
-0.01068115
-0.01037598
-0.01007080
-0.01037598
-0.01098633
-0.01190186
-0.01281738
-0.01373291
-0.01403809
-0.01434326
-0.01403809
-0.01312256
-0.01220703
-0.01098633
-0.01037598
-0.01007080
-0.01007080
-0.00976563
-0.01037598
-0.01068115
-0.01098633
-0.01129150
-0.01220703
-0.01342773
-0.01464844
-0.01556396
-0.01556396
-0.01556396
-0.01556396
-0.01495361
-0.01373291
-0.01159668
-0.01007080
-0.00885010
-0.00793457
-0.00732422
-0.00701904
-0.00701904
-0.00640869
-0.00518799
-0.00274658
-0.00030518
 0.00152588
 0.00366211
 0.00579834
 0.00732422
 0.00793457
 0.00854492
 0.00854492
 0.00793457
 0.00671387
 0.00549316
 0.00366211
 0.00183105
 0.00030518
-0.00122070
-0.00183105
-0.00213623
-0.00152588
-0.00122070
-0.00091553
-0.00091553
-0.00030518
 0.00091553
 0.00152588
 0.00152588
 0.00091553
 0.00030518
 0.00000000
-0.00061035
-0.00091553
-0.00091553
-0.00030518
 0.00030518
 0.00091553
 0.00152588
 0.00244141
 0.00274658
 0.00305176
 0.00366211
 0.00488281
 0.00579834
 0.00671387
 0.00671387
 0.00579834
 0.00427246
 0.00244141
 0.00091553
-0.00030518
-0.00091553
 0.00000000
 0.00122070
 0.00244141
 0.00305176
 0.00335693
 0.00366211
 0.00335693
 0.00274658
 0.00305176
 0.00335693
 0.00366211
 0.00396729
 0.00396729
 0.00366211
 0.00305176
 0.00152588
 0.00000000
-0.00152588
-0.00213623
-0.00152588
-0.00030518
 0.00061035
 0.00030518
-0.00091553
-0.00213623
-0.00305176
-0.00335693
-0.00366211
-0.00427246
-0.00488281
-0.00518799
-0.00549316
-0.00579834
-0.00610352
-0.00640869
-0.00640869
-0.00732422
-0.00793457
-0.00854492
-0.00885010
-0.00976563
-0.01098633
-0.01251221
-0.01403809
-0.01556396
-0.01647949
-0.01708984
-0.01770020
-0.01678467
-0.01525879
-0.01403809
-0.01342773
-0.01312256
-0.01342773
-0.01464844
-0.01556396
-0.01617432
-0.01525879
-0.01403809
-0.01342773
-0.01373291
-0.01434326
-0.01434326
-0.01403809
-0.01434326
-0.01495361
-0.01556396
-0.01495361
-0.01403809
-0.01403809
-0.01464844
-0.01525879
-0.01586914
-0.01617432
-0.01617432
-0.01617432
-0.01556396
-0.01464844
-0.01373291
-0.01251221
-0.01098633
-0.00946045
-0.00793457
-0.00610352
-0.00457764
-0.00305176
-0.00122070
 0.00061035
 0.00274658
 0.00488281
 0.00610352
 0.00640869
 0.00549316
 0.00457764
 0.00457764
 0.00457764
 0.00518799
 0.00610352
 0.00793457
 0.01007080
 0.01220703
 0.01373291
 0.01464844
 0.01556396
 0.01617432
 0.01678467
 0.01770020
 0.01861572
 0.01983643
 0.02075195
 0.02136230
 0.02166748
 0.02197266
 0.02258301
 0.02319336
 0.02441406
 0.02624512
 0.02777100
 0.02868652
 0.02990723
 0.03051758
 0.03021240
 0.02990723
 0.02899170
 0.02777100
 0.02685547
 0.02563477
 0.02502441
 0.02471924
 0.02471924
 0.02502441
 0.02532959
 0.02593994
 0.02655029
 0.02655029
 0.02655029
 0.02655029
 0.02685547
 0.02655029
 0.02502441
 0.02319336
 0.02075195
 0.01861572
 0.01647949
 0.01525879
 0.01525879
 0.01617432
 0.01708984
 0.01831055
 0.01983643
 0.02136230
 0.02197266
 0.02227783
 0.02227783
 0.02288818
 0.02319336
 0.02258301
 0.02258301
 0.02227783
 0.02197266
 0.02166748
 0.02166748
 0.02227783
 0.02288818
 0.02380371
 0.02410889
 0.02380371
 0.02380371
 0.02349854
 0.02319336
 0.02197266
 0.02014160
 0.01739502
 0.01464844
 0.01220703
 0.00946045
 0.00732422
 0.00579834
 0.00335693
 0.00183105
 0.00030518
-0.00030518
-0.00061035
-0.00122070
-0.00183105
-0.00305176
-0.00427246
-0.00579834
-0.00793457
-0.01068115
-0.01342773
-0.01617432
-0.01861572
-0.02105713
-0.02319336
-0.02532959
-0.02716064
-0.02899170
-0.02990723
-0.02990723
-0.02960205
-0.02868652
-0.02838135
-0.02929688
-0.03051758
-0.03204346
-0.03265381
-0.03326416
-0.03356934
-0.03387451
-0.03417969
-0.03417969
-0.03387451
-0.03356934
-0.03265381
-0.03173828
-0.03082275
-0.02960205
-0.02807617
-0.02716064
-0.02563477
-0.02410889
-0.02258301
-0.02166748
-0.02105713
-0.02044678
-0.02044678
-0.02044678
-0.02044678
-0.02075195
-0.02136230
-0.02136230
-0.02075195
-0.02014160
-0.01983643
-0.02014160
-0.02044678
-0.02105713
-0.02136230
-0.02105713
-0.02105713
-0.02105713
-0.02166748
-0.02258301
-0.02349854
-0.02410889
-0.02410889
-0.02410889
-0.02380371
-0.02288818
-0.02197266
-0.02136230
-0.02014160
-0.01800537
-0.01525879
-0.01220703
-0.00915527
-0.00640869
-0.00427246
-0.00366211
-0.00366211
-0.00366211
-0.00335693
-0.00305176
-0.00244141
-0.00183105
-0.00061035
 0.00091553
 0.00183105
 0.00274658
 0.00488281
 0.00701904
 0.00915527
 0.01068115
 0.01159668
 0.01190186
 0.01190186
 0.01129150
 0.00976563
 0.00854492
 0.00823975
 0.00793457
 0.00823975
 0.00915527
 0.01068115
 0.01220703
 0.01464844
 0.01708984
 0.01922607
 0.02136230
 0.02227783
 0.02166748
 0.02014160
 0.01861572
 0.01739502
 0.01586914
 0.01403809
 0.01281738
 0.01190186
 0.01220703
 0.01342773
 0.01525879
 0.01800537
 0.02105713
 0.02349854
 0.02502441
 0.02563477
 0.02563477
 0.02441406
 0.02258301
 0.02044678
 0.01831055
 0.01708984
 0.01647949
 0.01617432
 0.01647949
 0.01739502
 0.01922607
 0.02105713
 0.02319336
 0.02593994
 0.02777100
 0.02807617
 0.02716064
 0.02593994
 0.02441406
 0.02258301
 0.02044678
 0.01922607
 0.01861572
 0.01831055
 0.01831055
 0.01861572
 0.01953125
 0.02136230
 0.02288818
 0.02410889
 0.02380371
 0.02288818
 0.02075195
 0.01770020
 0.01373291
 0.00946045
 0.00579834
 0.00305176
 0.00061035
-0.00061035
-0.00091553
 0.00000000
 0.00122070
 0.00244141
 0.00366211
 0.00488281
 0.00579834
 0.00610352
 0.00518799
 0.00366211
 0.00152588
-0.00091553
-0.00396729
-0.00701904
-0.00946045
-0.01129150
-0.01190186
-0.01190186
-0.01098633
-0.00915527
-0.00762939
-0.00610352
-0.00610352
-0.00671387
-0.00732422
-0.00793457
-0.00885010
-0.00946045
-0.01037598
-0.01159668
-0.01342773
-0.01464844
-0.01556396
-0.01556396
-0.01434326
-0.01251221
-0.01037598
-0.00823975
-0.00610352
-0.00488281
-0.00366211
-0.00335693
-0.00396729
-0.00549316
-0.00671387
-0.00854492
-0.01037598
-0.01190186
-0.01312256
-0.01403809
-0.01495361
-0.01556396
-0.01525879
-0.01434326
-0.01312256
-0.01220703
-0.01220703
-0.01220703
-0.01251221
-0.01403809
-0.01617432
-0.01892090
-0.02136230
-0.02380371
-0.02563477
-0.02624512
-0.02716064
-0.02777100
-0.02777100
-0.02685547
-0.02532959
-0.02349854
-0.02166748
-0.01953125
-0.01800537
-0.01739502
-0.01831055
-0.01983643
-0.02197266
-0.02410889
-0.02502441
-0.02563477
-0.02563477
-0.02502441
-0.02349854
-0.02136230
-0.01922607
-0.01647949
-0.01403809
-0.01159668
-0.00915527
-0.00762939
-0.00640869
-0.00579834
-0.00610352
-0.00701904
-0.00854492
-0.01007080
-0.01068115
-0.01068115
-0.01037598
-0.00915527
-0.00671387
-0.00427246
-0.00152588
 0.00000000
 0.00122070
 0.00244141
 0.00366211
 0.00427246
 0.00366211
 0.00305176
 0.00183105
 0.00000000
-0.00152588
-0.00213623
-0.00274658
-0.00274658
-0.00274658
-0.00213623
-0.00061035
 0.00091553
 0.00183105
 0.00274658
 0.00274658
 0.00244141
 0.00122070
-0.00122070
-0.00366211
-0.00549316
-0.00701904
-0.00762939
-0.00701904
-0.00518799
-0.00213623
 0.00122070
 0.00366211
 0.00610352
 0.00793457
 0.00915527
 0.01037598
 0.01159668
 0.01251221
 0.01159668
 0.00976563
 0.00793457
 0.00549316
 0.00305176
 0.00213623
 0.00305176
 0.00427246
 0.00610352
 0.00823975
 0.01068115
 0.01312256
 0.01556396
 0.01617432
 0.01647949
 0.01586914
 0.01495361
 0.01342773
 0.01220703
 0.01129150
 0.01037598
 0.00915527
 0.00885010
 0.00915527
 0.01037598
 0.01220703
 0.01403809
 0.01556396
 0.01770020
 0.01892090
 0.02014160
 0.02044678
 0.01922607
 0.01708984
 0.01525879
 0.01342773
 0.01220703
 0.01159668
 0.01159668
 0.01251221
 0.01403809
 0.01525879
 0.01678467
 0.01800537
 0.01953125
 0.02075195
 0.02197266
 0.02166748
 0.02044678
 0.01861572
 0.01678467
 0.01464844
 0.01281738
 0.01159668
 0.01129150
 0.01190186
 0.01281738
 0.01434326
 0.01617432
 0.01800537
 0.01953125
 0.02044678
 0.02105713
 0.02075195
 0.01922607
 0.01678467
 0.01373291
 0.01037598
 0.00854492
 0.00701904
 0.00610352
 0.00549316
 0.00549316
 0.00671387
 0.00854492
 0.01129150
 0.01342773
 0.01525879
 0.01708984
 0.01708984
 0.01617432
 0.01434326
 0.01190186
 0.00976563
 0.00762939
 0.00549316
 0.00427246
 0.00396729
 0.00396729
 0.00488281
 0.00640869
 0.00793457
 0.00976563
 0.01129150
 0.01220703
 0.01251221
 0.01190186
 0.01098633
 0.00885010
 0.00579834
 0.00213623
-0.00061035
-0.00213623
-0.00305176
-0.00274658
-0.00244141
-0.00213623
-0.00122070
-0.00030518
 0.00000000
-0.00030518
-0.00122070
-0.00213623
-0.00305176
-0.00488281
-0.00671387
-0.00823975
-0.00946045
-0.01037598
-0.01098633
-0.01159668
-0.01190186
-0.01129150
-0.01007080
-0.00854492
-0.00762939
-0.00732422
-0.00793457
-0.00915527
-0.01098633
-0.01342773
-0.01586914
-0.01800537
-0.01953125
-0.02044678
-0.02044678
-0.02014160
-0.02014160
-0.01953125
-0.01892090
-0.01861572
-0.01831055
-0.01861572
-0.01953125
-0.02014160
-0.02105713
-0.02227783
-0.02441406
-0.02624512
-0.02777100
-0.02960205
-0.03112793
-0.03173828
-0.03143311
-0.03051758
-0.02899170
-0.02807617
-0.02716064
-0.02593994
-0.02471924
-0.02380371
-0.02319336
-0.02197266
-0.02136230
-0.02105713
-0.02075195
-0.02044678
-0.01983643
-0.01892090
-0.01861572
-0.01800537
-0.01678467
-0.01464844
-0.01312256
-0.01129150
-0.01037598
-0.00976563
-0.00915527
-0.00823975
-0.00762939
-0.00732422
-0.00701904
-0.00671387
-0.00701904
-0.00732422
-0.00762939
-0.00701904
-0.00610352
-0.00427246
-0.00244141
-0.00091553
 0.00030518
 0.00122070
 0.00183105
 0.00183105
 0.00183105
 0.00213623
 0.00244141
 0.00244141
 0.00213623
 0.00183105
 0.00244141
 0.00335693
 0.00457764
 0.00579834
 0.00671387
 0.00762939
 0.00854492
 0.00976563
 0.01068115
 0.01098633
 0.01129150
 0.01068115
 0.00976563
 0.00885010
 0.00762939
 0.00671387
 0.00701904
 0.00885010
 0.01098633
 0.01342773
 0.01556396
 0.01708984
 0.01892090
 0.02014160
 0.02044678
 0.02105713
 0.02166748
 0.02258301
 0.02319336
 0.02319336
 0.02288818
 0.02227783
 0.02166748
 0.02075195
 0.02075195
 0.02136230
 0.02258301
 0.02410889
 0.02502441
 0.02563477
 0.02593994
 0.02502441
 0.02380371
 0.02197266
 0.02014160
 0.01861572
 0.01678467
 0.01525879
 0.01342773
 0.01159668
 0.01068115
 0.01037598
 0.01098633
 0.01129150
 0.01220703
 0.01342773
 0.01434326
 0.01434326
 0.01342773
 0.01190186
 0.01068115
 0.00946045
 0.00793457
 0.00671387
 0.00579834
 0.00518799
 0.00549316
 0.00549316
 0.00549316
 0.00549316
 0.00518799
 0.00457764
 0.00427246
 0.00427246
 0.00366211
 0.00244141
 0.00000000
-0.00244141
-0.00488281
-0.00701904
-0.00915527
-0.01159668
-0.01251221
-0.01190186
-0.01068115
-0.00885010
-0.00732422
-0.00579834
-0.00518799
-0.00518799
-0.00579834
-0.00640869
-0.00701904
-0.00732422
-0.00793457
-0.00885010
-0.00976563
-0.00976563
-0.01007080
-0.01037598
-0.01037598
-0.00946045
-0.00823975
-0.00701904
-0.00610352
-0.00640869
-0.00762939
-0.00946045
-0.01159668
-0.01373291
-0.01556396
-0.01647949
-0.01647949
-0.01586914
-0.01464844
-0.01312256
-0.01190186
-0.01068115
-0.00885010
-0.00701904
-0.00488281
-0.00366211
-0.00335693
-0.00457764
-0.00640869
-0.00885010
-0.01129150
-0.01342773
-0.01525879
-0.01586914
-0.01586914
-0.01495361
-0.01342773
-0.01159668
-0.00946045
-0.00732422
-0.00549316
-0.00427246
-0.00305176
-0.00244141
-0.00274658
-0.00305176
-0.00396729
-0.00488281
-0.00549316
-0.00549316
-0.00457764
-0.00366211
-0.00213623
-0.00061035
 0.00061035
 0.00183105
 0.00274658
 0.00305176
 0.00335693
 0.00305176
 0.00213623
 0.00061035
-0.00030518
-0.00152588
-0.00274658
-0.00457764
-0.00579834
-0.00610352
-0.00610352
-0.00610352
-0.00549316
-0.00518799
-0.00427246
-0.00396729
-0.00396729
-0.00457764
-0.00518799
-0.00610352
-0.00762939
-0.00976563
-0.01159668
-0.01281738
-0.01342773
-0.01373291
-0.01312256
-0.01159668
-0.00885010
-0.00579834
-0.00305176
-0.00091553
 0.00030518
 0.00091553
 0.00091553
 0.00091553
 0.00061035
 0.00000000
-0.00091553
-0.00213623
-0.00244141
-0.00244141
-0.00244141
-0.00213623
-0.00122070
 0.00030518
 0.00244141
 0.00427246
 0.00610352
 0.00732422
 0.00793457
 0.00732422
 0.00579834
 0.00457764
 0.00366211
 0.00244141
 0.00183105
 0.00213623
 0.00335693
 0.00457764
 0.00518799
 0.00610352
 0.00762939
 0.00885010
 0.01007080
 0.01068115
 0.01098633
 0.01129150
 0.01129150
 0.01068115
 0.00915527
 0.00762939
 0.00671387
 0.00610352
 0.00610352
 0.00701904
 0.00854492
 0.01068115
 0.01251221
 0.01373291
 0.01434326
 0.01403809
 0.01312256
 0.01220703
 0.01007080
 0.00762939
 0.00610352
 0.00427246
 0.00305176
 0.00274658
 0.00274658
 0.00305176
 0.00457764
 0.00671387
 0.00976563
 0.01342773
 0.01647949
 0.01922607
 0.02014160
 0.01983643
 0.01831055
 0.01678467
 0.01556396
 0.01403809
 0.01312256
 0.01251221
 0.01281738
 0.01373291
 0.01525879
 0.01739502
 0.01983643
 0.02319336
 0.02624512
 0.02899170
 0.02990723
 0.02960205
 0.02838135
 0.02563477
 0.02227783
 0.01892090
 0.01495361
 0.01220703
 0.01037598
 0.00976563
 0.01007080
 0.01068115
 0.01251221
 0.01495361
 0.01647949
 0.01739502
 0.01678467
 0.01586914
 0.01373291
 0.01037598
 0.00701904
 0.00366211
 0.00000000
-0.00305176
-0.00518799
-0.00579834
-0.00640869
-0.00610352
-0.00457764
-0.00244141
-0.00061035
 0.00000000
-0.00030518
-0.00152588
-0.00366211
-0.00579834
-0.00823975
-0.01068115
-0.01342773
-0.01586914
-0.01831055
-0.01953125
-0.01892090
-0.01770020
-0.01525879
-0.01220703
-0.00946045
-0.00701904
-0.00579834
-0.00640869
-0.00793457
-0.01068115
-0.01312256
-0.01586914
-0.01831055
-0.02014160
-0.02197266
-0.02288818
-0.02319336
-0.02258301
-0.02105713
-0.01861572
-0.01617432
-0.01373291
-0.01220703
-0.01159668
-0.01159668
-0.01281738
-0.01464844
-0.01708984
-0.01953125
-0.02197266
-0.02349854
-0.02380371
-0.02288818
-0.02166748
-0.02014160
-0.01861572
-0.01708984
-0.01586914
-0.01495361
-0.01373291
-0.01281738
-0.01220703
-0.01251221
-0.01312256
-0.01464844
-0.01647949
-0.01892090
-0.02044678
-0.02075195
-0.01983643
-0.01800537
-0.01495361
-0.01159668
-0.00854492
-0.00640869
-0.00549316
-0.00579834
-0.00640869
-0.00701904
-0.00793457
-0.00915527
-0.01037598
-0.01159668
-0.01342773
-0.01434326
-0.01464844
-0.01373291
-0.01220703
-0.00976563
-0.00701904
-0.00427246
-0.00152588
 0.00030518
 0.00091553
 0.00030518
-0.00122070
-0.00213623
-0.00274658
-0.00213623
-0.00152588
-0.00061035
-0.00030518
 0.00061035
 0.00183105
 0.00274658
 0.00396729
 0.00579834
 0.00762939
 0.00915527
 0.00976563
 0.00946045
 0.00823975
 0.00701904
 0.00549316
 0.00335693
 0.00122070
 0.00061035
 0.00183105
 0.00366211
 0.00518799
 0.00640869
 0.00671387
 0.00732422
 0.00762939
 0.00823975
 0.00885010
 0.00915527
 0.00915527
 0.00793457
 0.00640869
 0.00488281
 0.00366211
 0.00274658
 0.00274658
 0.00274658
 0.00335693
 0.00518799
 0.00823975
 0.01037598
 0.01159668
 0.01251221
 0.01281738
 0.01251221
 0.01251221
 0.01251221
 0.01220703
 0.01129150
 0.01007080
 0.00915527
 0.00732422
 0.00640869
 0.00671387
 0.00762939
 0.00823975
 0.00915527
 0.00976563
 0.01037598
 0.01037598
 0.00976563
 0.00915527
 0.00823975
 0.00701904
 0.00610352
 0.00610352
 0.00610352
 0.00671387
 0.00732422
 0.00732422
 0.00701904
 0.00732422
 0.00793457
 0.00854492
 0.00854492
 0.00854492
 0.00854492
 0.00823975
 0.00732422
 0.00640869
 0.00549316
 0.00488281
 0.00518799
 0.00579834
 0.00671387
 0.00732422
 0.00854492
 0.00946045
 0.01037598
 0.01098633
 0.01098633
 0.01129150
 0.01159668
 0.01190186
 0.01220703
 0.01251221
 0.01281738
 0.01251221
 0.01251221
 0.01342773
 0.01403809
 0.01525879
 0.01647949
 0.01739502
 0.01708984
 0.01647949
 0.01464844
 0.01312256
 0.01129150
 0.01007080
 0.00915527
 0.00793457
 0.00640869
 0.00488281
 0.00305176
 0.00152588
 0.00091553
 0.00091553
 0.00183105
 0.00305176
 0.00366211
 0.00427246
 0.00396729
 0.00305176
 0.00274658
 0.00213623
 0.00091553
-0.00030518
-0.00122070
-0.00213623
-0.00335693
-0.00457764
-0.00610352
-0.00732422
-0.00793457
-0.00762939
-0.00701904
-0.00610352
-0.00488281
-0.00335693
-0.00213623
-0.00152588
-0.00152588
-0.00183105
-0.00213623
-0.00305176
-0.00427246
-0.00549316
-0.00671387
-0.00671387
-0.00671387
-0.00610352
-0.00579834
-0.00518799
-0.00488281
-0.00427246
-0.00335693
-0.00305176
-0.00305176
-0.00396729
-0.00488281
-0.00610352
-0.00762939
-0.00885010
-0.00946045
-0.00976563
-0.01007080
-0.01007080
-0.00946045
-0.00854492
-0.00732422
-0.00640869
-0.00579834
-0.00579834
-0.00640869
-0.00732422
-0.00885010
-0.01068115
-0.01312256
-0.01525879
-0.01678467
-0.01739502
-0.01800537
-0.01831055
-0.01800537
-0.01708984
-0.01586914
-0.01495361
-0.01373291
-0.01220703
-0.01159668
-0.01098633
-0.01190186
-0.01342773
-0.01495361
-0.01678467
-0.01831055
-0.01922607
-0.01922607
-0.01861572
-0.01708984
-0.01495361
-0.01251221
-0.01068115
-0.00885010
-0.00701904
-0.00549316
-0.00457764
-0.00457764
-0.00457764
-0.00488281
-0.00640869
-0.00793457
-0.00946045
-0.01068115
-0.01068115
-0.00946045
-0.00732422
-0.00457764
-0.00213623
-0.00030518
 0.00091553
 0.00183105
 0.00244141
 0.00213623
 0.00152588
 0.00000000
-0.00213623
-0.00396729
-0.00579834
-0.00732422
-0.00854492
-0.00915527
-0.00915527
-0.00823975
-0.00671387
-0.00488281
-0.00305176
-0.00213623
-0.00183105
-0.00274658
-0.00427246
-0.00579834
-0.00671387
-0.00793457
-0.00854492
-0.00885010
-0.00823975
-0.00701904
-0.00549316
-0.00366211
-0.00183105
 0.00061035
 0.00305176
 0.00518799
 0.00671387
 0.00762939
 0.00732422
 0.00579834
 0.00396729
 0.00274658
 0.00183105
 0.00122070
 0.00091553
 0.00183105
 0.00366211
 0.00549316
 0.00732422
 0.00854492
 0.00976563
 0.01129150
 0.01251221
 0.01342773
 0.01342773
 0.01281738
 0.01159668
 0.01068115
 0.00946045
 0.00793457
 0.00701904
 0.00732422
 0.00885010
 0.01068115
 0.01251221
 0.01373291
 0.01464844
 0.01525879
 0.01525879
 0.01434326
 0.01251221
 0.01068115
 0.00823975
 0.00579834
 0.00488281
 0.00488281
 0.00488281
 0.00518799
 0.00579834
 0.00671387
 0.00854492
 0.01037598
 0.01220703
 0.01373291
 0.01464844
 0.01495361
 0.01373291
 0.01190186
 0.00946045
 0.00762939
 0.00640869
 0.00549316
 0.00549316
 0.00579834
 0.00671387
 0.00793457
 0.00915527
 0.01068115
 0.01220703
 0.01434326
 0.01556396
 0.01586914
 0.01556396
 0.01495361
 0.01373291
 0.01159668
 0.00946045
 0.00823975
 0.00701904
 0.00640869
 0.00671387
 0.00793457
 0.00976563
 0.01190186
 0.01373291
 0.01525879
 0.01525879
 0.01464844
 0.01312256
 0.01129150
 0.00885010
 0.00610352
 0.00305176
 0.00061035
-0.00091553
-0.00152588
-0.00183105
-0.00152588
-0.00030518
 0.00091553
 0.00274658
 0.00427246
 0.00518799
 0.00549316
 0.00427246
 0.00213623
 0.00000000
-0.00274658
-0.00640869
-0.00976563
-0.01312256
-0.01525879
-0.01617432
-0.01556396
-0.01434326
-0.01281738
-0.01129150
-0.00915527
-0.00701904
-0.00518799
-0.00396729
-0.00396729
-0.00549316
-0.00793457
-0.01068115
-0.01373291
-0.01617432
-0.01739502
-0.01770020
-0.01708984
-0.01495361
-0.01281738
-0.01068115
-0.00823975
-0.00549316
-0.00335693
-0.00244141
-0.00213623
-0.00274658
-0.00427246
-0.00640869
-0.00854492
-0.01068115
-0.01220703
-0.01251221
-0.01220703
-0.01129150
-0.00976563
-0.00823975
-0.00671387
-0.00549316
-0.00427246
-0.00366211
-0.00366211
-0.00457764
-0.00610352
-0.00793457
-0.00946045
-0.01068115
-0.01129150
-0.01159668
-0.01098633
-0.00976563
-0.00823975
-0.00671387
-0.00549316
-0.00427246
-0.00335693
-0.00305176
-0.00305176
-0.00396729
-0.00549316
-0.00701904
-0.00885010
-0.01037598
-0.01129150
-0.01129150
-0.01068115
-0.00976563
-0.00793457
-0.00579834
-0.00366211
-0.00183105
 0.00000000
 0.00152588
 0.00213623
 0.00183105
 0.00061035
-0.00122070
-0.00274658
-0.00366211
-0.00366211
-0.00335693
-0.00244141
-0.00061035
 0.00152588
 0.00427246
 0.00671387
 0.00823975
 0.00915527
 0.00946045
 0.00946045
 0.00885010
 0.00793457
 0.00671387
 0.00518799
 0.00427246
 0.00335693
 0.00305176
 0.00305176
 0.00396729
 0.00579834
 0.00762939
 0.00946045
 0.01098633
 0.01159668
 0.01129150
 0.01037598
 0.00885010
 0.00701904
 0.00457764
 0.00305176
 0.00274658
 0.00274658
 0.00274658
 0.00274658
 0.00305176
 0.00366211
 0.00457764
 0.00549316
 0.00671387
 0.00793457
 0.00854492
 0.00885010
 0.00854492
 0.00732422
 0.00549316
 0.00335693
 0.00152588
 0.00061035
-0.00030518
-0.00030518
 0.00030518
 0.00122070
 0.00213623
 0.00305176
 0.00366211
 0.00457764
 0.00488281
 0.00457764
 0.00457764
 0.00457764
 0.00457764
 0.00396729
 0.00335693
 0.00305176
 0.00305176
 0.00335693
 0.00396729
 0.00427246
 0.00488281
 0.00549316
 0.00610352
 0.00610352
 0.00671387
 0.00671387
 0.00610352
 0.00488281
 0.00396729
 0.00305176
 0.00244141
 0.00152588
 0.00061035
 0.00000000
 0.00030518
 0.00061035
 0.00122070
 0.00091553
 0.00091553
 0.00122070
 0.00152588
 0.00152588
 0.00183105
 0.00152588
 0.00091553
 0.00000000
-0.00122070
-0.00183105
-0.00274658
-0.00335693
-0.00366211
-0.00335693
-0.00274658
-0.00244141
-0.00152588
 0.00000000
 0.00122070
 0.00152588
 0.00152588
 0.00183105
 0.00152588
 0.00091553
 0.00030518
 0.00030518
 0.00030518
 0.00030518
 0.00000000
 0.00000000
-0.00061035
-0.00091553
-0.00122070
-0.00152588
-0.00152588
-0.00213623
-0.00274658
-0.00335693
-0.00335693
-0.00274658
-0.00213623
-0.00122070
-0.00091553
-0.00061035
 0.00000000
-0.00030518
-0.00061035
-0.00061035
-0.00030518
 0.00000000
 0.00000000
-0.00091553
-0.00213623
-0.00305176
-0.00366211
-0.00396729
-0.00366211
-0.00335693
-0.00335693
-0.00335693
-0.00335693
-0.00366211
-0.00335693
-0.00335693
-0.00366211
-0.00396729
-0.00396729
-0.00396729
-0.00335693
-0.00335693
-0.00396729
-0.00396729
-0.00366211
-0.00335693
-0.00305176
-0.00213623
-0.00122070
-0.00030518
 0.00091553
 0.00244141
 0.00396729
 0.00518799
 0.00579834
 0.00579834
 0.00488281
 0.00335693
 0.00244141
 0.00213623
 0.00183105
 0.00152588
 0.00152588
 0.00183105
 0.00122070
 0.00091553
 0.00183105
 0.00244141
 0.00305176
 0.00274658
 0.00183105
 0.00091553
 0.00000000
-0.00122070
-0.00305176
-0.00457764
-0.00549316
-0.00610352
-0.00579834
-0.00518799
-0.00396729
-0.00244141
-0.00122070
 0.00030518
 0.00122070
 0.00183105
 0.00183105
 0.00091553
 0.00000000
-0.00091553
-0.00213623
-0.00366211
-0.00488281
-0.00549316
-0.00579834
-0.00579834
-0.00488281
-0.00305176
-0.00122070
 0.00030518
 0.00122070
 0.00183105
 0.00213623
 0.00122070
 0.00061035
 0.00000000
-0.00061035
-0.00183105
-0.00244141
-0.00213623
-0.00183105
-0.00183105
-0.00152588
-0.00030518
 0.00091553
 0.00244141
 0.00427246
 0.00579834
 0.00701904
 0.00701904
 0.00671387
 0.00640869
 0.00518799
 0.00366211
 0.00213623
 0.00091553
 0.00000000
-0.00061035
-0.00030518
 0.00000000
 0.00061035
 0.00122070
 0.00244141
 0.00366211
 0.00427246
 0.00427246
 0.00396729
 0.00335693
 0.00213623
 0.00091553
 0.00000000
-0.00122070
-0.00213623
-0.00274658
-0.00274658
-0.00244141
-0.00091553
 0.00091553
 0.00244141
 0.00335693
 0.00366211
 0.00366211
 0.00305176
 0.00213623
 0.00030518
-0.00091553
-0.00213623
-0.00335693
-0.00427246
-0.00457764
-0.00396729
-0.00335693
-0.00335693
-0.00244141
-0.00091553
 0.00091553
 0.00213623
 0.00274658
 0.00305176
 0.00305176
 0.00244141
 0.00122070
 0.00000000
-0.00091553
-0.00122070
-0.00183105
-0.00213623
-0.00213623
-0.00152588
-0.00122070
-0.00061035
-0.00030518
 0.00061035
 0.00091553
 0.00091553
 0.00091553
 0.00000000
-0.00061035
-0.00152588
-0.00213623
-0.00335693
-0.00457764
-0.00518799
-0.00549316
-0.00549316
-0.00518799
-0.00488281
-0.00457764
-0.00427246
-0.00427246
-0.00488281
-0.00549316
-0.00610352
-0.00671387
-0.00732422
-0.00854492
-0.01007080
-0.01129150
-0.01220703
-0.01251221
-0.01220703
-0.01159668
-0.01037598
-0.00885010
-0.00762939
-0.00671387
-0.00610352
-0.00579834
-0.00640869
-0.00701904
-0.00793457
-0.00854492
-0.00946045
-0.01037598
-0.01129150
-0.01190186
-0.01251221
-0.01251221
-0.01159668
-0.01098633
-0.00976563
-0.00885010
-0.00793457
-0.00762939
-0.00762939
-0.00854492
-0.00976563
-0.01098633
-0.01190186
-0.01312256
-0.01373291
-0.01342773
-0.01281738
-0.01251221
-0.01220703
-0.01129150
-0.01007080
-0.00854492
-0.00701904
-0.00610352
-0.00579834
-0.00610352
-0.00671387
-0.00732422
-0.00732422
-0.00762939
-0.00823975
-0.00854492
-0.00885010
-0.00854492
-0.00732422
-0.00549316
-0.00335693
-0.00152588
-0.00061035
 0.00000000
 0.00122070
 0.00183105
 0.00274658
 0.00305176
 0.00305176
 0.00213623
 0.00122070
 0.00091553
 0.00152588
 0.00213623
 0.00274658
 0.00427246
 0.00549316
 0.00701904
 0.00854492
 0.00946045
 0.01037598
 0.01037598
 0.01068115
 0.01098633
 0.01159668
 0.01190186
 0.01159668
 0.01159668
 0.01159668
 0.01129150
 0.01098633
 0.01129150
 0.01220703
 0.01312256
 0.01464844
 0.01525879
 0.01586914
 0.01647949
 0.01678467
 0.01647949
 0.01586914
 0.01556396
 0.01525879
 0.01525879
 0.01617432
 0.01708984
 0.01800537
 0.01861572
 0.01831055
 0.01831055
 0.01800537
 0.01800537
 0.01770020
 0.01770020
 0.01770020
 0.01708984
 0.01678467
 0.01617432
 0.01525879
 0.01495361
 0.01495361
 0.01525879
 0.01556396
 0.01586914
 0.01556396
 0.01586914
 0.01617432
 0.01617432
 0.01556396
 0.01464844
 0.01403809
 0.01342773
 0.01312256
 0.01312256
 0.01342773
 0.01342773
 0.01342773
 0.01403809
 0.01464844
 0.01525879
 0.01556396
 0.01525879
 0.01495361
 0.01434326
 0.01373291
 0.01312256
 0.01190186
 0.01037598
 0.00854492
 0.00732422
 0.00640869
 0.00579834
 0.00549316
 0.00549316
 0.00518799
 0.00427246
 0.00305176
 0.00274658
 0.00213623
 0.00091553
-0.00061035
-0.00244141
-0.00488281
-0.00701904
-0.00854492
-0.00915527
-0.00976563
-0.01037598
-0.01037598
-0.01007080
-0.00915527
-0.00854492
-0.00823975
-0.00823975
-0.00915527
-0.01007080
-0.01068115
-0.01190186
-0.01312256
-0.01434326
-0.01464844
-0.01495361
-0.01525879
-0.01495361
-0.01434326
-0.01342773
-0.01281738
-0.01251221
-0.01281738
-0.01312256
-0.01281738
-0.01281738
-0.01342773
-0.01434326
-0.01556396
-0.01708984
-0.01800537
-0.01800537
-0.01739502
-0.01647949
-0.01556396
-0.01495361
-0.01403809
-0.01342773
-0.01312256
-0.01281738
-0.01190186
-0.01159668
-0.01129150
-0.01159668
-0.01251221
-0.01342773
-0.01373291
-0.01342773
-0.01251221
-0.01159668
-0.01037598
-0.00946045
-0.00854492
-0.00823975
-0.00823975
-0.00854492
-0.00915527
-0.00915527
-0.00946045
-0.01037598
-0.01159668
-0.01251221
-0.01251221
-0.01312256
-0.01373291
-0.01373291
-0.01281738
-0.01159668
-0.01129150
-0.01098633
-0.00976563
-0.00885010
-0.00793457
-0.00793457
-0.00823975
-0.00854492
-0.00915527
-0.00946045
-0.00915527
-0.00793457
-0.00610352
-0.00427246
-0.00274658
-0.00183105
-0.00091553
 0.00030518
 0.00183105
 0.00305176
 0.00396729
 0.00457764
 0.00488281
 0.00488281
 0.00427246
 0.00335693
 0.00274658
 0.00213623
 0.00244141
 0.00305176
 0.00335693
 0.00457764
 0.00549316
 0.00610352
 0.00671387
 0.00701904
 0.00732422
 0.00701904
 0.00671387
 0.00640869
 0.00610352
 0.00610352
 0.00549316
 0.00488281
 0.00457764
 0.00396729
 0.00335693
 0.00335693
 0.00335693
 0.00335693
 0.00396729
 0.00396729
 0.00396729
 0.00335693
 0.00274658
 0.00183105
 0.00152588
 0.00152588
 0.00183105
 0.00244141
 0.00305176
 0.00396729
 0.00457764
 0.00457764
 0.00488281
 0.00549316
 0.00671387
 0.00823975
 0.00885010
 0.00885010
 0.00793457
 0.00671387
 0.00518799
 0.00427246
 0.00366211
 0.00366211
 0.00366211
 0.00396729
 0.00457764
 0.00549316
 0.00640869
 0.00732422
 0.00823975
 0.00885010
 0.00946045
 0.01007080
 0.01037598
 0.01037598
 0.00946045
 0.00793457
 0.00579834
 0.00396729
 0.00274658
 0.00213623
 0.00213623
 0.00244141
