-0.00091553
-0.00122070
-0.00152588
-0.00122070
-0.00152588
-0.00183105
-0.00213623
-0.00183105
-0.00152588
-0.00122070
-0.00152588
-0.00183105
-0.00213623
-0.00183105
-0.00183105
-0.00213623
-0.00305176
-0.00335693
-0.00366211
-0.00335693
-0.00335693
-0.00335693
-0.00335693
-0.00335693
-0.00335693
-0.00274658
-0.00244141
-0.00274658
-0.00305176
-0.00335693
-0.00335693
-0.00335693
-0.00427246
-0.00518799
-0.00549316
-0.00518799
-0.00579834
-0.00640869
-0.00671387
-0.00640869
-0.00610352
-0.00579834
-0.00518799
-0.00518799
-0.00457764
-0.00427246
-0.00427246
-0.00427246
-0.00457764
-0.00488281
-0.00549316
-0.00579834
-0.00579834
-0.00579834
-0.00579834
-0.00579834
-0.00488281
-0.00427246
-0.00396729
-0.00366211
-0.00305176
-0.00213623
-0.00213623
-0.00183105
-0.00183105
-0.00183105
-0.00213623
-0.00244141
-0.00274658
-0.00305176
-0.00366211
-0.00335693
-0.00274658
-0.00274658
-0.00244141
-0.00152588
-0.00091553
 0.00000000
 0.00061035
 0.00091553
 0.00122070
 0.00152588
 0.00183105
 0.00152588
 0.00152588
 0.00122070
 0.00061035
 0.00091553
 0.00152588
 0.00213623
 0.00274658
 0.00274658
 0.00305176
 0.00305176
 0.00305176
 0.00305176
 0.00274658
 0.00244141
 0.00244141
 0.00305176
-0.01342773
-0.01068115
-0.02014160
-0.01281738
-0.01525879
-0.01861572
-0.02105713
-0.02258301
-0.02197266
-0.01922607
-0.01434326
-0.00823975
-0.00061035
 0.00701904
 0.01464844
 0.02136230
 0.02593994
 0.02807617
 0.02838135
 0.02685547
 0.02349854
 0.01953125
 0.01556396
 0.01220703
 0.00946045
 0.00854492
 0.00854492
 0.01068115
 0.01403809
 0.01831055
 0.02227783
 0.02532959
 0.02716064
 0.02746582
 0.02593994
 0.02288818
 0.01800537
 0.01159668
 0.00488281
-0.00213623
-0.00793457
-0.01220703
-0.01434326
-0.01495361
-0.01373291
-0.01129150
-0.00762939
-0.00366211
 0.00091553
 0.00427246
 0.00579834
 0.00549316
 0.00335693
 0.00000000
-0.00396729
-0.00732422
-0.01007080
-0.01220703
-0.01312256
-0.01251221
-0.01037598
-0.00671387
-0.00152588
 0.00396729
 0.01037598
 0.01617432
 0.02075195
 0.02319336
 0.02380371
 0.02288818
 0.01983643
 0.01586914
 0.01281738
 0.01037598
 0.00915527
 0.00854492
 0.00946045
 0.01068115
 0.01312256
 0.01708984
 0.02166748
 0.02624512
 0.03021240
 0.03265381
 0.03356934
 0.03265381
 0.03021240
 0.02624512
 0.02105713
 0.01525879
 0.00976563
 0.00488281
 0.00091553
-0.00213623
-0.00396729
-0.00366211
-0.00213623
 0.00000000
 0.00152588
 0.00213623
 0.00244141
 0.00091553
-0.00183105
-0.00518799
-0.00946045
-0.01403809
-0.01922607
-0.02410889
-0.02777100
-0.02960205
-0.02960205
-0.02868652
-0.02593994
-0.02227783
-0.01800537
-0.01434326
-0.01129150
-0.00885010
-0.00732422
-0.00671387
-0.00732422
-0.00915527
-0.01220703
-0.01556396
-0.01861572
-0.02044678
-0.02075195
-0.01983643
-0.01739502
-0.01281738
-0.00762939
-0.00244141
 0.00213623
 0.00610352
 0.00885010
 0.00976563
 0.00946045
 0.00854492
 0.00732422
 0.00518799
 0.00274658
 0.00030518
-0.00152588
-0.00244141
-0.00183105
 0.00061035
 0.00457764
 0.00885010
 0.01312256
 0.01617432
 0.01831055
 0.01953125
 0.01892090
 0.01617432
 0.01220703
 0.00701904
 0.00061035
-0.00579834
-0.01159668
-0.01617432
-0.01983643
-0.02166748
-0.02166748
-0.02075195
-0.01892090
-0.01708984
-0.01464844
-0.01220703
-0.01098633
-0.01190186
-0.01464844
-0.01770020
-0.02136230
-0.02532959
-0.02960205
-0.03234863
-0.03326416
-0.03295898
-0.03173828
-0.02868652
-0.02471924
-0.01953125
-0.01373291
-0.00793457
-0.00244141
 0.00152588
 0.00396729
 0.00488281
 0.00396729
 0.00152588
-0.00122070
-0.00366211
-0.00518799
-0.00640869
-0.00640869
-0.00488281
-0.00183105
 0.00183105
 0.00579834
 0.01037598
 0.01434326
 0.01739502
 0.01953125
 0.01983643
 0.01922607
 0.01739502
 0.01464844
 0.01098633
 0.00732422
 0.00427246
 0.00213623
 0.00122070
 0.00183105
 0.00488281
 0.00854492
 0.01281738
 0.01678467
 0.02044678
 0.02288818
 0.02441406
 0.02410889
 0.02258301
 0.01983643
 0.01586914
 0.01098633
 0.00549316
 0.00091553
-0.00244141
-0.00457764
-0.00549316
-0.00457764
-0.00244141
 0.00061035
 0.00366211
 0.00579834
 0.00610352
 0.00549316
 0.00366211
 0.00061035
-0.00305176
-0.00732422
-0.01190186
-0.01586914
-0.01861572
-0.02014160
-0.02075195
-0.01953125
-0.01617432
-0.01129150
-0.00579834
-0.00091553
 0.00335693
 0.00701904
 0.00915527
 0.00976563
 0.00915527
 0.00762939
 0.00488281
 0.00152588
-0.00152588
-0.00366211
-0.00396729
-0.00244141
 0.00030518
 0.00396729
 0.00823975
 0.01281738
 0.01708984
 0.01983643
 0.02166748
 0.02166748
 0.02014160
 0.01708984
 0.01312256
 0.00915527
 0.00518799
 0.00183105
-0.00061035
-0.00183105
-0.00213623
-0.00122070
 0.00091553
 0.00457764
 0.00885010
 0.01281738
 0.01495361
 0.01586914
 0.01464844
 0.01190186
 0.00793457
 0.00274658
-0.00274658
-0.00762939
-0.01190186
-0.01525879
-0.01739502
-0.01770020
-0.01617432
-0.01342773
-0.01068115
-0.00762939
-0.00457764
-0.00183105
-0.00061035
-0.00122070
-0.00244141
-0.00427246
-0.00762939
-0.01098633
-0.01403809
-0.01556396
-0.01647949
-0.01586914
-0.01373291
-0.00976563
-0.00518799
 0.00030518
 0.00549316
 0.01007080
 0.01373291
 0.01556396
 0.01556396
 0.01373291
 0.01129150
 0.00823975
 0.00427246
 0.00000000
-0.00305176
-0.00488281
-0.00549316
-0.00457764
-0.00213623
 0.00122070
 0.00457764
 0.00823975
 0.01159668
 0.01342773
 0.01281738
 0.01037598
 0.00701904
 0.00274658
-0.00183105
-0.00671387
-0.01037598
-0.01312256
-0.01464844
-0.01464844
-0.01281738
-0.01007080
-0.00610352
-0.00183105
 0.00183105
 0.00396729
 0.00518799
 0.00488281
 0.00274658
-0.00091553
-0.00549316
-0.01007080
-0.01434326
-0.01831055
-0.02075195
-0.02197266
-0.02166748
-0.01953125
-0.01647949
-0.01281738
-0.00885010
-0.00549316
-0.00305176
-0.00274658
-0.00366211
-0.00549316
-0.00854492
-0.01220703
-0.01556396
-0.01800537
-0.01922607
-0.01892090
-0.01708984
-0.01342773
-0.00823975
-0.00213623
 0.00427246
 0.01007080
 0.01464844
 0.01800537
 0.02014160
 0.02105713
 0.02044678
 0.01800537
 0.01556396
 0.01312256
 0.01068115
 0.00854492
 0.00701904
 0.00701904
 0.00854492
 0.01190186
 0.01586914
 0.01983643
 0.02319336
 0.02502441
 0.02502441
 0.02380371
 0.02136230
 0.01831055
 0.01434326
 0.01037598
 0.00579834
 0.00183105
-0.00061035
-0.00183105
-0.00213623
-0.00122070
 0.00000000
 0.00244141
 0.00518799
 0.00793457
 0.00946045
 0.00885010
 0.00762939
 0.00549316
 0.00244141
-0.00122070
-0.00549316
-0.00946045
-0.01220703
-0.01403809
-0.01464844
-0.01342773
-0.01007080
-0.00579834
-0.00183105
 0.00183105
 0.00518799
 0.00732422
 0.00885010
 0.00885010
 0.00762939
 0.00549316
 0.00274658
 0.00030518
-0.00244141
-0.00457764
-0.00579834
-0.00549316
-0.00427246
-0.00183105
 0.00122070
 0.00427246
 0.00701904
 0.00885010
 0.01007080
 0.01007080
 0.00885010
 0.00640869
 0.00305176
-0.00122070
-0.00610352
-0.01037598
-0.01373291
-0.01586914
-0.01739502
-0.01770020
-0.01678467
-0.01464844
-0.01220703
-0.01007080
-0.00854492
-0.00762939
-0.00854492
-0.01068115
-0.01342773
-0.01647949
-0.01922607
-0.02166748
-0.02380371
-0.02624512
-0.02777100
-0.02716064
-0.02532959
-0.02258301
-0.01922607
-0.01556396
-0.01190186
-0.00823975
-0.00610352
-0.00518799
-0.00549316
-0.00701904
-0.00915527
-0.01129150
-0.01373291
-0.01525879
-0.01647949
-0.01647949
-0.01556396
-0.01373291
-0.01129150
-0.00793457
-0.00427246
-0.00061035
 0.00213623
 0.00427246
 0.00549316
 0.00579834
 0.00518799
 0.00396729
 0.00274658
 0.00152588
 0.00091553
 0.00091553
 0.00152588
 0.00305176
 0.00488281
 0.00701904
 0.01007080
 0.01312256
 0.01556396
 0.01739502
 0.01831055
 0.01800537
 0.01678467
 0.01495361
 0.01220703
 0.00885010
 0.00610352
 0.00366211
 0.00244141
 0.00183105
 0.00244141
 0.00305176
 0.00427246
 0.00640869
 0.00854492
 0.01068115
 0.01220703
 0.01281738
 0.01312256
 0.01251221
 0.01098633
 0.00854492
 0.00610352
 0.00457764
 0.00335693
 0.00305176
 0.00366211
 0.00518799
 0.00732422
 0.00976563
 0.01251221
 0.01525879
 0.01739502
 0.01861572
 0.01953125
 0.01922607
 0.01800537
 0.01647949
 0.01495361
 0.01281738
 0.01007080
 0.00762939
 0.00579834
 0.00457764
 0.00427246
 0.00488281
 0.00640869
 0.00854492
 0.01007080
 0.01037598
 0.01007080
 0.00885010
 0.00701904
 0.00549316
 0.00335693
 0.00030518
-0.00244141
-0.00518799
-0.00732422
-0.00915527
-0.00976563
-0.00946045
-0.00885010
-0.00762939
-0.00549316
-0.00366211
-0.00183105
-0.00122070
-0.00091553
-0.00122070
-0.00213623
-0.00427246
-0.00671387
-0.00885010
-0.01068115
-0.01190186
-0.01312256
-0.01342773
-0.01251221
-0.01129150
-0.01037598
-0.00976563
-0.00915527
-0.00762939
-0.00701904
-0.00762939
-0.00885010
-0.01007080
-0.01251221
-0.01525879
-0.01800537
-0.02014160
-0.02227783
-0.02319336
-0.02288818
-0.02166748
-0.01953125
-0.01739502
-0.01525879
-0.01312256
-0.01129150
-0.00976563
-0.00885010
-0.00793457
-0.00793457
-0.00854492
-0.00946045
-0.01068115
-0.01159668
-0.01190186
-0.01129150
-0.00976563
-0.00823975
-0.00579834
-0.00335693
-0.00030518
 0.00213623
 0.00457764
 0.00579834
 0.00610352
 0.00549316
 0.00457764
 0.00335693
 0.00213623
 0.00061035
-0.00091553
-0.00183105
-0.00183105
-0.00122070
-0.00030518
 0.00122070
 0.00305176
 0.00457764
 0.00610352
 0.00732422
 0.00762939
 0.00732422
 0.00610352
 0.00457764
 0.00305176
 0.00122070
-0.00030518
-0.00122070
-0.00213623
-0.00244141
-0.00122070
 0.00030518
 0.00244141
 0.00427246
 0.00610352
 0.00732422
 0.00793457
 0.00823975
 0.00762939
 0.00610352
 0.00457764
 0.00274658
 0.00061035
-0.00122070
-0.00244141
-0.00244141
-0.00152588
 0.00000000
 0.00152588
 0.00305176
 0.00518799
 0.00701904
 0.00885010
 0.00976563
 0.01007080
 0.00946045
 0.00823975
 0.00671387
 0.00457764
 0.00244141
 0.00091553
-0.00030518
-0.00122070
-0.00091553
 0.00030518
 0.00274658
 0.00549316
 0.00793457
 0.01037598
 0.01159668
 0.01281738
 0.01342773
 0.01342773
 0.01251221
 0.01129150
 0.00976563
 0.00854492
 0.00732422
 0.00610352
 0.00579834
 0.00671387
 0.00793457
 0.00915527
 0.01037598
 0.01129150
 0.01190186
 0.01251221
 0.01251221
 0.01190186
 0.01037598
 0.00762939
 0.00457764
 0.00152588
-0.00061035
-0.00213623
-0.00427246
-0.00549316
-0.00518799
-0.00396729
-0.00305176
-0.00213623
-0.00122070
 0.00000000
 0.00061035
 0.00030518
-0.00061035
-0.00213623
-0.00366211
-0.00549316
-0.00732422
-0.00946045
-0.01068115
-0.01068115
-0.01037598
-0.00946045
-0.00823975
-0.00579834
-0.00305176
-0.00030518
 0.00152588
 0.00274658
 0.00305176
 0.00213623
 0.00030518
-0.00183105
-0.00335693
-0.00488281
-0.00610352
-0.00732422
-0.00823975
-0.00823975
-0.00762939
-0.00610352
-0.00488281
-0.00335693
-0.00183105
-0.00091553
-0.00152588
-0.00213623
-0.00305176
-0.00457764
-0.00701904
-0.00915527
-0.01129150
-0.01312256
-0.01434326
-0.01434326
-0.01403809
-0.01373291
-0.01251221
-0.01129150
-0.00976563
-0.00793457
-0.00671387
-0.00610352
-0.00549316
-0.00579834
-0.00701904
-0.00854492
-0.01007080
-0.01159668
-0.01251221
-0.01281738
-0.01220703
-0.01129150
-0.00976563
-0.00793457
-0.00579834
-0.00366211
-0.00152588
 0.00030518
 0.00183105
 0.00244141
 0.00213623
 0.00183105
 0.00061035
-0.00061035
-0.00183105
-0.00274658
-0.00274658
-0.00244141
-0.00122070
 0.00000000
 0.00152588
 0.00305176
 0.00518799
 0.00671387
 0.00793457
 0.00823975
 0.00823975
 0.00762939
 0.00671387
 0.00518799
 0.00366211
 0.00213623
 0.00091553
 0.00030518
-0.00061035
-0.00030518
 0.00030518
 0.00152588
 0.00366211
 0.00549316
 0.00640869
 0.00732422
 0.00793457
 0.00762939
 0.00671387
 0.00610352
 0.00457764
 0.00305176
 0.00183105
 0.00183105
 0.00122070
 0.00091553
 0.00091553
 0.00183105
 0.00335693
 0.00427246
 0.00518799
 0.00610352
 0.00671387
 0.00671387
 0.00549316
 0.00396729
 0.00244141
 0.00061035
-0.00122070
-0.00244141
-0.00366211
-0.00427246
-0.00457764
-0.00427246
-0.00305176
-0.00152588
 0.00030518
 0.00152588
 0.00213623
 0.00274658
 0.00274658
 0.00213623
 0.00152588
 0.00091553
-0.00030518
-0.00152588
-0.00213623
-0.00183105
-0.00122070
-0.00030518
 0.00091553
 0.00244141
 0.00488281
 0.00732422
 0.00823975
 0.00885010
 0.00946045
 0.01007080
 0.00976563
 0.00854492
 0.00732422
 0.00579834
 0.00427246
 0.00305176
 0.00213623
 0.00152588
 0.00152588
 0.00213623
 0.00305176
 0.00366211
 0.00427246
 0.00427246
 0.00396729
 0.00274658
 0.00183105
 0.00061035
-0.00152588
-0.00335693
-0.00549316
-0.00732422
-0.00885010
-0.01007080
-0.01068115
-0.01068115
-0.01007080
-0.00885010
-0.00793457
-0.00701904
-0.00610352
-0.00579834
-0.00640869
-0.00762939
-0.00854492
-0.00885010
-0.00946045
-0.01068115
-0.01098633
-0.01129150
-0.01098633
-0.01007080
-0.00885010
-0.00732422
-0.00549316
-0.00366211
-0.00213623
-0.00030518
 0.00091553
 0.00122070
 0.00091553
 0.00030518
 0.00000000
-0.00030518
-0.00030518
-0.00030518
 0.00000000
 0.00091553
 0.00213623
 0.00366211
 0.00457764
 0.00549316
 0.00640869
 0.00762939
 0.00823975
 0.00854492
 0.00823975
 0.00762939
 0.00671387
 0.00549316
 0.00396729
 0.00274658
 0.00152588
 0.00091553
 0.00061035
 0.00061035
 0.00091553
 0.00122070
 0.00122070
 0.00152588
 0.00152588
 0.00183105
 0.00152588
 0.00183105
 0.00183105
 0.00122070
 0.00000000
-0.00152588
-0.00274658
-0.00366211
-0.00366211
-0.00366211
-0.00335693
-0.00244141
-0.00152588
-0.00030518
 0.00091553
 0.00213623
 0.00274658
 0.00305176
 0.00335693
 0.00366211
 0.00396729
 0.00396729
 0.00366211
 0.00335693
 0.00335693
 0.00305176
 0.00335693
 0.00396729
 0.00488281
 0.00610352
 0.00732422
 0.00885010
 0.01037598
 0.01190186
 0.01251221
 0.01251221
 0.01251221
 0.01220703
 0.01129150
 0.01068115
 0.00915527
 0.00885010
 0.00885010
 0.00823975
 0.00762939
 0.00732422
 0.00732422
 0.00762939
 0.00762939
 0.00762939
 0.00732422
 0.00671387
 0.00579834
 0.00457764
 0.00305176
 0.00152588
 0.00000000
-0.00183105
-0.00366211
-0.00549316
-0.00701904
-0.00793457
-0.00854492
-0.00854492
-0.00793457
-0.00732422
-0.00732422
-0.00762939
-0.00854492
-0.00915527
-0.00976563
-0.01037598
-0.01098633
-0.01190186
-0.01251221
-0.01312256
-0.01373291
-0.01434326
-0.01464844
-0.01434326
-0.01342773
-0.01220703
-0.01068115
-0.00946045
-0.00854492
-0.00762939
-0.00701904
-0.00701904
-0.00732422
-0.00762939
-0.00732422
-0.00701904
-0.00671387
-0.00671387
-0.00640869
-0.00610352
-0.00549316
-0.00457764
-0.00335693
-0.00244141
-0.00152588
-0.00030518
 0.00122070
 0.00152588
 0.00152588
 0.00122070
 0.00122070
 0.00091553
 0.00000000
 0.00000000
 0.00030518
 0.00061035
 0.00152588
 0.00244141
 0.00305176
 0.00305176
 0.00366211
 0.00457764
 0.00518799
 0.00579834
 0.00610352
 0.00579834
 0.00518799
 0.00427246
 0.00305176
 0.00122070
-0.00030518
-0.00152588
-0.00213623
-0.00183105
-0.00122070
-0.00061035
-0.00030518
 0.00000000
 0.00061035
 0.00122070
 0.00152588
 0.00152588
 0.00122070
 0.00091553
 0.00030518
-0.00091553
-0.00183105
-0.00244141
-0.00213623
-0.00213623
-0.00213623
-0.00091553
 0.00061035
 0.00274658
 0.00427246
 0.00549316
 0.00671387
 0.00793457
 0.00885010
 0.00915527
 0.00885010
 0.00885010
 0.00854492
 0.00823975
 0.00793457
 0.00823975
 0.00854492
 0.00885010
 0.00885010
 0.00915527
 0.00976563
 0.01068115
 0.01190186
 0.01251221
 0.01251221
 0.01159668
 0.01037598
 0.00915527
 0.00762939
 0.00579834
 0.00396729
 0.00244141
 0.00183105
 0.00091553
 0.00030518
-0.00030518
-0.00091553
-0.00122070
-0.00091553
-0.00152588
-0.00183105
-0.00274658
-0.00366211
-0.00488281
-0.00701904
-0.00854492
-0.01007080
-0.01159668
-0.01312256
-0.01403809
-0.01434326
-0.01434326
-0.01434326
-0.01373291
-0.01251221
-0.01159668
-0.01098633
-0.01037598
-0.01007080
-0.01037598
-0.01037598
-0.01068115
-0.01159668
-0.01220703
-0.01281738
-0.01281738
-0.01220703
-0.01159668
-0.01068115
-0.00915527
-0.00762939
-0.00579834
-0.00396729
-0.00274658
-0.00183105
-0.00152588
-0.00091553
-0.00091553
-0.00152588
-0.00244141
-0.00305176
-0.00274658
-0.00244141
-0.00244141
-0.00213623
-0.00152588
-0.00061035
 0.00000000
 0.00061035
 0.00122070
 0.00183105
 0.00152588
 0.00152588
 0.00091553
 0.00030518
-0.00061035
-0.00152588
-0.00213623
-0.00244141
-0.00274658
-0.00274658
-0.00244141
-0.00213623
-0.00152588
-0.00122070
-0.00061035
 0.00000000
-0.00030518
-0.00030518
 0.00000000
 0.00000000
-0.00061035
-0.00091553
-0.00091553
-0.00091553
-0.00122070
-0.00152588
-0.00122070
-0.00030518
 0.00091553
 0.00213623
 0.00274658
 0.00396729
 0.00549316
 0.00671387
 0.00732422
 0.00793457
 0.00885010
 0.00915527
 0.00946045
 0.00946045
 0.00976563
 0.01007080
 0.01068115
 0.01098633
 0.01129150
 0.01220703
 0.01281738
 0.01342773
 0.01403809
 0.01464844
 0.01525879
 0.01617432
 0.01647949
 0.01647949
 0.01556396
 0.01464844
 0.01434326
 0.01373291
 0.01281738
 0.01190186
 0.01159668
 0.01129150
 0.01068115
 0.01007080
 0.01037598
 0.01068115
 0.01007080
 0.00915527
 0.00885010
 0.00823975
 0.00732422
 0.00610352
 0.00396729
 0.00213623
 0.00091553
-0.00030518
-0.00122070
-0.00244141
-0.00335693
-0.00335693
-0.00305176
-0.00274658
-0.00274658
-0.00274658
-0.00274658
-0.00305176
-0.00335693
-0.00427246
-0.00518799
-0.00640869
-0.00701904
-0.00732422
-0.00732422
-0.00793457
-0.00854492
-0.00823975
-0.00762939
-0.00701904
-0.00579834
-0.00457764
-0.00305176
-0.00183105
-0.00122070
-0.00152588
-0.00213623
-0.00274658
-0.00335693
-0.00396729
-0.00396729
-0.00396729
-0.00457764
-0.00457764
-0.00427246
-0.00366211
-0.00305176
-0.00244141
-0.00183105
-0.00152588
-0.00152588
-0.00152588
-0.00152588
-0.00213623
-0.00244141
-0.00335693
-0.00427246
-0.00518799
-0.00579834
-0.00640869
-0.00640869
-0.00610352
-0.00549316
-0.00488281
-0.00427246
-0.00427246
-0.00427246
-0.00427246
-0.00396729
-0.00427246
-0.00427246
-0.00457764
-0.00518799
-0.00579834
-0.00579834
-0.00610352
-0.00640869
-0.00610352
-0.00549316
-0.00457764
-0.00366211
-0.00244141
-0.00183105
-0.00152588
-0.00122070
-0.00122070
-0.00152588
-0.00213623
-0.00244141
-0.00305176
-0.00335693
-0.00366211
-0.00366211
-0.00305176
-0.00274658
-0.00244141
-0.00122070
 0.00030518
 0.00152588
 0.00213623
 0.00213623
 0.00244141
 0.00244141
 0.00274658
 0.00213623
 0.00152588
 0.00091553
 0.00061035
 0.00091553
 0.00122070
 0.00213623
 0.00305176
 0.00427246
 0.00549316
 0.00640869
 0.00762939
 0.00793457
 0.00793457
 0.00823975
 0.00823975
 0.00762939
 0.00671387
 0.00579834
 0.00488281
 0.00457764
 0.00427246
 0.00396729
 0.00396729
 0.00457764
 0.00549316
 0.00610352
 0.00640869
 0.00671387
 0.00671387
 0.00671387
 0.00610352
 0.00457764
 0.00335693
 0.00244141
 0.00213623
 0.00152588
 0.00091553
 0.00030518
 0.00000000
-0.00030518
-0.00030518
 0.00000000
 0.00061035
 0.00122070
 0.00152588
 0.00122070
 0.00122070
 0.00091553
 0.00030518
-0.00091553
-0.00183105
-0.00213623
-0.00213623
-0.00213623
-0.00213623
-0.00183105
-0.00122070
-0.00091553
 0.00000000
 0.00091553
 0.00213623
 0.00305176
 0.00335693
 0.00366211
 0.00366211
 0.00396729
 0.00427246
 0.00366211
 0.00274658
 0.00213623
 0.00183105
 0.00213623
 0.00274658
 0.00366211
 0.00396729
 0.00457764
 0.00488281
 0.00488281
 0.00518799
 0.00549316
 0.00518799
 0.00488281
 0.00396729
 0.00274658
 0.00122070
 0.00000000
-0.00091553
-0.00152588
-0.00152588
-0.00122070
-0.00122070
-0.00122070
-0.00061035
-0.00091553
-0.00091553
-0.00061035
-0.00091553
-0.00122070
-0.00213623
-0.00305176
-0.00396729
-0.00488281
-0.00579834
-0.00640869
-0.00671387
-0.00671387
-0.00671387
-0.00610352
-0.00518799
-0.00457764
-0.00427246
-0.00457764
-0.00457764
-0.00396729
-0.00366211
-0.00427246
-0.00457764
-0.00457764
-0.00488281
-0.00488281
-0.00518799
-0.00488281
-0.00396729
-0.00335693
-0.00274658
-0.00274658
-0.00244141
-0.00183105
-0.00122070
-0.00061035
 0.00000000
 0.00000000
-0.00061035
-0.00091553
-0.00122070
-0.00122070
-0.00091553
-0.00091553
-0.00122070
-0.00122070
-0.00061035
-0.00030518
-0.00030518
-0.00030518
 0.00000000
 0.00030518
 0.00061035
 0.00061035
 0.00122070
 0.00091553
 0.00030518
-0.00030518
-0.00122070
-0.00122070
-0.00091553
-0.00061035
-0.00091553
-0.00122070
-0.00091553
-0.00030518
-0.00030518
-0.00030518
 0.00030518
 0.00061035
 0.00030518
-0.00030518
-0.00061035
-0.00061035
-0.00061035
-0.00122070
-0.00183105
-0.00183105
-0.00213623
-0.00244141
-0.00213623
-0.00152588
-0.00061035
 0.00000000
 0.00030518
 0.00122070
 0.00213623
 0.00244141
 0.00244141
 0.00244141
 0.00244141
 0.00244141
 0.00274658
 0.00274658
 0.00213623
 0.00244141
 0.00274658
 0.00335693
 0.00366211
 0.00427246
 0.00518799
 0.00610352
 0.00640869
 0.00671387
 0.00640869
 0.00610352
 0.00579834
 0.00579834
 0.00579834
 0.00549316
 0.00488281
 0.00457764
 0.00427246
 0.00427246
 0.00427246
 0.00457764
 0.00488281
 0.00518799
 0.00610352
 0.00640869
 0.00610352
 0.00610352
 0.00579834
 0.00579834
 0.00579834
 0.00549316
 0.00518799
 0.00457764
 0.00427246
 0.00427246
 0.00427246
 0.00427246
 0.00457764
 0.00488281
 0.00518799
 0.00518799
 0.00457764
 0.00427246
 0.00427246
 0.00457764
 0.00396729
 0.00335693
 0.00244141
 0.00213623
 0.00183105
 0.00152588
 0.00091553
 0.00091553
 0.00091553
 0.00122070
 0.00122070
 0.00122070
 0.00152588
 0.00213623
 0.00152588
 0.00122070
 0.00122070
 0.00061035
 0.00000000
-0.00061035
-0.00122070
-0.00183105
-0.00213623
-0.00244141
-0.00305176
-0.00335693
-0.00366211
-0.00396729
-0.00396729
-0.00396729
-0.00396729
-0.00396729
-0.00396729
-0.00457764
-0.00549316
-0.00579834
-0.00579834
-0.00640869
-0.00671387
-0.00732422
-0.00793457
-0.00854492
-0.00823975
-0.00793457
-0.00793457
-0.00823975
-0.00823975
-0.00823975
-0.00793457
-0.00732422
-0.00671387
-0.00701904
-0.00732422
-0.00732422
-0.00732422
-0.00762939
-0.00823975
-0.00823975
-0.00793457
-0.00762939
-0.00701904
-0.00671387
-0.00610352
-0.00549316
-0.00488281
-0.00457764
-0.00427246
-0.00427246
-0.00427246
-0.00427246
-0.00396729
-0.00335693
-0.00305176
-0.00305176
-0.00305176
-0.00244141
-0.00183105
-0.00091553
-0.00030518
 0.00091553
 0.00183105
 0.00274658
 0.00305176
 0.00335693
 0.00335693
 0.00366211
 0.00396729
 0.00396729
 0.00396729
 0.00366211
 0.00335693
 0.00335693
 0.00305176
 0.00305176
 0.00366211
 0.00427246
 0.00549316
 0.00610352
 0.00640869
 0.00640869
 0.00671387
 0.00701904
 0.00701904
 0.00671387
 0.00640869
 0.00610352
 0.00579834
 0.00610352
 0.00579834
 0.00549316
 0.00549316
 0.00579834
 0.00610352
 0.00610352
 0.00610352
 0.00610352
 0.00640869
 0.00671387
 0.00671387
 0.00671387
 0.00610352
 0.00579834
 0.00549316
 0.00488281
 0.00427246
 0.00396729
 0.00427246
 0.00457764
 0.00488281
 0.00457764
 0.00457764
 0.00488281
 0.00457764
 0.00457764
 0.00427246
 0.00396729
 0.00335693
 0.00335693
 0.00305176
 0.00274658
 0.00244141
 0.00244141
 0.00244141
 0.00244141
 0.00213623
 0.00213623
 0.00274658
 0.00305176
 0.00335693
 0.00335693
 0.00305176
 0.00244141
 0.00183105
 0.00122070
 0.00061035
 0.00000000
-0.00091553
-0.00122070
-0.00122070
-0.00152588
-0.00213623
-0.00244141
-0.00274658
-0.00305176
-0.00335693
-0.00396729
-0.00396729
-0.00457764
-0.00488281
-0.00549316
-0.00579834
-0.00640869
-0.00701904
-0.00732422
-0.00793457
-0.00823975
-0.00823975
-0.00823975
-0.00793457
-0.00732422
-0.00732422
-0.00732422
-0.00732422
-0.00732422
-0.00701904
-0.00671387
-0.00640869
-0.00610352
-0.00549316
-0.00549316
-0.00549316
-0.00579834
-0.00579834
-0.00579834
-0.00518799
-0.00457764
-0.00427246
-0.00427246
-0.00396729
-0.00274658
-0.00213623
-0.00152588
-0.00091553
-0.00122070
-0.00122070
-0.00061035
 0.00000000
 0.00061035
 0.00061035
 0.00030518
 0.00030518
 0.00030518
 0.00030518
 0.00061035
 0.00122070
 0.00183105
 0.00244141
 0.00305176
 0.00366211
 0.00366211
 0.00366211
 0.00335693
 0.00244141
 0.00213623
 0.00183105
 0.00213623
 0.00213623
 0.00213623
 0.00183105
 0.00122070
 0.00061035
 0.00061035
 0.00091553
 0.00152588
 0.00183105
 0.00183105
 0.00183105
 0.00213623
 0.00244141
 0.00244141
 0.00244141
 0.00244141
 0.00213623
 0.00244141
 0.00305176
 0.00366211
 0.00427246
 0.00457764
 0.00488281
 0.00549316
 0.00549316
 0.00549316
 0.00579834
 0.00671387
 0.00701904
 0.00701904
 0.00701904
 0.00671387
 0.00640869
 0.00640869
 0.00701904
 0.00732422
 0.00793457
 0.00854492
 0.00915527
 0.00915527
 0.00885010
 0.00915527
 0.00915527
 0.00885010
 0.00854492
 0.00793457
 0.00732422
 0.00671387
 0.00610352
 0.00549316
 0.00488281
 0.00427246
 0.00427246
 0.00427246
 0.00427246
 0.00396729
 0.00366211
 0.00335693
 0.00335693
 0.00366211
 0.00366211
 0.00274658
 0.00213623
 0.00183105
 0.00122070
 0.00030518
-0.00061035
-0.00122070
-0.00183105
-0.00183105
-0.00213623
-0.00244141
-0.00244141
-0.00183105
-0.00183105
-0.00183105
-0.00213623
-0.00244141
-0.00244141
-0.00244141
-0.00274658
-0.00335693
-0.00396729
-0.00427246
-0.00427246
-0.00427246
-0.00396729
-0.00366211
-0.00305176
-0.00244141
-0.00183105
-0.00152588
-0.00122070
-0.00030518
 0.00030518
 0.00030518
-0.00030518
-0.00091553
-0.00183105
-0.00213623
-0.00183105
-0.00213623
-0.00305176
-0.00305176
-0.00244141
-0.00213623
-0.00152588
-0.00091553
 0.00000000
 0.00061035
 0.00030518
 0.00000000
 0.00000000
-0.00030518
-0.00091553
-0.00183105
-0.00213623
-0.00274658
-0.00335693
-0.00366211
-0.00427246
-0.00396729
-0.00366211
-0.00335693
-0.00305176
-0.00213623
-0.00152588
-0.00122070
-0.00183105
-0.00244141
-0.00274658
-0.00396729
-0.00457764
-0.00427246
-0.00427246
-0.00457764
-0.00488281
-0.00427246
-0.00366211
-0.00274658
-0.00274658
-0.00274658
-0.00183105
-0.00122070
-0.00122070
-0.00122070
-0.00152588
-0.00152588
-0.00213623
-0.00244141
-0.00244141
-0.00305176
-0.00305176
-0.00305176
-0.00244141
-0.00213623
-0.00152588
-0.00091553
 0.00000000
 0.00061035
 0.00091553
 0.00091553
 0.00061035
 0.00061035
 0.00000000
-0.00030518
-0.00030518
-0.00030518
-0.00061035
 0.00000000
 0.00061035
 0.00091553
 0.00091553
 0.00152588
 0.00244141
 0.00396729
 0.00488281
 0.00457764
 0.00457764
 0.00518799
 0.00488281
 0.00427246
 0.00366211
 0.00335693
 0.00274658
 0.00244141
 0.00213623
 0.00183105
 0.00244141
 0.00305176
 0.00396729
 0.00396729
 0.00396729
 0.00396729
 0.00427246
 0.00427246
 0.00427246
 0.00396729
 0.00305176
 0.00183105
 0.00091553
 0.00030518
 0.00030518
 0.00061035
 0.00091553
 0.00122070
 0.00152588
 0.00183105
 0.00244141
 0.00274658
 0.00305176
 0.00274658
 0.00274658
 0.00274658
 0.00213623
 0.00152588
 0.00091553
 0.00061035
 0.00061035
 0.00091553
 0.00091553
 0.00122070
 0.00122070
 0.00183105
 0.00274658
 0.00366211
 0.00396729
 0.00396729
 0.00335693
 0.00305176
 0.00213623
 0.00213623
 0.00152588
 0.00091553
 0.00000000
-0.00061035
-0.00061035
-0.00061035
-0.00061035
-0.00030518
 0.00000000
 0.00061035
 0.00061035
 0.00091553
 0.00061035
-0.00030518
-0.00122070
-0.00213623
-0.00305176
-0.00396729
-0.00457764
-0.00518799
-0.00549316
-0.00549316
-0.00457764
-0.00427246
-0.00427246
-0.00427246
-0.00396729
-0.00335693
-0.00274658
-0.00244141
-0.00244141
-0.00274658
-0.00366211
-0.00427246
-0.00457764
-0.00488281
-0.00518799
-0.00549316
-0.00518799
-0.00518799
-0.00427246
-0.00335693
-0.00274658
-0.00183105
-0.00183105
-0.00091553
-0.00061035
-0.00152588
-0.00396729
-0.00579834
-0.00549316
-0.00366211
-0.00244141
-0.00244141
-0.00152588
 0.00122070
 0.00366211
 0.00213623
-0.00274658
-0.00671387
-0.00579834
-0.00152588
 0.00213623
 0.00335693
 0.00366211
 0.00335693
 0.00030518
-0.00427246
-0.00640869
-0.00549316
-0.00244141
 0.00061035
 0.00427246
 0.00915527
 0.01251221
 0.00885010
-0.00030518
-0.00671387
-0.00671387
-0.00457764
-0.00091553
 0.00518799
 0.01098633
 0.01037598
 0.00366211
-0.00030518
 0.00000000
 0.00000000
-0.00183105
-0.00061035
 0.00488281
 0.01007080
 0.01190186
 0.01312256
 0.01281738
 0.00579834
-0.00640869
-0.01373291
-0.01281738
-0.00946045
-0.00488281
 0.00244141
 0.00915527
 0.00885010
 0.00213623
-0.00213623
 0.00000000
 0.00305176
 0.00335693
 0.00335693
 0.00366211
 0.00244141
 0.00000000
-0.00213623
-0.00305176
-0.00335693
-0.00091553
 0.00488281
 0.00976563
 0.00854492
 0.00427246
 0.00427246
 0.01007080
 0.01434326
 0.01220703
 0.00518799
 0.00091553
 0.00000000
 0.00061035
 0.00274658
 0.00579834
 0.00793457
 0.00701904
 0.00488281
 0.00549316
 0.00762939
 0.00915527
 0.00793457
 0.00732422
 0.00976563
 0.01342773
 0.01495361
 0.01281738
 0.00671387
-0.00183105
-0.00823975
-0.00854492
-0.00396729
 0.00091553
 0.00091553
-0.00305176
-0.00701904
-0.00762939
-0.00457764
 0.00091553
 0.00732422
 0.01007080
 0.00579834
-0.00183105
-0.00549316
-0.00610352
-0.00732422
-0.00976563
-0.01037598
-0.00915527
-0.00823975
-0.00793457
-0.00579834
-0.00183105
 0.00152588
 0.00274658
 0.00274658
 0.00183105
 0.00152588
 0.00152588
 0.00061035
-0.00122070
-0.00335693
-0.00427246
-0.00305176
-0.00244141
-0.00335693
-0.00488281
-0.00427246
-0.00244141
-0.00091553
 0.00030518
 0.00152588
 0.00366211
 0.00457764
 0.00335693
-0.00122070
-0.00640869
-0.00885010
-0.00762939
-0.00549316
-0.00518799
-0.00640869
-0.00793457
-0.00854492
-0.00915527
-0.00793457
-0.00427246
 0.00061035
 0.00396729
 0.00549316
 0.00396729
 0.00000000
-0.00579834
-0.01007080
-0.01220703
-0.01281738
-0.01220703
-0.01068115
-0.00946045
-0.00732422
-0.00518799
-0.00274658
 0.00030518
 0.00305176
 0.00396729
 0.00335693
 0.00122070
-0.00061035
-0.00213623
-0.00366211
-0.00427246
-0.00518799
-0.00610352
-0.00640869
-0.00640869
-0.00579834
-0.00396729
-0.00061035
 0.00396729
 0.00762939
 0.00885010
 0.00732422
 0.00457764
 0.00152588
-0.00061035
-0.00152588
-0.00122070
 0.00030518
 0.00000000
-0.00183105
-0.00488281
-0.00610352
-0.00396729
 0.00030518
 0.00488281
 0.00885010
 0.01129150
 0.01190186
 0.00946045
 0.00518799
 0.00152588
-0.00061035
-0.00122070
-0.00152588
-0.00213623
-0.00366211
-0.00457764
-0.00366211
-0.00122070
 0.00152588
 0.00518799
 0.00885010
 0.01068115
 0.00976563
 0.00671387
 0.00366211
 0.00183105
 0.00183105
 0.00213623
 0.00122070
-0.00152588
-0.00457764
-0.00671387
-0.00671387
-0.00396729
 0.00061035
 0.00549316
 0.00854492
 0.00854492
 0.00640869
 0.00305176
 0.00030518
-0.00091553
-0.00061035
 0.00030518
 0.00030518
-0.00061035
-0.00274658
-0.00549316
-0.00640869
-0.00457764
-0.00061035
 0.00366211
 0.00640869
 0.00640869
 0.00518799
 0.00335693
 0.00244141
 0.00213623
 0.00244141
 0.00213623
 0.00000000
-0.00305176
-0.00579834
-0.00701904
-0.00701904
-0.00518799
-0.00213623
 0.00183105
 0.00427246
 0.00457764
 0.00305176
 0.00152588
 0.00061035
 0.00091553
 0.00152588
 0.00122070
-0.00030518
-0.00335693
-0.00640869
-0.00885010
-0.00946045
-0.00854492
-0.00579834
-0.00244141
 0.00000000
 0.00091553
 0.00030518
-0.00091553
-0.00091553
-0.00030518
 0.00091553
 0.00091553
-0.00122070
-0.00488281
-0.00854492
-0.01098633
-0.01068115
-0.00823975
-0.00457764
-0.00061035
 0.00122070
 0.00152588
 0.00152588
 0.00152588
 0.00213623
 0.00305176
 0.00366211
 0.00335693
 0.00122070
-0.00183105
-0.00488281
-0.00610352
-0.00579834
-0.00396729
-0.00183105
 0.00000000
 0.00122070
 0.00213623
 0.00274658
 0.00396729
 0.00518799
 0.00671387
 0.00671387
 0.00549316
 0.00305176
 0.00091553
-0.00091553
-0.00213623
-0.00213623
-0.00122070
 0.00061035
 0.00183105
 0.00244141
 0.00274658
 0.00366211
 0.00518799
 0.00793457
 0.01007080
 0.01068115
 0.00946045
 0.00671387
 0.00335693
 0.00061035
-0.00030518
-0.00030518
 0.00061035
 0.00122070
 0.00213623
 0.00244141
 0.00305176
 0.00396729
 0.00549316
 0.00732422
 0.00885010
 0.00915527
 0.00793457
 0.00549316
 0.00274658
 0.00091553
-0.00061035
-0.00122070
-0.00122070
-0.00152588
-0.00091553
 0.00000000
 0.00091553
 0.00213623
 0.00427246
 0.00610352
 0.00701904
 0.00701904
 0.00579834
 0.00335693
 0.00091553
-0.00122070
-0.00244141
-0.00274658
-0.00244141
-0.00213623
-0.00213623
-0.00244141
-0.00183105
-0.00030518
 0.00122070
 0.00305176
 0.00427246
 0.00427246
 0.00366211
 0.00183105
 0.00030518
-0.00122070
-0.00213623
-0.00305176
-0.00396729
-0.00427246
-0.00488281
-0.00457764
-0.00305176
-0.00122070
 0.00000000
 0.00122070
 0.00152588
 0.00152588
 0.00091553
 0.00000000
-0.00122070
-0.00305176
-0.00427246
-0.00549316
-0.00671387
-0.00732422
-0.00762939
-0.00762939
-0.00701904
-0.00549316
-0.00366211
-0.00183105
-0.00091553
-0.00152588
-0.00244141
-0.00274658
-0.00305176
-0.00366211
-0.00457764
-0.00549316
-0.00671387
-0.00762939
-0.00762939
-0.00701904
-0.00579834
-0.00427246
-0.00274658
-0.00122070
 0.00030518
 0.00122070
 0.00152588
 0.00122070
 0.00122070
 0.00091553
 0.00061035
-0.00030518
-0.00152588
-0.00244141
-0.00274658
-0.00274658
-0.00213623
-0.00091553
 0.00122070
 0.00305176
 0.00396729
 0.00427246
 0.00427246
 0.00427246
 0.00396729
 0.00366211
 0.00305176
 0.00183105
 0.00030518
-0.00061035
-0.00122070
-0.00183105
-0.00122070
-0.00061035
 0.00030518
 0.00152588
 0.00183105
 0.00183105
 0.00152588
 0.00183105
 0.00213623
 0.00183105
 0.00152588
 0.00030518
-0.00091553
-0.00152588
-0.00183105
-0.00213623
-0.00213623
-0.00183105
-0.00061035
 0.00061035
 0.00183105
 0.00274658
 0.00274658
 0.00244141
 0.00244141
 0.00274658
 0.00213623
 0.00091553
 0.00000000
-0.00061035
-0.00091553
-0.00122070
-0.00061035
-0.00030518
-0.00030518
-0.00030518
 0.00061035
 0.00122070
 0.00152588
 0.00122070
 0.00091553
 0.00091553
 0.00122070
 0.00091553
 0.00000000
-0.00122070
-0.00213623
-0.00183105
-0.00091553
-0.00030518
 0.00030518
 0.00091553
 0.00091553
 0.00091553
 0.00152588
 0.00213623
 0.00213623
 0.00183105
 0.00183105
 0.00122070
 0.00061035
-0.00030518
-0.00152588
-0.00244141
-0.00274658
-0.00274658
-0.00244141
-0.00244141
-0.00274658
-0.00244141
-0.00213623
-0.00213623
-0.00213623
-0.00244141
-0.00274658
-0.00335693
-0.00396729
-0.00457764
-0.00518799
-0.00549316
-0.00549316
-0.00579834
-0.00640869
-0.00671387
-0.00610352
-0.00549316
-0.00518799
-0.00518799
-0.00518799
-0.00518799
-0.00457764
-0.00457764
-0.00518799
-0.00610352
-0.00671387
-0.00701904
-0.00671387
-0.00579834
-0.00488281
-0.00457764
-0.00396729
-0.00305176
-0.00244141
-0.00244141
-0.00183105
-0.00152588
-0.00091553
-0.00030518
-0.00030518
-0.00091553
-0.00122070
-0.00061035
-0.00030518
-0.00030518
-0.00061035
-0.00091553
-0.00091553
-0.00030518
 0.00000000
 0.00061035
 0.00061035
 0.00000000
 0.00000000
 0.00000000
-0.00030518
-0.00061035
-0.00061035
-0.00091553
-0.00061035
-0.00061035
-0.00061035
-0.00091553
-0.00152588
-0.00122070
-0.00030518
-0.00030518
-0.00030518
-0.00030518
 0.00000000
 0.00000000
 0.00000000
-0.00030518
-0.00030518
-0.00061035
-0.00091553
-0.00061035
-0.00030518
 0.00061035
 0.00152588
 0.00183105
 0.00213623
 0.00274658
 0.00366211
 0.00366211
 0.00366211
 0.00335693
 0.00335693
 0.00366211
 0.00366211
 0.00366211
 0.00396729
 0.00396729
 0.00396729
 0.00366211
 0.00366211
 0.00366211
 0.00396729
 0.00366211
 0.00366211
 0.00366211
 0.00366211
 0.00366211
 0.00335693
 0.00305176
 0.00274658
 0.00305176
 0.00305176
 0.00274658
 0.00244141
 0.00213623
 0.00244141
 0.00213623
 0.00183105
 0.00152588
 0.00183105
 0.00213623
 0.00244141
 0.00244141
 0.00244141
 0.00274658
 0.00335693
 0.00366211
 0.00366211
 0.00335693
 0.00305176
 0.00305176
 0.00244141
 0.00213623
 0.00183105
 0.00183105
 0.00183105
 0.00152588
 0.00122070
 0.00122070
 0.00122070
 0.00091553
 0.00091553
 0.00061035
 0.00000000
-0.00030518
-0.00061035
-0.00061035
-0.00061035
-0.00061035
-0.00030518
-0.00030518
-0.00091553
-0.00152588
-0.00183105
-0.00183105
-0.00152588
-0.00122070
-0.00152588
-0.00244141
-0.00274658
-0.00244141
-0.00244141
-0.00244141
-0.00213623
-0.00183105
-0.00183105
-0.00183105
-0.00183105
-0.00213623
-0.00244141
-0.00213623
-0.00183105
-0.00213623
-0.00244141
-0.00183105
-0.00122070
-0.00122070
-0.00183105
-0.00183105
-0.00152588
-0.00152588
-0.00152588
-0.00152588
-0.00152588
-0.00183105
-0.00244141
-0.00244141
-0.00244141
-0.00244141
-0.00244141
-0.00305176
-0.00366211
-0.00366211
-0.00305176
-0.00335693
-0.00396729
-0.00427246
-0.00366211
-0.00274658
-0.00274658
-0.00366211
-0.00335693
-0.00335693
-0.00335693
-0.00335693
-0.00366211
-0.00457764
-0.00488281
-0.00457764
-0.00427246
-0.00396729
-0.00366211
-0.00366211
-0.00366211
-0.00335693
-0.00366211
-0.00366211
-0.00335693
-0.00274658
-0.00244141
-0.00244141
-0.00183105
-0.00152588
-0.00183105
-0.00274658
-0.00366211
-0.00335693
-0.00274658
-0.00183105
-0.00122070
-0.00061035
 0.00000000
-0.00030518
 0.00000000
 0.00030518
 0.00091553
 0.00122070
 0.00152588
 0.00152588
 0.00091553
 0.00030518
 0.00030518
 0.00091553
 0.00152588
 0.00122070
 0.00122070
 0.00152588
 0.00213623
 0.00274658
 0.00305176
 0.00305176
 0.00335693
 0.00366211
 0.00335693
 0.00305176
 0.00244141
 0.00183105
 0.00152588
 0.00122070
 0.00122070
 0.00122070
 0.00091553
 0.00091553
 0.00091553
 0.00122070
 0.00152588
 0.00213623
 0.00213623
 0.00183105
 0.00152588
 0.00122070
 0.00091553
 0.00030518
-0.00030518
-0.00061035
-0.00091553
-0.00122070
-0.00122070
-0.00122070
-0.00091553
-0.00030518
 0.00030518
 0.00061035
 0.00122070
 0.00152588
 0.00152588
 0.00122070
 0.00152588
 0.00122070
 0.00091553
 0.00030518
-0.00030518
-0.00061035
-0.00061035
 0.00000000
 0.00061035
 0.00091553
 0.00122070
 0.00183105
 0.00213623
 0.00244141
 0.00244141
 0.00244141
 0.00244141
 0.00244141
 0.00213623
 0.00122070
 0.00030518
-0.00030518
-0.00061035
-0.00061035
-0.00061035
-0.00030518
 0.00000000
 0.00030518
 0.00061035
 0.00030518
-0.00030518
-0.00030518
-0.00061035
-0.00152588
-0.00183105
-0.00183105
-0.00213623
-0.00305176
-0.00366211
-0.00396729
-0.00366211
-0.00396729
-0.00427246
-0.00427246
-0.00396729
-0.00335693
-0.00305176
-0.00244141
-0.00274658
-0.00305176
-0.00335693
-0.00366211
-0.00366211
-0.00427246
-0.00457764
-0.00427246
-0.00427246
-0.00427246
-0.00427246
-0.00366211
-0.00305176
-0.00244141
-0.00213623
-0.00244141
-0.00244141
-0.00244141
-0.00183105
-0.00152588
-0.00213623
-0.00305176
-0.00335693
-0.00366211
-0.00366211
-0.00366211
-0.00305176
-0.00213623
-0.00122070
-0.00061035
-0.00061035
-0.00061035
-0.00030518
-0.00030518
-0.00061035
-0.00061035
-0.00061035
-0.00061035
-0.00152588
-0.00244141
-0.00244141
-0.00183105
-0.00152588
-0.00122070
-0.00061035
 0.00000000
 0.00091553
 0.00183105
 0.00183105
 0.00183105
 0.00183105
 0.00152588
 0.00122070
 0.00091553
 0.00091553
 0.00091553
 0.00091553
 0.00122070
 0.00152588
 0.00213623
 0.00244141
 0.00274658
 0.00305176
 0.00366211
 0.00427246
 0.00427246
 0.00396729
 0.00366211
 0.00305176
 0.00213623
 0.00152588
 0.00152588
 0.00152588
 0.00213623
 0.00213623
 0.00244141
 0.00244141
 0.00244141
 0.00274658
 0.00305176
 0.00366211
 0.00427246
 0.00457764
 0.00457764
 0.00427246
 0.00396729
 0.00396729
 0.00335693
 0.00274658
 0.00274658
 0.00274658
 0.00274658
 0.00335693
 0.00366211
 0.00396729
 0.00427246
 0.00427246
 0.00427246
 0.00457764
 0.00457764
 0.00366211
 0.00305176
 0.00274658
 0.00274658
 0.00213623
 0.00152588
 0.00152588
 0.00152588
 0.00152588
 0.00152588
 0.00183105
 0.00213623
 0.00244141
 0.00274658
 0.00244141
 0.00213623
 0.00122070
 0.00061035
 0.00000000
-0.00061035
-0.00122070
-0.00183105
-0.00213623
-0.00213623
-0.00183105
-0.00183105
-0.00213623
-0.00183105
-0.00152588
-0.00122070
-0.00152588
-0.00213623
-0.00335693
-0.00366211
-0.00396729
-0.00427246
-0.00488281
-0.00518799
-0.00518799
-0.00518799
-0.00518799
-0.00488281
-0.00457764
-0.00366211
-0.00305176
-0.00244141
-0.00213623
-0.00213623
-0.00244141
-0.00305176
-0.00305176
-0.00305176
-0.00335693
-0.00396729
-0.00396729
-0.00335693
-0.00305176
-0.00305176
-0.00274658
-0.00213623
-0.00152588
-0.00122070
-0.00152588
-0.00152588
-0.00152588
-0.00183105
-0.00213623
-0.00244141
-0.00244141
-0.00274658
-0.00366211
-0.00427246
-0.00457764
-0.00457764
-0.00427246
-0.00396729
-0.00335693
-0.00305176
-0.00335693
-0.00366211
-0.00396729
-0.00396729
-0.00396729
-0.00396729
-0.00396729
-0.00427246
-0.00488281
-0.00549316
-0.00579834
-0.00549316
-0.00457764
-0.00396729
-0.00366211
-0.00335693
-0.00274658
-0.00274658
-0.00305176
-0.00305176
-0.00305176
-0.00274658
-0.00274658
-0.00305176
-0.00335693
-0.00335693
-0.00305176
-0.00244141
-0.00213623
-0.00183105
-0.00122070
-0.00061035
-0.00030518
 0.00000000
 0.00030518
 0.00061035
 0.00061035
 0.00061035
 0.00091553
 0.00122070
 0.00091553
 0.00091553
 0.00122070
 0.00183105
 0.00213623
 0.00213623
 0.00274658
 0.00274658
 0.00213623
 0.00183105
 0.00244141
 0.00244141
 0.00274658
 0.00274658
 0.00244141
 0.00183105
 0.00183105
 0.00183105
 0.00213623
 0.00213623
 0.00244141
 0.00213623
 0.00213623
 0.00183105
 0.00152588
 0.00122070
 0.00122070
 0.00152588
 0.00183105
 0.00183105
 0.00152588
 0.00152588
 0.00152588
 0.00122070
 0.00091553
 0.00091553
 0.00183105
 0.00213623
 0.00213623
 0.00152588
 0.00122070
 0.00122070
 0.00152588
 0.00152588
 0.00122070
 0.00061035
 0.00061035
 0.00091553
 0.00122070
 0.00152588
 0.00183105
 0.00183105
 0.00183105
 0.00152588
 0.00152588
 0.00122070
 0.00122070
 0.00122070
 0.00122070
 0.00152588
 0.00122070
 0.00122070
 0.00061035
 0.00030518
 0.00061035
 0.00122070
 0.00091553
 0.00030518
 0.00000000
 0.00000000
 0.00030518
 0.00030518
 0.00000000
-0.00061035
-0.00122070
-0.00122070
-0.00122070
-0.00152588
-0.00183105
-0.00183105
-0.00183105
-0.00244141
-0.00305176
-0.00305176
-0.00274658
-0.00244141
-0.00244141
-0.00274658
-0.00274658
-0.00305176
-0.00335693
-0.00335693
-0.00335693
-0.00335693
-0.00305176
-0.00305176
-0.00335693
-0.00335693
-0.00274658
-0.00274658
-0.00305176
-0.00335693
-0.00335693
-0.00366211
-0.00396729
-0.00396729
-0.00427246
-0.00396729
-0.00396729
-0.00366211
-0.00366211
-0.00366211
-0.00366211
-0.00305176
-0.00274658
-0.00213623
-0.00183105
-0.00244141
-0.00274658
-0.00244141
-0.00274658
-0.00305176
-0.00274658
-0.00244141
-0.00244141
-0.00244141
-0.00244141
-0.00244141
-0.00183105
-0.00183105
-0.00213623
-0.00183105
-0.00122070
-0.00061035
 0.00000000
-0.00030518
-0.00030518
 0.00000000
 0.00000000
 0.00000000
 0.00000000
-0.00030518
 0.00000000
 0.00000000
 0.00000000
-0.00030518
-0.00061035
 0.00030518
 0.00091553
 0.00122070
 0.00122070
 0.00122070
 0.00091553
 0.00091553
 0.00091553
 0.00091553
 0.00091553
 0.00091553
 0.00061035
 0.00030518
 0.00000000
-0.00030518
-0.00030518
 0.00000000
 0.00030518
 0.00061035
 0.00091553
 0.00152588
 0.00183105
 0.00213623
 0.00244141
 0.00213623
 0.00213623
 0.00183105
 0.00183105
 0.00152588
 0.00183105
 0.00213623
 0.00213623
 0.00213623
 0.00244141
 0.00274658
 0.00274658
 0.00274658
 0.00213623
 0.00244141
 0.00244141
 0.00274658
 0.00274658
 0.00213623
 0.00183105
 0.00183105
 0.00213623
 0.00213623
 0.00183105
 0.00152588
 0.00152588
 0.00213623
 0.00244141
 0.00244141
 0.00244141
 0.00213623
 0.00213623
 0.00213623
 0.00183105
 0.00152588
 0.00122070
 0.00122070
 0.00122070
 0.00091553
 0.00061035
 0.00061035
 0.00030518
 0.00000000
 0.00000000
 0.00030518
 0.00061035
 0.00061035
 0.00000000
 0.00000000
-0.00030518
-0.00091553
-0.00122070
-0.00183105
-0.00213623
-0.00213623
-0.00244141
-0.00244141
-0.00244141
-0.00213623
-0.00213623
-0.00244141
-0.00213623
-0.00213623
-0.00213623
-0.00305176
-0.00366211
-0.00396729
-0.00396729
-0.00427246
-0.00457764
-0.00488281
-0.00457764
-0.00457764
-0.00518799
-0.00549316
-0.00488281
-0.00396729
-0.00366211
-0.00366211
-0.00396729
-0.00396729
-0.00335693
-0.00366211
-0.00427246
-0.00427246
-0.00427246
-0.00457764
-0.00488281
-0.00488281
-0.00427246
-0.00396729
-0.00366211
-0.00366211
-0.00335693
-0.00305176
-0.00274658
-0.00274658
-0.00274658
-0.00305176
-0.00305176
-0.00274658
-0.00274658
-0.00335693
-0.00366211
-0.00335693
-0.00335693
-0.00366211
-0.00335693
-0.00305176
-0.00244141
-0.00213623
-0.00213623
-0.00244141
-0.00213623
-0.00183105
-0.00183105
-0.00213623
-0.00213623
-0.00213623
-0.00183105
-0.00183105
-0.00244141
-0.00244141
-0.00152588
-0.00061035
 0.00000000
 0.00030518
 0.00122070
 0.00183105
 0.00152588
 0.00122070
 0.00122070
 0.00122070
 0.00122070
 0.00122070
 0.00122070
 0.00122070
 0.00152588
 0.00152588
 0.00213623
 0.00213623
 0.00183105
 0.00244141
 0.00305176
 0.00335693
 0.00366211
 0.00396729
 0.00396729
 0.00366211
 0.00366211
 0.00335693
 0.00274658
 0.00305176
 0.00335693
 0.00335693
 0.00366211
 0.00335693
 0.00335693
 0.00396729
 0.00457764
 0.00457764
 0.00396729
 0.00396729
 0.00427246
 0.00396729
 0.00396729
 0.00396729
 0.00366211
 0.00305176
 0.00244141
 0.00213623
 0.00213623
 0.00244141
 0.00274658
 0.00305176
 0.00305176
 0.00335693
 0.00335693
 0.00305176
 0.00274658
 0.00244141
 0.00244141
 0.00244141
 0.00244141
 0.00244141
 0.00213623
 0.00183105
 0.00152588
 0.00122070
 0.00091553
 0.00061035
 0.00061035
 0.00091553
 0.00091553
 0.00091553
 0.00091553
 0.00122070
 0.00122070
 0.00061035
 0.00030518
 0.00030518
 0.00030518
 0.00000000
-0.00030518
-0.00061035
-0.00061035
-0.00061035
-0.00122070
-0.00152588
-0.00183105
-0.00213623
-0.00183105
-0.00122070
-0.00122070
-0.00152588
-0.00213623
-0.00274658
-0.00244141
-0.00213623
-0.00244141
-0.00244141
-0.00244141
-0.00274658
-0.00274658
-0.00274658
-0.00274658
-0.00274658
-0.00274658
-0.00244141
-0.00274658
-0.00366211
-0.00396729
-0.00396729
-0.00366211
-0.00427246
-0.00488281
-0.00488281
-0.00488281
-0.00488281
-0.00488281
-0.00518799
-0.00488281
-0.00427246
-0.00427246
-0.00396729
-0.00427246
-0.00457764
-0.00457764
-0.00427246
-0.00427246
-0.00457764
-0.00518799
-0.00457764
-0.00427246
-0.00396729
-0.00427246
-0.00457764
-0.00427246
-0.00366211
-0.00335693
-0.00274658
-0.00213623
-0.00183105
-0.00183105
-0.00152588
-0.00152588
-0.00122070
-0.00122070
-0.00152588
-0.00183105
-0.00152588
-0.00091553
-0.00061035
 0.00000000
 0.00000000
 0.00030518
 0.00061035
 0.00091553
 0.00122070
 0.00122070
 0.00152588
 0.00183105
 0.00213623
 0.00183105
 0.00213623
 0.00213623
 0.00244141
 0.00244141
 0.00213623
 0.00183105
 0.00213623
 0.00244141
 0.00244141
 0.00274658
 0.00305176
 0.00335693
 0.00305176
 0.00274658
 0.00244141
 0.00274658
 0.00335693
 0.00335693
 0.00305176
 0.00274658
 0.00244141
 0.00244141
 0.00213623
 0.00213623
 0.00244141
 0.00274658
 0.00274658
 0.00274658
 0.00244141
 0.00244141
 0.00213623
 0.00213623
 0.00244141
 0.00213623
 0.00213623
 0.00213623
 0.00244141
 0.00183105
 0.00152588
 0.00152588
 0.00122070
 0.00122070
 0.00091553
 0.00122070
 0.00152588
 0.00183105
 0.00183105
 0.00213623
 0.00213623
 0.00213623
 0.00183105
 0.00122070
 0.00061035
 0.00061035
 0.00091553
 0.00091553
 0.00000000
 0.00000000
 0.00000000
 0.00000000
 0.00000000
-0.00030518
-0.00030518
-0.00030518
-0.00030518
-0.00030518
-0.00061035
-0.00091553
-0.00122070
-0.00183105
-0.00213623
-0.00244141
-0.00274658
-0.00274658
-0.00274658
-0.00274658
-0.00244141
-0.00274658
-0.00305176
-0.00305176
-0.00335693
-0.00335693
-0.00335693
-0.00366211
-0.00396729
-0.00366211
-0.00335693
-0.00366211
-0.00366211
-0.00396729
-0.00366211
-0.00366211
-0.00335693
-0.00335693
-0.00335693
-0.00396729
-0.00366211
-0.00335693
-0.00305176
-0.00274658
-0.00305176
-0.00335693
-0.00366211
-0.00396729
-0.00396729
-0.00335693
-0.00274658
-0.00274658
-0.00335693
-0.00335693
-0.00274658
-0.00213623
-0.00183105
-0.00183105
-0.00183105
-0.00183105
-0.00122070
-0.00091553
-0.00091553
-0.00122070
-0.00152588
-0.00122070
-0.00091553
-0.00061035
-0.00061035
-0.00061035
-0.00061035
-0.00091553
-0.00030518
 0.00061035
 0.00030518
 0.00000000
 0.00030518
 0.00061035
 0.00061035
 0.00030518
-0.00030518
-0.00061035
-0.00061035
-0.00061035
-0.00061035
-0.00030518
 0.00000000
 0.00000000
 0.00061035
 0.00091553
 0.00030518
 0.00000000
-0.00030518
-0.00030518
 0.00030518
 0.00091553
 0.00152588
 0.00152588
 0.00122070
 0.00122070
 0.00061035
 0.00000000
-0.00030518
-0.00030518
 0.00000000
 0.00030518
 0.00061035
 0.00061035
 0.00091553
 0.00091553
 0.00091553
 0.00091553
 0.00061035
 0.00061035
 0.00061035
 0.00061035
 0.00091553
 0.00061035
 0.00000000
-0.00030518
-0.00030518
 0.00000000
 0.00000000
-0.00030518
-0.00030518
 0.00000000
 0.00061035
 0.00061035
 0.00030518
 0.00030518
 0.00000000
 0.00000000
 0.00000000
 0.00000000
-0.00030518
-0.00061035
-0.00091553
-0.00122070
-0.00152588
-0.00152588
-0.00152588
-0.00091553
-0.00061035
-0.00091553
-0.00122070
-0.00152588
-0.00152588
-0.00213623
-0.00213623
-0.00244141
-0.00213623
-0.00244141
-0.00244141
-0.00244141
-0.00244141
-0.00274658
-0.00274658
-0.00305176
-0.00335693
-0.00305176
-0.00244141
-0.00213623
-0.00213623
-0.00244141
-0.00274658
-0.00305176
-0.00274658
-0.00274658
-0.00274658
-0.00305176
-0.00305176
-0.00274658
-0.00213623
-0.00183105
-0.00213623
-0.00244141
-0.00213623
-0.00183105
-0.00122070
-0.00091553
-0.00091553
-0.00091553
-0.00091553
-0.00152588
-0.00152588
-0.00122070
-0.00091553
-0.00061035
-0.00030518
-0.00061035
-0.00030518
-0.00030518
 0.00000000
 0.00030518
 0.00030518
 0.00000000
 0.00000000
 0.00061035
 0.00091553
 0.00091553
 0.00061035
 0.00030518
 0.00030518
 0.00061035
 0.00061035
 0.00091553
 0.00091553
 0.00091553
 0.00122070
 0.00122070
 0.00061035
 0.00061035
 0.00061035
 0.00091553
 0.00091553
 0.00061035
 0.00030518
 0.00030518
 0.00061035
 0.00030518
 0.00030518
 0.00061035
 0.00061035
 0.00091553
 0.00122070
 0.00122070
 0.00152588
 0.00183105
 0.00183105
 0.00183105
 0.00213623
 0.00152588
 0.00152588
 0.00152588
 0.00152588
 0.00183105
 0.00213623
 0.00183105
 0.00183105
 0.00213623
 0.00274658
 0.00335693
 0.00335693
 0.00366211
 0.00396729
 0.00366211
 0.00366211
 0.00366211
 0.00335693
 0.00305176
 0.00305176
 0.00305176
 0.00274658
 0.00244141
 0.00183105
 0.00152588
 0.00213623
 0.00244141
 0.00213623
 0.00152588
 0.00152588
 0.00183105
 0.00244141
 0.00244141
 0.00274658
 0.00274658
 0.00244141
 0.00183105
 0.00122070
 0.00091553
 0.00091553
 0.00091553
 0.00091553
 0.00061035
 0.00061035
 0.00061035
 0.00061035
 0.00061035
 0.00061035
 0.00030518
 0.00030518
 0.00030518
 0.00030518
 0.00030518
-0.00030518
-0.00061035
-0.00122070
-0.00152588
-0.00152588
-0.00152588
-0.00152588
-0.00122070
-0.00061035
-0.00030518
 0.00000000
 0.00000000
 0.00000000
-0.00061035
-0.00061035
-0.00091553
-0.00122070
-0.00122070
-0.00122070
-0.00152588
-0.00152588
-0.00152588
-0.00183105
-0.00213623
-0.00183105
-0.00183105
-0.00122070
-0.00061035
-0.00061035
-0.00091553
-0.00122070
-0.00152588
-0.00183105
-0.00213623
-0.00213623
-0.00213623
-0.00305176
-0.00366211
-0.00366211
-0.00366211
-0.00335693
-0.00274658
-0.00274658
-0.00305176
-0.00305176
-0.00305176
-0.00305176
-0.00335693
-0.00305176
-0.00274658
-0.00335693
-0.00396729
-0.00396729
-0.00396729
-0.00366211
-0.00305176
-0.00274658
-0.00274658
-0.00274658
-0.00274658
-0.00274658
-0.00274658
-0.00274658
-0.00305176
-0.00305176
-0.00305176
-0.00335693
-0.00366211
-0.00366211
-0.00366211
-0.00366211
-0.00366211
-0.00305176
-0.00274658
-0.00244141
-0.00244141
-0.00213623
-0.00183105
-0.00183105
-0.00213623
-0.00213623
-0.00183105
-0.00152588
-0.00183105
-0.00213623
-0.00213623
-0.00183105
-0.00183105
-0.00152588
-0.00061035
 0.00000000
 0.00030518
 0.00030518
 0.00030518
 0.00030518
 0.00030518
 0.00030518
 0.00030518
-0.00030518
-0.00061035
-0.00061035
-0.00091553
-0.00091553
-0.00030518
 0.00030518
 0.00030518
 0.00061035
 0.00091553
 0.00091553
 0.00091553
 0.00091553
 0.00091553
 0.00152588
 0.00183105
 0.00183105
 0.00122070
 0.00091553
 0.00030518
 0.00061035
 0.00122070
 0.00183105
 0.00183105
 0.00152588
 0.00122070
 0.00152588
 0.00152588
 0.00183105
 0.00183105
 0.00183105
 0.00183105
 0.00152588
 0.00183105
 0.00152588
 0.00091553
 0.00091553
 0.00122070
 0.00152588
 0.00183105
 0.00183105
 0.00183105
 0.00213623
 0.00244141
 0.00213623
 0.00183105
 0.00213623
 0.00213623
 0.00244141
 0.00213623
 0.00183105
 0.00152588
 0.00122070
 0.00091553
 0.00122070
 0.00152588
 0.00152588
 0.00183105
 0.00213623
 0.00213623
 0.00213623
 0.00152588
 0.00152588
 0.00183105
 0.00183105
 0.00152588
 0.00091553
 0.00061035
 0.00061035
 0.00030518
 0.00000000
-0.00030518
-0.00061035
 0.00000000
 0.00030518
 0.00030518
 0.00000000
 0.00000000
 0.00000000
-0.00030518
-0.00061035
-0.00061035
-0.00091553
-0.00122070
-0.00183105
-0.00213623
-0.00244141
-0.00274658
-0.00274658
-0.00305176
-0.00305176
-0.00305176
-0.00274658
-0.00274658
-0.00274658
-0.00274658
-0.00305176
-0.00305176
-0.00274658
-0.00305176
-0.00335693
-0.00396729
-0.00366211
-0.00335693
-0.00305176
-0.00305176
-0.00335693
-0.00305176
-0.00274658
-0.00274658
-0.00274658
-0.00244141
-0.00244141
-0.00244141
-0.00244141
-0.00213623
-0.00183105
-0.00183105
-0.00213623
-0.00213623
-0.00244141
-0.00244141
-0.00244141
-0.00213623
-0.00213623
-0.00183105
-0.00152588
-0.00183105
-0.00183105
-0.00183105
-0.00122070
-0.00091553
-0.00091553
-0.00122070
-0.00183105
-0.00183105
-0.00152588
-0.00091553
-0.00061035
-0.00030518
-0.00030518
-0.00061035
-0.00061035
 0.00000000
 0.00030518
 0.00061035
 0.00061035
 0.00030518
 0.00061035
 0.00091553
 0.00091553
 0.00091553
 0.00061035
 0.00091553
 0.00122070
 0.00152588
 0.00183105
 0.00213623
 0.00213623
 0.00213623
 0.00183105
 0.00183105
 0.00213623
 0.00244141
 0.00274658
 0.00274658
 0.00213623
 0.00213623
 0.00213623
 0.00213623
 0.00244141
 0.00274658
 0.00274658
 0.00305176
 0.00305176
 0.00335693
 0.00366211
 0.00366211
 0.00396729
 0.00396729
 0.00366211
 0.00335693
 0.00366211
 0.00366211
 0.00366211
 0.00366211
 0.00396729
 0.00427246
 0.00396729
 0.00366211
 0.00335693
 0.00335693
 0.00335693
 0.00366211
 0.00396729
 0.00396729
 0.00366211
 0.00335693
 0.00305176
 0.00305176
 0.00305176
 0.00274658
 0.00244141
 0.00183105
 0.00152588
 0.00152588
 0.00213623
 0.00183105
 0.00091553
 0.00061035
 0.00061035
 0.00091553
 0.00091553
 0.00061035
 0.00061035
 0.00091553
 0.00061035
-0.00030518
-0.00152588
-0.00152588
-0.00183105
-0.00183105
-0.00152588
-0.00183105
-0.00244141
-0.00244141
-0.00244141
-0.00183105
-0.00213623
-0.00274658
-0.00305176
-0.00335693
-0.00305176
-0.00305176
-0.00366211
-0.00396729
-0.00427246
-0.00457764
-0.00457764
-0.00427246
-0.00396729
-0.00427246
-0.00457764
-0.00488281
-0.00427246
-0.00427246
-0.00457764
-0.00488281
-0.00457764
-0.00457764
-0.00427246
-0.00457764
-0.00488281
-0.00518799
-0.00488281
-0.00488281
-0.00457764
-0.00488281
-0.00488281
-0.00457764
-0.00457764
-0.00457764
-0.00488281
-0.00488281
-0.00427246
-0.00427246
-0.00396729
-0.00366211
-0.00366211
-0.00366211
-0.00396729
-0.00427246
-0.00427246
-0.00396729
-0.00366211
-0.00335693
-0.00335693
-0.00335693
-0.00335693
-0.00305176
-0.00244141
-0.00244141
-0.00244141
-0.00244141
-0.00274658
-0.00274658
-0.00213623
-0.00152588
-0.00152588
-0.00152588
-0.00152588
-0.00152588
-0.00152588
-0.00122070
-0.00091553
-0.00061035
-0.00061035
-0.00061035
-0.00030518
-0.00030518
 0.00000000
 0.00030518
 0.00061035
 0.00091553
 0.00061035
 0.00122070
 0.00152588
 0.00152588
 0.00152588
 0.00183105
 0.00152588
 0.00183105
 0.00244141
 0.00244141
 0.00274658
 0.00274658
 0.00305176
 0.00274658
 0.00274658
 0.00244141
 0.00274658
 0.00335693
 0.00305176
 0.00244141
 0.00213623
 0.00274658
 0.00274658
 0.00305176
 0.00305176
 0.00335693
 0.00335693
 0.00335693
 0.00305176
 0.00274658
 0.00335693
 0.00366211
 0.00366211
 0.00305176
 0.00274658
 0.00274658
 0.00274658
 0.00244141
 0.00244141
 0.00244141
 0.00213623
 0.00244141
 0.00274658
 0.00305176
 0.00305176
 0.00274658
 0.00183105
 0.00183105
 0.00183105
 0.00183105
 0.00152588
 0.00152588
 0.00152588
 0.00152588
 0.00152588
 0.00122070
 0.00091553
 0.00061035
 0.00030518
 0.00030518
 0.00091553
 0.00122070
 0.00061035
 0.00000000
 0.00000000
 0.00061035
 0.00061035
 0.00061035
 0.00061035
 0.00030518
 0.00000000
-0.00030518
-0.00061035
-0.00030518
-0.00030518
-0.00030518
-0.00030518
-0.00030518
-0.00061035
-0.00091553
-0.00091553
-0.00091553
-0.00091553
-0.00122070
-0.00213623
-0.00213623
-0.00213623
-0.00183105
-0.00152588
-0.00213623
-0.00274658
-0.00274658
-0.00244141
-0.00213623
-0.00213623
-0.00183105
-0.00183105
-0.00213623
-0.00305176
-0.00335693
-0.00335693
-0.00335693
-0.00366211
-0.00366211
-0.00366211
-0.00335693
-0.00335693
-0.00305176
-0.00305176
-0.00305176
-0.00305176
-0.00274658
-0.00274658
-0.00305176
-0.00305176
-0.00274658
-0.00274658
-0.00274658
-0.00335693
-0.00366211
-0.00305176
-0.00274658
-0.00213623
-0.00183105
-0.00152588
-0.00152588
-0.00183105
-0.00213623
-0.00152588
-0.00122070
-0.00122070
-0.00152588
-0.00152588
-0.00183105
-0.00183105
-0.00122070
-0.00091553
-0.00061035
-0.00061035
-0.00061035
 0.00000000
 0.00061035
 0.00061035
 0.00030518
 0.00061035
 0.00122070
 0.00152588
 0.00152588
 0.00122070
 0.00091553
 0.00061035
 0.00061035
 0.00061035
 0.00091553
 0.00091553
 0.00152588
 0.00183105
 0.00183105
 0.00152588
 0.00183105
 0.00244141
 0.00213623
 0.00213623
 0.00183105
 0.00183105
 0.00183105
 0.00213623
 0.00244141
 0.00244141
 0.00213623
 0.00183105
 0.00213623
 0.00274658
 0.00244141
 0.00274658
 0.00305176
 0.00305176
 0.00305176
 0.00305176
 0.00274658
 0.00244141
 0.00274658
 0.00274658
 0.00274658
 0.00274658
 0.00274658
 0.00305176
 0.00335693
 0.00305176
 0.00274658
 0.00274658
 0.00305176
 0.00305176
 0.00274658
 0.00274658
 0.00244141
 0.00244141
 0.00213623
 0.00213623
 0.00213623
 0.00213623
 0.00244141
 0.00244141
 0.00244141
 0.00244141
 0.00213623
 0.00152588
 0.00152588
 0.00152588
 0.00152588
 0.00183105
 0.00152588
 0.00122070
 0.00091553
 0.00091553
 0.00091553
 0.00091553
 0.00091553
 0.00061035
 0.00000000
 0.00000000
 0.00000000
-0.00030518
-0.00030518
-0.00061035
-0.00091553
-0.00091553
-0.00122070
-0.00122070
-0.00122070
-0.00152588
-0.00152588
-0.00152588
-0.00122070
-0.00122070
-0.00183105
-0.00213623
-0.00244141
-0.00244141
-0.00244141
-0.00244141
-0.00183105
-0.00152588
-0.00183105
-0.00183105
-0.00213623
-0.00274658
-0.00274658
-0.00274658
-0.00244141
-0.00244141
-0.00244141
-0.00213623
-0.00183105
-0.00213623
-0.00244141
-0.00274658
-0.00274658
-0.00274658
-0.00305176
-0.00274658
-0.00244141
-0.00274658
-0.00274658
-0.00244141
-0.00213623
-0.00213623
-0.00244141
-0.00244141
-0.00274658
-0.00274658
-0.00335693
-0.00305176
-0.00274658
-0.00274658
-0.00274658
-0.00244141
-0.00213623
-0.00183105
-0.00183105
-0.00183105
-0.00183105
-0.00183105
-0.00183105
-0.00183105
-0.00183105
-0.00152588
-0.00152588
-0.00122070
-0.00091553
-0.00061035
-0.00061035
-0.00030518
-0.00030518
 0.00000000
 0.00000000
 0.00000000
 0.00030518
 0.00030518
 0.00030518
 0.00030518
 0.00061035
 0.00061035
 0.00030518
-0.00030518
 0.00000000
 0.00091553
 0.00122070
 0.00122070
 0.00091553
 0.00061035
 0.00122070
 0.00183105
 0.00183105
 0.00152588
 0.00183105
 0.00213623
 0.00213623
 0.00183105
 0.00244141
 0.00274658
 0.00274658
 0.00274658
 0.00274658
 0.00274658
 0.00274658
 0.00305176
 0.00335693
 0.00274658
 0.00274658
 0.00244141
 0.00274658
 0.00274658
 0.00244141
 0.00244141
 0.00244141
 0.00213623
 0.00183105
 0.00183105
 0.00183105
 0.00213623
 0.00244141
 0.00244141
 0.00213623
 0.00183105
 0.00152588
 0.00183105
 0.00183105
 0.00213623
 0.00183105
 0.00122070
 0.00061035
 0.00091553
 0.00122070
 0.00122070
 0.00091553
 0.00061035
 0.00000000
 0.00000000
 0.00030518
 0.00030518
 0.00000000
-0.00030518
-0.00030518
-0.00030518
-0.00030518
-0.00061035
-0.00030518
-0.00061035
-0.00091553
-0.00122070
-0.00122070
-0.00091553
-0.00091553
-0.00091553
-0.00091553
-0.00122070
-0.00152588
-0.00122070
-0.00091553
-0.00091553
-0.00152588
-0.00183105
-0.00183105
-0.00213623
-0.00183105
-0.00152588
-0.00183105
-0.00244141
-0.00274658
-0.00274658
-0.00244141
-0.00213623
-0.00244141
-0.00274658
-0.00274658
-0.00274658
-0.00305176
-0.00335693
-0.00305176
-0.00274658
-0.00244141
-0.00305176
-0.00335693
-0.00305176
-0.00305176
-0.00305176
-0.00305176
-0.00335693
-0.00335693
-0.00335693
-0.00305176
-0.00274658
-0.00244141
-0.00244141
-0.00274658
-0.00244141
-0.00213623
-0.00183105
-0.00213623
-0.00213623
-0.00152588
-0.00122070
-0.00152588
-0.00183105
-0.00213623
-0.00183105
-0.00183105
-0.00183105
-0.00213623
-0.00213623
-0.00183105
-0.00183105
-0.00183105
-0.00183105
-0.00152588
-0.00122070
-0.00122070
-0.00152588
-0.00091553
-0.00091553
-0.00091553
-0.00122070
-0.00122070
-0.00061035
-0.00030518
 0.00030518
 0.00030518
 0.00030518
 0.00061035
 0.00091553
 0.00091553
 0.00091553
 0.00091553
 0.00091553
 0.00091553
 0.00122070
 0.00152588
 0.00183105
 0.00152588
 0.00213623
 0.00244141
 0.00244141
 0.00213623
 0.00183105
 0.00213623
 0.00244141
 0.00274658
 0.00274658
 0.00274658
 0.00274658
 0.00274658
 0.00244141
 0.00244141
 0.00244141
 0.00244141
 0.00305176
 0.00335693
 0.00366211
 0.00366211
 0.00396729
 0.00396729
 0.00396729
 0.00396729
 0.00427246
 0.00457764
 0.00427246
 0.00366211
 0.00335693
 0.00366211
 0.00366211
 0.00335693
 0.00366211
 0.00366211
 0.00396729
 0.00366211
 0.00366211
 0.00366211
 0.00366211
 0.00366211
 0.00366211
 0.00335693
 0.00305176
 0.00274658
 0.00244141
 0.00244141
 0.00274658
 0.00274658
 0.00213623
 0.00213623
 0.00213623
 0.00213623
 0.00244141
 0.00213623
 0.00183105
 0.00152588
 0.00152588
 0.00183105
 0.00183105
 0.00152588
 0.00122070
 0.00061035
 0.00030518
 0.00061035
 0.00091553
 0.00091553
 0.00061035
 0.00061035
 0.00030518
 0.00000000
 0.00030518
 0.00000000
-0.00030518
-0.00091553
-0.00122070
-0.00122070
-0.00122070
-0.00122070
-0.00091553
-0.00091553
-0.00091553
-0.00122070
-0.00183105
-0.00183105
-0.00152588
-0.00183105
-0.00183105
-0.00183105
-0.00213623
-0.00183105
-0.00152588
-0.00152588
-0.00183105
-0.00213623
-0.00274658
-0.00274658
-0.00274658
-0.00274658
-0.00244141
-0.00244141
-0.00244141
-0.00274658
-0.00274658
-0.00244141
-0.00244141
-0.00213623
-0.00213623
-0.00183105
-0.00152588
-0.00183105
-0.00183105
-0.00183105
-0.00152588
-0.00122070
-0.00152588
-0.00183105
-0.00183105
-0.00213623
-0.00213623
-0.00183105
-0.00183105
-0.00152588
-0.00152588
-0.00152588
-0.00122070
-0.00091553
-0.00091553
-0.00091553
-0.00091553
-0.00122070
-0.00122070
-0.00152588
-0.00122070
-0.00091553
-0.00061035
-0.00061035
-0.00061035
-0.00030518
 0.00000000
 0.00030518
 0.00061035
 0.00030518
-0.00030518
 0.00000000
 0.00030518
 0.00061035
 0.00030518
 0.00030518
-0.00030518
-0.00030518
 0.00000000
 0.00030518
 0.00030518
 0.00061035
 0.00091553
 0.00122070
 0.00091553
 0.00061035
 0.00030518
 0.00000000
 0.00030518
 0.00061035
 0.00091553
 0.00091553
 0.00061035
 0.00030518
 0.00061035
 0.00091553
 0.00091553
 0.00091553
 0.00091553
 0.00152588
 0.00152588
 0.00122070
 0.00122070
 0.00091553
 0.00091553
 0.00091553
 0.00061035
 0.00091553
 0.00091553
 0.00091553
 0.00091553
 0.00091553
 0.00091553
 0.00091553
 0.00091553
 0.00122070
 0.00152588
 0.00152588
 0.00122070
 0.00122070
 0.00152588
 0.00122070
 0.00091553
 0.00061035
 0.00091553
 0.00122070
 0.00122070
 0.00091553
 0.00061035
 0.00091553
 0.00122070
 0.00091553
 0.00061035
 0.00030518
 0.00030518
 0.00061035
 0.00000000
-0.00030518
 0.00000000
 0.00030518
 0.00030518
 0.00000000
-0.00030518
-0.00030518
-0.00030518
 0.00000000
 0.00000000
 0.00000000
-0.00030518
 0.00000000
 0.00000000
 0.00000000
 0.00000000
-0.00030518
-0.00061035
-0.00061035
-0.00061035
-0.00061035
-0.00091553
-0.00122070
-0.00091553
-0.00091553
-0.00091553
-0.00091553
-0.00122070
-0.00152588
-0.00152588
-0.00152588
-0.00152588
-0.00152588
-0.00152588
-0.00183105
-0.00213623
-0.00152588
-0.00091553
-0.00091553
-0.00122070
-0.00152588
-0.00213623
-0.00244141
-0.00244141
-0.00213623
-0.00183105
-0.00122070
-0.00152588
-0.00152588
-0.00152588
-0.00122070
-0.00122070
-0.00122070
-0.00122070
-0.00122070
-0.00091553
-0.00091553
-0.00091553
-0.00122070
-0.00091553
-0.00122070
-0.00091553
-0.00061035
-0.00061035
-0.00122070
-0.00152588
-0.00091553
 0.00000000
 0.00000000
 0.00000000
 0.00000000
 0.00000000
 0.00030518
 0.00000000
-0.00030518
-0.00030518
-0.00061035
-0.00061035
-0.00061035
 0.00000000
 0.00030518
 0.00030518
 0.00061035
 0.00091553
 0.00061035
 0.00030518
 0.00061035
 0.00091553
 0.00091553
 0.00152588
 0.00152588
 0.00122070
 0.00091553
 0.00122070
 0.00122070
 0.00122070
 0.00122070
 0.00122070
 0.00152588
 0.00183105
 0.00213623
 0.00244141
 0.00213623
 0.00213623
 0.00183105
 0.00213623
 0.00213623
 0.00183105
 0.00152588
 0.00152588
 0.00183105
 0.00213623
 0.00183105
 0.00183105
 0.00152588
 0.00183105
 0.00213623
 0.00244141
 0.00213623
 0.00183105
 0.00213623
 0.00213623
 0.00244141
 0.00213623
 0.00183105
 0.00183105
 0.00183105
 0.00152588
 0.00152588
 0.00183105
 0.00183105
 0.00213623
 0.00244141
 0.00244141
 0.00213623
 0.00183105
 0.00183105
 0.00213623
 0.00213623
 0.00152588
 0.00122070
 0.00152588
 0.00183105
 0.00213623
 0.00244141
 0.00183105
 0.00152588
 0.00183105
 0.00183105
 0.00213623
 0.00213623
 0.00213623
 0.00244141
 0.00213623
 0.00213623
 0.00152588
 0.00152588
 0.00152588
 0.00152588
 0.00152588
 0.00183105
 0.00183105
 0.00152588
 0.00152588
 0.00152588
 0.00183105
 0.00183105
 0.00183105
 0.00213623
 0.00183105
 0.00122070
 0.00091553
 0.00061035
 0.00091553
 0.00122070
 0.00122070
 0.00122070
 0.00091553
 0.00091553
 0.00091553
 0.00091553
 0.00122070
 0.00152588
 0.00122070
 0.00091553
 0.00091553
 0.00091553
 0.00061035
 0.00000000
-0.00061035
-0.00091553
 0.00000000
 0.00030518
 0.00030518
 0.00030518
 0.00000000
 0.00000000
 0.00030518
 0.00030518
 0.00030518
 0.00000000
-0.00030518
-0.00030518
-0.00030518
-0.00061035
-0.00061035
-0.00091553
-0.00091553
-0.00091553
-0.00030518
 0.00000000
-0.00030518
-0.00030518
-0.00030518
-0.00030518
 0.00000000
 0.00000000
 0.00000000
-0.00061035
-0.00091553
-0.00091553
-0.00091553
-0.00061035
-0.00030518
-0.00030518
-0.00091553
-0.00091553
-0.00061035
 0.00030518
 0.00061035
 0.00000000
-0.00061035
-0.00061035
-0.00061035
-0.00091553
-0.00091553
-0.00061035
-0.00091553
-0.00061035
-0.00061035
-0.00061035
-0.00061035
-0.00030518
-0.00061035
-0.00061035
-0.00030518
 0.00000000
 0.00000000
-0.00030518
-0.00061035
-0.00061035
-0.00061035
-0.00091553
-0.00061035
-0.00030518
-0.00030518
 0.00000000
 0.00000000
-0.00030518
-0.00030518
-0.00061035
-0.00030518
-0.00061035
-0.00061035
-0.00030518
-0.00061035
-0.00091553
-0.00122070
-0.00091553
-0.00061035
-0.00061035
-0.00061035
-0.00091553
-0.00091553
-0.00091553
-0.00091553
-0.00091553
-0.00091553
-0.00091553
-0.00061035
-0.00061035
-0.00030518
-0.00030518
-0.00030518
-0.00091553
-0.00122070
-0.00091553
-0.00091553
-0.00091553
-0.00091553
-0.00091553
-0.00122070
-0.00152588
-0.00152588
-0.00152588
-0.00183105
-0.00183105
-0.00183105
-0.00183105
-0.00152588
-0.00152588
-0.00152588
-0.00183105
-0.00183105
-0.00213623
-0.00183105
-0.00152588
-0.00152588
-0.00152588
-0.00152588
-0.00152588
-0.00152588
-0.00152588
-0.00122070
-0.00122070
-0.00122070
-0.00183105
-0.00183105
-0.00152588
-0.00152588
-0.00122070
-0.00122070
-0.00091553
-0.00061035
-0.00091553
-0.00091553
-0.00122070
-0.00122070
-0.00091553
-0.00122070
-0.00152588
-0.00213623
-0.00244141
-0.00213623
-0.00183105
-0.00152588
-0.00122070
-0.00091553
-0.00030518
 0.00000000
-0.00030518
-0.00091553
-0.00061035
-0.00091553
-0.00122070
-0.00122070
-0.00122070
-0.00122070
-0.00091553
-0.00061035
-0.00091553
-0.00122070
-0.00061035
 0.00000000
 0.00030518
 0.00030518
 0.00030518
 0.00030518
 0.00091553
 0.00061035
 0.00030518
 0.00030518
 0.00030518
 0.00030518
 0.00030518
 0.00091553
 0.00122070
 0.00122070
 0.00122070
 0.00091553
 0.00061035
 0.00061035
 0.00091553
 0.00091553
 0.00091553
 0.00091553
 0.00061035
 0.00030518
 0.00030518
 0.00091553
 0.00152588
 0.00183105
 0.00152588
 0.00152588
 0.00152588
 0.00152588
 0.00122070
 0.00183105
 0.00213623
 0.00213623
 0.00183105
 0.00152588
 0.00152588
 0.00213623
 0.00244141
 0.00213623
 0.00183105
 0.00152588
 0.00122070
 0.00122070
 0.00122070
 0.00152588
 0.00183105
 0.00183105
 0.00213623
 0.00183105
 0.00183105
 0.00183105
 0.00183105
 0.00183105
 0.00152588
 0.00152588
 0.00183105
 0.00183105
 0.00213623
 0.00183105
 0.00152588
 0.00122070
 0.00152588
 0.00213623
 0.00183105
 0.00152588
 0.00183105
 0.00183105
 0.00183105
 0.00122070
 0.00122070
 0.00152588
 0.00152588
 0.00152588
 0.00122070
 0.00091553
 0.00091553
 0.00091553
 0.00091553
 0.00091553
 0.00091553
 0.00091553
 0.00091553
 0.00061035
 0.00030518
 0.00030518
 0.00030518
 0.00030518
 0.00030518
 0.00061035
 0.00000000
-0.00030518
-0.00030518
 0.00030518
 0.00061035
 0.00030518
 0.00000000
 0.00000000
 0.00030518
 0.00000000
 0.00030518
 0.00030518
 0.00030518
 0.00000000
-0.00030518
-0.00061035
-0.00061035
-0.00061035
-0.00030518
-0.00030518
-0.00030518
 0.00000000
 0.00030518
 0.00000000
 0.00000000
-0.00030518
-0.00030518
-0.00030518
-0.00030518
-0.00030518
-0.00030518
-0.00030518
-0.00061035
-0.00030518
-0.00061035
-0.00061035
-0.00061035
-0.00061035
 0.00000000
 0.00000000
 0.00000000
 0.00000000
 0.00000000
 0.00030518
 0.00030518
 0.00030518
 0.00000000
 0.00000000
 0.00061035
 0.00122070
 0.00122070
 0.00122070
 0.00122070
 0.00122070
 0.00091553
 0.00091553
 0.00122070
 0.00152588
 0.00152588
 0.00122070
 0.00091553
 0.00091553
 0.00091553
 0.00122070
 0.00091553
 0.00091553
 0.00091553
 0.00122070
 0.00183105
 0.00152588
 0.00122070
 0.00122070
 0.00152588
 0.00152588
 0.00152588
 0.00152588
 0.00122070
 0.00122070
 0.00152588
 0.00122070
 0.00122070
 0.00152588
 0.00152588
 0.00152588
 0.00122070
 0.00122070
 0.00152588
 0.00152588
 0.00122070
 0.00091553
 0.00122070
 0.00152588
 0.00183105
 0.00152588
 0.00152588
 0.00183105
 0.00183105
 0.00152588
 0.00122070
 0.00122070
 0.00122070
 0.00091553
 0.00091553
 0.00122070
 0.00122070
 0.00122070
 0.00122070
 0.00122070
 0.00122070
 0.00122070
 0.00091553
 0.00061035
 0.00061035
 0.00091553
 0.00152588
 0.00122070
 0.00091553
 0.00061035
 0.00000000
 0.00000000
 0.00000000
 0.00030518
 0.00061035
 0.00091553
 0.00091553
 0.00091553
 0.00030518
 0.00000000
-0.00030518
-0.00061035
-0.00122070
-0.00122070
-0.00091553
-0.00091553
-0.00091553
-0.00122070
-0.00122070
-0.00122070
-0.00122070
-0.00091553
-0.00091553
-0.00091553
-0.00091553
-0.00091553
-0.00091553
-0.00091553
-0.00122070
-0.00152588
-0.00183105
-0.00244141
-0.00274658
-0.00213623
-0.00122070
-0.00122070
-0.00152588
-0.00183105
-0.00152588
-0.00152588
-0.00152588
-0.00183105
-0.00213623
-0.00183105
-0.00122070
-0.00122070
-0.00213623
-0.00274658
-0.00274658
-0.00274658
-0.00213623
-0.00213623
-0.00213623
-0.00213623
-0.00183105
-0.00183105
-0.00213623
-0.00213623
-0.00213623
-0.00213623
-0.00213623
-0.00213623
-0.00183105
-0.00213623
-0.00183105
-0.00213623
-0.00213623
-0.00183105
-0.00183105
-0.00213623
-0.00213623
-0.00213623
-0.00183105
-0.00183105
-0.00152588
-0.00152588
-0.00183105
-0.00213623
-0.00183105
-0.00183105
-0.00183105
-0.00183105
-0.00183105
-0.00152588
-0.00122070
-0.00152588
-0.00152588
-0.00122070
-0.00122070
-0.00091553
-0.00091553
-0.00091553
-0.00091553
-0.00091553
-0.00122070
-0.00122070
-0.00122070
-0.00061035
-0.00061035
-0.00091553
-0.00091553
-0.00061035
 0.00000000
-0.00030518
-0.00030518
-0.00030518
-0.00030518
 0.00000000
 0.00030518
 0.00061035
 0.00030518
 0.00030518
 0.00030518
 0.00030518
 0.00030518
 0.00061035
 0.00061035
 0.00000000
 0.00000000
 0.00091553
 0.00152588
 0.00152588
 0.00122070
 0.00152588
 0.00183105
 0.00183105
 0.00152588
 0.00152588
 0.00183105
 0.00213623
 0.00183105
 0.00122070
 0.00091553
 0.00122070
 0.00152588
 0.00152588
 0.00122070
 0.00152588
 0.00183105
 0.00213623
 0.00213623
 0.00213623
 0.00183105
 0.00122070
 0.00122070
 0.00152588
 0.00152588
 0.00122070
 0.00122070
 0.00122070
 0.00122070
 0.00152588
 0.00152588
 0.00152588
 0.00183105
 0.00183105
 0.00183105
 0.00183105
 0.00183105
 0.00183105
 0.00183105
 0.00183105
 0.00152588
 0.00122070
 0.00152588
 0.00183105
 0.00152588
 0.00122070
 0.00122070
 0.00122070
 0.00152588
 0.00183105
 0.00183105
 0.00152588
 0.00122070
 0.00122070
 0.00122070
 0.00091553
 0.00122070
 0.00122070
 0.00091553
 0.00091553
 0.00091553
 0.00091553
 0.00091553
 0.00030518
 0.00030518
 0.00061035
 0.00061035
 0.00061035
 0.00061035
 0.00091553
 0.00091553
 0.00061035
 0.00061035
 0.00000000
 0.00030518
 0.00030518
 0.00000000
 0.00000000
 0.00000000
 0.00000000
 0.00000000
 0.00030518
 0.00030518
 0.00000000
 0.00000000
 0.00030518
 0.00061035
 0.00061035
 0.00000000
-0.00030518
-0.00061035
-0.00061035
-0.00030518
-0.00030518
-0.00030518
-0.00030518
-0.00061035
-0.00091553
-0.00030518
-0.00030518
 0.00000000
 0.00000000
 0.00000000
 0.00000000
 0.00000000
-0.00030518
-0.00030518
-0.00030518
 0.00000000
-0.00030518
-0.00030518
-0.00030518
 0.00030518
 0.00061035
 0.00000000
-0.00061035
-0.00061035
-0.00030518
 0.00000000
-0.00030518
-0.00061035
 0.00000000
 0.00030518
 0.00000000
-0.00030518
-0.00030518
 0.00000000
 0.00030518
 0.00030518
 0.00061035
 0.00030518
 0.00000000
 0.00000000
 0.00000000
 0.00030518
 0.00061035
 0.00122070
 0.00061035
 0.00030518
 0.00061035
 0.00061035
 0.00061035
 0.00061035
 0.00091553
 0.00091553
 0.00091553
 0.00030518
 0.00030518
 0.00061035
 0.00091553
 0.00122070
 0.00122070
 0.00122070
 0.00061035
 0.00061035
 0.00061035
 0.00061035
 0.00030518
 0.00030518
 0.00091553
 0.00091553
 0.00030518
 0.00030518
 0.00061035
 0.00091553
 0.00122070
 0.00091553
 0.00122070
 0.00122070
 0.00152588
 0.00122070
 0.00091553
 0.00061035
 0.00061035
 0.00061035
 0.00061035
 0.00061035
 0.00091553
 0.00091553
 0.00091553
 0.00091553
 0.00061035
 0.00061035
 0.00061035
 0.00061035
 0.00061035
 0.00030518
 0.00000000
 0.00030518
 0.00000000
-0.00030518
-0.00030518
 0.00000000
-0.00061035
-0.00061035
-0.00030518
-0.00030518
-0.00030518
 0.00000000
 0.00000000
-0.00030518
-0.00091553
-0.00061035
-0.00061035
-0.00030518
-0.00091553
-0.00122070
-0.00122070
-0.00091553
-0.00122070
-0.00152588
-0.00152588
-0.00122070
-0.00152588
-0.00152588
-0.00122070
-0.00122070
-0.00152588
-0.00213623
-0.00213623
-0.00183105
-0.00152588
-0.00183105
-0.00213623
-0.00244141
-0.00213623
-0.00183105
-0.00183105
-0.00244141
-0.00305176
-0.00305176
-0.00274658
-0.00244141
-0.00244141
-0.00274658
-0.00274658
-0.00244141
-0.00244141
-0.00244141
-0.00274658
-0.00244141
-0.00244141
-0.00274658
-0.00274658
-0.00244141
-0.00244141
-0.00213623
-0.00152588
-0.00152588
-0.00183105
-0.00213623
-0.00244141
-0.00213623
-0.00152588
-0.00213623
-0.00213623
-0.00213623
-0.00183105
-0.00183105
-0.00152588
-0.00122070
-0.00152588
-0.00152588
-0.00152588
-0.00152588
-0.00152588
-0.00152588
-0.00122070
-0.00122070
-0.00152588
-0.00183105
-0.00152588
-0.00152588
-0.00152588
-0.00122070
-0.00152588
-0.00152588
-0.00122070
-0.00091553
-0.00061035
-0.00061035
-0.00061035
-0.00061035
-0.00061035
-0.00061035
-0.00061035
-0.00061035
-0.00061035
-0.00061035
-0.00030518
-0.00030518
 0.00030518
 0.00030518
 0.00061035
 0.00061035
 0.00061035
 0.00030518
 0.00061035
 0.00061035
 0.00091553
 0.00061035
 0.00061035
 0.00061035
 0.00091553
 0.00122070
 0.00122070
 0.00091553
 0.00122070
 0.00152588
 0.00183105
 0.00213623
 0.00244141
 0.00244141
 0.00213623
 0.00152588
 0.00091553
 0.00122070
 0.00122070
 0.00152588
 0.00152588
 0.00152588
 0.00122070
 0.00122070
 0.00152588
 0.00244141
 0.00274658
 0.00244141
 0.00213623
 0.00244141
 0.00244141
 0.00244141
 0.00183105
 0.00122070
 0.00091553
 0.00122070
 0.00122070
 0.00183105
 0.00183105
 0.00183105
 0.00152588
 0.00122070
 0.00183105
 0.00183105
 0.00183105
 0.00183105
 0.00244141
 0.00244141
 0.00183105
 0.00122070
 0.00122070
 0.00091553
 0.00030518
 0.00000000
 0.00000000
 0.00030518
 0.00122070
 0.00152588
 0.00152588
 0.00122070
 0.00091553
 0.00091553
 0.00091553
 0.00091553
 0.00030518
 0.00000000
 0.00000000
-0.00030518
-0.00030518
-0.00030518
-0.00061035
-0.00030518
 0.00000000
 0.00030518
 0.00061035
 0.00061035
 0.00061035
 0.00061035
 0.00030518
-0.00030518
-0.00061035
-0.00061035
-0.00030518
-0.00061035
-0.00091553
-0.00152588
-0.00091553
-0.00061035
-0.00061035
-0.00091553
-0.00122070
-0.00122070
-0.00091553
-0.00061035
-0.00061035
-0.00030518
-0.00030518
-0.00061035
-0.00122070
-0.00183105
-0.00183105
-0.00152588
-0.00122070
-0.00122070
-0.00213623
-0.00213623
-0.00152588
-0.00122070
-0.00061035
 0.00183105
 0.01129150
 0.03173828
 0.06011963
 0.08575439
 0.09277344
 0.04699707
-0.07781982
-0.22979736
-0.31219482
-0.21179199
-0.01739502
 0.11932373
 0.11474609
 0.05371094
 0.00885010
 0.00122070
 0.01617432
 0.04791260
 0.07843018
 0.06744385
 0.01342773
-0.00274658
 0.02227783
 0.02410889
-0.03936768
-0.15350342
-0.23406982
-0.21423340
-0.08575439
 0.07965088
 0.17211914
 0.18432617
 0.16662598
 0.10711670
 0.00671387
-0.05798340
-0.06042480
-0.07324219
-0.11688232
-0.12237549
-0.05310059
 0.02441406
 0.07568359
 0.10833740
 0.08728027
-0.03326416
-0.14678955
-0.13671875
-0.03326416
 0.08483887
 0.14678955
 0.11688232
-0.01098633
-0.16357422
-0.22857666
-0.20050049
-0.13122559
-0.05554199
 0.01647949
 0.08331299
 0.14434814
 0.20172119
 0.24749756
 0.25268555
 0.19989014
 0.14282227
 0.11596680
 0.10345459
 0.09735107
 0.07537842
-0.01007080
-0.14434814
-0.23071289
-0.23834229
-0.19714355
-0.12115479
-0.02349854
 0.06530762
 0.12725830
 0.17456055
 0.22399902
 0.24871826
 0.17913818
 0.02166748
-0.12298584
-0.20233154
-0.23742676
-0.23223877
-0.18951416
-0.13671875
-0.11657715
-0.13702393
-0.16571045
-0.13824463
-0.05859375
 0.04302979
 0.13916016
 0.20263672
 0.19866943
 0.09521484
-0.02441406
-0.07446289
-0.08239746
-0.09399414
-0.09490967
-0.05920410
-0.00732422
 0.02838135
 0.04272461
 0.05432129
 0.08117676
 0.11260986
 0.14526367
 0.17944336
 0.18859863
 0.13244629
 0.03387451
-0.04852295
-0.10284424
-0.13275146
-0.13061523
-0.10467529
-0.07385254
-0.04760742
-0.02502441
 0.00396729
 0.04669189
 0.09399414
 0.12756348
 0.12115479
 0.06774902
 0.00244141
-0.04669189
-0.07171631
-0.06805420
-0.04730225
-0.03570557
-0.06561279
-0.13427734
-0.18035889
-0.17578125
-0.13427734
-0.06835938
 0.00305176
 0.06072998
 0.09674072
 0.11138916
 0.09674072
 0.06561279
 0.03967285
 0.02044678
-0.00274658
-0.03570557
-0.06805420
-0.08758545
-0.09307861
-0.08453369
-0.06195068
-0.02990723
 0.00762939
 0.04913330
 0.09063721
 0.11962891
 0.11657715
 0.08453369
 0.05828857
 0.05096436
 0.04364014
 0.01831055
-0.01983643
-0.05157471
-0.06835938
-0.06652832
-0.04394531
-0.01007080
 0.02349854
 0.04943848
 0.06072998
 0.05889893
 0.05157471
 0.04882813
 0.05004883
 0.04272461
 0.01800537
-0.01220703
-0.03143311
-0.04119873
-0.04760742
-0.04882813
-0.03967285
-0.02075195
 0.00366211
 0.02746582
 0.04455566
 0.05249023
 0.05676270
 0.06408691
 0.06744385
 0.05096436
 0.01434326
-0.02197266
-0.04455566
-0.05615234
-0.05859375
-0.05004883
-0.02929688
-0.00061035
 0.02624512
 0.04089355
 0.03814697
 0.03051758
 0.03509521
 0.04943848
 0.05737305
 0.04608154
 0.02014160
-0.00671387
-0.03143311
-0.05462646
-0.06835938
-0.06591797
-0.05096436
-0.03082275
-0.01129150
 0.00274658
 0.00854492
 0.00732422
 0.00762939
 0.01129150
 0.01525879
 0.01525879
 0.01190186
 0.00823975
 0.00244141
-0.00823975
-0.02136230
-0.03021240
-0.03112793
-0.02655029
-0.01739502
-0.00518799
 0.00946045
 0.02716064
 0.04486084
 0.05493164
 0.05096436
 0.03356934
 0.01281738
-0.00305176
-0.01068115
-0.00793457
 0.00366211
 0.01678467
 0.02380371
 0.02136230
 0.01220703
-0.00152588
-0.01373291
-0.01861572
-0.01220703
 0.00122070
 0.01617432
 0.02655029
 0.02655029
 0.01647949
-0.00061035
-0.01770020
-0.02990723
-0.03570557
-0.03631592
-0.03204346
-0.02441406
-0.01831055
-0.01556396
-0.01556396
-0.01373291
-0.00732422
 0.00061035
 0.00610352
 0.00701904
 0.00274658
-0.00518799
-0.01464844
-0.02441406
-0.03234863
-0.03692627
-0.03814697
-0.03540039
-0.02868652
-0.01831055
-0.00518799
 0.00640869
 0.01342773
 0.01373291
 0.00946045
 0.00610352
 0.00427246
 0.00244141
-0.00213623
-0.00793457
-0.01281738
-0.01495361
-0.01434326
-0.01037598
-0.00305176
 0.00640869
 0.01647949
 0.02532959
 0.02929688
 0.02868652
 0.02593994
 0.02441406
 0.02380371
 0.02136230
 0.01647949
 0.01098633
 0.00671387
 0.00274658
-0.00396729
-0.01129150
-0.01464844
-0.01190186
-0.00488281
 0.00213623
 0.00549316
 0.00518799
 0.00061035
-0.00579834
-0.01220703
-0.01708984
-0.02105713
-0.02471924
-0.02807617
-0.02990723
-0.02960205
-0.02471924
-0.01434326
 0.00000000
 0.01434326
 0.02532959
 0.03112793
 0.03082275
 0.02563477
 0.01678467
 0.00640869
-0.00335693
-0.01251221
-0.02166748
-0.02990723
-0.03479004
-0.03448486
-0.02838135
-0.01739502
-0.00305176
 0.01159668
 0.02258301
 0.02716064
 0.02563477
 0.02136230
 0.01678467
 0.01342773
 0.01159668
 0.00915527
 0.00488281
-0.00061035
-0.00518799
-0.00701904
-0.00732422
-0.00518799
-0.00061035
 0.00610352
 0.01220703
 0.01525879
 0.01281738
 0.00640869
-0.00152588
-0.00854492
-0.01373291
-0.01708984
-0.01831055
-0.01678467
-0.01159668
-0.00335693
 0.00610352
 0.01464844
 0.02044678
 0.02410889
 0.02563477
 0.02502441
 0.02288818
 0.02105713
 0.01922607
 0.01678467
 0.01312256
 0.00946045
 0.00549316
 0.00274658
 0.00213623
 0.00366211
 0.00732422
 0.01251221
 0.01678467
 0.01892090
 0.01770020
 0.01312256
 0.00640869
-0.00122070
-0.00885010
-0.01617432
-0.02380371
-0.03112793
-0.03692627
-0.04058838
-0.04058838
-0.03692627
-0.02990723
-0.02044678
-0.01129150
-0.00335693
 0.00183105
 0.00488281
 0.00640869
 0.00732422
 0.00671387
 0.00396729
-0.00152588
-0.00915527
-0.01647949
-0.02014160
-0.01892090
-0.01281738
-0.00366211
 0.00732422
 0.01800537
 0.02716064
 0.03204346
 0.03295898
 0.03143311
 0.02777100
 0.02136230
 0.01190186
 0.00091553
-0.01129150
-0.02258301
-0.03204346
-0.03875732
-0.03967285
-0.03387451
-0.02319336
-0.01098633
 0.00061035
 0.01007080
 0.01770020
 0.02288818
 0.02563477
 0.02532959
 0.02197266
 0.01617432
 0.00823975
-0.00030518
-0.00854492
-0.01556396
-0.02014160
-0.02258301
-0.02319336
-0.02258301
-0.01892090
-0.01251221
-0.00396729
 0.00427246
 0.01007080
 0.01159668
 0.00885010
 0.00274658
-0.00427246
-0.01129150
-0.01739502
-0.02136230
-0.02258301
-0.02166748
-0.01861572
-0.01312256
-0.00549316
 0.00366211
 0.01220703
 0.01983643
 0.02532959
 0.02807617
 0.02716064
 0.02288818
 0.01647949
 0.00976563
 0.00274658
-0.00274658
-0.00518799
-0.00488281
-0.00152588
 0.00427246
 0.01159668
 0.01983643
 0.02807617
 0.03417969
 0.03662109
 0.03479004
 0.02807617
 0.01770020
 0.00488281
-0.00823975
-0.01983643
-0.02868652
-0.03387451
-0.03509521
-0.03295898
-0.02838135
-0.02166748
-0.01251221
-0.00244141
 0.00762939
 0.01495361
 0.01831055
 0.01708984
 0.01190186
 0.00396729
-0.00457764
-0.01281738
-0.01861572
-0.02288818
-0.02502441
-0.02563477
-0.02441406
-0.02105713
-0.01525879
-0.00823975
-0.00122070
 0.00518799
 0.01037598
 0.01281738
 0.01220703
 0.00732422
 0.00030518
-0.00762939
-0.01434326
-0.01922607
-0.02075195
-0.01831055
-0.01281738
-0.00488281
 0.00335693
 0.01159668
 0.01831055
 0.02319336
 0.02502441
 0.02380371
 0.02044678
 0.01556396
 0.01068115
 0.00579834
 0.00183105
-0.00122070
-0.00274658
-0.00213623
 0.00122070
 0.00549316
 0.00976563
 0.01403809
 0.01770020
 0.02014160
 0.02014160
 0.01861572
 0.01525879
 0.01068115
 0.00396729
-0.00396729
-0.01220703
-0.01922607
-0.02380371
-0.02502441
-0.02288818
-0.01800537
-0.01129150
-0.00457764
 0.00122070
 0.00549316
 0.00854492
 0.00976563
 0.00946045
 0.00854492
 0.00671387
 0.00366211
-0.00030518
-0.00396729
-0.00701904
-0.00885010
-0.00854492
-0.00671387
-0.00274658
 0.00274658
 0.00793457
 0.01129150
 0.01312256
 0.01342773
 0.01251221
 0.01007080
 0.00610352
 0.00183105
-0.00244141
-0.00701904
-0.01159668
-0.01464844
-0.01464844
-0.01190186
-0.00732422
-0.00183105
 0.00366211
 0.00823975
 0.01129150
 0.01281738
 0.01281738
 0.01129150
 0.00854492
 0.00518799
 0.00152588
-0.00213623
-0.00488281
-0.00671387
-0.00701904
-0.00549316
-0.00305176
-0.00030518
 0.00305176
 0.00579834
 0.00762939
 0.00823975
 0.00762939
 0.00610352
 0.00335693
-0.00122070
-0.00610352
-0.01068115
-0.01434326
-0.01647949
-0.01739502
-0.01647949
-0.01373291
-0.00915527
-0.00335693
 0.00244141
 0.00793457
 0.01190186
 0.01342773
 0.01281738
 0.01037598
 0.00671387
 0.00274658
-0.00030518
-0.00213623
-0.00305176
-0.00335693
-0.00366211
-0.00396729
-0.00396729
-0.00305176
-0.00122070
 0.00091553
 0.00305176
 0.00427246
 0.00366211
 0.00152588
-0.00122070
-0.00396729
-0.00701904
-0.00885010
-0.00915527
-0.00793457
-0.00579834
-0.00396729
-0.00244141
-0.00091553
 0.00030518
 0.00122070
 0.00183105
 0.00183105
 0.00091553
 0.00000000
-0.00183105
-0.00427246
-0.00610352
-0.00701904
-0.00701904
-0.00610352
-0.00427246
-0.00152588
 0.00152588
 0.00427246
 0.00671387
 0.00854492
 0.00885010
 0.00762939
 0.00579834
 0.00396729
 0.00183105
-0.00030518
-0.00183105
-0.00305176
-0.00305176
-0.00213623
-0.00152588
-0.00091553
-0.00061035
-0.00030518
-0.00061035
-0.00122070
-0.00244141
-0.00335693
-0.00488281
-0.00610352
-0.00793457
-0.01098633
-0.01403809
-0.01586914
-0.01647949
-0.01678467
-0.01678467
-0.01556396
-0.01434326
-0.01342773
-0.01251221
-0.01220703
-0.01190186
-0.01159668
-0.01098633
-0.01007080
-0.00854492
-0.00640869
-0.00457764
-0.00274658
 0.00030518
 0.00335693
 0.00671387
 0.01098633
 0.01495361
 0.01770020
 0.01861572
 0.01831055
 0.01647949
 0.01342773
 0.01037598
 0.00793457
 0.00640869
 0.00640869
 0.00793457
 0.01007080
 0.01190186
 0.01342773
 0.01495361
 0.01617432
 0.01739502
 0.01770020
 0.01739502
 0.01586914
 0.01281738
 0.00885010
 0.00396729
-0.00091553
-0.00488281
-0.00701904
-0.00823975
-0.00732422
-0.00610352
-0.00427246
-0.00213623
 0.00000000
 0.00183105
 0.00335693
 0.00335693
 0.00305176
 0.00183105
-0.00030518
-0.00274658
-0.00549316
-0.00701904
-0.00793457
-0.00793457
-0.00610352
-0.00213623
 0.00518799
 0.01739502
 0.03875732
 0.07202148
 0.11322021
 0.14648438
 0.12969971
 0.01159668
-0.17791748
-0.34606934
-0.42663574
-0.34240723
-0.13580322
 0.09582520
 0.35095215
 0.22125244
-0.02105713
-0.34057617
-0.42572021
-0.21270752
 0.07843018
 0.43029785
 0.54473877
 0.37078857
 0.10284424
-0.20721436
-0.44281006
-0.49072266
-0.40954590
-0.28106689
-0.14495850
 0.02380371
 0.21484375
 0.38208008
 0.41595459
 0.33935547
 0.21881104
 0.10253906
 0.09124756
 0.15167236
 0.18676758
 0.09735107
-0.12664795
-0.36102295
-0.43182373
-0.34332275
-0.22369385
-0.13000488
-0.07202148
 0.02014160
 0.20263672
 0.40832520
 0.57464600
 0.53558350
 0.31951904
-0.00091553
-0.40740967
-0.63842773
-0.60974121
-0.40588379
-0.20965576
-0.01159668
 0.18066406
 0.33386230
 0.30090332
 0.17272949
 0.02929688
 0.01281738
 0.13092041
 0.29968262
 0.36743164
 0.18066406
-0.04119873
-0.27526855
-0.39489746
-0.36651611
-0.25329590
-0.11718750
 0.03051758
 0.19073486
 0.35186768
 0.43304443
 0.40222168
 0.32928467
 0.24536133
 0.22033691
 0.22491455
 0.14251709
-0.11535645
-0.42816162
-0.61248779
-0.53192139
-0.30975342
-0.16021729
-0.05340576
 0.06256104
 0.20019531
 0.33905029
 0.47882080
 0.52276611
 0.35369873
 0.08300781
-0.10894775
-0.16632080
-0.21118164
-0.27496338
-0.25329590
-0.06805420
 0.20477295
 0.46020508
 0.44158936
 0.26184082
 0.08239746
-0.07629395
-0.13854980
-0.13641357
-0.17944336
-0.38208008
-0.74981689
