 0.00000000
 0.00000000
 0.00000000
 0.00000000
-0.00030518
-0.00030518
 0.00000000
 0.00000000
-0.00030518
-0.00030518
-0.00061035
-0.00061035
-0.00030518
 0.00000000
-0.00030518
-0.00030518
 0.00030518
 0.00061035
 0.00030518
 0.00000000
 0.00000000
 0.00000000
 0.00030518
 0.00000000
-0.00030518
-0.00061035
-0.00061035
 0.00030518
 0.00000000
-0.00061035
-0.00122070
-0.00091553
-0.00030518
-0.00030518
-0.00030518
-0.00030518
-0.00030518
-0.00030518
 0.00000000
-0.00030518
-0.00030518
-0.00030518
-0.00030518
-0.00030518
-0.00030518
 0.00000000
 0.00000000
 0.00000000
 0.00000000
 0.00000000
-0.00030518
-0.00061035
-0.00030518
-0.00030518
-0.00061035
-0.00061035
-0.00030518
-0.00061035
-0.00061035
-0.00061035
-0.00030518
-0.00030518
-0.00030518
-0.00030518
 0.00000000
 0.00030518
-0.00030518
-0.00061035
-0.00030518
-0.00030518
 0.00000000
-0.00030518
-0.00030518
-0.00030518
-0.00030518
-0.00061035
-0.00061035
-0.00061035
-0.00030518
-0.00030518
-0.00030518
-0.00030518
-0.00061035
-0.00061035
-0.00030518
 0.00000000
 0.00000000
-0.00030518
-0.00030518
-0.00030518
-0.00030518
 0.00030518
 0.00061035
 0.00030518
 0.00000000
 0.00122070
 0.01647949
 0.07202148
 0.16113281
 0.26550293
 0.30456543
 0.00640869
-0.87158203
-2.14874268
-2.72369385
-2.00286865
-0.10559082
 1.60736084
 2.57019043
 2.30651855
 0.00854492
-3.67279053
-6.78771973
-7.65258789
-6.52069092
-3.45092773
 0.89508057
 5.04943848
 7.99835205
 9.12811279
 8.15063477
 4.79095459
 0.58563232
-2.37487793
-3.58917236
-3.39752197
-2.35534668
-1.37268066
-1.02508545
-1.31164551
-1.80450439
-1.99890137
-1.33636475
 0.52581787
 2.91137695
 4.98199463
 6.15814209
 6.34796143
 4.80712891
 1.67907715
-1.49566650
-3.24615479
-3.88122559
-3.87878418
-3.32702637
-2.46368408
-1.75933838
-1.51550293
-1.43371582
-0.85266113
 0.57769775
 2.16461182
 3.99993896
 5.45349121
 5.87432861
 4.31213379
 1.25000000
-1.64093018
-3.64746094
-4.70123291
-4.86816406
-4.43328857
-3.46008301
-1.83380127
 0.32745361
 2.13470459
 3.29528809
 3.64715576
 3.36212158
 3.07006836
 3.28674316
 3.51562500
 3.03619385
 1.48406982
-0.91247559
-3.32000732
-4.70123291
-4.78546143
-3.83758545
-2.16339111
-0.23498535
 1.22711182
 2.41271973
 3.38958740
 4.26391602
 4.64691162
 3.64257813
 1.51123047
 0.05828857
-0.88195801
-1.70043945
-3.11126709
-4.29901123
-4.38171387
-3.83331299
-3.16925049
-2.28149414
-0.80932617
 0.97015381
 2.72277832
 4.15405273
 5.03845215
 5.10162354
 3.93920898
 1.87866211
-0.59967041
-3.06884766
-4.83886719
-5.59936523
-5.47760010
-4.54559326
-2.93182373
-0.91766357
 0.85205078
 2.18292236
 3.07647705
 3.75366211
 4.06433105
 3.64685059
 2.32543945
 0.48156738
-1.46575928
-3.08593750
-4.17633057
-4.51538086
-4.18151855
-3.43750000
-2.56683350
-1.72790527
-0.88684082
 0.02716064
 1.18530273
 2.37640381
 3.45245361
 4.08111572
 3.65264893
 2.05871582
 0.19653320
-1.28601074
-2.41516113
-3.21533203
-3.50738525
-3.28887939
-2.67822266
-1.75994873
-0.62683105
 0.51757813
 1.64520264
 2.76550293
 3.73626709
 4.25628662
 3.80615234
 2.46582031
 0.78643799
-0.88989258
-2.40875244
-3.32000732
-3.55712891
-3.24371338
-2.57415771
-1.68914795
-0.58898926
 0.68695068
 2.02301025
 3.15368652
 3.81774902
 3.58581543
 2.35748291
 0.99151611
 0.23529053
-0.37078857
-0.88684082
-1.45324707
-1.99768066
-2.33795166
-2.34436035
-1.94824219
-1.13006592
 0.26702881
 1.58813477
 2.96051025
 3.84002686
 3.91967773
 2.94464111
 1.53503418
 0.40893555
-0.54840088
-1.32171631
-1.66259766
-1.58111572
-1.25549316
-0.89843750
-0.63079834
-0.37017822
 0.20751953
 0.92926025
 1.81823730
 2.63183594
 3.16497803
 3.01055908
 2.07305908
 0.94543457
 0.13549805
-0.72326660
-1.38488770
-1.73797607
-1.72363281
-1.42761230
-0.91766357
-0.13885498
 0.67199707
 1.58660889
 2.39196777
 2.85705566
 2.62512207
 1.81365967
 0.94543457
 0.26489258
-0.41351318
-0.95062256
-1.32324219
-1.54541016
-1.59118652
-1.44531250
-1.12213135
-0.64453125
 0.00335693
 0.69610596
 1.43859863
 2.06787109
 2.35992432
 2.06848145
 1.29333496
 0.41259766
-0.48065186
-1.26129150
-1.79443359
-2.08648682
-2.20062256
-2.14141846
-1.86706543
-1.38092041
-0.74035645
-0.03356934
 0.70434570
 1.29669189
 1.52435303
 1.23077393
 0.58929443
-0.07629395
-0.88409424
-1.53717041
-1.99493408
-2.22778320
-2.24334717
-2.05078125
-1.69494629
-1.21398926
-0.65002441
-0.14770508
 0.52947998
 0.98999023
 1.23046875
 1.20361328
 0.94726563
 0.49957275
-0.11871338
-0.88531494
-1.57867432
-2.09381104
-2.36358643
-2.34527588
-2.02423096
-1.45172119
-0.70068359
 0.14678955
 0.96740723
 1.65069580
 1.97479248
 1.78131104
 1.30523682
 0.84350586
 0.41442871
-0.01556396
-0.43548584
-0.76385498
-1.02050781
-1.20117188
-1.26892090
-1.17034912
-0.85876465
-0.31372070
 0.33508301
 1.00646973
 1.60003662
 1.90216064
 1.77307129
 1.28845215
 0.65734863
 0.05065918
-0.59478760
-1.05926514
-1.35101318
-1.45690918
-1.38885498
-1.19140625
-0.91308594
-0.56762695
-0.14526367
 0.37780762
 0.94329834
 1.46850586
 1.80603027
 1.78253174
 1.37023926
 0.75134277
 0.16723633
-0.42236328
-0.85296631
-1.07177734
-1.05529785
-0.79956055
-0.33447266
 0.22888184
 0.85906982
 1.46942139
 1.98333740
 2.31048584
 2.39044189
 2.22961426
 1.85516357
 1.28845215
 0.60516357
 0.06134033
-0.47180176
-0.64605713
-0.58227539
-0.34729004
-0.01647949
 0.44403076
 0.88439941
 1.24511719
 1.50238037
 1.64520264
 1.65679932
 1.50756836
 1.19354248
 0.76141357
 0.30212402
-0.18402100
-0.66101074
-1.03424072
-1.26525879
-1.30859375
-1.15539551
-0.82092285
-0.34362793
 0.18066406
 0.73211670
 1.13769531
 1.30187988
 1.19995117
 0.89874268
 0.46783447
-0.06286621
-0.64422607
-1.12609863
-1.42639160
-1.51641846
-1.40869141
-1.13159180
-0.73394775
-0.27557373
 0.20111084
 0.71014404
 1.07971191
 1.28723145
 1.30279541
 1.12335205
 0.76843262
 0.29479980
-0.23986816
-0.73822021
-1.09436035
-1.26342773
-1.23565674
-1.03302002
-0.69702148
-0.30975342
 0.04882813
 0.45257568
 0.64147949
 0.66955566
 0.58288574
 0.42480469
 0.24139404
-0.03601074
-0.30822754
-0.57006836
-0.79345703
-0.94543457
-0.99945068
-0.93383789
-0.75683594
-0.49591064
-0.23956299
 0.02014160
 0.28442383
 0.46569824
 0.51605225
 0.44372559
 0.29571533
 0.02105713
-0.31372070
-0.61737061
-0.85937500
-1.02203369
-1.08520508
-1.05560303
-0.94268799
-0.76446533
-0.53436279
-0.30883789
-0.08239746
 0.10040283
 0.19195557
 0.17944336
 0.03692627
-0.20874023
-0.47119141
-0.65246582
-0.76904297
-0.80841064
-0.77972412
-0.69732666
-0.57800293
-0.42541504
-0.28076172
-0.10101318
 0.09643555
 0.29602051
 0.45410156
 0.54107666
 0.54290771
 0.44281006
 0.26641846
-0.02166748
-0.32348633
-0.56152344
-0.68756104
-0.69183350
-0.58959961
-0.40924072
-0.22277832
 0.01525879
 0.27069092
 0.47729492
 0.57495117
 0.57617188
 0.50140381
 0.38360596
 0.25054932
 0.10192871
-0.02838135
-0.14312744
-0.23010254
-0.27740479
-0.27801514
-0.22521973
-0.11291504
 0.05004883
 0.26184082
 0.46173096
 0.58898926
 0.65979004
 0.66314697
 0.59570313
 0.47088623
 0.29968262
 0.10040283
-0.08300781
-0.21240234
-0.27099609
-0.26275635
-0.19500732
-0.08209229
 0.05157471
 0.18768311
 0.32745361
 0.42816162
 0.49774170
 0.52978516
 0.50506592
 0.41564941
 0.26611328
 0.10314941
-0.04638672
-0.16876221
-0.24017334
-0.24627686
-0.18371582
-0.05584717
 0.11413574
 0.33905029
 0.51147461
 0.62133789
 0.67199707
 0.65765381
 0.59692383
 0.50384521
 0.38269043
 0.23834229
 0.09246826
-0.02502441
-0.09765625
-0.12268066
-0.10009766
-0.03173828
 0.07507324
 0.20538330
 0.37231445
 0.47973633
 0.54870605
 0.56884766
 0.54077148
 0.45745850
 0.31921387
 0.15319824
-0.00366211
-0.13244629
-0.21209717
-0.23956299
-0.21728516
-0.14801025
-0.04272461
 0.07690430
 0.19226074
 0.29205322
 0.35003662
 0.37231445
 0.35797119
 0.30212402
 0.18463135
 0.05310059
-0.08728027
-0.23071289
-0.35919189
-0.44769287
-0.48278809
-0.46295166
-0.39550781
-0.31585693
-0.23498535
-0.14923096
-0.08789063
-0.05950928
-0.07232666
-0.13092041
-0.20812988
-0.28625488
-0.37475586
-0.47698975
-0.57586670
-0.65490723
-0.70129395
-0.70617676
-0.66589355
-0.59143066
-0.49499512
-0.40008545
-0.33416748
-0.27740479
-0.22705078
-0.20812988
-0.23742676
-0.30975342
-0.38299561
-0.44860840
-0.50689697
-0.54016113
-0.54443359
-0.52246094
-0.47424316
-0.39764404
-0.31555176
-0.21789551
-0.09338379
 0.02685547
 0.12451172
 0.17883301
 0.17333984
 0.09185791
-0.02777100
-0.13244629
-0.22003174
-0.30212402
-0.36437988
-0.39825439
-0.40069580
-0.37780762
-0.33538818
-0.28686523
-0.21240234
-0.12084961
-0.01831055
 0.08605957
 0.17517090
 0.23651123
 0.26153564
 0.22094727
 0.13031006
 0.04760742
 0.00213623
-0.01647949
-0.00915527
 0.02258301
 0.07110596
 0.12847900
 0.18951416
 0.25085449
 0.30670166
 0.33966064
 0.35400391
 0.34576416
 0.32348633
 0.29357910
 0.26489258
 0.22735596
 0.18981934
 0.16876221
 0.17700195
 0.21789551
 0.30609131
 0.43640137
 0.56884766
 0.68115234
 0.75103760
 0.76843262
 0.74371338
 0.69427490
 0.63690186
 0.58654785
 0.54931641
 0.53253174
 0.53497314
 0.54992676
 0.56365967
 0.57128906
 0.57800293
 0.58532715
 0.59600830
 0.61035156
 0.62713623
 0.63140869
 0.60974121
 0.55358887
 0.46691895
 0.36193848
 0.25665283
 0.16601563
 0.09277344
 0.03570557
-0.00579834
-0.02990723
-0.03753662
-0.02990723
-0.00946045
 0.01892090
 0.04699707
 0.06317139
 0.05737305
 0.03295898
 0.00366211
-0.02258301
-0.04241943
-0.05126953
-0.04577637
-0.02624512
 0.00152588
 0.03173828
 0.06011963
 0.08239746
 0.09613037
 0.10284424
 0.10711670
 0.10803223
 0.09674072
 0.06286621
 0.00793457
-0.05645752
-0.12359619
-0.19378662
-0.26580811
-0.33477783
-0.39489746
-0.43884277
-0.46081543
-0.44647217
-0.40008545
-0.33843994
-0.28594971
-0.22918701
-0.19958496
-0.22857666
-0.33996582
-0.45043945
-0.54870605
-0.62255859
-0.65795898
-0.65521240
-0.61920166
-0.55603027
-0.47790527
-0.38787842
-0.31768799
-0.22735596
-0.12786865
-0.03906250
 0.02075195
 0.04669189
 0.01464844
-0.07629395
-0.18829346
-0.29327393
-0.39398193
-0.47058105
-0.52185059
-0.54321289
-0.53649902
-0.50048828
-0.44250488
-0.36285400
-0.30700684
-0.23681641
-0.19073486
-0.18188477
-0.23071289
-0.31677246
-0.37506104
-0.41351318
-0.42724609
-0.41900635
-0.39093018
-0.34973145
-0.30120850
-0.23651123
-0.15380859
-0.06469727
 0.01831055
 0.08270264
 0.12695313
 0.14434814
 0.12817383
 0.09887695
 0.07476807
 0.05096436
 0.02288818
 0.00000000
-0.00457764
 0.01556396
 0.06072998
 0.12878418
 0.21697998
 0.33599854
 0.43731689
 0.51269531
 0.54931641
 0.53588867
 0.47851563
 0.38726807
 0.28045654
 0.17913818
 0.09460449
 0.04089355
 0.02044678
 0.03082275
 0.06835938
 0.13000488
 0.20996094
 0.30487061
 0.38513184
 0.42694092
 0.43975830
 0.41870117
 0.37658691
 0.32073975
 0.26062012
 0.19866943
 0.13031006
 0.06744385
 0.02166748
 0.00152588
 0.01159668
 0.05004883
 0.11016846
 0.18493652
 0.26397705
 0.33966064
 0.37567139
 0.38543701
 0.36651611
 0.31677246
 0.23376465
 0.14465332
 0.05676270
-0.00732422
-0.03387451
-0.02471924
 0.01403809
 0.07476807
 0.14678955
 0.21697998
 0.27435303
 0.31372070
 0.31707764
 0.27465820
 0.20812988
 0.13702393
 0.06103516
-0.01770020
-0.08911133
-0.14617920
-0.18768311
-0.20996094
-0.20904541
-0.18310547
-0.13275146
-0.05950928
 0.03021240
 0.12329102
 0.20568848
 0.26367188
 0.29052734
 0.26245117
 0.18585205
 0.09429932
 0.00457764
-0.08361816
-0.15563965
-0.19866943
-0.21118164
-0.19653320
-0.16174316
-0.11291504
-0.05798340
-0.00366211
 0.04364014
 0.07385254
 0.06561279
 0.01556396
-0.05340576
-0.12542725
-0.20355225
-0.28472900
-0.35888672
-0.41656494
-0.45410156
-0.46325684
-0.44067383
-0.38513184
-0.31799316
-0.24322510
-0.15441895
-0.08087158
-0.03845215
-0.04150391
-0.10833740
-0.20904541
-0.30059814
-0.38360596
-0.45227051
-0.50018311
-0.52276611
-0.51696777
-0.48767090
-0.43731689
-0.37231445
-0.31402588
-0.24200439
-0.16540527
-0.10192871
-0.05920410
-0.04974365
-0.09124756
-0.16387939
-0.23345947
-0.29418945
-0.34393311
-0.36102295
-0.34637451
-0.31066895
-0.25390625
-0.16906738
-0.06347656
 0.05249023
 0.16662598
 0.26519775
 0.32165527
 0.33538818
 0.32470703
 0.29968262
 0.22857666
 0.16845703
 0.11260986
 0.06469727
 0.03326416
 0.02349854
 0.03479004
 0.06164551
 0.09704590
 0.13427734
 0.16601563
 0.18096924
 0.16784668
 0.12969971
 0.07690430
 0.01434326
-0.05767822
-0.13427734
-0.20446777
-0.25817871
-0.28930664
-0.29541016
-0.27526855
-0.22949219
-0.16021729
-0.07446289
 0.01708984
 0.10040283
 0.16052246
 0.19683838
 0.19409180
 0.15380859
 0.10803223
 0.07568359
 0.05218506
 0.03814697
 0.03875732
 0.05828857
 0.09796143
 0.15380859
 0.22277832
 0.31127930
 0.40100098
 0.47637939
 0.53771973
 0.57525635
 0.58258057
 0.55450439
 0.49743652
 0.42114258
 0.34210205
 0.27465820
 0.22705078
 0.20538330
 0.20782471
 0.23071289
 0.26794434
 0.31768799
 0.36041260
 0.39031982
 0.40679932
 0.40740967
 0.39489746
 0.36499023
 0.31524658
 0.25299072
 0.18096924
 0.10406494
 0.03265381
-0.02441406
-0.05767822
-0.06408691
-0.04577637
-0.00854492
 0.04302979
 0.10375977
 0.16693115
 0.22552490
 0.27221680
 0.29022217
 0.26428223
 0.20996094
 0.15411377
 0.10406494
 0.06134033
 0.03112793
 0.01800537
 0.02258301
 0.04425049
 0.07995605
 0.12481689
 0.17333984
 0.21881104
 0.24993896
 0.25329590
 0.22766113
 0.18829346
 0.14495850
 0.09399414
 0.03601074
-0.02380371
-0.07873535
-0.12329102
-0.15228271
-0.16510010
-0.16204834
-0.14648438
-0.12329102
-0.09948730
-0.08361816
-0.08483887
-0.10467529
-0.14038086
-0.18859863
-0.24475098
-0.29968262
-0.34851074
-0.38696289
-0.40527344
-0.40832520
-0.40069580
-0.38177490
-0.36193848
-0.34179688
-0.31890869
-0.29724121
-0.28259277
-0.27648926
-0.28137207
-0.29632568
-0.31707764
-0.34393311
-0.37078857
-0.39672852
-0.41320801
-0.41442871
-0.39947510
-0.36468506
-0.32135010
-0.27343750
-0.21667480
-0.16143799
-0.11352539
-0.07812500
-0.06286621
-0.06561279
-0.07293701
-0.07781982
-0.08209229
-0.08544922
-0.08544922
-0.07904053
-0.06439209
-0.04241943
-0.01708984
 0.00579834
 0.02258301
 0.03204346
 0.03540039
 0.03265381
 0.02105713
-0.00396729
-0.04058838
-0.08392334
-0.12847900
-0.16906738
-0.19866943
-0.21179199
-0.20690918
-0.18646240
-0.15441895
-0.11444092
-0.07110596
-0.03021240
 0.00091553
 0.01586914
 0.01739502
 0.01342773
 0.00885010
 0.00152588
-0.00885010
-0.01892090
-0.02532959
-0.02441406
-0.01251221
 0.01098633
 0.04486084
 0.08575439
 0.13000488
 0.17486572
 0.21697998
 0.25329590
 0.27893066
 0.29022217
 0.28656006
 0.27160645
 0.25054932
 0.23071289
 0.21728516
 0.21453857
 0.22338867
 0.24108887
 0.26367188
 0.28747559
 0.30975342
 0.32867432
 0.33721924
 0.33874512
 0.33447266
 0.32653809
 0.30883789
 0.28289795
 0.25268555
 0.21575928
 0.17517090
 0.13702393
 0.10711670
 0.08941650
 0.08483887
 0.09216309
 0.10620117
 0.12329102
 0.13977051
 0.15411377
 0.16418457
 0.16845703
 0.16357422
 0.14587402
 0.11596680
 0.07781982
 0.03662109
-0.00366211
-0.04028320
-0.07202148
-0.09887695
-0.11779785
-0.12756348
-0.12786865
-0.12115479
-0.10955811
-0.09704590
-0.08789063
-0.08422852
-0.08728027
-0.09490967
-0.10375977
-0.11230469
-0.12084961
-0.13061523
-0.14160156
-0.15350342
-0.16448975
-0.17211914
-0.17486572
-0.17028809
-0.15716553
-0.13671875
-0.11230469
-0.09063721
-0.07934570
-0.08483887
-0.10559082
-0.13275146
-0.16082764
-0.18341064
-0.19866943
-0.20629883
-0.20843506
-0.20629883
-0.20050049
-0.19104004
-0.17974854
-0.16693115
-0.15533447
-0.14739990
-0.14617920
-0.15167236
-0.15930176
-0.16723633
-0.17761230
-0.19256592
-0.21270752
-0.23254395
-0.24597168
-0.24871826
-0.23895264
-0.21667480
-0.18463135
-0.14892578
-0.11383057
-0.08483887
-0.06652832
-0.05981445
-0.06164551
-0.06958008
-0.08178711
-0.09490967
-0.10467529
-0.10986328
-0.10925293
-0.10314941
-0.09155273
-0.07659912
-0.05859375
-0.03906250
-0.02105713
-0.00854492
-0.00549316
-0.01159668
-0.02288818
-0.03448486
-0.04302979
-0.04913330
-0.05432129
-0.05859375
-0.06256104
-0.06286621
-0.05554199
-0.03692627
-0.00701904
 0.03265381
 0.07781982
 0.12451172
 0.16754150
 0.20080566
 0.21789551
 0.21972656
 0.21453857
 0.20843506
 0.20568848
 0.20843506
 0.21911621
 0.23651123
 0.25665283
 0.27465820
 0.28656006
 0.29113770
 0.29205322
 0.29388428
 0.29876709
 0.30426025
 0.30731201
 0.30792236
 0.30700684
 0.30395508
 0.29937744
 0.29418945
 0.28839111
 0.28198242
 0.27618408
 0.27313232
 0.27404785
 0.27832031
 0.28167725
 0.28076172
 0.27374268
 0.26214600
 0.24719238
 0.23040771
 0.21240234
 0.19287109
 0.17211914
 0.15014648
 0.12817383
 0.10772705
 0.08880615
 0.06958008
 0.04852295
 0.02593994
 0.00366211
-0.01770020
-0.03692627
-0.05340576
-0.06561279
-0.07476807
-0.08209229
-0.08850098
-0.09521484
-0.10040283
-0.10284424
-0.10284424
-0.10162354
-0.09979248
-0.09368896
-0.08056641
-0.05920410
-0.03082275
 0.00183105
 0.03692627
 0.07080078
 0.10040283
 0.12451172
 0.14373779
 0.15808105
 0.16540527
 0.16448975
 0.15777588
 0.14739990
 0.13519287
 0.12084961
 0.10375977
 0.08544922
 0.06866455
 0.05462646
 0.04364014
 0.03326416
 0.02227783
 0.00915527
-0.00915527
-0.03387451
-0.06469727
-0.09796143
-0.13092041
-0.16387939
-0.19744873
-0.23071289
-0.26062012
-0.28320313
-0.29663086
-0.29998779
-0.29510498
-0.28472900
-0.27191162
-0.25817871
-0.24536133
-0.23559570
-0.23101807
-0.23254395
-0.23925781
-0.24902344
-0.25848389
-0.26458740
-0.26580811
-0.26214600
-0.25329590
-0.23925781
-0.21820068
-0.18951416
-0.15563965
-0.11993408
-0.08789063
-0.06500244
-0.05493164
-0.05584717
-0.06286621
-0.07415771
-0.09094238
-0.11077881
-0.12847900
-0.13824463
-0.13702393
-0.12451172
-0.10223389
-0.07263184
-0.03845215
-0.00427246
 0.02593994
 0.04943848
 0.06530762
 0.07385254
 0.07507324
 0.06866455
 0.05645752
 0.03967285
 0.02075195
 0.00213623
-0.01342773
-0.02380371
-0.02746582
-0.02380371
-0.01281738
 0.00335693
 0.02075195
 0.03448486
 0.03936768
 0.03387451
 0.02014160
 0.00244141
-0.01678467
-0.03570557
-0.05371094
-0.06927490
-0.08056641
-0.08483887
-0.08209229
-0.07141113
-0.05462646
-0.03387451
-0.01098633
 0.01281738
 0.03570557
 0.05401611
 0.06530762
 0.06744385
 0.06225586
 0.05462646
 0.04821777
 0.04455566
 0.04486084
 0.04913330
 0.05737305
 0.06835938
 0.08239746
 0.10070801
 0.12298584
 0.14770508
 0.17211914
 0.19073486
 0.19989014
 0.19897461
 0.19042969
 0.17639160
 0.15930176
 0.14038086
 0.12207031
 0.10772705
 0.10009766
 0.09979248
 0.10528564
 0.11383057
 0.12298584
 0.13214111
 0.14221191
 0.15441895
 0.16815186
 0.18035889
 0.18676758
 0.18310547
 0.16754150
 0.14404297
 0.11657715
 0.09033203
 0.06805420
 0.05249023
 0.04608154
 0.04882813
 0.05981445
 0.07507324
 0.09063721
 0.10223389
 0.10681152
 0.10437012
 0.09643555
 0.08605957
 0.07415771
 0.06011963
 0.04455566
 0.02716064
 0.00793457
-0.01159668
-0.02685547
-0.03601074
-0.03936768
-0.03723145
-0.02990723
-0.01922607
-0.00885010
-0.00335693
-0.00823975
-0.02593994
-0.05584717
-0.09338379
-0.13214111
-0.16754150
-0.19592285
-0.21453857
-0.22277832
-0.22033691
-0.20874023
-0.18951416
-0.16540527
-0.13977051
-0.11535645
-0.09613037
-0.08392334
-0.08331299
-0.09490967
-0.11657715
-0.14404297
-0.17456055
-0.20568848
-0.23345947
-0.25421143
-0.26458740
-0.26367188
-0.25085449
-0.22766113
-0.19775391
-0.16601563
-0.13763428
-0.11901855
-0.11383057
-0.12207031
-0.13946533
-0.16387939
-0.19439697
-0.22644043
-0.25390625
-0.27099609
-0.27374268
-0.26184082
-0.23651123
-0.20080566
-0.15808105
-0.11138916
-0.06500244
-0.02410889
 0.00488281
 0.01495361
 0.00915527
-0.00152588
-0.01312256
-0.02624512
-0.03997803
-0.05004883
-0.05401611
-0.05004883
-0.03784180
-0.01770020
 0.00946045
 0.04119873
 0.07446289
 0.10406494
 0.12329102
 0.12664795
 0.11383057
 0.09033203
 0.06042480
 0.02746582
-0.00335693
-0.02624512
-0.03692627
-0.03326416
-0.01586914
 0.01190186
 0.04577637
 0.08087158
 0.11138916
 0.13397217
 0.14801025
 0.15533447
 0.15655518
 0.15197754
 0.14160156
 0.12634277
 0.11077881
 0.09796143
 0.09033203
 0.09063721
 0.10131836
 0.12298584
 0.15594482
 0.19744873
 0.24261475
 0.28533936
 0.31341553
 0.32287598
 0.31890869
 0.29876709
 0.27557373
 0.24841309
 0.21850586
 0.18951416
 0.16723633
 0.15533447
 0.15594482
 0.16723633
 0.18737793
 0.21392822
 0.24139404
 0.26519775
 0.27984619
 0.28167725
 0.27008057
 0.24810791
 0.21728516
 0.18066406
 0.14221191
 0.10742188
 0.07934570
 0.05889893
 0.04669189
 0.04272461
 0.04760742
 0.06195068
 0.08361816
 0.10894775
 0.13061523
 0.14251709
 0.13824463
 0.11810303
 0.08544922
 0.04516602
 0.00030518
-0.04394531
-0.08178711
-0.10711670
-0.11810303
-0.11444092
-0.09826660
-0.07415771
-0.04791260
-0.02471924
-0.00976563
-0.00518799
-0.01037598
-0.02319336
-0.04394531
-0.07293701
-0.10772705
-0.14404297
-0.17730713
-0.20324707
-0.22003174
-0.22369385
-0.21331787
-0.18981934
-0.15655518
-0.11779785
-0.07965088
-0.05004883
-0.03875732
-0.04882813
-0.07080078
-0.09521484
-0.12145996
-0.14953613
-0.17578125
-0.19531250
-0.20507813
-0.20294189
-0.18951416
-0.16632080
-0.13549805
-0.10162354
-0.06835938
-0.04058838
-0.02288818
-0.01831055
-0.02563477
-0.04180908
-0.06408691
-0.08880615
-0.11230469
-0.13000488
-0.13885498
-0.13793945
-0.12756348
-0.10833740
-0.08209229
-0.05187988
-0.02136230
 0.00579834
 0.02593994
 0.03692627
 0.03814697
 0.03082275
 0.01495361
-0.00732422
-0.03387451
-0.05981445
-0.07995605
-0.09033203
-0.08880615
-0.07537842
-0.05279541
-0.02410889
 0.00610352
 0.03387451
 0.05432129
 0.06256104
 0.05889893
 0.04608154
 0.02716064
 0.00366211
-0.02258301
-0.04547119
-0.06164551
-0.06958008
-0.06713867
-0.05493164
-0.03387451
-0.00671387
 0.02441406
 0.05645752
 0.08697510
 0.11260986
 0.12908936
 0.13366699
 0.12664795
 0.11077881
 0.08850098
 0.06439209
 0.04364014
 0.03021240
 0.02655029
 0.03356934
 0.05004883
 0.07415771
 0.10253906
 0.13122559
 0.15655518
 0.17486572
 0.18341064
 0.18066406
 0.16906738
 0.14953613
 0.12451172
 0.09582520
 0.06805420
 0.04394531
 0.02624512
 0.01586914
 0.01342773
 0.01831055
 0.03021240
 0.04699707
 0.06652832
 0.08453369
 0.09643555
 0.09674072
 0.08392334
 0.05981445
 0.02838135
-0.00518799
-0.03753662
-0.06591797
-0.08819580
-0.10314941
-0.11108398
-0.11199951
-0.10528564
-0.09277344
-0.07659912
-0.05950928
-0.04486084
-0.03631592
-0.03631592
-0.04455566
-0.05798340
-0.07385254
-0.09124756
-0.10711670
-0.11901855
-0.12390137
-0.12176514
-0.11230469
-0.09552002
-0.07324219
-0.04852295
-0.02349854
-0.00152588
 0.01403809
 0.01983643
 0.01586914
 0.00457764
-0.01129150
-0.02990723
-0.04882813
-0.06652832
-0.08087158
-0.09033203
-0.09185791
-0.08300781
-0.06408691
-0.03784180
-0.00793457
 0.02197266
 0.04730225
 0.06347656
 0.06805420
 0.06347656
 0.05187988
 0.03417969
 0.01159668
-0.01373291
-0.03662109
-0.05279541
-0.06042480
-0.05950928
-0.05218506
-0.04058838
-0.02655029
-0.01190186
 0.00030518
 0.00671387
 0.00518799
-0.00518799
-0.02349854
-0.04791260
-0.07598877
-0.10559082
-0.13366699
-0.15655518
-0.17181396
-0.17639160
-0.16967773
-0.15350342
-0.13000488
-0.10345459
-0.07690430
-0.05523682
-0.04150391
-0.03601074
-0.03784180
-0.04577637
-0.05767822
-0.07110596
-0.08209229
-0.08575439
-0.08056641
-0.06652832
-0.04516602
-0.01922607
 0.00854492
 0.03509521
 0.05798340
 0.07598877
 0.08789063
 0.09277344
 0.08728027
 0.07171631
 0.04760742
 0.01800537
-0.01281738
-0.04150391
-0.06347656
-0.07537842
-0.07537842
-0.06469727
-0.04486084
-0.01800537
 0.01098633
 0.03723145
 0.05767822
 0.06896973
 0.07171631
 0.06713867
 0.05645752
 0.04089355
 0.02410889
 0.00915527
-0.00122070
-0.00427246
-0.00030518
 0.01037598
 0.02777100
 0.05004883
 0.07415771
 0.09582520
 0.11260986
 0.12115479
 0.11962891
 0.10925293
 0.09185791
 0.07080078
 0.04943848
 0.02929688
 0.01098633
-0.00335693
-0.01159668
-0.01159668
-0.00244141
 0.01495361
 0.03814697
 0.06317139
 0.08728027
 0.10711670
 0.12115479
 0.12969971
 0.13214111
 0.12603760
 0.11108398
 0.08850098
 0.06561279
 0.05371094
 0.06072998
 0.08392334
 0.11535645
 0.14404297
 0.16113281
 0.16143799
 0.15075684
 0.14129639
 0.14251709
 0.15350342
 0.15960693
 0.14739990
 0.11932373
 0.09490967
 0.08178711
 0.07202148
 0.05615234
 0.03112793
 0.00823975
 0.00091553
 0.01129150
 0.03631592
 0.07080078
 0.10498047
 0.12725830
 0.13000488
 0.12603760
 0.13031006
 0.13641357
 0.13000488
 0.10742188
 0.08300781
 0.07476807
 0.08392334
 0.09765625
 0.10009766
 0.08148193
 0.05065918
 0.02929688
 0.03021240
 0.04974365
 0.07507324
 0.08789063
 0.06774902
 0.01983643
-0.02197266
-0.04425049
-0.05798340
-0.07537842
-0.10314941
-0.13427734
-0.15716553
-0.16571045
-0.15991211
-0.14373779
-0.12481689
-0.11291504
-0.11413574
-0.12115479
-0.12542725
-0.12756348
-0.13122559
-0.13824463
-0.14526367
-0.14709473
-0.14404297
-0.14099121
-0.14068604
-0.14221191
-0.14465332
-0.14617920
-0.14099121
-0.12603760
-0.10559082
-0.08880615
-0.08331299
-0.09185791
-0.10864258
-0.12451172
-0.13824463
-0.15441895
-0.17242432
-0.18707275
-0.19561768
-0.19714355
-0.19073486
-0.17761230
-0.16021729
-0.14495850
-0.13488770
-0.12847900
-0.12084961
-0.10772705
-0.08911133
-0.07110596
-0.05798340
-0.05035400
-0.04638672
-0.04486084
-0.04394531
-0.04302979
-0.04272461
-0.03997803
-0.03082275
-0.01434326
 0.00457764
 0.01922607
 0.02655029
 0.02655029
 0.02014160
 0.01342773
 0.00823975
 0.00335693
-0.00213623
-0.00640869
-0.00793457
-0.00640869
-0.00183105
 0.00427246
 0.00915527
 0.01281738
 0.01708984
 0.02258301
 0.03112793
 0.04516602
 0.06439209
 0.08514404
 0.10498047
 0.12145996
 0.13427734
 0.14282227
 0.14923096
 0.15472412
 0.16052246
 0.16815186
 0.17761230
 0.18585205
 0.18981934
 0.18859863
 0.18188477
 0.17120361
 0.16021729
 0.15228271
 0.14953613
 0.15228271
 0.16021729
 0.16815186
 0.17028809
 0.16448975
 0.15167236
 0.13580322
 0.11840820
 0.10192871
 0.08789063
 0.07751465
 0.07049561
 0.06805420
 0.06927490
 0.07263184
 0.07507324
 0.07629395
 0.07659912
 0.07568359
 0.07415771
 0.07293701
 0.07080078
 0.06622314
 0.05767822
 0.04486084
 0.02807617
 0.00976563
-0.00762939
-0.02410889
-0.03784180
-0.04730225
-0.05340576
-0.05706787
-0.05859375
-0.05950928
-0.06256104
-0.06835938
-0.07415771
-0.07873535
-0.08392334
-0.08972168
-0.09521484
-0.09918213
-0.10223389
-0.10498047
-0.10894775
-0.11230469
-0.11230469
-0.10650635
-0.09582520
-0.08331299
-0.07263184
-0.06652832
-0.06500244
-0.06469727
-0.06347656
-0.06042480
-0.05584717
-0.05432129
-0.05828857
-0.06683350
-0.07537842
-0.08148193
-0.08453369
-0.08544922
-0.08544922
-0.08361816
-0.07965088
-0.07324219
-0.06713867
-0.06286621
-0.06286621
-0.06805420
-0.07904053
-0.09338379
-0.10681152
-0.11505127
-0.11718750
-0.11413574
-0.10772705
-0.09918213
-0.08972168
-0.08087158
-0.07385254
-0.06805420
-0.06256104
-0.05737305
-0.05310059
-0.05096436
-0.05249023
-0.05767822
-0.06561279
-0.07476807
-0.08148193
-0.08453369
-0.08239746
-0.07537842
-0.06378174
-0.05096436
-0.03967285
-0.03112793
-0.02471924
-0.01922607
-0.01464844
-0.01190186
-0.01220703
-0.01678467
-0.02349854
-0.02838135
-0.02868652
-0.02380371
-0.01373291
-0.00030518
 0.01495361
 0.03173828
 0.04974365
 0.06744385
 0.08331299
 0.09429932
 0.09887695
 0.09582520
 0.08880615
 0.08026123
 0.07263184
 0.06591797
 0.05981445
 0.05493164
 0.05157471
 0.05065918
 0.05340576
 0.05920410
 0.06622314
 0.07293701
 0.07873535
 0.08209229
 0.08209229
 0.07873535
 0.07110596
 0.05828857
 0.04241943
 0.02593994
 0.01312256
 0.00732422
 0.00885010
 0.01586914
 0.02532959
 0.03448486
 0.04272461
 0.05065918
 0.05950928
 0.06774902
 0.07385254
 0.07537842
 0.07171631
 0.06378174
 0.05401611
 0.04394531
 0.03448486
 0.02563477
 0.01983643
 0.01647949
 0.01678467
 0.02044678
 0.02655029
 0.03326416
 0.04028320
 0.04516602
 0.04852295
 0.04913330
 0.04608154
 0.03967285
 0.02990723
 0.01861572
 0.00885010
 0.00366211
 0.00488281
 0.01220703
 0.02380371
 0.03814697
 0.05279541
 0.06622314
 0.07781982
 0.08819580
 0.09643555
 0.10223389
 0.10406494
 0.10070801
 0.09429932
 0.08544922
 0.07690430
 0.06896973
 0.06225586
 0.05737305
 0.05554199
 0.05584717
 0.05859375
 0.06225586
 0.06439209
 0.06317139
 0.05737305
 0.04760742
 0.03570557
 0.02288818
 0.01037598
-0.00091553
-0.01007080
-0.01708984
-0.02197266
-0.02410889
-0.02380371
-0.02105713
-0.01678467
-0.01159668
-0.00579834
-0.00152588
 0.00030518
-0.00183105
-0.00793457
-0.01800537
-0.02929688
-0.04089355
-0.05126953
-0.05920410
-0.06347656
-0.06378174
-0.06225586
-0.05981445
-0.05737305
-0.05615234
-0.05676270
-0.05950928
-0.06408691
-0.07141113
-0.08117676
-0.09155273
-0.10223389
-0.11260986
-0.12145996
-0.12695313
-0.12786865
-0.12420654
-0.11505127
-0.10131836
-0.08575439
-0.06896973
-0.05371094
-0.04211426
-0.03479004
-0.03112793
-0.03021240
-0.03051758
-0.03173828
-0.03479004
-0.03967285
-0.04669189
-0.05493164
-0.06286621
-0.06866455
-0.07141113
-0.07141113
-0.06896973
-0.06530762
-0.06164551
-0.05859375
-0.05615234
-0.05584717
-0.05767822
-0.06134033
-0.06561279
-0.06805420
-0.06805420
-0.06561279
-0.06164551
-0.05554199
-0.04821777
-0.03967285
-0.02990723
-0.01892090
-0.00640869
 0.00671387
 0.01922607
 0.03051758
 0.04089355
 0.05035400
 0.05828857
 0.06378174
 0.06652832
 0.06713867
 0.06744385
 0.06927490
 0.07293701
 0.07751465
 0.08148193
 0.08483887
 0.08666992
 0.08880615
 0.09002686
 0.09124756
 0.09124756
 0.08941650
 0.08544922
 0.08056641
 0.07568359
 0.07171631
 0.06805420
 0.06500244
 0.06286621
 0.06256104
 0.06408691
 0.06835938
 0.07507324
 0.08300781
 0.09094238
 0.09704590
 0.10009766
 0.10101318
 0.10009766
 0.09826660
 0.09552002
 0.09155273
 0.08605957
 0.07965088
 0.07263184
 0.06591797
 0.05981445
 0.05523682
 0.05187988
 0.04913330
 0.04791260
 0.04821777
 0.04943848
 0.05065918
 0.05096436
 0.04974365
 0.04730225
 0.04333496
 0.03784180
 0.03173828
 0.02624512
 0.02136230
 0.01647949
 0.01281738
 0.00976563
 0.00854492
 0.00823975
 0.00732422
 0.00549316
 0.00274658
 0.00061035
-0.00183105
-0.00640869
-0.01342773
-0.02349854
-0.03631592
-0.05065918
-0.06378174
-0.07415771
-0.08117676
-0.08514404
-0.08819580
-0.09124756
-0.09368896
-0.09613037
-0.09918213
-0.10284424
-0.10833740
-0.11627197
-0.12664795
-0.13854980
-0.15075684
-0.16296387
-0.17333984
-0.18096924
-0.18463135
-0.18371582
-0.17822266
-0.17028809
-0.16021729
-0.14831543
-0.13580322
-0.12390137
-0.11383057
-0.10650635
-0.10284424
-0.10284424
-0.10528564
-0.10986328
-0.11505127
-0.11932373
-0.12084961
-0.11901855
-0.11474609
-0.10833740
-0.10040283
-0.09063721
-0.07904053
-0.06591797
-0.05279541
-0.04150391
-0.03295898
-0.02746582
-0.02471924
-0.02441406
-0.02471924
-0.02502441
-0.02410889
-0.02044678
-0.01373291
-0.00457764
 0.00640869
 0.01800537
 0.02899170
 0.03814697
 0.04547119
 0.05157471
 0.05645752
 0.05859375
 0.05859375
 0.05584717
 0.05187988
 0.04821777
 0.04577637
 0.04608154
 0.04882813
 0.05340576
 0.05981445
 0.06652832
 0.07324219
 0.07995605
 0.08575439
 0.08972168
 0.09124756
 0.09124756
 0.08941650
 0.08697510
 0.08483887
 0.08331299
 0.08239746
 0.08239746
 0.08392334
 0.08758545
 0.09368896
 0.10162354
 0.11077881
 0.11962891
 0.12756348
 0.13275146
 0.13336182
 0.12969971
 0.12237549
 0.11230469
 0.10192871
 0.09307861
 0.08636475
 0.08209229
 0.07995605
 0.07873535
 0.07812500
 0.07843018
 0.07965088
 0.08117676
 0.08178711
 0.08087158
 0.07751465
 0.07049561
 0.06011963
 0.04730225
 0.03417969
 0.02136230
 0.01129150
 0.00549316
 0.00427246
 0.00640869
 0.01098633
 0.01617432
 0.02014160
 0.02197266
 0.02075195
 0.01586914
 0.00885010
 0.00030518
-0.00885010
-0.01831055
-0.02838135
-0.03906250
-0.04943848
-0.05859375
-0.06561279
-0.07019043
-0.07171631
-0.06927490
-0.06408691
-0.05737305
-0.05126953
-0.04760742
-0.04760742
-0.05035400
-0.05523682
-0.06042480
-0.06439209
-0.06622314
-0.06530762
-0.06164551
-0.05584717
-0.04852295
-0.03997803
-0.03112793
-0.02288818
-0.01495361
-0.00762939
-0.00213623
 0.00091553
 0.00091553
-0.00366211
-0.01251221
-0.02319336
-0.03387451
-0.04211426
-0.04669189
-0.04791260
-0.04638672
-0.04364014
-0.03967285
-0.03448486
-0.02807617
-0.02105713
-0.01464844
-0.00946045
-0.00640869
-0.00640869
-0.00885010
-0.01281738
-0.01678467
-0.01892090
-0.01861572
-0.01617432
-0.01129150
-0.00457764
 0.00396729
 0.01342773
 0.02380371
 0.03356934
 0.04150391
 0.04638672
 0.04669189
 0.04333496
 0.03723145
 0.03082275
 0.02502441
 0.02075195
 0.01831055
 0.01739502
 0.01770020
 0.01892090
 0.02075195
 0.02380371
 0.02746582
 0.03082275
 0.03387451
 0.03540039
 0.03509521
 0.03234863
 0.02685547
 0.01922607
 0.01159668
 0.00457764
-0.00061035
-0.00366211
-0.00396729
-0.00122070
 0.00335693
 0.01007080
 0.01770020
 0.02593994
 0.03265381
 0.03723145
 0.03845215
 0.03692627
 0.03326416
 0.02807617
 0.02288818
 0.01678467
 0.01007080
 0.00335693
-0.00274658
-0.00732422
-0.01007080
-0.01068115
-0.00976563
-0.00671387
-0.00366211
-0.00091553
 0.00030518
 0.00000000
-0.00274658
-0.00732422
-0.01220703
-0.01678467
-0.02105713
-0.02471924
-0.02746582
-0.02838135
-0.02746582
-0.02502441
-0.02105713
-0.01647949
-0.01159668
-0.00701904
-0.00305176
-0.00091553
-0.00061035
-0.00152588
-0.00427246
-0.00915527
-0.01617432
-0.02380371
-0.03112793
-0.03631592
-0.03967285
-0.04028320
-0.03845215
-0.03479004
-0.03021240
-0.02563477
-0.02166748
-0.01831055
-0.01586914
-0.01495361
-0.01525879
-0.01647949
-0.01800537
-0.01922607
-0.01983643
-0.01861572
-0.01556396
-0.01007080
-0.00244141
 0.00701904
 0.01800537
 0.02960205
 0.03967285
 0.04760742
 0.05249023
 0.05493164
 0.05432129
 0.05065918
 0.04486084
 0.03784180
 0.03051758
 0.02471924
 0.02044678
 0.01892090
 0.01953125
 0.02166748
 0.02380371
 0.02471924
 0.02380371
 0.02166748
 0.01800537
 0.01251221
 0.00549316
-0.00305176
-0.01190186
-0.02014160
-0.02624512
-0.02929688
-0.03021240
-0.02990723
-0.02929688
-0.02777100
-0.02471924
-0.02075195
-0.01556396
-0.01068115
-0.00671387
-0.00579834
-0.00762939
-0.01098633
-0.01525879
-0.01892090
-0.02166748
-0.02319336
-0.02410889
-0.02380371
-0.02227783
-0.02136230
-0.02166748
-0.02471924
-0.02990723
-0.03570557
-0.04089355
-0.04547119
-0.04974365
-0.05401611
-0.05737305
-0.05950928
-0.05920410
-0.05676270
-0.05279541
-0.04882813
-0.04516602
-0.04119873
-0.03784180
-0.03448486
-0.03112793
-0.02868652
-0.02777100
-0.02899170
-0.03143311
-0.03356934
-0.03417969
-0.03326416
-0.03051758
-0.02716064
-0.02410889
-0.02227783
-0.02227783
-0.02410889
-0.02777100
-0.03265381
-0.03814697
-0.04333496
-0.04821777
-0.05218506
-0.05493164
-0.05584717
-0.05493164
-0.05096436
-0.04425049
-0.03570557
-0.02685547
-0.01922607
-0.01373291
-0.01007080
-0.00793457
-0.00732422
-0.00823975
-0.00946045
-0.01098633
-0.01159668
-0.01129150
-0.00823975
-0.00213623
 0.00671387
 0.01831055
 0.03143311
 0.04455566
 0.05554199
 0.06286621
 0.06561279
 0.06408691
 0.05920410
 0.05249023
 0.04364014
 0.03356934
 0.02349854
 0.01464844
 0.00946045
 0.00732422
 0.00946045
 0.01556396
 0.02471924
 0.03509521
 0.04516602
 0.05340576
 0.05950928
 0.06286621
 0.06286621
 0.05859375
 0.05096436
 0.04150391
 0.03234863
 0.02532959
 0.02166748
 0.02258301
 0.02746582
 0.03631592
 0.04791260
 0.05950928
 0.06958008
 0.07598877
 0.07873535
 0.07690430
 0.07202148
 0.06317139
 0.05096436
 0.03601074
 0.02105713
 0.00762939
-0.00152588
-0.00610352
-0.00549316
-0.00061035
 0.00854492
 0.01983643
 0.03082275
 0.04089355
 0.04821777
 0.05126953
 0.04974365
 0.04364014
 0.03326416
 0.02044678
 0.00732422
-0.00457764
-0.01281738
-0.01739502
-0.01678467
-0.01281738
-0.00549316
 0.00488281
 0.01556396
 0.02471924
 0.03082275
 0.03173828
 0.02777100
 0.01831055
 0.00427246
-0.01251221
-0.03051758
-0.04760742
-0.06134033
-0.07141113
-0.07598877
-0.07537842
-0.06988525
-0.06103516
-0.04974365
-0.03814697
-0.02777100
-0.02105713
-0.01953125
-0.02319336
-0.02990723
-0.03906250
-0.04882813
-0.05767822
-0.06439209
-0.06774902
-0.06683350
-0.06195068
-0.05218506
-0.03906250
-0.02410889
-0.00854492
 0.00610352
 0.01739502
 0.02441406
 0.02624512
 0.02288818
 0.01586914
 0.00640869
-0.00335693
-0.01159668
-0.01739502
-0.01953125
-0.01647949
-0.00885010
 0.00274658
 0.01647949
 0.03082275
 0.04425049
 0.05462646
 0.06103516
 0.06286621
 0.06011963
 0.05310059
 0.04364014
 0.03326416
 0.02380371
 0.01647949
 0.01281738
 0.01312256
 0.01708984
 0.02349854
 0.03204346
 0.04150391
 0.05035400
 0.05737305
 0.06134033
 0.06103516
 0.05584717
 0.04638672
 0.03448486
 0.02166748
 0.01007080
 0.00152588
-0.00335693
-0.00366211
 0.00000000
 0.00610352
 0.01434326
 0.02410889
 0.03356934
 0.04150391
 0.04699707
 0.04974365
 0.05004883
 0.04760742
 0.04364014
 0.03845215
 0.03387451
 0.03021240
 0.02929688
 0.03082275
 0.03448486
 0.04119873
 0.04974365
 0.05889893
 0.06744385
 0.07354736
 0.07537842
 0.07141113
 0.06256104
 0.05065918
 0.03784180
 0.02563477
 0.01403809
 0.00366211
-0.00549316
-0.01281738
-0.01739502
-0.01922607
-0.01800537
-0.01464844
-0.00976563
-0.00518799
-0.00152588
-0.00122070
-0.00427246
-0.01068115
-0.01953125
-0.03021240
-0.04058838
-0.04943848
-0.05554199
-0.05889893
-0.05981445
-0.05889893
-0.05554199
-0.05035400
-0.04394531
-0.03692627
-0.03021240
-0.02502441
-0.02288818
-0.02380371
-0.02838135
-0.03631592
-0.04669189
-0.05767822
-0.06835938
-0.07598877
-0.08087158
-0.08239746
-0.08087158
-0.07751465
-0.07263184
-0.06774902
-0.06378174
-0.05950928
-0.05523682
-0.05126953
-0.04791260
-0.04608154
-0.04577637
-0.04699707
-0.04791260
-0.04821777
-0.04699707
-0.04364014
-0.03723145
-0.02868652
-0.01861572
-0.00885010
-0.00152588
 0.00213623
 0.00244141
-0.00091553
-0.00640869
-0.01281738
-0.02014160
-0.02746582
-0.03417969
-0.03997803
-0.04425049
-0.04608154
-0.04516602
-0.04241943
-0.03814697
-0.03326416
-0.02929688
-0.02532959
-0.02197266
-0.01922607
-0.01739502
-0.01739502
-0.01831055
-0.01770020
-0.01525879
-0.01037598
-0.00274658
 0.00671387
 0.01647949
 0.02563477
 0.03326416
 0.03875732
 0.04211426
 0.04333496
 0.04272461
 0.04119873
 0.03936768
 0.03723145
 0.03540039
 0.03326416
 0.03021240
 0.02746582
 0.02593994
 0.02593994
 0.02716064
 0.02868652
 0.03021240
 0.02990723
 0.02716064
 0.02258301
 0.01770020
 0.01342773
 0.00915527
 0.00549316
 0.00183105
-0.00244141
-0.00579834
-0.00701904
-0.00579834
-0.00274658
 0.00122070
 0.00518799
 0.00976563
 0.01373291
 0.01647949
 0.01739502
 0.01617432
 0.01220703
 0.00732422
 0.00213623
-0.00274658
-0.00671387
-0.00946045
-0.01098633
-0.01129150
-0.01068115
-0.01007080
-0.00946045
-0.01007080
-0.01129150
-0.01281738
-0.01342773
-0.01312256
-0.01251221
-0.01129150
-0.01098633
-0.01159668
-0.01251221
-0.01373291
-0.01312256
-0.01098633
-0.00732422
-0.00213623
 0.00366211
 0.00854492
 0.01373291
 0.01739502
 0.02014160
 0.02136230
 0.02136230
 0.02136230
 0.02105713
 0.02105713
 0.02105713
 0.02105713
 0.02075195
 0.02014160
 0.01953125
 0.01861572
 0.01739502
 0.01617432
 0.01556396
 0.01434326
 0.01342773
 0.01342773
 0.01281738
 0.01037598
 0.00579834
 0.00152588
-0.00244141
-0.00518799
-0.00671387
-0.00671387
-0.00488281
-0.00213623
 0.00122070
 0.00427246
 0.00732422
 0.00976563
 0.01159668
 0.01281738
 0.01251221
 0.01068115
 0.00823975
 0.00610352
 0.00396729
 0.00244141
 0.00213623
 0.00244141
 0.00366211
 0.00549316
 0.00793457
 0.01098633
 0.01373291
 0.01617432
 0.01831055
 0.01922607
 0.01831055
 0.01403809
 0.00762939
 0.00030518
-0.00579834
-0.00976563
-0.01098633
-0.00885010
-0.00427246
 0.00244141
 0.00946045
 0.01617432
 0.02136230
 0.02471924
 0.02563477
 0.02441406
 0.02136230
 0.01647949
 0.01098633
 0.00457764
-0.00213623
-0.00823975
-0.01251221
-0.01403809
-0.01403809
-0.01190186
-0.00732422
-0.00122070
 0.00488281
 0.00976563
 0.01159668
 0.01037598
 0.00610352
 0.00091553
-0.00579834
-0.01281738
-0.01922607
-0.02410889
-0.02685547
-0.02746582
-0.02532959
-0.02166748
-0.01617432
-0.01007080
-0.00396729
 0.00122070
 0.00396729
 0.00488281
 0.00366211
 0.00000000
-0.00579834
-0.01342773
-0.02014160
-0.02471924
-0.02716064
-0.02777100
-0.02655029
-0.02441406
-0.02136230
-0.01770020
-0.01281738
-0.00793457
-0.00366211
-0.00091553
 0.00061035
 0.00030518
-0.00122070
-0.00366211
-0.00549316
-0.00549316
-0.00305176
 0.00152588
 0.00793457
 0.01647949
 0.02532959
 0.03417969
 0.04150391
 0.04791260
 0.05218506
 0.05340576
 0.05249023
 0.04974365
 0.04638672
 0.04333496
 0.04150391
 0.04058838
 0.04089355
 0.04150391
 0.04272461
 0.04486084
 0.04791260
 0.05187988
 0.05554199
 0.05859375
 0.06011963
 0.05950928
 0.05615234
 0.04943848
 0.04119873
 0.03295898
 0.02624512
 0.02166748
 0.02014160
 0.02044678
 0.02288818
 0.02593994
 0.02960205
 0.03326416
 0.03601074
 0.03784180
 0.03692627
 0.03387451
 0.02838135
 0.02166748
 0.01403809
 0.00610352
-0.00152588
-0.00854492
-0.01495361
-0.02136230
-0.02624512
-0.02838135
-0.02716064
-0.02410889
-0.01953125
-0.01464844
-0.01220703
-0.01190186
-0.01434326
-0.01892090
-0.02502441
-0.03173828
-0.03906250
-0.04577637
-0.05065918
-0.05279541
-0.05310059
-0.05096436
-0.04730225
-0.04302979
-0.03753662
-0.03173828
-0.02655029
-0.02349854
-0.02380371
-0.02746582
-0.03417969
-0.04211426
-0.05065918
-0.05889893
-0.06591797
-0.07141113
-0.07415771
-0.07385254
-0.07110596
-0.06591797
-0.06011963
-0.05493164
-0.05187988
-0.05126953
-0.05279541
-0.05554199
-0.05981445
-0.06561279
-0.07171631
-0.07690430
-0.08026123
-0.08148193
-0.08026123
-0.07598877
-0.06896973
-0.05920410
-0.04821777
-0.03723145
-0.02838135
-0.02227783
-0.01892090
-0.01770020
-0.01922607
-0.02136230
-0.02471924
-0.02777100
-0.02960205
-0.02929688
-0.02655029
-0.02197266
-0.01525879
-0.00732422
 0.00122070
 0.00976563
 0.01770020
 0.02410889
 0.02807617
 0.03021240
 0.03112793
 0.03082275
 0.02899170
 0.02655029
 0.02471924
 0.02410889
 0.02593994
 0.03051758
 0.03662109
 0.04364014
 0.05096436
 0.05798340
 0.06317139
 0.06713867
 0.06927490
 0.06896973
 0.06530762
 0.05950928
 0.05218506
 0.04455566
 0.03631592
 0.03021240
 0.02716064
 0.02716064
 0.02990723
 0.03448486
 0.03997803
 0.04547119
 0.05035400
 0.05401611
 0.05554199
 0.05493164
 0.05218506
 0.04821777
 0.04272461
 0.03631592
 0.03021240
 0.02563477
 0.02319336
 0.02319336
 0.02532959
 0.02929688
 0.03479004
 0.04119873
 0.04669189
 0.05065918
 0.05218506
 0.05065918
 0.04669189
 0.04028320
 0.03173828
 0.02227783
 0.01342773
 0.00610352
 0.00183105
 0.00000000
 0.00000000
 0.00152588
 0.00457764
 0.00946045
 0.01434326
 0.01800537
 0.01922607
 0.01678467
 0.01159668
 0.00427246
-0.00457764
-0.01495361
-0.02502441
-0.03295898
-0.03906250
-0.04302979
-0.04455566
-0.04333496
-0.03936768
-0.03448486
-0.02868652
-0.02410889
-0.02166748
-0.02197266
-0.02502441
-0.03143311
-0.03997803
-0.04913330
-0.05798340
-0.06530762
-0.06958008
-0.07141113
-0.07049561
-0.06683350
-0.06134033
-0.05401611
-0.04608154
-0.03845215
-0.03234863
-0.02807617
-0.02655029
-0.02807617
-0.03173828
-0.03601074
-0.04028320
-0.04333496
-0.04516602
-0.04486084
-0.04241943
-0.03723145
-0.03021240
-0.02197266
-0.01342773
-0.00549316
 0.00183105
 0.00762939
 0.01190186
 0.01312256
 0.01190186
 0.00854492
 0.00396729
-0.00122070
-0.00579834
-0.00885010
-0.01007080
-0.00854492
-0.00457764
 0.00061035
 0.00671387
 0.01281738
 0.01892090
 0.02380371
 0.02593994
 0.02593994
 0.02441406
 0.02166748
 0.01800537
 0.01403809
 0.01068115
 0.00823975
 0.00701904
 0.00823975
 0.01159668
 0.01708984
 0.02319336
 0.02990723
 0.03631592
 0.04180908
 0.04486084
 0.04516602
 0.04302979
 0.03875732
 0.03356934
 0.02868652
 0.02410889
 0.02075195
 0.01861572
 0.01831055
 0.02014160
 0.02471924
 0.03051758
 0.03692627
 0.04333496
 0.04913330
 0.05279541
 0.05371094
 0.05157471
 0.04699707
 0.04089355
 0.03356934
 0.02593994
 0.01831055
 0.01281738
 0.00946045
 0.00854492
 0.00976563
 0.01190186
 0.01556396
 0.01922607
 0.02288818
 0.02502441
 0.02532959
 0.02319336
 0.01800537
 0.01068115
 0.00152588
-0.00762939
-0.01525879
-0.02105713
-0.02471924
-0.02563477
-0.02410889
-0.02044678
-0.01556396
-0.01007080
-0.00488281
-0.00122070
 0.00152588
 0.00213623
 0.00122070
-0.00091553
-0.00396729
-0.00793457
-0.01220703
-0.01556396
-0.01708984
-0.01770020
-0.01586914
-0.01312256
-0.00915527
-0.00488281
-0.00091553
 0.00183105
 0.00366211
 0.00366211
 0.00213623
-0.00122070
-0.00610352
-0.01129150
-0.01525879
-0.01800537
-0.01953125
-0.01861572
-0.01617432
-0.01281738
-0.00915527
-0.00549316
-0.00305176
-0.00152588
-0.00091553
-0.00122070
-0.00213623
-0.00396729
-0.00610352
-0.00854492
-0.00946045
-0.00946045
-0.00885010
-0.00762939
-0.00610352
-0.00427246
-0.00274658
-0.00091553
 0.00091553
 0.00152588
 0.00152588
 0.00000000
-0.00244141
-0.00610352
-0.01007080
-0.01312256
-0.01525879
-0.01617432
-0.01495361
-0.01220703
-0.00762939
-0.00244141
 0.00244141
 0.00610352
 0.00946045
 0.01251221
 0.01464844
 0.01617432
 0.01617432
 0.01525879
 0.01312256
 0.01037598
 0.00732422
 0.00457764
 0.00274658
 0.00183105
 0.00213623
 0.00366211
 0.00610352
 0.00946045
 0.01342773
 0.01647949
 0.01739502
 0.01678467
 0.01464844
 0.01098633
 0.00701904
 0.00244141
-0.00244141
-0.00701904
-0.01129150
-0.01464844
-0.01678467
-0.01861572
-0.01953125
-0.02014160
-0.01983643
-0.01953125
-0.01831055
-0.01708984
-0.01739502
-0.01922607
-0.02166748
-0.02471924
-0.02777100
-0.03082275
-0.03295898
-0.03448486
-0.03509521
-0.03570557
-0.03509521
-0.03387451
-0.03204346
-0.02960205
-0.02685547
-0.02441406
-0.02166748
-0.01892090
-0.01739502
-0.01678467
-0.01678467
-0.01739502
-0.01831055
-0.01953125
-0.02044678
-0.02166748
-0.02349854
-0.02471924
-0.02532959
-0.02563477
-0.02502441
-0.02288818
-0.01983643
-0.01647949
-0.01251221
-0.00823975
-0.00518799
-0.00366211
-0.00366211
-0.00366211
-0.00396729
-0.00366211
-0.00274658
-0.00091553
 0.00183105
 0.00518799
 0.00885010
 0.01281738
 0.01617432
 0.01953125
 0.02197266
 0.02410889
 0.02624512
 0.02746582
 0.02716064
 0.02502441
 0.02136230
 0.01739502
 0.01312256
 0.00976563
 0.00823975
 0.00885010
 0.01129150
 0.01464844
 0.01861572
 0.02288818
 0.02624512
 0.02746582
 0.02716064
 0.02593994
 0.02441406
 0.02227783
 0.01892090
 0.01464844
 0.01007080
 0.00579834
 0.00244141
 0.00091553
 0.00152588
 0.00396729
 0.00823975
 0.01342773
 0.01861572
 0.02258301
 0.02502441
 0.02532959
 0.02380371
 0.02044678
 0.01586914
 0.01068115
 0.00640869
 0.00335693
 0.00152588
 0.00061035
 0.00061035
 0.00152588
 0.00335693
 0.00610352
 0.01007080
 0.01464844
 0.01861572
 0.02136230
 0.02166748
 0.01861572
 0.01403809
 0.00793457
 0.00061035
-0.00640869
-0.01220703
-0.01586914
-0.01739502
-0.01647949
-0.01403809
-0.01068115
-0.00640869
-0.00183105
 0.00183105
 0.00457764
 0.00579834
 0.00549316
 0.00366211
 0.00000000
-0.00457764
-0.00976563
-0.01495361
-0.01953125
-0.02197266
-0.02227783
-0.02014160
-0.01556396
-0.00915527
-0.00183105
 0.00427246
 0.00732422
 0.00762939
 0.00488281
 0.00061035
-0.00396729
-0.00885010
-0.01434326
-0.01983643
-0.02471924
-0.02807617
-0.02990723
-0.02990723
-0.02777100
-0.02349854
-0.01739502
-0.01098633
-0.00488281
 0.00030518
 0.00366211
 0.00549316
 0.00518799
 0.00335693
 0.00061035
-0.00213623
-0.00396729
-0.00427246
-0.00366211
-0.00152588
 0.00244141
 0.00793457
 0.01464844
 0.02136230
 0.02746582
 0.03204346
 0.03540039
 0.03723145
 0.03753662
 0.03509521
 0.03021240
 0.02349854
 0.01739502
 0.01220703
 0.00823975
 0.00640869
 0.00732422
 0.00976563
 0.01434326
 0.01922607
 0.02410889
 0.02746582
 0.02990723
 0.03082275
 0.03051758
 0.02929688
 0.02655029
 0.02258301
 0.01739502
 0.01220703
 0.00732422
 0.00366211
 0.00213623
 0.00305176
 0.00579834
 0.01037598
 0.01556396
 0.02014160
 0.02380371
 0.02624512
 0.02716064
 0.02563477
 0.02166748
 0.01617432
 0.01007080
 0.00366211
-0.00213623
-0.00701904
-0.01037598
-0.01190186
-0.01190186
-0.01037598
-0.00762939
-0.00305176
 0.00274658
 0.00823975
 0.01281738
 0.01464844
 0.01403809
 0.01037598
 0.00427246
-0.00366211
-0.01159668
-0.01800537
-0.02136230
-0.02258301
-0.02166748
-0.01953125
-0.01708984
-0.01403809
-0.01068115
-0.00701904
-0.00396729
-0.00213623
-0.00183105
-0.00396729
-0.00854492
-0.01434326
-0.02014160
-0.02532959
-0.02899170
-0.03112793
-0.03265381
-0.03265381
-0.03112793
-0.02960205
-0.02777100
-0.02563477
-0.02288818
-0.02044678
-0.01922607
-0.01922607
-0.02014160
-0.02166748
-0.02319336
-0.02471924
-0.02563477
-0.02532959
-0.02319336
-0.02014160
-0.01495361
-0.00854492
-0.00152588
 0.00640869
 0.01251221
 0.01678467
 0.01861572
 0.01800537
 0.01525879
 0.01129150
 0.00732422
 0.00335693
 0.00030518
-0.00213623
-0.00396729
-0.00396729
-0.00274658
 0.00030518
 0.00518799
 0.01129150
 0.01678467
 0.02166748
 0.02471924
 0.02593994
 0.02532959
 0.02258301
 0.01861572
 0.01403809
 0.00915527
 0.00549316
 0.00305176
 0.00213623
 0.00213623
 0.00305176
 0.00518799
 0.00854492
 0.01220703
 0.01495361
 0.01647949
 0.01617432
 0.01403809
 0.01098633
 0.00701904
 0.00274658
-0.00183105
-0.00671387
-0.01129150
-0.01495361
-0.01708984
-0.01739502
-0.01617432
-0.01312256
-0.00885010
-0.00457764
-0.00030518
 0.00274658
 0.00396729
 0.00274658
-0.00030518
-0.00427246
-0.00885010
-0.01342773
-0.01708984
-0.01983643
-0.02075195
-0.02014160
-0.01831055
-0.01525879
-0.01129150
-0.00823975
-0.00671387
-0.00579834
-0.00579834
-0.00701904
-0.00946045
-0.01312256
-0.01739502
-0.02197266
-0.02685547
-0.03112793
-0.03387451
-0.03479004
-0.03295898
-0.02929688
-0.02471924
-0.01983643
-0.01586914
-0.01342773
-0.01281738
-0.01403809
-0.01678467
-0.02044678
-0.02441406
-0.02777100
-0.03021240
-0.03082275
-0.02929688
-0.02655029
-0.02227783
-0.01678467
-0.01098633
-0.00579834
-0.00183105
 0.00122070
 0.00213623
 0.00183105
 0.00000000
-0.00244141
-0.00457764
-0.00640869
-0.00915527
-0.01190186
-0.01312256
-0.01220703
-0.00885010
-0.00335693
 0.00305176
 0.00915527
 0.01342773
 0.01617432
 0.01708984
 0.01647949
 0.01495361
 0.01342773
 0.01220703
 0.01190186
 0.01251221
 0.01312256
 0.01434326
 0.01586914
 0.01770020
 0.02044678
 0.02380371
 0.02716064
 0.02990723
 0.03265381
 0.03417969
 0.03448486
 0.03265381
 0.02960205
 0.02532959
 0.02136230
 0.01739502
 0.01464844
 0.01342773
 0.01373291
 0.01525879
 0.01739502
 0.02014160
 0.02227783
 0.02349854
 0.02380371
 0.02288818
 0.02136230
 0.01892090
 0.01647949
 0.01495361
 0.01373291
 0.01281738
 0.01281738
 0.01373291
 0.01525879
 0.01770020
 0.02044678
 0.02258301
 0.02349854
 0.02380371
 0.02258301
 0.02075195
 0.01770020
 0.01403809
 0.01037598
 0.00640869
 0.00274658
-0.00030518
-0.00274658
-0.00457764
-0.00488281
-0.00518799
-0.00457764
-0.00396729
-0.00366211
-0.00427246
-0.00579834
-0.00793457
-0.01068115
-0.01342773
-0.01647949
-0.01953125
-0.02166748
-0.02227783
-0.02197266
-0.02136230
-0.02105713
-0.02136230
-0.02197266
-0.02258301
-0.02258301
-0.02258301
-0.02197266
-0.02044678
-0.01953125
-0.01953125
-0.01983643
-0.02105713
-0.02227783
-0.02441406
-0.02593994
-0.02655029
-0.02655029
-0.02563477
-0.02441406
-0.02288818
-0.02136230
-0.02014160
-0.01831055
-0.01647949
-0.01434326
-0.01220703
-0.00946045
-0.00701904
-0.00457764
-0.00213623
-0.00030518
 0.00061035
 0.00091553
 0.00122070
 0.00122070
 0.00213623
 0.00396729
 0.00640869
 0.00915527
 0.01098633
 0.01159668
 0.01159668
 0.01190186
 0.01281738
 0.01434326
 0.01556396
 0.01678467
 0.01770020
 0.01770020
 0.01678467
 0.01495361
 0.01312256
 0.01281738
 0.01281738
 0.01281738
 0.01251221
 0.01190186
 0.01129150
 0.01068115
 0.01007080
 0.01007080
 0.01007080
 0.01098633
 0.01190186
 0.01281738
 0.01373291
 0.01495361
 0.01586914
 0.01617432
 0.01586914
 0.01556396
 0.01495361
 0.01403809
 0.01373291
 0.01403809
 0.01434326
 0.01434326
 0.01312256
 0.01220703
 0.01068115
 0.00915527
 0.00793457
 0.00701904
 0.00640869
 0.00671387
 0.00701904
 0.00701904
 0.00640869
 0.00549316
 0.00488281
 0.00427246
 0.00427246
 0.00488281
 0.00579834
 0.00579834
 0.00518799
 0.00366211
 0.00122070
-0.00152588
-0.00396729
-0.00549316
-0.00671387
-0.00701904
-0.00732422
-0.00732422
-0.00671387
-0.00579834
-0.00488281
-0.00305176
-0.00091553
 0.00030518
-0.00030518
-0.00183105
-0.00396729
-0.00671387
-0.00885010
-0.01159668
-0.01403809
-0.01617432
-0.01770020
-0.01831055
-0.01953125
-0.02014160
-0.02044678
-0.02075195
-0.02075195
-0.02105713
-0.02136230
-0.02166748
-0.02197266
-0.02166748
-0.02136230
-0.02105713
-0.02075195
-0.01983643
-0.01708984
-0.01312256
-0.00915527
-0.00488281
-0.00030518
 0.00366211
 0.00640869
 0.00762939
 0.00732422
 0.00610352
 0.00457764
 0.00335693
 0.00274658
 0.00213623
 0.00152588
 0.00061035
 0.00061035
 0.00061035
 0.00152588
 0.00305176
 0.00457764
 0.00671387
 0.00885010
 0.01098633
 0.01281738
 0.01403809
 0.01403809
 0.01373291
 0.01373291
 0.01464844
 0.01495361
 0.01556396
 0.01647949
 0.01770020
 0.01892090
 0.01983643
 0.02075195
 0.02258301
 0.02441406
 0.02624512
 0.02685547
 0.02685547
 0.02716064
 0.02746582
 0.02777100
 0.02716064
 0.02563477
 0.02288818
 0.02014160
 0.01708984
 0.01403809
 0.01190186
 0.00946045
 0.00732422
 0.00549316
 0.00427246
 0.00335693
 0.00152588
-0.00030518
-0.00213623
-0.00305176
-0.00335693
-0.00335693
-0.00335693
-0.00396729
-0.00488281
-0.00610352
-0.00671387
-0.00671387
-0.00610352
-0.00579834
-0.00579834
-0.00610352
-0.00640869
-0.00671387
-0.00762939
-0.00885010
-0.01007080
-0.01098633
-0.01190186
-0.01342773
-0.01495361
-0.01708984
-0.01953125
-0.02166748
-0.02380371
-0.02563477
-0.02746582
-0.02899170
-0.03051758
-0.03143311
-0.03204346
-0.03265381
-0.03387451
-0.03479004
-0.03540039
-0.03601074
-0.03662109
-0.03723145
-0.03723145
-0.03631592
-0.03509521
-0.03326416
-0.03173828
-0.03051758
-0.02929688
-0.02868652
-0.02777100
-0.02593994
-0.02471924
-0.02410889
-0.02380371
-0.02380371
-0.02319336
-0.02227783
-0.02197266
-0.02105713
-0.01953125
-0.01739502
-0.01525879
-0.01373291
-0.01190186
-0.01068115
-0.01007080
-0.00915527
-0.00823975
-0.00701904
-0.00579834
-0.00396729
-0.00213623
-0.00061035
 0.00122070
 0.00335693
 0.00671387
 0.01037598
 0.01434326
 0.01831055
 0.02227783
 0.02563477
 0.02838135
 0.03021240
 0.03112793
 0.03082275
 0.03021240
 0.02899170
 0.02807617
 0.02716064
 0.02746582
 0.02777100
 0.02807617
 0.02838135
 0.02868652
 0.02960205
 0.03082275
 0.03265381
 0.03417969
 0.03479004
 0.03479004
 0.03448486
 0.03387451
 0.03295898
 0.03204346
 0.03021240
 0.02807617
 0.02624512
 0.02502441
 0.02380371
 0.02319336
 0.02288818
 0.02349854
 0.02441406
 0.02502441
 0.02502441
 0.02410889
 0.02258301
 0.02044678
 0.01800537
 0.01556396
 0.01312256
 0.01098633
 0.00854492
 0.00610352
 0.00366211
 0.00213623
 0.00122070
 0.00152588
 0.00335693
 0.00488281
 0.00610352
 0.00701904
 0.00762939
 0.00701904
 0.00579834
 0.00396729
 0.00183105
-0.00122070
-0.00457764
-0.00793457
-0.01098633
-0.01373291
-0.01556396
-0.01708984
-0.01770020
-0.01739502
-0.01647949
-0.01464844
-0.01312256
-0.01220703
-0.01220703
-0.01312256
-0.01556396
-0.01953125
-0.02380371
-0.02777100
-0.03082275
-0.03265381
-0.03448486
-0.03509521
-0.03509521
-0.03387451
-0.03234863
-0.03051758
-0.02838135
-0.02685547
-0.02593994
-0.02563477
-0.02624512
-0.02777100
-0.02960205
-0.03082275
-0.03143311
-0.03112793
-0.03021240
-0.02868652
-0.02655029
-0.02288818
-0.01770020
-0.01190186
-0.00610352
-0.00213623
 0.00122070
 0.00305176
 0.00396729
 0.00366211
 0.00274658
 0.00122070
 0.00061035
 0.00030518
 0.00061035
 0.00152588
 0.00305176
 0.00488281
 0.00793457
 0.01129150
 0.01403809
 0.01617432
 0.01800537
 0.01922607
 0.01983643
 0.02014160
 0.01983643
 0.02014160
 0.02105713
 0.02258301
 0.02441406
 0.02624512
 0.02807617
 0.03021240
 0.03234863
 0.03448486
 0.03570557
 0.03601074
 0.03509521
 0.03295898
 0.03021240
 0.02685547
 0.02410889
 0.02136230
 0.01922607
 0.01800537
 0.01739502
 0.01770020
 0.01831055
 0.01922607
 0.01922607
 0.01831055
 0.01678467
 0.01525879
 0.01373291
 0.01129150
 0.00885010
 0.00640869
 0.00488281
 0.00396729
 0.00427246
 0.00457764
 0.00549316
 0.00671387
 0.00854492
 0.01098633
 0.01281738
 0.01373291
 0.01312256
 0.01251221
 0.01037598
 0.00701904
 0.00335693
 0.00061035
-0.00152588
-0.00305176
-0.00427246
-0.00457764
-0.00427246
-0.00427246
-0.00396729
-0.00366211
-0.00396729
-0.00488281
-0.00579834
-0.00701904
-0.00915527
-0.01251221
-0.01708984
-0.02136230
-0.02563477
-0.02929688
-0.03143311
-0.03143311
-0.02899170
-0.02471924
-0.01922607
-0.01403809
-0.00915527
-0.00549316
-0.00335693
-0.00396729
-0.00518799
-0.00762939
-0.01037598
-0.01312256
-0.01586914
-0.01800537
-0.02044678
-0.02288818
-0.02410889
-0.02349854
-0.02166748
-0.01800537
-0.01312256
-0.00885010
-0.00610352
-0.00457764
-0.00457764
-0.00671387
-0.01037598
-0.01373291
-0.01617432
-0.01861572
-0.01953125
-0.01861572
-0.01586914
-0.01281738
-0.00854492
-0.00366211
 0.00061035
 0.00457764
 0.00732422
 0.00854492
 0.00854492
 0.00762939
 0.00610352
 0.00366211
 0.00061035
-0.00244141
-0.00457764
-0.00579834
-0.00518799
-0.00335693
-0.00061035
 0.00305176
 0.00671387
 0.00976563
 0.01129150
 0.01098633
 0.00946045
 0.00610352
 0.00183105
-0.00244141
-0.00671387
-0.01068115
-0.01312256
-0.01434326
-0.01434326
-0.01281738
-0.00946045
-0.00488281
 0.00000000
 0.00549316
 0.01037598
 0.01434326
 0.01586914
 0.01495361
 0.01190186
 0.00732422
 0.00244141
-0.00274658
-0.00732422
-0.01037598
-0.01068115
-0.00946045
-0.00671387
-0.00335693
 0.00030518
 0.00335693
 0.00549316
 0.00610352
 0.00549316
 0.00335693
 0.00061035
-0.00305176
-0.00732422
-0.01220703
-0.01586914
-0.01861572
-0.02014160
-0.01983643
-0.01739502
-0.01281738
-0.00640869
 0.00030518
 0.00488281
 0.00762939
 0.00793457
 0.00640869
 0.00427246
 0.00122070
-0.00183105
-0.00488281
-0.00762939
-0.00976563
-0.01129150
-0.01220703
-0.01220703
-0.01129150
-0.00946045
-0.00671387
-0.00335693
 0.00000000
 0.00244141
 0.00366211
 0.00305176
 0.00152588
-0.00061035
-0.00305176
-0.00488281
-0.00610352
-0.00549316
-0.00274658
 0.00091553
 0.00457764
 0.00823975
 0.01190186
 0.01495361
 0.01770020
 0.02014160
 0.02166748
 0.02349854
 0.02471924
 0.02441406
 0.02288818
 0.02014160
 0.01770020
 0.01525879
 0.01312256
 0.01190186
 0.01220703
 0.01373291
 0.01617432
 0.01800537
 0.01922607
 0.01983643
 0.01953125
 0.01831055
 0.01708984
 0.01586914
 0.01495361
 0.01495361
 0.01464844
 0.01373291
 0.01281738
 0.01220703
 0.01190186
 0.01190186
 0.01251221
 0.01342773
 0.01464844
 0.01556396
 0.01647949
 0.01739502
 0.01770020
 0.01678467
 0.01556396
 0.01434326
 0.01281738
 0.01098633
 0.00854492
 0.00640869
 0.00396729
 0.00122070
-0.00183105
-0.00457764
-0.00671387
-0.00885010
-0.01068115
-0.01251221
-0.01373291
-0.01464844
-0.01617432
-0.01770020
-0.01831055
-0.01800537
-0.01770020
-0.01770020
-0.01770020
-0.01739502
-0.01617432
-0.01495361
-0.01373291
-0.01373291
-0.01403809
-0.01495361
-0.01647949
-0.01861572
-0.02075195
-0.02288818
-0.02471924
-0.02624512
-0.02746582
-0.02777100
-0.02716064
-0.02655029
-0.02593994
-0.02593994
-0.02593994
-0.02655029
-0.02685547
-0.02685547
-0.02716064
-0.02746582
-0.02746582
-0.02716064
-0.02624512
-0.02502441
-0.02349854
-0.02197266
-0.02044678
-0.01892090
-0.01708984
-0.01464844
-0.01251221
-0.01098633
-0.00976563
-0.00823975
-0.00671387
-0.00610352
-0.00549316
-0.00488281
-0.00457764
-0.00427246
-0.00366211
-0.00213623
 0.00030518
 0.00274658
 0.00457764
 0.00610352
 0.00701904
 0.00823975
 0.00915527
 0.00946045
 0.00976563
 0.01037598
 0.01098633
 0.01190186
 0.01281738
 0.01434326
 0.01678467
 0.01922607
 0.02197266
 0.02532959
 0.02868652
 0.03143311
 0.03265381
 0.03356934
 0.03387451
 0.03479004
 0.03509521
 0.03479004
 0.03448486
 0.03417969
 0.03387451
 0.03387451
 0.03387451
 0.03387451
 0.03387451
 0.03417969
 0.03448486
 0.03417969
 0.03387451
 0.03295898
 0.03173828
 0.02990723
 0.02838135
 0.02655029
 0.02441406
 0.02227783
 0.01953125
 0.01647949
 0.01434326
 0.01312256
 0.01251221
 0.01251221
 0.01342773
 0.01403809
 0.01434326
 0.01495361
 0.01525879
 0.01556396
 0.01495361
 0.01434326
 0.01342773
 0.01220703
 0.01037598
 0.00793457
 0.00488281
 0.00183105
-0.00061035
-0.00305176
-0.00488281
-0.00640869
-0.00762939
-0.00854492
-0.00976563
-0.01129150
-0.01251221
-0.01403809
-0.01525879
-0.01678467
-0.01861572
-0.02014160
-0.02075195
-0.02105713
-0.02075195
-0.02075195
-0.02105713
-0.02105713
-0.02075195
-0.01983643
-0.01922607
-0.01892090
-0.01892090
-0.01983643
-0.02166748
-0.02441406
-0.02716064
-0.03021240
-0.03204346
-0.03326416
-0.03417969
-0.03448486
-0.03387451
-0.03265381
-0.03143311
-0.03051758
-0.02990723
-0.02990723
-0.02990723
-0.02990723
-0.02929688
-0.02899170
-0.02960205
-0.03082275
-0.03204346
-0.03265381
-0.03265381
-0.03204346
-0.02960205
-0.02532959
-0.02044678
-0.01617432
-0.01190186
-0.00793457
-0.00427246
-0.00183105
-0.00091553
-0.00061035
-0.00030518
 0.00030518
 0.00122070
 0.00244141
 0.00366211
 0.00518799
 0.00671387
 0.00946045
 0.01220703
 0.01434326
 0.01617432
 0.01739502
 0.01800537
 0.01739502
 0.01617432
 0.01342773
 0.01068115
 0.00793457
 0.00610352
 0.00549316
 0.00610352
 0.00701904
 0.00854492
 0.01098633
 0.01373291
 0.01647949
 0.01861572
 0.02075195
 0.02258301
 0.02349854
 0.02319336
 0.02166748
 0.01922607
 0.01617432
 0.01342773
 0.01068115
 0.00885010
 0.00854492
 0.00885010
 0.00946045
 0.01007080
 0.01098633
 0.01159668
 0.01159668
 0.01068115
 0.00915527
 0.00701904
 0.00488281
 0.00213623
-0.00122070
-0.00427246
-0.00610352
-0.00732422
-0.00823975
-0.00885010
-0.00885010
-0.00793457
-0.00701904
-0.00549316
-0.00396729
-0.00213623
-0.00122070
-0.00030518
 0.00030518
 0.00030518
-0.00030518
-0.00091553
-0.00122070
-0.00091553
-0.00030518
-0.00030518
-0.00091553
-0.00213623
-0.00396729
-0.00610352
-0.00793457
-0.00976563
-0.01068115
-0.01129150
-0.01190186
-0.01251221
-0.01342773
-0.01434326
-0.01556396
-0.01617432
-0.01678467
-0.01770020
-0.01831055
-0.01892090
-0.01892090
-0.01892090
-0.01800537
-0.01708984
-0.01525879
-0.01342773
-0.01129150
-0.00946045
-0.00732422
-0.00579834
-0.00457764
-0.00427246
-0.00427246
-0.00457764
-0.00549316
-0.00640869
-0.00671387
-0.00640869
-0.00518799
-0.00335693
-0.00091553
 0.00183105
 0.00427246
 0.00610352
 0.00701904
 0.00823975
 0.00854492
 0.00854492
 0.00762939
 0.00640869
 0.00488281
 0.00305176
 0.00183105
 0.00183105
 0.00274658
 0.00518799
 0.00915527
 0.01403809
 0.01922607
 0.02349854
 0.02624512
 0.02746582
 0.02777100
 0.02685547
 0.02502441
 0.02319336
 0.02197266
 0.02044678
 0.01861572
 0.01678467
 0.01556396
 0.01464844
 0.01434326
 0.01464844
 0.01525879
 0.01647949
 0.01708984
 0.01708984
 0.01647949
 0.01525879
 0.01312256
 0.01037598
 0.00793457
 0.00701904
 0.00701904
 0.00793457
 0.00885010
 0.01068115
 0.01281738
 0.01464844
 0.01617432
 0.01678467
 0.01678467
 0.01647949
 0.01495361
 0.01312256
 0.01129150
 0.00885010
 0.00579834
 0.00213623
-0.00091553
-0.00244141
-0.00305176
-0.00274658
-0.00183105
-0.00061035
 0.00000000
 0.00061035
 0.00030518
-0.00122070
-0.00396729
-0.00701904
-0.01007080
-0.01251221
-0.01434326
-0.01556396
-0.01647949
-0.01708984
-0.01678467
-0.01617432
-0.01495361
-0.01312256
-0.01068115
-0.00854492
-0.00671387
-0.00549316
-0.00488281
-0.00518799
-0.00640869
-0.00854492
-0.01129150
-0.01373291
-0.01525879
-0.01556396
-0.01525879
-0.01373291
-0.01159668
-0.00946045
-0.00793457
-0.00640869
-0.00488281
-0.00427246
-0.00427246
-0.00488281
-0.00610352
-0.00762939
-0.00885010
-0.00946045
-0.00885010
-0.00732422
-0.00457764
-0.00122070
 0.00244141
 0.00549316
 0.00762939
 0.00946045
 0.01068115
 0.01098633
 0.01068115
 0.00976563
 0.00885010
 0.00854492
 0.00823975
 0.00885010
 0.01007080
 0.01190186
 0.01434326
 0.01708984
 0.01922607
 0.02105713
 0.02166748
 0.02105713
 0.01922607
 0.01739502
 0.01495361
 0.01312256
 0.01159668
 0.01037598
 0.00915527
 0.00823975
 0.00701904
 0.00640869
 0.00610352
 0.00640869
 0.00701904
 0.00793457
 0.00946045
 0.01098633
 0.01220703
 0.01281738
 0.01281738
 0.01190186
 0.01068115
 0.00885010
 0.00732422
 0.00671387
 0.00701904
 0.00732422
 0.00823975
 0.00885010
 0.00946045
 0.00885010
 0.00701904
 0.00488281
 0.00244141
 0.00000000
-0.00305176
-0.00671387
-0.01098633
-0.01525879
-0.01892090
-0.02166748
-0.02288818
-0.02258301
-0.02136230
-0.01922607
-0.01708984
-0.01586914
-0.01586914
-0.01617432
-0.01678467
-0.01800537
-0.01983643
-0.02197266
-0.02410889
-0.02593994
-0.02746582
-0.02838135
-0.02868652
-0.02838135
-0.02655029
-0.02441406
-0.02197266
-0.01983643
-0.01800537
-0.01678467
-0.01617432
-0.01708984
-0.01922607
-0.02166748
-0.02441406
-0.02716064
-0.02899170
-0.03021240
-0.03021240
-0.02990723
-0.02868652
-0.02746582
-0.02593994
-0.02410889
-0.02197266
-0.01892090
-0.01647949
-0.01495361
-0.01342773
-0.01312256
-0.01373291
-0.01525879
-0.01617432
-0.01586914
-0.01464844
-0.01220703
-0.00915527
-0.00488281
-0.00091553
 0.00274658
 0.00579834
 0.00823975
 0.01037598
 0.01190186
 0.01251221
 0.01312256
 0.01312256
 0.01251221
 0.01159668
 0.01037598
 0.00915527
 0.00823975
 0.00823975
 0.00915527
 0.01098633
 0.01373291
 0.01678467
 0.01953125
 0.02227783
 0.02471924
 0.02563477
 0.02563477
 0.02471924
 0.02441406
 0.02410889
 0.02410889
 0.02380371
 0.02349854
 0.02319336
 0.02319336
 0.02349854
 0.02410889
 0.02563477
 0.02685547
 0.02838135
 0.02960205
 0.03051758
 0.03051758
 0.02929688
 0.02777100
 0.02593994
 0.02380371
 0.02136230
 0.01892090
 0.01678467
 0.01495361
 0.01403809
 0.01403809
 0.01403809
 0.01434326
 0.01525879
 0.01617432
 0.01708984
 0.01739502
 0.01708984
 0.01647949
 0.01525879
 0.01281738
 0.00976563
 0.00701904
 0.00457764
 0.00244141
 0.00122070
 0.00091553
 0.00152588
 0.00244141
 0.00305176
 0.00396729
 0.00396729
 0.00366211
 0.00305176
 0.00183105
 0.00000000
-0.00244141
-0.00549316
-0.00823975
-0.01037598
-0.01281738
-0.01464844
-0.01556396
-0.01647949
-0.01678467
-0.01708984
-0.01708984
-0.01708984
-0.01708984
-0.01678467
-0.01708984
-0.01739502
-0.01800537
-0.01861572
-0.01922607
-0.01922607
-0.01861572
-0.01831055
-0.01800537
-0.01770020
-0.01739502
-0.01678467
-0.01586914
-0.01525879
-0.01495361
-0.01495361
-0.01525879
-0.01617432
-0.01708984
-0.01770020
-0.01861572
-0.01983643
-0.02044678
-0.02105713
-0.02136230
-0.02075195
-0.01983643
-0.01861572
-0.01708984
-0.01525879
-0.01342773
-0.01129150
-0.00885010
-0.00640869
-0.00457764
-0.00305176
-0.00213623
-0.00122070
-0.00122070
-0.00091553
-0.00091553
-0.00122070
-0.00122070
-0.00091553
-0.00030518
 0.00091553
 0.00213623
 0.00335693
 0.00488281
 0.00610352
 0.00762939
 0.00762939
 0.00671387
 0.00579834
 0.00427246
 0.00244141
 0.00061035
-0.00152588
-0.00274658
-0.00396729
-0.00488281
-0.00488281
-0.00396729
-0.00274658
-0.00061035
 0.00183105
 0.00396729
 0.00579834
 0.00701904
 0.00762939
 0.00793457
 0.00732422
 0.00640869
 0.00549316
 0.00427246
 0.00335693
 0.00274658
 0.00305176
 0.00335693
 0.00396729
 0.00488281
 0.00610352
 0.00732422
 0.00793457
 0.00762939
 0.00640869
 0.00488281
 0.00274658
 0.00091553
-0.00122070
-0.00274658
-0.00396729
-0.00457764
-0.00427246
-0.00305176
-0.00122070
 0.00091553
 0.00335693
 0.00610352
 0.00762939
 0.00854492
 0.00976563
 0.01068115
 0.01007080
 0.00885010
 0.00732422
 0.00579834
 0.00457764
 0.00305176
 0.00213623
 0.00152588
 0.00152588
 0.00274658
 0.00427246
 0.00610352
 0.00732422
 0.00823975
 0.00823975
 0.00701904
 0.00488281
 0.00244141
-0.00061035
-0.00427246
-0.00762939
-0.01037598
-0.01190186
-0.01251221
-0.01098633
-0.00885010
-0.00549316
-0.00213623
 0.00122070
 0.00457764
 0.00701904
 0.00854492
 0.00823975
 0.00701904
 0.00518799
 0.00274658
 0.00122070
 0.00061035
 0.00061035
 0.00183105
 0.00457764
 0.00701904
 0.00976563
 0.01220703
 0.01434326
 0.01647949
 0.01770020
 0.01800537
 0.01708984
 0.01495361
 0.01190186
 0.00854492
 0.00518799
 0.00213623
 0.00061035
 0.00030518
 0.00091553
 0.00274658
 0.00518799
 0.00732422
 0.00976563
 0.01190186
 0.01373291
 0.01434326
 0.01312256
 0.01129150
 0.00885010
 0.00640869
 0.00427246
 0.00183105
 0.00030518
-0.00091553
-0.00122070
-0.00091553
 0.00000000
 0.00091553
 0.00183105
 0.00335693
 0.00427246
 0.00396729
 0.00274658
 0.00091553
-0.00183105
-0.00549316
-0.00976563
-0.01281738
-0.01556396
-0.01739502
-0.01831055
-0.01831055
-0.01739502
-0.01556396
-0.01342773
-0.01159668
-0.00946045
-0.00762939
-0.00701904
-0.00640869
-0.00640869
-0.00732422
-0.00823975
-0.00885010
-0.00976563
-0.01129150
-0.01281738
-0.01434326
-0.01434326
-0.01403809
-0.01373291
-0.01342773
-0.01220703
-0.01098633
-0.01068115
-0.01068115
-0.01129150
-0.01251221
-0.01403809
-0.01525879
-0.01647949
-0.01739502
-0.01800537
-0.01861572
-0.01861572
-0.01770020
-0.01617432
-0.01373291
-0.01037598
-0.00732422
-0.00457764
-0.00213623
-0.00061035
 0.00030518
 0.00030518
 0.00000000
-0.00030518
-0.00091553
-0.00152588
-0.00274658
-0.00366211
-0.00335693
-0.00213623
-0.00030518
 0.00152588
 0.00366211
 0.00579834
 0.00793457
 0.00885010
 0.00976563
 0.01037598
 0.01098633
 0.01129150
 0.01098633
 0.01037598
 0.01007080
 0.01007080
 0.01037598
 0.01129150
 0.01190186
 0.01312256
 0.01464844
 0.01647949
 0.01800537
 0.01953125
 0.02136230
 0.02288818
 0.02410889
 0.02471924
 0.02502441
 0.02471924
 0.02349854
 0.02136230
 0.01953125
 0.01831055
 0.01739502
 0.01617432
 0.01556396
 0.01464844
 0.01403809
 0.01403809
 0.01403809
 0.01373291
 0.01373291
 0.01312256
 0.01190186
 0.01068115
 0.00946045
 0.00793457
 0.00640869
 0.00427246
 0.00274658
 0.00152588
 0.00122070
 0.00152588
 0.00213623
 0.00274658
 0.00305176
 0.00396729
 0.00549316
 0.00579834
 0.00549316
 0.00457764
 0.00305176
 0.00122070
-0.00122070
-0.00335693
-0.00579834
-0.00823975
-0.01037598
-0.01220703
-0.01373291
-0.01495361
-0.01586914
-0.01678467
-0.01647949
-0.01556396
-0.01495361
-0.01525879
-0.01647949
-0.01800537
-0.01953125
-0.02105713
-0.02227783
-0.02319336
-0.02380371
-0.02380371
-0.02319336
-0.02258301
-0.02288818
-0.02288818
-0.02258301
-0.02136230
-0.02075195
-0.02044678
-0.01983643
-0.01922607
-0.01953125
-0.02014160
-0.02136230
-0.02227783
-0.02288818
-0.02288818
-0.02258301
-0.02197266
-0.02014160
-0.01800537
-0.01586914
-0.01312256
-0.01129150
-0.01068115
-0.01037598
-0.01037598
-0.01068115
-0.01159668
-0.01251221
-0.01312256
-0.01403809
-0.01434326
-0.01281738
-0.01007080
-0.00640869
-0.00213623
 0.00244141
 0.00701904
 0.01098633
 0.01342773
 0.01495361
 0.01586914
 0.01617432
 0.01556396
 0.01434326
 0.01281738
 0.01159668
 0.01098633
 0.01129150
 0.01251221
 0.01464844
 0.01739502
 0.02014160
 0.02258301
 0.02441406
 0.02502441
 0.02502441
 0.02410889
 0.02288818
 0.02166748
 0.02014160
 0.01892090
 0.01831055
 0.01800537
 0.01861572
 0.02014160
 0.02166748
 0.02349854
 0.02532959
 0.02685547
 0.02807617
 0.02960205
 0.03021240
 0.03021240
 0.02929688
 0.02746582
 0.02502441
 0.02258301
 0.02044678
 0.01892090
 0.01800537
 0.01770020
 0.01770020
 0.01770020
 0.01800537
 0.01770020
 0.01708984
 0.01586914
 0.01495361
 0.01373291
 0.01190186
 0.00946045
 0.00640869
 0.00213623
-0.00183105
-0.00488281
-0.00671387
-0.00793457
-0.00793457
-0.00671387
-0.00488281
-0.00274658
-0.00152588
-0.00091553
-0.00122070
-0.00152588
-0.00213623
-0.00335693
-0.00457764
-0.00640869
-0.00885010
-0.01159668
-0.01403809
-0.01556396
-0.01678467
-0.01770020
-0.01739502
-0.01678467
-0.01556396
-0.01403809
-0.01312256
-0.01281738
-0.01342773
-0.01556396
-0.01800537
-0.02105713
-0.02349854
-0.02593994
-0.02777100
-0.02899170
-0.02838135
-0.02716064
-0.02471924
-0.02197266
-0.01800537
-0.01434326
-0.01068115
-0.00701904
-0.00457764
-0.00366211
-0.00396729
-0.00549316
-0.00762939
-0.01007080
-0.01312256
-0.01586914
-0.01739502
-0.01770020
-0.01647949
-0.01464844
-0.01281738
-0.01068115
-0.00823975
-0.00640869
-0.00518799
-0.00457764
-0.00457764
-0.00579834
-0.00732422
-0.00885010
-0.01037598
-0.01098633
-0.01098633
-0.00946045
-0.00671387
-0.00335693
 0.00061035
 0.00427246
 0.00762939
 0.01037598
 0.01312256
 0.01464844
 0.01464844
 0.01403809
 0.01251221
 0.01068115
 0.00915527
 0.00762939
 0.00640869
 0.00549316
 0.00579834
 0.00671387
 0.00793457
 0.00915527
 0.01068115
 0.01190186
 0.01251221
 0.01220703
 0.01098633
 0.00854492
 0.00549316
 0.00213623
-0.00030518
-0.00183105
-0.00244141
-0.00244141
-0.00122070
 0.00061035
 0.00274658
 0.00518799
 0.00793457
 0.01068115
 0.01281738
 0.01342773
 0.01281738
 0.01159668
 0.01007080
 0.00793457
 0.00518799
 0.00213623
-0.00030518
-0.00213623
-0.00244141
-0.00213623
-0.00091553
 0.00061035
 0.00213623
 0.00335693
 0.00427246
 0.00488281
 0.00396729
 0.00152588
-0.00122070
-0.00305176
-0.00518799
-0.00671387
-0.00793457
-0.00885010
-0.00915527
-0.00793457
-0.00579834
-0.00274658
-0.00030518
 0.00122070
 0.00274658
 0.00335693
 0.00335693
 0.00183105
-0.00061035
-0.00335693
-0.00610352
-0.00915527
-0.01129150
-0.01220703
-0.01190186
-0.01068115
-0.00823975
-0.00549316
-0.00244141
 0.00000000
 0.00213623
 0.00366211
 0.00396729
 0.00305176
 0.00152588
-0.00091553
-0.00396729
-0.00671387
-0.00823975
-0.00793457
-0.00701904
-0.00518799
-0.00244141
 0.00091553
 0.00427246
 0.00732422
 0.01037598
 0.01281738
 0.01403809
 0.01373291
 0.01281738
 0.01159668
 0.01007080
 0.00762939
 0.00549316
 0.00427246
 0.00457764
 0.00579834
 0.00762939
 0.01037598
 0.01373291
 0.01678467
 0.01892090
 0.02014160
 0.02105713
 0.02075195
 0.01861572
 0.01556396
 0.01159668
 0.00823975
 0.00579834
 0.00366211
 0.00274658
 0.00244141
 0.00274658
 0.00457764
 0.00701904
 0.00976563
 0.01190186
 0.01403809
 0.01556396
 0.01556396
 0.01373291
 0.01068115
 0.00640869
 0.00244141
-0.00152588
-0.00457764
-0.00671387
-0.00732422
-0.00671387
-0.00549316
-0.00366211
-0.00244141
-0.00091553
 0.00000000
 0.00061035
 0.00030518
-0.00122070
-0.00335693
-0.00640869
-0.00976563
-0.01220703
-0.01434326
-0.01647949
-0.01770020
-0.01770020
-0.01708984
-0.01586914
-0.01373291
-0.01159668
-0.00885010
-0.00671387
-0.00518799
-0.00518799
-0.00610352
-0.00762939
-0.00946045
-0.01129150
-0.01342773
-0.01556396
-0.01678467
-0.01739502
-0.01770020
-0.01770020
-0.01708984
-0.01617432
-0.01495361
-0.01434326
-0.01434326
-0.01495361
-0.01525879
-0.01586914
-0.01708984
-0.01922607
-0.02075195
-0.02105713
-0.02075195
-0.01953125
-0.01861572
-0.01708984
-0.01464844
-0.01129150
-0.00854492
-0.00610352
-0.00457764
-0.00305176
-0.00213623
-0.00183105
-0.00183105
-0.00274658
-0.00366211
-0.00427246
-0.00396729
-0.00335693
-0.00183105
 0.00000000
 0.00213623
 0.00457764
 0.00671387
 0.00823975
 0.00915527
 0.00976563
 0.01068115
 0.01068115
 0.01037598
 0.00946045
 0.00915527
 0.00946045
 0.00915527
 0.00854492
 0.00854492
 0.00976563
 0.01220703
 0.01434326
 0.01617432
 0.01739502
 0.01892090
 0.01983643
 0.01983643
 0.01892090
 0.01739502
 0.01586914
 0.01586914
 0.01678467
 0.01739502
 0.01770020
 0.01800537
 0.01770020
 0.01708984
 0.01678467
 0.01617432
 0.01525879
 0.01464844
 0.01403809
 0.01312256
 0.01098633
 0.00885010
 0.00671387
 0.00457764
 0.00274658
 0.00213623
 0.00244141
 0.00244141
 0.00335693
 0.00427246
 0.00457764
 0.00518799
 0.00549316
 0.00549316
 0.00488281
 0.00427246
 0.00366211
 0.00244141
 0.00122070
 0.00091553
 0.00030518
-0.00030518
-0.00030518
-0.00030518
 0.00030518
 0.00091553
 0.00152588
 0.00213623
 0.00244141
 0.00183105
 0.00000000
-0.00305176
-0.00640869
-0.00976563
-0.01281738
-0.01525879
-0.01739502
-0.01831055
-0.01892090
-0.01922607
-0.01892090
-0.01800537
-0.01678467
-0.01525879
-0.01312256
-0.01190186
-0.01098633
-0.01098633
-0.01129150
-0.01159668
-0.01251221
-0.01312256
-0.01312256
-0.01251221
-0.01159668
-0.01098633
-0.01037598
-0.00946045
-0.00823975
-0.00732422
-0.00640869
-0.00610352
-0.00671387
-0.00701904
-0.00701904
-0.00671387
-0.00640869
-0.00640869
-0.00640869
-0.00640869
-0.00579834
-0.00488281
-0.00366211
-0.00244141
-0.00091553
 0.00061035
 0.00183105
 0.00244141
 0.00305176
 0.00244141
 0.00213623
 0.00213623
 0.00244141
 0.00274658
 0.00305176
 0.00396729
 0.00549316
 0.00732422
 0.00885010
 0.01037598
 0.01159668
 0.01281738
 0.01342773
 0.01403809
 0.01434326
 0.01434326
 0.01403809
 0.01342773
 0.01220703
 0.01098633
 0.00915527
 0.00701904
 0.00549316
 0.00488281
 0.00457764
 0.00518799
 0.00579834
 0.00640869
 0.00671387
 0.00701904
 0.00732422
 0.00762939
 0.00854492
 0.01007080
 0.01068115
 0.01068115
 0.01037598
 0.00946045
 0.00762939
 0.00579834
 0.00427246
 0.00335693
 0.00274658
 0.00274658
 0.00335693
 0.00396729
 0.00427246
 0.00366211
 0.00244141
 0.00091553
-0.00030518
-0.00152588
-0.00244141
-0.00366211
-0.00396729
-0.00396729
-0.00457764
-0.00549316
-0.00640869
-0.00732422
-0.00793457
-0.00854492
-0.00946045
-0.01007080
-0.01068115
-0.01129150
-0.01220703
-0.01281738
-0.01373291
-0.01403809
-0.01342773
-0.01251221
-0.01129150
-0.01007080
-0.00885010
-0.00854492
-0.00885010
-0.00915527
-0.01007080
-0.01098633
-0.01159668
-0.01220703
-0.01281738
-0.01342773
-0.01434326
-0.01556396
-0.01647949
-0.01647949
-0.01556396
-0.01464844
-0.01342773
-0.01220703
-0.01098633
-0.01098633
-0.01220703
-0.01312256
-0.01373291
-0.01373291
-0.01342773
-0.01281738
-0.01220703
-0.01129150
-0.01068115
-0.00976563
-0.00793457
-0.00579834
-0.00396729
-0.00183105
-0.00061035
 0.00030518
 0.00061035
 0.00061035
 0.00000000
-0.00061035
-0.00122070
-0.00152588
-0.00152588
-0.00152588
-0.00091553
 0.00030518
 0.00183105
 0.00366211
 0.00488281
 0.00549316
 0.00640869
 0.00732422
 0.00793457
 0.00823975
 0.00762939
 0.00671387
 0.00610352
 0.00549316
 0.00549316
 0.00518799
 0.00549316
 0.00610352
 0.00762939
 0.01007080
 0.01251221
 0.01464844
 0.01647949
 0.01800537
 0.01861572
 0.01892090
 0.01831055
 0.01708984
 0.01525879
 0.01342773
 0.01159668
 0.00915527
 0.00671387
 0.00549316
 0.00518799
 0.00549316
 0.00610352
 0.00732422
 0.00823975
 0.00823975
 0.00823975
 0.00854492
 0.00854492
 0.00762939
 0.00640869
 0.00457764
 0.00335693
 0.00305176
 0.00274658
 0.00244141
 0.00213623
 0.00274658
 0.00366211
 0.00457764
 0.00549316
 0.00671387
 0.00762939
 0.00823975
 0.00823975
 0.00701904
 0.00488281
 0.00213623
-0.00061035
-0.00305176
-0.00457764
-0.00488281
-0.00457764
-0.00335693
-0.00274658
-0.00213623
-0.00152588
-0.00152588
-0.00183105
-0.00244141
-0.00335693
-0.00366211
-0.00427246
-0.00549316
-0.00671387
-0.00793457
-0.00854492
-0.00854492
-0.00793457
-0.00610352
-0.00396729
-0.00091553
 0.00244141
 0.00579834
 0.00732422
 0.00823975
 0.00854492
 0.00732422
 0.00579834
 0.00396729
 0.00183105
-0.00061035
-0.00274658
-0.00427246
-0.00488281
-0.00579834
-0.00640869
-0.00579834
-0.00457764
-0.00213623
 0.00000000
 0.00122070
 0.00152588
 0.00122070
 0.00152588
 0.00152588
 0.00183105
 0.00183105
 0.00244141
 0.00335693
 0.00488281
 0.00610352
 0.00701904
 0.00823975
 0.00946045
 0.01129150
 0.01281738
 0.01403809
 0.01464844
 0.01373291
 0.01190186
 0.00915527
 0.00610352
 0.00335693
 0.00152588
 0.00061035
 0.00061035
 0.00152588
 0.00213623
 0.00274658
 0.00305176
 0.00335693
 0.00305176
 0.00213623
 0.00122070
 0.00061035
-0.00091553
-0.00244141
-0.00396729
-0.00549316
-0.00701904
-0.00915527
-0.01098633
-0.01159668
-0.01037598
-0.00762939
-0.00488281
-0.00244141
-0.00061035
 0.00061035
 0.00061035
-0.00061035
-0.00244141
-0.00518799
-0.00701904
-0.00793457
-0.00915527
-0.01037598
-0.01190186
-0.01312256
-0.01373291
-0.01342773
-0.01220703
-0.01037598
-0.00885010
-0.00732422
-0.00610352
-0.00488281
-0.00427246
-0.00488281
-0.00671387
-0.00823975
-0.00976563
-0.01098633
-0.01190186
-0.01190186
-0.01098633
-0.00976563
-0.00854492
-0.00762939
-0.00701904
-0.00610352
-0.00549316
-0.00579834
-0.00518799
-0.00427246
-0.00305176
-0.00244141
-0.00244141
-0.00335693
-0.00457764
-0.00610352
-0.00701904
-0.00701904
-0.00701904
-0.00732422
-0.00732422
-0.00732422
-0.00701904
-0.00671387
-0.00579834
-0.00396729
-0.00213623
 0.00030518
 0.00213623
 0.00335693
 0.00457764
 0.00549316
 0.00610352
 0.00671387
 0.00762939
 0.00854492
 0.00915527
 0.00885010
 0.00915527
 0.00976563
 0.01037598
 0.01037598
 0.01098633
 0.01190186
 0.01281738
 0.01403809
 0.01525879
 0.01617432
 0.01678467
 0.01708984
 0.01739502
 0.01739502
 0.01678467
 0.01586914
 0.01495361
 0.01495361
 0.01464844
 0.01464844
 0.01434326
 0.01403809
 0.01342773
 0.01220703
 0.01098633
 0.01007080
 0.00976563
 0.00915527
 0.00793457
 0.00732422
 0.00732422
 0.00701904
 0.00671387
 0.00640869
 0.00671387
 0.00762939
 0.00885010
 0.00946045
 0.00946045
 0.00885010
 0.00701904
 0.00518799
 0.00335693
 0.00152588
-0.00030518
-0.00152588
-0.00274658
-0.00427246
-0.00549316
-0.00579834
-0.00610352
-0.00610352
-0.00640869
-0.00671387
-0.00671387
-0.00640869
-0.00579834
-0.00610352
-0.00671387
-0.00732422
-0.00854492
-0.00976563
-0.01068115
-0.01129150
-0.01220703
-0.01281738
-0.01251221
-0.01190186
-0.01129150
-0.01098633
-0.01068115
-0.01037598
-0.01037598
-0.01037598
-0.01007080
-0.01007080
-0.01037598
-0.01129150
-0.01312256
-0.01403809
-0.01495361
-0.01678467
-0.01861572
-0.01953125
-0.01983643
-0.01953125
-0.01831055
-0.01647949
-0.01464844
-0.01281738
-0.01129150
-0.01007080
-0.00885010
-0.00762939
-0.00701904
-0.00701904
-0.00701904
-0.00701904
-0.00732422
-0.00793457
-0.00793457
-0.00701904
-0.00518799
-0.00335693
-0.00061035
 0.00183105
 0.00366211
 0.00427246
 0.00457764
 0.00457764
 0.00488281
 0.00457764
 0.00366211
 0.00305176
 0.00274658
 0.00244141
 0.00274658
 0.00396729
 0.00457764
 0.00518799
 0.00640869
 0.00823975
 0.01068115
 0.01312256
 0.01525879
 0.01708984
 0.01800537
 0.01861572
 0.01861572
 0.01861572
 0.01770020
 0.01617432
 0.01556396
 0.01434326
 0.01342773
 0.01312256
 0.01281738
 0.01281738
 0.01251221
 0.01251221
 0.01312256
 0.01403809
 0.01373291
 0.01251221
 0.01068115
 0.00823975
 0.00579834
 0.00427246
 0.00305176
 0.00183105
 0.00091553
 0.00000000
 0.00030518
 0.00122070
 0.00244141
 0.00396729
 0.00549316
 0.00671387
 0.00732422
 0.00671387
 0.00549316
 0.00396729
 0.00183105
-0.00091553
-0.00366211
-0.00579834
-0.00701904
-0.00732422
-0.00701904
-0.00671387
-0.00579834
-0.00457764
-0.00396729
-0.00335693
-0.00305176
-0.00305176
-0.00427246
-0.00640869
-0.00915527
-0.01220703
-0.01495361
-0.01708984
-0.01922607
-0.02044678
-0.02044678
-0.01922607
-0.01739502
-0.01525879
-0.01342773
-0.01190186
-0.01129150
-0.01098633
-0.01129150
-0.01220703
-0.01342773
-0.01525879
-0.01708984
-0.01861572
-0.01953125
-0.01953125
-0.01861572
-0.01770020
-0.01586914
-0.01373291
-0.01220703
-0.01037598
-0.00915527
-0.00885010
-0.00946045
-0.01007080
-0.01098633
-0.01159668
-0.01281738
-0.01342773
-0.01373291
-0.01373291
-0.01312256
-0.01220703
-0.01037598
-0.00823975
-0.00579834
-0.00335693
-0.00091553
 0.00091553
 0.00244141
 0.00396729
 0.00549316
 0.00640869
 0.00671387
 0.00610352
 0.00549316
 0.00518799
 0.00518799
 0.00549316
 0.00610352
 0.00640869
 0.00671387
 0.00793457
 0.00946045
 0.01068115
 0.01129150
 0.01281738
 0.01403809
 0.01495361
 0.01525879
 0.01525879
 0.01434326
 0.01312256
 0.01129150
 0.00976563
 0.00915527
 0.00885010
 0.00946045
 0.01068115
 0.01251221
 0.01525879
 0.01800537
 0.02075195
 0.02288818
 0.02380371
 0.02349854
 0.02227783
 0.02075195
 0.01831055
 0.01495361
 0.01190186
 0.00946045
 0.00762939
 0.00610352
 0.00640869
 0.00701904
 0.00854492
 0.01068115
 0.01312256
 0.01525879
 0.01617432
 0.01647949
 0.01556396
 0.01342773
 0.01037598
 0.00640869
 0.00274658
-0.00030518
-0.00274658
-0.00488281
-0.00488281
-0.00396729
-0.00244141
-0.00122070
 0.00061035
 0.00244141
 0.00335693
 0.00366211
 0.00366211
 0.00366211
 0.00305176
 0.00183105
 0.00030518
-0.00122070
-0.00335693
-0.00518799
-0.00732422
-0.00854492
-0.00854492
-0.00762939
-0.00640869
-0.00518799
-0.00396729
-0.00366211
-0.00427246
-0.00518799
-0.00640869
-0.00885010
-0.01068115
-0.01159668
-0.01281738
-0.01403809
-0.01434326
-0.01373291
-0.01281738
-0.01098633
-0.00885010
-0.00671387
-0.00457764
-0.00274658
-0.00091553
 0.00030518
 0.00122070
 0.00061035
-0.00152588
-0.00396729
-0.00610352
-0.00732422
-0.00793457
-0.00762939
-0.00671387
-0.00549316
-0.00396729
-0.00305176
-0.00152588
-0.00061035
 0.00000000
 0.00000000
 0.00000000
-0.00030518
-0.00122070
-0.00244141
-0.00335693
-0.00396729
-0.00396729
-0.00396729
-0.00244141
 0.00000000
 0.00274658
 0.00488281
 0.00671387
 0.00823975
 0.00823975
 0.00854492
 0.00823975
 0.00732422
 0.00579834
 0.00366211
 0.00244141
 0.00152588
 0.00091553
 0.00061035
 0.00061035
 0.00091553
 0.00122070
 0.00183105
 0.00335693
 0.00427246
 0.00457764
 0.00457764
 0.00366211
 0.00152588
-0.00152588
-0.00366211
-0.00579834
-0.00671387
-0.00701904
-0.00671387
-0.00610352
-0.00549316
-0.00427246
-0.00335693
-0.00183105
-0.00030518
 0.00030518
 0.00061035
 0.00030518
-0.00061035
-0.00152588
-0.00274658
-0.00457764
-0.00671387
-0.00823975
-0.00946045
-0.01037598
-0.01037598
-0.00976563
-0.00823975
-0.00671387
-0.00549316
-0.00488281
-0.00457764
-0.00518799
-0.00640869
-0.00854492
-0.01037598
-0.01190186
-0.01251221
-0.01312256
-0.01342773
-0.01342773
-0.01312256
-0.01220703
-0.01068115
-0.00915527
-0.00671387
-0.00427246
-0.00244141
-0.00122070
-0.00122070
-0.00183105
-0.00366211
-0.00549316
-0.00762939
-0.00885010
-0.00946045
-0.00946045
-0.00885010
-0.00793457
-0.00640869
-0.00457764
-0.00274658
-0.00091553
 0.00061035
 0.00091553
 0.00183105
 0.00244141
 0.00274658
 0.00213623
 0.00091553
-0.00061035
-0.00152588
-0.00183105
-0.00183105
-0.00091553
 0.00122070
 0.00396729
 0.00671387
 0.00885010
 0.01068115
 0.01251221
 0.01373291
 0.01403809
 0.01403809
 0.01434326
 0.01403809
 0.01312256
 0.01190186
 0.01068115
 0.00976563
 0.00946045
 0.00976563
 0.01098633
 0.01312256
 0.01495361
 0.01647949
 0.01800537
 0.01892090
 0.01831055
 0.01708984
 0.01586914
 0.01434326
 0.01312256
 0.01129150
 0.00976563
 0.00854492
 0.00823975
 0.00854492
 0.00915527
 0.00976563
 0.01007080
 0.01037598
 0.01068115
 0.01190186
 0.01251221
 0.01281738
 0.01220703
 0.01098633
 0.00946045
 0.00762939
 0.00549316
 0.00335693
 0.00183105
 0.00061035
 0.00030518
-0.00030518
-0.00030518
-0.00061035
-0.00030518
 0.00000000
 0.00000000
 0.00000000
-0.00122070
-0.00274658
-0.00396729
-0.00549316
-0.00701904
-0.00854492
-0.00976563
-0.01037598
-0.01007080
-0.00976563
-0.00915527
-0.00854492
-0.00793457
-0.00701904
-0.00610352
-0.00518799
-0.00518799
-0.00549316
-0.00671387
-0.00854492
-0.01037598
-0.01251221
-0.01403809
-0.01525879
-0.01525879
-0.01464844
-0.01312256
-0.01190186
-0.01098633
-0.01007080
-0.00976563
-0.01007080
-0.01068115
-0.01159668
-0.01251221
-0.01373291
-0.01434326
-0.01556396
-0.01678467
-0.01708984
-0.01647949
-0.01556396
-0.01403809
-0.01190186
-0.00976563
-0.00762939
-0.00549316
-0.00366211
-0.00274658
-0.00244141
-0.00305176
-0.00366211
-0.00457764
-0.00549316
-0.00640869
-0.00701904
-0.00701904
-0.00610352
-0.00427246
-0.00183105
 0.00061035
 0.00274658
 0.00457764
 0.00610352
 0.00671387
 0.00701904
 0.00640869
