-0.00091553
-0.00091553
-0.00122070
-0.00061035
-0.00061035
 0.00000000
-0.00030518
-0.00091553
-0.00061035
-0.00030518
 0.00000000
 0.00000000
-0.00030518
-0.00061035
-0.00030518
-0.00030518
-0.00030518
 0.00000000
-0.00030518
-0.00061035
-0.00091553
-0.00061035
-0.00061035
-0.00030518
-0.00030518
-0.00030518
-0.00030518
-0.00061035
-0.00091553
-0.00091553
-0.00061035
-0.00030518
-0.00030518
-0.00061035
-0.00061035
-0.00061035
-0.00061035
-0.00091553
-0.00152588
-0.00122070
-0.00091553
-0.00030518
 0.00030518
 0.00030518
 0.00000000
-0.00030518
-0.00061035
-0.00061035
-0.00030518
 0.00000000
-0.00030518
-0.00091553
-0.00091553
-0.00091553
-0.00061035
-0.00030518
 0.00000000
 0.00000000
 0.00030518
 0.00030518
 0.00000000
 0.00000000
 0.00000000
 0.00000000
 0.00000000
-0.00030518
-0.00061035
-0.00091553
-0.00061035
-0.00030518
-0.00030518
-0.00030518
-0.00030518
 0.00030518
 0.00000000
-0.00030518
-0.00030518
-0.00030518
-0.00030518
-0.00030518
-0.00030518
-0.00030518
-0.00061035
-0.00061035
-0.00030518
 0.00000000
 0.00000000
 0.00000000
-0.00030518
-0.00030518
 0.00000000
 0.00000000
-0.00030518
-0.00030518
-0.00030518
-0.00030518
-0.00061035
-0.00061035
-0.20751953
-0.28259277
-0.40710449
-0.03112793
 0.18737793
 0.40191650
 0.41168213
 0.27404785
 0.05004883
-0.19409180
-0.37292480
-0.39031982
-0.29785156
-0.16113281
-0.02838135
 0.04852295
 0.04974365
-0.00396729
-0.06103516
-0.03143311
 0.08087158
 0.23620605
 0.39215088
 0.39367676
 0.31799316
 0.13153076
-0.11260986
-0.30120850
-0.36254883
-0.29632568
-0.17059326
-0.01251221
 0.13000488
 0.21667480
 0.23406982
 0.17913818
 0.04547119
-0.08758545
-0.13519287
-0.11260986
-0.05950928
 0.00000000
 0.05645752
 0.09368896
 0.08178711
-0.02319336
-0.17913818
-0.30487061
-0.34149170
-0.23895264
-0.04913330
 0.18768311
 0.41198730
 0.41198730
 0.29266357
 0.13061523
-0.03570557
-0.12725830
-0.15289307
-0.14373779
-0.11779785
-0.10131836
-0.11566162
-0.16357422
-0.19409180
-0.17242432
-0.10772705
-0.01007080
 0.10040283
 0.19226074
 0.23986816
 0.21606445
 0.09429932
-0.07232666
-0.19531250
-0.23254395
-0.21026611
-0.15441895
-0.08972168
-0.02868652
 0.02044678
 0.06347656
 0.10559082
 0.14282227
 0.16082764
 0.14984131
 0.12817383
 0.11840820
 0.11535645
 0.10162354
 0.05737305
-0.02441406
-0.11657715
-0.18249512
-0.20721436
-0.18676758
-0.11474609
 0.00762939
 0.14862061
 0.28808594
 0.34790039
 0.33020020
 0.24200439
 0.10314941
-0.00030518
-0.04394531
-0.06500244
-0.08117676
-0.09857178
-0.10681152
-0.09582520
-0.06866455
-0.03082275
 0.01403809
 0.06408691
 0.11871338
 0.17333984
 0.21575928
 0.21697998
 0.15228271
 0.04638672
-0.06408691
-0.16571045
-0.24261475
-0.27313232
-0.26000977
-0.21423340
-0.14343262
-0.06042480
 0.01434326
 0.05981445
 0.07263184
 0.04364014
-0.00244141
-0.02868652
-0.03204346
-0.02716064
-0.03021240
-0.05310059
-0.08483887
-0.10345459
-0.09918213
-0.07263184
-0.02655029
 0.03265381
 0.09460449
 0.14556885
 0.17395020
 0.16845703
 0.14801025
 0.14190674
 0.14495850
 0.13549805
 0.09765625
 0.03356934
-0.04302979
-0.12359619
-0.19866943
-0.24993896
-0.26336670
-0.24230957
-0.19500732
-0.12969971
-0.05676270
 0.01312256
 0.07263184
 0.12115479
 0.14343262
 0.10803223
 0.01922607
-0.07690430
-0.14709473
-0.18768311
-0.19622803
-0.17425537
-0.12756348
-0.06378174
 0.00579834
 0.06835938
 0.11901855
 0.15747070
 0.17517090
 0.17059326
 0.15350342
 0.13183594
 0.10406494
 0.06896973
 0.02990723
-0.00579834
-0.03295898
-0.04791260
-0.04760742
-0.03204346
-0.00671387
 0.02136230
 0.04730225
 0.07080078
 0.09643555
 0.12603760
 0.14862061
 0.14373779
 0.09307861
 0.00823975
-0.08178711
-0.15869141
-0.20904541
-0.22583008
-0.21301270
-0.18005371
-0.13580322
-0.08575439
-0.03173828
 0.02441406
 0.08117676
 0.13061523
 0.15747070
 0.13641357
 0.07202148
 0.00213623
-0.05340576
-0.09796143
-0.12878418
-0.14160156
-0.13336182
-0.10467529
-0.05889893
-0.00061035
 0.06256104
 0.12115479
 0.16662598
 0.18768311
 0.17486572
 0.14068604
 0.10101318
 0.05401611
-0.00061035
-0.04821777
-0.07354736
-0.07263184
-0.05065918
-0.01586914
 0.02410889
 0.06317139
 0.09399414
 0.10955811
 0.11169434
 0.10559082
 0.09002686
 0.06225586
 0.02563477
-0.01129150
-0.04150391
-0.06286621
-0.07568359
-0.08392334
-0.09338379
-0.10559082
-0.11535645
-0.11322021
-0.09399414
-0.06042480
-0.01922607
 0.02014160
 0.04425049
 0.03417969
-0.00823975
-0.05798340
-0.09643555
-0.11993408
-0.12756348
-0.11810303
-0.09429932
-0.06042480
-0.02288818
 0.01068115
 0.03295898
 0.04119873
 0.04150391
 0.04119873
 0.04211426
 0.04211426
 0.03814697
 0.03051758
 0.02166748
 0.01403809
 0.00854492
 0.00396729
-0.00030518
-0.00366211
-0.00396729
 0.00396729
 0.02227783
 0.04882813
 0.07751465
 0.10101318
 0.11199951
 0.10711670
 0.09185791
 0.07507324
 0.06103516
 0.04974365
 0.03997803
 0.02990723
 0.01953125
 0.00976563
 0.00549316
 0.01129150
 0.02532959
 0.04211426
 0.05432129
 0.05462646
 0.04150391
 0.02014160
-0.00244141
-0.02258301
-0.03753662
-0.04608154
-0.04730225
-0.04302979
-0.03417969
-0.02288818
-0.01220703
-0.00518799
-0.00122070
 0.00244141
 0.00793457
 0.01525879
 0.02197266
 0.02532959
 0.02410889
 0.01770020
 0.00823975
-0.00091553
-0.00762939
-0.01129150
-0.01342773
-0.01617432
-0.02166748
-0.03173828
-0.04425049
-0.05584717
-0.06225586
-0.06256104
-0.05493164
-0.03967285
-0.01739502
 0.00854492
 0.03143311
 0.04302979
 0.03540039
 0.01281738
-0.01220703
-0.02990723
-0.03570557
-0.02960205
-0.01403809
 0.00671387
 0.02685547
 0.03997803
 0.04333496
 0.04302979
 0.04455566
 0.05004883
 0.05706787
 0.06164551
 0.06164551
 0.05493164
 0.04364014
 0.03021240
 0.01678467
 0.00396729
-0.00854492
-0.01953125
-0.02868652
-0.03509521
-0.03906250
-0.04119873
-0.04211426
-0.04180908
-0.03997803
-0.03692627
-0.03234863
-0.02593994
-0.01831055
-0.01098633
-0.00701904
-0.00701904
-0.01129150
-0.01708984
-0.02349854
-0.02777100
-0.02899170
-0.02441406
-0.01373291
 0.00213623
 0.01983643
 0.03448486
 0.04119873
 0.03784180
 0.02838135
 0.01892090
 0.01403809
 0.01220703
 0.00915527
 0.00091553
-0.01403809
-0.03234863
-0.04791260
-0.05523682
-0.05340576
-0.04394531
-0.03112793
-0.01892090
-0.00885010
-0.00213623
 0.00091553
 0.00213623
 0.00183105
 0.00030518
-0.00183105
-0.00213623
 0.00152588
 0.00915527
 0.01708984
 0.02258301
 0.02532959
 0.02838135
 0.03295898
 0.03997803
 0.04760742
 0.05432129
 0.05828857
 0.06011963
 0.06134033
 0.06286621
 0.06317139
 0.06072998
 0.05340576
 0.04241943
 0.03051758
 0.02136230
 0.01495361
 0.01129150
 0.00793457
 0.00366211
-0.00030518
-0.00213623
-0.00091553
 0.00183105
 0.00335693
 0.00091553
-0.00701904
-0.01800537
-0.02960205
-0.03936768
-0.04791260
-0.05615234
-0.06439209
-0.07171631
-0.07537842
-0.07446289
-0.06958008
-0.06347656
-0.05859375
-0.05645752
-0.05615234
-0.05493164
-0.05035400
-0.04364014
-0.03601074
-0.03021240
-0.02807617
-0.02868652
-0.03051758
-0.03234863
-0.03356934
-0.03387451
-0.03234863
-0.02868652
-0.02227783
-0.01342773
-0.00305176
 0.00579834
 0.01098633
 0.01312256
 0.01403809
 0.01708984
 0.02288818
 0.02868652
 0.03112793
 0.02899170
 0.02349854
 0.01800537
 0.01525879
 0.01586914
 0.01892090
 0.02227783
 0.02319336
 0.02166748
 0.01739502
 0.01220703
 0.00701904
 0.00152588
-0.00396729
-0.00946045
-0.01373291
-0.01617432
-0.01708984
-0.01739502
-0.01739502
-0.01770020
-0.01770020
-0.01708984
-0.01525879
-0.01281738
-0.00976563
-0.00732422
-0.00549316
-0.00396729
-0.00274658
-0.00152588
-0.00122070
-0.00244141
-0.00549316
-0.01068115
-0.01678467
-0.02166748
-0.02441406
-0.02502441
-0.02471924
-0.02319336
-0.01983643
-0.01403809
-0.00549316
 0.00549316
 0.01770020
 0.02807617
 0.03448486
 0.03570557
 0.03326416
 0.02929688
 0.02502441
 0.02288818
 0.02288818
 0.02380371
 0.02502441
 0.02563477
 0.02471924
 0.02349854
 0.02288818
 0.02319336
 0.02441406
 0.02624512
 0.02746582
 0.02807617
 0.02685547
 0.02380371
 0.01831055
 0.01190186
 0.00579834
 0.00152588
-0.00091553
-0.00244141
-0.00152588
 0.00152588
 0.00701904
 0.01373291
 0.02075195
 0.02624512
 0.02929688
 0.02807617
 0.02197266
 0.01403809
 0.00579834
-0.00030518
-0.00396729
-0.00457764
-0.00335693
-0.00152588
 0.00061035
 0.00274658
 0.00488281
 0.00701904
 0.00854492
 0.00793457
 0.00457764
-0.00183105
-0.01037598
-0.01861572
-0.02563477
-0.03051758
-0.03417969
-0.03784180
-0.04119873
-0.04272461
-0.04150391
-0.03784180
-0.03234863
-0.02624512
-0.02075195
-0.01586914
-0.01220703
-0.01007080
-0.01007080
-0.01251221
-0.01617432
-0.02136230
-0.02502441
-0.02624512
-0.02410889
-0.01953125
-0.01312256
-0.00549316
 0.00213623
 0.00885010
 0.01281738
 0.01403809
 0.01251221
 0.00915527
 0.00610352
 0.00427246
 0.00457764
 0.00610352
 0.00762939
 0.00793457
 0.00610352
 0.00305176
 0.00091553
 0.00213623
 0.00762939
 0.01708984
 0.02716064
 0.03448486
 0.03692627
 0.03326416
 0.02532959
 0.01617432
 0.00793457
 0.00122070
-0.00335693
-0.00488281
-0.00335693
 0.00091553
 0.00610352
 0.01037598
 0.01281738
 0.01434326
 0.01586914
 0.01739502
 0.02044678
 0.02319336
 0.02380371
 0.02075195
 0.01434326
 0.00640869
-0.00061035
-0.00488281
-0.00549316
-0.00335693
 0.00122070
 0.00732422
 0.01403809
 0.02014160
 0.02441406
 0.02624512
 0.02532959
 0.02349854
 0.02258301
 0.02319336
 0.02502441
 0.02624512
 0.02532959
 0.02227783
 0.01770020
 0.01342773
 0.01159668
 0.01251221
 0.01464844
 0.01678467
 0.01770020
 0.01678467
 0.01495361
 0.01342773
 0.01342773
 0.01403809
 0.01525879
 0.01525879
 0.01403809
 0.01068115
 0.00579834
 0.00061035
-0.00457764
-0.00915527
-0.01220703
-0.01251221
-0.01037598
-0.00732422
-0.00488281
-0.00518799
-0.00793457
-0.01251221
-0.01708984
-0.02105713
-0.02380371
-0.02471924
-0.02349854
-0.02075195
-0.01739502
-0.01525879
-0.01434326
-0.01556396
-0.01770020
-0.01953125
-0.02014160
-0.01953125
-0.01831055
-0.01800537
-0.01922607
-0.02227783
-0.02624512
-0.02960205
-0.03143311
-0.03143311
-0.02960205
-0.02624512
-0.02258301
-0.01953125
-0.01800537
-0.01739502
-0.01770020
-0.01770020
-0.01739502
-0.01647949
-0.01556396
-0.01556396
-0.01678467
-0.01831055
-0.01953125
-0.01953125
-0.01831055
-0.01647949
-0.01464844
-0.01312256
-0.01190186
-0.01037598
-0.00823975
-0.00701904
-0.00671387
-0.00701904
-0.00854492
-0.00946045
-0.01007080
-0.01007080
-0.00946045
-0.00885010
-0.00793457
-0.00610352
-0.00335693
-0.00030518
 0.00244141
 0.00549316
 0.00793457
 0.01037598
 0.01342773
 0.01617432
 0.01861572
 0.01953125
 0.01831055
 0.01617432
 0.01342773
 0.01190186
 0.01159668
 0.01220703
 0.01312256
 0.01434326
 0.01617432
 0.01953125
 0.02380371
 0.02807617
 0.03112793
 0.03234863
 0.03173828
 0.02960205
 0.02746582
 0.02502441
 0.02166748
 0.01861572
 0.01647949
 0.01586914
 0.01647949
 0.01708984
 0.01770020
 0.01770020
 0.01647949
 0.01434326
 0.01129150
 0.00823975
 0.00518799
 0.00213623
-0.00183105
-0.00701904
-0.01281738
-0.01708984
-0.01953125
-0.02014160
-0.01831055
-0.01556396
-0.01342773
-0.01281738
-0.01373291
-0.01525879
-0.01617432
-0.01617432
-0.01525879
-0.01312256
-0.01037598
-0.00823975
-0.00640869
-0.00610352
-0.00701904
-0.00915527
-0.01098633
-0.01098633
-0.00854492
-0.00366211
 0.00152588
 0.00610352
 0.00823975
 0.00885010
 0.00823975
 0.00640869
 0.00396729
 0.00091553
-0.00213623
-0.00610352
-0.00915527
-0.01159668
-0.01312256
-0.01434326
-0.01617432
-0.01861572
-0.02105713
-0.02349854
-0.02502441
-0.02624512
-0.02624512
-0.02532959
-0.02502441
-0.02624512
-0.02929688
-0.03265381
-0.03631592
-0.03845215
-0.03875732
-0.03692627
-0.03387451
-0.02929688
-0.02593994
-0.02380371
-0.02410889
-0.02563477
-0.02685547
-0.02624512
-0.02380371
-0.02075195
-0.01739502
-0.01434326
-0.01251221
-0.01098633
-0.00885010
-0.00549316
-0.00061035
 0.00488281
 0.01098633
 0.01586914
 0.02105713
 0.02624512
 0.03082275
 0.03540039
 0.03936768
 0.04272461
 0.04577637
 0.04791260
 0.04852295
 0.04821777
 0.04730225
 0.04577637
 0.04333496
 0.04028320
 0.03723145
 0.03417969
 0.03173828
 0.02960205
 0.02838135
 0.02777100
 0.02746582
 0.02746582
 0.02777100
 0.02868652
 0.03021240
 0.03082275
 0.02990723
 0.02746582
 0.02410889
 0.02044678
 0.01678467
 0.01281738
 0.01007080
 0.00823975
 0.00671387
 0.00549316
 0.00518799
 0.00518799
 0.00457764
 0.00244141
-0.00030518
-0.00335693
-0.00671387
-0.00976563
-0.01190186
-0.01373291
-0.01525879
-0.01739502
-0.01953125
-0.02105713
-0.02105713
-0.01922607
-0.01556396
-0.01037598
-0.00457764
 0.00061035
 0.00549316
 0.00885010
 0.01037598
 0.00976563
 0.00701904
 0.00274658
-0.00091553
-0.00305176
-0.00366211
-0.00366211
-0.00518799
-0.00732422
-0.01037598
-0.01373291
-0.01586914
-0.01678467
-0.01678467
-0.01647949
-0.01617432
-0.01586914
-0.01678467
-0.01892090
-0.02288818
-0.02716064
-0.03143311
-0.03417969
-0.03417969
-0.03143311
-0.02685547
-0.02197266
-0.01831055
-0.01586914
-0.01373291
-0.01129150
-0.00854492
-0.00549316
-0.00244141
 0.00061035
 0.00305176
 0.00427246
 0.00396729
 0.00305176
 0.00274658
 0.00335693
 0.00518799
 0.00793457
 0.01159668
 0.01525879
 0.01770020
 0.01861572
 0.01861572
 0.01831055
 0.01892090
 0.01983643
 0.01922607
 0.01739502
 0.01434326
 0.01159668
 0.00976563
 0.00915527
 0.00915527
 0.00946045
 0.01098633
 0.01281738
 0.01434326
 0.01556396
 0.01586914
 0.01464844
 0.01342773
 0.01251221
 0.01312256
 0.01373291
 0.01434326
 0.01464844
 0.01464844
 0.01464844
 0.01556396
 0.01708984
 0.01831055
 0.01953125
 0.02075195
 0.02197266
 0.02380371
 0.02563477
 0.02685547
 0.02624512
 0.02349854
 0.01831055
 0.01281738
 0.00823975
 0.00549316
 0.00366211
 0.00335693
 0.00366211
 0.00366211
 0.00305176
 0.00152588
-0.00061035
-0.00274658
-0.00427246
-0.00427246
-0.00335693
-0.00244141
-0.00274658
-0.00457764
-0.00732422
-0.01068115
-0.01342773
-0.01403809
-0.01251221
-0.01068115
-0.00915527
-0.00885010
-0.01007080
-0.01220703
-0.01434326
-0.01586914
-0.01739502
-0.01800537
-0.01770020
-0.01739502
-0.01770020
-0.01831055
-0.01831055
-0.01800537
-0.01770020
-0.01678467
-0.01556396
-0.01525879
-0.01525879
-0.01556396
-0.01647949
-0.01861572
-0.02136230
-0.02288818
-0.02349854
-0.02349854
-0.02410889
-0.02563477
-0.02777100
-0.02899170
-0.02868652
-0.02807617
-0.02593994
-0.02410889
-0.02197266
-0.01983643
-0.01770020
-0.01525879
-0.01251221
-0.00946045
-0.00732422
-0.00488281
-0.00274658
-0.00091553
 0.00030518
 0.00183105
 0.00213623
 0.00213623
 0.00152588
 0.00183105
 0.00335693
 0.00610352
 0.00885010
 0.01098633
 0.01251221
 0.01312256
 0.01281738
 0.01190186
 0.01068115
 0.00885010
 0.00701904
 0.00488281
 0.00335693
 0.00213623
 0.00122070
 0.00000000
-0.00061035
-0.00061035
-0.00030518
 0.00091553
 0.00244141
 0.00488281
 0.00732422
 0.00915527
 0.01037598
 0.00946045
 0.00701904
 0.00366211
-0.00030518
-0.00396729
-0.00671387
-0.00762939
-0.00701904
-0.00518799
-0.00244141
 0.00030518
 0.00244141
 0.00366211
 0.00396729
 0.00396729
 0.00335693
 0.00274658
 0.00244141
 0.00183105
 0.00061035
-0.00091553
-0.00305176
-0.00518799
-0.00640869
-0.00579834
-0.00366211
-0.00091553
 0.00244141
 0.00518799
 0.00732422
 0.00915527
 0.01068115
 0.01129150
 0.01098633
 0.00915527
 0.00671387
 0.00305176
 0.00061035
 0.00000000
 0.00122070
 0.00335693
 0.00579834
 0.00823975
 0.01098633
 0.01281738
 0.01312256
 0.01220703
 0.01037598
 0.00762939
 0.00518799
 0.00183105
-0.00213623
-0.00640869
-0.01129150
-0.01556396
-0.01800537
-0.01800537
-0.01617432
-0.01281738
-0.00823975
-0.00305176
 0.00152588
 0.00579834
 0.00946045
 0.01098633
 0.01068115
 0.00823975
 0.00457764
 0.00122070
-0.00091553
-0.00183105
-0.00152588
 0.00000000
 0.00274658
 0.00579834
 0.00762939
 0.00823975
 0.00854492
 0.00885010
 0.00885010
 0.00762939
 0.00610352
 0.00396729
 0.00152588
-0.00122070
-0.00396729
-0.00610352
-0.00732422
-0.00762939
-0.00671387
-0.00457764
-0.00213623
-0.00061035
 0.00091553
 0.00183105
 0.00213623
 0.00152588
-0.00030518
-0.00244141
-0.00488281
-0.00701904
-0.00854492
-0.00946045
-0.00976563
-0.00885010
-0.00671387
-0.00366211
-0.00061035
 0.00213623
 0.00366211
 0.00396729
 0.00457764
 0.00488281
 0.00427246
 0.00274658
 0.00091553
-0.00061035
-0.00183105
-0.00335693
-0.00427246
-0.00518799
-0.00488281
-0.00335693
-0.00061035
 0.00274658
 0.00640869
 0.00915527
 0.01068115
 0.01129150
 0.01159668
 0.01190186
 0.01220703
 0.01220703
 0.01129150
 0.01007080
 0.00823975
 0.00671387
 0.00610352
 0.00640869
 0.00701904
 0.00854492
 0.01037598
 0.01129150
 0.01159668
 0.01098633
 0.00915527
 0.00701904
 0.00549316
 0.00427246
 0.00213623
-0.00061035
-0.00396729
-0.00762939
-0.01037598
-0.01251221
-0.01281738
-0.01190186
-0.01007080
-0.00732422
-0.00518799
-0.00305176
-0.00213623
-0.00213623
-0.00244141
-0.00305176
-0.00366211
-0.00396729
-0.00427246
-0.00457764
-0.00518799
-0.00518799
-0.00396729
-0.00152588
 0.00152588
 0.00396729
 0.00579834
 0.00701904
 0.00793457
 0.00854492
 0.00823975
 0.00762939
 0.00671387
 0.00518799
 0.00244141
-0.00030518
-0.00305176
-0.00518799
-0.00640869
-0.00610352
-0.00366211
 0.00000000
 0.00427246
 0.00793457
 0.00976563
 0.01037598
 0.01007080
 0.00854492
 0.00610352
 0.00335693
 0.00061035
-0.00213623
-0.00457764
-0.00732422
-0.00854492
-0.00823975
-0.00701904
-0.00518799
-0.00335693
-0.00152588
 0.00000000
 0.00091553
 0.00183105
 0.00183105
 0.00091553
 0.00030518
-0.00122070
-0.00305176
-0.00427246
-0.00427246
-0.00335693
-0.00152588
 0.00061035
 0.00274658
 0.00549316
 0.00762939
 0.00885010
 0.00885010
 0.00823975
 0.00762939
 0.00640869
 0.00518799
 0.00427246
 0.00396729
 0.00396729
 0.00396729
 0.00366211
 0.00366211
 0.00488281
 0.00671387
 0.00946045
 0.01220703
 0.01403809
 0.01403809
 0.01342773
 0.01251221
 0.01037598
 0.00793457
 0.00549316
 0.00335693
 0.00183105
 0.00122070
 0.00183105
 0.00244141
 0.00274658
 0.00274658
 0.00274658
 0.00366211
 0.00427246
 0.00518799
 0.00579834
 0.00549316
 0.00366211
 0.00030518
-0.00335693
-0.00640869
-0.00885010
-0.01098633
-0.01281738
-0.01403809
-0.01434326
-0.01403809
-0.01373291
-0.01342773
-0.01220703
-0.01098633
-0.00976563
-0.00823975
-0.00701904
-0.00610352
-0.00610352
-0.00732422
-0.00976563
-0.01251221
-0.01403809
-0.01403809
-0.01312256
-0.01159668
-0.00915527
-0.00579834
-0.00274658
 0.00030518
 0.00305176
 0.00457764
 0.00549316
 0.00579834
 0.00549316
 0.00366211
 0.00183105
-0.00030518
-0.00274658
-0.00518799
-0.00732422
-0.00915527
-0.01037598
-0.01007080
-0.00854492
-0.00671387
-0.00457764
-0.00274658
-0.00213623
-0.00244141
-0.00396729
-0.00610352
-0.00793457
-0.01037598
-0.01190186
-0.01190186
-0.01159668
-0.01159668
-0.01159668
-0.01037598
-0.00885010
-0.00671387
-0.00457764
-0.00366211
-0.00396729
-0.00427246
-0.00549316
-0.00671387
-0.00793457
-0.00915527
-0.01007080
-0.01007080
-0.00976563
-0.00946045
-0.00946045
-0.00885010
-0.00762939
-0.00518799
-0.00152588
 0.00213623
 0.00549316
 0.00732422
 0.00762939
 0.00671387
 0.00518799
 0.00366211
 0.00213623
 0.00183105
 0.00244141
 0.00335693
 0.00366211
 0.00366211
 0.00366211
 0.00396729
 0.00518799
 0.00610352
 0.00610352
 0.00610352
 0.00579834
 0.00610352
 0.00671387
 0.00671387
 0.00640869
 0.00518799
 0.00427246
 0.00366211
 0.00305176
 0.00274658
 0.00183105
 0.00152588
 0.00244141
 0.00396729
 0.00549316
 0.00640869
 0.00579834
 0.00457764
 0.00305176
 0.00183105
 0.00061035
-0.00030518
-0.00122070
-0.00213623
-0.00335693
-0.00427246
-0.00457764
-0.00427246
-0.00213623
 0.00061035
 0.00305176
 0.00488281
 0.00671387
 0.00823975
 0.00946045
 0.00946045
 0.00823975
 0.00671387
 0.00488281
 0.00305176
 0.00183105
 0.00152588
 0.00183105
 0.00213623
 0.00244141
 0.00305176
 0.00457764
 0.00579834
 0.00671387
 0.00671387
 0.00671387
 0.00579834
 0.00518799
 0.00396729
 0.00305176
 0.00122070
-0.00030518
-0.00152588
-0.00183105
-0.00091553
 0.00122070
 0.00366211
 0.00549316
 0.00671387
 0.00762939
 0.00885010
 0.00976563
 0.01037598
 0.01007080
 0.00915527
 0.00762939
 0.00518799
 0.00335693
 0.00274658
 0.00305176
 0.00366211
 0.00488281
 0.00671387
 0.00854492
 0.01037598
 0.01159668
 0.01190186
 0.01098633
 0.00915527
 0.00701904
 0.00488281
 0.00274658
 0.00091553
-0.00091553
-0.00244141
-0.00366211
-0.00335693
-0.00213623
-0.00122070
-0.00030518
 0.00000000
 0.00000000
-0.00030518
-0.00030518
-0.00030518
-0.00091553
-0.00244141
-0.00457764
-0.00671387
-0.00793457
-0.00915527
-0.00946045
-0.00915527
-0.00823975
-0.00701904
-0.00549316
-0.00366211
-0.00152588
 0.00030518
 0.00152588
 0.00183105
 0.00122070
 0.00061035
 0.00000000
-0.00061035
-0.00244141
-0.00427246
-0.00549316
-0.00549316
-0.00396729
-0.00122070
 0.00152588
 0.00427246
 0.00610352
 0.00732422
 0.00762939
 0.00701904
 0.00579834
 0.00396729
 0.00152588
-0.00152588
-0.00396729
-0.00549316
-0.00610352
-0.00671387
-0.00701904
-0.00610352
-0.00396729
-0.00152588
 0.00030518
 0.00152588
 0.00274658
 0.00244141
 0.00152588
-0.00030518
-0.00213623
-0.00427246
-0.00579834
-0.00701904
-0.00793457
-0.00793457
-0.00732422
-0.00579834
-0.00305176
-0.00030518
 0.00213623
 0.00335693
 0.00396729
 0.00396729
 0.00335693
 0.00183105
 0.00030518
-0.00213623
-0.00427246
-0.00610352
-0.00671387
-0.00610352
-0.00488281
-0.00274658
-0.00061035
 0.00122070
 0.00274658
 0.00427246
 0.00488281
 0.00518799
 0.00518799
 0.00457764
 0.00366211
 0.00213623
 0.00061035
-0.00061035
-0.00091553
-0.00030518
 0.00091553
 0.00244141
 0.00366211
 0.00488281
 0.00640869
 0.00793457
 0.00885010
 0.01007080
 0.01037598
 0.01007080
 0.00885010
 0.00671387
 0.00457764
 0.00274658
 0.00061035
 0.00000000
 0.00061035
 0.00183105
 0.00335693
 0.00488281
 0.00640869
 0.00762939
 0.00823975
 0.00823975
 0.00823975
 0.00823975
 0.00762939
 0.00579834
 0.00396729
 0.00213623
 0.00061035
-0.00030518
-0.00061035
 0.00000000
 0.00183105
 0.00366211
 0.00549316
 0.00701904
 0.00854492
 0.00915527
 0.00885010
 0.00732422
 0.00488281
 0.00213623
-0.00091553
-0.00396729
-0.00640869
-0.00793457
-0.00885010
-0.00976563
-0.00976563
-0.00885010
-0.00762939
-0.00640869
-0.00488281
-0.00335693
-0.00274658
-0.00305176
-0.00488281
-0.00762939
-0.01098633
-0.01434326
-0.01647949
-0.01708984
-0.01617432
-0.01434326
-0.01220703
-0.01037598
-0.00823975
-0.00579834
-0.00335693
-0.00122070
 0.00000000
 0.00030518
-0.00061035
-0.00152588
-0.00335693
-0.00549316
-0.00793457
-0.01037598
-0.01129150
-0.01129150
-0.01007080
-0.00823975
-0.00610352
-0.00427246
-0.00244141
-0.00091553
 0.00030518
 0.00122070
 0.00183105
 0.00183105
 0.00152588
 0.00091553
 0.00030518
-0.00030518
-0.00061035
-0.00091553
-0.00061035
 0.00000000
 0.00122070
 0.00274658
 0.00518799
 0.00701904
 0.00762939
 0.00793457
 0.00671387
 0.00549316
 0.00427246
 0.00335693
 0.00213623
 0.00152588
 0.00122070
 0.00122070
 0.00091553
 0.00091553
 0.00183105
 0.00274658
 0.00335693
 0.00335693
 0.00366211
 0.00427246
 0.00427246
 0.00396729
 0.00366211
 0.00305176
 0.00152588
 0.00030518
-0.00061035
-0.00061035
 0.00030518
 0.00213623
 0.00427246
 0.00610352
 0.00762939
 0.00854492
 0.00854492
 0.00793457
 0.00732422
 0.00640869
 0.00518799
 0.00396729
 0.00213623
-0.00030518
-0.00305176
-0.00488281
-0.00610352
-0.00579834
-0.00518799
-0.00396729
-0.00244141
-0.00122070
-0.00061035
-0.00122070
-0.00183105
-0.00335693
-0.00488281
-0.00640869
-0.00732422
-0.00854492
-0.01037598
-0.01190186
-0.01251221
-0.01220703
-0.01068115
-0.00854492
-0.00640869
-0.00518799
-0.00396729
-0.00305176
-0.00335693
-0.00427246
-0.00549316
-0.00671387
-0.00823975
-0.00915527
-0.00946045
-0.00885010
-0.00762939
-0.00579834
-0.00427246
-0.00335693
-0.00244141
-0.00061035
 0.00122070
 0.00305176
 0.00396729
 0.00427246
 0.00427246
 0.00366211
 0.00183105
 0.00000000
-0.00183105
-0.00305176
-0.00305176
-0.00183105
-0.00030518
 0.00122070
 0.00244141
 0.00244141
 0.00183105
 0.00244141
 0.00305176
 0.00457764
 0.00549316
 0.00579834
 0.00518799
 0.00366211
 0.00152588
 0.00000000
-0.00091553
-0.00061035
 0.00000000
 0.00152588
 0.00335693
 0.00457764
 0.00579834
 0.00640869
 0.00640869
 0.00640869
 0.00701904
 0.00732422
 0.00762939
 0.00793457
 0.00823975
 0.00793457
 0.00732422
 0.00640869
 0.00610352
 0.00640869
 0.00762939
 0.00976563
 0.01190186
 0.01312256
 0.01403809
 0.01464844
 0.01525879
 0.01525879
 0.01434326
 0.01373291
 0.01251221
 0.01098633
 0.01037598
 0.01037598
 0.01037598
 0.00976563
 0.00946045
 0.00946045
 0.01037598
 0.01220703
 0.01434326
 0.01647949
 0.01678467
 0.01617432
 0.01434326
 0.01129150
 0.00854492
 0.00640869
 0.00457764
 0.00274658
 0.00213623
 0.00152588
 0.00152588
 0.00183105
 0.00213623
 0.00244141
 0.00274658
 0.00366211
 0.00457764
 0.00549316
 0.00488281
 0.00305176
 0.00030518
-0.00274658
-0.00549316
-0.00732422
-0.00762939
-0.00793457
-0.00701904
-0.00549316
-0.00366211
-0.00152588
-0.00122070
-0.00091553
-0.00122070
-0.00213623
-0.00335693
-0.00488281
-0.00610352
-0.00701904
-0.00823975
-0.00946045
-0.01068115
-0.01190186
-0.01281738
-0.01281738
-0.01159668
-0.00976563
-0.00732422
-0.00518799
-0.00457764
-0.00518799
-0.00701904
-0.00976563
-0.01251221
-0.01373291
-0.01403809
-0.01373291
-0.01251221
-0.01129150
-0.00915527
-0.00732422
-0.00579834
-0.00457764
-0.00335693
-0.00244141
-0.00122070
 0.00000000
 0.00091553
 0.00061035
-0.00061035
-0.00213623
-0.00335693
-0.00427246
-0.00488281
-0.00549316
-0.00457764
-0.00335693
-0.00183105
-0.00091553
 0.00000000
 0.00061035
 0.00061035
 0.00000000
-0.00091553
-0.00183105
-0.00213623
-0.00213623
-0.00183105
-0.00122070
-0.00061035
-0.00061035
 0.00000000
 0.00122070
 0.00274658
 0.00457764
 0.00610352
 0.00762939
 0.00885010
 0.01037598
 0.01129150
 0.01129150
 0.01037598
 0.00915527
 0.00793457
 0.00640869
 0.00488281
 0.00396729
 0.00366211
 0.00366211
 0.00335693
 0.00366211
 0.00396729
 0.00488281
 0.00610352
 0.00732422
 0.00793457
 0.00793457
 0.00701904
 0.00518799
 0.00335693
 0.00152588
 0.00061035
 0.00030518
 0.00030518
 0.00061035
 0.00091553
 0.00152588
 0.00152588
 0.00152588
 0.00152588
 0.00213623
 0.00335693
 0.00427246
 0.00488281
 0.00427246
 0.00305176
 0.00122070
-0.00061035
-0.00213623
-0.00335693
-0.00366211
-0.00366211
-0.00274658
-0.00152588
-0.00091553
-0.00030518
-0.00030518
-0.00061035
-0.00030518
-0.00030518
-0.00030518
-0.00030518
-0.00091553
-0.00183105
-0.00305176
-0.00396729
-0.00427246
-0.00427246
-0.00396729
-0.00335693
-0.00274658
-0.00244141
-0.00213623
-0.00213623
-0.00183105
-0.00244141
-0.00396729
-0.00610352
-0.00732422
-0.00823975
-0.00946045
-0.01098633
-0.01220703
-0.01281738
-0.01281738
-0.01190186
-0.01098633
-0.01007080
-0.00915527
-0.00915527
-0.00885010
-0.00854492
-0.00854492
-0.00854492
-0.00915527
-0.00915527
-0.00915527
-0.00885010
-0.00854492
-0.00823975
-0.00823975
-0.00762939
-0.00671387
-0.00518799
-0.00396729
-0.00274658
-0.00152588
-0.00091553
-0.00122070
-0.00183105
-0.00183105
-0.00152588
-0.00091553
-0.00030518
 0.00061035
 0.00152588
 0.00213623
 0.00183105
 0.00122070
 0.00061035
-0.00030518
-0.00091553
-0.00183105
-0.00152588
 0.00000000
 0.00122070
 0.00213623
 0.00244141
 0.00274658
 0.00274658
 0.00305176
 0.00366211
 0.00427246
 0.00488281
 0.00457764
 0.00427246
 0.00427246
 0.00427246
 0.00427246
 0.00396729
 0.00274658
 0.00244141
 0.00274658
 0.00366211
 0.00518799
 0.00549316
 0.00488281
 0.00366211
 0.00335693
 0.00366211
 0.00457764
 0.00549316
 0.00610352
 0.00610352
 0.00610352
 0.00518799
 0.00457764
 0.00518799
 0.00579834
 0.00579834
 0.00610352
 0.00701904
 0.00701904
 0.00671387
 0.00610352
 0.00549316
 0.00518799
 0.00488281
 0.00518799
 0.00579834
 0.00640869
 0.00640869
 0.00610352
 0.00549316
 0.00457764
 0.00335693
 0.00274658
 0.00274658
 0.00244141
 0.00183105
 0.00091553
-0.00030518
-0.00122070
-0.00183105
-0.00244141
-0.00305176
-0.00335693
-0.00366211
-0.00335693
-0.00274658
-0.00183105
-0.00091553
-0.00091553
-0.00152588
-0.00213623
-0.00213623
-0.00183105
-0.00122070
-0.00091553
-0.00061035
 0.00000000
 0.00000000
 0.00030518
 0.00030518
 0.00091553
 0.00122070
 0.00183105
 0.00213623
 0.00274658
 0.00274658
 0.00244141
 0.00183105
 0.00122070
 0.00091553
 0.00152588
 0.00183105
 0.00213623
 0.00183105
 0.00122070
 0.00091553
 0.00030518
-0.00030518
 0.00000000
 0.00000000
 0.00061035
 0.00122070
 0.00183105
 0.00244141
 0.00305176
 0.00305176
 0.00244141
 0.00213623
 0.00183105
 0.00183105
 0.00183105
 0.00213623
 0.00305176
 0.00396729
 0.00457764
 0.00457764
 0.00396729
 0.00366211
 0.00396729
 0.00457764
 0.00549316
 0.00610352
 0.00610352
 0.00518799
 0.00366211
 0.00274658
 0.00213623
 0.00213623
 0.00244141
 0.00366211
 0.00457764
 0.00579834
 0.00732422
 0.00823975
 0.00915527
 0.00946045
 0.00946045
 0.00946045
 0.00885010
 0.00793457
 0.00701904
 0.00640869
 0.00579834
 0.00518799
 0.00457764
 0.00457764
 0.00488281
 0.00579834
 0.00732422
 0.00854492
 0.00915527
 0.00885010
 0.00793457
 0.00640869
 0.00488281
 0.00305176
 0.00122070
-0.00030518
-0.00061035
-0.00122070
-0.00183105
-0.00244141
-0.00274658
-0.00305176
-0.00274658
-0.00244141
-0.00183105
-0.00122070
-0.00122070
-0.00183105
-0.00274658
-0.00427246
-0.00579834
-0.00671387
-0.00732422
-0.00732422
-0.00701904
-0.00610352
-0.00518799
-0.00396729
-0.00274658
-0.00183105
-0.00213623
-0.00244141
-0.00244141
-0.00244141
-0.00274658
-0.00396729
-0.00610352
-0.00793457
-0.01007080
-0.01129150
-0.01220703
-0.01220703
-0.01129150
-0.00976563
-0.00762939
-0.00579834
-0.00457764
-0.00488281
-0.00518799
-0.00549316
-0.00610352
-0.00671387
-0.00732422
-0.00793457
-0.00793457
-0.00793457
-0.00793457
-0.00793457
-0.00854492
-0.00823975
-0.00732422
-0.00579834
-0.00396729
-0.00213623
-0.00152588
-0.00213623
-0.00305176
-0.00396729
-0.00549316
-0.00610352
-0.00640869
-0.00640869
-0.00640869
-0.00579834
-0.00549316
-0.00488281
-0.00396729
-0.00335693
-0.00305176
-0.00305176
-0.00244141
-0.00152588
-0.00030518
 0.00000000
-0.00030518
-0.00091553
-0.00152588
-0.00183105
-0.00152588
-0.00152588
 0.00000000
 0.00183105
 0.00335693
 0.00457764
 0.00549316
 0.00579834
 0.00549316
 0.00427246
 0.00274658
 0.00183105
 0.00091553
 0.00030518
-0.00030518
-0.00030518
-0.00061035
-0.00091553
-0.00091553
-0.00091553
-0.00030518
 0.00061035
 0.00122070
 0.00213623
 0.00305176
 0.00305176
 0.00274658
 0.00183105
 0.00030518
-0.00091553
-0.00183105
-0.00274658
-0.00305176
-0.00244141
-0.00213623
-0.00213623
-0.00183105
-0.00183105
-0.00091553
 0.00000000
 0.00030518
 0.00030518
 0.00030518
 0.00000000
-0.00091553
-0.00213623
-0.00335693
-0.00335693
-0.00305176
-0.00274658
-0.00213623
-0.00122070
-0.00030518
 0.00061035
 0.00091553
 0.00091553
 0.00091553
 0.00091553
 0.00122070
 0.00152588
 0.00213623
 0.00305176
 0.00305176
 0.00274658
 0.00244141
 0.00244141
 0.00244141
 0.00305176
 0.00366211
 0.00396729
 0.00427246
 0.00427246
 0.00396729
 0.00335693
 0.00244141
 0.00122070
 0.00030518
-0.00030518
-0.00091553
-0.00122070
-0.00091553
-0.00091553
-0.00061035
-0.00091553
-0.00091553
-0.00091553
-0.00061035
-0.00122070
-0.00122070
-0.00122070
-0.00091553
-0.00061035
-0.00030518
 0.00030518
 0.00091553
 0.00122070
 0.00091553
 0.00122070
 0.00152588
 0.00244141
 0.00274658
 0.00305176
 0.00366211
 0.00305176
 0.00213623
 0.00183105
 0.00152588
 0.00152588
 0.00183105
 0.00244141
 0.00305176
 0.00335693
 0.00396729
 0.00488281
 0.00579834
 0.00549316
 0.00488281
 0.00427246
 0.00335693
 0.00274658
 0.00244141
 0.00274658
 0.00366211
 0.00427246
 0.00457764
 0.00457764
 0.00488281
 0.00549316
 0.00579834
 0.00549316
 0.00518799
 0.00457764
 0.00427246
 0.00396729
 0.00366211
 0.00183105
 0.00000000
-0.00152588
-0.00213623
-0.00183105
-0.00152588
-0.00091553
-0.00061035
 0.00000000
 0.00061035
 0.00091553
 0.00030518
-0.00030518
-0.00122070
-0.00213623
-0.00274658
-0.00274658
-0.00305176
-0.00335693
-0.00335693
-0.00335693
-0.00305176
-0.00183105
-0.00061035
 0.00061035
 0.00152588
 0.00213623
 0.00213623
 0.00152588
 0.00061035
-0.00030518
-0.00122070
-0.00213623
-0.00305176
-0.00396729
-0.00427246
-0.00396729
-0.00366211
-0.00366211
-0.00335693
-0.00274658
-0.00244141
-0.00244141
-0.00305176
-0.00335693
-0.00335693
-0.00366211
-0.00427246
-0.00457764
-0.00549316
-0.00579834
-0.00518799
-0.00457764
-0.00335693
-0.00183105
-0.00061035
 0.00030518
 0.00091553
 0.00152588
 0.00183105
 0.00183105
 0.00213623
 0.00213623
 0.00244141
 0.00274658
 0.00274658
 0.00244141
 0.00183105
 0.00152588
 0.00183105
 0.00244141
 0.00305176
 0.00396729
 0.00457764
 0.00518799
 0.00549316
 0.00579834
 0.00579834
 0.00549316
 0.00549316
 0.00549316
 0.00549316
 0.00518799
 0.00518799
 0.00610352
 0.00640869
 0.00671387
 0.00671387
 0.00640869
 0.00671387
 0.00701904
 0.00762939
 0.00823975
 0.00823975
 0.00762939
 0.00671387
 0.00610352
 0.00488281
 0.00366211
 0.00305176
 0.00274658
 0.00244141
 0.00183105
 0.00122070
 0.00122070
 0.00122070
 0.00122070
 0.00091553
 0.00091553
 0.00122070
 0.00122070
 0.00122070
 0.00122070
 0.00000000
-0.00061035
-0.00091553
-0.00152588
-0.00213623
-0.00244141
-0.00305176
-0.00335693
-0.00305176
-0.00244141
-0.00152588
-0.00091553
-0.00030518
 0.00030518
 0.00061035
 0.00091553
 0.00061035
-0.00061035
-0.00183105
-0.00274658
-0.00396729
-0.00518799
-0.00579834
-0.00610352
-0.00610352
-0.00610352
-0.00610352
-0.00610352
-0.00579834
-0.00610352
-0.00640869
-0.00640869
-0.00610352
-0.00640869
-0.00732422
-0.00823975
-0.00915527
-0.01007080
-0.01068115
-0.01068115
-0.01037598
-0.00976563
-0.00885010
-0.00762939
-0.00701904
-0.00671387
-0.00671387
-0.00671387
-0.00640869
-0.00610352
-0.00671387
-0.00732422
-0.00732422
-0.00762939
-0.00823975
-0.00823975
-0.00793457
-0.00732422
-0.00701904
-0.00671387
-0.00579834
-0.00488281
-0.00427246
-0.00366211
-0.00274658
-0.00213623
-0.00274658
-0.00335693
-0.00366211
-0.00396729
-0.00396729
-0.00396729
-0.00335693
-0.00305176
-0.00244141
-0.00183105
-0.00091553
 0.00000000
 0.00091553
 0.00183105
 0.00274658
 0.00335693
 0.00335693
 0.00305176
 0.00213623
 0.00122070
 0.00061035
 0.00030518
 0.00000000
-0.00030518
-0.00030518
 0.00000000
 0.00061035
 0.00122070
 0.00244141
 0.00335693
 0.00427246
 0.00488281
 0.00518799
 0.00457764
 0.00335693
 0.00213623
 0.00122070
 0.00061035
 0.00030518
 0.00061035
 0.00122070
 0.00183105
 0.00244141
 0.00335693
 0.00427246
 0.00579834
 0.00671387
 0.00732422
 0.00701904
 0.00610352
 0.00518799
 0.00427246
 0.00335693
 0.00183105
 0.00030518
-0.00030518
-0.00030518
 0.00000000
 0.00091553
 0.00183105
 0.00244141
 0.00335693
 0.00396729
 0.00396729
 0.00305176
 0.00244141
 0.00152588
 0.00030518
-0.00091553
-0.00183105
-0.00244141
-0.00305176
-0.00305176
-0.00305176
-0.00305176
-0.00274658
-0.00152588
-0.00061035
 0.00000000
 0.00061035
 0.00000000
-0.00091553
-0.00213623
-0.00335693
-0.00457764
-0.00610352
-0.00701904
-0.00701904
-0.00701904
-0.00671387
-0.00579834
-0.00488281
-0.00427246
-0.00366211
-0.00335693
-0.00305176
-0.00305176
-0.00366211
-0.00396729
-0.00427246
-0.00427246
-0.00427246
-0.00457764
-0.00488281
-0.00488281
-0.00366211
-0.00244141
-0.00152588
-0.00061035
 0.00000000
 0.00030518
 0.00030518
 0.00000000
 0.00030518
 0.00061035
 0.00061035
 0.00122070
 0.00122070
 0.00183105
 0.00213623
 0.00213623
 0.00183105
 0.00122070
 0.00091553
 0.00152588
 0.00183105
 0.00213623
 0.00244141
 0.00305176
 0.00305176
 0.00335693
 0.00396729
 0.00457764
 0.00549316
 0.00610352
 0.00671387
 0.00701904
 0.00701904
 0.00732422
 0.00762939
 0.00793457
 0.00762939
 0.00701904
 0.00701904
 0.00762939
 0.00823975
 0.00823975
 0.00793457
 0.00823975
 0.00854492
 0.00793457
 0.00732422
 0.00671387
 0.00640869
 0.00610352
 0.00610352
 0.00549316
 0.00457764
 0.00335693
 0.00183105
 0.00091553
 0.00091553
 0.00122070
 0.00091553
 0.00061035
 0.00091553
 0.00152588
 0.00152588
 0.00091553
 0.00061035
 0.00030518
 0.00000000
-0.00091553
-0.00122070
-0.00213623
-0.00274658
-0.00305176
-0.00274658
-0.00305176
-0.00335693
-0.00305176
-0.00305176
-0.00305176
-0.00244141
-0.00213623
-0.00152588
-0.00152588
-0.00244141
-0.00335693
-0.00427246
-0.00488281
-0.00579834
-0.00671387
-0.00671387
-0.00701904
-0.00701904
-0.00701904
-0.00610352
-0.00457764
-0.00274658
-0.00213623
-0.00213623
-0.00183105
-0.00213623
-0.00274658
-0.00366211
-0.00427246
-0.00457764
-0.00488281
-0.00488281
-0.00427246
-0.00366211
-0.00335693
-0.00244141
-0.00213623
-0.00183105
-0.00091553
-0.00091553
-0.00122070
-0.00244141
-0.00274658
-0.00305176
-0.00366211
-0.00457764
-0.00488281
-0.00549316
-0.00579834
-0.00610352
-0.00549316
-0.00457764
-0.00305176
-0.00183105
-0.00091553
 0.00030518
 0.00061035
 0.00091553
 0.00061035
 0.00030518
-0.00030518
-0.00091553
-0.00152588
-0.00152588
-0.00122070
-0.00030518
 0.00091553
 0.00244141
 0.00366211
 0.00427246
 0.00457764
 0.00488281
 0.00488281
 0.00488281
 0.00488281
 0.00488281
 0.00457764
 0.00396729
 0.00335693
 0.00274658
 0.00274658
 0.00305176
 0.00274658
 0.00274658
 0.00335693
 0.00488281
 0.00640869
 0.00732422
 0.00732422
 0.00701904
 0.00579834
 0.00457764
 0.00396729
 0.00335693
 0.00366211
 0.00366211
 0.00396729
 0.00427246
 0.00427246
 0.00396729
 0.00396729
 0.00366211
 0.00305176
 0.00244141
 0.00213623
 0.00152588
 0.00152588
 0.00122070
 0.00030518
-0.00091553
-0.00213623
-0.00366211
-0.00396729
-0.00366211
-0.00305176
-0.00244141
-0.00213623
-0.00152588
-0.00152588
-0.00183105
-0.00274658
-0.00335693
-0.00396729
-0.00488281
-0.00549316
-0.00549316
-0.00457764
-0.00366211
-0.00335693
-0.00335693
-0.00335693
-0.00335693
-0.00305176
-0.00244141
-0.00183105
-0.00183105
-0.00183105
-0.00244141
-0.00335693
-0.00427246
-0.00488281
-0.00549316
-0.00640869
-0.00732422
-0.00732422
-0.00701904
-0.00640869
-0.00610352
-0.00610352
-0.00610352
-0.00549316
-0.00488281
-0.00427246
-0.00427246
-0.00457764
-0.00457764
-0.00488281
-0.00518799
-0.00549316
-0.00610352
-0.00640869
-0.00610352
-0.00549316
-0.00518799
-0.00457764
-0.00396729
-0.00335693
-0.00305176
-0.00305176
-0.00305176
-0.00335693
-0.00305176
-0.00366211
-0.00396729
-0.00396729
-0.00427246
-0.00488281
-0.00457764
-0.00396729
-0.00335693
-0.00366211
-0.00335693
-0.00244141
-0.00122070
-0.00061035
-0.00030518
-0.00030518
-0.00030518
-0.00122070
-0.00213623
-0.00213623
-0.00213623
-0.00152588
-0.00091553
-0.00091553
-0.00061035
 0.00000000
 0.00061035
 0.00091553
 0.00091553
 0.00030518
 0.00030518
 0.00061035
 0.00152588
 0.00183105
 0.00122070
 0.00030518
-0.00030518
-0.00152588
-0.00213623
-0.00213623
-0.00152588
-0.00061035
 0.00030518
 0.00091553
 0.00152588
 0.00152588
 0.00061035
 0.00061035
 0.00091553
 0.00122070
 0.00091553
 0.00061035
 0.00061035
 0.00091553
 0.00061035
 0.00061035
 0.00061035
 0.00091553
 0.00152588
 0.00213623
 0.00305176
 0.00396729
 0.00427246
 0.00427246
 0.00396729
 0.00366211
 0.00335693
 0.00274658
 0.00152588
 0.00061035
 0.00000000
 0.00000000
 0.00030518
 0.00000000
 0.00061035
 0.00122070
 0.00122070
 0.00091553
 0.00122070
 0.00152588
 0.00152588
 0.00183105
 0.00183105
 0.00122070
 0.00091553
 0.00091553
 0.00122070
 0.00183105
 0.00213623
 0.00274658
 0.00335693
 0.00366211
 0.00335693
 0.00274658
 0.00305176
 0.00305176
 0.00305176
 0.00244141
 0.00152588
 0.00091553
 0.00061035
 0.00091553
 0.00122070
 0.00213623
 0.00213623
 0.00152588
 0.00152588
 0.00152588
 0.00152588
 0.00152588
 0.00152588
 0.00152588
 0.00183105
 0.00213623
 0.00213623
 0.00183105
 0.00183105
 0.00213623
 0.00244141
 0.00274658
 0.00305176
 0.00274658
 0.00274658
 0.00274658
 0.00305176
 0.00305176
 0.00335693
 0.00305176
 0.00244141
 0.00213623
 0.00183105
 0.00152588
 0.00152588
 0.00122070
 0.00122070
 0.00122070
 0.00091553
 0.00030518
 0.00030518
 0.00030518
 0.00000000
-0.00030518
-0.00030518
 0.00000000
-0.00030518
-0.00061035
-0.00061035
 0.00000000
 0.00000000
 0.00000000
-0.00030518
 0.00000000
 0.00030518
 0.00030518
-0.00030518
-0.00061035
-0.00122070
-0.00213623
-0.00274658
-0.00274658
-0.00305176
-0.00305176
-0.00335693
-0.00335693
-0.00335693
-0.00335693
-0.00305176
-0.00305176
-0.00274658
-0.00274658
-0.00305176
-0.00335693
-0.00366211
-0.00427246
-0.00427246
-0.00427246
-0.00427246
-0.00457764
-0.00457764
-0.00396729
-0.00366211
-0.00274658
-0.00274658
-0.00244141
-0.00152588
-0.00122070
-0.00152588
-0.00213623
-0.00213623
-0.00213623
-0.00244141
-0.00305176
-0.00396729
-0.00427246
-0.00396729
-0.00305176
-0.00213623
-0.00183105
-0.00183105
-0.00152588
-0.00152588
-0.00183105
-0.00183105
-0.00152588
-0.00183105
-0.00244141
-0.00274658
-0.00274658
-0.00274658
-0.00244141
-0.00213623
-0.00213623
-0.00183105
-0.00061035
 0.00061035
 0.00122070
 0.00183105
 0.00213623
 0.00305176
 0.00335693
 0.00274658
 0.00183105
 0.00091553
 0.00061035
 0.00061035
 0.00061035
 0.00061035
 0.00091553
 0.00152588
 0.00213623
 0.00244141
 0.00274658
 0.00305176
 0.00305176
 0.00244141
 0.00183105
 0.00152588
 0.00122070
 0.00061035
 0.00000000
 0.00000000
-0.00061035
-0.00061035
-0.00030518
 0.00030518
 0.00091553
 0.00152588
 0.00152588
 0.00183105
 0.00244141
 0.00244141
 0.00183105
 0.00122070
 0.00091553
 0.00061035
 0.00061035
 0.00061035
 0.00000000
 0.00061035
 0.00061035
 0.00030518
 0.00000000
-0.00030518
-0.00030518
-0.00030518
-0.00061035
-0.00061035
-0.00061035
-0.00061035
-0.00122070
-0.00183105
-0.00274658
-0.00335693
-0.00396729
-0.00396729
-0.00366211
-0.00305176
-0.00244141
-0.00244141
-0.00244141
-0.00183105
-0.00152588
-0.00122070
-0.00091553
-0.00091553
-0.00122070
-0.00122070
-0.00122070
-0.00152588
-0.00213623
-0.00244141
-0.00244141
-0.00244141
-0.00244141
-0.00213623
-0.00183105
-0.00122070
-0.00152588
-0.00152588
-0.00213623
-0.00274658
-0.00335693
-0.00366211
-0.00366211
-0.00335693
-0.00244141
-0.00213623
-0.00244141
-0.00305176
-0.00305176
-0.00274658
-0.00274658
-0.00183105
-0.00122070
-0.00091553
-0.00091553
-0.00091553
-0.00061035
-0.00091553
-0.00122070
-0.00152588
-0.00152588
-0.00122070
-0.00091553
-0.00061035
-0.00030518
 0.00030518
 0.00061035
 0.00030518
-0.00030518
-0.00061035
-0.00061035
-0.00091553
-0.00183105
-0.00244141
-0.00213623
-0.00183105
-0.00183105
-0.00152588
-0.00152588
-0.00152588
-0.00152588
-0.00152588
-0.00091553
 0.00030518
 0.00091553
 0.00122070
 0.00122070
 0.00091553
 0.00091553
 0.00091553
 0.00122070
 0.00152588
 0.00122070
 0.00091553
 0.00061035
 0.00061035
 0.00091553
 0.00091553
 0.00122070
 0.00152588
 0.00152588
 0.00152588
 0.00152588
 0.00122070
 0.00091553
 0.00091553
 0.00091553
 0.00122070
 0.00091553
 0.00000000
-0.00030518
-0.00030518
-0.00030518
 0.00000000
 0.00061035
 0.00091553
 0.00122070
 0.00091553
 0.00061035
 0.00030518
 0.00030518
 0.00030518
 0.00000000
-0.00061035
-0.00122070
-0.00213623
-0.00274658
-0.00305176
-0.00274658
-0.00244141
-0.00244141
-0.00213623
-0.00183105
-0.00213623
-0.00274658
-0.00335693
-0.00366211
-0.00427246
-0.00427246
-0.00427246
-0.00488281
-0.00518799
-0.00549316
-0.00518799
-0.00457764
-0.00396729
-0.00335693
-0.00274658
-0.00244141
-0.00244141
-0.00213623
-0.00152588
-0.00152588
-0.00152588
-0.00183105
-0.00183105
-0.00244141
-0.00213623
-0.00152588
-0.00091553
-0.00030518
 0.00000000
 0.00091553
 0.00122070
 0.00091553
 0.00030518
 0.00000000
 0.00030518
 0.00030518
 0.00000000
-0.00061035
-0.00122070
-0.00061035
 0.00061035
 0.00122070
 0.00183105
 0.00213623
 0.00274658
 0.00274658
 0.00274658
 0.00274658
 0.00274658
 0.00305176
 0.00305176
 0.00366211
 0.00396729
 0.00335693
 0.00305176
 0.00305176
 0.00305176
 0.00335693
 0.00396729
 0.00457764
 0.00488281
 0.00518799
 0.00518799
 0.00488281
 0.00427246
 0.00366211
 0.00305176
 0.00244141
 0.00244141
 0.00244141
 0.00274658
 0.00274658
 0.00274658
 0.00274658
 0.00244141
 0.00244141
 0.00213623
 0.00244141
 0.00244141
 0.00213623
 0.00213623
 0.00244141
 0.00305176
 0.00305176
 0.00305176
 0.00274658
 0.00244141
 0.00213623
 0.00213623
 0.00244141
 0.00244141
 0.00213623
 0.00183105
 0.00152588
 0.00091553
 0.00030518
 0.00030518
 0.00030518
 0.00061035
 0.00061035
 0.00000000
 0.00000000
-0.00030518
-0.00091553
-0.00152588
-0.00213623
-0.00274658
-0.00305176
-0.00305176
-0.00305176
-0.00274658
-0.00244141
-0.00213623
-0.00183105
-0.00152588
-0.00183105
-0.00213623
-0.00213623
-0.00244141
-0.00244141
-0.00213623
-0.00213623
-0.00213623
-0.00183105
-0.00183105
-0.00183105
-0.00213623
-0.00244141
-0.00274658
-0.00244141
-0.00213623
-0.00183105
-0.00183105
-0.00213623
-0.00274658
-0.00335693
-0.00366211
-0.00366211
-0.00396729
-0.00396729
-0.00396729
-0.00366211
-0.00305176
-0.00274658
-0.00244141
-0.00244141
-0.00213623
-0.00183105
-0.00122070
-0.00122070
-0.00122070
-0.00122070
-0.00122070
-0.00122070
-0.00122070
-0.00122070
-0.00122070
-0.00122070
-0.00091553
-0.00030518
 0.00030518
 0.00091553
 0.00122070
 0.00122070
 0.00122070
 0.00091553
 0.00091553
 0.00091553
 0.00061035
 0.00061035
 0.00030518
-0.00030518
-0.00061035
-0.00091553
-0.00091553
-0.00030518
 0.00030518
 0.00122070
 0.00213623
 0.00305176
 0.00335693
 0.00305176
 0.00244141
 0.00213623
 0.00152588
 0.00122070
 0.00061035
 0.00091553
 0.00091553
 0.00061035
 0.00030518
 0.00030518
 0.00122070
 0.00152588
 0.00122070
 0.00061035
 0.00061035
 0.00030518
-0.00030518
-0.00091553
-0.00183105
-0.00244141
-0.00305176
-0.00366211
-0.00366211
-0.00366211
-0.00305176
-0.00244141
-0.00152588
-0.00061035
-0.00061035
-0.00122070
-0.00152588
-0.00122070
-0.00122070
-0.00183105
-0.00213623
-0.00274658
-0.00305176
-0.00366211
-0.00427246
-0.00488281
-0.00488281
-0.00427246
-0.00366211
-0.00305176
-0.00244141
-0.00244141
-0.00274658
-0.00396729
-0.00488281
-0.00549316
-0.00579834
-0.00579834
-0.00579834
-0.00579834
-0.00549316
-0.00488281
-0.00518799
-0.00488281
-0.00457764
-0.00427246
-0.00427246
-0.00396729
-0.00305176
-0.00305176
-0.00274658
-0.00244141
-0.00274658
-0.00274658
-0.00335693
-0.00335693
-0.00335693
-0.00305176
-0.00213623
-0.00122070
-0.00061035
-0.00030518
-0.00061035
-0.00122070
-0.00122070
-0.00122070
-0.00091553
-0.00091553
-0.00091553
-0.00061035
-0.00061035
-0.00030518
-0.00061035
-0.00122070
-0.00091553
-0.00061035
 0.00030518
 0.00061035
 0.00061035
 0.00091553
 0.00152588
 0.00152588
 0.00122070
 0.00091553
 0.00091553
 0.00091553
 0.00122070
 0.00152588
 0.00183105
 0.00305176
 0.00335693
 0.00335693
 0.00305176
 0.00335693
 0.00366211
 0.00366211
 0.00305176
 0.00305176
 0.00335693
 0.00366211
 0.00366211
 0.00274658
 0.00213623
 0.00152588
 0.00091553
 0.00061035
 0.00091553
 0.00091553
 0.00091553
 0.00122070
 0.00122070
 0.00183105
 0.00244141
 0.00274658
 0.00244141
 0.00213623
 0.00213623
 0.00183105
 0.00122070
 0.00122070
 0.00122070
 0.00122070
 0.00122070
 0.00122070
 0.00061035
 0.00030518
 0.00030518
 0.00000000
-0.00061035
-0.00061035
-0.00030518
 0.00000000
 0.00000000
-0.00091553
-0.00152588
-0.00244141
-0.00274658
-0.00305176
-0.00305176
-0.00305176
-0.00335693
-0.00335693
-0.00305176
-0.00305176
-0.00335693
-0.00244141
-0.00183105
-0.00213623
-0.00305176
-0.00366211
-0.00366211
-0.00335693
-0.00366211
-0.00457764
-0.00518799
-0.00457764
-0.00427246
-0.00427246
-0.00427246
-0.00305176
-0.00213623
-0.00152588
-0.00152588
-0.00213623
-0.00274658
-0.00274658
-0.00305176
-0.00366211
-0.00335693
-0.00305176
-0.00305176
-0.00335693
-0.00335693
-0.00274658
-0.00213623
-0.00152588
-0.00091553
 0.00000000
 0.00061035
 0.00122070
 0.00091553
 0.00091553
 0.00061035
 0.00061035
 0.00061035
 0.00061035
 0.00122070
 0.00213623
 0.00274658
 0.00335693
 0.00366211
 0.00366211
 0.00427246
 0.00457764
 0.00488281
 0.00488281
 0.00427246
 0.00396729
 0.00396729
 0.00457764
 0.00457764
 0.00457764
 0.00427246
 0.00396729
 0.00427246
 0.00488281
 0.00518799
 0.00549316
 0.00518799
 0.00427246
 0.00427246
 0.00457764
 0.00457764
 0.00457764
 0.00427246
 0.00427246
 0.00518799
 0.00518799
 0.00549316
 0.00549316
 0.00579834
 0.00579834
 0.00549316
 0.00549316
 0.00549316
 0.00549316
 0.00518799
 0.00457764
 0.00396729
 0.00396729
 0.00366211
 0.00335693
 0.00274658
 0.00305176
 0.00335693
 0.00335693
 0.00305176
 0.00274658
 0.00244141
 0.00244141
 0.00244141
 0.00152588
 0.00061035
 0.00000000
-0.00030518
-0.00030518
 0.00030518
 0.00061035
 0.00030518
-0.00061035
-0.00152588
-0.00183105
-0.00152588
-0.00152588
-0.00244141
-0.00305176
-0.00335693
-0.00366211
-0.00366211
-0.00427246
-0.00488281
-0.00518799
-0.00579834
-0.00610352
-0.00610352
-0.00579834
-0.00579834
-0.00579834
-0.00610352
-0.00610352
-0.00610352
-0.00640869
-0.00701904
-0.00671387
-0.00640869
-0.00579834
-0.00610352
-0.00640869
-0.00610352
-0.00579834
-0.00610352
-0.00640869
-0.00671387
-0.00610352
-0.00488281
-0.00396729
-0.00366211
-0.00335693
-0.00305176
-0.00305176
-0.00366211
-0.00427246
-0.00457764
-0.00427246
-0.00427246
-0.00427246
-0.00396729
-0.00366211
-0.00335693
-0.00305176
-0.00213623
-0.00183105
-0.00152588
-0.00122070
-0.00091553
-0.00061035
-0.00030518
-0.00091553
-0.00183105
-0.00274658
-0.00335693
-0.00366211
-0.00335693
-0.00305176
-0.00213623
-0.00091553
 0.00030518
 0.00122070
 0.00213623
 0.00244141
 0.00244141
 0.00213623
 0.00213623
 0.00183105
 0.00152588
 0.00122070
 0.00030518
 0.00000000
-0.00030518
 0.00000000
 0.00000000
 0.00030518
 0.00030518
 0.00030518
 0.00091553
 0.00183105
 0.00244141
 0.00244141
 0.00213623
 0.00122070
 0.00061035
-0.00030518
-0.00091553
-0.00122070
-0.00152588
-0.00122070
-0.00061035
 0.00000000
 0.00091553
 0.00122070
 0.00183105
 0.00213623
 0.00244141
 0.00244141
 0.00152588
 0.00061035
 0.00000000
-0.00061035
-0.00122070
-0.00213623
-0.00244141
-0.00274658
-0.00274658
-0.00244141
-0.00122070
-0.00061035
-0.00030518
 0.00000000
 0.00000000
-0.00030518
-0.00091553
-0.00183105
-0.00305176
-0.00427246
-0.00488281
-0.00518799
-0.00518799
-0.00518799
-0.00457764
-0.00366211
-0.00305176
-0.00274658
-0.00274658
-0.00213623
-0.00183105
-0.00091553
-0.00030518
-0.00030518
-0.00152588
-0.00213623
-0.00244141
-0.00274658
-0.00366211
-0.00427246
-0.00427246
-0.00427246
-0.00396729
-0.00305176
-0.00244141
-0.00213623
-0.00183105
-0.00122070
-0.00091553
-0.00091553
-0.00122070
-0.00122070
-0.00152588
-0.00213623
-0.00274658
-0.00274658
-0.00274658
-0.00244141
-0.00213623
-0.00183105
-0.00122070
-0.00030518
 0.00030518
 0.00061035
 0.00152588
 0.00183105
 0.00152588
 0.00122070
 0.00091553
 0.00091553
 0.00091553
 0.00091553
 0.00061035
 0.00061035
 0.00061035
 0.00091553
 0.00122070
 0.00183105
 0.00274658
 0.00274658
 0.00305176
 0.00366211
 0.00396729
 0.00335693
 0.00274658
 0.00244141
 0.00244141
 0.00244141
 0.00244141
 0.00244141
 0.00274658
 0.00305176
 0.00335693
 0.00396729
 0.00457764
 0.00488281
 0.00457764
 0.00457764
 0.00457764
 0.00457764
 0.00396729
 0.00335693
 0.00305176
 0.00274658
 0.00244141
 0.00244141
 0.00274658
 0.00274658
 0.00274658
 0.00274658
 0.00274658
 0.00274658
 0.00274658
 0.00244141
 0.00213623
 0.00213623
 0.00183105
 0.00122070
 0.00091553
 0.00091553
 0.00152588
 0.00183105
 0.00152588
 0.00152588
 0.00152588
 0.00152588
 0.00183105
 0.00244141
 0.00244141
 0.00183105
 0.00152588
 0.00061035
 0.00000000
-0.00061035
-0.00091553
-0.00091553
-0.00061035
-0.00061035
-0.00061035
-0.00061035
-0.00030518
-0.00030518
-0.00030518
-0.00061035
-0.00061035
-0.00030518
-0.00061035
-0.00122070
-0.00183105
-0.00183105
-0.00183105
-0.00152588
-0.00122070
-0.00122070
-0.00091553
-0.00091553
-0.00122070
-0.00122070
-0.00122070
-0.00122070
-0.00152588
-0.00183105
-0.00213623
-0.00244141
-0.00244141
-0.00244141
-0.00213623
-0.00183105
-0.00152588
-0.00152588
-0.00152588
-0.00152588
-0.00122070
-0.00091553
-0.00091553
-0.00122070
-0.00152588
-0.00152588
-0.00152588
-0.00213623
-0.00244141
-0.00244141
-0.00213623
-0.00213623
-0.00244141
-0.00183105
-0.00152588
-0.00091553
-0.00061035
-0.00030518
-0.00030518
 0.00000000
-0.00030518
-0.00061035
-0.00061035
-0.00091553
-0.00091553
-0.00061035
-0.00030518
 0.00000000
 0.00061035
 0.00122070
 0.00122070
 0.00122070
 0.00091553
 0.00061035
 0.00122070
 0.00152588
 0.00091553
 0.00000000
-0.00030518
 0.00000000
 0.00000000
-0.00030518
-0.00030518
 0.00000000
 0.00000000
 0.00000000
 0.00000000
 0.00000000
 0.00061035
 0.00122070
 0.00152588
 0.00122070
 0.00122070
 0.00091553
 0.00030518
 0.00061035
 0.00030518
 0.00000000
-0.00030518
 0.00000000
-0.00030518
-0.00061035
-0.00061035
 0.00000000
 0.00030518
 0.00061035
 0.00091553
 0.00091553
 0.00030518
 0.00061035
 0.00030518
-0.00030518
-0.00122070
-0.00213623
-0.00213623
-0.00183105
-0.00122070
-0.00122070
-0.00152588
-0.00183105
-0.00152588
-0.00122070
-0.00091553
-0.00091553
-0.00152588
-0.00152588
-0.00152588
-0.00152588
-0.00152588
-0.00152588
-0.00183105
-0.00213623
-0.00274658
-0.00305176
-0.00244141
-0.00213623
-0.00213623
-0.00213623
-0.00244141
-0.00213623
-0.00152588
-0.00152588
-0.00213623
-0.00274658
-0.00305176
-0.00335693
-0.00396729
-0.00396729
-0.00396729
-0.00396729
-0.00366211
-0.00274658
-0.00213623
-0.00213623
-0.00183105
-0.00152588
-0.00122070
-0.00122070
-0.00152588
-0.00183105
-0.00183105
-0.00183105
-0.00213623
-0.00244141
-0.00274658
-0.00213623
-0.00122070
-0.00091553
-0.00122070
-0.00122070
-0.00091553
-0.00030518
 0.00000000
 0.00000000
 0.00000000
 0.00000000
 0.00000000
-0.00030518
-0.00122070
-0.00183105
-0.00183105
-0.00183105
-0.00183105
-0.00152588
-0.00152588
-0.00122070
-0.00030518
 0.00030518
 0.00030518
 0.00030518
 0.00091553
 0.00122070
 0.00122070
 0.00091553
 0.00030518
-0.00030518
-0.00061035
-0.00061035
-0.00030518
-0.00061035
-0.00030518
-0.00030518
-0.00030518
 0.00030518
 0.00061035
 0.00091553
 0.00091553
 0.00091553
 0.00061035
 0.00000000
 0.00000000
-0.00030518
-0.00061035
-0.00061035
-0.00061035
-0.00061035
-0.00061035
-0.00061035
-0.00061035
-0.00030518
 0.00000000
 0.00000000
 0.00030518
 0.00030518
 0.00091553
 0.00061035
 0.00030518
 0.00030518
 0.00030518
 0.00030518
 0.00030518
 0.00030518
 0.00030518
 0.00030518
 0.00000000
 0.00000000
 0.00000000
-0.00030518
-0.00030518
-0.00030518
-0.00030518
-0.00061035
-0.00091553
-0.00122070
-0.00183105
-0.00152588
-0.00030518
 0.00061035
 0.00091553
 0.00091553
 0.00091553
 0.00091553
 0.00091553
 0.00122070
 0.00122070
 0.00061035
 0.00030518
 0.00030518
 0.00000000
-0.00030518
 0.00000000
 0.00091553
 0.00152588
 0.00152588
 0.00122070
 0.00122070
 0.00183105
 0.00213623
 0.00244141
 0.00213623
 0.00183105
 0.00152588
 0.00091553
 0.00030518
-0.00030518
-0.00061035
-0.00122070
-0.00091553
-0.00061035
-0.00030518
 0.00000000
 0.00030518
 0.00122070
 0.00152588
 0.00152588
 0.00091553
 0.00030518
 0.00030518
 0.00000000
-0.00030518
-0.00091553
-0.00061035
-0.00091553
-0.00061035
-0.00030518
 0.00000000
 0.00030518
 0.00030518
 0.00091553
 0.00122070
 0.00183105
 0.00183105
 0.00152588
 0.00091553
 0.00061035
 0.00030518
-0.00030518
-0.00091553
-0.00152588
-0.00152588
-0.00152588
-0.00122070
-0.00061035
-0.00030518
 0.00000000
 0.00000000
 0.00061035
 0.00122070
 0.00122070
 0.00122070
 0.00061035
 0.00000000
-0.00030518
 0.00000000
 0.00000000
 0.00000000
-0.00061035
-0.00061035
-0.00061035
 0.00000000
 0.00000000
 0.00030518
 0.00091553
 0.00091553
 0.00091553
 0.00091553
 0.00091553
 0.00030518
-0.00061035
-0.00122070
-0.00152588
-0.00122070
-0.00122070
-0.00122070
-0.00122070
-0.00091553
-0.00061035
-0.00030518
-0.00030518
 0.00000000
 0.00030518
 0.00000000
-0.00030518
-0.00061035
-0.00061035
-0.00030518
 0.00000000
 0.00000000
-0.00030518
-0.00091553
-0.00122070
-0.00091553
-0.00091553
-0.00061035
-0.00030518
 0.00030518
 0.00122070
 0.00152588
 0.00122070
 0.00122070
 0.00091553
 0.00061035
 0.00030518
 0.00030518
 0.00000000
 0.00000000
-0.00030518
-0.00030518
-0.00061035
-0.00030518
 0.00030518
 0.00061035
 0.00091553
 0.00122070
 0.00152588
 0.00183105
 0.00152588
 0.00152588
 0.00183105
 0.00183105
 0.00091553
 0.00030518
 0.00030518
 0.00030518
 0.00000000
 0.00030518
 0.00061035
 0.00061035
 0.00122070
 0.00183105
 0.00213623
 0.00183105
 0.00183105
 0.00183105
 0.00183105
 0.00152588
 0.00122070
 0.00091553
 0.00061035
 0.00030518
-0.00030518
-0.00061035
-0.00091553
-0.00061035
-0.00061035
-0.00030518
-0.00061035
-0.00030518
 0.00000000
 0.00030518
 0.00061035
 0.00061035
 0.00000000
-0.00061035
-0.00091553
-0.00091553
-0.00091553
-0.00061035
-0.00030518
-0.00061035
-0.00091553
-0.00122070
-0.00152588
-0.00122070
-0.00091553
-0.00122070
-0.00152588
-0.00183105
-0.00213623
-0.00213623
-0.00213623
-0.00244141
-0.00274658
-0.00244141
-0.00183105
-0.00183105
-0.00244141
-0.00244141
-0.00244141
-0.00213623
-0.00213623
-0.00213623
-0.00244141
-0.00244141
-0.00244141
-0.00274658
-0.00305176
-0.00305176
-0.00213623
-0.00213623
-0.00213623
-0.00213623
-0.00213623
-0.00183105
-0.00183105
-0.00213623
-0.00213623
-0.00213623
-0.00244141
-0.00274658
-0.00274658
-0.00244141
-0.00213623
-0.00213623
-0.00244141
-0.00274658
-0.00274658
-0.00305176
-0.00305176
-0.00305176
-0.00305176
-0.00274658
-0.00213623
-0.00183105
-0.00183105
-0.00183105
-0.00183105
-0.00122070
-0.00061035
-0.00030518
-0.00061035
-0.00030518
 0.00000000
 0.00000000
-0.00061035
-0.00122070
-0.00152588
-0.00122070
-0.00091553
-0.00030518
-0.00030518
 0.00000000
-0.00030518
-0.00030518
-0.00091553
-0.00091553
-0.00030518
 0.00000000
 0.00030518
 0.00030518
 0.00030518
 0.00030518
 0.00030518
 0.00000000
 0.00000000
 0.00000000
 0.00030518
 0.00091553
 0.00061035
 0.00091553
 0.00122070
 0.00152588
 0.00152588
 0.00152588
 0.00122070
 0.00091553
 0.00091553
 0.00152588
 0.00183105
 0.00183105
 0.00152588
 0.00091553
 0.00091553
 0.00061035
 0.00061035
 0.00061035
 0.00030518
 0.00091553
 0.00122070
 0.00122070
 0.00091553
 0.00091553
 0.00061035
 0.00000000
-0.00061035
-0.00030518
-0.00030518
 0.00000000
 0.00000000
 0.00000000
-0.00061035
-0.00030518
 0.00000000
 0.00061035
 0.00061035
 0.00091553
 0.00030518
 0.00000000
 0.00030518
 0.00030518
 0.00030518
 0.00030518
 0.00000000
 0.00000000
 0.00000000
-0.00030518
-0.00091553
-0.00061035
 0.00030518
 0.00061035
 0.00030518
-0.00030518
-0.00091553
-0.00122070
-0.00091553
-0.00091553
-0.00091553
-0.00091553
-0.00091553
-0.00122070
-0.00152588
-0.00152588
-0.00152588
-0.00122070
-0.00091553
-0.00030518
 0.00030518
 0.00091553
 0.00061035
 0.00030518
 0.00000000
 0.00000000
 0.00000000
 0.00000000
-0.00061035
-0.00091553
-0.00030518
 0.00000000
 0.00000000
-0.00030518
-0.00030518
 0.00030518
 0.00030518
 0.00061035
 0.00061035
 0.00091553
 0.00091553
 0.00091553
 0.00061035
 0.00030518
 0.00030518
 0.00000000
 0.00000000
 0.00000000
 0.00061035
 0.00122070
 0.00152588
 0.00183105
 0.00213623
 0.00213623
 0.00244141
 0.00213623
 0.00183105
 0.00183105
 0.00183105
 0.00183105
 0.00183105
 0.00152588
 0.00122070
 0.00122070
 0.00183105
 0.00213623
 0.00244141
 0.00213623
 0.00244141
 0.00274658
 0.00274658
 0.00213623
 0.00152588
 0.00122070
 0.00091553
 0.00061035
 0.00030518
 0.00000000
 0.00030518
 0.00030518
 0.00061035
 0.00061035
 0.00061035
 0.00152588
 0.00213623
 0.00244141
 0.00213623
 0.00152588
 0.00152588
 0.00091553
 0.00030518
 0.00000000
 0.00000000
 0.00000000
 0.00000000
-0.00030518
-0.00061035
-0.00061035
-0.00030518
 0.00000000
 0.00030518
 0.00000000
-0.00030518
-0.00061035
-0.00030518
-0.00061035
-0.00091553
-0.00122070
-0.00152588
-0.00213623
-0.00244141
-0.00244141
-0.00152588
-0.00061035
-0.00030518
-0.00030518
-0.00091553
-0.00122070
-0.00091553
-0.00061035
-0.00061035
-0.00122070
-0.00152588
-0.00183105
-0.00213623
-0.00244141
-0.00305176
-0.00305176
-0.00305176
-0.00274658
-0.00274658
-0.00274658
-0.00183105
-0.00152588
-0.00122070
-0.00122070
-0.00152588
-0.00152588
-0.00183105
-0.00183105
-0.00183105
-0.00183105
-0.00213623
-0.00244141
-0.00244141
-0.00244141
-0.00244141
-0.00244141
-0.00213623
-0.00183105
-0.00122070
-0.00030518
 0.00030518
 0.00030518
 0.00030518
 0.00000000
 0.00000000
 0.00000000
 0.00030518
 0.00061035
 0.00091553
 0.00030518
-0.00030518
-0.00030518
-0.00061035
-0.00061035
-0.00030518
 0.00000000
 0.00061035
 0.00122070
 0.00122070
 0.00122070
 0.00122070
 0.00152588
 0.00152588
 0.00122070
 0.00091553
 0.00061035
 0.00030518
 0.00030518
 0.00030518
 0.00030518
 0.00091553
 0.00091553
 0.00061035
 0.00030518
 0.00061035
 0.00091553
 0.00122070
 0.00183105
 0.00183105
 0.00152588
 0.00122070
 0.00061035
 0.00030518
 0.00000000
 0.00000000
 0.00061035
 0.00091553
 0.00122070
 0.00152588
 0.00152588
 0.00213623
 0.00213623
 0.00152588
 0.00061035
 0.00000000
 0.00000000
 0.00030518
 0.00030518
 0.00000000
-0.00030518
-0.00061035
-0.00061035
-0.00030518
 0.00000000
-0.00030518
 0.00000000
 0.00030518
 0.00061035
 0.00091553
 0.00091553
 0.00030518
 0.00000000
-0.00061035
-0.00091553
-0.00152588
-0.00183105
-0.00213623
-0.00183105
-0.00152588
-0.00122070
-0.00183105
-0.00152588
-0.00091553
-0.00091553
-0.00122070
-0.00152588
-0.00183105
-0.00183105
-0.00183105
-0.00183105
-0.00213623
-0.00244141
-0.00244141
-0.00244141
-0.00244141
-0.00244141
-0.00213623
-0.00183105
-0.00122070
-0.00091553
-0.00152588
-0.00183105
-0.00183105
-0.00122070
-0.00091553
-0.00152588
-0.00183105
-0.00183105
-0.00152588
-0.00152588
-0.00122070
-0.00122070
-0.00091553
-0.00091553
-0.00091553
-0.00122070
-0.00091553
-0.00061035
-0.00091553
-0.00061035
-0.00061035
-0.00091553
-0.00122070
-0.00091553
-0.00030518
 0.00000000
 0.00030518
 0.00000000
 0.00000000
 0.00000000
 0.00030518
 0.00061035
 0.00091553
 0.00122070
 0.00122070
 0.00122070
 0.00091553
 0.00061035
 0.00061035
 0.00091553
 0.00122070
 0.00122070
 0.00122070
 0.00091553
 0.00091553
 0.00091553
 0.00122070
 0.00091553
 0.00091553
 0.00091553
 0.00091553
 0.00091553
 0.00061035
 0.00030518
 0.00061035
 0.00061035
 0.00061035
 0.00061035
 0.00061035
 0.00030518
 0.00030518
 0.00030518
 0.00061035
 0.00122070
 0.00122070
 0.00122070
 0.00122070
 0.00091553
 0.00061035
 0.00061035
 0.00061035
 0.00061035
 0.00061035
 0.00061035
 0.00091553
 0.00061035
 0.00030518
 0.00030518
 0.00030518
 0.00000000
 0.00000000
-0.00030518
 0.00000000
-0.00030518
-0.00061035
-0.00091553
-0.00061035
-0.00122070
-0.00122070
-0.00122070
-0.00122070
-0.00091553
-0.00091553
-0.00061035
-0.00030518
 0.00000000
-0.00030518
-0.00030518
-0.00030518
-0.00091553
-0.00122070
-0.00122070
-0.00152588
-0.00152588
-0.00091553
-0.00061035
-0.00061035
-0.00061035
-0.00030518
-0.00061035
-0.00061035
-0.00030518
 0.00030518
 0.00030518
 0.00030518
-0.00030518
-0.00091553
-0.00152588
-0.00183105
-0.00122070
-0.00091553
-0.00091553
-0.00061035
-0.00030518
 0.00030518
 0.00030518
 0.00091553
 0.00091553
 0.00091553
 0.00061035
 0.00030518
 0.00030518
 0.00030518
 0.00061035
 0.00061035
 0.00091553
 0.00122070
 0.00122070
 0.00122070
 0.00152588
 0.00122070
 0.00122070
 0.00122070
 0.00213623
 0.00244141
 0.00213623
 0.00183105
 0.00152588
 0.00091553
 0.00061035
 0.00061035
 0.00091553
 0.00091553
 0.00061035
 0.00091553
 0.00091553
 0.00152588
 0.00183105
 0.00244141
 0.00274658
 0.00274658
 0.00274658
 0.00274658
 0.00244141
 0.00274658
 0.00274658
 0.00244141
 0.00183105
 0.00152588
 0.00091553
 0.00091553
 0.00091553
 0.00152588
 0.00183105
 0.00183105
 0.00183105
 0.00152588
 0.00152588
 0.00152588
 0.00122070
 0.00122070
 0.00091553
 0.00091553
 0.00091553
 0.00061035
 0.00000000
-0.00061035
-0.00091553
-0.00061035
 0.00000000
 0.00030518
 0.00030518
 0.00000000
-0.00030518
-0.00061035
-0.00061035
-0.00061035
-0.00061035
-0.00061035
-0.00061035
-0.00061035
-0.00061035
-0.00061035
-0.00091553
-0.00122070
-0.00122070
-0.00091553
-0.00061035
-0.00061035
-0.00122070
-0.00152588
-0.00152588
-0.00152588
-0.00183105
-0.00213623
-0.00244141
-0.00244141
-0.00213623
-0.00152588
-0.00152588
-0.00122070
-0.00091553
-0.00091553
-0.00152588
-0.00152588
-0.00152588
-0.00152588
-0.00183105
-0.00183105
-0.00122070
-0.00122070
-0.00152588
-0.00152588
-0.00122070
-0.00091553
-0.00061035
 0.00000000
 0.00000000
 0.00061035
 0.00030518
 0.00030518
-0.00030518
-0.00030518
-0.00061035
-0.00030518
-0.00030518
-0.00091553
-0.00061035
-0.00061035
-0.00030518
 0.00030518
 0.00061035
 0.00091553
 0.00091553
 0.00091553
 0.00091553
 0.00091553
 0.00091553
 0.00091553
 0.00061035
 0.00061035
 0.00030518
 0.00030518
 0.00061035
 0.00122070
 0.00122070
 0.00152588
 0.00152588
 0.00152588
 0.00183105
 0.00183105
 0.00183105
 0.00183105
 0.00183105
 0.00152588
 0.00091553
 0.00061035
 0.00061035
 0.00061035
 0.00061035
 0.00061035
 0.00091553
 0.00122070
 0.00122070
 0.00122070
 0.00152588
 0.00152588
 0.00122070
 0.00061035
 0.00030518
 0.00030518
 0.00030518
 0.00030518
 0.00000000
-0.00030518
 0.00000000
 0.00000000
 0.00000000
 0.00000000
 0.00061035
 0.00091553
 0.00091553
 0.00030518
 0.00000000
 0.00030518
 0.00030518
 0.00030518
 0.00030518
 0.00000000
-0.00030518
-0.00091553
-0.00122070
-0.00091553
-0.00091553
-0.00091553
-0.00061035
-0.00061035
-0.00091553
-0.00122070
-0.00091553
-0.00091553
-0.00122070
-0.00152588
-0.00152588
-0.00152588
-0.00152588
-0.00152588
-0.00152588
-0.00091553
-0.00122070
-0.00122070
-0.00152588
-0.00152588
-0.00122070
-0.00122070
-0.00122070
-0.00122070
-0.00152588
-0.00213623
-0.00244141
-0.00274658
-0.00244141
-0.00244141
-0.00244141
-0.00213623
-0.00122070
-0.00091553
-0.00122070
-0.00152588
-0.00152588
-0.00152588
-0.00122070
-0.00152588
-0.00152588
-0.00152588
-0.00152588
-0.00061035
-0.00030518
-0.00061035
-0.00122070
-0.00122070
-0.00122070
-0.00091553
-0.00061035
-0.00030518
-0.00030518
 0.00000000
 0.00061035
 0.00091553
 0.00091553
 0.00091553
 0.00061035
 0.00061035
 0.00061035
 0.00030518
 0.00000000
 0.00000000
-0.00030518
 0.00000000
 0.00000000
 0.00061035
 0.00122070
 0.00183105
 0.00183105
 0.00152588
 0.00152588
 0.00152588
 0.00152588
 0.00122070
 0.00061035
 0.00061035
 0.00091553
 0.00122070
 0.00122070
 0.00122070
 0.00122070
 0.00122070
 0.00122070
 0.00091553
 0.00152588
 0.00183105
 0.00213623
 0.00213623
 0.00183105
 0.00122070
 0.00091553
 0.00091553
 0.00091553
 0.00122070
 0.00122070
 0.00122070
 0.00122070
 0.00152588
 0.00122070
 0.00061035
 0.00030518
 0.00000000
 0.00030518
 0.00061035
 0.00061035
 0.00061035
 0.00030518
 0.00000000
 0.00000000
 0.00000000
 0.00030518
 0.00030518
 0.00061035
 0.00091553
 0.00091553
 0.00091553
 0.00061035
 0.00030518
 0.00030518
-0.00030518
-0.00030518
-0.00061035
-0.00091553
-0.00091553
-0.00030518
-0.00030518
-0.00030518
-0.00061035
-0.00122070
-0.00091553
-0.00091553
-0.00122070
-0.00152588
-0.00091553
-0.00030518
 0.00000000
 0.00000000
-0.00030518
-0.00030518
-0.00061035
-0.00061035
-0.00030518
 0.00030518
 0.00091553
 0.00091553
 0.00061035
 0.00061035
 0.00061035
 0.00091553
 0.00091553
 0.00091553
 0.00122070
 0.00122070
 0.00061035
 0.00030518
 0.00061035
 0.00091553
 0.00152588
 0.00152588
 0.00122070
 0.00152588
 0.00183105
 0.00183105
 0.00152588
 0.00152588
 0.00152588
 0.00152588
 0.00152588
 0.00152588
 0.00152588
 0.00183105
 0.00213623
 0.00274658
 0.00274658
 0.00213623
 0.00183105
 0.00213623
 0.00244141
 0.00305176
 0.00305176
 0.00305176
 0.00305176
 0.00274658
 0.00274658
 0.00244141
 0.00244141
 0.00274658
 0.00213623
 0.00213623
 0.00244141
 0.00305176
 0.00305176
 0.00274658
 0.00213623
 0.00213623
 0.00213623
 0.00183105
 0.00213623
 0.00213623
 0.00213623
 0.00213623
 0.00152588
 0.00152588
 0.00152588
 0.00152588
 0.00122070
 0.00152588
 0.00122070
 0.00122070
 0.00152588
 0.00213623
 0.00244141
 0.00213623
 0.00152588
 0.00091553
 0.00091553
 0.00091553
 0.00061035
 0.00061035
 0.00030518
 0.00030518
 0.00061035
 0.00061035
 0.00061035
 0.00000000
-0.00091553
-0.00122070
-0.00122070
-0.00091553
-0.00122070
-0.00152588
-0.00183105
-0.00183105
-0.00213623
-0.00213623
-0.00152588
-0.00091553
-0.00061035
-0.00030518
-0.00061035
-0.00091553
-0.00152588
-0.00183105
-0.00183105
-0.00183105
-0.00213623
-0.00244141
-0.00244141
-0.00244141
-0.00213623
-0.00244141
-0.00274658
-0.00244141
-0.00213623
-0.00213623
-0.00183105
-0.00183105
-0.00213623
-0.00244141
-0.00274658
-0.00335693
-0.00335693
-0.00305176
-0.00274658
-0.00274658
-0.00213623
-0.00213623
-0.00213623
-0.00213623
-0.00183105
-0.00122070
-0.00061035
-0.00091553
-0.00091553
-0.00061035
-0.00030518
-0.00030518
-0.00061035
-0.00061035
-0.00061035
-0.00030518
-0.00030518
-0.00061035
-0.00061035
-0.00030518
 0.00000000
 0.00061035
 0.00091553
 0.00061035
 0.00000000
-0.00030518
-0.00030518
-0.00091553
-0.00091553
-0.00061035
 0.00000000
 0.00061035
 0.00030518
 0.00030518
 0.00030518
 0.00061035
 0.00122070
 0.00152588
 0.00152588
 0.00152588
 0.00152588
 0.00152588
 0.00122070
 0.00122070
 0.00091553
 0.00061035
 0.00091553
 0.00091553
 0.00152588
 0.00213623
 0.00183105
 0.00152588
 0.00152588
 0.00183105
 0.00213623
 0.00213623
 0.00152588
 0.00061035
 0.00000000
 0.00030518
 0.00061035
 0.00061035
-0.00030518
-0.00091553
-0.00061035
 0.00000000
 0.00030518
 0.00030518
 0.00061035
 0.00091553
 0.00091553
 0.00091553
 0.00122070
 0.00061035
 0.00030518
 0.00030518
-0.00030518
-0.00030518
-0.00030518
-0.00061035
-0.00061035
-0.00091553
-0.00061035
 0.00000000
-0.00030518
 0.00000000
 0.00030518
 0.00000000
 0.00000000
-0.00030518
-0.00061035
-0.00091553
-0.00122070
-0.00122070
-0.00152588
-0.00183105
-0.00152588
-0.00122070
-0.00122070
-0.00122070
-0.00091553
-0.00091553
-0.00091553
-0.00061035
-0.00091553
-0.00152588
-0.00152588
-0.00122070
-0.00091553
-0.00091553
-0.00061035
-0.00030518
 0.00000000
 0.00000000
 0.00030518
 0.00030518
 0.00000000
 0.00000000
 0.00030518
 0.00061035
 0.00061035
 0.00000000
 0.00000000
 0.00030518
 0.00030518
 0.00061035
 0.00061035
 0.00061035
 0.00091553
 0.00122070
 0.00152588
 0.00122070
 0.00091553
 0.00061035
 0.00091553
 0.00122070
 0.00091553
 0.00091553
 0.00122070
 0.00122070
 0.00122070
 0.00152588
 0.00091553
 0.00091553
 0.00152588
 0.00183105
 0.00213623
 0.00244141
 0.00244141
 0.00244141
 0.00244141
 0.00274658
 0.00274658
 0.00244141
 0.00244141
 0.00213623
 0.00244141
 0.00274658
 0.00274658
 0.00274658
 0.00244141
 0.00213623
 0.00213623
 0.00244141
 0.00213623
 0.00213623
 0.00183105
 0.00152588
 0.00183105
 0.00183105
 0.00213623
 0.00183105
 0.00183105
 0.00244141
 0.00274658
 0.00305176
 0.00274658
 0.00274658
 0.00244141
 0.00244141
 0.00244141
 0.00244141
 0.00183105
 0.00061035
 0.00000000
 0.00000000
 0.00061035
 0.00091553
 0.00091553
 0.00091553
 0.00091553
 0.00091553
 0.00091553
 0.00061035
 0.00091553
 0.00061035
 0.00030518
 0.00000000
 0.00000000
-0.00030518
-0.00030518
-0.00061035
-0.00030518
 0.00000000
 0.00000000
-0.00030518
-0.00030518
 0.00030518
 0.00061035
 0.00030518
 0.00000000
 0.00000000
-0.00030518
-0.00030518
-0.00061035
-0.00091553
-0.00091553
-0.00030518
-0.00030518
-0.00030518
-0.00030518
-0.00030518
-0.00061035
-0.00091553
-0.00091553
-0.00061035
-0.00030518
 0.00000000
 0.00000000
-0.00030518
-0.00061035
-0.00030518
 0.00000000
 0.00000000
 0.00000000
 0.00000000
 0.00030518
 0.00030518
 0.00000000
 0.00030518
 0.00061035
 0.00061035
 0.00000000
 0.00030518
 0.00061035
 0.00061035
 0.00061035
 0.00091553
 0.00152588
 0.00122070
 0.00122070
 0.00122070
 0.00122070
 0.00122070
 0.00091553
 0.00122070
 0.00183105
 0.00213623
 0.00183105
 0.00213623
 0.00213623
 0.00152588
 0.00122070
 0.00122070
 0.00091553
 0.00122070
 0.00122070
 0.00122070
 0.00091553
 0.00030518
 0.00061035
 0.00091553
 0.00122070
 0.00122070
 0.00152588
 0.00213623
 0.00244141
 0.00244141
 0.00244141
 0.00213623
 0.00152588
 0.00122070
 0.00091553
 0.00061035
 0.00061035
 0.00030518
 0.00000000
 0.00000000
 0.00000000
 0.00000000
-0.00030518
-0.00061035
-0.00061035
 0.00000000
 0.00061035
 0.00000000
 0.00000000
-0.00030518
-0.00061035
-0.00091553
-0.00152588
-0.00152588
-0.00122070
-0.00122070
-0.00091553
-0.00091553
-0.00061035
-0.00061035
-0.00122070
-0.00091553
-0.00061035
-0.00061035
-0.00091553
-0.00152588
-0.00244141
-0.00244141
-0.00183105
-0.00152588
-0.00183105
-0.00244141
-0.00244141
-0.00244141
-0.00213623
-0.00183105
-0.00183105
-0.00183105
-0.00183105
-0.00213623
-0.00244141
-0.00244141
-0.00213623
-0.00183105
-0.00213623
-0.00244141
-0.00213623
-0.00152588
-0.00122070
-0.00152588
-0.00183105
-0.00152588
-0.00091553
-0.00030518
-0.00030518
-0.00030518
-0.00061035
-0.00091553
-0.00091553
-0.00091553
-0.00091553
-0.00091553
-0.00091553
-0.00091553
-0.00091553
-0.00091553
-0.00061035
-0.00061035
 0.00000000
 0.00061035
 0.00061035
 0.00061035
 0.00030518
 0.00030518
 0.00030518
 0.00061035
 0.00091553
 0.00061035
 0.00000000
 0.00000000
 0.00030518
 0.00061035
 0.00091553
 0.00091553
 0.00122070
 0.00152588
 0.00183105
 0.00183105
 0.00183105
 0.00213623
 0.00213623
 0.00183105
 0.00183105
 0.00152588
 0.00122070
 0.00091553
 0.00091553
 0.00152588
 0.00213623
 0.00244141
 0.00244141
 0.00244141
 0.00274658
 0.00274658
 0.00244141
 0.00213623
 0.00183105
 0.00183105
 0.00183105
 0.00183105
 0.00183105
 0.00183105
 0.00152588
 0.00183105
 0.00213623
 0.00213623
 0.00213623
 0.00213623
 0.00244141
 0.00274658
 0.00244141
 0.00213623
 0.00213623
 0.00152588
 0.00122070
 0.00122070
 0.00122070
 0.00091553
 0.00091553
 0.00091553
 0.00091553
 0.00122070
 0.00091553
 0.00091553
 0.00061035
 0.00030518
 0.00030518
 0.00030518
 0.00061035
 0.00061035
 0.00030518
-0.00030518
-0.00030518
 0.00000000
 0.00000000
-0.00061035
-0.00061035
-0.00061035
-0.00061035
-0.00030518
 0.00030518
 0.00000000
-0.00030518
 0.00000000
 0.00000000
 0.00030518
 0.00030518
 0.00000000
-0.00061035
-0.00061035
-0.00091553
-0.00091553
-0.00091553
-0.00061035
-0.00061035
-0.00030518
-0.00061035
-0.00091553
-0.00091553
 0.00000000
 0.00030518
 0.00000000
-0.00030518
-0.00061035
-0.00091553
-0.00061035
-0.00091553
-0.00091553
-0.00061035
-0.00030518
 0.00000000
 0.00030518
 0.00030518
 0.00061035
 0.00061035
 0.00091553
 0.00061035
 0.00061035
 0.00030518
 0.00030518
 0.00061035
 0.00061035
 0.00000000
-0.00030518
-0.00030518
 0.00030518
 0.00061035
 0.00061035
 0.00061035
 0.00061035
 0.00122070
 0.00152588
 0.00122070
 0.00061035
 0.00000000
 0.00030518
 0.00030518
 0.00000000
-0.00030518
-0.00030518
 0.00061035
 0.00122070
 0.00152588
 0.00152588
 0.00122070
 0.00122070
 0.00183105
 0.00213623
 0.00213623
 0.00213623
 0.00183105
 0.00122070
 0.00091553
 0.00122070
 0.00091553
 0.00091553
 0.00091553
 0.00122070
 0.00152588
 0.00183105
 0.00183105
 0.00183105
 0.00152588
 0.00152588
 0.00122070
 0.00091553
 0.00122070
 0.00122070
 0.00061035
 0.00030518
 0.00030518
 0.00030518
 0.00000000
 0.00061035
 0.00122070
 0.00122070
 0.00061035
 0.00000000
 0.00000000
 0.00061035
 0.00091553
 0.00091553
 0.00061035
 0.00061035
 0.00061035
 0.00030518
 0.00000000
 0.00000000
 0.00061035
 0.00091553
 0.00061035
 0.00000000
-0.00030518
 0.00000000
 0.00030518
 0.00000000
-0.00091553
-0.00091553
-0.00061035
-0.00061035
-0.00061035
-0.00030518
-0.00061035
-0.00122070
-0.00091553
-0.00030518
 0.00061035
 0.00091553
 0.00091553
 0.00030518
 0.00030518
 0.00061035
 0.00091553
 0.00091553
 0.00061035
 0.00000000
-0.00030518
 0.00000000
 0.00061035
 0.00122070
 0.00122070
 0.00091553
 0.00061035
 0.00030518
 0.00030518
 0.00061035
 0.00091553
 0.00061035
 0.00030518
 0.00030518
 0.00030518
 0.00030518
 0.00030518
 0.00000000
 0.00061035
 0.00122070
 0.00183105
 0.00183105
 0.00152588
 0.00152588
 0.00152588
 0.00122070
 0.00061035
 0.00030518
 0.00061035
 0.00091553
 0.00122070
 0.00122070
 0.00091553
 0.00061035
 0.00091553
 0.00122070
 0.00152588
 0.00152588
 0.00122070
 0.00152588
 0.00183105
 0.00183105
 0.00122070
 0.00030518
 0.00000000
 0.00000000
 0.00000000
-0.00061035
-0.00061035
-0.00061035
-0.00030518
 0.00000000
 0.00000000
 0.00061035
 0.00061035
 0.00061035
 0.00000000
-0.00061035
-0.00091553
-0.00091553
-0.00061035
-0.00030518
-0.00061035
-0.00091553
-0.00091553
-0.00061035
-0.00061035
-0.00030518
 0.00000000
 0.00000000
-0.00030518
-0.00091553
-0.00122070
-0.00091553
-0.00091553
-0.00122070
-0.00122070
-0.00152588
-0.00152588
-0.00152588
-0.00152588
-0.00152588
-0.00122070
-0.00152588
-0.00183105
-0.00152588
-0.00152588
-0.00122070
-0.00122070
-0.00122070
-0.00122070
-0.00152588
-0.00183105
-0.00183105
-0.00152588
-0.00152588
-0.00152588
-0.00183105
-0.00152588
-0.00091553
-0.00061035
-0.00030518
 0.00000000
 0.00030518
 0.00000000
-0.00091553
-0.00122070
-0.00122070
-0.00122070
-0.00152588
-0.00183105
-0.00183105
-0.00183105
-0.00152588
-0.00122070
-0.00030518
 0.00000000
 0.00000000
 0.00000000
 0.00030518
 0.00061035
 0.00030518
 0.00000000
-0.00061035
-0.00122070
-0.00122070
-0.00122070
-0.00091553
-0.00091553
-0.00061035
-0.00030518
 0.00000000
 0.00091553
 0.00122070
 0.00122070
 0.00122070
 0.00122070
 0.00091553
 0.00061035
 0.00061035
 0.00061035
 0.00061035
 0.00030518
-0.00061035
-0.00061035
-0.00030518
 0.00000000
 0.00000000
 0.00091553
 0.00122070
 0.00152588
 0.00122070
 0.00091553
 0.00122070
 0.00091553
 0.00061035
 0.00030518
 0.00030518
 0.00061035
 0.00061035
 0.00061035
 0.00030518
 0.00061035
 0.00061035
 0.00091553
 0.00152588
 0.00213623
 0.00213623
 0.00152588
 0.00122070
 0.00091553
 0.00091553
 0.00061035
 0.00030518
 0.00000000
 0.00000000
 0.00030518
 0.00061035
 0.00030518
 0.00030518
 0.00091553
 0.00091553
 0.00091553
 0.00091553
 0.00061035
 0.00061035
 0.00061035
 0.00061035
 0.00030518
 0.00000000
 0.00000000
 0.00000000
 0.00030518
 0.00061035
 0.00091553
 0.00091553
 0.00122070
 0.00183105
 0.00152588
 0.00152588
 0.00152588
 0.00091553
 0.00061035
 0.00000000
-0.00030518
-0.00091553
-0.00061035
 0.00000000
 0.00030518
 0.00030518
 0.00030518
 0.00030518
 0.00061035
 0.00061035
 0.00091553
 0.00091553
 0.00122070
 0.00061035
 0.00030518
-0.00030518
-0.00030518
-0.00030518
-0.00030518
-0.00061035
 0.00000000
 0.00061035
 0.00061035
 0.00061035
 0.00091553
 0.00152588
 0.00152588
 0.00183105
 0.00152588
 0.00122070
 0.00122070
 0.00122070
 0.00122070
 0.00061035
 0.00030518
 0.00030518
 0.00061035
 0.00122070
 0.00152588
 0.00152588
 0.00122070
 0.00152588
 0.00152588
 0.00122070
 0.00122070
 0.00122070
 0.00061035
 0.00000000
 0.00030518
 0.00061035
 0.00091553
 0.00091553
 0.00061035
 0.00061035
 0.00122070
 0.00152588
 0.00152588
 0.00152588
 0.00152588
 0.00122070
 0.00122070
 0.00091553
 0.00030518
 0.00000000
 0.00000000
 0.00030518
 0.00030518
 0.00030518
 0.00030518
 0.00030518
 0.00061035
 0.00122070
 0.00122070
 0.00091553
 0.00030518
 0.00000000
 0.00000000
 0.00000000
-0.00061035
-0.00091553
-0.00122070
-0.00091553
-0.00091553
-0.00061035
-0.00061035
-0.00030518
 0.00000000
 0.00061035
 0.00030518
 0.00030518
 0.00000000
-0.00061035
-0.00061035
-0.00091553
-0.00091553
-0.00122070
-0.00122070
-0.00152588
-0.00152588
-0.00122070
-0.00122070
-0.00152588
-0.00122070
-0.00091553
-0.00061035
-0.00091553
-0.00122070
-0.00152588
-0.00152588
-0.00152588
-0.00122070
-0.00152588
-0.00183105
-0.00183105
-0.00183105
-0.00183105
-0.00152588
-0.00152588
-0.00152588
-0.00091553
-0.00091553
-0.00091553
-0.00091553
-0.00061035
-0.00091553
-0.00122070
-0.00122070
-0.00091553
-0.00122070
-0.00122070
-0.00152588
-0.00122070
-0.00091553
-0.00091553
-0.00091553
-0.00061035
-0.00030518
-0.00091553
-0.00061035
-0.00061035
-0.00030518
-0.00061035
-0.00091553
-0.00091553
-0.00030518
-0.00030518
-0.00030518
 0.00000000
 0.00000000
 0.00061035
 0.00091553
 0.00061035
 0.00030518
 0.00030518
 0.00030518
 0.00030518
 0.00030518
 0.00061035
 0.00091553
 0.00091553
 0.00061035
 0.00091553
 0.00091553
 0.00061035
 0.00091553
 0.00091553
 0.00061035
 0.00061035
 0.00030518
 0.00061035
 0.00091553
 0.00061035
 0.00030518
-0.00030518
-0.00030518
 0.00000000
 0.00000000
 0.00000000
 0.00030518
 0.00030518
 0.00061035
 0.00030518
 0.00030518
 0.00030518
 0.00091553
 0.00091553
 0.00091553
 0.00061035
 0.00091553
 0.00122070
 0.00091553
 0.00091553
 0.00061035
 0.00030518
 0.00030518
 0.00030518
 0.00000000
 0.00000000
-0.00061035
-0.00061035
-0.00030518
-0.00030518
-0.00030518
-0.00030518
-0.00091553
-0.00061035
-0.00061035
-0.00030518
-0.00030518
-0.00030518
-0.00030518
-0.00030518
-0.00061035
-0.00061035
-0.00030518
-0.00030518
-0.00061035
-0.00091553
-0.00091553
-0.00061035
-0.00091553
-0.00122070
-0.00152588
-0.00152588
-0.00122070
-0.00091553
-0.00091553
-0.00091553
-0.00122070
-0.00122070
-0.00091553
-0.00091553
-0.00122070
-0.00152588
-0.00152588
-0.00122070
-0.00091553
-0.00122070
-0.00122070
-0.00122070
-0.00122070
-0.00122070
-0.00152588
-0.00091553
-0.00061035
-0.00061035
-0.00030518
 0.00000000
-0.00061035
-0.00091553
-0.00122070
-0.00091553
-0.00091553
-0.00091553
-0.00091553
-0.00091553
-0.00061035
-0.00030518
-0.00091553
-0.00061035
-0.00030518
-0.00030518
-0.00030518
-0.00030518
-0.00061035
-0.00030518
-0.00030518
-0.00061035
-0.00030518
-0.00030518
-0.00030518
-0.00061035
-0.00091553
-0.00061035
-0.00061035
-0.00061035
-0.00061035
 0.00000000
 0.00000000
 0.00030518
 0.00000000
 0.00030518
 0.00030518
 0.00030518
 0.00000000
 0.00000000
 0.00000000
 0.00030518
 0.00030518
 0.00000000
 0.00030518
 0.00030518
 0.00030518
 0.00061035
 0.00061035
 0.00061035
 0.00000000
-0.00030518
 0.00000000
 0.00000000
 0.00000000
-0.00030518
 0.00000000
 0.00000000
-0.00030518
 0.00000000
 0.00000000
 0.00000000
 0.00030518
 0.00030518
 0.00000000
 0.00000000
 0.00061035
 0.00061035
 0.00030518
 0.00030518
-0.00030518
-0.00030518
 0.00000000
-0.00030518
-0.00030518
-0.00030518
 0.00000000
 0.00000000
 0.00000000
 0.00061035
 0.00091553
 0.00030518
 0.00000000
 0.00000000
 0.00000000
-0.00030518
-0.00091553
-0.00061035
-0.00061035
-0.00091553
-0.00152588
-0.00183105
-0.00152588
-0.00122070
-0.00091553
-0.00061035
-0.00030518
 0.00030518
 0.00000000
-0.00030518
-0.00061035
-0.00061035
-0.00061035
-0.00061035
-0.00091553
-0.00061035
-0.00030518
 0.00000000
 0.00000000
-0.00030518
 0.00000000
 0.00030518
 0.00030518
 0.00030518
 0.00030518
 0.00030518
 0.00061035
 0.00061035
 0.00030518
 0.00000000
-0.00030518
 0.00030518
 0.00030518
 0.00030518
 0.00061035
 0.00061035
 0.00091553
 0.00122070
 0.00152588
 0.00152588
 0.00122070
 0.00091553
 0.00061035
 0.00061035
 0.00091553
 0.00091553
 0.00030518
 0.00030518
 0.00030518
 0.00061035
 0.00091553
 0.00091553
 0.00091553
 0.00091553
 0.00122070
 0.00152588
 0.00122070
 0.00091553
 0.00061035
 0.00061035
 0.00030518
 0.00030518
 0.00030518
 0.00030518
 0.00030518
 0.00030518
 0.00061035
 0.00061035
 0.00061035
 0.00061035
 0.00030518
-0.00030518
-0.00030518
-0.00061035
-0.00061035
-0.00061035
-0.00030518
-0.00030518
 0.00000000
 0.00000000
-0.00030518
-0.00030518
-0.00030518
-0.00030518
-0.00030518
-0.00030518
 0.00000000
 0.00061035
 0.00030518
-0.00061035
-0.00122070
-0.00152588
-0.00183105
-0.00183105
-0.00183105
-0.00122070
-0.00122070
-0.00152588
-0.00152588
-0.00183105
-0.00152588
-0.00152588
-0.00152588
-0.00183105
-0.00152588
-0.00152588
-0.00213623
-0.00274658
-0.00274658
-0.00244141
-0.00274658
-0.00274658
-0.00274658
-0.00274658
-0.00244141
-0.00183105
-0.00183105
-0.00122070
-0.00061035
-0.00030518
-0.00091553
-0.00122070
-0.00152588
-0.00152588
-0.00152588
-0.00213623
-0.00213623
-0.00274658
-0.00274658
-0.00244141
-0.00183105
-0.00183105
-0.00183105
-0.00152588
-0.00122070
-0.00122070
-0.00122070
-0.00122070
-0.00091553
-0.00091553
-0.00122070
-0.00122070
-0.00122070
-0.00091553
-0.00091553
-0.00122070
-0.00091553
-0.00030518
 0.00000000
 0.00000000
 0.00000000
 0.00000000
 0.00030518
 0.00061035
 0.00061035
 0.00030518
-0.00030518
-0.00061035
-0.00030518
 0.00000000
-0.00030518
-0.00030518
 0.00030518
 0.00061035
 0.00030518
 0.00030518
 0.00091553
 0.00091553
 0.00091553
 0.00061035
 0.00061035
 0.00061035
 0.00030518
 0.00061035
 0.00091553
 0.00061035
 0.00061035
 0.00061035
 0.00091553
 0.00091553
 0.00152588
 0.00152588
 0.00122070
 0.00091553
 0.00122070
 0.00122070
 0.00122070
 0.00091553
 0.00030518
 0.00000000
 0.00000000
 0.00030518
 0.00061035
 0.00000000
 0.00000000
 0.00030518
 0.00061035
 0.00030518
 0.00000000
-0.00030518
 0.00000000
 0.00000000
-0.00030518
-0.00061035
-0.00091553
-0.00122070
-0.00122070
-0.00091553
-0.00091553
-0.00091553
-0.00061035
-0.00030518
 0.00000000
 0.00000000
-0.00061035
-0.00061035
-0.00030518
-0.00091553
-0.00152588
-0.00152588
-0.00183105
-0.00183105
-0.00244141
-0.00244141
-0.00244141
-0.00244141
-0.00213623
-0.00213623
-0.00244141
-0.00244141
-0.00183105
-0.00152588
-0.00152588
-0.00213623
-0.00213623
-0.00213623
-0.00274658
-0.00305176
-0.00335693
-0.00366211
-0.00305176
-0.00244141
-0.00213623
-0.00244141
-0.00244141
-0.00183105
-0.00152588
-0.00091553
-0.00122070
-0.00122070
-0.00091553
-0.00122070
-0.00183105
-0.00244141
-0.00274658
-0.00305176
-0.00274658
-0.00183105
-0.00152588
-0.00152588
-0.00122070
-0.00061035
-0.00030518
 0.00000000
-0.00030518
-0.00061035
-0.00091553
-0.00091553
-0.00122070
-0.00122070
-0.00152588
-0.00152588
-0.00152588
-0.00152588
-0.00122070
-0.00061035
 0.00030518
 0.00061035
 0.00091553
 0.00091553
 0.00091553
 0.00122070
 0.00091553
 0.00061035
 0.00061035
 0.00030518
 0.00000000
-0.00030518
 0.00000000
 0.00000000
 0.00000000
 0.00000000
 0.00030518
 0.00030518
 0.00030518
 0.00061035
 0.00061035
 0.00091553
 0.00061035
 0.00061035
 0.00030518
 0.00030518
 0.00000000
-0.00030518
-0.00030518
 0.00000000
-0.00030518
-0.00030518
-0.00030518
 0.00030518
 0.00061035
 0.00030518
 0.00000000
 0.00030518
 0.00091553
 0.00061035
-0.00030518
-0.00091553
-0.00122070
-0.00122070
-0.00091553
-0.00030518
 0.00000000
 0.00030518
 0.00000000
-0.00030518
-0.00061035
-0.00091553
-0.00061035
-0.00030518
-0.00061035
-0.00030518
-0.00091553
-0.00122070
-0.00122070
-0.00122070
-0.00122070
-0.00122070
-0.00152588
-0.00122070
-0.00091553
-0.00091553
-0.00061035
-0.00091553
-0.00122070
-0.00152588
-0.00183105
-0.00152588
-0.00152588
-0.00152588
-0.00152588
-0.00122070
-0.00122070
-0.00122070
-0.00091553
-0.00061035
-0.00091553
-0.00091553
-0.00061035
 0.00000000
 0.00000000
-0.00030518
-0.00061035
-0.00122070
-0.00122070
-0.00091553
-0.00091553
-0.00091553
-0.00152588
-0.00183105
-0.00122070
-0.00061035
 0.00000000
 0.00000000
 0.00030518
 0.00061035
 0.00091553
 0.00122070
 0.00061035
 0.00000000
-0.00030518
-0.00030518
 0.00000000
-0.00030518
-0.00030518
 0.00000000
 0.00030518
 0.00061035
 0.00061035
 0.00091553
 0.00122070
 0.00122070
 0.00091553
 0.00091553
 0.00122070
 0.00091553
 0.00030518
-0.00030518
-0.00030518
-0.00061035
-0.00030518
 0.00000000
 0.00030518
 0.00030518
 0.00030518
 0.00061035
 0.00122070
 0.00183105
 0.00183105
 0.00183105
 0.00152588
 0.00122070
 0.00091553
 0.00061035
 0.00061035
 0.00030518
 0.00030518
 0.00030518
 0.00030518
 0.00000000
 0.00030518
 0.00030518
 0.00061035
 0.00061035
 0.00000000
-0.00030518
-0.00030518
 0.00000000
-0.00030518
-0.00091553
-0.00091553
-0.00091553
-0.00122070
-0.00183105
-0.00183105
-0.00091553
-0.00061035
-0.00061035
-0.00061035
-0.00030518
 0.00000000
 0.00000000
-0.00061035
-0.00091553
-0.00152588
-0.00152588
-0.00122070
-0.00122070
-0.00152588
-0.00152588
