 0.00030518
 0.00000000
 0.00000000
 0.00000000
 0.00030518
 0.00030518
 0.00061035
 0.00061035
 0.00030518
 0.00030518
 0.00030518
 0.00000000
-0.00030518
 0.00000000
 0.00030518
 0.00061035
 0.00030518
 0.00061035
 0.00030518
 0.00030518
 0.00000000
 0.00000000
 0.00000000
 0.00000000
 0.00030518
 0.00030518
-0.00030518
-0.00030518
 0.00030518
 0.00061035
 0.00000000
 0.00000000
 0.00030518
 0.00061035
 0.00061035
 0.00030518
 0.00030518
 0.00061035
 0.00030518
 0.00000000
 0.00000000
-0.00030518
 0.00000000
 0.00000000
 0.00030518
 0.00000000
 0.00030518
 0.00030518
 0.00000000
 0.00000000
 0.00030518
 0.00030518
 0.00030518
 0.00000000
 0.00000000
 0.00030518
 0.00030518
 0.00000000
 0.00000000
 0.00030518
 0.00030518
 0.00000000
 0.00000000
 0.00000000
 0.00000000
 0.00000000
 0.00030518
 0.00061035
 0.00030518
 0.00030518
 0.00000000
-0.00030518
 0.00000000
 0.00000000
 0.00000000
 0.00061035
 0.00030518
 0.00030518
 0.00030518
 0.00061035
 0.00061035
 0.00030518
 0.00030518
 0.00030518
 0.00000000
 0.00000000
 0.00030518
 0.00061035
 0.00061035
 0.00030518
 0.00000000
 0.00000000
 0.00000000
 0.00030518
 0.00122070
 0.00427246
 0.01708984
 0.05157471
 0.12542725
 0.28778076
 0.52734375
 0.73547363
 0.79498291
 0.57586670
 0.18249512
-0.29052734
-0.52215576
-0.28747559
 0.15472412
 0.56274414
 0.67199707
 0.13397217
-0.47302246
-0.91735840
-1.08795166
-1.05834961
-0.82763672
-0.46508789
-0.15747070
 0.10253906
 0.38482666
 0.51422119
 0.61737061
 0.71746826
 0.77819824
 0.60760498
 0.10101318
-0.46386719
-0.87432861
-1.12426758
-1.14868164
-0.81542969
-0.25238037
 0.16448975
 0.48797607
 0.39215088
 0.24322510
 0.23406982
 0.32836914
 0.67138672
 1.05987549
 1.15173340
 0.76904297
 0.22888184
-0.43365479
-1.01898193
-1.31500244
-1.19689941
-0.82031250
-0.40802002
-0.10437012
 0.31433105
 0.52917480
 0.55999756
 0.58135986
 0.66192627
 0.65338135
 0.44097900
 0.05889893
-0.38818359
-0.81573486
-1.06018066
-1.06628418
-0.86914063
-0.49285889
-0.11260986
 0.03631592
-0.01586914
-0.09552002
-0.10345459
 0.03997803
 0.39489746
 0.81512451
 0.98175049
 0.61096191
-0.09155273
-0.86761475
-1.31225586
-1.40014648
-1.18713379
-0.81146240
-0.39489746
 0.02319336
 0.54199219
 0.76568604
 0.73394775
 0.61248779
 0.52764893
 0.43151855
 0.31066895
 0.22521973
 0.11627197
-0.11474609
-0.36376953
-0.52795410
-0.56274414
-0.54138184
-0.44830322
-0.22308350
 0.01831055
 0.21209717
 0.43182373
 0.64422607
 0.88714600
 1.01745605
 0.93933105
 0.63507080
 0.12481689
-0.46264648
-0.87066650
-0.99975586
-0.95092773
-0.81207275
-0.58380127
-0.30700684
-0.04211426
 0.24719238
 0.54962158
 0.77636719
 0.86334229
 0.77697754
 0.58563232
 0.34667969
 0.04211426
-0.27343750
-0.55236816
-0.76538086
-0.86944580
-0.83923340
-0.68481445
-0.46325684
-0.25848389
 0.02105713
 0.33874512
 0.60913086
 0.83007813
 1.02478027
 1.14135742
 1.07177734
 0.78735352
 0.41625977
 0.07446289
-0.27709961
-0.51452637
-0.58776855
-0.52215576
-0.38726807
-0.18768311
 0.20263672
 0.67047119
 1.08612061
 1.29638672
 1.27838135
 1.09802246
 0.77148438
 0.38055420
 0.04241943
-0.25665283
-0.50811768
-0.67474365
-0.71746826
-0.68634033
-0.63659668
-0.53253174
-0.31158447
-0.04058838
 0.21240234
 0.44738770
 0.57281494
 0.62683105
 0.57525635
 0.40435791
 0.14801025
-0.17944336
-0.48858643
-0.72052002
-0.79650879
-0.71350098
-0.51940918
-0.28533936
-0.00915527
 0.29144287
 0.52581787
 0.61309814
 0.60882568
 0.56457520
 0.52947998
 0.52673340
 0.52215576
 0.43426514
 0.19378662
-0.10467529
-0.38787842
-0.61065674
-0.72723389
-0.72753906
-0.60424805
-0.36743164
-0.03509521
 0.39276123
 0.75866699
 0.93902588
 0.87585449
 0.60852051
 0.30944824
-0.00732422
-0.29174805
-0.52032471
-0.72204590
-0.85937500
-0.90972900
-0.85540771
-0.67596436
-0.38604736
-0.07110596
 0.26824951
 0.54656982
 0.68603516
 0.72021484
 0.65368652
 0.47821045
 0.23345947
-0.07202148
-0.36254883
-0.58868408
-0.70190430
-0.70709229
-0.64605713
-0.56427002
-0.47149658
-0.34027100
-0.14862061
 0.09887695
 0.37597656
 0.62042236
 0.72479248
 0.62988281
 0.39764404
 0.14312744
-0.17761230
-0.45684814
-0.65338135
-0.76751709
-0.78918457
-0.69824219
-0.49468994
-0.23864746
 0.02807617
 0.32623291
 0.51300049
 0.59417725
 0.60180664
 0.54595947
 0.41473389
 0.18218994
-0.14373779
-0.47058105
-0.74493408
-0.88409424
-0.87402344
-0.73883057
-0.52124023
-0.29663086
-0.06866455
 0.15808105
 0.36743164
 0.49957275
 0.53985596
 0.47546387
 0.34027100
 0.16235352
-0.01556396
-0.15472412
-0.28656006
-0.41656494
-0.52673340
-0.57250977
-0.50445557
-0.32775879
-0.07629395
 0.25573730
 0.55145264
 0.66650391
 0.62377930
 0.47882080
 0.32135010
 0.11840820
-0.10925293
-0.29937744
-0.45501709
-0.53924561
-0.54870605
-0.48553467
-0.36987305
-0.26214600
-0.09765625
 0.09796143
 0.32470703
 0.54412842
 0.69274902
 0.72326660
 0.61492920
 0.38696289
 0.09643555
-0.22308350
-0.48065186
-0.62988281
-0.66162109
-0.58013916
-0.40283203
-0.19042969
 0.07995605
 0.40679932
 0.59783936
 0.67169189
 0.63629150
 0.54199219
 0.42633057
 0.30578613
 0.15258789
-0.04089355
-0.25390625
-0.44189453
-0.55847168
-0.56304932
-0.46112061
-0.30517578
-0.10284424
 0.11505127
 0.35095215
 0.47912598
 0.50384521
 0.44799805
 0.34057617
 0.16784668
-0.03356934
-0.19348145
-0.33294678
-0.42419434
-0.46386719
-0.44494629
-0.36895752
-0.26275635
-0.08056641
 0.13610840
 0.40191650
 0.55694580
 0.61370850
 0.56396484
 0.42816162
 0.27740479
 0.07995605
-0.09674072
-0.25421143
-0.38391113
-0.44097900
-0.41442871
-0.31311035
-0.15808105
 0.04302979
 0.27465820
 0.45562744
 0.52520752
 0.51910400
 0.45257568
 0.33813477
 0.14648438
-0.07934570
-0.29510498
-0.50354004
-0.66040039
-0.74157715
-0.72601318
-0.61645508
-0.42816162
-0.22552490
 0.02410889
 0.28259277
 0.46936035
 0.52581787
 0.47851563
 0.36010742
 0.19287109
-0.03967285
-0.23406982
-0.40802002
-0.51971436
-0.56396484
-0.53558350
-0.43579102
-0.31005859
-0.14038086
 0.05218506
 0.24139404
 0.40222168
 0.46569824
 0.45959473
 0.39154053
 0.28198242
 0.09399414
-0.10070801
-0.28656006
-0.44738770
-0.54687500
-0.56335449
-0.49041748
-0.35308838
-0.17211914
 0.05157471
 0.29876709
 0.49591064
 0.57678223
 0.57098389
 0.48919678
 0.35339355
 0.17669678
-0.01922607
-0.18768311
-0.33447266
-0.42083740
-0.43060303
-0.37048340
-0.27984619
-0.12878418
 0.05096436
 0.24169922
 0.41595459
 0.49163818
 0.48461914
 0.40466309
 0.29571533
 0.12268066
-0.04058838
-0.18035889
-0.30670166
-0.39733887
-0.43304443
-0.40710449
-0.32379150
-0.18890381
 0.00122070
 0.22155762
 0.44769287
 0.56945801
 0.60638428
 0.56030273
 0.44372559
 0.30059814
 0.12207031
-0.02746582
-0.14404297
-0.21972656
-0.24902344
-0.23529053
-0.18066406
-0.08453369
 0.04791260
 0.20233154
 0.38726807
 0.50598145
 0.56823730
 0.56488037
 0.49713135
 0.37902832
 0.23071289
 0.07659912
-0.06378174
-0.17272949
-0.23132324
-0.23437500
-0.18402100
-0.08239746
 0.05798340
 0.22430420
 0.39459229
 0.47607422
 0.48522949
 0.41717529
 0.30761719
 0.11688232
-0.07995605
-0.24139404
-0.38574219
-0.46905518
-0.49682617
-0.47241211
-0.39794922
-0.30914307
-0.18249512
-0.03082275
 0.11901855
 0.24444580
 0.31219482
 0.33477783
 0.28839111
 0.16571045
 0.02532959
-0.09246826
-0.19226074
-0.26763916
-0.30548096
-0.29571533
-0.24658203
-0.15869141
-0.03723145
 0.10375977
 0.25085449
 0.37963867
 0.43914795
 0.43487549
 0.36346436
 0.24841309
 0.05584717
-0.10711670
-0.23040771
-0.31982422
-0.34515381
-0.32623291
-0.29144287
-0.23742676
-0.17028809
-0.09399414
-0.01525879
 0.05767822
 0.11596680
 0.14801025
 0.12145996
 0.02777100
-0.09277344
-0.20233154
-0.30273438
-0.38360596
-0.42266846
-0.41046143
-0.35003662
-0.27740479
-0.16601563
-0.04333496
 0.07446289
 0.17578125
 0.24444580
 0.28137207
 0.26702881
 0.18981934
 0.07965088
-0.02929688
-0.13275146
-0.22033691
-0.27801514
-0.30334473
-0.30303955
-0.28228760
-0.24414063
-0.18829346
-0.11474609
-0.02746582
 0.05981445
 0.12512207
 0.15350342
 0.11627197
 0.01708984
-0.09002686
-0.16540527
-0.21484375
-0.23834229
-0.23345947
-0.20172119
-0.14678955
-0.06988525
 0.02502441
 0.12786865
 0.22766113
 0.30456543
 0.34149170
 0.34210205
 0.31677246
 0.21820068
 0.09643555
-0.01983643
-0.12390137
-0.19744873
-0.23071289
-0.22857666
-0.19866943
-0.15014648
-0.09155273
-0.03082275
 0.02716064
 0.07965088
 0.12207031
 0.14282227
 0.13031006
 0.09216309
 0.04211426
-0.01678467
-0.08117676
-0.14038086
-0.18096924
-0.19531250
-0.18127441
-0.14068604
-0.07598877
 0.00671387
 0.09735107
 0.18127441
 0.24322510
 0.28015137
 0.27160645
 0.21392822
 0.13885498
 0.07049561
 0.00518799
-0.05187988
-0.08819580
-0.09979248
-0.09094238
-0.06652832
-0.03112793
 0.01068115
 0.05554199
 0.09857178
 0.13458252
 0.15472412
 0.15106201
 0.12145996
 0.06988525
 0.00427246
-0.06530762
-0.12786865
-0.17272949
-0.19165039
-0.18280029
-0.14953613
-0.09643555
-0.03051758
 0.03967285
 0.10406494
 0.15594482
 0.18707275
 0.18066406
 0.14068604
 0.09033203
 0.03814697
-0.02014160
-0.07904053
-0.12664795
-0.15380859
-0.15960693
-0.14556885
-0.11474609
-0.07324219
-0.02624512
 0.02075195
 0.06225586
 0.08880615
 0.09124756
 0.07232666
 0.04180908
 0.00457764
-0.03845215
-0.08178711
-0.11596680
-0.13244629
-0.12725830
-0.10009766
-0.05310059
 0.00915527
 0.07781982
 0.14221191
 0.19165039
 0.21240234
 0.18585205
 0.12939453
 0.07568359
 0.02990723
-0.01586914
-0.05889893
-0.09216309
-0.11260986
-0.11932373
-0.11291504
-0.09399414
-0.06408691
-0.02777100
 0.00976563
 0.04150391
 0.05859375
 0.05371094
 0.02807617
-0.01251221
-0.06500244
-0.12573242
-0.18554688
-0.23284912
-0.25939941
-0.26123047
-0.23864746
-0.19622803
-0.14007568
-0.07720947
-0.01678467
 0.03295898
 0.06500244
 0.06530762
 0.03906250
 0.01068115
-0.01129150
-0.03417969
-0.06103516
-0.08697510
-0.10498047
-0.10986328
-0.09857178
-0.06896973
-0.02197266
 0.03845215
 0.10681152
 0.17456055
 0.23223877
 0.27008057
 0.26947021
 0.22827148
 0.17486572
 0.12634277
 0.07751465
 0.03082275
-0.00488281
-0.02319336
-0.02441406
-0.01068115
 0.01373291
 0.04272461
 0.07080078
 0.09216309
 0.10284424
 0.10162354
 0.08941650
 0.06683350
 0.03723145
 0.00396729
-0.02746582
-0.05493164
-0.07720947
-0.09338379
-0.10253906
-0.10314941
-0.09277344
-0.07080078
-0.03814697
 0.00213623
 0.04577637
 0.08789063
 0.12207031
 0.14007568
 0.13824463
 0.12390137
 0.10375977
 0.07873535
 0.05157471
 0.02716064
 0.01098633
 0.00762939
 0.01953125
 0.04547119
 0.08117676
 0.12145996
 0.15960693
 0.18646240
 0.19317627
 0.18096924
 0.16052246
 0.13732910
 0.11260986
 0.08453369
 0.05523682
 0.02624512
-0.00152588
-0.02288818
-0.03204346
-0.02471924
 0.00152588
 0.04364014
 0.09643555
 0.15228271
 0.20202637
 0.23315430
 0.22583008
 0.18493652
 0.14007568
 0.10498047
 0.07507324
 0.04882813
 0.02746582
 0.01190186
 0.00274658
 0.00030518
 0.00488281
 0.01495361
 0.02807617
 0.03997803
 0.04760742
 0.04760742
 0.03936768
 0.02197266
-0.00518799
-0.04119873
-0.08209229
-0.12115479
-0.15075684
-0.16510010
-0.16174316
-0.14282227
-0.11169434
-0.07324219
-0.03234863
 0.00518799
 0.03204346
 0.04302979
 0.03997803
 0.03051758
 0.01770020
-0.00061035
-0.02380371
-0.04821777
-0.06835938
-0.07843018
-0.07446289
-0.05523682
-0.02319336
 0.01647949
 0.05554199
 0.08331299
 0.08575439
 0.06072998
 0.02380371
-0.01251221
-0.04699707
-0.07812500
-0.10345459
-0.12145996
-0.13214111
-0.13732910
-0.13885498
-0.13641357
-0.12908936
-0.11474609
-0.09368896
-0.06805420
-0.04272461
-0.02471924
-0.02197266
-0.03814697
-0.06896973
-0.10406494
-0.13580322
-0.15777588
-0.16754150
-0.16235352
-0.14404297
-0.11596680
-0.08239746
-0.04943848
-0.02380371
-0.01159668
-0.01312256
-0.02136230
-0.02929688
-0.03662109
-0.04516602
-0.05767822
-0.07415771
-0.09063721
-0.10192871
-0.10437012
-0.09521484
-0.07629395
-0.05096436
-0.02319336
 0.00366211
 0.02685547
 0.04608154
 0.06042480
 0.06958008
 0.07141113
 0.06500244
 0.05340576
 0.04119873
 0.03112793
 0.02380371
 0.02044678
 0.02105713
 0.02532959
 0.03173828
 0.03845215
 0.04455566
 0.04669189
 0.04272461
 0.03295898
 0.02136230
 0.01159668
 0.00518799
 0.00122070
-0.00213623
-0.00640869
-0.01220703
-0.01861572
-0.02380371
-0.02655029
-0.02777100
-0.02807617
-0.02777100
-0.02502441
-0.01708984
-0.00457764
 0.00976563
 0.02227783
 0.02838135
 0.02655029
 0.02014160
 0.01342773
 0.00946045
 0.00915527
 0.01251221
 0.01953125
 0.02990723
 0.04119873
 0.05157471
 0.05889893
 0.06317139
 0.06591797
 0.06896973
 0.07415771
 0.08056641
 0.08483887
 0.08392334
 0.07537842
 0.05920410
 0.03814697
 0.01586914
-0.00427246
-0.01800537
-0.02288818
-0.02044678
-0.01312256
-0.00549316
 0.00091553
 0.00488281
 0.00640869
 0.00518799
 0.00000000
-0.00854492
-0.02075195
-0.03570557
-0.05218506
-0.06744385
-0.07873535
-0.08331299
-0.07995605
-0.06988525
-0.05493164
-0.03784180
-0.02227783
-0.01129150
-0.00549316
-0.00427246
-0.00518799
-0.00640869
-0.00793457
-0.01129150
-0.01861572
-0.03112793
-0.04760742
-0.06439209
-0.07690430
-0.08117676
-0.07690430
-0.06530762
-0.04821777
-0.03051758
-0.01739502
-0.01190186
-0.01373291
-0.01983643
-0.02746582
-0.03601074
-0.04486084
-0.05065918
-0.05157471
-0.04760742
-0.04058838
-0.03326416
-0.02777100
-0.02502441
-0.02532959
-0.02624512
-0.02593994
-0.02349854
-0.02014160
-0.01739502
-0.01708984
-0.01953125
-0.02502441
-0.03265381
-0.04028320
-0.04669189
-0.04882813
-0.04425049
-0.03265381
-0.01495361
 0.00488281
 0.02014160
 0.02502441
 0.01739502
 0.00183105
-0.01495361
-0.02807617
-0.03540039
-0.03662109
-0.03234863
-0.02349854
-0.01068115
 0.00427246
 0.02136230
 0.04058838
 0.06042480
 0.07934570
 0.09429932
 0.10345459
 0.10498047
 0.09918213
 0.08697510
 0.07202148
 0.05676270
 0.04425049
 0.03570557
 0.03234863
 0.03326416
 0.03753662
 0.04425049
 0.05218506
 0.06072998
 0.06927490
 0.07629395
 0.07873535
 0.07415771
 0.06347656
 0.04974365
 0.03570557
 0.02319336
 0.01251221
 0.00427246
-0.00061035
-0.00274658
-0.00061035
 0.00640869
 0.01800537
 0.03082275
 0.04333496
 0.05249023
 0.05676270
 0.05584717
 0.05126953
 0.04577637
 0.04089355
 0.03723145
 0.03448486
 0.03265381
 0.03112793
 0.02868652
 0.02532959
 0.02227783
 0.02136230
 0.02502441
 0.03295898
 0.04455566
 0.05767822
 0.06927490
 0.07690430
 0.07843018
 0.07415771
 0.06530762
 0.05432129
 0.04272461
 0.03326416
 0.02746582
 0.02716064
 0.03204346
 0.03936768
 0.04669189
 0.05279541
 0.05523682
 0.05523682
 0.05462646
 0.05371094
 0.05218506
 0.04730225
 0.03723145
 0.02105713
 0.00030518
-0.01953125
-0.03387451
-0.04058838
-0.03875732
-0.02899170
-0.01312256
 0.00640869
 0.02593994
 0.04394531
 0.05859375
 0.06835938
 0.07293701
 0.07110596
 0.06195068
 0.04608154
 0.02593994
 0.00518799
-0.01281738
-0.02593994
-0.03326416
-0.03479004
-0.03265381
-0.02990723
-0.02777100
-0.02593994
-0.02349854
-0.02136230
-0.02075195
-0.02380371
-0.03143311
-0.04455566
-0.06195068
-0.08026123
-0.09582520
-0.10681152
-0.11138916
-0.10833740
-0.09796143
-0.08239746
-0.06317139
-0.04119873
-0.01861572
 0.00305176
 0.02075195
 0.03173828
 0.03295898
 0.02532959
 0.01220703
 0.00030518
-0.00640869
-0.00610352
-0.00030518
 0.00885010
 0.01800537
 0.02532959
 0.02929688
 0.03112793
 0.03173828
 0.03112793
 0.02777100
 0.01831055
 0.00091553
-0.02319336
-0.05065918
-0.07629395
-0.09582520
-0.10681152
-0.10894775
-0.10406494
-0.09552002
-0.08575439
-0.07690430
-0.06927490
-0.06134033
-0.05340576
-0.04547119
-0.03936768
-0.03753662
-0.04058838
-0.04699707
-0.05432129
-0.05828857
-0.05554199
-0.04638672
-0.03143311
-0.01495361
 0.00030518
 0.01068115
 0.01556396
 0.01678467
 0.01678467
 0.01586914
 0.01342773
 0.00885010
 0.00244141
-0.00518799
-0.01342773
-0.02197266
-0.03021240
-0.03631592
-0.03845215
-0.03631592
-0.02929688
-0.01739502
-0.00244141
 0.01281738
 0.02563477
 0.03234863
 0.03143311
 0.02441406
 0.01373291
 0.00122070
-0.01068115
-0.02075195
-0.02746582
-0.03051758
-0.02929688
-0.02380371
-0.01495361
-0.00305176
 0.00946045
 0.02105713
 0.03051758
 0.03631592
 0.03906250
 0.03784180
 0.03356934
 0.02655029
 0.01708984
 0.00610352
-0.00427246
-0.01190186
-0.01495361
-0.01220703
-0.00305176
 0.01098633
 0.02746582
 0.04302979
 0.05523682
 0.06256104
 0.06408691
 0.06134033
 0.05676270
 0.05126953
 0.04425049
 0.03540039
 0.02349854
 0.00854492
-0.00610352
-0.01770020
-0.02197266
-0.01739502
-0.00579834
 0.00854492
 0.02075195
 0.02655029
 0.02593994
 0.02166748
 0.01708984
 0.01220703
 0.00488281
-0.00518799
-0.01831055
-0.03356934
-0.04791260
-0.05950928
-0.06652832
-0.06774902
-0.06347656
-0.05310059
-0.03936768
-0.02563477
-0.01495361
-0.01068115
-0.01373291
-0.02319336
-0.03631592
-0.05065918
-0.06500244
-0.07720947
-0.08514404
-0.08758545
-0.08331299
-0.07385254
-0.06134033
-0.04730225
-0.03356934
-0.02105713
-0.00976563
-0.00030518
 0.00640869
 0.00885010
 0.00579834
-0.00305176
-0.01678467
-0.03265381
-0.04608154
-0.05401611
-0.05493164
-0.04882813
-0.03662109
-0.02014160
-0.00213623
 0.01342773
 0.02380371
 0.02655029
 0.02105713
 0.00915527
-0.00640869
-0.02502441
-0.04486084
-0.06317139
-0.07873535
-0.08941650
-0.09429932
-0.09277344
-0.08514404
-0.07293701
-0.05645752
-0.03692627
-0.01556396
 0.00488281
 0.02075195
 0.02838135
 0.02746582
 0.02014160
 0.01068115
 0.00244141
-0.00305176
-0.00427246
-0.00122070
 0.00579834
 0.01800537
 0.03387451
 0.05065918
 0.06591797
 0.07690430
 0.08209229
 0.08117676
 0.07446289
 0.06286621
 0.04913330
 0.03417969
 0.01983643
 0.00732422
-0.00183105
-0.00762939
-0.01037598
-0.00946045
-0.00427246
 0.00427246
 0.01617432
 0.03021240
 0.04394531
 0.05462646
 0.06011963
 0.05950928
 0.05584717
 0.05157471
 0.04821777
 0.04669189
 0.04730225
 0.05004883
 0.05523682
 0.06286621
 0.07293701
 0.08422852
 0.09521484
 0.10375977
 0.10772705
 0.10620117
 0.10131836
 0.09368896
 0.08392334
 0.07263184
 0.06072998
 0.04760742
 0.03540039
 0.02502441
 0.01678467
 0.01098633
 0.00854492
 0.00946045
 0.01342773
 0.01953125
 0.02746582
 0.03479004
 0.03967285
 0.04241943
 0.04302979
 0.04302979
 0.04211426
 0.03997803
 0.03570557
 0.02929688
 0.02197266
 0.01525879
 0.01129150
 0.01129150
 0.01525879
 0.02166748
 0.02960205
 0.03814697
 0.04638672
 0.05279541
 0.05523682
 0.05249023
 0.04577637
 0.03631592
 0.02563477
 0.01403809
 0.00244141
-0.00701904
-0.01464844
-0.02105713
-0.02593994
-0.02807617
-0.02746582
-0.02349854
-0.01647949
-0.00732422
 0.00244141
 0.01007080
 0.01281738
 0.00976563
 0.00274658
-0.00640869
-0.01495361
-0.02044678
-0.02258301
-0.02197266
-0.01953125
-0.01708984
-0.01464844
-0.01190186
-0.00946045
-0.00732422
-0.00640869
-0.00762939
-0.01159668
-0.01861572
-0.02777100
-0.03845215
-0.05004883
-0.06134033
-0.07141113
-0.07873535
-0.08270264
-0.08331299
-0.08026123
-0.07293701
-0.06042480
-0.04394531
-0.02441406
-0.00549316
 0.00885010
 0.01586914
 0.01556396
 0.01129150
 0.00549316
 0.00061035
-0.00274658
-0.00549316
-0.00793457
-0.00915527
-0.00885010
-0.00610352
-0.00122070
 0.00549316
 0.01373291
 0.02105713
 0.02655029
 0.02960205
 0.02960205
 0.02624512
 0.02014160
 0.01159668
-0.00091553
-0.01556396
-0.02929688
-0.04089355
-0.04943848
-0.05340576
-0.05310059
-0.04913330
-0.04241943
-0.03540039
-0.02929688
-0.02471924
-0.02166748
-0.02044678
-0.02014160
-0.02136230
-0.02319336
-0.02624512
-0.03082275
-0.03570557
-0.04089355
-0.04455566
-0.04577637
-0.04394531
-0.03906250
-0.03143311
-0.02227783
-0.01220703
-0.00305176
 0.00427246
 0.00854492
 0.00885010
 0.00518799
-0.00061035
-0.00762939
-0.01403809
-0.01800537
-0.02044678
-0.01983643
-0.01708984
-0.01220703
-0.00488281
 0.00457764
 0.01617432
 0.02838135
 0.03906250
 0.04577637
 0.04638672
 0.04119873
 0.03173828
 0.01983643
 0.00732422
-0.00335693
-0.01281738
-0.02044678
-0.02532959
-0.02716064
-0.02532959
-0.01922607
-0.00915527
 0.00274658
 0.01403809
 0.02105713
 0.02227783
 0.01647949
 0.00457764
-0.01098633
-0.02716064
-0.04211426
-0.05371094
-0.06103516
-0.06408691
-0.06103516
-0.05157471
-0.03601074
-0.01647949
 0.00396729
 0.02136230
 0.03173828
 0.03295898
 0.02807617
 0.01953125
 0.00976563
 0.00000000
-0.00946045
-0.01861572
-0.02746582
-0.03540039
-0.03997803
-0.03936768
-0.03387451
-0.02288818
-0.00793457
 0.00793457
 0.02044678
 0.02502441
 0.02075195
 0.00976563
-0.00396729
-0.01770020
-0.02899170
-0.03692627
-0.04150391
-0.04302979
-0.04058838
-0.03479004
-0.02563477
-0.01403809
-0.00061035
 0.01251221
 0.02319336
 0.02990723
 0.03234863
 0.03051758
 0.02349854
 0.01068115
-0.00701904
-0.02716064
-0.04516602
-0.05737305
-0.06072998
-0.05462646
-0.03997803
-0.02075195
-0.00091553
 0.01586914
 0.02532959
 0.02716064
 0.02258301
 0.01434326
 0.00427246
-0.00640869
-0.01739502
-0.02899170
-0.04028320
-0.05035400
-0.05706787
-0.05828857
-0.05310059
-0.04089355
-0.02319336
-0.00274658
 0.01708984
 0.03204346
 0.03967285
 0.03784180
 0.02868652
 0.01525879
 0.00030518
-0.01525879
-0.02990723
-0.04180908
-0.04852295
-0.04821777
-0.04058838
-0.02716064
-0.01007080
 0.00762939
 0.02319336
 0.03479004
 0.04089355
 0.04241943
 0.03906250
 0.03021240
 0.01739502
 0.00244141
-0.01190186
-0.02288818
-0.02929688
-0.03051758
-0.02532959
-0.01403809
 0.00274658
 0.02319336
 0.04364014
 0.06011963
 0.06866455
 0.06896973
 0.06225586
 0.05035400
 0.03479004
 0.01708984
 0.00061035
-0.01312256
-0.02166748
-0.02441406
-0.02105713
-0.01403809
-0.00335693
 0.00946045
 0.02380371
 0.03753662
 0.04882813
 0.05554199
 0.05676270
 0.05310059
 0.04486084
 0.03387451
 0.02105713
 0.00915527
 0.00000000
-0.00457764
-0.00244141
 0.00640869
 0.02075195
 0.03936768
 0.05981445
 0.07995605
 0.09704590
 0.10894775
 0.11291504
 0.10955811
 0.09857178
 0.08300781
 0.06591797
 0.04974365
 0.03631592
 0.02716064
 0.02197266
 0.02075195
 0.02380371
 0.02868652
 0.03601074
 0.04425049
 0.05279541
 0.05859375
 0.05981445
 0.05523682
 0.04455566
 0.02990723
 0.01281738
-0.00427246
-0.01922607
-0.03082275
-0.03875732
-0.04211426
-0.03936768
-0.03082275
-0.01678467
 0.00061035
 0.01831055
 0.03234863
 0.04058838
 0.04272461
 0.03936768
 0.03143311
 0.02014160
 0.00762939
-0.00488281
-0.01525879
-0.02197266
-0.02441406
-0.02258301
-0.01678467
-0.00762939
 0.00457764
 0.01831055
 0.03051758
 0.03936768
 0.04180908
 0.03692627
 0.02563477
 0.01007080
-0.00732422
-0.02441406
-0.03997803
-0.05157471
-0.05767822
-0.05645752
-0.04821777
-0.03448486
-0.01770020
-0.00122070
 0.01220703
 0.02014160
 0.02166748
 0.01678467
 0.00610352
-0.00915527
-0.02655029
-0.04394531
-0.05889893
-0.06988525
-0.07507324
-0.07537842
-0.07049561
-0.06134033
-0.04913330
-0.03479004
-0.01953125
-0.00610352
 0.00335693
 0.00610352
 0.00213623
-0.00762939
-0.02136230
-0.03662109
-0.04974365
-0.05828857
-0.06072998
-0.05584717
-0.04486084
-0.03082275
-0.01556396
-0.00213623
 0.00793457
 0.01464844
 0.01892090
 0.02136230
 0.02105713
 0.01617432
 0.00671387
-0.00549316
-0.01708984
-0.02593994
-0.03021240
-0.02960205
-0.02471924
-0.01586914
-0.00396729
 0.00946045
 0.02227783
 0.03204346
 0.03692627
 0.03662109
 0.03021240
 0.02014160
 0.00823975
-0.00305176
-0.01342773
-0.02197266
-0.02655029
-0.02746582
-0.02532959
-0.02044678
-0.01281738
-0.00335693
 0.00732422
 0.01739502
 0.02532959
 0.02868652
 0.02624512
 0.01922607
 0.00854492
-0.00183105
-0.00976563
-0.01434326
-0.01586914
-0.01464844
-0.01220703
-0.00854492
-0.00335693
 0.00457764
 0.01495361
 0.02624512
 0.03570557
 0.04119873
 0.04180908
 0.03814697
 0.03112793
 0.02227783
 0.01251221
 0.00396729
-0.00244141
-0.00579834
-0.00549316
-0.00213623
 0.00366211
 0.01129150
 0.01892090
 0.02441406
 0.02593994
 0.02288818
 0.01586914
 0.00610352
-0.00488281
-0.01617432
-0.02685547
-0.03692627
-0.04669189
-0.05523682
-0.06072998
-0.06134033
-0.05676270
-0.04760742
-0.03662109
-0.02593994
-0.01861572
-0.01617432
-0.01739502
-0.02136230
-0.02624512
-0.03082275
-0.03509521
-0.03845215
-0.04089355
-0.04211426
-0.04272461
-0.04180908
-0.03784180
-0.03143311
-0.02288818
-0.01434326
-0.00793457
-0.00549316
-0.00671387
-0.01068115
-0.01617432
-0.02197266
-0.02838135
-0.03570557
-0.04394531
-0.05157471
-0.05676270
-0.05798340
-0.05462646
-0.04730225
-0.03692627
-0.02532959
-0.01403809
-0.00518799
 0.00152588
 0.00610352
 0.00793457
 0.00732422
 0.00335693
-0.00305176
-0.00976563
-0.01586914
-0.01953125
-0.01983643
-0.01708984
-0.01251221
-0.00610352
 0.00030518
 0.00579834
 0.00915527
 0.00885010
 0.00610352
 0.00274658
-0.00152588
-0.00762939
-0.01556396
-0.02471924
-0.03448486
-0.04241943
-0.04669189
-0.04669189
-0.04302979
-0.03601074
-0.02716064
-0.01678467
-0.00671387
 0.00244141
 0.00946045
 0.01312256
 0.01373291
 0.01190186
 0.00823975
 0.00457764
 0.00183105
 0.00030518
 0.00061035
 0.00305176
 0.00793457
 0.01495361
 0.02288818
 0.03112793
 0.03814697
 0.04272461
 0.04455566
 0.04302979
 0.03814697
 0.03082275
 0.02258301
 0.01403809
 0.00579834
-0.00122070
-0.00579834
-0.00732422
-0.00488281
 0.00091553
 0.00885010
 0.01831055
 0.02746582
 0.03570557
 0.04180908
 0.04455566
 0.04394531
 0.04058838
 0.03509521
 0.02960205
 0.02593994
 0.02380371
 0.02349854
 0.02441406
 0.02593994
 0.02807617
 0.03173828
 0.03631592
 0.04119873
 0.04577637
 0.04852295
 0.04821777
 0.04425049
 0.03662109
 0.02746582
 0.01800537
 0.00946045
 0.00427246
 0.00244141
 0.00366211
 0.00701904
 0.01098633
 0.01556396
 0.02075195
 0.02716064
 0.03448486
 0.04180908
 0.04699707
 0.04852295
 0.04577637
 0.03936768
 0.03112793
 0.02349854
 0.01770020
 0.01403809
 0.01312256
 0.01373291
 0.01617432
 0.01983643
 0.02349854
 0.02624512
 0.02838135
 0.02929688
 0.02960205
 0.02929688
 0.02716064
 0.02380371
 0.01831055
 0.01159668
 0.00457764
-0.00122070
-0.00549316
-0.00823975
-0.00976563
-0.00976563
-0.00732422
-0.00091553
 0.00823975
 0.01831055
 0.02685547
 0.03204346
 0.03326416
 0.03173828
 0.02868652
 0.02532959
 0.02197266
 0.01831055
 0.01495361
 0.01220703
 0.00976563
 0.00793457
 0.00762939
 0.00915527
 0.01159668
 0.01434326
 0.01770020
 0.01983643
 0.01953125
 0.01708984
 0.01281738
 0.00671387
 0.00030518
-0.00579834
-0.01190186
-0.01708984
-0.02075195
-0.02166748
-0.02014160
-0.01647949
-0.01251221
-0.00915527
-0.00701904
-0.00579834
-0.00579834
-0.00701904
-0.00915527
-0.01098633
-0.01373291
-0.01739502
-0.02288818
-0.03021240
-0.03692627
-0.04089355
-0.04180908
-0.04028320
-0.03753662
-0.03417969
-0.03173828
-0.03051758
-0.03112793
-0.03265381
-0.03387451
-0.03479004
-0.03509521
-0.03479004
-0.03295898
-0.03021240
-0.02685547
-0.02349854
-0.02044678
-0.01678467
-0.01251221
-0.00732422
-0.00183105
 0.00335693
 0.00793457
 0.01098633
 0.01159668
 0.01068115
 0.00732422
 0.00244141
-0.00335693
-0.00885010
-0.01281738
-0.01495361
-0.01556396
-0.01525879
-0.01464844
-0.01434326
-0.01495361
-0.01556396
-0.01586914
-0.01525879
-0.01403809
-0.01312256
-0.01220703
-0.01220703
-0.01281738
-0.01281738
-0.01220703
-0.01098633
-0.00976563
-0.00915527
-0.00793457
-0.00579834
-0.00213623
 0.00274658
 0.00854492
 0.01434326
 0.01892090
 0.02136230
 0.02197266
 0.01983643
 0.01525879
 0.00915527
 0.00274658
-0.00274658
-0.00610352
-0.00793457
-0.00762939
-0.00732422
-0.00732422
-0.00732422
-0.00640869
-0.00396729
-0.00030518
 0.00366211
 0.00701904
 0.00823975
 0.00762939
 0.00579834
 0.00335693
 0.00030518
-0.00305176
-0.00518799
-0.00457764
-0.00122070
 0.00427246
 0.01098633
 0.01739502
 0.02105713
 0.02227783
 0.02105713
 0.01861572
 0.01525879
 0.01159668
 0.00671387
 0.00061035
-0.00610352
-0.01251221
-0.01861572
-0.02410889
-0.02868652
-0.03234863
-0.03479004
-0.03540039
-0.03417969
-0.03204346
-0.02929688
-0.02593994
-0.02319336
-0.02105713
-0.01953125
-0.01953125
-0.02075195
-0.02288818
-0.02563477
-0.02746582
-0.02746582
-0.02563477
-0.02258301
-0.01861572
-0.01495361
-0.01159668
-0.00732422
-0.00305176
 0.00030518
 0.00152588
-0.00030518
-0.00457764
-0.00946045
-0.01342773
-0.01617432
-0.01922607
-0.02227783
-0.02502441
-0.02807617
-0.03021240
-0.03082275
-0.02990723
-0.02746582
-0.02349854
-0.01892090
-0.01464844
-0.01190186
-0.01098633
-0.01251221
-0.01495361
-0.01770020
-0.01861572
-0.01861572
-0.01831055
-0.01800537
-0.01708984
-0.01586914
-0.01464844
-0.01281738
-0.01068115
-0.00793457
-0.00518799
-0.00427246
-0.00518799
-0.00732422
-0.00976563
-0.01281738
-0.01586914
-0.01922607
-0.02349854
-0.02716064
-0.02960205
-0.02929688
-0.02593994
-0.01983643
-0.01220703
-0.00366211
 0.00427246
 0.01098633
 0.01708984
 0.02075195
 0.02319336
 0.02410889
 0.02441406
 0.02502441
 0.02655029
 0.02807617
 0.02929688
 0.03112793
 0.03326416
 0.03540039
 0.03753662
 0.03997803
 0.04211426
 0.04425049
 0.04547119
 0.04486084
 0.04272461
 0.03875732
 0.03356934
 0.02777100
 0.02197266
 0.01678467
 0.01220703
 0.00915527
 0.00732422
 0.00701904
 0.00732422
 0.00854492
 0.00946045
 0.00976563
 0.01068115
 0.01220703
 0.01464844
 0.01861572
 0.02288818
 0.02655029
 0.02838135
 0.02807617
 0.02502441
 0.02044678
 0.01617432
 0.01312256
 0.01251221
 0.01373291
 0.01586914
 0.01922607
 0.02288818
 0.02624512
 0.02807617
 0.02868652
 0.02838135
 0.02685547
 0.02471924
 0.02197266
 0.01770020
 0.01190186
 0.00518799
-0.00030518
-0.00427246
-0.00549316
-0.00366211
 0.00000000
 0.00488281
 0.00946045
 0.01342773
 0.01647949
 0.01831055
 0.01953125
 0.01953125
 0.01861572
 0.01678467
 0.01434326
 0.01129150
 0.00854492
 0.00579834
 0.00335693
 0.00213623
 0.00213623
 0.00305176
 0.00427246
 0.00518799
 0.00640869
 0.00701904
 0.00732422
 0.00610352
 0.00396729
 0.00122070
-0.00122070
-0.00396729
-0.00610352
-0.00701904
-0.00701904
-0.00579834
-0.00396729
-0.00213623
 0.00000000
 0.00213623
 0.00457764
 0.00701904
 0.00976563
 0.01281738
 0.01525879
 0.01678467
 0.01739502
 0.01647949
 0.01403809
 0.01007080
 0.00579834
 0.00213623
 0.00061035
 0.00030518
 0.00183105
 0.00335693
 0.00488281
 0.00671387
 0.00793457
 0.00762939
 0.00549316
 0.00274658
-0.00122070
-0.00518799
-0.00915527
-0.01251221
-0.01556396
-0.01770020
-0.01922607
-0.02014160
-0.01922607
-0.01678467
-0.01281738
-0.00793457
-0.00244141
 0.00274658
 0.00793457
 0.01190186
 0.01434326
 0.01464844
 0.01251221
 0.00976563
 0.00732422
 0.00488281
 0.00305176
 0.00213623
 0.00152588
 0.00152588
 0.00183105
 0.00183105
 0.00213623
 0.00183105
 0.00061035
-0.00091553
-0.00305176
-0.00457764
-0.00549316
-0.00671387
-0.00854492
-0.01159668
-0.01495361
-0.01800537
-0.02014160
-0.01953125
-0.01617432
-0.01068115
-0.00427246
 0.00152588
 0.00671387
 0.01068115
 0.01312256
 0.01373291
 0.01251221
 0.01007080
 0.00793457
 0.00518799
 0.00274658
 0.00061035
-0.00091553
-0.00183105
-0.00213623
-0.00213623
-0.00183105
-0.00091553
 0.00000000
 0.00000000
-0.00122070
-0.00305176
-0.00579834
-0.00946045
-0.01403809
-0.01861572
-0.02319336
-0.02655029
-0.02899170
-0.02990723
-0.02899170
-0.02655029
-0.02349854
-0.01892090
-0.01403809
-0.00854492
-0.00244141
 0.00213623
 0.00549316
 0.00640869
 0.00579834
 0.00335693
 0.00061035
-0.00274658
-0.00518799
-0.00701904
-0.00793457
-0.00885010
-0.01068115
-0.01342773
-0.01586914
-0.01739502
-0.01861572
-0.01892090
-0.01800537
-0.01647949
-0.01525879
-0.01495361
-0.01495361
-0.01586914
-0.01770020
-0.01953125
-0.02075195
-0.01953125
-0.01678467
-0.01251221
-0.00732422
-0.00305176
-0.00030518
 0.00061035
 0.00000000
 0.00000000
 0.00152588
 0.00457764
 0.00854492
 0.01098633
 0.01129150
 0.00976563
 0.00640869
 0.00091553
-0.00579834
-0.01098633
-0.01403809
-0.01434326
-0.01281738
-0.01068115
-0.00976563
-0.01190186
-0.01678467
-0.02319336
-0.03082275
-0.03723145
-0.04119873
-0.04241943
-0.04119873
-0.03875732
-0.03631592
-0.03417969
-0.03234863
-0.02990723
-0.02593994
-0.01953125
-0.01129150
-0.00213623
 0.00640869
 0.01190186
 0.01434326
 0.01312256
 0.00823975
 0.00122070
-0.00640869
-0.01281738
-0.01617432
-0.01770020
-0.01708984
-0.01495361
-0.01342773
-0.01281738
-0.01342773
-0.01495361
-0.01617432
-0.01678467
-0.01586914
-0.01464844
-0.01281738
-0.01129150
-0.01159668
-0.01464844
-0.01892090
-0.02227783
-0.02349854
-0.02166748
-0.01678467
-0.00946045
-0.00122070
 0.00640869
 0.01220703
 0.01586914
 0.01739502
 0.01861572
 0.02014160
 0.02166748
 0.02288818
 0.02319336
 0.02166748
 0.01892090
 0.01556396
 0.01190186
 0.00976563
 0.00976563
 0.01068115
 0.01190186
 0.01251221
 0.01251221
 0.01068115
 0.00762939
 0.00427246
 0.00122070
-0.00091553
-0.00152588
-0.00061035
 0.00091553
 0.00274658
 0.00549316
 0.00885010
 0.01312256
 0.01800537
 0.02319336
 0.02899170
 0.03417969
 0.03784180
 0.03967285
 0.03936768
 0.03784180
 0.03448486
 0.03021240
 0.02655029
 0.02349854
 0.02197266
 0.02166748
 0.02319336
 0.02563477
 0.02777100
 0.02899170
 0.02838135
 0.02655029
 0.02380371
 0.02105713
 0.01739502
 0.01434326
 0.01251221
 0.01068115
 0.00915527
 0.00762939
 0.00732422
 0.00854492
 0.01129150
 0.01586914
 0.02166748
 0.02807617
 0.03479004
 0.04028320
 0.04333496
 0.04394531
 0.04272461
 0.03936768
 0.03417969
 0.02838135
 0.02288818
 0.01831055
 0.01556396
 0.01525879
 0.01586914
 0.01617432
 0.01556396
 0.01434326
 0.01190186
 0.00823975
 0.00396729
-0.00122070
-0.00610352
-0.01068115
-0.01403809
-0.01617432
-0.01708984
-0.01647949
-0.01495361
-0.01251221
-0.00946045
-0.00549316
-0.00061035
 0.00305176
 0.00549316
 0.00610352
 0.00488281
 0.00213623
-0.00122070
-0.00396729
-0.00579834
-0.00610352
-0.00488281
-0.00152588
 0.00305176
 0.00762939
 0.01098633
 0.01190186
 0.01037598
 0.00732422
 0.00366211
-0.00122070
-0.00610352
-0.01068115
-0.01525879
-0.01953125
-0.02288818
-0.02593994
-0.02838135
-0.02838135
-0.02593994
-0.02166748
-0.01525879
-0.00854492
-0.00335693
-0.00091553
-0.00061035
-0.00274658
-0.00701904
-0.01129150
-0.01525879
-0.01800537
-0.01922607
-0.01953125
-0.01861572
-0.01678467
-0.01434326
-0.01007080
-0.00366211
 0.00274658
 0.00793457
 0.01098633
 0.01098633
 0.00793457
 0.00305176
-0.00274658
-0.00793457
-0.01159668
-0.01403809
-0.01464844
-0.01373291
-0.01190186
-0.00854492
-0.00335693
 0.00335693
 0.01129150
 0.01831055
 0.02380371
 0.02685547
 0.02807617
 0.02777100
 0.02655029
 0.02410889
 0.02014160
 0.01464844
 0.00915527
 0.00396729
-0.00030518
-0.00183105
-0.00061035
 0.00305176
 0.00732422
 0.01129150
 0.01312256
 0.01251221
 0.00946045
 0.00518799
 0.00061035
-0.00366211
-0.00793457
-0.01220703
-0.01617432
-0.01922607
-0.02105713
-0.02166748
-0.02014160
-0.01617432
-0.01037598
-0.00335693
 0.00366211
 0.00915527
 0.01190186
 0.01129150
 0.00854492
 0.00488281
 0.00061035
-0.00274658
-0.00518799
-0.00640869
-0.00579834
-0.00427246
-0.00152588
 0.00152588
 0.00457764
 0.00671387
 0.00732422
 0.00640869
 0.00488281
 0.00305176
-0.00030518
-0.00488281
-0.01068115
-0.01739502
-0.02288818
-0.02746582
-0.03021240
-0.03051758
-0.02777100
-0.02258301
-0.01647949
-0.00976563
-0.00335693
 0.00213623
 0.00549316
 0.00640869
 0.00518799
 0.00183105
-0.00274658
-0.00762939
-0.01342773
-0.01831055
-0.02136230
-0.02197266
-0.02044678
-0.01739502
-0.01312256
-0.00854492
-0.00457764
-0.00183105
-0.00061035
-0.00091553
-0.00274658
-0.00671387
-0.01281738
-0.01953125
-0.02655029
-0.03265381
-0.03631592
-0.03662109
-0.03479004
-0.03051758
-0.02471924
-0.01739502
-0.01007080
-0.00396729
 0.00061035
 0.00305176
 0.00396729
 0.00366211
 0.00122070
-0.00305176
-0.00732422
-0.01190186
-0.01586914
-0.01770020
-0.01708984
-0.01464844
-0.01068115
-0.00640869
-0.00213623
 0.00122070
 0.00366211
 0.00488281
 0.00457764
 0.00213623
-0.00183105
-0.00640869
-0.01190186
-0.01647949
-0.01983643
-0.02044678
-0.01953125
-0.01647949
-0.01220703
-0.00732422
-0.00274658
 0.00183105
 0.00579834
 0.00976563
 0.01373291
 0.01617432
 0.01617432
 0.01342773
 0.00823975
 0.00274658
-0.00091553
-0.00213623
-0.00122070
 0.00152588
 0.00549316
 0.01037598
 0.01403809
 0.01678467
 0.01800537
 0.01800537
 0.01708984
 0.01464844
 0.01068115
 0.00579834
 0.00030518
-0.00518799
-0.01037598
-0.01403809
-0.01556396
-0.01464844
-0.01220703
-0.00854492
-0.00457764
 0.00061035
 0.00549316
 0.00946045
 0.01159668
 0.01281738
 0.01281738
 0.01190186
 0.01037598
 0.00915527
 0.00793457
 0.00671387
 0.00579834
 0.00488281
 0.00427246
 0.00488281
 0.00640869
 0.00946045
 0.01312256
 0.01708984
 0.01983643
 0.02014160
 0.01770020
 0.01312256
 0.00701904
 0.00152588
-0.00274658
-0.00518799
-0.00610352
-0.00671387
-0.00671387
-0.00640869
-0.00549316
-0.00366211
-0.00030518
 0.00396729
 0.00854492
 0.01312256
 0.01708984
 0.01953125
 0.01953125
 0.01770020
 0.01495361
 0.01190186
 0.00915527
 0.00732422
 0.00671387
 0.00793457
 0.01129150
 0.01586914
 0.01983643
 0.02166748
 0.02136230
 0.01922607
 0.01647949
 0.01403809
 0.01312256
 0.01342773
 0.01342773
 0.01159668
 0.00854492
 0.00427246
 0.00030518
-0.00183105
-0.00122070
 0.00152588
 0.00549316
 0.00915527
 0.01129150
 0.01190186
 0.01068115
 0.00915527
 0.00793457
 0.00762939
 0.00854492
 0.01037598
 0.01190186
 0.01251221
 0.01251221
 0.01098633
 0.00946045
 0.00793457
 0.00640869
 0.00457764
 0.00244141
 0.00122070
-0.00030518
-0.00183105
-0.00335693
-0.00396729
-0.00366211
-0.00274658
-0.00213623
-0.00244141
-0.00305176
-0.00366211
-0.00396729
-0.00396729
-0.00457764
-0.00549316
-0.00671387
-0.00762939
-0.00762939
-0.00610352
-0.00305176
 0.00061035
 0.00335693
 0.00488281
 0.00579834
 0.00610352
 0.00640869
 0.00701904
 0.00762939
 0.00793457
 0.00701904
 0.00488281
 0.00183105
-0.00183105
-0.00579834
-0.00854492
-0.01007080
-0.01037598
-0.00915527
-0.00701904
-0.00549316
-0.00488281
-0.00427246
-0.00335693
-0.00335693
-0.00396729
-0.00488281
-0.00579834
-0.00671387
-0.00671387
-0.00579834
-0.00396729
-0.00183105
-0.00030518
 0.00152588
 0.00366211
 0.00640869
 0.00885010
 0.01068115
 0.01220703
 0.01342773
 0.01373291
 0.01312256
 0.01190186
 0.00976563
 0.00732422
 0.00488281
 0.00274658
 0.00122070
 0.00000000
-0.00122070
-0.00152588
-0.00122070
-0.00030518
 0.00000000
 0.00061035
 0.00122070
 0.00152588
 0.00183105
 0.00122070
 0.00030518
-0.00091553
-0.00274658
-0.00457764
-0.00549316
-0.00549316
-0.00488281
-0.00396729
-0.00152588
 0.00274658
 0.00732422
 0.01190186
 0.01434326
 0.01525879
 0.01464844
 0.01220703
 0.00915527
 0.00549316
 0.00091553
-0.00366211
-0.00701904
-0.00915527
-0.00915527
-0.00793457
-0.00518799
-0.00183105
 0.00213623
 0.00579834
 0.00823975
 0.00915527
 0.00854492
 0.00671387
 0.00335693
-0.00122070
-0.00579834
-0.01068115
-0.01373291
-0.01434326
-0.01281738
-0.01007080
-0.00640869
-0.00213623
 0.00152588
 0.00457764
 0.00762939
 0.00946045
 0.00946045
 0.00701904
 0.00213623
-0.00396729
-0.01068115
-0.01678467
-0.02227783
-0.02685547
-0.02960205
-0.03051758
-0.02960205
-0.02746582
-0.02441406
-0.02075195
-0.01678467
-0.01403809
-0.01342773
-0.01434326
-0.01708984
-0.02075195
-0.02471924
-0.02777100
-0.02929688
-0.02899170
-0.02685547
-0.02319336
-0.01983643
-0.01617432
-0.01220703
-0.00793457
-0.00366211
 0.00000000
 0.00244141
 0.00274658
 0.00030518
-0.00305176
-0.00732422
-0.01190186
-0.01586914
-0.01922607
-0.02105713
-0.02197266
-0.02166748
-0.02014160
-0.01800537
-0.01556396
-0.01312256
-0.01068115
-0.00885010
-0.00762939
-0.00701904
-0.00762939
-0.00885010
-0.00976563
-0.01037598
-0.01098633
-0.01251221
-0.01373291
-0.01403809
-0.01281738
-0.00915527
-0.00427246
 0.00152588
 0.00732422
 0.01190186
 0.01342773
 0.01312256
 0.01098633
 0.00823975
 0.00579834
 0.00305176
 0.00061035
-0.00213623
-0.00427246
-0.00518799
-0.00457764
-0.00244141
 0.00000000
 0.00335693
 0.00671387
 0.00976563
 0.01251221
 0.01464844
 0.01586914
 0.01617432
 0.01525879
 0.01312256
 0.00976563
 0.00701904
 0.00549316
 0.00579834
 0.00793457
 0.01159668
 0.01495361
 0.01861572
 0.02197266
 0.02349854
 0.02410889
 0.02349854
 0.02258301
 0.02105713
 0.01953125
 0.01678467
 0.01220703
 0.00671387
 0.00152588
-0.00274658
-0.00518799
-0.00549316
-0.00335693
 0.00000000
 0.00335693
 0.00549316
 0.00640869
 0.00640869
 0.00488281
 0.00335693
 0.00183105
-0.00030518
-0.00244141
-0.00396729
-0.00366211
-0.00152588
 0.00152588
 0.00457764
 0.00762939
 0.01037598
 0.01312256
 0.01586914
 0.01770020
 0.01953125
 0.02075195
 0.01983643
 0.01708984
 0.01251221
 0.00671387
 0.00152588
-0.00244141
-0.00427246
-0.00427246
-0.00274658
 0.00000000
 0.00305176
 0.00457764
 0.00427246
 0.00396729
 0.00366211
 0.00335693
 0.00274658
 0.00183105
 0.00030518
-0.00183105
-0.00427246
-0.00640869
-0.00762939
-0.00732422
-0.00610352
-0.00396729
-0.00061035
 0.00396729
 0.00885010
 0.01251221
 0.01495361
 0.01556396
 0.01434326
 0.01129150
 0.00671387
 0.00183105
-0.00244141
-0.00579834
-0.00823975
-0.00946045
-0.00946045
-0.00915527
-0.00915527
-0.00946045
-0.00915527
-0.00823975
-0.00701904
-0.00549316
-0.00488281
-0.00457764
-0.00579834
-0.00701904
-0.00762939
-0.00793457
-0.00671387
-0.00457764
-0.00244141
 0.00000000
 0.00335693
 0.00701904
 0.01098633
 0.01434326
 0.01647949
 0.01770020
 0.01800537
 0.01739502
 0.01647949
 0.01586914
 0.01434326
 0.01281738
 0.01129150
 0.01007080
 0.00946045
 0.00854492
 0.00732422
 0.00610352
 0.00488281
 0.00366211
 0.00274658
 0.00183105
 0.00030518
-0.00122070
-0.00335693
-0.00549316
-0.00640869
-0.00610352
-0.00518799
-0.00396729
-0.00213623
 0.00030518
 0.00274658
 0.00518799
 0.00762939
 0.00946045
 0.01037598
 0.01037598
 0.00946045
 0.00823975
 0.00732422
 0.00640869
 0.00579834
 0.00518799
 0.00457764
 0.00366211
 0.00305176
 0.00213623
 0.00091553
-0.00061035
-0.00274658
-0.00457764
-0.00610352
-0.00640869
-0.00610352
-0.00579834
-0.00610352
-0.00640869
-0.00732422
-0.00854492
-0.00946045
-0.01037598
-0.01098633
-0.01007080
-0.00854492
-0.00640869
-0.00396729
-0.00122070
 0.00122070
 0.00274658
 0.00427246
 0.00579834
 0.00793457
 0.00976563
 0.01098633
 0.01098633
 0.00946045
 0.00701904
 0.00396729
 0.00183105
-0.00030518
-0.00183105
-0.00244141
-0.00305176
-0.00396729
-0.00427246
-0.00427246
-0.00427246
-0.00518799
-0.00640869
-0.00732422
-0.00793457
-0.00762939
-0.00671387
-0.00610352
-0.00671387
-0.00701904
-0.00732422
-0.00762939
-0.00732422
-0.00610352
-0.00427246
-0.00122070
 0.00183105
 0.00549316
 0.00854492
 0.00976563
 0.01007080
 0.00915527
 0.00762939
 0.00640869
 0.00518799
 0.00305176
 0.00061035
-0.00244141
-0.00579834
-0.00854492
-0.01007080
-0.01098633
-0.01068115
-0.00946045
-0.00793457
-0.00701904
-0.00640869
-0.00701904
-0.00823975
-0.00915527
-0.00915527
-0.00823975
-0.00732422
-0.00640869
-0.00610352
-0.00579834
-0.00549316
-0.00427246
-0.00244141
-0.00122070
-0.00061035
 0.00000000
 0.00091553
 0.00091553
 0.00030518
-0.00091553
-0.00305176
-0.00549316
-0.00762939
-0.00885010
-0.00946045
-0.01007080
-0.01037598
-0.01129150
-0.01129150
-0.01159668
-0.01159668
-0.01281738
-0.01434326
-0.01556396
-0.01617432
-0.01647949
-0.01617432
-0.01556396
-0.01434326
-0.01251221
-0.01098633
-0.00885010
-0.00549316
-0.00183105
 0.00091553
 0.00274658
 0.00366211
 0.00335693
 0.00244141
 0.00030518
-0.00183105
-0.00335693
-0.00427246
-0.00488281
-0.00610352
-0.00793457
-0.00976563
-0.01068115
-0.01159668
-0.01220703
-0.01251221
-0.01251221
-0.01220703
-0.01281738
-0.01342773
-0.01342773
-0.01342773
-0.01312256
-0.01220703
-0.01068115
-0.00915527
-0.00762939
-0.00549316
-0.00305176
-0.00091553
 0.00122070
 0.00335693
 0.00488281
 0.00579834
 0.00701904
 0.00823975
 0.00885010
 0.00915527
 0.00946045
 0.00946045
 0.00885010
 0.00701904
 0.00427246
 0.00244141
 0.00183105
 0.00213623
 0.00213623
 0.00183105
 0.00061035
-0.00091553
-0.00274658
-0.00427246
-0.00427246
-0.00396729
-0.00244141
-0.00030518
 0.00122070
 0.00274658
 0.00427246
 0.00579834
 0.00701904
 0.00885010
 0.01098633
 0.01373291
 0.01647949
 0.01892090
 0.02075195
 0.02105713
 0.01983643
 0.01861572
 0.01739502
 0.01586914
 0.01403809
 0.01220703
 0.01068115
 0.01007080
 0.00915527
 0.00885010
 0.00823975
 0.00732422
 0.00671387
 0.00610352
 0.00579834
 0.00549316
 0.00518799
 0.00396729
 0.00274658
 0.00152588
 0.00030518
-0.00152588
-0.00244141
-0.00152588
 0.00030518
 0.00274658
 0.00640869
 0.00915527
 0.01129150
 0.01251221
 0.01251221
 0.01220703
 0.01159668
 0.01129150
 0.01129150
 0.01037598
 0.00823975
 0.00518799
 0.00183105
-0.00152588
-0.00396729
-0.00610352
-0.00701904
-0.00762939
-0.00793457
-0.00823975
-0.00854492
-0.00885010
-0.00915527
-0.00946045
-0.00976563
-0.00946045
-0.00946045
-0.00915527
-0.00823975
-0.00671387
-0.00549316
-0.00366211
-0.00183105
 0.00030518
 0.00213623
 0.00366211
 0.00549316
 0.00762939
 0.01037598
 0.01251221
 0.01373291
 0.01342773
 0.01129150
 0.00823975
 0.00549316
 0.00274658
 0.00091553
-0.00030518
-0.00030518
 0.00030518
 0.00030518
 0.00030518
 0.00030518
 0.00091553
 0.00091553
 0.00061035
 0.00000000
-0.00061035
-0.00061035
-0.00061035
-0.00061035
-0.00122070
-0.00183105
-0.00183105
-0.00091553
 0.00061035
 0.00213623
 0.00427246
 0.00701904
 0.00885010
 0.01098633
 0.01220703
 0.01281738
 0.01190186
 0.00946045
 0.00671387
 0.00488281
 0.00427246
 0.00427246
 0.00549316
 0.00701904
 0.00885010
 0.01007080
 0.01007080
 0.00885010
 0.00640869
 0.00366211
 0.00122070
 0.00000000
-0.00091553
-0.00061035
 0.00061035
 0.00122070
 0.00244141
 0.00335693
 0.00396729
 0.00488281
 0.00671387
 0.00946045
 0.01251221
 0.01525879
 0.01678467
 0.01647949
 0.01464844
 0.01159668
 0.00793457
 0.00457764
 0.00213623
 0.00122070
 0.00091553
 0.00152588
 0.00213623
 0.00244141
 0.00213623
 0.00091553
-0.00091553
-0.00305176
-0.00518799
-0.00671387
-0.00701904
-0.00701904
-0.00701904
-0.00732422
-0.00793457
-0.00854492
-0.00915527
-0.00946045
-0.00885010
-0.00701904
-0.00457764
-0.00305176
-0.00183105
-0.00122070
-0.00061035
-0.00030518
-0.00061035
-0.00183105
-0.00274658
-0.00305176
-0.00244141
-0.00152588
-0.00091553
-0.00030518
-0.00061035
-0.00213623
-0.00457764
-0.00732422
-0.00946045
-0.01190186
-0.01342773
-0.01464844
-0.01556396
-0.01556396
-0.01556396
-0.01586914
-0.01647949
-0.01678467
-0.01647949
-0.01556396
-0.01495361
-0.01464844
-0.01373291
-0.01190186
-0.00976563
-0.00701904
-0.00518799
-0.00427246
-0.00396729
-0.00396729
-0.00457764
-0.00610352
-0.00762939
-0.00885010
-0.00885010
-0.00885010
-0.00854492
-0.00854492
-0.00854492
-0.00885010
-0.00915527
-0.00885010
-0.00793457
-0.00610352
-0.00457764
-0.00335693
-0.00335693
-0.00427246
-0.00640869
-0.00793457
-0.00946045
-0.01037598
-0.01037598
-0.00976563
-0.00762939
-0.00457764
-0.00152588
 0.00122070
 0.00305176
 0.00427246
 0.00488281
 0.00549316
 0.00640869
 0.00701904
 0.00671387
 0.00671387
 0.00640869
 0.00518799
 0.00366211
 0.00152588
-0.00030518
-0.00152588
-0.00213623
-0.00244141
-0.00244141
-0.00183105
-0.00091553
-0.00061035
-0.00152588
-0.00274658
-0.00396729
-0.00518799
-0.00610352
-0.00732422
-0.00854492
-0.00885010
-0.00915527
-0.00823975
-0.00671387
-0.00518799
-0.00366211
-0.00244141
-0.00030518
 0.00183105
 0.00335693
 0.00335693
 0.00244141
 0.00061035
-0.00091553
-0.00274658
-0.00457764
-0.00610352
-0.00671387
-0.00671387
-0.00671387
-0.00610352
-0.00518799
-0.00335693
-0.00091553
 0.00183105
 0.00335693
 0.00366211
 0.00274658
 0.00122070
-0.00122070
-0.00427246
-0.00671387
-0.00793457
-0.00762939
-0.00549316
-0.00244141
 0.00091553
 0.00427246
 0.00640869
 0.00762939
 0.00854492
 0.00885010
 0.00915527
 0.00915527
 0.00823975
 0.00671387
 0.00488281
 0.00244141
 0.00061035
-0.00030518
-0.00030518
 0.00030518
 0.00122070
 0.00305176
 0.00457764
 0.00640869
 0.00671387
 0.00579834
 0.00427246
 0.00244141
 0.00000000
-0.00213623
-0.00305176
-0.00335693
-0.00366211
-0.00366211
-0.00305176
-0.00213623
-0.00091553
 0.00091553
 0.00305176
 0.00518799
 0.00701904
 0.00946045
 0.01129150
 0.01220703
 0.01190186
 0.01037598
 0.00854492
 0.00640869
 0.00457764
 0.00366211
 0.00396729
 0.00427246
 0.00518799
 0.00549316
 0.00579834
 0.00640869
 0.00701904
 0.00732422
 0.00701904
 0.00671387
 0.00610352
 0.00549316
 0.00457764
 0.00335693
 0.00213623
 0.00091553
 0.00030518
 0.00030518
 0.00122070
 0.00274658
 0.00518799
 0.00793457
 0.00976563
 0.01037598
 0.01037598
 0.00915527
 0.00762939
 0.00640869
 0.00549316
 0.00488281
 0.00427246
 0.00427246
 0.00366211
 0.00305176
 0.00213623
 0.00091553
 0.00000000
-0.00091553
-0.00122070
-0.00091553
-0.00030518
 0.00030518
 0.00122070
 0.00122070
 0.00030518
-0.00091553
-0.00152588
-0.00122070
 0.00000000
 0.00183105
 0.00305176
 0.00366211
 0.00396729
 0.00518799
 0.00518799
 0.00427246
 0.00305176
 0.00152588
 0.00122070
 0.00152588
 0.00213623
 0.00274658
 0.00335693
 0.00335693
 0.00274658
 0.00213623
 0.00183105
 0.00152588
 0.00061035
 0.00000000
-0.00091553
-0.00183105
-0.00244141
-0.00335693
-0.00427246
-0.00488281
-0.00549316
-0.00579834
-0.00549316
-0.00366211
-0.00152588
 0.00061035
 0.00213623
 0.00274658
 0.00305176
 0.00274658
 0.00335693
 0.00366211
 0.00396729
 0.00427246
 0.00488281
 0.00610352
 0.00701904
 0.00762939
 0.00793457
 0.00762939
 0.00671387
 0.00579834
 0.00488281
 0.00488281
 0.00549316
 0.00640869
 0.00671387
 0.00610352
 0.00488281
 0.00457764
 0.00427246
 0.00335693
 0.00183105
 0.00030518
-0.00091553
-0.00183105
-0.00183105
-0.00122070
 0.00000000
 0.00061035
 0.00122070
 0.00152588
 0.00183105
 0.00244141
 0.00305176
 0.00396729
 0.00457764
 0.00488281
 0.00488281
 0.00457764
 0.00366211
 0.00274658
 0.00183105
 0.00152588
 0.00122070
 0.00152588
 0.00244141
 0.00274658
 0.00244141
 0.00122070
-0.00030518
-0.00244141
-0.00457764
-0.00701904
-0.00915527
-0.01129150
-0.01281738
-0.01342773
-0.01312256
-0.01220703
-0.01037598
-0.00854492
-0.00732422
-0.00640869
-0.00610352
-0.00579834
-0.00579834
-0.00671387
-0.00762939
-0.00854492
-0.00976563
-0.01068115
-0.01098633
-0.01098633
-0.01007080
-0.00885010
-0.00732422
-0.00549316
-0.00396729
-0.00366211
-0.00427246
-0.00549316
-0.00732422
-0.00946045
-0.01190186
-0.01495361
-0.01770020
-0.01953125
-0.02014160
-0.01953125
-0.01770020
-0.01525879
-0.01281738
-0.01007080
-0.00793457
-0.00640869
-0.00549316
-0.00488281
-0.00427246
-0.00396729
-0.00396729
-0.00488281
-0.00671387
-0.00793457
-0.00854492
-0.00854492
-0.00762939
-0.00610352
-0.00366211
-0.00061035
 0.00183105
 0.00335693
 0.00457764
 0.00488281
 0.00427246
 0.00244141
 0.00000000
-0.00274658
-0.00488281
-0.00640869
-0.00762939
-0.00854492
-0.00885010
-0.00823975
-0.00701904
-0.00549316
-0.00335693
-0.00152588
 0.00000000
 0.00183105
 0.00366211
 0.00518799
 0.00518799
 0.00457764
 0.00335693
 0.00152588
 0.00000000
-0.00061035
-0.00030518
 0.00061035
 0.00152588
 0.00213623
 0.00274658
 0.00366211
 0.00518799
 0.00732422
 0.00976563
 0.01129150
 0.01190186
 0.01129150
 0.00885010
 0.00610352
 0.00335693
 0.00091553
-0.00152588
-0.00335693
-0.00335693
-0.00274658
-0.00152588
 0.00000000
 0.00183105
 0.00457764
 0.00793457
 0.01037598
 0.01220703
 0.01281738
 0.01220703
 0.01068115
 0.00854492
 0.00579834
 0.00335693
 0.00122070
 0.00030518
 0.00000000
 0.00030518
 0.00122070
 0.00244141
 0.00335693
 0.00427246
 0.00488281
 0.00549316
 0.00579834
 0.00427246
 0.00244141
-0.00030518
-0.00335693
-0.00640869
-0.00885010
-0.01068115
-0.01129150
-0.01037598
-0.00915527
-0.00701904
-0.00457764
-0.00183105
 0.00091553
 0.00274658
 0.00366211
 0.00305176
 0.00183105
 0.00091553
-0.00061035
-0.00244141
-0.00457764
-0.00579834
-0.00640869
-0.00640869
-0.00549316
-0.00335693
-0.00061035
 0.00213623
 0.00457764
 0.00518799
 0.00518799
 0.00457764
 0.00274658
 0.00030518
-0.00244141
-0.00579834
-0.00854492
-0.01037598
-0.01159668
-0.01129150
-0.00976563
-0.00701904
-0.00335693
 0.00000000
 0.00366211
 0.00671387
 0.00823975
 0.00823975
 0.00823975
 0.00732422
 0.00579834
 0.00396729
 0.00213623
 0.00091553
-0.00030518
-0.00091553
-0.00061035
 0.00061035
 0.00335693
 0.00640869
 0.00915527
 0.01098633
 0.01220703
 0.01251221
 0.01190186
 0.00976563
 0.00671387
 0.00305176
 0.00000000
-0.00274658
-0.00427246
-0.00488281
-0.00366211
-0.00122070
 0.00152588
 0.00518799
 0.00823975
 0.01098633
 0.01281738
 0.01434326
 0.01525879
 0.01586914
 0.01525879
 0.01342773
 0.01037598
 0.00701904
 0.00427246
 0.00213623
 0.00122070
 0.00183105
 0.00366211
 0.00640869
 0.00946045
 0.01220703
 0.01403809
 0.01434326
 0.01373291
 0.01159668
 0.00823975
 0.00457764
 0.00122070
-0.00152588
-0.00427246
-0.00640869
-0.00854492
-0.00915527
-0.00854492
-0.00701904
-0.00396729
-0.00061035
 0.00305176
 0.00610352
 0.00793457
 0.00823975
 0.00671387
 0.00488281
 0.00244141
 0.00030518
-0.00183105
-0.00335693
-0.00396729
-0.00305176
-0.00152588
-0.00030518
 0.00091553
 0.00213623
 0.00366211
 0.00518799
 0.00579834
 0.00549316
 0.00396729
 0.00183105
-0.00091553
-0.00366211
-0.00610352
-0.00793457
-0.00823975
-0.00823975
-0.00793457
-0.00762939
-0.00610352
-0.00396729
-0.00213623
-0.00030518
 0.00091553
 0.00183105
 0.00183105
 0.00122070
 0.00030518
-0.00122070
-0.00274658
-0.00427246
-0.00549316
-0.00610352
-0.00549316
-0.00366211
-0.00122070
 0.00061035
 0.00122070
 0.00152588
 0.00122070
-0.00030518
-0.00183105
-0.00335693
-0.00457764
-0.00549316
-0.00610352
-0.00701904
-0.00854492
-0.00946045
-0.00946045
-0.00915527
-0.00885010
-0.00732422
-0.00518799
-0.00335693
-0.00152588
-0.00122070
-0.00152588
-0.00244141
-0.00396729
-0.00488281
-0.00518799
-0.00457764
-0.00366211
-0.00213623
-0.00061035
 0.00122070
 0.00305176
 0.00488281
 0.00579834
 0.00549316
 0.00427246
 0.00335693
 0.00244141
 0.00152588
 0.00000000
-0.00152588
-0.00335693
-0.00488281
-0.00640869
-0.00762939
-0.00732422
-0.00640869
-0.00457764
-0.00274658
-0.00152588
-0.00030518
 0.00000000
 0.00000000
-0.00061035
-0.00183105
-0.00305176
-0.00396729
-0.00366211
-0.00305176
-0.00274658
-0.00274658
-0.00305176
-0.00305176
-0.00305176
-0.00244141
-0.00183105
-0.00152588
-0.00183105
-0.00335693
-0.00488281
-0.00610352
-0.00732422
-0.00885010
-0.00946045
-0.00946045
-0.00915527
-0.00885010
-0.00885010
-0.00854492
-0.00732422
-0.00579834
-0.00457764
-0.00335693
-0.00213623
-0.00183105
-0.00213623
-0.00305176
-0.00427246
-0.00579834
-0.00762939
-0.00854492
-0.00793457
-0.00640869
-0.00396729
-0.00091553
 0.00244141
 0.00518799
 0.00701904
 0.00762939
 0.00671387
 0.00488281
 0.00274658
 0.00091553
-0.00091553
-0.00274658
-0.00396729
-0.00488281
-0.00579834
-0.00640869
-0.00671387
-0.00610352
-0.00488281
-0.00274658
-0.00030518
 0.00183105
 0.00305176
 0.00274658
 0.00213623
 0.00091553
-0.00030518
-0.00122070
-0.00213623
-0.00305176
-0.00305176
-0.00152588
 0.00091553
 0.00366211
 0.00579834
 0.00762939
 0.00885010
 0.00915527
 0.00885010
 0.00823975
 0.00762939
 0.00671387
 0.00457764
 0.00274658
 0.00091553
-0.00030518
-0.00122070
-0.00122070
-0.00061035
 0.00061035
 0.00213623
 0.00396729
 0.00549316
 0.00610352
 0.00640869
 0.00549316
 0.00457764
 0.00335693
 0.00152588
-0.00030518
-0.00213623
-0.00305176
-0.00366211
-0.00305176
-0.00091553
 0.00152588
 0.00396729
 0.00579834
 0.00671387
 0.00701904
 0.00671387
 0.00579834
 0.00488281
 0.00305176
 0.00152588
-0.00030518
-0.00183105
-0.00396729
-0.00549316
-0.00610352
-0.00579834
-0.00396729
-0.00183105
 0.00000000
 0.00152588
 0.00274658
 0.00305176
 0.00244141
 0.00091553
-0.00091553
-0.00305176
-0.00518799
-0.00671387
-0.00701904
-0.00640869
-0.00518799
-0.00366211
-0.00152588
 0.00030518
 0.00183105
 0.00366211
 0.00488281
 0.00518799
 0.00488281
 0.00396729
 0.00305176
 0.00213623
 0.00091553
-0.00061035
-0.00152588
-0.00152588
-0.00091553
-0.00030518
 0.00000000
 0.00030518
 0.00152588
 0.00274658
 0.00366211
 0.00335693
 0.00274658
 0.00122070
 0.00000000
-0.00152588
-0.00305176
-0.00396729
-0.00457764
-0.00396729
-0.00213623
 0.00091553
 0.00396729
 0.00671387
 0.00915527
 0.01068115
 0.01159668
 0.01129150
 0.01068115
 0.00946045
 0.00793457
 0.00579834
 0.00274658
 0.00091553
-0.00030518
-0.00061035
-0.00030518
 0.00122070
 0.00427246
 0.00671387
 0.00946045
 0.01159668
 0.01281738
 0.01312256
 0.01159668
 0.00885010
 0.00488281
 0.00152588
-0.00061035
-0.00183105
-0.00213623
-0.00213623
-0.00152588
 0.00030518
 0.00274658
 0.00579834
 0.00793457
 0.00976563
 0.01159668
 0.01312256
 0.01434326
 0.01495361
 0.01281738
 0.00976563
 0.00579834
 0.00305176
 0.00122070
 0.00000000
-0.00030518
 0.00000000
 0.00152588
 0.00396729
 0.00640869
 0.00885010
 0.01068115
 0.01190186
 0.01159668
 0.00976563
 0.00732422
 0.00427246
 0.00122070
-0.00274658
-0.00610352
-0.00885010
-0.01007080
-0.01068115
-0.00946045
-0.00671387
-0.00366211
-0.00061035
 0.00244141
 0.00457764
 0.00640869
 0.00610352
 0.00427246
 0.00122070
-0.00213623
-0.00640869
-0.00976563
-0.01281738
-0.01464844
-0.01586914
-0.01586914
-0.01464844
-0.01190186
-0.00854492
-0.00488281
-0.00244141
-0.00061035
-0.00030518
-0.00152588
-0.00427246
-0.00732422
-0.01068115
-0.01373291
-0.01586914
-0.01739502
-0.01831055
-0.01831055
-0.01708984
-0.01403809
-0.01037598
-0.00579834
-0.00122070
 0.00244141
 0.00549316
 0.00701904
 0.00579834
 0.00305176
-0.00061035
-0.00488281
-0.00823975
-0.01068115
-0.01159668
-0.01190186
-0.01068115
-0.00823975
-0.00549316
-0.00244141
 0.00030518
 0.00213623
 0.00305176
 0.00274658
 0.00122070
-0.00061035
-0.00305176
-0.00579834
-0.00854492
-0.01190186
-0.01464844
-0.01556396
-0.01556396
-0.01342773
-0.00885010
-0.00335693
 0.00244141
 0.00762939
 0.01129150
 0.01312256
 0.01312256
 0.01159668
 0.00854492
 0.00488281
 0.00091553
-0.00274658
-0.00549316
-0.00701904
-0.00793457
-0.00793457
-0.00701904
-0.00518799
-0.00183105
 0.00183105
 0.00549316
 0.00823975
 0.00915527
 0.00885010
 0.00793457
 0.00610352
 0.00305176
-0.00122070
-0.00579834
-0.00885010
-0.01037598
-0.01007080
-0.00823975
-0.00488281
-0.00091553
 0.00366211
 0.00823975
 0.01190186
 0.01403809
 0.01464844
 0.01342773
 0.01068115
 0.00701904
 0.00305176
-0.00030518
-0.00335693
-0.00579834
-0.00732422
-0.00762939
-0.00640869
-0.00396729
-0.00122070
 0.00183105
 0.00457764
 0.00610352
 0.00671387
 0.00610352
 0.00366211
-0.00030518
-0.00457764
-0.00823975
-0.01068115
-0.01159668
-0.01190186
-0.01007080
-0.00701904
-0.00305176
 0.00122070
 0.00518799
 0.00823975
 0.00976563
 0.01007080
 0.00915527
 0.00732422
 0.00457764
 0.00152588
-0.00213623
-0.00488281
-0.00732422
-0.00854492
-0.00885010
-0.00762939
-0.00518799
-0.00244141
 0.00091553
 0.00366211
 0.00549316
 0.00579834
 0.00518799
 0.00366211
 0.00122070
-0.00213623
-0.00549316
-0.00823975
-0.01007080
-0.01129150
-0.01098633
-0.00946045
-0.00640869
-0.00244141
 0.00122070
 0.00457764
 0.00732422
 0.00885010
 0.01037598
 0.01098633
 0.01037598
 0.00793457
 0.00549316
 0.00305176
 0.00091553
-0.00091553
-0.00274658
-0.00396729
-0.00427246
-0.00366211
-0.00183105
 0.00030518
 0.00244141
 0.00396729
 0.00518799
 0.00610352
 0.00610352
 0.00518799
 0.00366211
 0.00183105
 0.00030518
-0.00091553
-0.00183105
-0.00183105
-0.00152588
 0.00000000
 0.00122070
 0.00274658
 0.00488281
 0.00701904
 0.00915527
 0.01068115
 0.01159668
 0.01129150
 0.00976563
 0.00732422
 0.00457764
 0.00213623
 0.00061035
 0.00000000
 0.00091553
 0.00213623
 0.00305176
 0.00366211
 0.00427246
 0.00427246
 0.00427246
 0.00427246
 0.00366211
 0.00305176
 0.00213623
 0.00091553
-0.00030518
-0.00152588
-0.00274658
-0.00457764
-0.00579834
-0.00518799
-0.00366211
-0.00122070
 0.00183105
 0.00396729
 0.00549316
 0.00610352
 0.00518799
 0.00335693
 0.00152588
-0.00030518
-0.00152588
-0.00244141
-0.00274658
-0.00335693
-0.00427246
-0.00518799
-0.00579834
-0.00488281
-0.00335693
-0.00091553
 0.00152588
 0.00335693
 0.00457764
 0.00457764
 0.00335693
 0.00152588
-0.00061035
-0.00244141
-0.00366211
-0.00427246
-0.00366211
-0.00274658
-0.00091553
 0.00122070
 0.00305176
 0.00457764
 0.00549316
 0.00579834
 0.00610352
 0.00610352
 0.00640869
 0.00640869
 0.00579834
 0.00488281
 0.00335693
 0.00122070
-0.00061035
-0.00213623
-0.00244141
-0.00152588
 0.00030518
 0.00183105
 0.00305176
 0.00305176
 0.00213623
 0.00091553
 0.00000000
-0.00030518
 0.00030518
 0.00091553
 0.00183105
 0.00213623
 0.00183105
 0.00091553
 0.00030518
 0.00000000
 0.00030518
 0.00152588
 0.00335693
 0.00579834
 0.00732422
 0.00854492
 0.00854492
 0.00762939
 0.00579834
 0.00396729
 0.00213623
 0.00183105
 0.00183105
 0.00244141
 0.00213623
 0.00183105
 0.00152588
 0.00030518
-0.00061035
-0.00152588
-0.00152588
-0.00152588
-0.00091553
 0.00000000
 0.00061035
 0.00000000
-0.00152588
-0.00305176
-0.00396729
-0.00427246
-0.00427246
-0.00366211
-0.00244141
-0.00152588
-0.00213623
-0.00274658
-0.00366211
-0.00396729
-0.00366211
-0.00305176
-0.00183105
-0.00061035
 0.00061035
 0.00091553
 0.00000000
-0.00183105
-0.00366211
-0.00518799
-0.00671387
-0.00762939
-0.00793457
-0.00762939
-0.00701904
-0.00671387
-0.00671387
-0.00732422
-0.00732422
-0.00671387
-0.00610352
-0.00549316
-0.00518799
-0.00518799
-0.00549316
-0.00610352
-0.00701904
-0.00823975
-0.00854492
-0.00823975
-0.00732422
-0.00610352
-0.00488281
-0.00305176
-0.00244141
-0.00183105
-0.00213623
-0.00244141
-0.00305176
-0.00335693
-0.00366211
-0.00427246
-0.00549316
-0.00610352
-0.00671387
-0.00701904
-0.00640869
-0.00579834
-0.00457764
-0.00335693
-0.00152588
-0.00061035
-0.00061035
-0.00152588
-0.00274658
-0.00366211
-0.00427246
-0.00488281
-0.00518799
-0.00457764
-0.00366211
-0.00274658
-0.00152588
-0.00030518
 0.00091553
 0.00213623
 0.00396729
 0.00549316
 0.00640869
 0.00701904
 0.00671387
 0.00610352
 0.00518799
 0.00335693
 0.00183105
 0.00152588
 0.00183105
 0.00244141
 0.00335693
 0.00335693
 0.00335693
 0.00305176
 0.00213623
 0.00122070
 0.00061035
 0.00091553
 0.00183105
 0.00244141
 0.00274658
 0.00244141
 0.00183105
 0.00122070
 0.00061035
 0.00091553
 0.00152588
 0.00274658
 0.00457764
 0.00640869
 0.00793457
 0.00823975
 0.00793457
 0.00732422
 0.00610352
 0.00427246
 0.00305176
 0.00274658
 0.00274658
 0.00274658
 0.00305176
 0.00244141
 0.00183105
 0.00061035
-0.00030518
-0.00152588
-0.00152588
-0.00152588
-0.00122070
-0.00091553
-0.00061035
-0.00061035
-0.00183105
-0.00305176
-0.00366211
-0.00366211
-0.00305176
-0.00305176
-0.00305176
-0.00335693
-0.00396729
-0.00488281
-0.00579834
-0.00610352
-0.00579834
-0.00457764
-0.00244141
-0.00030518
 0.00091553
 0.00122070
 0.00061035
-0.00030518
-0.00183105
-0.00366211
-0.00518799
-0.00610352
-0.00671387
-0.00671387
-0.00640869
-0.00610352
-0.00518799
-0.00457764
-0.00335693
-0.00274658
-0.00183105
-0.00152588
-0.00091553
-0.00061035
-0.00030518
-0.00030518
-0.00061035
-0.00122070
-0.00152588
-0.00152588
-0.00122070
-0.00030518
 0.00152588
 0.00396729
 0.00579834
 0.00732422
 0.00793457
 0.00732422
 0.00579834
 0.00427246
 0.00244141
 0.00091553
-0.00030518
-0.00091553
-0.00122070
-0.00091553
-0.00030518
 0.00091553
 0.00152588
 0.00213623
 0.00305176
 0.00427246
 0.00518799
 0.00549316
 0.00549316
 0.00457764
 0.00305176
 0.00152588
 0.00030518
-0.00061035
-0.00030518
 0.00091553
 0.00305176
 0.00549316
 0.00823975
 0.01037598
 0.01190186
 0.01220703
 0.01159668
 0.01068115
 0.00976563
 0.00915527
 0.00823975
 0.00701904
 0.00640869
 0.00579834
 0.00518799
 0.00488281
 0.00457764
 0.00457764
 0.00518799
 0.00640869
 0.00701904
 0.00671387
 0.00610352
 0.00518799
 0.00396729
 0.00244141
 0.00122070
 0.00000000
-0.00030518
-0.00030518
 0.00061035
 0.00213623
 0.00427246
 0.00701904
 0.00885010
 0.01007080
 0.01007080
 0.00946045
 0.00762939
 0.00579834
 0.00427246
 0.00274658
 0.00152588
 0.00030518
-0.00122070
-0.00213623
-0.00244141
-0.00274658
-0.00335693
-0.00274658
-0.00122070
 0.00030518
 0.00061035
 0.00061035
-0.00030518
-0.00122070
-0.00244141
-0.00366211
-0.00518799
-0.00640869
-0.00732422
-0.00793457
-0.00762939
-0.00732422
-0.00610352
-0.00427246
-0.00244141
-0.00061035
 0.00030518
 0.00061035
 0.00061035
 0.00030518
-0.00061035
-0.00122070
-0.00152588
-0.00244141
-0.00335693
-0.00457764
-0.00579834
-0.00701904
-0.00762939
-0.00701904
-0.00549316
-0.00396729
-0.00274658
-0.00183105
-0.00091553
-0.00091553
-0.00152588
-0.00244141
-0.00274658
-0.00305176
-0.00335693
-0.00427246
-0.00488281
-0.00518799
-0.00518799
-0.00457764
-0.00457764
-0.00427246
-0.00335693
-0.00183105
-0.00030518
 0.00091553
 0.00213623
 0.00274658
 0.00213623
 0.00122070
 0.00000000
-0.00183105
-0.00335693
-0.00488281
-0.00518799
-0.00457764
-0.00366211
-0.00274658
-0.00213623
-0.00122070
-0.00061035
-0.00061035
-0.00030518
-0.00061035
-0.00152588
-0.00244141
-0.00305176
-0.00427246
-0.00518799
-0.00549316
-0.00518799
-0.00457764
-0.00366211
-0.00244141
-0.00122070
 0.00000000
 0.00122070
 0.00274658
 0.00366211
 0.00335693
 0.00274658
 0.00152588
 0.00061035
-0.00091553
-0.00213623
-0.00396729
-0.00549316
-0.00518799
-0.00457764
-0.00366211
-0.00305176
-0.00213623
-0.00152588
-0.00091553
-0.00061035
-0.00030518
-0.00091553
-0.00183105
-0.00305176
-0.00488281
-0.00610352
-0.00701904
-0.00762939
-0.00793457
-0.00732422
-0.00640869
-0.00457764
-0.00305176
-0.00152588
-0.00061035
 0.00061035
 0.00152588
 0.00152588
 0.00091553
 0.00000000
-0.00061035
-0.00183105
-0.00305176
-0.00366211
-0.00396729
-0.00366211
-0.00274658
-0.00122070
-0.00030518
 0.00000000
 0.00061035
 0.00122070
 0.00152588
 0.00122070
 0.00000000
-0.00152588
-0.00274658
-0.00305176
-0.00305176
-0.00335693
-0.00335693
-0.00274658
-0.00183105
-0.00061035
 0.00091553
 0.00244141
 0.00457764
 0.00579834
 0.00610352
 0.00579834
 0.00488281
 0.00366211
 0.00213623
 0.00030518
-0.00122070
-0.00183105
-0.00183105
-0.00061035
 0.00061035
 0.00122070
 0.00183105
 0.00213623
 0.00213623
 0.00183105
 0.00091553
 0.00061035
 0.00091553
 0.00091553
 0.00091553
 0.00030518
-0.00061035
-0.00122070
-0.00122070
-0.00061035
-0.00030518
 0.00061035
 0.00274658
 0.00518799
 0.00701904
 0.00762939
 0.00732422
 0.00579834
 0.00457764
 0.00396729
 0.00427246
 0.00427246
 0.00396729
 0.00396729
 0.00366211
 0.00274658
 0.00183105
 0.00091553
 0.00000000
-0.00061035
-0.00030518
 0.00030518
 0.00122070
 0.00152588
 0.00061035
 0.00000000
-0.00061035
-0.00122070
-0.00152588
-0.00152588
-0.00183105
-0.00183105
-0.00152588
-0.00152588
-0.00183105
-0.00183105
-0.00152588
-0.00122070
-0.00091553
-0.00030518
 0.00091553
 0.00183105
 0.00244141
 0.00244141
 0.00244141
 0.00152588
 0.00061035
 0.00000000
-0.00030518
-0.00030518
-0.00061035
-0.00152588
-0.00152588
-0.00183105
-0.00244141
-0.00335693
-0.00396729
-0.00427246
-0.00488281
-0.00518799
-0.00549316
-0.00549316
-0.00488281
-0.00427246
-0.00427246
-0.00396729
-0.00335693
-0.00244141
-0.00152588
-0.00061035
 0.00030518
 0.00061035
 0.00091553
 0.00152588
 0.00152588
 0.00183105
 0.00183105
 0.00183105
 0.00244141
 0.00305176
 0.00366211
 0.00396729
 0.00427246
 0.00427246
 0.00427246
 0.00335693
 0.00274658
 0.00213623
 0.00122070
 0.00030518
-0.00030518
-0.00183105
-0.00274658
-0.00274658
-0.00152588
 0.00000000
 0.00091553
 0.00183105
 0.00274658
 0.00396729
 0.00457764
 0.00488281
 0.00549316
 0.00640869
 0.00701904
 0.00732422
 0.00732422
 0.00671387
 0.00640869
 0.00701904
 0.00701904
 0.00701904
 0.00610352
 0.00579834
 0.00549316
 0.00579834
 0.00579834
 0.00549316
 0.00549316
 0.00579834
 0.00610352
 0.00610352
 0.00518799
 0.00396729
 0.00274658
 0.00122070
 0.00061035
 0.00030518
 0.00000000
 0.00000000
 0.00061035
 0.00091553
 0.00091553
 0.00091553
 0.00122070
 0.00244141
 0.00366211
 0.00427246
 0.00396729
 0.00335693
 0.00274658
 0.00213623
 0.00213623
 0.00152588
 0.00152588
 0.00152588
 0.00122070
 0.00030518
-0.00030518
-0.00091553
-0.00122070
-0.00122070
-0.00183105
-0.00244141
-0.00274658
-0.00366211
-0.00457764
-0.00579834
-0.00701904
-0.00732422
-0.00701904
-0.00610352
-0.00549316
-0.00518799
-0.00518799
-0.00518799
-0.00518799
-0.00518799
-0.00457764
-0.00366211
-0.00274658
-0.00213623
-0.00152588
-0.00122070
-0.00091553
-0.00091553
-0.00122070
-0.00183105
-0.00274658
-0.00366211
-0.00427246
-0.00427246
-0.00427246
-0.00427246
-0.00457764
-0.00488281
-0.00549316
-0.00518799
-0.00518799
-0.00518799
-0.00457764
-0.00396729
-0.00366211
-0.00427246
-0.00488281
-0.00488281
-0.00488281
-0.00488281
-0.00427246
-0.00366211
-0.00305176
-0.00244141
-0.00183105
-0.00152588
-0.00091553
 0.00000000
 0.00122070
 0.00213623
 0.00305176
 0.00213623
 0.00122070
 0.00030518
-0.00122070
-0.00213623
-0.00274658
-0.00305176
-0.00305176
-0.00274658
-0.00274658
-0.00274658
-0.00244141
-0.00152588
-0.00061035
 0.00030518
 0.00091553
 0.00183105
 0.00183105
 0.00152588
 0.00091553
 0.00061035
-0.00061035
-0.00183105
-0.00244141
-0.00213623
-0.00061035
 0.00122070
 0.00335693
 0.00518799
 0.00579834
 0.00610352
 0.00518799
 0.00396729
 0.00274658
 0.00183105
 0.00122070
 0.00061035
 0.00000000
 0.00000000
 0.00030518
-0.00030518
-0.00091553
-0.00122070
-0.00091553
-0.00030518
 0.00030518
 0.00030518
 0.00030518
-0.00061035
-0.00152588
-0.00274658
-0.00335693
-0.00335693
-0.00366211
-0.00335693
-0.00274658
-0.00213623
-0.00152588
-0.00061035
 0.00030518
 0.00122070
 0.00213623
 0.00244141
 0.00274658
 0.00244141
 0.00183105
 0.00030518
-0.00122070
-0.00274658
-0.00457764
-0.00579834
-0.00640869
-0.00610352
-0.00610352
-0.00610352
-0.00610352
-0.00640869
-0.00671387
-0.00671387
-0.00549316
-0.00518799
-0.00457764
-0.00396729
-0.00366211
-0.00366211
-0.00396729
-0.00457764
-0.00518799
-0.00518799
-0.00427246
-0.00274658
-0.00091553
 0.00122070
 0.00305176
 0.00366211
 0.00274658
 0.00122070
 0.00030518
-0.00061035
-0.00061035
-0.00091553
-0.00122070
-0.00122070
-0.00152588
-0.00213623
-0.00244141
-0.00183105
-0.00122070
-0.00030518
 0.00091553
 0.00244141
 0.00335693
 0.00396729
 0.00366211
 0.00244141
 0.00061035
-0.00152588
-0.00335693
-0.00396729
-0.00396729
-0.00305176
-0.00183105
-0.00061035
 0.00030518
 0.00122070
 0.00213623
 0.00305176
 0.00366211
 0.00427246
 0.00488281
 0.00488281
 0.00457764
 0.00396729
 0.00305176
 0.00122070
 0.00000000
-0.00061035
-0.00091553
 0.00000000
 0.00030518
 0.00122070
 0.00183105
 0.00213623
 0.00244141
 0.00274658
 0.00335693
 0.00366211
 0.00335693
 0.00274658
 0.00183105
 0.00061035
 0.00000000
 0.00000000
 0.00000000
 0.00000000
 0.00061035
 0.00122070
 0.00213623
 0.00305176
 0.00335693
 0.00396729
 0.00427246
 0.00427246
 0.00366211
 0.00244141
 0.00061035
-0.00061035
-0.00122070
-0.00152588
-0.00152588
-0.00091553
-0.00030518
 0.00000000
 0.00091553
 0.00183105
 0.00274658
 0.00305176
 0.00305176
 0.00213623
 0.00091553
-0.00030518
-0.00213623
-0.00366211
-0.00457764
-0.00518799
-0.00518799
-0.00457764
-0.00335693
-0.00152588
 0.00000000
 0.00183105
 0.00366211
 0.00549316
 0.00671387
 0.00671387
 0.00549316
 0.00396729
 0.00213623
 0.00000000
-0.00183105
-0.00366211
-0.00427246
-0.00396729
-0.00244141
-0.00091553
 0.00061035
 0.00213623
 0.00366211
 0.00427246
 0.00488281
 0.00427246
 0.00305176
 0.00213623
 0.00152588
 0.00000000
-0.00183105
-0.00274658
-0.00305176
-0.00305176
-0.00244141
-0.00061035
 0.00122070
 0.00366211
 0.00579834
 0.00701904
 0.00701904
 0.00671387
 0.00610352
 0.00488281
 0.00335693
 0.00274658
 0.00274658
 0.00213623
 0.00122070
 0.00030518
 0.00000000
 0.00061035
 0.00183105
 0.00335693
 0.00457764
 0.00579834
 0.00610352
 0.00518799
 0.00366211
 0.00152588
-0.00061035
-0.00213623
-0.00305176
-0.00335693
-0.00305176
-0.00213623
-0.00091553
 0.00061035
 0.00213623
 0.00366211
 0.00518799
 0.00610352
 0.00671387
 0.00701904
 0.00671387
 0.00610352
 0.00518799
 0.00427246
 0.00244141
 0.00030518
-0.00122070
-0.00213623
-0.00213623
-0.00152588
-0.00061035
 0.00030518
 0.00122070
 0.00152588
 0.00122070
 0.00030518
-0.00091553
-0.00152588
-0.00152588
-0.00213623
-0.00335693
-0.00488281
-0.00640869
-0.00701904
-0.00732422
-0.00701904
-0.00610352
-0.00488281
-0.00335693
-0.00213623
-0.00091553
 0.00000000
 0.00030518
-0.00030518
-0.00061035
-0.00152588
-0.00244141
-0.00335693
-0.00427246
-0.00488281
-0.00549316
-0.00549316
-0.00549316
-0.00518799
-0.00488281
-0.00488281
-0.00457764
-0.00427246
-0.00427246
-0.00457764
-0.00457764
-0.00457764
-0.00518799
-0.00610352
-0.00701904
-0.00732422
-0.00671387
-0.00640869
-0.00518799
-0.00427246
-0.00366211
-0.00274658
-0.00152588
 0.00000000
 0.00061035
 0.00091553
 0.00061035
 0.00000000
-0.00030518
-0.00091553
-0.00152588
-0.00183105
-0.00213623
-0.00213623
-0.00152588
-0.00091553
-0.00030518
-0.00030518
-0.00061035
-0.00091553
-0.00061035
-0.00061035
-0.00152588
-0.00244141
-0.00335693
-0.00457764
-0.00518799
-0.00488281
-0.00366211
-0.00213623
-0.00061035
 0.00091553
 0.00152588
 0.00213623
 0.00244141
 0.00305176
 0.00335693
 0.00396729
 0.00427246
 0.00396729
 0.00335693
 0.00183105
 0.00030518
-0.00122070
-0.00213623
-0.00213623
-0.00152588
-0.00030518
 0.00152588
 0.00335693
 0.00488281
 0.00549316
 0.00488281
 0.00396729
 0.00244141
 0.00061035
-0.00091553
-0.00244141
-0.00427246
-0.00610352
-0.00701904
-0.00671387
-0.00640869
-0.00579834
-0.00427246
-0.00274658
-0.00061035
 0.00152588
 0.00366211
 0.00488281
 0.00488281
 0.00396729
 0.00274658
 0.00091553
-0.00152588
-0.00335693
-0.00457764
-0.00488281
-0.00427246
-0.00335693
-0.00244141
-0.00183105
-0.00122070
-0.00030518
 0.00000000
 0.00000000
-0.00030518
-0.00061035
-0.00152588
-0.00244141
-0.00457764
-0.00610352
-0.00732422
-0.00793457
-0.00762939
-0.00671387
-0.00518799
-0.00305176
-0.00091553
 0.00061035
 0.00183105
 0.00274658
 0.00305176
 0.00213623
 0.00091553
-0.00091553
-0.00305176
-0.00488281
-0.00701904
-0.00793457
-0.00762939
-0.00640869
-0.00396729
-0.00152588
 0.00030518
 0.00183105
 0.00274658
 0.00305176
 0.00213623
 0.00061035
-0.00122070
-0.00335693
-0.00518799
-0.00579834
-0.00579834
-0.00610352
-0.00579834
-0.00457764
-0.00305176
-0.00091553
 0.00152588
 0.00396729
 0.00610352
 0.00762939
 0.00823975
 0.00762939
 0.00610352
 0.00427246
 0.00244141
 0.00030518
-0.00152588
-0.00274658
-0.00305176
-0.00152588
 0.00030518
 0.00274658
 0.00518799
 0.00671387
 0.00732422
 0.00701904
 0.00671387
 0.00640869
 0.00579834
 0.00427246
 0.00183105
-0.00030518
-0.00152588
-0.00244141
-0.00244141
-0.00152588
 0.00000000
 0.00274658
 0.00549316
 0.00793457
 0.01037598
 0.01190186
 0.01220703
 0.01098633
 0.00885010
 0.00610352
 0.00366211
 0.00122070
-0.00091553
-0.00183105
-0.00122070
 0.00030518
 0.00213623
 0.00457764
 0.00671387
 0.00823975
 0.00976563
 0.01007080
 0.00915527
 0.00762939
 0.00549316
 0.00274658
-0.00061035
-0.00366211
-0.00579834
-0.00671387
-0.00671387
-0.00579834
-0.00396729
-0.00152588
 0.00183105
 0.00457764
 0.00640869
 0.00732422
 0.00732422
 0.00610352
 0.00427246
 0.00183105
-0.00061035
-0.00305176
-0.00518799
-0.00579834
-0.00549316
-0.00427246
-0.00183105
 0.00091553
 0.00366211
 0.00579834
 0.00671387
 0.00640869
 0.00549316
 0.00396729
 0.00183105
-0.00091553
-0.00366211
-0.00640869
-0.00762939
-0.00793457
-0.00793457
-0.00732422
-0.00518799
-0.00274658
 0.00000000
 0.00305176
 0.00579834
 0.00701904
 0.00762939
 0.00671387
 0.00457764
 0.00183105
-0.00091553
-0.00335693
-0.00579834
-0.00671387
-0.00610352
-0.00457764
-0.00213623
 0.00091553
 0.00335693
 0.00549316
 0.00610352
 0.00610352
 0.00579834
 0.00488281
 0.00335693
 0.00091553
-0.00152588
-0.00366211
-0.00579834
-0.00732422
-0.00823975
-0.00793457
-0.00671387
-0.00488281
-0.00213623
 0.00122070
 0.00396729
 0.00579834
 0.00701904
 0.00701904
 0.00579834
 0.00396729
 0.00213623
 0.00000000
-0.00183105
-0.00305176
-0.00396729
-0.00366211
-0.00335693
-0.00213623
-0.00030518
 0.00213623
 0.00366211
 0.00488281
 0.00488281
 0.00518799
 0.00427246
 0.00213623
-0.00030518
-0.00274658
-0.00488281
-0.00671387
-0.00762939
-0.00762939
-0.00701904
-0.00579834
-0.00366211
-0.00122070
 0.00152588
 0.00427246
 0.00549316
 0.00549316
 0.00427246
 0.00244141
 0.00030518
-0.00183105
-0.00427246
-0.00610352
-0.00701904
-0.00671387
-0.00549316
-0.00396729
-0.00244141
-0.00122070
 0.00030518
 0.00152588
 0.00213623
 0.00244141
 0.00183105
 0.00030518
-0.00213623
-0.00488281
-0.00732422
-0.00946045
-0.01068115
-0.01098633
-0.01037598
-0.00823975
-0.00610352
-0.00366211
-0.00091553
 0.00152588
 0.00244141
 0.00213623
 0.00091553
-0.00061035
-0.00244141
-0.00396729
-0.00488281
-0.00549316
-0.00610352
-0.00610352
-0.00549316
-0.00457764
-0.00366211
-0.00213623
-0.00061035
 0.00091553
 0.00213623
 0.00274658
 0.00274658
 0.00213623
 0.00030518
-0.00122070
-0.00213623
-0.00366211
-0.00518799
-0.00610352
-0.00610352
-0.00518799
-0.00366211
-0.00244141
-0.00122070
 0.00000000
 0.00091553
 0.00183105
 0.00213623
 0.00183105
 0.00152588
 0.00122070
 0.00122070
 0.00061035
-0.00030518
-0.00152588
-0.00213623
-0.00213623
-0.00122070
-0.00030518
 0.00091553
 0.00213623
 0.00335693
 0.00335693
 0.00274658
 0.00152588
 0.00000000
-0.00122070
-0.00244141
-0.00244141
-0.00274658
-0.00244141
-0.00274658
-0.00274658
-0.00213623
-0.00152588
-0.00091553
 0.00061035
 0.00244141
 0.00457764
 0.00518799
 0.00457764
 0.00427246
 0.00366211
 0.00244141
 0.00122070
-0.00030518
-0.00122070
-0.00183105
-0.00152588
-0.00091553
 0.00000000
 0.00122070
 0.00213623
 0.00244141
 0.00244141
 0.00183105
 0.00091553
 0.00000000
-0.00061035
-0.00122070
-0.00244141
-0.00427246
-0.00579834
-0.00671387
-0.00701904
-0.00640869
-0.00549316
-0.00396729
-0.00274658
-0.00122070
 0.00000000
 0.00030518
-0.00030518
-0.00152588
-0.00274658
-0.00366211
-0.00396729
-0.00366211
-0.00366211
-0.00366211
-0.00274658
-0.00183105
-0.00091553
 0.00061035
 0.00213623
 0.00305176
 0.00366211
 0.00366211
 0.00305176
 0.00213623
 0.00061035
-0.00091553
-0.00213623
-0.00335693
-0.00366211
-0.00396729
-0.00366211
-0.00305176
-0.00183105
-0.00061035
 0.00061035
 0.00183105
 0.00274658
 0.00335693
 0.00305176
 0.00183105
 0.00091553
 0.00000000
-0.00061035
-0.00061035
-0.00030518
 0.00030518
 0.00061035
 0.00122070
 0.00244141
 0.00366211
 0.00488281
 0.00549316
 0.00579834
 0.00579834
 0.00549316
 0.00488281
 0.00396729
 0.00335693
 0.00274658
 0.00213623
 0.00152588
 0.00091553
 0.00091553
 0.00183105
 0.00274658
 0.00366211
 0.00457764
 0.00549316
 0.00549316
 0.00457764
 0.00335693
 0.00244141
 0.00213623
 0.00244141
 0.00305176
 0.00366211
 0.00427246
 0.00457764
 0.00488281
 0.00488281
 0.00457764
 0.00488281
 0.00549316
 0.00579834
 0.00549316
 0.00488281
 0.00457764
 0.00366211
 0.00305176
 0.00244141
 0.00213623
 0.00183105
 0.00183105
 0.00244141
 0.00305176
 0.00335693
 0.00305176
 0.00335693
 0.00366211
 0.00305176
 0.00183105
 0.00061035
-0.00030518
-0.00122070
-0.00152588
-0.00122070
-0.00091553
-0.00030518
 0.00030518
 0.00091553
 0.00183105
 0.00274658
 0.00305176
 0.00305176
 0.00335693
 0.00305176
 0.00183105
 0.00061035
-0.00061035
-0.00152588
-0.00244141
-0.00244141
-0.00274658
-0.00274658
-0.00305176
-0.00274658
-0.00183105
-0.00061035
 0.00061035
 0.00061035
-0.00030518
-0.00183105
-0.00335693
-0.00518799
-0.00640869
-0.00732422
-0.00732422
-0.00640869
-0.00518799
-0.00396729
-0.00274658
-0.00183105
-0.00122070
-0.00030518
 0.00091553
 0.00152588
 0.00183105
 0.00152588
 0.00122070
 0.00122070
 0.00030518
-0.00122070
-0.00274658
-0.00396729
-0.00488281
-0.00518799
-0.00457764
-0.00305176
-0.00213623
-0.00152588
-0.00183105
-0.00152588
-0.00152588
-0.00122070
-0.00091553
-0.00122070
-0.00213623
-0.00274658
-0.00335693
-0.00335693
-0.00305176
-0.00274658
-0.00213623
-0.00152588
-0.00091553
 0.00030518
 0.00122070
 0.00183105
 0.00213623
 0.00244141
 0.00213623
 0.00122070
 0.00061035
 0.00000000
-0.00061035
-0.00122070
-0.00213623
-0.00244141
-0.00213623
-0.00091553
 0.00000000
 0.00061035
 0.00091553
 0.00122070
 0.00122070
 0.00152588
 0.00152588
 0.00091553
-0.00030518
-0.00091553
-0.00213623
-0.00335693
-0.00396729
-0.00366211
-0.00335693
-0.00244141
-0.00152588
-0.00030518
 0.00091553
 0.00152588
 0.00183105
 0.00152588
 0.00122070
 0.00122070
 0.00030518
-0.00122070
-0.00305176
-0.00457764
-0.00579834
-0.00640869
-0.00610352
-0.00518799
-0.00396729
-0.00274658
-0.00152588
-0.00091553
 0.00000000
 0.00030518
 0.00000000
-0.00091553
-0.00183105
-0.00335693
-0.00518799
-0.00671387
-0.00793457
-0.00793457
-0.00762939
-0.00701904
-0.00518799
-0.00335693
-0.00152588
 0.00061035
 0.00152588
 0.00244141
 0.00305176
 0.00244141
 0.00122070
-0.00061035
-0.00244141
-0.00427246
-0.00579834
-0.00579834
-0.00518799
-0.00457764
-0.00366211
-0.00274658
-0.00213623
-0.00122070
 0.00000000
 0.00061035
 0.00061035
-0.00061035
-0.00183105
-0.00335693
-0.00488281
-0.00579834
-0.00610352
-0.00579834
-0.00488281
-0.00396729
-0.00244141
-0.00030518
 0.00152588
 0.00274658
 0.00366211
 0.00396729
 0.00366211
 0.00274658
 0.00152588
 0.00061035
-0.00061035
-0.00152588
-0.00183105
-0.00183105
-0.00122070
 0.00000000
 0.00091553
 0.00213623
 0.00427246
 0.00579834
 0.00610352
 0.00579834
 0.00488281
 0.00335693
 0.00122070
-0.00122070
-0.00305176
-0.00427246
-0.00427246
-0.00335693
-0.00213623
-0.00122070
 0.00000000
 0.00152588
 0.00305176
 0.00457764
 0.00579834
 0.00701904
 0.00732422
 0.00640869
 0.00488281
 0.00305176
 0.00152588
 0.00000000
-0.00091553
-0.00122070
-0.00030518
 0.00030518
 0.00152588
 0.00274658
 0.00396729
 0.00518799
 0.00640869
 0.00671387
 0.00610352
 0.00488281
 0.00335693
 0.00152588
-0.00030518
-0.00183105
-0.00274658
-0.00366211
-0.00366211
-0.00305176
-0.00183105
 0.00000000
 0.00183105
 0.00366211
 0.00518799
 0.00579834
 0.00549316
 0.00427246
 0.00274658
 0.00122070
 0.00000000
-0.00091553
-0.00152588
-0.00244141
-0.00274658
-0.00244141
-0.00213623
-0.00183105
-0.00122070
 0.00030518
 0.00183105
 0.00335693
 0.00335693
 0.00244141
 0.00122070
-0.00030518
-0.00152588
-0.00213623
-0.00244141
-0.00244141
-0.00244141
-0.00244141
-0.00213623
-0.00091553
 0.00000000
 0.00122070
 0.00213623
 0.00305176
 0.00366211
 0.00396729
 0.00427246
 0.00427246
 0.00427246
 0.00305176
 0.00152588
 0.00000000
-0.00061035
-0.00091553
-0.00061035
 0.00030518
 0.00152588
 0.00305176
 0.00366211
 0.00427246
 0.00427246
 0.00396729
 0.00305176
 0.00183105
 0.00061035
 0.00030518
-0.00030518
-0.00030518
-0.00061035
-0.00122070
-0.00152588
-0.00152588
-0.00061035
 0.00061035
 0.00183105
 0.00335693
 0.00457764
 0.00549316
 0.00610352
 0.00579834
 0.00457764
 0.00305176
 0.00122070
 0.00000000
-0.00030518
-0.00061035
 0.00000000
 0.00091553
 0.00213623
 0.00305176
 0.00335693
 0.00396729
 0.00457764
 0.00518799
 0.00488281
 0.00366211
 0.00244141
 0.00091553
-0.00030518
-0.00183105
-0.00366211
-0.00457764
-0.00457764
-0.00366211
-0.00213623
-0.00030518
 0.00152588
 0.00274658
 0.00335693
 0.00274658
 0.00183105
 0.00122070
 0.00030518
-0.00091553
-0.00274658
-0.00396729
-0.00427246
-0.00396729
-0.00335693
-0.00274658
-0.00213623
-0.00152588
-0.00091553
 0.00000000
 0.00030518
 0.00000000
-0.00091553
-0.00244141
-0.00366211
-0.00488281
-0.00610352
-0.00671387
-0.00732422
-0.00762939
-0.00762939
-0.00671387
-0.00518799
-0.00335693
-0.00183105
-0.00061035
 0.00030518
 0.00091553
 0.00091553
 0.00000000
-0.00152588
-0.00305176
-0.00427246
-0.00488281
-0.00549316
-0.00518799
-0.00488281
-0.00457764
-0.00396729
-0.00366211
-0.00335693
-0.00305176
-0.00213623
-0.00122070
-0.00030518
-0.00030518
-0.00030518
-0.00091553
-0.00183105
-0.00335693
-0.00457764
-0.00549316
-0.00579834
-0.00488281
-0.00396729
-0.00274658
-0.00122070
 0.00030518
 0.00091553
 0.00091553
 0.00122070
 0.00152588
 0.00152588
 0.00152588
 0.00152588
 0.00122070
 0.00122070
 0.00122070
 0.00061035
-0.00061035
-0.00183105
-0.00213623
-0.00183105
-0.00152588
-0.00061035
 0.00061035
 0.00213623
 0.00305176
 0.00366211
 0.00305176
 0.00183105
 0.00061035
-0.00030518
-0.00122070
-0.00152588
-0.00213623
-0.00244141
-0.00274658
-0.00213623
-0.00091553
 0.00000000
 0.00091553
 0.00213623
 0.00335693
 0.00427246
 0.00549316
 0.00579834
 0.00518799
 0.00396729
 0.00244141
 0.00091553
 0.00000000
-0.00091553
-0.00122070
-0.00152588
-0.00122070
 0.00000000
 0.00122070
 0.00274658
 0.00396729
 0.00427246
 0.00427246
 0.00335693
 0.00183105
 0.00000000
-0.00122070
-0.00244141
-0.00335693
-0.00427246
-0.00457764
-0.00488281
-0.00488281
-0.00457764
-0.00335693
-0.00213623
-0.00061035
 0.00030518
 0.00122070
 0.00122070
 0.00091553
 0.00030518
-0.00122070
-0.00305176
-0.00457764
-0.00549316
-0.00579834
-0.00549316
-0.00427246
-0.00335693
-0.00244141
-0.00183105
-0.00152588
-0.00122070
-0.00152588
-0.00213623
-0.00274658
-0.00366211
-0.00366211
-0.00335693
-0.00335693
-0.00396729
-0.00457764
-0.00427246
-0.00366211
-0.00305176
-0.00244141
-0.00213623
-0.00152588
-0.00030518
 0.00030518
 0.00030518
 0.00030518
 0.00030518
-0.00030518
-0.00061035
-0.00122070
-0.00183105
-0.00213623
-0.00213623
-0.00183105
-0.00091553
-0.00061035
 0.00000000
 0.00091553
 0.00152588
 0.00152588
 0.00213623
 0.00183105
 0.00122070
 0.00000000
-0.00122070
-0.00244141
-0.00335693
-0.00396729
-0.00396729
-0.00366211
-0.00305176
-0.00122070
 0.00091553
 0.00244141
 0.00427246
 0.00579834
 0.00701904
 0.00671387
 0.00579834
 0.00518799
 0.00396729
 0.00274658
 0.00122070
 0.00061035
 0.00061035
 0.00030518
 0.00030518
 0.00091553
 0.00183105
 0.00244141
 0.00335693
 0.00335693
 0.00366211
 0.00427246
 0.00396729
 0.00274658
 0.00152588
 0.00091553
 0.00030518
-0.00061035
-0.00091553
-0.00122070
-0.00122070
-0.00030518
 0.00091553
 0.00244141
 0.00335693
 0.00427246
 0.00518799
 0.00518799
 0.00427246
 0.00274658
 0.00183105
 0.00152588
 0.00122070
 0.00091553
 0.00091553
 0.00091553
 0.00091553
 0.00152588
 0.00183105
 0.00213623
 0.00213623
 0.00305176
 0.00335693
 0.00335693
 0.00274658
 0.00183105
 0.00152588
 0.00030518
-0.00061035
-0.00152588
-0.00244141
-0.00274658
-0.00213623
-0.00091553
 0.00061035
 0.00152588
 0.00244141
 0.00274658
 0.00305176
 0.00274658
 0.00213623
 0.00183105
 0.00152588
 0.00122070
 0.00030518
-0.00030518
-0.00061035
-0.00061035
 0.00000000
 0.00030518
 0.00030518
 0.00061035
 0.00091553
 0.00152588
 0.00183105
 0.00183105
 0.00213623
 0.00183105
 0.00152588
 0.00030518
-0.00091553
-0.00213623
-0.00305176
-0.00274658
-0.00213623
-0.00152588
-0.00030518
 0.00061035
 0.00152588
 0.00213623
 0.00274658
 0.00244141
 0.00244141
 0.00274658
 0.00274658
 0.00213623
 0.00091553
 0.00030518
 0.00000000
-0.00030518
-0.00030518
 0.00061035
 0.00122070
 0.00122070
 0.00183105
 0.00183105
 0.00213623
 0.00213623
 0.00183105
 0.00122070
 0.00030518
-0.00061035
-0.00122070
-0.00183105
-0.00213623
-0.00183105
-0.00091553
-0.00030518
 0.00000000
 0.00000000
-0.00030518
 0.00000000
 0.00061035
 0.00122070
 0.00183105
 0.00244141
 0.00213623
 0.00152588
 0.00061035
 0.00000000
-0.00030518
-0.00061035
-0.00061035
-0.00030518
 0.00000000
 0.00000000
-0.00091553
-0.00183105
-0.00213623
-0.00152588
-0.00061035
-0.00030518
 0.00000000
-0.00030518
-0.00091553
-0.00183105
-0.00305176
-0.00396729
-0.00427246
-0.00427246
-0.00457764
-0.00488281
-0.00457764
-0.00427246
-0.00427246
-0.00427246
-0.00427246
-0.00366211
-0.00305176
-0.00244141
-0.00183105
-0.00122070
-0.00091553
-0.00091553
-0.00122070
-0.00183105
-0.00274658
-0.00366211
-0.00427246
-0.00396729
-0.00335693
-0.00244141
-0.00213623
-0.00213623
-0.00213623
-0.00213623
-0.00183105
-0.00122070
-0.00061035
-0.00030518
