 0.00000000
 0.00030518
 0.00030518
 0.00000000
-0.00061035
-0.00061035
 0.00000000
 0.00030518
 0.00030518
 0.00030518
 0.00000000
 0.00000000
 0.00000000
 0.00030518
 0.00000000
-0.00030518
-0.00030518
 0.00000000
 0.00000000
-0.00030518
-0.00030518
-0.00030518
 0.00000000
 0.00030518
 0.00000000
-0.00030518
 0.00000000
 0.00030518
 0.00000000
 0.00000000
-0.00030518
-0.00030518
-0.00030518
-0.00030518
-0.00030518
 0.00000000
 0.00000000
 0.00030518
 0.00061035
 0.00061035
 0.00061035
 0.00030518
 0.00030518
 0.00000000
 0.00030518
 0.00030518
 0.00000000
-0.00030518
 0.00000000
-0.00030518
-0.00030518
 0.00000000
 0.00000000
 0.00000000
 0.00061035
 0.00061035
 0.00000000
-0.00061035
-0.00030518
 0.00000000
 0.00030518
 0.00000000
-0.00030518
-0.00030518
-0.00061035
-0.00061035
 0.00000000
 0.00000000
-0.00030518
-0.00030518
-0.00030518
 0.00000000
 0.00000000
 0.00000000
 0.00000000
-0.00030518
-0.00030518
 0.00000000
 0.00000000
 0.00000000
-0.00030518
-0.00030518
-0.00030518
 0.00000000
 0.00000000
 0.00030518
 0.00030518
 0.00030518
 0.00061035
 0.00091553
 0.00030518
-0.00030518
-0.00061035
 0.00000000
 0.00152588
 0.00427246
 0.01129150
 0.02380371
 0.04058838
 0.05096436
 0.03051758
-0.04516602
-0.16326904
-0.27160645
-0.32958984
-0.27038574
-0.12115479
 0.06988525
 0.25665283
 0.28167725
 0.17395020
 0.03784180
-0.03387451
-0.00671387
 0.05462646
 0.10742188
 0.13488770
 0.12786865
 0.06408691
-0.04089355
-0.15563965
-0.25695801
-0.31799316
-0.28228760
-0.17456055
-0.01220703
 0.16571045
 0.37261963
 0.39428711
 0.32928467
 0.22369385
 0.06958008
-0.05523682
-0.11505127
-0.12359619
-0.10040283
-0.05950928
-0.01159668
 0.01708984
-0.00915527
-0.08850098
-0.15197754
-0.16357422
-0.11688232
 0.00549316
 0.18066406
 0.40069580
 0.43395996
 0.31616211
 0.08178711
-0.22216797
-0.43975830
-0.44738770
-0.33599854
-0.19134521
-0.03570557
 0.08453369
 0.14923096
 0.17028809
 0.16052246
 0.11108398
 0.06317139
 0.05249023
 0.06011963
 0.06622314
 0.06072998
 0.04089355
-0.00030518
-0.06896973
-0.14984131
-0.20935059
-0.21575928
-0.15777588
-0.03936768
 0.09887695
 0.21179199
 0.28594971
 0.31463623
 0.27526855
 0.16113281
 0.02288818
-0.08239746
-0.13854980
-0.14587402
-0.11535645
-0.07049561
-0.03570557
-0.02197266
-0.03967285
-0.06988525
-0.05859375
 0.00091553
 0.08361816
 0.16021729
 0.20446777
 0.18493652
 0.07324219
-0.07232666
-0.17822266
-0.22857666
-0.24261475
-0.22583008
-0.18188477
-0.11260986
-0.02014160
 0.07873535
 0.15899658
 0.21118164
 0.23345947
 0.20233154
 0.12634277
 0.05676270
 0.02075195
 0.00335693
-0.00854492
-0.02288818
-0.04760742
-0.08544922
-0.12329102
-0.13793945
-0.11962891
-0.06713867
 0.01678467
 0.11566162
 0.20019531
 0.24230957
 0.20812988
 0.08819580
-0.04333496
-0.11138916
-0.11871338
-0.09368896
-0.05828857
-0.03753662
-0.05096436
-0.10833740
-0.15563965
-0.15014648
-0.10192871
-0.02105713
 0.07476807
 0.15350342
 0.18920898
 0.16571045
 0.07751465
-0.02990723
-0.10894775
-0.15289307
-0.16876221
-0.15869141
-0.12573242
-0.07507324
-0.01831055
 0.03387451
 0.07507324
 0.09674072
 0.09063721
 0.06958008
 0.05065918
 0.03509521
 0.02075195
 0.01098633
 0.00396729
-0.01007080
-0.03997803
-0.08117676
-0.11566162
-0.12786865
-0.11047363
-0.06713867
-0.00976563
 0.04425049
 0.07995605
 0.08148193
 0.04669189
 0.01647949
 0.01495361
 0.02441406
 0.02288818
-0.01007080
-0.07385254
-0.14190674
-0.18829346
-0.20294189
-0.18249512
-0.12847900
-0.04821777
 0.04028320
 0.11291504
 0.15319824
 0.14495850
 0.07843018
-0.00213623
-0.05340576
-0.07934570
-0.08819580
-0.08117676
-0.06378174
-0.04638672
-0.03753662
-0.03540039
-0.02532959
 0.00122070
 0.04028320
 0.08300781
 0.12084961
 0.14617920
 0.15136719
 0.13580322
 0.10589600
 0.06622314
 0.01861572
-0.02960205
-0.06347656
-0.07232666
-0.05889893
-0.02990723
 0.00488281
 0.03479004
 0.04882813
 0.04516602
 0.04394531
 0.06072998
 0.08911133
 0.11535645
 0.12084961
 0.09002686
 0.03051758
-0.03387451
-0.08483887
-0.11260986
-0.11352539
-0.09033203
-0.04974365
-0.00152588
 0.04425049
 0.07751465
 0.08483887
 0.06927490
 0.05432129
 0.04913330
 0.04699707
 0.03997803
 0.02410889
-0.00122070
-0.02990723
-0.05035400
-0.05554199
-0.04547119
-0.02349854
 0.00427246
 0.03265381
 0.05859375
 0.08056641
 0.09735107
 0.10833740
 0.11169434
 0.10498047
 0.08728027
 0.06591797
 0.04821777
 0.03295898
 0.01464844
-0.00793457
-0.03173828
-0.05157471
-0.05950928
-0.05035400
-0.02593994
 0.00762939
 0.04302979
 0.07171631
 0.08300781
 0.07293701
 0.05065918
 0.02868652
 0.00885010
-0.00976563
-0.02685547
-0.04089355
-0.05065918
-0.05493164
-0.05493164
-0.05096436
-0.04425049
-0.03448486
-0.02105713
-0.00366211
 0.01190186
 0.01800537
 0.01251221
 0.00488281
 0.00518799
 0.01281738
 0.01922607
 0.01556396
-0.00640869
-0.04302979
-0.07965088
-0.10192871
-0.10314941
-0.08544922
-0.05676270
-0.02655029
-0.00640869
-0.00793457
-0.02624512
-0.04089355
-0.04211426
-0.03356934
-0.02136230
-0.00976563
-0.00213623
-0.00427246
-0.02136230
-0.04974365
-0.07781982
-0.09429932
-0.09552002
-0.08117676
-0.05340576
-0.01708984
 0.02105713
 0.05371094
 0.07293701
 0.07324219
 0.06042480
 0.04516602
 0.02960205
 0.01342773
-0.00244141
-0.01281738
-0.01220703
-0.00183105
 0.01312256
 0.02563477
 0.02990723
 0.02929688
 0.03112793
 0.04119873
 0.05859375
 0.07659912
 0.08361816
 0.07019043
 0.03906250
 0.00335693
-0.02624512
-0.04516602
-0.05371094
-0.05310059
-0.04638672
-0.03723145
-0.02563477
-0.01251221
 0.00152588
 0.01495361
 0.02563477
 0.03082275
 0.02929688
 0.02166748
 0.00823975
-0.00762939
-0.02288818
-0.03509521
-0.04150391
-0.04089355
-0.03265381
-0.01983643
-0.00671387
 0.00183105
 0.00457764
 0.00427246
 0.00549316
 0.01098633
 0.01831055
 0.02380371
 0.02410889
 0.01922607
 0.01281738
 0.00610352
-0.00061035
-0.00701904
-0.01159668
-0.01190186
-0.00610352
 0.00732422
 0.02777100
 0.05096436
 0.06958008
 0.07568359
 0.06652832
 0.05035400
 0.03723145
 0.03082275
 0.03021240
 0.03051758
 0.02746582
 0.01861572
 0.00701904
-0.00396729
-0.01129150
-0.01373291
-0.01159668
-0.00671387
-0.00030518
 0.00488281
 0.00854492
 0.00946045
 0.00762939
 0.00396729
-0.00061035
-0.00427246
-0.00549316
-0.00488281
-0.00396729
-0.00518799
-0.00885010
-0.01403809
-0.01770020
-0.01831055
-0.01586914
-0.01190186
-0.00793457
-0.00518799
-0.00244141
 0.00061035
 0.00122070
-0.00274658
-0.01342773
-0.02929688
-0.04302979
-0.04974365
-0.04791260
-0.03997803
-0.03143311
-0.02685547
-0.02929688
-0.03509521
-0.03814697
-0.03356934
-0.02044678
-0.00335693
 0.01373291
 0.02471924
 0.02685547
 0.02075195
 0.00976563
-0.00305176
-0.01617432
-0.02807617
-0.03723145
-0.04089355
-0.03906250
-0.03173828
-0.02075195
-0.00854492
 0.00366211
 0.01617432
 0.02838135
 0.03906250
 0.04577637
 0.04577637
 0.03906250
 0.02899170
 0.01861572
 0.00946045
 0.00000000
-0.01068115
-0.02288818
-0.03448486
-0.04028320
-0.03753662
-0.02777100
-0.01342773
 0.00091553
 0.01068115
 0.01525879
 0.01586914
 0.01434326
 0.01129150
 0.00305176
-0.01190186
-0.03173828
-0.05096436
-0.06408691
-0.06805420
-0.06256104
-0.04974365
-0.03387451
-0.01861572
-0.00793457
-0.00274658
-0.00122070
-0.00122070
-0.00183105
-0.00274658
-0.00518799
-0.00915527
-0.01403809
-0.01892090
-0.02349854
-0.02868652
-0.03204346
-0.03112793
-0.02349854
-0.00732422
 0.01525879
 0.04058838
 0.06408691
 0.07965088
 0.08361816
 0.07598877
 0.06072998
 0.04058838
 0.01892090
-0.00091553
-0.01464844
-0.01922607
-0.01464844
-0.00335693
 0.01159668
 0.02502441
 0.03417969
 0.03845215
 0.04089355
 0.04455566
 0.04882813
 0.05035400
 0.04638672
 0.03570557
 0.01983643
 0.00244141
-0.01342773
-0.02655029
-0.03631592
-0.04272461
-0.04455566
-0.03997803
-0.02929688
-0.01312256
 0.00610352
 0.02441406
 0.03631592
 0.03845215
 0.03143311
 0.01861572
 0.00457764
-0.00854492
-0.01892090
-0.02410889
-0.02288818
-0.01525879
-0.00305176
 0.01007080
 0.02075195
 0.02593994
 0.02593994
 0.02410889
 0.02349854
 0.02319336
 0.02197266
 0.01739502
 0.00915527
-0.00335693
-0.01739502
-0.02960205
-0.03875732
-0.04425049
-0.04486084
-0.03875732
-0.02624512
-0.00732422
 0.01495361
 0.03601074
 0.05004883
 0.05249023
 0.04425049
 0.03021240
 0.01617432
 0.00579834
 0.00000000
-0.00122070
 0.00183105
 0.00915527
 0.01861572
 0.02899170
 0.03906250
 0.04730225
 0.05157471
 0.05126953
 0.04943848
 0.04638672
 0.04211426
 0.03509521
 0.02441406
 0.01068115
-0.00518799
-0.02075195
-0.03417969
-0.04241943
-0.04516602
-0.04302979
-0.03662109
-0.02655029
-0.01403809
-0.00030518
 0.01098633
 0.01617432
 0.01373291
 0.00366211
-0.01159668
-0.02746582
-0.04150391
-0.05218506
-0.05920410
-0.06134033
-0.05889893
-0.05187988
-0.04180908
-0.02960205
-0.01739502
-0.00701904
-0.00030518
 0.00183105
 0.00030518
-0.00335693
-0.00946045
-0.01708984
-0.02593994
-0.03448486
-0.04058838
-0.04211426
-0.03662109
-0.02441406
-0.00762939
 0.01098633
 0.02807617
 0.04211426
 0.05187988
 0.05737305
 0.05767822
 0.05371094
 0.04547119
 0.03417969
 0.02197266
 0.01129150
 0.00427246
 0.00122070
 0.00244141
 0.00732422
 0.01495361
 0.02441406
 0.03479004
 0.04425049
 0.05157471
 0.05432129
 0.05126953
 0.04302979
 0.03112793
 0.01770020
 0.00396729
-0.00915527
-0.02136230
-0.03143311
-0.03814697
-0.04028320
-0.03753662
-0.03082275
-0.02136230
-0.01098633
-0.00152588
 0.00610352
 0.01068115
 0.01190186
 0.00762939
-0.00213623
-0.01525879
-0.02807617
-0.03784180
-0.04089355
-0.03723145
-0.02807617
-0.01525879
-0.00061035
 0.01403809
 0.02716064
 0.03875732
 0.04730225
 0.05126953
 0.04943848
 0.04241943
 0.03234863
 0.02136230
 0.01190186
 0.00427246
-0.00122070
-0.00457764
-0.00610352
-0.00579834
-0.00213623
 0.00396729
 0.01190186
 0.02014160
 0.02685547
 0.03051758
 0.03051758
 0.02655029
 0.01861572
 0.00762939
-0.00640869
-0.02044678
-0.03265381
-0.04119873
-0.04364014
-0.04058838
-0.03295898
-0.02349854
-0.01373291
-0.00518799
 0.00152588
 0.00549316
 0.00671387
 0.00366211
-0.00366211
-0.01434326
-0.02563477
-0.03479004
-0.04211426
-0.04699707
-0.04974365
-0.04913330
-0.04516602
-0.03814697
-0.02807617
-0.01617432
-0.00457764
 0.00427246
 0.00976563
 0.01037598
 0.00671387
 0.00000000
-0.00823975
-0.01770020
-0.02624512
-0.03265381
-0.03540039
-0.03387451
-0.02807617
-0.01922607
-0.00946045
 0.00000000
 0.00823975
 0.01586914
 0.02227783
 0.02624512
 0.02685547
 0.02349854
 0.01556396
 0.00518799
-0.00457764
-0.01190186
-0.01556396
-0.01525879
-0.01220703
-0.00701904
 0.00061035
 0.00946045
 0.01922607
 0.02868652
 0.03631592
 0.03997803
 0.03906250
 0.03417969
 0.02593994
 0.01617432
 0.00579834
-0.00396729
-0.01220703
-0.01708984
-0.01770020
-0.01342773
-0.00549316
 0.00335693
 0.01129150
 0.01647949
 0.01922607
 0.01953125
 0.01739502
 0.01220703
 0.00488281
-0.00457764
-0.01586914
-0.02655029
-0.03509521
-0.04089355
-0.04302979
-0.04211426
-0.03784180
-0.03112793
-0.02105713
-0.00946045
 0.00122070
 0.00915527
 0.01190186
 0.00946045
 0.00305176
-0.00457764
-0.01190186
-0.01739502
-0.02014160
-0.02044678
-0.01892090
-0.01525879
-0.01007080
-0.00457764
 0.00122070
 0.00732422
 0.01342773
 0.01892090
 0.02349854
 0.02655029
 0.02807617
 0.02593994
 0.02075195
 0.01373291
 0.00579834
 0.00030518
-0.00152588
 0.00122070
 0.00793457
 0.01525879
 0.02197266
 0.02746582
 0.03082275
 0.03204346
 0.03234863
 0.03143311
 0.02868652
 0.02441406
 0.02044678
 0.01647949
 0.01281738
 0.00854492
 0.00488281
 0.00213623
 0.00030518
 0.00000000
 0.00183105
 0.00488281
 0.00823975
 0.01129150
 0.01281738
 0.01312256
 0.01190186
 0.00854492
 0.00396729
-0.00244141
-0.00976563
-0.01617432
-0.02075195
-0.02349854
-0.02349854
-0.02136230
-0.01770020
-0.01312256
-0.00885010
-0.00610352
-0.00549316
-0.00610352
-0.00762939
-0.00915527
-0.01037598
-0.01159668
-0.01312256
-0.01464844
-0.01586914
-0.01617432
-0.01586914
-0.01403809
-0.01159668
-0.00732422
-0.00244141
 0.00396729
 0.01037598
 0.01678467
 0.02166748
 0.02349854
 0.02380371
 0.02166748
 0.01831055
 0.01434326
 0.01129150
 0.01007080
 0.01068115
 0.01373291
 0.01861572
 0.02319336
 0.02624512
 0.02746582
 0.02655029
 0.02471924
 0.02288818
 0.02258301
 0.02349854
 0.02410889
 0.02410889
 0.02227783
 0.01983643
 0.01617432
 0.01159668
 0.00762939
 0.00457764
 0.00335693
 0.00335693
 0.00396729
 0.00457764
 0.00549316
 0.00488281
 0.00335693
 0.00030518
-0.00427246
-0.01007080
-0.01556396
-0.02014160
-0.02349854
-0.02563477
-0.02716064
-0.02838135
-0.02929688
-0.02990723
-0.02960205
-0.02868652
-0.02685547
-0.02380371
-0.02075195
-0.01708984
-0.01373291
-0.01037598
-0.00701904
-0.00427246
-0.00244141
-0.00091553
-0.00030518
-0.00061035
-0.00061035
-0.00030518
 0.00000000
 0.00061035
 0.00152588
 0.00366211
 0.00640869
 0.00915527
 0.01129150
 0.01312256
 0.01403809
 0.01464844
 0.01525879
 0.01495361
 0.01434326
 0.01403809
 0.01312256
 0.01190186
 0.01037598
 0.00854492
 0.00671387
 0.00427246
 0.00244141
 0.00122070
 0.00183105
 0.00335693
 0.00579834
 0.00885010
 0.01068115
 0.01068115
 0.00793457
 0.00427246
-0.00030518
-0.00488281
-0.00915527
-0.01220703
-0.01434326
-0.01495361
-0.01434326
-0.01251221
-0.00946045
-0.00610352
-0.00305176
-0.00152588
-0.00091553
-0.00152588
-0.00244141
-0.00305176
-0.00457764
-0.00671387
-0.00976563
-0.01281738
-0.01525879
-0.01739502
-0.01831055
-0.01800537
-0.01678467
-0.01403809
-0.01037598
-0.00701904
-0.00457764
-0.00305176
-0.00335693
-0.00488281
-0.00732422
-0.01068115
-0.01464844
-0.01800537
-0.01892090
-0.01770020
-0.01495361
-0.01098633
-0.00640869
-0.00183105
 0.00244141
 0.00640869
 0.00946045
 0.01159668
 0.01220703
 0.01220703
 0.01129150
 0.01007080
 0.00793457
 0.00488281
 0.00183105
-0.00091553
-0.00244141
-0.00183105
 0.00061035
 0.00427246
 0.00793457
 0.01129150
 0.01342773
 0.01464844
 0.01495361
 0.01373291
 0.01037598
 0.00579834
 0.00122070
-0.00305176
-0.00579834
-0.00732422
-0.00732422
-0.00579834
-0.00366211
-0.00061035
 0.00213623
 0.00488281
 0.00762939
 0.01007080
 0.01190186
 0.01159668
 0.00915527
 0.00549316
 0.00091553
-0.00396729
-0.00854492
-0.01251221
-0.01434326
-0.01403809
-0.01190186
-0.00885010
-0.00518799
-0.00122070
 0.00244141
 0.00549316
 0.00701904
 0.00701904
 0.00579834
 0.00396729
 0.00091553
-0.00274658
-0.00579834
-0.00793457
-0.00885010
-0.00732422
-0.00396729
 0.00000000
 0.00396729
 0.00793457
 0.01220703
 0.01525879
 0.01739502
 0.01831055
 0.01708984
 0.01403809
 0.00976563
 0.00518799
 0.00030518
-0.00366211
-0.00610352
-0.00762939
-0.00762939
-0.00610352
-0.00305176
 0.00091553
 0.00457764
 0.00762939
 0.00885010
 0.00793457
 0.00549316
 0.00244141
-0.00091553
-0.00396729
-0.00701904
-0.01007080
-0.01190186
-0.01342773
-0.01373291
-0.01373291
-0.01281738
-0.01129150
-0.00854492
-0.00549316
-0.00274658
-0.00030518
 0.00030518
-0.00122070
-0.00427246
-0.00793457
-0.01190186
-0.01495361
-0.01647949
-0.01739502
-0.01708984
-0.01525879
-0.01251221
-0.00915527
-0.00549316
-0.00244141
-0.00030518
 0.00061035
 0.00061035
 0.00030518
 0.00000000
-0.00030518
-0.00122070
-0.00335693
-0.00518799
-0.00671387
-0.00732422
-0.00640869
-0.00335693
 0.00061035
 0.00518799
 0.01007080
 0.01373291
 0.01556396
 0.01556396
 0.01495361
 0.01434326
 0.01251221
 0.01007080
 0.00701904
 0.00396729
 0.00122070
-0.00091553
-0.00244141
-0.00183105
 0.00030518
 0.00335693
 0.00671387
 0.00946045
 0.01068115
 0.01098633
 0.01068115
 0.00885010
 0.00640869
 0.00335693
 0.00091553
-0.00152588
-0.00366211
-0.00488281
-0.00579834
-0.00579834
-0.00518799
-0.00335693
-0.00030518
 0.00335693
 0.00671387
 0.00976563
 0.01159668
 0.01220703
 0.01129150
 0.00885010
 0.00488281
 0.00030518
-0.00396729
-0.00732422
-0.00885010
-0.00854492
-0.00671387
-0.00335693
 0.00091553
 0.00518799
 0.00915527
 0.01159668
 0.01312256
 0.01342773
 0.01281738
 0.01251221
 0.01251221
 0.01159668
 0.01037598
 0.00885010
 0.00762939
 0.00671387
 0.00610352
 0.00671387
 0.00854492
 0.01190186
 0.01586914
 0.01983643
 0.02288818
 0.02319336
 0.02075195
 0.01678467
 0.01251221
 0.00762939
 0.00274658
-0.00213623
-0.00579834
-0.00854492
-0.00946045
-0.00885010
-0.00671387
-0.00457764
-0.00244141
-0.00091553
 0.00030518
 0.00061035
 0.00000000
-0.00122070
-0.00305176
-0.00518799
-0.00732422
-0.00915527
-0.01068115
-0.01281738
-0.01403809
-0.01464844
-0.01373291
-0.01159668
-0.00854492
-0.00488281
-0.00122070
 0.00213623
 0.00335693
 0.00244141
 0.00000000
-0.00335693
-0.00732422
-0.01068115
-0.01312256
-0.01464844
-0.01525879
-0.01434326
-0.01251221
-0.01007080
-0.00793457
-0.00579834
-0.00457764
-0.00335693
-0.00244141
-0.00274658
-0.00274658
-0.00305176
-0.00366211
-0.00610352
-0.00946045
-0.01281738
-0.01495361
-0.01556396
-0.01403809
-0.01129150
-0.00762939
-0.00305176
 0.00061035
 0.00335693
 0.00457764
 0.00427246
 0.00305176
 0.00122070
-0.00091553
-0.00305176
-0.00457764
-0.00488281
-0.00549316
-0.00579834
-0.00518799
-0.00366211
-0.00122070
 0.00183105
 0.00488281
 0.00793457
 0.01068115
 0.01281738
 0.01464844
 0.01556396
 0.01525879
 0.01403809
 0.01159668
 0.00885010
 0.00701904
 0.00671387
 0.00732422
 0.00854492
 0.01007080
 0.01190186
 0.01312256
 0.01342773
 0.01281738
 0.01159668
 0.01098633
 0.01007080
 0.00885010
 0.00732422
 0.00518799
 0.00274658
-0.00061035
-0.00396729
-0.00610352
-0.00701904
-0.00762939
-0.00671387
-0.00518799
-0.00366211
-0.00152588
 0.00061035
 0.00335693
 0.00518799
 0.00610352
 0.00610352
 0.00579834
 0.00549316
 0.00457764
 0.00457764
 0.00488281
 0.00518799
 0.00518799
 0.00549316
 0.00579834
 0.00671387
 0.00671387
 0.00671387
 0.00640869
 0.00610352
 0.00579834
 0.00488281
 0.00335693
 0.00183105
 0.00030518
-0.00183105
-0.00396729
-0.00610352
-0.00823975
-0.00976563
-0.01098633
-0.01190186
-0.01220703
-0.01190186
-0.01129150
-0.01007080
-0.00915527
-0.00946045
-0.01129150
-0.01281738
-0.01403809
-0.01464844
-0.01556396
-0.01647949
-0.01708984
-0.01739502
-0.01708984
-0.01678467
-0.01586914
-0.01495361
-0.01403809
-0.01281738
-0.01098633
-0.00854492
-0.00610352
-0.00427246
-0.00335693
-0.00366211
-0.00457764
-0.00610352
-0.00793457
-0.00976563
-0.01098633
-0.01037598
-0.00854492
-0.00549316
-0.00183105
 0.00091553
 0.00274658
 0.00335693
 0.00305176
 0.00244141
 0.00183105
 0.00122070
 0.00061035
-0.00061035
-0.00183105
-0.00335693
-0.00549316
-0.00732422
-0.00915527
-0.01037598
-0.01007080
-0.00854492
-0.00671387
-0.00488281
-0.00305176
-0.00152588
-0.00122070
-0.00183105
-0.00396729
-0.00732422
-0.01098633
-0.01434326
-0.01586914
-0.01525879
-0.01342773
-0.01068115
-0.00732422
-0.00427246
-0.00152588
 0.00152588
 0.00427246
 0.00640869
 0.00793457
 0.01007080
 0.01190186
 0.01220703
 0.01190186
 0.01068115
 0.00976563
 0.00823975
 0.00793457
 0.00762939
 0.00854492
 0.00946045
 0.01098633
 0.01312256
 0.01556396
 0.01739502
 0.01800537
 0.01770020
 0.01617432
 0.01373291
 0.01098633
 0.00732422
 0.00335693
 0.00000000
-0.00213623
-0.00305176
-0.00274658
-0.00183105
 0.00000000
 0.00274658
 0.00579834
 0.00793457
 0.00946045
 0.00915527
 0.00885010
 0.00793457
 0.00671387
 0.00518799
 0.00305176
 0.00091553
-0.00091553
-0.00183105
-0.00274658
-0.00305176
-0.00213623
-0.00061035
 0.00183105
 0.00457764
 0.00732422
 0.00854492
 0.00946045
 0.00885010
 0.00732422
 0.00518799
 0.00335693
 0.00152588
-0.00030518
-0.00183105
-0.00213623
-0.00091553
 0.00091553
 0.00274658
 0.00518799
 0.00793457
 0.01068115
 0.01251221
 0.01373291
 0.01373291
 0.01281738
 0.01159668
 0.00976563
 0.00732422
 0.00488281
 0.00274658
 0.00122070
 0.00030518
 0.00000000
 0.00061035
 0.00183105
 0.00305176
 0.00457764
 0.00610352
 0.00701904
 0.00701904
 0.00640869
 0.00518799
 0.00305176
-0.00061035
-0.00457764
-0.00762939
-0.00976563
-0.01068115
-0.01007080
-0.00885010
-0.00671387
-0.00396729
-0.00152588
 0.00030518
 0.00152588
 0.00244141
 0.00305176
 0.00274658
 0.00244141
 0.00152588
-0.00061035
-0.00274658
-0.00518799
-0.00732422
-0.00885010
-0.00946045
-0.00915527
-0.00793457
-0.00610352
-0.00427246
-0.00244141
-0.00122070
 0.00000000
 0.00030518
-0.00030518
-0.00152588
-0.00305176
-0.00549316
-0.00732422
-0.00885010
-0.00915527
-0.00915527
-0.00823975
-0.00671387
-0.00457764
-0.00183105
 0.00122070
 0.00366211
 0.00579834
 0.00762939
 0.00823975
 0.00793457
 0.00640869
 0.00427246
 0.00183105
 0.00000000
-0.00183105
-0.00335693
-0.00335693
-0.00274658
-0.00152588
-0.00061035
 0.00000000
 0.00122070
 0.00244141
 0.00244141
 0.00213623
 0.00061035
-0.00183105
-0.00518799
-0.00762939
-0.00976563
-0.01098633
-0.01251221
-0.01342773
-0.01281738
-0.01190186
-0.00976563
-0.00701904
-0.00488281
-0.00244141
 0.00000000
 0.00091553
 0.00061035
 0.00000000
-0.00061035
-0.00183105
-0.00396729
-0.00579834
-0.00732422
-0.00732422
-0.00701904
-0.00579834
-0.00457764
-0.00244141
-0.00030518
 0.00244141
 0.00457764
 0.00549316
 0.00518799
 0.00427246
 0.00305176
 0.00152588
-0.00030518
-0.00213623
-0.00335693
-0.00427246
-0.00518799
-0.00488281
-0.00366211
-0.00152588
 0.00152588
 0.00549316
 0.00946045
 0.01220703
 0.01342773
 0.01373291
 0.01342773
 0.01190186
 0.01007080
 0.00762939
 0.00579834
 0.00488281
 0.00488281
 0.00518799
 0.00579834
 0.00610352
 0.00671387
 0.00793457
 0.00976563
 0.01068115
 0.01159668
 0.01159668
 0.01068115
 0.00946045
 0.00762939
 0.00518799
 0.00183105
-0.00122070
-0.00427246
-0.00640869
-0.00701904
-0.00640869
-0.00396729
-0.00122070
 0.00122070
 0.00183105
 0.00183105
 0.00122070
-0.00030518
-0.00244141
-0.00549316
-0.00854492
-0.01129150
-0.01403809
-0.01617432
-0.01770020
-0.01861572
-0.01922607
-0.01892090
-0.01770020
-0.01556396
-0.01403809
-0.01220703
-0.01007080
-0.00823975
-0.00762939
-0.00823975
-0.00946045
-0.01068115
-0.01220703
-0.01281738
-0.01342773
-0.01342773
-0.01190186
-0.00915527
-0.00549316
-0.00152588
 0.00244141
 0.00579834
 0.00915527
 0.01159668
 0.01220703
 0.01190186
 0.01129150
 0.01037598
 0.00915527
 0.00823975
 0.00732422
 0.00640869
 0.00549316
 0.00457764
 0.00396729
 0.00427246
 0.00518799
 0.00671387
 0.00762939
 0.00762939
 0.00701904
 0.00579834
 0.00335693
 0.00000000
-0.00366211
-0.00701904
-0.01007080
-0.01281738
-0.01464844
-0.01556396
-0.01525879
-0.01403809
-0.01251221
-0.01007080
-0.00762939
-0.00549316
-0.00396729
-0.00305176
-0.00244141
-0.00366211
-0.00610352
-0.00885010
-0.01129150
-0.01373291
-0.01556396
-0.01647949
-0.01617432
-0.01434326
-0.01159668
-0.00854492
-0.00488281
-0.00152588
 0.00122070
 0.00244141
 0.00335693
 0.00396729
 0.00396729
 0.00274658
 0.00122070
-0.00122070
-0.00335693
-0.00457764
-0.00457764
-0.00366211
-0.00152588
 0.00122070
 0.00366211
 0.00671387
 0.00915527
 0.01159668
 0.01281738
 0.01251221
 0.01098633
 0.00854492
 0.00579834
 0.00305176
 0.00091553
-0.00091553
-0.00244141
-0.00366211
-0.00366211
-0.00244141
-0.00061035
 0.00183105
 0.00427246
 0.00610352
 0.00701904
 0.00671387
 0.00579834
 0.00457764
 0.00274658
 0.00061035
-0.00183105
-0.00396729
-0.00457764
-0.00457764
-0.00366211
-0.00213623
 0.00030518
 0.00366211
 0.00701904
 0.00946045
 0.01190186
 0.01312256
 0.01312256
 0.01159668
 0.01007080
 0.00823975
 0.00579834
 0.00305176
 0.00061035
-0.00061035
-0.00122070
-0.00061035
 0.00091553
 0.00335693
 0.00579834
 0.00793457
 0.00946045
 0.01007080
 0.01007080
 0.00946045
 0.00793457
 0.00610352
 0.00335693
 0.00030518
-0.00152588
-0.00305176
-0.00427246
-0.00396729
-0.00183105
 0.00091553
 0.00427246
 0.00732422
 0.00976563
 0.01159668
 0.01190186
 0.01159668
 0.00976563
 0.00762939
 0.00488281
 0.00213623
-0.00030518
-0.00305176
-0.00457764
-0.00518799
-0.00518799
-0.00396729
-0.00213623
 0.00000000
 0.00152588
 0.00274658
 0.00335693
 0.00335693
 0.00244141
 0.00091553
-0.00152588
-0.00427246
-0.00732422
-0.00885010
-0.00976563
-0.00946045
-0.00915527
-0.00793457
-0.00610352
-0.00366211
-0.00152588
 0.00000000
 0.00122070
 0.00152588
 0.00213623
 0.00122070
-0.00061035
-0.00366211
-0.00701904
-0.01007080
-0.01220703
-0.01342773
-0.01373291
-0.01312256
-0.01129150
-0.00885010
-0.00640869
-0.00396729
-0.00244141
-0.00122070
-0.00122070
-0.00183105
-0.00274658
-0.00488281
-0.00701904
-0.00915527
-0.01068115
-0.01159668
-0.01190186
-0.01159668
-0.00976563
-0.00701904
-0.00396729
-0.00061035
 0.00274658
 0.00579834
 0.00793457
 0.00885010
 0.00854492
 0.00762939
 0.00579834
 0.00335693
 0.00091553
-0.00122070
-0.00274658
-0.00366211
-0.00305176
-0.00152588
 0.00091553
 0.00335693
 0.00549316
 0.00762939
 0.00915527
 0.00976563
 0.00976563
 0.00885010
 0.00732422
 0.00518799
 0.00274658
 0.00030518
-0.00213623
-0.00305176
-0.00335693
-0.00305176
-0.00213623
 0.00030518
 0.00335693
 0.00640869
 0.00885010
 0.01037598
 0.01129150
 0.01129150
 0.01007080
 0.00762939
 0.00427246
 0.00091553
-0.00152588
-0.00305176
-0.00396729
-0.00366211
-0.00183105
 0.00030518
 0.00244141
 0.00518799
 0.00762939
 0.01007080
 0.01159668
 0.01220703
 0.01159668
 0.01037598
 0.00823975
 0.00610352
 0.00335693
 0.00122070
-0.00061035
-0.00183105
-0.00152588
 0.00030518
 0.00274658
 0.00579834
 0.00823975
 0.01007080
 0.01098633
 0.01098633
 0.00976563
 0.00823975
 0.00549316
 0.00183105
-0.00244141
-0.00610352
-0.00915527
-0.01098633
-0.01220703
-0.01220703
-0.01159668
-0.01007080
-0.00854492
-0.00732422
-0.00579834
-0.00518799
-0.00579834
-0.00732422
-0.00976563
-0.01220703
-0.01464844
-0.01678467
-0.01892090
-0.02044678
-0.02105713
-0.02014160
-0.01831055
-0.01617432
-0.01342773
-0.01007080
-0.00671387
-0.00366211
-0.00183105
-0.00122070
-0.00122070
-0.00274658
-0.00488281
-0.00671387
-0.00854492
-0.00976563
-0.00946045
-0.00854492
-0.00671387
-0.00457764
-0.00213623
 0.00000000
 0.00183105
 0.00305176
 0.00427246
 0.00488281
 0.00457764
 0.00274658
-0.00030518
-0.00305176
-0.00549316
-0.00762939
-0.00976563
-0.01068115
-0.01037598
-0.01007080
-0.00915527
-0.00732422
-0.00579834
-0.00427246
-0.00305176
-0.00213623
-0.00244141
-0.00335693
-0.00549316
-0.00854492
-0.01129150
-0.01312256
-0.01495361
-0.01586914
-0.01617432
-0.01556396
-0.01403809
-0.01159668
-0.00915527
-0.00701904
-0.00518799
-0.00366211
-0.00274658
-0.00213623
-0.00183105
-0.00244141
-0.00366211
-0.00518799
-0.00610352
-0.00640869
-0.00610352
-0.00488281
-0.00274658
-0.00030518
 0.00274658
 0.00640869
 0.00946045
 0.01159668
 0.01220703
 0.01251221
 0.01190186
 0.01037598
 0.00854492
 0.00701904
 0.00579834
 0.00457764
 0.00305176
 0.00274658
 0.00335693
 0.00518799
 0.00732422
 0.00976563
 0.01220703
 0.01403809
 0.01495361
 0.01464844
 0.01312256
 0.01129150
 0.00915527
 0.00671387
 0.00457764
 0.00274658
 0.00183105
 0.00213623
 0.00244141
 0.00305176
 0.00427246
 0.00671387
 0.00885010
 0.01098633
 0.01251221
 0.01312256
 0.01281738
 0.01159668
 0.00915527
 0.00640869
 0.00335693
 0.00091553
-0.00122070
-0.00183105
-0.00091553
 0.00000000
 0.00122070
 0.00274658
 0.00488281
 0.00671387
 0.00823975
 0.00823975
 0.00732422
 0.00610352
 0.00457764
 0.00335693
 0.00152588
-0.00030518
-0.00183105
-0.00274658
-0.00274658
-0.00244141
-0.00183105
 0.00000000
 0.00183105
 0.00396729
 0.00518799
 0.00579834
 0.00579834
 0.00488281
 0.00335693
 0.00122070
-0.00061035
-0.00213623
-0.00366211
-0.00488281
-0.00549316
-0.00488281
-0.00427246
-0.00305176
-0.00152588
 0.00030518
 0.00122070
 0.00152588
 0.00122070
-0.00030518
-0.00183105
-0.00335693
-0.00427246
-0.00579834
-0.00732422
-0.00885010
-0.00915527
-0.00885010
-0.00823975
-0.00732422
-0.00579834
-0.00427246
-0.00274658
-0.00213623
-0.00183105
-0.00183105
-0.00244141
-0.00396729
-0.00549316
-0.00640869
-0.00640869
-0.00701904
-0.00793457
-0.00793457
-0.00671387
-0.00579834
-0.00488281
-0.00396729
-0.00244141
-0.00152588
-0.00061035
 0.00000000
 0.00000000
-0.00030518
-0.00091553
-0.00183105
-0.00274658
-0.00274658
-0.00244141
-0.00213623
-0.00091553
 0.00061035
 0.00213623
 0.00335693
 0.00396729
 0.00457764
 0.00518799
 0.00610352
 0.00640869
 0.00610352
 0.00549316
 0.00518799
 0.00488281
 0.00396729
 0.00335693
 0.00305176
 0.00396729
 0.00518799
 0.00610352
 0.00640869
 0.00701904
 0.00793457
 0.00885010
 0.00885010
 0.00793457
 0.00701904
 0.00610352
 0.00488281
 0.00396729
 0.00305176
 0.00274658
 0.00183105
 0.00152588
 0.00152588
 0.00213623
 0.00274658
 0.00305176
 0.00335693
 0.00396729
 0.00427246
 0.00427246
 0.00427246
 0.00396729
 0.00396729
 0.00305176
 0.00152588
 0.00000000
-0.00152588
-0.00274658
-0.00427246
-0.00488281
-0.00488281
-0.00488281
-0.00427246
-0.00335693
-0.00244141
-0.00152588
-0.00091553
-0.00122070
-0.00213623
-0.00274658
-0.00366211
-0.00427246
-0.00488281
-0.00518799
-0.00549316
-0.00579834
-0.00579834
-0.00549316
-0.00518799
-0.00427246
-0.00335693
-0.00244141
-0.00152588
-0.00030518
 0.00030518
 0.00030518
-0.00030518
-0.00091553
-0.00183105
-0.00274658
-0.00335693
-0.00366211
-0.00366211
-0.00396729
-0.00457764
-0.00549316
-0.00579834
-0.00579834
-0.00518799
-0.00457764
-0.00427246
-0.00457764
-0.00549316
-0.00610352
-0.00701904
-0.00793457
-0.00854492
-0.00885010
-0.00946045
-0.01007080
-0.01007080
-0.01037598
-0.01037598
-0.00976563
-0.00885010
-0.00823975
-0.00732422
-0.00671387
-0.00549316
-0.00457764
-0.00427246
-0.00457764
-0.00488281
-0.00579834
-0.00701904
-0.00793457
-0.00854492
-0.00823975
-0.00762939
-0.00671387
-0.00549316
-0.00396729
-0.00274658
-0.00213623
-0.00213623
-0.00183105
-0.00152588
-0.00122070
-0.00152588
-0.00213623
-0.00274658
-0.00305176
-0.00396729
-0.00457764
-0.00427246
-0.00335693
-0.00244141
-0.00152588
-0.00061035
 0.00061035
 0.00152588
 0.00183105
 0.00183105
 0.00122070
 0.00000000
-0.00122070
-0.00244141
-0.00305176
-0.00366211
-0.00396729
-0.00366211
-0.00366211
-0.00335693
-0.00244141
-0.00091553
 0.00030518
 0.00152588
 0.00244141
 0.00244141
 0.00213623
 0.00213623
 0.00183105
 0.00091553
-0.00030518
-0.00091553
-0.00122070
-0.00091553
-0.00061035
 0.00000000
 0.00091553
 0.00274658
 0.00457764
 0.00610352
 0.00732422
 0.00854492
 0.00885010
 0.00854492
 0.00823975
 0.00762939
 0.00640869
 0.00488281
 0.00335693
 0.00244141
 0.00213623
 0.00274658
 0.00305176
 0.00366211
 0.00457764
 0.00610352
 0.00762939
 0.00854492
 0.00854492
 0.00793457
 0.00671387
 0.00518799
 0.00366211
 0.00244141
 0.00122070
 0.00030518
-0.00091553
-0.00091553
-0.00061035
 0.00030518
 0.00122070
 0.00274658
 0.00457764
 0.00610352
 0.00732422
 0.00762939
 0.00732422
 0.00610352
 0.00427246
 0.00183105
 0.00000000
-0.00152588
-0.00244141
-0.00335693
-0.00366211
-0.00335693
-0.00244141
-0.00122070
 0.00061035
 0.00213623
 0.00366211
 0.00488281
 0.00579834
 0.00518799
 0.00366211
 0.00213623
-0.00030518
-0.00213623
-0.00396729
-0.00488281
-0.00457764
-0.00396729
-0.00335693
-0.00274658
-0.00091553
 0.00122070
 0.00274658
 0.00335693
 0.00366211
 0.00366211
 0.00335693
 0.00213623
 0.00061035
-0.00122070
-0.00335693
-0.00549316
-0.00671387
-0.00732422
-0.00671387
-0.00488281
-0.00305176
-0.00091553
 0.00122070
 0.00244141
 0.00366211
 0.00305176
 0.00183105
 0.00030518
-0.00152588
-0.00335693
-0.00457764
-0.00549316
-0.00579834
-0.00518799
-0.00427246
-0.00335693
-0.00244141
-0.00091553
 0.00122070
 0.00335693
 0.00457764
 0.00549316
 0.00518799
 0.00396729
 0.00244141
 0.00030518
-0.00213623
-0.00396729
-0.00518799
-0.00579834
-0.00488281
-0.00335693
-0.00183105
 0.00000000
 0.00152588
 0.00274658
 0.00366211
 0.00335693
 0.00335693
 0.00305176
 0.00244141
 0.00122070
 0.00000000
-0.00091553
-0.00183105
-0.00213623
-0.00122070
 0.00030518
 0.00213623
 0.00396729
 0.00488281
 0.00579834
 0.00701904
 0.00793457
 0.00793457
 0.00701904
 0.00549316
 0.00396729
 0.00274658
 0.00152588
 0.00061035
 0.00030518
 0.00061035
 0.00122070
 0.00183105
 0.00305176
 0.00396729
 0.00457764
 0.00518799
 0.00549316
 0.00549316
 0.00488281
 0.00427246
 0.00305176
 0.00183105
 0.00030518
-0.00061035
-0.00091553
-0.00030518
 0.00061035
 0.00152588
 0.00213623
 0.00274658
 0.00366211
 0.00427246
 0.00457764
 0.00457764
 0.00427246
 0.00335693
 0.00183105
 0.00030518
-0.00213623
-0.00396729
-0.00488281
-0.00549316
-0.00549316
-0.00488281
-0.00366211
-0.00305176
-0.00305176
-0.00274658
-0.00244141
-0.00244141
-0.00274658
-0.00366211
-0.00396729
-0.00457764
-0.00518799
-0.00549316
-0.00671387
-0.00762939
-0.00793457
-0.00732422
-0.00640869
-0.00549316
-0.00488281
-0.00396729
-0.00335693
-0.00274658
-0.00213623
-0.00213623
-0.00305176
-0.00427246
-0.00488281
-0.00549316
-0.00579834
-0.00579834
-0.00549316
-0.00518799
-0.00488281
-0.00518799
-0.00488281
-0.00396729
-0.00305176
-0.00244141
-0.00183105
-0.00122070
-0.00091553
-0.00091553
-0.00122070
-0.00213623
-0.00244141
-0.00305176
-0.00305176
-0.00274658
-0.00183105
-0.00152588
-0.00091553
-0.00061035
-0.00061035
 0.00000000
 0.00061035
 0.00061035
 0.00091553
 0.00061035
 0.00030518
 0.00000000
-0.00061035
-0.00183105
-0.00305176
-0.00457764
-0.00518799
-0.00549316
-0.00549316
-0.00488281
-0.00396729
-0.00305176
-0.00213623
-0.00152588
-0.00122070
-0.00122070
-0.00091553
-0.00122070
-0.00122070
-0.00122070
-0.00152588
-0.00152588
-0.00183105
-0.00213623
-0.00183105
-0.00152588
-0.00122070
-0.00091553
-0.00061035
 0.00000000
 0.00091553
 0.00183105
 0.00213623
 0.00152588
 0.00122070
 0.00061035
-0.00030518
-0.00091553
-0.00152588
-0.00213623
-0.00274658
-0.00335693
-0.00366211
-0.00366211
-0.00335693
-0.00305176
-0.00274658
-0.00244141
-0.00183105
-0.00122070
-0.00122070
-0.00213623
-0.00305176
-0.00335693
-0.00396729
-0.00427246
-0.00396729
-0.00335693
-0.00274658
-0.00213623
-0.00183105
-0.00183105
-0.00152588
-0.00091553
-0.00091553
-0.00091553
-0.00061035
-0.00030518
-0.00091553
-0.00213623
-0.00274658
-0.00366211
-0.00457764
-0.00488281
-0.00488281
-0.00427246
-0.00366211
-0.00305176
-0.00274658
-0.00213623
-0.00183105
-0.00122070
-0.00091553
-0.00122070
-0.00152588
-0.00152588
-0.00152588
-0.00122070
-0.00122070
-0.00152588
-0.00183105
-0.00183105
-0.00152588
-0.00122070
-0.00030518
 0.00122070
 0.00213623
 0.00244141
 0.00244141
 0.00213623
 0.00152588
 0.00152588
 0.00152588
 0.00122070
 0.00152588
 0.00152588
 0.00152588
 0.00213623
 0.00274658
 0.00335693
 0.00396729
 0.00488281
 0.00579834
 0.00671387
 0.00732422
 0.00732422
 0.00640869
 0.00610352
 0.00640869
 0.00610352
 0.00579834
 0.00579834
 0.00549316
 0.00610352
 0.00640869
 0.00640869
 0.00640869
 0.00671387
 0.00701904
 0.00762939
 0.00793457
 0.00854492
 0.00823975
 0.00793457
 0.00671387
 0.00518799
 0.00457764
 0.00396729
 0.00396729
 0.00335693
 0.00305176
 0.00335693
 0.00366211
 0.00396729
 0.00396729
 0.00366211
 0.00366211
 0.00396729
 0.00396729
 0.00396729
 0.00366211
 0.00305176
 0.00274658
 0.00274658
 0.00305176
 0.00244141
 0.00244141
 0.00274658
 0.00335693
 0.00457764
 0.00518799
 0.00518799
 0.00518799
 0.00549316
 0.00549316
 0.00488281
 0.00366211
 0.00244141
 0.00152588
 0.00091553
 0.00000000
-0.00061035
-0.00091553
-0.00152588
-0.00183105
-0.00152588
-0.00091553
-0.00030518
-0.00061035
-0.00061035
-0.00122070
-0.00213623
-0.00213623
-0.00274658
-0.00335693
-0.00396729
-0.00488281
-0.00518799
-0.00549316
-0.00549316
-0.00518799
-0.00457764
-0.00396729
-0.00335693
-0.00335693
-0.00305176
-0.00244141
-0.00244141
-0.00244141
-0.00305176
-0.00335693
-0.00396729
-0.00457764
-0.00488281
-0.00488281
-0.00457764
-0.00457764
-0.00427246
-0.00335693
-0.00274658
-0.00244141
-0.00244141
-0.00213623
-0.00152588
-0.00091553
-0.00061035
-0.00030518
 0.00000000
-0.00091553
-0.00152588
-0.00183105
-0.00183105
-0.00183105
-0.00183105
-0.00152588
-0.00122070
-0.00030518
 0.00000000
 0.00030518
 0.00030518
 0.00030518
 0.00000000
 0.00000000
-0.00091553
-0.00122070
-0.00122070
-0.00122070
-0.00152588
-0.00183105
-0.00244141
-0.00244141
-0.00213623
-0.00152588
-0.00122070
-0.00091553
-0.00061035
-0.00030518
 0.00030518
 0.00091553
 0.00091553
 0.00061035
 0.00030518
 0.00030518
 0.00061035
 0.00030518
 0.00030518
 0.00061035
 0.00091553
 0.00091553
 0.00091553
 0.00122070
 0.00213623
 0.00274658
 0.00305176
 0.00274658
 0.00183105
 0.00152588
 0.00183105
 0.00213623
 0.00183105
 0.00183105
 0.00152588
 0.00152588
 0.00152588
 0.00152588
 0.00183105
 0.00213623
 0.00213623
 0.00244141
 0.00305176
 0.00335693
 0.00274658
 0.00183105
 0.00152588
 0.00122070
 0.00122070
 0.00091553
 0.00091553
 0.00122070
 0.00122070
 0.00183105
 0.00213623
 0.00244141
 0.00183105
 0.00152588
 0.00122070
 0.00091553
 0.00030518
 0.00000000
 0.00000000
-0.00030518
-0.00061035
-0.00122070
-0.00183105
-0.00335693
-0.00396729
-0.00396729
-0.00366211
-0.00335693
-0.00335693
-0.00335693
-0.00366211
-0.00366211
-0.00427246
-0.00488281
-0.00518799
-0.00518799
-0.00488281
-0.00457764
-0.00457764
-0.00488281
-0.00549316
-0.00610352
-0.00671387
-0.00671387
-0.00640869
-0.00610352
-0.00610352
-0.00579834
-0.00549316
-0.00518799
-0.00457764
-0.00488281
-0.00518799
-0.00549316
-0.00579834
-0.00579834
-0.00640869
-0.00610352
-0.00579834
-0.00579834
-0.00610352
-0.00610352
-0.00610352
-0.00549316
-0.00488281
-0.00457764
-0.00457764
-0.00427246
-0.00366211
-0.00335693
-0.00335693
-0.00335693
-0.00305176
-0.00305176
-0.00335693
-0.00335693
-0.00305176
-0.00274658
-0.00213623
-0.00152588
-0.00122070
-0.00091553
-0.00030518
 0.00000000
 0.00061035
 0.00061035
 0.00030518
 0.00061035
 0.00061035
 0.00061035
 0.00030518
 0.00061035
 0.00061035
 0.00091553
 0.00122070
 0.00152588
 0.00122070
 0.00122070
 0.00183105
 0.00244141
 0.00274658
 0.00305176
 0.00335693
 0.00366211
 0.00366211
 0.00335693
 0.00305176
 0.00335693
 0.00335693
 0.00335693
 0.00366211
 0.00366211
 0.00396729
 0.00457764
 0.00518799
 0.00518799
 0.00457764
 0.00427246
 0.00457764
 0.00427246
 0.00457764
 0.00518799
 0.00518799
 0.00518799
 0.00457764
 0.00427246
 0.00427246
 0.00457764
 0.00457764
 0.00457764
 0.00488281
 0.00518799
 0.00579834
 0.00610352
 0.00640869
 0.00610352
 0.00579834
 0.00579834
 0.00610352
 0.00671387
 0.00732422
 0.00732422
 0.00732422
 0.00732422
 0.00701904
 0.00671387
 0.00640869
 0.00640869
 0.00579834
 0.00610352
 0.00671387
 0.00701904
 0.00701904
 0.00640869
 0.00610352
 0.00579834
 0.00579834
 0.00579834
 0.00579834
 0.00518799
 0.00427246
 0.00396729
 0.00396729
 0.00396729
 0.00366211
 0.00305176
 0.00244141
 0.00244141
 0.00213623
 0.00244141
 0.00244141
 0.00213623
 0.00152588
 0.00091553
 0.00030518
-0.00030518
-0.00091553
-0.00122070
-0.00152588
-0.00213623
-0.00213623
-0.00244141
-0.00244141
-0.00305176
-0.00305176
-0.00213623
-0.00152588
-0.00122070
-0.00152588
-0.00213623
-0.00335693
-0.00488281
-0.00549316
-0.00579834
-0.00579834
-0.00579834
-0.00579834
-0.00579834
-0.00579834
-0.00518799
-0.00427246
-0.00396729
-0.00366211
-0.00366211
-0.00366211
-0.00366211
-0.00366211
-0.00366211
-0.00457764
-0.00579834
-0.00640869
-0.00671387
-0.00671387
-0.00640869
-0.00549316
-0.00427246
-0.00335693
-0.00274658
-0.00244141
-0.00244141
-0.00305176
-0.00366211
-0.00366211
-0.00366211
-0.00366211
-0.00396729
-0.00518799
-0.00579834
-0.00579834
-0.00579834
-0.00549316
-0.00457764
-0.00335693
-0.00244141
-0.00183105
-0.00183105
-0.00152588
-0.00122070
-0.00091553
-0.00061035
-0.00091553
-0.00183105
-0.00183105
-0.00183105
-0.00183105
-0.00122070
-0.00091553
-0.00061035
 0.00000000
 0.00091553
 0.00213623
 0.00305176
 0.00335693
 0.00366211
 0.00366211
 0.00335693
 0.00335693
 0.00335693
 0.00305176
 0.00274658
 0.00274658
 0.00274658
 0.00274658
 0.00366211
 0.00396729
 0.00396729
 0.00457764
 0.00518799
 0.00610352
 0.00732422
 0.00732422
 0.00732422
 0.00732422
 0.00671387
 0.00610352
 0.00549316
 0.00579834
 0.00610352
 0.00579834
 0.00579834
 0.00640869
 0.00671387
 0.00701904
 0.00671387
 0.00671387
 0.00701904
 0.00701904
 0.00671387
 0.00640869
 0.00579834
 0.00518799
 0.00396729
 0.00335693
 0.00305176
 0.00213623
 0.00152588
 0.00122070
 0.00152588
 0.00213623
 0.00244141
 0.00183105
 0.00152588
 0.00091553
 0.00030518
 0.00000000
-0.00091553
-0.00122070
-0.00122070
-0.00122070
-0.00122070
-0.00122070
-0.00183105
-0.00183105
-0.00213623
-0.00183105
-0.00152588
-0.00152588
-0.00183105
-0.00183105
-0.00213623
-0.00244141
-0.00274658
-0.00335693
-0.00366211
-0.00396729
-0.00427246
-0.00396729
-0.00427246
-0.00457764
-0.00488281
-0.00488281
-0.00488281
-0.00457764
-0.00457764
-0.00457764
-0.00457764
-0.00457764
-0.00427246
-0.00396729
-0.00396729
-0.00396729
-0.00427246
-0.00427246
-0.00427246
-0.00427246
-0.00366211
-0.00335693
-0.00366211
-0.00396729
-0.00366211
-0.00335693
-0.00366211
-0.00427246
-0.00488281
-0.00518799
-0.00549316
-0.00579834
-0.00579834
-0.00549316
-0.00549316
-0.00518799
-0.00488281
-0.00427246
-0.00396729
-0.00396729
-0.00366211
-0.00335693
-0.00335693
-0.00366211
-0.00366211
-0.00366211
-0.00366211
-0.00335693
-0.00305176
-0.00274658
-0.00274658
-0.00213623
-0.00152588
-0.00122070
-0.00091553
-0.00091553
-0.00061035
 0.00000000
 0.00000000
-0.00030518
-0.00030518
-0.00030518
-0.00030518
 0.00000000
 0.00030518
 0.00091553
 0.00122070
 0.00183105
 0.00244141
 0.00274658
 0.00274658
 0.00274658
 0.00274658
 0.00274658
 0.00274658
 0.00274658
 0.00244141
 0.00274658
 0.00274658
 0.00305176
 0.00366211
 0.00427246
 0.00488281
 0.00488281
 0.00457764
 0.00427246
 0.00427246
 0.00457764
 0.00457764
 0.00457764
 0.00457764
 0.00427246
 0.00366211
 0.00335693
 0.00274658
 0.00305176
 0.00305176
 0.00305176
 0.00335693
 0.00335693
 0.00396729
 0.00396729
 0.00335693
 0.00274658
 0.00213623
 0.00213623
 0.00183105
 0.00183105
 0.00213623
 0.00213623
 0.00213623
 0.00213623
 0.00244141
 0.00274658
 0.00274658
 0.00274658
 0.00274658
 0.00305176
 0.00305176
 0.00274658
 0.00213623
 0.00213623
 0.00183105
 0.00152588
 0.00122070
 0.00122070
 0.00122070
 0.00152588
 0.00183105
 0.00152588
 0.00152588
 0.00152588
 0.00122070
 0.00122070
 0.00152588
 0.00152588
 0.00061035
-0.00030518
-0.00061035
 0.00000000
 0.00030518
 0.00061035
 0.00030518
 0.00030518
 0.00000000
 0.00030518
 0.00030518
 0.00061035
 0.00030518
 0.00000000
-0.00061035
-0.00091553
-0.00091553
-0.00091553
-0.00091553
-0.00091553
-0.00122070
-0.00122070
-0.00061035
-0.00030518
 0.00000000
 0.00030518
 0.00030518
 0.00061035
 0.00061035
 0.00030518
 0.00000000
 0.00000000
 0.00000000
 0.00000000
 0.00000000
-0.00061035
-0.00030518
 0.00061035
 0.00091553
 0.00122070
 0.00152588
 0.00122070
 0.00152588
 0.00244141
 0.00274658
 0.00244141
 0.00213623
 0.00183105
 0.00152588
 0.00183105
 0.00183105
 0.00213623
 0.00152588
 0.00122070
 0.00122070
 0.00152588
 0.00183105
 0.00213623
 0.00152588
 0.00091553
 0.00061035
 0.00061035
 0.00030518
 0.00000000
-0.00061035
-0.00091553
-0.00122070
-0.00122070
-0.00152588
-0.00213623
-0.00244141
-0.00213623
-0.00122070
-0.00061035
-0.00030518
-0.00030518
-0.00091553
-0.00152588
-0.00183105
-0.00183105
-0.00213623
-0.00244141
-0.00305176
-0.00274658
-0.00274658
-0.00213623
-0.00152588
-0.00152588
-0.00152588
-0.00152588
-0.00122070
-0.00152588
-0.00152588
-0.00122070
-0.00152588
-0.00183105
-0.00213623
-0.00274658
-0.00274658
-0.00244141
-0.00213623
-0.00213623
-0.00152588
-0.00091553
 0.00030518
 0.00091553
 0.00122070
 0.00122070
 0.00091553
 0.00122070
 0.00122070
 0.00091553
 0.00091553
 0.00061035
 0.00091553
 0.00091553
 0.00091553
 0.00091553
 0.00091553
 0.00122070
 0.00122070
 0.00152588
 0.00274658
 0.00366211
 0.00396729
 0.00335693
 0.00274658
 0.00213623
 0.00183105
 0.00122070
 0.00122070
 0.00122070
 0.00091553
 0.00122070
 0.00152588
 0.00122070
 0.00122070
 0.00122070
 0.00183105
 0.00244141
 0.00305176
 0.00305176
 0.00274658
 0.00274658
 0.00213623
 0.00122070
 0.00152588
 0.00152588
 0.00091553
 0.00061035
 0.00091553
 0.00152588
 0.00183105
 0.00183105
 0.00213623
 0.00213623
 0.00213623
 0.00183105
 0.00122070
 0.00091553
 0.00000000
-0.00091553
-0.00122070
-0.00152588
-0.00122070
-0.00091553
-0.00091553
-0.00091553
-0.00030518
 0.00000000
 0.00030518
 0.00091553
 0.00122070
 0.00122070
 0.00061035
 0.00000000
-0.00091553
-0.00152588
-0.00152588
-0.00183105
-0.00244141
-0.00274658
-0.00244141
-0.00183105
-0.00122070
-0.00122070
-0.00122070
-0.00091553
-0.00091553
-0.00122070
-0.00061035
-0.00061035
-0.00091553
-0.00183105
-0.00274658
-0.00335693
-0.00335693
-0.00366211
-0.00366211
-0.00335693
-0.00305176
-0.00274658
-0.00213623
-0.00152588
-0.00122070
-0.00061035
-0.00030518
-0.00061035
-0.00122070
-0.00152588
-0.00152588
-0.00183105
-0.00244141
-0.00274658
-0.00305176
-0.00274658
-0.00213623
-0.00244141
-0.00244141
-0.00274658
-0.00274658
-0.00274658
-0.00244141
-0.00183105
-0.00183105
-0.00183105
-0.00213623
-0.00274658
-0.00305176
-0.00366211
-0.00366211
-0.00335693
-0.00335693
-0.00366211
-0.00366211
-0.00366211
-0.00335693
-0.00335693
-0.00274658
-0.00183105
-0.00152588
-0.00152588
-0.00152588
-0.00091553
-0.00091553
-0.00152588
-0.00213623
-0.00244141
-0.00274658
-0.00274658
-0.00274658
-0.00213623
-0.00152588
-0.00122070
-0.00091553
-0.00030518
 0.00030518
 0.00030518
 0.00030518
 0.00000000
-0.00030518
-0.00061035
-0.00061035
-0.00030518
 0.00000000
 0.00030518
 0.00091553
 0.00122070
 0.00122070
 0.00122070
 0.00152588
 0.00213623
 0.00244141
 0.00305176
 0.00335693
 0.00335693
 0.00335693
 0.00305176
 0.00274658
 0.00244141
 0.00244141
 0.00274658
 0.00335693
 0.00366211
 0.00366211
 0.00396729
 0.00427246
 0.00457764
 0.00457764
 0.00457764
 0.00427246
 0.00396729
 0.00396729
 0.00396729
 0.00366211
 0.00335693
 0.00335693
 0.00305176
 0.00305176
 0.00335693
 0.00335693
 0.00366211
 0.00396729
 0.00457764
 0.00457764
 0.00457764
 0.00488281
 0.00488281
 0.00427246
 0.00396729
 0.00396729
 0.00366211
 0.00335693
 0.00305176
 0.00244141
 0.00213623
 0.00244141
 0.00274658
 0.00274658
 0.00244141
 0.00213623
 0.00244141
 0.00305176
 0.00335693
 0.00305176
 0.00183105
 0.00122070
 0.00091553
 0.00091553
 0.00061035
 0.00061035
 0.00091553
 0.00122070
 0.00152588
 0.00152588
 0.00152588
 0.00183105
 0.00152588
 0.00122070
 0.00091553
 0.00091553
 0.00122070
 0.00091553
 0.00061035
 0.00000000
-0.00030518
-0.00061035
-0.00061035
-0.00061035
-0.00091553
-0.00061035
-0.00061035
-0.00061035
 0.00000000
 0.00000000
-0.00061035
-0.00091553
-0.00152588
-0.00213623
-0.00213623
-0.00183105
-0.00152588
-0.00183105
-0.00274658
-0.00305176
-0.00335693
-0.00305176
-0.00305176
-0.00274658
-0.00244141
-0.00213623
-0.00183105
-0.00122070
-0.00091553
-0.00152588
-0.00274658
-0.00366211
-0.00335693
-0.00305176
-0.00274658
-0.00274658
-0.00305176
-0.00335693
-0.00305176
-0.00305176
-0.00274658
-0.00274658
-0.00213623
-0.00122070
-0.00091553
-0.00091553
-0.00152588
-0.00183105
-0.00152588
-0.00183105
-0.00213623
-0.00274658
-0.00244141
-0.00213623
-0.00183105
-0.00213623
-0.00183105
-0.00122070
-0.00030518
-0.00030518
-0.00030518
 0.00000000
 0.00091553
 0.00091553
 0.00030518
-0.00030518
 0.00000000
 0.00030518
 0.00000000
-0.00061035
-0.00091553
-0.00122070
-0.00122070
-0.00091553
-0.00030518
 0.00000000
 0.00000000
 0.00061035
 0.00122070
 0.00122070
 0.00122070
 0.00061035
 0.00030518
 0.00000000
 0.00000000
 0.00000000
 0.00000000
 0.00000000
 0.00030518
 0.00061035
 0.00152588
 0.00183105
 0.00152588
 0.00152588
 0.00183105
 0.00244141
 0.00244141
 0.00213623
 0.00183105
 0.00183105
 0.00183105
 0.00152588
 0.00122070
 0.00122070
 0.00122070
 0.00152588
 0.00213623
 0.00213623
 0.00183105
 0.00152588
 0.00152588
 0.00213623
 0.00244141
 0.00305176
 0.00274658
 0.00213623
 0.00183105
 0.00213623
 0.00213623
 0.00213623
 0.00183105
 0.00122070
 0.00152588
 0.00183105
 0.00183105
 0.00152588
 0.00152588
 0.00213623
 0.00274658
 0.00244141
 0.00183105
 0.00122070
 0.00122070
 0.00122070
 0.00091553
 0.00030518
-0.00061035
-0.00091553
-0.00122070
-0.00122070
-0.00091553
-0.00061035
-0.00030518
-0.00030518
-0.00061035
-0.00061035
-0.00030518
 0.00000000
-0.00030518
-0.00030518
-0.00091553
-0.00213623
-0.00274658
-0.00335693
-0.00305176
-0.00244141
-0.00213623
-0.00244141
-0.00244141
-0.00213623
-0.00152588
-0.00091553
-0.00091553
-0.00091553
-0.00122070
-0.00122070
-0.00152588
-0.00244141
-0.00274658
-0.00335693
-0.00396729
-0.00396729
-0.00427246
-0.00396729
-0.00335693
-0.00274658
-0.00183105
-0.00152588
-0.00183105
-0.00213623
-0.00213623
-0.00244141
-0.00274658
-0.00305176
-0.00335693
-0.00335693
-0.00335693
-0.00366211
-0.00366211
-0.00366211
-0.00335693
-0.00274658
-0.00213623
-0.00122070
-0.00061035
-0.00091553
-0.00091553
-0.00091553
-0.00091553
-0.00122070
-0.00183105
-0.00244141
-0.00274658
-0.00244141
-0.00213623
-0.00183105
-0.00152588
-0.00091553
 0.00000000
 0.00091553
 0.00091553
 0.00122070
 0.00122070
 0.00122070
 0.00061035
 0.00030518
 0.00000000
 0.00000000
-0.00030518
-0.00061035
-0.00061035
 0.00000000
 0.00091553
 0.00213623
 0.00244141
 0.00274658
 0.00274658
 0.00244141
 0.00244141
 0.00213623
 0.00183105
 0.00152588
 0.00122070
 0.00091553
 0.00061035
 0.00061035
 0.00061035
 0.00061035
 0.00091553
 0.00152588
 0.00183105
 0.00213623
 0.00213623
 0.00213623
 0.00213623
 0.00274658
 0.00244141
 0.00183105
 0.00122070
 0.00061035
 0.00030518
 0.00000000
 0.00030518
 0.00091553
 0.00152588
 0.00152588
 0.00183105
 0.00213623
 0.00244141
 0.00244141
 0.00213623
 0.00183105
 0.00152588
 0.00183105
 0.00152588
 0.00122070
 0.00061035
 0.00000000
-0.00061035
-0.00030518
-0.00030518
-0.00030518
 0.00030518
 0.00091553
 0.00122070
 0.00122070
 0.00091553
 0.00061035
 0.00030518
 0.00000000
 0.00000000
 0.00000000
 0.00000000
-0.00030518
-0.00091553
-0.00091553
-0.00061035
-0.00091553
-0.00030518
-0.00030518
-0.00030518
 0.00000000
 0.00030518
 0.00061035
 0.00061035
 0.00061035
 0.00061035
 0.00030518
 0.00000000
-0.00030518
 0.00000000
-0.00030518
-0.00061035
-0.00061035
-0.00061035
-0.00061035
-0.00030518
-0.00030518
 0.00030518
 0.00122070
 0.00152588
 0.00122070
 0.00061035
 0.00030518
 0.00061035
 0.00122070
 0.00061035
-0.00030518
-0.00091553
-0.00061035
 0.00000000
 0.00030518
 0.00030518
 0.00030518
 0.00061035
 0.00091553
 0.00122070
 0.00122070
 0.00091553
 0.00091553
 0.00061035
 0.00061035
 0.00030518
-0.00030518
-0.00061035
-0.00091553
-0.00061035
-0.00030518
-0.00030518
 0.00030518
 0.00061035
 0.00091553
 0.00122070
 0.00152588
 0.00122070
 0.00122070
 0.00122070
 0.00091553
 0.00091553
 0.00091553
 0.00061035
 0.00030518
-0.00030518
-0.00030518
 0.00000000
 0.00030518
 0.00091553
 0.00183105
 0.00213623
 0.00213623
 0.00183105
 0.00213623
 0.00213623
 0.00213623
 0.00183105
 0.00152588
 0.00091553
 0.00030518
 0.00030518
 0.00061035
 0.00061035
 0.00061035
 0.00061035
 0.00061035
 0.00030518
 0.00061035
 0.00091553
 0.00091553
 0.00030518
 0.00030518
 0.00061035
 0.00061035
 0.00061035
 0.00000000
-0.00091553
-0.00152588
-0.00183105
-0.00183105
-0.00152588
-0.00091553
-0.00091553
-0.00061035
-0.00030518
-0.00030518
-0.00030518
-0.00030518
-0.00030518
-0.00061035
-0.00091553
-0.00152588
-0.00213623
-0.00244141
-0.00244141
-0.00274658
-0.00274658
-0.00213623
-0.00152588
-0.00152588
-0.00152588
-0.00122070
-0.00091553
-0.00091553
-0.00091553
-0.00183105
-0.00152588
-0.00122070
-0.00122070
-0.00213623
-0.00274658
-0.00305176
-0.00274658
-0.00213623
-0.00152588
-0.00091553
-0.00030518
 0.00030518
 0.00000000
-0.00061035
-0.00061035
-0.00030518
 0.00000000
-0.00030518
-0.00091553
-0.00122070
-0.00152588
-0.00152588
-0.00152588
-0.00122070
-0.00152588
-0.00122070
-0.00091553
 0.00000000
 0.00061035
 0.00091553
 0.00061035
 0.00030518
-0.00030518
-0.00030518
-0.00030518
-0.00061035
-0.00091553
-0.00122070
-0.00122070
-0.00122070
-0.00091553
-0.00030518
 0.00030518
 0.00061035
 0.00091553
 0.00091553
 0.00122070
 0.00183105
 0.00152588
 0.00061035
-0.00030518
-0.00061035
-0.00061035
-0.00061035
-0.00122070
-0.00152588
-0.00183105
-0.00152588
-0.00091553
-0.00030518
 0.00061035
 0.00061035
 0.00030518
 0.00030518
 0.00030518
 0.00000000
 0.00000000
-0.00030518
-0.00061035
-0.00091553
-0.00091553
-0.00061035
-0.00061035
-0.00061035
-0.00061035
-0.00061035
-0.00030518
 0.00030518
 0.00091553
 0.00122070
 0.00152588
 0.00152588
 0.00122070
 0.00061035
 0.00061035
 0.00000000
-0.00030518
-0.00091553
-0.00122070
-0.00122070
-0.00061035
-0.00030518
-0.00030518
-0.00030518
-0.00061035
-0.00061035
-0.00030518
 0.00000000
 0.00000000
 0.00000000
-0.00030518
-0.00091553
-0.00183105
-0.00183105
-0.00183105
-0.00152588
-0.00152588
-0.00183105
-0.00183105
-0.00122070
-0.00091553
-0.00122070
-0.00122070
-0.00122070
-0.00122070
-0.00091553
-0.00091553
-0.00061035
-0.00091553
-0.00183105
-0.00244141
-0.00274658
-0.00244141
-0.00244141
-0.00213623
-0.00183105
-0.00183105
-0.00152588
-0.00152588
-0.00152588
-0.00152588
-0.00122070
-0.00122070
-0.00152588
-0.00183105
-0.00183105
-0.00183105
-0.00152588
-0.00152588
-0.00152588
-0.00183105
-0.00122070
-0.00061035
-0.00030518
 0.00030518
 0.00091553
 0.00152588
 0.00091553
 0.00061035
 0.00061035
 0.00061035
 0.00061035
 0.00061035
 0.00030518
 0.00030518
 0.00030518
 0.00030518
 0.00061035
 0.00122070
 0.00122070
 0.00122070
 0.00152588
 0.00183105
 0.00183105
 0.00183105
 0.00213623
 0.00183105
 0.00122070
 0.00122070
 0.00152588
 0.00183105
 0.00152588
 0.00152588
 0.00183105
 0.00213623
 0.00274658
 0.00274658
 0.00335693
 0.00335693
 0.00366211
 0.00366211
 0.00366211
 0.00335693
 0.00305176
 0.00274658
 0.00244141
 0.00244141
 0.00213623
 0.00213623
 0.00183105
 0.00183105
 0.00213623
 0.00244141
 0.00274658
 0.00366211
 0.00396729
 0.00427246
 0.00396729
 0.00366211
 0.00366211
 0.00305176
 0.00244141
 0.00213623
 0.00213623
 0.00213623
 0.00244141
 0.00213623
 0.00213623
 0.00274658
 0.00305176
 0.00366211
 0.00427246
 0.00396729
 0.00396729
 0.00396729
 0.00335693
 0.00274658
 0.00244141
 0.00244141
 0.00183105
 0.00091553
 0.00061035
 0.00030518
 0.00061035
 0.00122070
 0.00152588
 0.00152588
 0.00122070
 0.00152588
 0.00183105
 0.00213623
 0.00152588
 0.00091553
 0.00000000
-0.00061035
-0.00091553
-0.00122070
-0.00122070
-0.00183105
-0.00152588
-0.00122070
-0.00061035
 0.00030518
 0.00061035
 0.00091553
 0.00061035
 0.00061035
 0.00030518
 0.00000000
-0.00061035
-0.00183105
-0.00244141
-0.00305176
-0.00335693
-0.00366211
-0.00396729
-0.00366211
-0.00305176
-0.00244141
-0.00213623
-0.00213623
-0.00244141
-0.00244141
-0.00244141
-0.00244141
-0.00274658
-0.00335693
-0.00427246
-0.00457764
-0.00488281
-0.00488281
-0.00488281
-0.00457764
-0.00427246
-0.00366211
-0.00335693
-0.00305176
-0.00244141
-0.00213623
-0.00213623
-0.00244141
-0.00305176
-0.00396729
-0.00457764
-0.00457764
-0.00457764
-0.00457764
-0.00457764
-0.00427246
-0.00396729
-0.00396729
-0.00366211
-0.00305176
-0.00274658
-0.00244141
-0.00183105
-0.00152588
-0.00183105
-0.00152588
-0.00183105
-0.00244141
-0.00244141
-0.00213623
-0.00213623
-0.00183105
-0.00122070
-0.00091553
-0.00030518
 0.00030518
 0.00061035
 0.00122070
 0.00122070
 0.00122070
 0.00152588
 0.00183105
 0.00152588
 0.00122070
 0.00061035
 0.00030518
 0.00061035
 0.00091553
 0.00061035
 0.00030518
 0.00030518
 0.00091553
 0.00152588
 0.00183105
 0.00183105
 0.00152588
 0.00122070
 0.00122070
 0.00183105
 0.00213623
 0.00213623
 0.00152588
 0.00152588
 0.00122070
 0.00091553
 0.00122070
 0.00152588
 0.00152588
 0.00183105
 0.00183105
 0.00183105
 0.00183105
 0.00183105
 0.00152588
 0.00152588
 0.00152588
 0.00152588
 0.00183105
 0.00152588
 0.00061035
 0.00000000
-0.00030518
-0.00030518
-0.00030518
 0.00000000
 0.00030518
 0.00000000
 0.00000000
 0.00030518
 0.00030518
 0.00030518
 0.00030518
 0.00061035
 0.00030518
-0.00030518
 0.00000000
 0.00000000
-0.00061035
-0.00091553
-0.00091553
-0.00061035
-0.00061035
-0.00091553
-0.00122070
-0.00091553
-0.00061035
-0.00091553
-0.00152588
-0.00152588
-0.00183105
-0.00213623
-0.00244141
-0.00274658
-0.00335693
-0.00335693
-0.00335693
-0.00305176
-0.00274658
-0.00274658
-0.00305176
-0.00305176
-0.00305176
-0.00305176
-0.00274658
-0.00244141
-0.00274658
-0.00274658
-0.00244141
-0.00213623
-0.00244141
-0.00305176
-0.00366211
-0.00396729
-0.00366211
-0.00305176
-0.00244141
-0.00183105
-0.00213623
-0.00244141
-0.00244141
-0.00183105
-0.00122070
-0.00122070
-0.00183105
-0.00213623
-0.00244141
-0.00244141
-0.00305176
-0.00305176
-0.00274658
-0.00213623
-0.00213623
-0.00183105
-0.00122070
-0.00122070
-0.00091553
-0.00061035
-0.00030518
 0.00000000
 0.00030518
 0.00061035
 0.00030518
 0.00000000
-0.00030518
-0.00061035
-0.00030518
 0.00000000
 0.00030518
 0.00061035
 0.00091553
 0.00122070
 0.00122070
 0.00152588
 0.00183105
 0.00213623
 0.00244141
 0.00213623
 0.00183105
 0.00183105
 0.00183105
 0.00152588
 0.00091553
 0.00091553
 0.00091553
 0.00152588
 0.00213623
 0.00274658
 0.00335693
 0.00366211
 0.00396729
 0.00427246
 0.00427246
 0.00366211
 0.00366211
 0.00366211
 0.00335693
 0.00244141
 0.00213623
 0.00305176
 0.00335693
 0.00335693
 0.00335693
 0.00366211
 0.00396729
 0.00427246
 0.00427246
 0.00396729
 0.00366211
 0.00366211
 0.00335693
 0.00244141
 0.00183105
 0.00152588
 0.00122070
 0.00122070
 0.00152588
 0.00183105
 0.00244141
 0.00244141
 0.00244141
 0.00274658
 0.00274658
 0.00274658
 0.00244141
 0.00183105
 0.00152588
 0.00122070
 0.00122070
 0.00091553
 0.00061035
 0.00000000
-0.00030518
 0.00000000
 0.00061035
 0.00061035
 0.00091553
 0.00091553
 0.00091553
 0.00061035
 0.00061035
 0.00030518
-0.00061035
-0.00061035
-0.00091553
-0.00122070
-0.00152588
-0.00183105
-0.00244141
-0.00244141
-0.00244141
-0.00213623
-0.00213623
-0.00152588
-0.00091553
-0.00061035
-0.00061035
-0.00091553
-0.00152588
-0.00183105
-0.00183105
-0.00213623
-0.00213623
-0.00244141
-0.00274658
-0.00274658
-0.00244141
-0.00183105
-0.00183105
-0.00183105
-0.00152588
-0.00061035
-0.00061035
-0.00091553
-0.00152588
-0.00213623
-0.00244141
-0.00274658
-0.00305176
-0.00335693
-0.00305176
-0.00305176
-0.00335693
-0.00305176
-0.00213623
-0.00152588
-0.00122070
-0.00152588
-0.00183105
-0.00183105
-0.00183105
-0.00152588
-0.00122070
-0.00152588
-0.00244141
-0.00244141
-0.00213623
-0.00183105
-0.00152588
-0.00183105
-0.00213623
-0.00183105
-0.00091553
 0.00000000
 0.00000000
 0.00030518
 0.00061035
 0.00030518
 0.00000000
-0.00030518
 0.00000000
-0.00061035
-0.00122070
-0.00091553
-0.00061035
-0.00030518
 0.00000000
 0.00000000
 0.00061035
 0.00122070
 0.00122070
 0.00152588
 0.00213623
 0.00244141
 0.00274658
 0.00274658
 0.00213623
 0.00183105
 0.00122070
 0.00091553
 0.00061035
 0.00091553
 0.00152588
 0.00213623
 0.00244141
 0.00244141
 0.00213623
 0.00244141
 0.00213623
 0.00244141
 0.00244141
 0.00213623
 0.00183105
 0.00152588
 0.00122070
 0.00122070
 0.00091553
 0.00061035
 0.00030518
 0.00030518
 0.00061035
 0.00061035
 0.00091553
 0.00152588
 0.00152588
 0.00152588
 0.00152588
 0.00122070
 0.00122070
 0.00091553
 0.00061035
 0.00030518
-0.00030518
-0.00091553
-0.00091553
-0.00091553
-0.00091553
-0.00091553
-0.00091553
-0.00091553
-0.00061035
 0.00000000
 0.00000000
-0.00030518
-0.00030518
-0.00122070
-0.00213623
-0.00244141
-0.00274658
-0.00305176
-0.00335693
-0.00366211
-0.00366211
-0.00335693
-0.00335693
-0.00305176
-0.00305176
-0.00305176
-0.00274658
-0.00305176
-0.00305176
-0.00274658
-0.00213623
-0.00244141
-0.00335693
-0.00427246
-0.00488281
-0.00518799
-0.00488281
-0.00396729
-0.00366211
-0.00366211
-0.00366211
-0.00335693
-0.00305176
-0.00305176
-0.00366211
-0.00366211
-0.00335693
-0.00335693
-0.00396729
-0.00457764
-0.00488281
-0.00518799
-0.00488281
-0.00518799
-0.00488281
-0.00396729
-0.00335693
-0.00305176
-0.00335693
-0.00244141
-0.00183105
-0.00183105
-0.00213623
-0.00274658
-0.00274658
-0.00244141
-0.00274658
-0.00305176
-0.00305176
-0.00335693
-0.00335693
-0.00305176
-0.00244141
-0.00183105
-0.00122070
-0.00061035
 0.00000000
-0.00030518
-0.00091553
-0.00122070
-0.00122070
-0.00061035
-0.00122070
-0.00183105
-0.00183105
-0.00152588
-0.00152588
-0.00122070
-0.00091553
-0.00030518
 0.00000000
 0.00061035
 0.00152588
 0.00183105
 0.00183105
 0.00183105
 0.00152588
 0.00122070
 0.00061035
 0.00061035
 0.00061035
 0.00061035
 0.00030518
 0.00061035
 0.00122070
 0.00183105
 0.00244141
 0.00305176
 0.00305176
 0.00335693
 0.00305176
 0.00305176
 0.00335693
 0.00335693
 0.00274658
 0.00152588
 0.00122070
 0.00122070
 0.00152588
 0.00152588
 0.00152588
 0.00213623
 0.00305176
 0.00396729
 0.00396729
 0.00396729
 0.00396729
 0.00427246
 0.00366211
 0.00335693
 0.00274658
 0.00244141
 0.00274658
 0.00274658
 0.00244141
 0.00213623
 0.00152588
 0.00152588
 0.00213623
 0.00244141
 0.00274658
 0.00274658
 0.00244141
 0.00274658
 0.00274658
 0.00244141
 0.00183105
 0.00122070
 0.00061035
 0.00000000
 0.00000000
 0.00000000
 0.00030518
 0.00030518
 0.00061035
 0.00030518
 0.00030518
 0.00030518
 0.00061035
 0.00091553
 0.00122070
 0.00091553
 0.00030518
 0.00030518
 0.00030518
-0.00030518
-0.00091553
-0.00091553
-0.00061035
 0.00000000
 0.00000000
 0.00000000
 0.00000000
 0.00000000
 0.00030518
 0.00000000
-0.00061035
-0.00091553
-0.00091553
-0.00061035
-0.00061035
-0.00061035
-0.00122070
-0.00122070
-0.00091553
-0.00061035
-0.00091553
-0.00030518
-0.00030518
-0.00061035
-0.00061035
-0.00030518
 0.00000000
 0.00000000
-0.00030518
-0.00091553
-0.00091553
-0.00091553
-0.00061035
-0.00091553
-0.00091553
-0.00061035
-0.00061035
-0.00091553
-0.00091553
-0.00091553
-0.00030518
-0.00030518
-0.00030518
 0.00000000
-0.00030518
-0.00061035
-0.00061035
-0.00061035
-0.00091553
-0.00091553
-0.00091553
-0.00061035
-0.00061035
-0.00030518
 0.00030518
 0.00030518
 0.00000000
 0.00000000
 0.00030518
 0.00061035
 0.00061035
 0.00030518
 0.00000000
 0.00000000
 0.00000000
-0.00030518
 0.00000000
-0.00061035
-0.00091553
-0.00061035
-0.00030518
 0.00000000
 0.00000000
 0.00061035
 0.00091553
 0.00122070
 0.00091553
 0.00061035
 0.00091553
 0.00091553
 0.00061035
 0.00030518
 0.00000000
-0.00030518
-0.00030518
 0.00000000
 0.00030518
 0.00030518
 0.00030518
 0.00061035
 0.00091553
 0.00091553
 0.00061035
 0.00000000
 0.00000000
 0.00000000
 0.00000000
-0.00030518
-0.00091553
-0.00061035
-0.00030518
-0.00030518
-0.00030518
-0.00030518
-0.00061035
-0.00061035
-0.00030518
 0.00000000
 0.00061035
 0.00030518
 0.00000000
-0.00061035
-0.00122070
-0.00152588
-0.00152588
-0.00183105
-0.00244141
-0.00244141
-0.00183105
-0.00122070
-0.00122070
-0.00091553
-0.00061035
-0.00030518
-0.00061035
-0.00091553
-0.00152588
-0.00152588
-0.00152588
-0.00213623
-0.00244141
-0.00244141
-0.00274658
-0.00244141
-0.00244141
-0.00213623
-0.00213623
-0.00213623
-0.00183105
-0.00213623
-0.00152588
-0.00122070
-0.00122070
-0.00152588
-0.00213623
-0.00244141
-0.00213623
-0.00244141
-0.00305176
-0.00305176
-0.00305176
-0.00274658
-0.00274658
-0.00274658
-0.00244141
-0.00244141
-0.00244141
-0.00244141
-0.00213623
-0.00183105
-0.00183105
-0.00213623
-0.00213623
-0.00213623
-0.00244141
-0.00244141
-0.00244141
-0.00274658
-0.00244141
-0.00244141
-0.00183105
-0.00152588
-0.00152588
-0.00152588
-0.00152588
-0.00152588
-0.00122070
-0.00122070
-0.00152588
-0.00152588
-0.00183105
-0.00213623
-0.00213623
-0.00183105
-0.00152588
-0.00152588
-0.00183105
-0.00152588
-0.00091553
-0.00061035
 0.00000000
 0.00030518
 0.00061035
 0.00030518
 0.00000000
-0.00030518
-0.00061035
-0.00061035
-0.00061035
-0.00091553
-0.00122070
-0.00091553
-0.00061035
-0.00030518
 0.00030518
 0.00091553
 0.00061035
 0.00061035
 0.00061035
 0.00061035
 0.00091553
 0.00061035
 0.00000000
-0.00061035
-0.00030518
 0.00000000
 0.00030518
 0.00000000
 0.00000000
-0.00061035
 0.00000000
 0.00061035
 0.00091553
 0.00122070
 0.00122070
 0.00122070
 0.00091553
 0.00061035
 0.00061035
 0.00030518
 0.00000000
 0.00000000
 0.00000000
 0.00000000
-0.00030518
-0.00030518
-0.00061035
 0.00000000
 0.00030518
 0.00091553
 0.00183105
 0.00152588
 0.00091553
 0.00122070
 0.00122070
 0.00091553
 0.00061035
 0.00030518
 0.00000000
 0.00000000
 0.00030518
 0.00000000
-0.00030518
-0.00030518
 0.00000000
 0.00061035
 0.00061035
 0.00091553
 0.00061035
 0.00122070
 0.00122070
 0.00061035
 0.00000000
 0.00030518
 0.00030518
 0.00000000
-0.00030518
-0.00091553
-0.00091553
-0.00091553
-0.00030518
 0.00030518
 0.00061035
 0.00061035
 0.00061035
 0.00122070
 0.00091553
 0.00091553
 0.00091553
 0.00091553
 0.00030518
 0.00030518
 0.00000000
-0.00030518
-0.00091553
-0.00091553
-0.00030518
 0.00030518
 0.00061035
 0.00030518
 0.00030518
 0.00061035
 0.00122070
 0.00152588
 0.00122070
 0.00091553
 0.00030518
 0.00061035
 0.00030518
 0.00000000
 0.00000000
 0.00000000
 0.00000000
 0.00030518
 0.00061035
 0.00091553
 0.00122070
 0.00152588
 0.00183105
 0.00183105
 0.00183105
 0.00122070
 0.00061035
 0.00030518
-0.00030518
-0.00030518
-0.00030518
-0.00030518
-0.00061035
-0.00091553
-0.00061035
 0.00000000
 0.00061035
 0.00091553
 0.00061035
 0.00061035
 0.00061035
 0.00091553
 0.00061035
 0.00000000
-0.00061035
-0.00030518
-0.00061035
-0.00091553
-0.00091553
-0.00122070
-0.00091553
-0.00061035
-0.00030518
-0.00030518
 0.00030518
 0.00061035
 0.00061035
 0.00061035
 0.00030518
-0.00030518
-0.00122070
-0.00183105
-0.00183105
-0.00183105
-0.00183105
-0.00183105
-0.00183105
-0.00152588
-0.00091553
-0.00030518
 0.00000000
 0.00000000
 0.00030518
 0.00000000
-0.00030518
-0.00061035
-0.00091553
-0.00122070
-0.00122070
-0.00122070
-0.00091553
-0.00091553
-0.00091553
-0.00122070
-0.00122070
-0.00091553
-0.00030518
 0.00000000
 0.00000000
 0.00030518
 0.00061035
 0.00061035
 0.00000000
-0.00030518
-0.00030518
-0.00061035
-0.00061035
-0.00091553
-0.00122070
-0.00091553
-0.00030518
 0.00000000
 0.00030518
 0.00061035
 0.00091553
 0.00091553
 0.00061035
 0.00061035
 0.00030518
-0.00030518
-0.00030518
-0.00030518
-0.00061035
-0.00030518
-0.00030518
-0.00061035
-0.00061035
-0.00061035
 0.00000000
 0.00061035
 0.00091553
 0.00091553
 0.00061035
 0.00030518
 0.00000000
 0.00000000
 0.00000000
 0.00000000
-0.00030518
-0.00061035
-0.00122070
-0.00183105
-0.00183105
-0.00122070
-0.00061035
-0.00030518
 0.00000000
 0.00030518
 0.00091553
 0.00091553
 0.00061035
 0.00030518
-0.00030518
-0.00122070
-0.00152588
-0.00152588
-0.00122070
-0.00122070
-0.00091553
-0.00091553
-0.00030518
 0.00030518
 0.00061035
 0.00061035
 0.00061035
 0.00030518
 0.00000000
-0.00030518
-0.00091553
-0.00122070
-0.00183105
-0.00213623
-0.00183105
-0.00183105
-0.00213623
-0.00213623
-0.00213623
-0.00152588
-0.00091553
-0.00030518
-0.00030518
-0.00061035
-0.00091553
-0.00091553
-0.00061035
-0.00122070
-0.00152588
-0.00183105
-0.00183105
-0.00213623
-0.00183105
-0.00152588
-0.00152588
-0.00122070
-0.00122070
-0.00091553
-0.00122070
-0.00091553
-0.00091553
-0.00091553
-0.00091553
-0.00122070
-0.00183105
-0.00213623
-0.00244141
-0.00244141
-0.00244141
-0.00213623
-0.00183105
-0.00183105
-0.00152588
-0.00122070
-0.00122070
-0.00122070
-0.00152588
-0.00183105
-0.00213623
-0.00213623
-0.00213623
-0.00183105
-0.00152588
-0.00152588
-0.00183105
-0.00183105
-0.00213623
-0.00213623
-0.00152588
-0.00122070
-0.00091553
-0.00091553
-0.00122070
-0.00183105
-0.00152588
-0.00122070
-0.00122070
-0.00152588
-0.00183105
-0.00183105
-0.00122070
-0.00091553
-0.00091553
-0.00091553
-0.00061035
-0.00061035
-0.00030518
 0.00000000
 0.00030518
 0.00061035
 0.00061035
 0.00030518
 0.00000000
-0.00030518
-0.00030518
-0.00030518
-0.00030518
-0.00030518
-0.00030518
-0.00030518
 0.00000000
 0.00061035
 0.00122070
 0.00122070
 0.00061035
 0.00061035
 0.00061035
 0.00091553
 0.00091553
 0.00091553
 0.00091553
 0.00091553
 0.00061035
 0.00000000
 0.00030518
 0.00091553
 0.00122070
 0.00091553
 0.00091553
 0.00122070
 0.00152588
 0.00122070
 0.00122070
 0.00122070
 0.00122070
 0.00122070
 0.00122070
 0.00122070
 0.00122070
 0.00091553
 0.00030518
 0.00061035
 0.00061035
 0.00061035
 0.00061035
 0.00091553
 0.00091553
 0.00152588
 0.00122070
 0.00122070
 0.00122070
 0.00122070
 0.00061035
 0.00030518
 0.00000000
 0.00030518
 0.00061035
 0.00061035
 0.00030518
 0.00000000
 0.00000000
 0.00030518
 0.00030518
 0.00000000
 0.00030518
 0.00061035
 0.00030518
 0.00030518
 0.00061035
 0.00061035
 0.00091553
 0.00091553
 0.00061035
-0.00030518
-0.00091553
-0.00061035
 0.00030518
 0.00030518
-0.00030518
 0.00000000
 0.00000000
 0.00000000
 0.00030518
 0.00030518
 0.00030518
 0.00061035
 0.00122070
 0.00091553
 0.00030518
-0.00030518
-0.00061035
-0.00091553
-0.00152588
-0.00091553
-0.00061035
-0.00091553
-0.00091553
 0.00000000
 0.00030518
 0.00000000
-0.00030518
 0.00030518
 0.00061035
 0.00061035
 0.00030518
 0.00000000
-0.00030518
-0.00061035
-0.00061035
-0.00061035
-0.00061035
-0.00030518
-0.00030518
-0.00030518
 0.00000000
 0.00030518
 0.00061035
 0.00061035
 0.00061035
 0.00061035
 0.00061035
 0.00030518
 0.00000000
-0.00030518
-0.00061035
-0.00061035
-0.00030518
-0.00030518
 0.00000000
 0.00030518
 0.00030518
 0.00030518
 0.00030518
 0.00061035
 0.00122070
 0.00122070
 0.00091553
 0.00061035
 0.00061035
 0.00000000
-0.00061035
-0.00122070
-0.00091553
 0.00000000
 0.00000000
 0.00030518
 0.00061035
 0.00122070
 0.00152588
 0.00152588
 0.00183105
 0.00183105
 0.00152588
 0.00152588
 0.00152588
 0.00152588
 0.00122070
 0.00091553
 0.00091553
 0.00091553
 0.00061035
 0.00091553
 0.00122070
 0.00152588
 0.00152588
 0.00152588
 0.00213623
 0.00213623
 0.00244141
 0.00244141
 0.00213623
 0.00183105
 0.00122070
 0.00061035
 0.00091553
 0.00122070
 0.00152588
 0.00091553
 0.00061035
 0.00061035
 0.00091553
 0.00122070
 0.00152588
 0.00152588
 0.00122070
 0.00091553
 0.00091553
 0.00061035
-0.00030518
-0.00061035
-0.00030518
-0.00030518
-0.00061035
-0.00091553
-0.00091553
-0.00030518
 0.00000000
 0.00000000
-0.00030518
 0.00000000
 0.00000000
-0.00061035
-0.00091553
-0.00091553
-0.00061035
-0.00091553
-0.00152588
-0.00244141
-0.00244141
-0.00183105
-0.00152588
-0.00183105
-0.00183105
-0.00122070
-0.00091553
-0.00122070
-0.00122070
-0.00091553
-0.00122070
-0.00183105
-0.00183105
-0.00213623
-0.00305176
-0.00305176
-0.00305176
-0.00305176
-0.00305176
-0.00213623
-0.00183105
-0.00183105
-0.00183105
-0.00152588
-0.00152588
-0.00183105
-0.00183105
-0.00244141
-0.00244141
-0.00244141
-0.00335693
-0.00366211
-0.00335693
-0.00335693
-0.00335693
-0.00335693
-0.00274658
-0.00244141
-0.00213623
-0.00152588
-0.00152588
-0.00152588
-0.00183105
-0.00152588
-0.00122070
-0.00122070
-0.00183105
-0.00274658
-0.00305176
-0.00305176
-0.00244141
-0.00213623
-0.00183105
-0.00122070
-0.00061035
-0.00061035
-0.00091553
-0.00091553
-0.00091553
-0.00091553
-0.00122070
-0.00122070
-0.00122070
-0.00152588
-0.00152588
-0.00183105
-0.00152588
-0.00152588
-0.00152588
-0.00152588
-0.00122070
-0.00091553
-0.00061035
 0.00000000
 0.00061035
 0.00061035
 0.00030518
-0.00030518
-0.00061035
-0.00030518
-0.00030518
-0.00061035
-0.00061035
-0.00061035
-0.00030518
 0.00030518
 0.00061035
 0.00091553
 0.00122070
 0.00122070
 0.00152588
 0.00152588
 0.00152588
 0.00152588
 0.00152588
 0.00183105
 0.00152588
 0.00122070
 0.00061035
 0.00030518
 0.00030518
 0.00091553
 0.00122070
 0.00152588
 0.00183105
 0.00213623
 0.00244141
 0.00244141
 0.00213623
 0.00213623
 0.00213623
 0.00183105
 0.00152588
 0.00152588
 0.00152588
 0.00152588
 0.00122070
 0.00091553
 0.00061035
 0.00091553
 0.00122070
 0.00152588
 0.00183105
 0.00183105
 0.00213623
 0.00244141
 0.00183105
 0.00183105
 0.00122070
 0.00061035
 0.00061035
 0.00061035
 0.00000000
 0.00030518
 0.00061035
 0.00091553
 0.00091553
 0.00061035
 0.00091553
 0.00183105
 0.00183105
 0.00152588
 0.00091553
 0.00091553
 0.00091553
 0.00061035
 0.00030518
-0.00030518
-0.00061035
-0.00061035
-0.00030518
-0.00030518
-0.00030518
-0.00030518
 0.00000000
 0.00030518
 0.00030518
 0.00030518
 0.00000000
-0.00030518
-0.00030518
-0.00091553
-0.00122070
-0.00152588
-0.00152588
-0.00183105
-0.00152588
-0.00152588
-0.00152588
-0.00122070
-0.00091553
-0.00061035
 0.00000000
 0.00000000
-0.00030518
-0.00091553
-0.00152588
-0.00183105
-0.00183105
-0.00152588
-0.00122070
-0.00091553
-0.00152588
-0.00183105
-0.00183105
-0.00122070
-0.00061035
-0.00091553
-0.00091553
-0.00091553
-0.00091553
-0.00091553
-0.00061035
-0.00061035
-0.00122070
-0.00152588
-0.00152588
-0.00091553
-0.00091553
-0.00061035
-0.00030518
 0.00000000
 0.00030518
 0.00030518
 0.00000000
 0.00000000
 0.00030518
 0.00061035
 0.00030518
 0.00000000
 0.00061035
 0.00091553
 0.00122070
 0.00061035
 0.00030518
 0.00030518
 0.00122070
 0.00152588
 0.00152588
 0.00152588
 0.00183105
 0.00152588
 0.00183105
 0.00213623
 0.00213623
 0.00244141
 0.00213623
 0.00244141
 0.00244141
 0.00244141
 0.00244141
 0.00274658
 0.00244141
 0.00183105
 0.00183105
 0.00183105
 0.00213623
 0.00213623
 0.00213623
 0.00213623
 0.00274658
 0.00274658
 0.00274658
 0.00213623
 0.00213623
 0.00244141
 0.00244141
 0.00244141
 0.00274658
 0.00244141
 0.00152588
 0.00152588
 0.00152588
 0.00152588
 0.00183105
 0.00183105
 0.00183105
 0.00213623
 0.00213623
 0.00213623
 0.00183105
 0.00152588
 0.00152588
 0.00122070
 0.00091553
 0.00061035
 0.00061035
 0.00030518
 0.00030518
 0.00061035
 0.00030518
 0.00030518
 0.00061035
 0.00091553
 0.00091553
 0.00091553
 0.00061035
 0.00030518
 0.00030518
 0.00000000
-0.00030518
-0.00091553
-0.00122070
-0.00183105
-0.00183105
-0.00152588
-0.00122070
-0.00122070
-0.00122070
-0.00122070
-0.00122070
-0.00061035
-0.00091553
-0.00091553
-0.00122070
-0.00091553
-0.00122070
-0.00183105
-0.00213623
-0.00244141
-0.00244141
-0.00244141
-0.00213623
-0.00183105
-0.00183105
-0.00152588
-0.00152588
-0.00152588
-0.00152588
-0.00122070
-0.00122070
-0.00152588
-0.00213623
-0.00274658
-0.00274658
-0.00244141
-0.00244141
-0.00274658
-0.00274658
-0.00244141
-0.00183105
-0.00152588
-0.00122070
-0.00091553
-0.00091553
-0.00091553
-0.00091553
-0.00091553
-0.00122070
-0.00152588
-0.00152588
-0.00152588
-0.00152588
-0.00122070
-0.00152588
-0.00183105
-0.00152588
-0.00122070
-0.00061035
-0.00030518
-0.00030518
 0.00000000
 0.00030518
 0.00000000
-0.00030518
-0.00061035
-0.00091553
-0.00061035
-0.00030518
 0.00000000
 0.00030518
 0.00061035
 0.00091553
 0.00091553
 0.00091553
 0.00091553
 0.00091553
 0.00091553
 0.00122070
 0.00122070
 0.00091553
 0.00091553
 0.00091553
 0.00091553
 0.00061035
 0.00030518
 0.00030518
 0.00061035
 0.00091553
 0.00122070
 0.00122070
 0.00122070
 0.00152588
 0.00183105
 0.00152588
 0.00152588
 0.00152588
 0.00152588
 0.00091553
 0.00030518
 0.00000000
-0.00030518
 0.00000000
 0.00000000
 0.00030518
 0.00061035
 0.00061035
 0.00091553
 0.00152588
 0.00152588
 0.00152588
 0.00152588
 0.00152588
 0.00122070
 0.00091553
 0.00061035
 0.00000000
 0.00000000
-0.00061035
-0.00030518
-0.00030518
-0.00030518
-0.00030518
 0.00000000
 0.00030518
 0.00030518
 0.00030518
 0.00030518
 0.00061035
 0.00030518
 0.00000000
-0.00061035
-0.00091553
-0.00091553
-0.00122070
-0.00122070
-0.00091553
-0.00061035
-0.00061035
-0.00061035
-0.00091553
-0.00091553
-0.00091553
-0.00091553
-0.00030518
-0.00061035
-0.00122070
-0.00152588
-0.00122070
-0.00122070
-0.00152588
-0.00183105
-0.00213623
-0.00244141
-0.00213623
-0.00152588
-0.00091553
-0.00061035
-0.00061035
-0.00061035
-0.00091553
-0.00152588
-0.00183105
-0.00183105
-0.00183105
-0.00183105
-0.00213623
-0.00213623
-0.00213623
-0.00183105
-0.00152588
-0.00152588
-0.00122070
-0.00122070
-0.00122070
-0.00122070
-0.00091553
-0.00061035
-0.00061035
-0.00091553
-0.00091553
-0.00091553
-0.00091553
-0.00091553
-0.00122070
-0.00152588
-0.00122070
-0.00091553
-0.00030518
-0.00030518
-0.00030518
-0.00030518
 0.00000000
 0.00030518
 0.00030518
 0.00030518
 0.00030518
 0.00061035
 0.00091553
 0.00091553
 0.00061035
 0.00061035
 0.00061035
 0.00030518
 0.00000000
 0.00030518
 0.00061035
 0.00091553
 0.00091553
 0.00091553
 0.00091553
 0.00122070
 0.00152588
 0.00152588
 0.00152588
 0.00122070
 0.00152588
 0.00152588
 0.00122070
 0.00091553
 0.00122070
 0.00152588
 0.00183105
 0.00152588
 0.00152588
 0.00183105
 0.00183105
 0.00183105
 0.00183105
 0.00213623
 0.00274658
 0.00274658
 0.00274658
 0.00274658
 0.00274658
 0.00244141
 0.00183105
 0.00183105
 0.00213623
 0.00213623
 0.00213623
 0.00213623
 0.00244141
 0.00244141
 0.00274658
 0.00274658
 0.00274658
 0.00244141
 0.00213623
 0.00213623
 0.00213623
 0.00213623
 0.00183105
 0.00183105
 0.00183105
 0.00122070
 0.00122070
 0.00152588
 0.00152588
 0.00122070
 0.00152588
 0.00152588
 0.00152588
 0.00152588
 0.00152588
 0.00122070
 0.00122070
 0.00091553
 0.00091553
 0.00122070
 0.00122070
 0.00091553
 0.00091553
 0.00091553
 0.00091553
 0.00091553
 0.00122070
 0.00122070
 0.00091553
 0.00122070
 0.00061035
 0.00000000
 0.00000000
 0.00000000
-0.00030518
-0.00030518
 0.00000000
 0.00000000
 0.00000000
-0.00061035
-0.00091553
-0.00061035
 0.00000000
 0.00061035
 0.00091553
 0.00030518
-0.00030518
-0.00030518
-0.00030518
-0.00061035
-0.00061035
-0.00091553
-0.00122070
-0.00122070
-0.00122070
-0.00091553
-0.00091553
-0.00091553
-0.00061035
-0.00030518
-0.00030518
-0.00061035
-0.00061035
-0.00061035
-0.00061035
-0.00061035
-0.00061035
-0.00061035
-0.00091553
-0.00122070
-0.00091553
-0.00061035
-0.00030518
-0.00030518
-0.00030518
 0.00030518
 0.00091553
 0.00091553
 0.00091553
 0.00061035
 0.00000000
-0.00030518
-0.00061035
-0.00061035
-0.00091553
-0.00091553
-0.00091553
-0.00061035
 0.00000000
 0.00030518
 0.00030518
 0.00030518
 0.00030518
 0.00030518
 0.00061035
 0.00091553
 0.00061035
 0.00000000
-0.00030518
-0.00061035
-0.00061035
-0.00030518
-0.00061035
-0.00091553
-0.00061035
-0.00030518
 0.00061035
 0.00091553
 0.00122070
 0.00122070
 0.00091553
 0.00061035
 0.00030518
 0.00000000
 0.00030518
 0.00030518
-0.00030518
-0.00061035
-0.00061035
-0.00061035
-0.00061035
 0.00000000
 0.00030518
 0.00091553
 0.00091553
 0.00152588
 0.00122070
 0.00122070
 0.00091553
 0.00030518
 0.00000000
-0.00030518
-0.00061035
-0.00091553
-0.00091553
-0.00061035
-0.00091553
-0.00122070
-0.00091553
-0.00030518
 0.00000000
 0.00061035
 0.00122070
 0.00152588
 0.00122070
 0.00000000
-0.00061035
-0.00061035
-0.00061035
-0.00091553
-0.00183105
-0.00183105
-0.00152588
-0.00091553
-0.00091553
-0.00091553
-0.00061035
-0.00030518
 0.00000000
-0.00030518
-0.00030518
-0.00061035
-0.00030518
-0.00061035
-0.00091553
-0.00183105
-0.00213623
-0.00213623
-0.00152588
-0.00152588
-0.00122070
-0.00091553
-0.00030518
-0.00030518
-0.00030518
-0.00030518
 0.00000000
-0.00030518
 0.00000000
-0.00030518
-0.00091553
-0.00122070
-0.00152588
-0.00183105
-0.00213623
-0.00244141
-0.00213623
-0.00122070
-0.00030518
-0.00030518
-0.00061035
-0.00061035
-0.00061035
-0.00061035
-0.00061035
-0.00061035
-0.00091553
-0.00091553
-0.00091553
-0.00091553
-0.00122070
-0.00061035
-0.00030518
-0.00030518
-0.00061035
-0.00061035
-0.00030518
 0.00000000
-0.00030518
-0.00030518
 0.00000000
 0.00000000
 0.00000000
-0.00030518
-0.00030518
-0.00030518
-0.00061035
-0.00061035
-0.00030518
-0.00030518
-0.00030518
 0.00030518
 0.00061035
 0.00061035
 0.00061035
 0.00061035
 0.00091553
 0.00061035
 0.00061035
 0.00061035
 0.00061035
 0.00061035
 0.00061035
 0.00061035
 0.00061035
 0.00122070
 0.00183105
 0.00213623
 0.00183105
 0.00213623
 0.00152588
 0.00122070
 0.00152588
 0.00183105
 0.00183105
 0.00152588
 0.00152588
 0.00122070
 0.00122070
 0.00122070
 0.00122070
 0.00122070
 0.00122070
 0.00152588
 0.00183105
 0.00244141
 0.00244141
 0.00183105
 0.00152588
 0.00152588
 0.00152588
 0.00152588
 0.00152588
 0.00152588
 0.00122070
 0.00091553
 0.00091553
 0.00091553
 0.00122070
 0.00122070
 0.00122070
 0.00122070
 0.00122070
 0.00122070
 0.00152588
 0.00152588
 0.00122070
 0.00091553
 0.00091553
 0.00122070
 0.00122070
 0.00091553
 0.00091553
 0.00122070
 0.00183105
 0.00152588
 0.00091553
 0.00091553
 0.00122070
 0.00091553
 0.00000000
-0.00030518
 0.00030518
 0.00061035
 0.00122070
 0.00061035
 0.00000000
-0.00030518
 0.00000000
 0.00030518
 0.00061035
 0.00061035
 0.00030518
 0.00061035
 0.00030518
 0.00000000
 0.00000000
 0.00000000
 0.00061035
 0.00061035
 0.00030518
 0.00000000
 0.00000000
 0.00030518
 0.00091553
 0.00061035
 0.00000000
 0.00000000
 0.00000000
-0.00030518
-0.00030518
 0.00000000
 0.00000000
 0.00030518
 0.00030518
 0.00000000
-0.00030518
-0.00030518
-0.00061035
-0.00061035
-0.00061035
-0.00030518
-0.00030518
 0.00000000
 0.00030518
 0.00030518
-0.00030518
-0.00061035
-0.00030518
 0.00000000
 0.00000000
 0.00000000
-0.00030518
-0.00030518
-0.00030518
-0.00061035
-0.00061035
 0.00000000
 0.00061035
 0.00061035
 0.00030518
 0.00030518
 0.00030518
 0.00000000
-0.00030518
-0.00030518
-0.00061035
-0.00091553
-0.00061035
-0.00061035
-0.00061035
-0.00061035
-0.00030518
 0.00000000
 0.00030518
 0.00030518
 0.00000000
 0.00030518
 0.00030518
 0.00061035
 0.00091553
 0.00091553
 0.00091553
 0.00030518
 0.00030518
 0.00000000
 0.00000000
 0.00000000
 0.00030518
 0.00091553
 0.00152588
 0.00152588
 0.00122070
 0.00152588
 0.00152588
 0.00152588
 0.00122070
 0.00091553
 0.00030518
 0.00091553
 0.00122070
 0.00091553
 0.00030518
-0.00030518
 0.00000000
 0.00061035
 0.00091553
 0.00091553
 0.00061035
 0.00091553
 0.00122070
 0.00091553
 0.00030518
 0.00000000
 0.00030518
 0.00061035
 0.00061035
 0.00030518
 0.00030518
 0.00030518
 0.00061035
 0.00122070
 0.00091553
 0.00061035
 0.00000000
 0.00000000
 0.00061035
 0.00091553
 0.00061035
 0.00061035
 0.00061035
 0.00030518
 0.00000000
 0.00030518
 0.00061035
 0.00061035
 0.00061035
 0.00030518
 0.00030518
 0.00061035
 0.00091553
 0.00091553
 0.00061035
 0.00030518
 0.00000000
 0.00000000
 0.00000000
 0.00000000
-0.00030518
-0.00061035
-0.00061035
-0.00061035
-0.00030518
 0.00000000
 0.00030518
 0.00030518
 0.00000000
 0.00000000
 0.00030518
 0.00000000
-0.00030518
-0.00061035
-0.00061035
-0.00061035
-0.00061035
-0.00091553
-0.00061035
-0.00061035
-0.00061035
-0.00030518
-0.00061035
-0.00091553
-0.00091553
-0.00061035
-0.00061035
-0.00091553
-0.00122070
-0.00091553
-0.00091553
-0.00091553
-0.00122070
-0.00091553
-0.00061035
-0.00091553
-0.00091553
-0.00061035
-0.00030518
-0.00030518
-0.00030518
-0.00061035
-0.00091553
-0.00122070
-0.00122070
-0.00122070
-0.00122070
-0.00122070
-0.00183105
-0.00183105
-0.00152588
-0.00091553
 0.00000000
 0.00000000
-0.00030518
-0.00030518
-0.00030518
 0.00000000
 0.00000000
-0.00030518
-0.00091553
-0.00152588
-0.00152588
-0.00122070
-0.00122070
-0.00122070
-0.00122070
-0.00122070
-0.00061035
 0.00000000
 0.00030518
 0.00000000
 0.00030518
 0.00030518
 0.00000000
-0.00030518
-0.00091553
-0.00122070
-0.00091553
-0.00030518
-0.00030518
-0.00030518
-0.00030518
-0.00061035
-0.00030518
 0.00000000
 0.00000000
-0.00030518
-0.00061035
-0.00061035
-0.00061035
 0.00000000
 0.00030518
-0.00030518
-0.00091553
-0.00122070
-0.00091553
-0.00061035
-0.00030518
 0.00000000
 0.00000000
 0.00030518
 0.00000000
 0.00000000
 0.00000000
-0.00030518
 0.00000000
 0.00030518
 0.00000000
-0.00061035
-0.00061035
-0.00061035
-0.00030518
-0.00030518
-0.00030518
-0.00030518
 0.00000000
 0.00000000
 0.00000000
 0.00000000
 0.00030518
 0.00030518
 0.00030518
 0.00000000
 0.00000000
 0.00000000
 0.00030518
 0.00030518
 0.00000000
 0.00030518
 0.00030518
 0.00000000
 0.00000000
 0.00030518
 0.00061035
 0.00122070
 0.00122070
 0.00122070
 0.00122070
 0.00122070
 0.00061035
 0.00030518
 0.00000000
 0.00030518
 0.00061035
 0.00061035
 0.00000000
 0.00000000
 0.00061035
 0.00122070
 0.00122070
 0.00122070
 0.00122070
 0.00152588
 0.00152588
 0.00122070
 0.00061035
 0.00061035
 0.00091553
 0.00061035
 0.00030518
 0.00000000
 0.00061035
 0.00061035
 0.00091553
 0.00091553
 0.00091553
 0.00091553
 0.00152588
 0.00152588
 0.00183105
 0.00152588
 0.00091553
 0.00030518
 0.00000000
-0.00061035
-0.00061035
-0.00030518
 0.00030518
 0.00061035
 0.00061035
 0.00061035
 0.00061035
 0.00061035
 0.00122070
 0.00152588
 0.00152588
 0.00122070
 0.00091553
 0.00091553
 0.00091553
 0.00061035
 0.00030518
-0.00030518
-0.00030518
-0.00030518
 0.00000000
 0.00030518
 0.00061035
 0.00091553
 0.00091553
 0.00122070
 0.00091553
 0.00091553
 0.00030518
 0.00030518
 0.00030518
 0.00061035
 0.00030518
-0.00030518
 0.00000000
 0.00030518
 0.00000000
-0.00030518
-0.00030518
-0.00030518
-0.00030518
 0.00000000
 0.00061035
 0.00091553
 0.00122070
 0.00061035
 0.00000000
-0.00061035
-0.00061035
-0.00061035
-0.00091553
-0.00122070
-0.00091553
-0.00030518
 0.00000000
-0.00030518
-0.00030518
 0.00000000
 0.00030518
 0.00000000
 0.00000000
 0.00000000
 0.00000000
 0.00000000
-0.00030518
-0.00061035
-0.00091553
-0.00091553
-0.00091553
-0.00061035
-0.00091553
-0.00122070
-0.00061035
 0.00030518
 0.00030518
 0.00000000
-0.00030518
-0.00030518
-0.00061035
-0.00030518
-0.00030518
-0.00030518
-0.00061035
-0.00091553
-0.00122070
-0.00122070
-0.00091553
-0.00030518
 0.00000000
 0.00030518
 0.00030518
 0.00000000
 0.00000000
 0.00000000
 0.00000000
-0.00030518
-0.00061035
-0.00061035
-0.00061035
-0.00061035
-0.00061035
-0.00061035
-0.00061035
-0.00061035
-0.00030518
 0.00000000
 0.00030518
 0.00030518
 0.00030518
 0.00061035
 0.00030518
 0.00030518
 0.00000000
 0.00000000
 0.00000000
-0.00030518
-0.00030518
-0.00061035
-0.00061035
 0.00000000
 0.00061035
 0.00091553
 0.00061035
 0.00061035
 0.00000000
 0.00030518
 0.00030518
 0.00061035
 0.00061035
 0.00030518
 0.00000000
 0.00030518
 0.00030518
 0.00000000
 0.00000000
 0.00030518
 0.00061035
 0.00091553
 0.00122070
 0.00122070
 0.00091553
 0.00061035
 0.00030518
 0.00030518
 0.00000000
-0.00030518
-0.00030518
-0.00030518
-0.00030518
 0.00000000
 0.00061035
 0.00030518
 0.00000000
 0.00030518
 0.00061035
 0.00061035
 0.00061035
 0.00091553
 0.00030518
-0.00030518
-0.00091553
-0.00061035
-0.00030518
-0.00030518
-0.00091553
-0.00152588
-0.00122070
-0.00061035
 0.00030518
 0.00030518
-0.00030518
-0.00030518
-0.00030518
 0.00000000
-0.00030518
-0.00091553
-0.00122070
-0.00152588
-0.00152588
-0.00122070
-0.00122070
-0.00122070
-0.00152588
-0.00152588
-0.00122070
-0.00091553
-0.00091553
-0.00091553
-0.00091553
-0.00061035
-0.00061035
-0.00091553
-0.00091553
-0.00122070
-0.00152588
-0.00152588
-0.00122070
-0.00122070
-0.00152588
-0.00122070
-0.00091553
-0.00061035
-0.00061035
-0.00091553
-0.00122070
-0.00152588
-0.00152588
-0.00091553
-0.00061035
-0.00030518
-0.00061035
-0.00091553
-0.00152588
-0.00152588
-0.00152588
-0.00152588
-0.00152588
-0.00122070
-0.00091553
-0.00091553
-0.00091553
-0.00061035
-0.00061035
-0.00091553
-0.00091553
-0.00061035
-0.00061035
-0.00030518
-0.00030518
-0.00030518
-0.00061035
-0.00091553
-0.00122070
-0.00091553
-0.00030518
 0.00000000
 0.00000000
 0.00000000
 0.00030518
 0.00000000
 0.00000000
 0.00000000
 0.00000000
 0.00000000
 0.00030518
 0.00000000
 0.00000000
-0.00030518
 0.00030518
 0.00030518
 0.00000000
 0.00030518
 0.00061035
 0.00091553
 0.00091553
 0.00091553
 0.00091553
 0.00091553
 0.00122070
 0.00122070
 0.00091553
 0.00091553
 0.00061035
 0.00030518
 0.00061035
 0.00061035
 0.00091553
 0.00091553
 0.00091553
 0.00152588
 0.00152588
 0.00122070
 0.00122070
 0.00091553
 0.00091553
 0.00122070
 0.00122070
 0.00091553
 0.00061035
 0.00030518
 0.00000000
 0.00030518
 0.00030518
 0.00030518
 0.00061035
 0.00122070
 0.00122070
 0.00091553
 0.00091553
 0.00091553
 0.00061035
 0.00061035
 0.00000000
