 0.00030518
 0.00061035
 0.00091553
 0.00122070
 0.00122070
 0.00122070
 0.00061035
 0.00000000
-0.00030518
 0.00000000
 0.00000000
-0.00030518
-0.00030518
-0.00061035
-0.00030518
 0.00030518
 0.00030518
 0.00000000
-0.00030518
 0.00030518
 0.00091553
 0.00061035
 0.00000000
-0.00061035
-0.00091553
-0.00091553
-0.00091553
-0.00061035
-0.00061035
-0.00030518
-0.00030518
 0.00000000
 0.00000000
 0.00000000
 0.00030518
 0.00091553
 0.00091553
 0.00030518
 0.00000000
 0.00030518
 0.00000000
-0.00030518
-0.00030518
-0.00030518
-0.00030518
-0.00061035
-0.00061035
-0.00030518
-0.00030518
 0.00030518
 0.00091553
 0.00091553
 0.00061035
 0.00061035
 0.00091553
 0.00061035
 0.00030518
 0.00000000
-0.00030518
-0.00061035
-0.00061035
 0.00000000
 0.00030518
 0.00000000
 0.00030518
 0.00030518
 0.00061035
 0.00061035
 0.00030518
 0.00000000
 0.00000000
 0.00030518
 0.00061035
 0.00000000
-0.00030518
-0.00030518
-0.00061035
-0.00061035
-0.00030518
 0.00000000
 0.00030518
-0.00030518
 0.00000000
 0.00061035
 0.00061035
 0.00091553
 0.00061035
 0.00061035
 0.00030518
 0.00000000
-0.00030518
-0.00030518
-0.00030518
-0.00030518
-0.00030518
 0.00213623
 0.01007080
 0.02746582
 0.05340576
 0.06958008
 0.01922607
-0.15716553
-0.38146973
-0.55480957
-0.52764893
-0.27252197
 0.04302979
 0.40710449
 0.43518066
 0.14068604
-0.06835938
-0.19378662
-0.18218994
-0.11718750
-0.08422852
-0.14190674
-0.25939941
-0.29205322
-0.15808105
-0.00610352
 0.09063721
 0.14434814
 0.17059326
 0.14099121
 0.02838135
-0.07507324
-0.09857178
-0.06256104
 0.02258301
 0.17211914
 0.43518066
 0.70526123
 0.90362549
 0.83312988
 0.45288086
 0.04913330
-0.33996582
-0.43060303
-0.31982422
-0.21057129
-0.13275146
-0.04913330
 0.03784180
 0.10284424
 0.18249512
 0.33081055
 0.47271729
 0.38818359
 0.03204346
-0.38909912
-0.52215576
-0.31951904
-0.09277344
 0.01983643
 0.05889893
 0.07049561
 0.05218506
-0.04180908
-0.13885498
-0.12054443
-0.04577637
 0.00518799
 0.04730225
 0.18524170
 0.43029785
 0.68145752
 0.68756104
 0.41259766
 0.13946533
-0.13763428
-0.37994385
-0.48492432
-0.48767090
-0.39062500
-0.27221680
-0.12145996
 0.08026123
 0.37170410
 0.68145752
 0.85266113
 0.67169189
 0.27557373
-0.03540039
-0.21179199
-0.27923584
-0.28533936
-0.21942139
-0.14739990
-0.18371582
-0.35308838
-0.46020508
-0.29724121
-0.02990723
 0.18646240
 0.33935547
 0.23437500
 0.20385742
 0.13946533
 0.07385254
 0.02960205
-0.01770020
-0.10864258
-0.24200439
-0.36102295
-0.45104980
-0.51330566
-0.55511475
-0.55938721
-0.51666260
-0.40191650
-0.19012451
 0.16448975
 0.54595947
 0.71319580
 0.62805176
 0.42572021
 0.23254395
-0.07720947
-0.33935547
-0.50506592
-0.59875488
-0.66925049
-0.71197510
-0.64239502
-0.42175293
-0.13031006
 0.23010254
 0.56579590
 0.73852539
 0.75531006
 0.61401367
 0.40008545
 0.19653320
-0.06622314
-0.31707764
-0.53985596
-0.65185547
-0.61828613
-0.50476074
-0.38787842
-0.30517578
-0.16906738
 0.00061035
 0.17181396
 0.33660889
 0.48248291
 0.58624268
 0.61737061
 0.53771973
 0.34667969
 0.06347656
-0.20660400
-0.41076660
-0.49804688
-0.52215576
-0.49285889
-0.38665771
-0.24017334
-0.04608154
 0.17486572
 0.45074463
 0.65093994
 0.73120117
 0.65002441
 0.47546387
 0.31097412
 0.13061523
-0.05676270
-0.22247314
-0.37109375
-0.47607422
-0.51879883
-0.45227051
-0.28808594
-0.06195068
 0.20019531
 0.47149658
 0.57312012
 0.56396484
 0.47790527
 0.37750244
 0.30029297
 0.17761230
 0.01373291
-0.16937256
-0.33081055
-0.44952393
-0.50964355
-0.49682617
-0.39459229
-0.25695801
-0.05279541
 0.20904541
 0.51757813
 0.74279785
 0.81146240
 0.65521240
 0.38574219
 0.11016846
-0.14709473
-0.32012939
-0.40100098
-0.41259766
-0.39581299
-0.38696289
-0.36346436
-0.26641846
-0.08514404
 0.13641357
 0.39886475
 0.52703857
 0.54382324
 0.47760010
 0.37261963
 0.22827148
 0.00549316
-0.18737793
-0.35583496
-0.45471191
-0.48187256
-0.43304443
-0.31829834
-0.17364502
-0.02807617
 0.08758545
 0.19439697
 0.29724121
 0.36987305
 0.42236328
 0.39703369
 0.29907227
 0.08575439
-0.18096924
-0.41381836
-0.57159424
-0.61401367
-0.56427002
-0.44281006
-0.28656006
-0.08911133
 0.10894775
 0.29052734
 0.39978027
 0.42266846
 0.38177490
 0.30975342
 0.16876221
 0.02044678
-0.12207031
-0.27648926
-0.41809082
-0.50811768
-0.52185059
-0.45196533
-0.32470703
-0.15594482
 0.04608154
 0.23956299
 0.39428711
 0.42083740
 0.38696289
 0.32867432
 0.20965576
 0.03570557
-0.12847900
-0.28778076
-0.42449951
-0.49224854
-0.46875000
-0.36010742
-0.22491455
-0.05706787
 0.10284424
 0.24200439
 0.35247803
 0.39123535
 0.38452148
 0.33477783
 0.23345947
 0.08605957
-0.04730225
-0.16021729
-0.23437500
-0.26092529
-0.24871826
-0.20904541
-0.14831543
-0.06561279
 0.04150391
 0.16601563
 0.29052734
 0.39367676
 0.44128418
 0.42449951
 0.33843994
 0.19470215
 0.00976563
-0.13671875
-0.25115967
-0.34118652
-0.36346436
-0.32623291
-0.24414063
-0.12084961
 0.01831055
 0.15167236
 0.26428223
 0.32684326
 0.32928467
 0.32623291
 0.22155762
 0.09246826
-0.02990723
-0.14801025
-0.24322510
-0.29479980
-0.30303955
-0.26733398
-0.20050049
-0.11077881
-0.00701904
 0.10070801
 0.20019531
 0.27099609
 0.31311035
 0.30120850
 0.21392822
 0.08300781
-0.04058838
-0.13702393
-0.20111084
-0.22949219
-0.22888184
-0.20324707
-0.15228271
-0.07507324
 0.02441406
 0.13397217
 0.23620605
 0.30639648
 0.33020020
 0.27496338
 0.15380859
 0.02929688
-0.05981445
-0.12756348
-0.18066406
-0.21514893
-0.22705078
-0.21453857
-0.17608643
-0.11260986
-0.02593994
 0.07293701
 0.16845703
 0.24230957
 0.27954102
 0.25634766
 0.16540527
 0.04882813
-0.05523682
-0.14739990
-0.21911621
-0.25421143
-0.25421143
-0.22918701
-0.18493652
-0.12481689
-0.05310059
 0.02227783
 0.09063721
 0.14587402
 0.17608643
 0.15075684
 0.06866455
-0.02746582
-0.10467529
-0.16448975
-0.20538330
-0.22277832
-0.21667480
-0.18981934
-0.14465332
-0.08300781
-0.00610352
 0.07904053
 0.15808105
 0.21728516
 0.24566650
 0.21514893
 0.13183594
 0.04028320
-0.03570557
-0.10192871
-0.15502930
-0.18463135
-0.18524170
-0.15869141
-0.10833740
-0.03753662
 0.04791260
 0.13427734
 0.20355225
 0.24658203
 0.24536133
 0.18585205
 0.09643555
 0.01037598
-0.06683350
-0.13183594
-0.17669678
-0.19714355
-0.19256592
-0.16326904
-0.11169434
-0.04150391
 0.04272461
 0.12939453
 0.20202637
 0.25115967
 0.26031494
 0.20904541
 0.12390137
 0.04333496
-0.02655029
-0.08972168
-0.13916016
-0.16845703
-0.17608643
-0.16113281
-0.12512207
-0.07324219
-0.00976563
 0.05737305
 0.11810303
 0.16235352
 0.17272949
 0.13488770
 0.07446289
 0.02044678
-0.02746582
-0.07202148
-0.10650635
-0.12512207
-0.12664795
-0.10986328
-0.07629395
-0.02990723
 0.02380371
 0.07781982
 0.12481689
 0.15258789
 0.14343262
 0.10253906
 0.05432129
 0.00823975
-0.03936768
-0.08544922
-0.12115479
-0.13854980
-0.13641357
-0.11688232
-0.08239746
-0.03753662
 0.01281738
 0.06378174
 0.10925293
 0.14068604
 0.14923096
 0.13610840
 0.11230469
 0.08087158
 0.04180908
 0.00061035
-0.03540039
-0.06042480
-0.06988525
-0.06134033
-0.03540039
 0.00427246
 0.05249023
 0.10345459
 0.15075684
 0.18402100
 0.18615723
 0.15655518
 0.11474609
 0.07171631
 0.02502441
-0.02471924
-0.06958008
-0.10223389
-0.12084961
-0.12420654
-0.11138916
-0.08544922
-0.05126953
-0.01464844
 0.01892090
 0.04486084
 0.06072998
 0.06530762
 0.05737305
 0.03540039
 0.00000000
-0.04272461
-0.08728027
-0.12664795
-0.15228271
-0.15838623
-0.14556885
-0.11627197
-0.07476807
-0.02532959
 0.02593994
 0.07293701
 0.10711670
 0.11657715
 0.10162354
 0.07690430
 0.04943848
 0.01739502
-0.01739502
-0.04882813
-0.07049561
-0.07904053
-0.07263184
-0.05187988
-0.01953125
 0.01922607
 0.05950928
 0.09368896
 0.11352539
 0.11322021
 0.09552002
 0.06622314
 0.02716064
-0.01800537
-0.06225586
-0.09826660
-0.12115479
-0.12817383
-0.11962891
-0.09704590
-0.06439209
-0.02563477
 0.01495361
 0.05126953
 0.07476807
 0.07843018
 0.06347656
 0.03784180
 0.00549316
-0.03143311
-0.06927490
-0.10314941
-0.12847900
-0.14160156
-0.14160156
-0.12786865
-0.10162354
-0.06561279
-0.02471924
 0.01617432
 0.05004883
 0.06805420
 0.06378174
 0.04211426
 0.01159668
-0.02258301
-0.05676270
-0.08544922
-0.10192871
-0.10345459
-0.08972168
-0.06317139
-0.02746582
 0.01373291
 0.05645752
 0.09552002
 0.12512207
 0.14007568
 0.13946533
 0.12878418
 0.11108398
 0.08575439
 0.05584717
 0.02563477
-0.00091553
-0.02014160
-0.02960205
-0.02746582
-0.01434326
 0.01007080
 0.04211426
 0.07781982
 0.11047363
 0.13183594
 0.13397217
 0.11840820
 0.09277344
 0.06317139
 0.03326416
 0.00640869
-0.01312256
-0.02319336
-0.02380371
-0.01434326
 0.00335693
 0.02624512
 0.05065918
 0.07263184
 0.08880615
 0.09643555
 0.09246826
 0.07690430
 0.05126953
 0.01800537
-0.01861572
-0.05493164
-0.08514404
-0.10406494
-0.11077881
-0.10498047
-0.08850098
-0.06439209
-0.03509521
-0.00457764
 0.02288818
 0.04272461
 0.05157471
 0.04791260
 0.03356934
 0.01098633
-0.01525879
-0.04058838
-0.06164551
-0.07568359
-0.08117676
-0.07629395
-0.06103516
-0.03784180
-0.00976563
 0.01953125
 0.04669189
 0.06744385
 0.07873535
 0.08148193
 0.07812500
 0.06958008
 0.05584717
 0.03601074
 0.01220703
-0.01251221
-0.03387451
-0.04882813
-0.05493164
-0.05126953
-0.03967285
-0.02258301
-0.00305176
 0.01464844
 0.02624512
 0.02899170
 0.02319336
 0.01129150
-0.00518799
-0.02532959
-0.04669189
-0.06591797
-0.08148193
-0.09185791
-0.09521484
-0.09216309
-0.08300781
-0.06896973
-0.05157471
-0.03234863
-0.01434326
 0.00030518
 0.00823975
 0.00823975
 0.00183105
-0.01007080
-0.02593994
-0.04394531
-0.06072998
-0.07354736
-0.07934570
-0.07720947
-0.06713867
-0.05096436
-0.02990723
-0.00732422
 0.01373291
 0.03051758
 0.04150391
 0.04547119
 0.04150391
 0.03051758
 0.01434326
-0.00335693
-0.01983643
-0.03021240
-0.03265381
-0.02746582
-0.01678467
-0.00244141
 0.01342773
 0.02929688
 0.04486084
 0.05950928
 0.07171631
 0.07812500
 0.07781982
 0.06988525
 0.05584717
 0.03723145
 0.01617432
-0.00396729
-0.02014160
-0.03112793
-0.03509521
-0.03173828
-0.02136230
-0.00549316
 0.01281738
 0.02960205
 0.04150391
 0.04638672
 0.04516602
 0.03784180
 0.02624512
 0.01220703
-0.00335693
-0.01800537
-0.03082275
-0.03875732
-0.04180908
-0.03875732
-0.03082275
-0.01861572
-0.00335693
 0.01373291
 0.03021240
 0.04394531
 0.05187988
 0.05279541
 0.04760742
 0.03753662
 0.02471924
 0.01129150
-0.00152588
-0.01190186
-0.02014160
-0.02532959
-0.02655029
-0.02349854
-0.01678467
-0.00762939
 0.00213623
 0.01007080
 0.01464844
 0.01525879
 0.01220703
 0.00671387
 0.00030518
-0.00610352
-0.01251221
-0.01770020
-0.02136230
-0.02288818
-0.02166748
-0.01708984
-0.00915527
 0.00152588
 0.01281738
 0.02410889
 0.03326416
 0.03875732
 0.04058838
 0.03875732
 0.03326416
 0.02471924
 0.01525879
 0.00640869
-0.00091553
-0.00427246
-0.00396729
-0.00091553
 0.00335693
 0.00793457
 0.01159668
 0.01464844
 0.01647949
 0.01739502
 0.01586914
 0.01037598
 0.00152588
-0.00915527
-0.01922607
-0.02777100
-0.03448486
-0.03845215
-0.03875732
-0.03509521
-0.02807617
-0.01739502
-0.00396729
 0.00976563
 0.02166748
 0.02899170
 0.03051758
 0.02777100
 0.02105713
 0.01098633
-0.00152588
-0.01464844
-0.02655029
-0.03570557
-0.04028320
-0.03997803
-0.03417969
-0.02471924
-0.01342773
-0.00213623
 0.00854492
 0.01800537
 0.02532959
 0.02929688
 0.02960205
 0.02593994
 0.02075195
 0.01464844
 0.00885010
 0.00488281
 0.00244141
 0.00244141
 0.00457764
 0.00976563
 0.01678467
 0.02655029
 0.03784180
 0.04852295
 0.05554199
 0.05798340
 0.05493164
 0.04760742
 0.03784180
 0.02716064
 0.01678467
 0.00762939
 0.00000000
-0.00579834
-0.00915527
-0.00946045
-0.00701904
-0.00396729
-0.00091553
 0.00091553
 0.00091553
-0.00152588
-0.00671387
-0.01464844
-0.02502441
-0.03723145
-0.04913330
-0.05981445
-0.06866455
-0.07385254
-0.07446289
-0.07049561
-0.06378174
-0.05432129
-0.04333496
-0.03234863
-0.02288818
-0.01647949
-0.01464844
-0.01647949
-0.02075195
-0.02685547
-0.03326416
-0.03936768
-0.04364014
-0.04638672
-0.04638672
-0.04364014
-0.03723145
-0.02807617
-0.01678467
-0.00488281
 0.00610352
 0.01464844
 0.01922607
 0.01831055
 0.01342773
 0.00549316
-0.00396729
-0.01342773
-0.02166748
-0.02685547
-0.02807617
-0.02563477
-0.01892090
-0.00854492
 0.00335693
 0.01495361
 0.02532959
 0.03173828
 0.03417969
 0.03265381
 0.02716064
 0.01861572
 0.00793457
-0.00305176
-0.01403809
-0.02319336
-0.02990723
-0.03234863
-0.03051758
-0.02502441
-0.01586914
-0.00335693
 0.01007080
 0.02105713
 0.02807617
 0.02960205
 0.02716064
 0.02105713
 0.01251221
 0.00274658
-0.00732422
-0.01586914
-0.02136230
-0.02288818
-0.02014160
-0.01342773
-0.00335693
 0.00885010
 0.02166748
 0.03356934
 0.04180908
 0.04516602
 0.04241943
 0.03570557
 0.02746582
 0.01892090
 0.01037598
 0.00335693
-0.00152588
-0.00366211
-0.00305176
 0.00183105
 0.01129150
 0.02441406
 0.03906250
 0.05279541
 0.06286621
 0.06774902
 0.06683350
 0.06103516
 0.05187988
 0.03967285
 0.02655029
 0.01434326
 0.00457764
 0.00000000
 0.00091553
 0.00610352
 0.01464844
 0.02502441
 0.03570557
 0.04516602
 0.05218506
 0.05523682
 0.05462646
 0.04821777
 0.03784180
 0.02319336
 0.00640869
-0.01068115
-0.02593994
-0.03814697
-0.04638672
-0.04913330
-0.04638672
-0.03845215
-0.02593994
-0.01220703
-0.00061035
 0.00640869
 0.00701904
 0.00213623
-0.00610352
-0.01647949
-0.02807617
-0.03936768
-0.04913330
-0.05615234
-0.05920410
-0.05798340
-0.05249023
-0.04272461
-0.03021240
-0.01586914
-0.00122070
 0.01190186
 0.02136230
 0.02655029
 0.02624512
 0.02197266
 0.01556396
 0.00885010
 0.00244141
-0.00183105
-0.00335693
-0.00152588
 0.00305176
 0.01129150
 0.02197266
 0.03356934
 0.04455566
 0.05310059
 0.05767822
 0.05737305
 0.05187988
 0.04333496
 0.03234863
 0.02044678
 0.00946045
 0.00000000
-0.00793457
-0.01220703
-0.01281738
-0.00976563
-0.00427246
 0.00244141
 0.00885010
 0.01342773
 0.01464844
 0.01281738
 0.00854492
 0.00122070
-0.00823975
-0.01953125
-0.03082275
-0.04089355
-0.04791260
-0.05218506
-0.05187988
-0.04638672
-0.03692627
-0.02441406
-0.01129150
-0.00030518
 0.00701904
 0.01068115
 0.01129150
 0.01007080
 0.00732422
 0.00244141
-0.00366211
-0.00976563
-0.01464844
-0.01739502
-0.01708984
-0.01403809
-0.00793457
-0.00061035
 0.00732422
 0.01434326
 0.01953125
 0.02166748
 0.02014160
 0.01586914
 0.00946045
 0.00122070
-0.00793457
-0.01770020
-0.02685547
-0.03295898
-0.03601074
-0.03601074
-0.03387451
-0.02990723
-0.02563477
-0.02258301
-0.02166748
-0.02227783
-0.02380371
-0.02563477
-0.02868652
-0.03204346
-0.03570557
-0.03936768
-0.04211426
-0.04272461
-0.04150391
-0.03875732
-0.03479004
-0.02960205
-0.02441406
-0.02014160
-0.01617432
-0.01251221
-0.00976563
-0.00793457
-0.00793457
-0.00946045
-0.01190186
-0.01464844
-0.01617432
-0.01525879
-0.01251221
-0.00762939
-0.00152588
 0.00488281
 0.01068115
 0.01586914
 0.01953125
 0.02197266
 0.02258301
 0.02197266
 0.02105713
 0.02014160
 0.02014160
 0.02014160
 0.01953125
 0.01892090
 0.01861572
 0.01861572
 0.01892090
 0.01953125
 0.02105713
 0.02227783
 0.02197266
 0.02105713
 0.01892090
 0.01525879
 0.00976563
 0.00335693
-0.00305176
-0.00762939
-0.01068115
-0.01190186
-0.01129150
-0.00915527
-0.00671387
-0.00427246
-0.00183105
-0.00030518
 0.00061035
 0.00122070
 0.00152588
 0.00122070
-0.00030518
-0.00213623
-0.00335693
-0.00396729
-0.00274658
 0.00000000
 0.00335693
 0.00701904
 0.01068115
 0.01403809
 0.01678467
 0.01922607
 0.01983643
 0.01922607
 0.01800537
 0.01556396
 0.01281738
 0.00915527
 0.00579834
 0.00396729
 0.00427246
 0.00610352
 0.00976563
 0.01312256
 0.01617432
 0.01861572
 0.01922607
 0.01831055
 0.01647949
 0.01373291
 0.00976563
 0.00579834
 0.00122070
-0.00305176
-0.00640869
-0.00854492
-0.00885010
-0.00732422
-0.00396729
 0.00000000
 0.00427246
 0.00823975
 0.01068115
 0.01159668
 0.01037598
 0.00732422
 0.00305176
-0.00152588
-0.00671387
-0.01159668
-0.01586914
-0.01861572
-0.01892090
-0.01678467
-0.01190186
-0.00488281
 0.00244141
 0.00854492
 0.01342773
 0.01647949
 0.01770020
 0.01708984
 0.01525879
 0.01220703
 0.00854492
 0.00488281
 0.00183105
-0.00061035
-0.00122070
-0.00030518
 0.00274658
 0.00793457
 0.01464844
 0.02197266
 0.02868652
 0.03326416
 0.03417969
 0.03143311
 0.02593994
 0.01892090
 0.01098633
 0.00244141
-0.00488281
-0.01159668
-0.01708984
-0.02014160
-0.02105713
-0.01922607
-0.01556396
-0.01037598
-0.00488281
 0.00061035
 0.00427246
 0.00457764
 0.00213623
-0.00244141
-0.00915527
-0.01708984
-0.02471924
-0.02990723
-0.03173828
-0.03082275
-0.02807617
-0.02380371
-0.01770020
-0.01098633
-0.00305176
 0.00518799
 0.01220703
 0.01739502
 0.01953125
 0.01739502
 0.01159668
 0.00366211
-0.00488281
-0.01281738
-0.01861572
-0.02105713
-0.02075195
-0.01892090
-0.01434326
-0.00793457
-0.00091553
 0.00610352
 0.01159668
 0.01495361
 0.01617432
 0.01434326
 0.01007080
 0.00366211
-0.00335693
-0.00976563
-0.01495361
-0.01892090
-0.02044678
-0.01953125
-0.01617432
-0.00946045
-0.00091553
 0.00823975
 0.01708984
 0.02288818
 0.02502441
 0.02288818
 0.01678467
 0.00793457
-0.00213623
-0.01220703
-0.02044678
-0.02685547
-0.03082275
-0.03204346
-0.03173828
-0.02899170
-0.02441406
-0.01800537
-0.01098633
-0.00396729
 0.00152588
 0.00488281
 0.00549316
 0.00335693
-0.00030518
-0.00518799
-0.01037598
-0.01464844
-0.01617432
-0.01525879
-0.01190186
-0.00579834
 0.00213623
 0.01129150
 0.01983643
 0.02716064
 0.03204346
 0.03479004
 0.03479004
 0.03234863
 0.02746582
 0.02014160
 0.01251221
 0.00579834
 0.00000000
-0.00366211
-0.00457764
-0.00335693
 0.00030518
 0.00488281
 0.00976563
 0.01312256
 0.01556396
 0.01739502
 0.01831055
 0.01708984
 0.01434326
 0.00946045
 0.00396729
-0.00152588
-0.00671387
-0.01007080
-0.01098633
-0.00823975
-0.00396729
 0.00122070
 0.00671387
 0.01220703
 0.01708984
 0.02044678
 0.02288818
 0.02349854
 0.02288818
 0.02044678
 0.01647949
 0.01129150
 0.00640869
 0.00213623
-0.00091553
-0.00274658
-0.00244141
-0.00030518
 0.00274658
 0.00671387
 0.01037598
 0.01373291
 0.01678467
 0.01800537
 0.01770020
 0.01525879
 0.01220703
 0.00823975
 0.00457764
 0.00152588
-0.00061035
-0.00213623
-0.00183105
 0.00000000
 0.00213623
 0.00488281
 0.00671387
 0.00823975
 0.00915527
 0.00976563
 0.00915527
 0.00671387
 0.00244141
-0.00274658
-0.00854492
-0.01434326
-0.02014160
-0.02532959
-0.02960205
-0.03265381
-0.03448486
-0.03417969
-0.03234863
-0.03082275
-0.02960205
-0.02899170
-0.02929688
-0.03021240
-0.03082275
-0.03173828
-0.03295898
-0.03356934
-0.03387451
-0.03387451
-0.03387451
-0.03417969
-0.03326416
-0.03143311
-0.02838135
-0.02563477
-0.02288818
-0.02075195
-0.02014160
-0.02014160
-0.02044678
-0.02075195
-0.02136230
-0.02197266
-0.02288818
-0.02502441
-0.02716064
-0.02929688
-0.03021240
-0.03051758
-0.02929688
-0.02777100
-0.02655029
-0.02502441
-0.02380371
-0.02319336
-0.02197266
-0.02014160
-0.01708984
-0.01342773
-0.01037598
-0.00793457
-0.00610352
-0.00488281
-0.00427246
-0.00305176
-0.00152588
 0.00061035
 0.00274658
 0.00457764
 0.00671387
 0.00885010
 0.01098633
 0.01281738
 0.01464844
 0.01556396
 0.01647949
 0.01770020
 0.01922607
 0.02014160
 0.02044678
 0.02044678
 0.01983643
 0.01861572
 0.01678467
 0.01617432
 0.01647949
 0.01770020
 0.01953125
 0.02136230
 0.02502441
 0.02838135
 0.03112793
 0.03356934
 0.03540039
 0.03692627
 0.03814697
 0.03906250
 0.03936768
 0.03875732
 0.03814697
 0.03662109
 0.03417969
 0.03204346
 0.03051758
 0.03082275
 0.03234863
 0.03540039
 0.03875732
 0.04180908
 0.04333496
 0.04394531
 0.04364014
 0.04180908
 0.03875732
 0.03479004
 0.03112793
 0.02716064
 0.02288818
 0.01953125
 0.01739502
 0.01586914
 0.01495361
 0.01495361
 0.01556396
 0.01678467
 0.01892090
 0.02136230
 0.02319336
 0.02349854
 0.02166748
 0.01861572
 0.01495361
 0.01037598
 0.00549316
 0.00183105
-0.00091553
-0.00213623
-0.00213623
-0.00122070
-0.00030518
 0.00091553
 0.00274658
 0.00427246
 0.00579834
 0.00579834
 0.00457764
 0.00152588
-0.00274658
-0.00793457
-0.01434326
-0.02044678
-0.02593994
-0.02960205
-0.03204346
-0.03234863
-0.03143311
-0.02929688
-0.02655029
-0.02349854
-0.02014160
-0.01800537
-0.01647949
-0.01586914
-0.01678467
-0.01922607
-0.02227783
-0.02593994
-0.03021240
-0.03417969
-0.03631592
-0.03631592
-0.03448486
-0.03143311
-0.02777100
-0.02349854
-0.01922607
-0.01617432
-0.01403809
-0.01220703
-0.01190186
-0.01251221
-0.01464844
-0.01739502
-0.02014160
-0.02258301
-0.02471924
-0.02563477
-0.02502441
-0.02227783
-0.01739502
-0.01098633
-0.00488281
 0.00061035
 0.00518799
 0.00946045
 0.01190186
 0.01190186
 0.01037598
 0.00854492
 0.00640869
 0.00366211
 0.00122070
 0.00000000
 0.00000000
 0.00091553
 0.00335693
 0.00671387
 0.01129150
 0.01556396
 0.01922607
 0.02166748
 0.02227783
 0.02075195
 0.01770020
 0.01342773
 0.00823975
 0.00366211
-0.00061035
-0.00396729
-0.00610352
-0.00640869
-0.00457764
-0.00183105
 0.00183105
 0.00579834
 0.01068115
 0.01464844
 0.01708984
 0.01770020
 0.01647949
 0.01464844
 0.01129150
 0.00701904
 0.00244141
-0.00213623
-0.00610352
-0.00885010
-0.01007080
-0.00946045
-0.00671387
-0.00305176
 0.00091553
 0.00396729
 0.00579834
 0.00610352
 0.00488281
 0.00274658
-0.00030518
-0.00427246
-0.00915527
-0.01495361
-0.02014160
-0.02410889
-0.02532959
-0.02502441
-0.02319336
-0.01983643
-0.01556396
-0.01129150
-0.00823975
-0.00579834
-0.00457764
-0.00518799
-0.00701904
-0.01007080
-0.01342773
-0.01770020
-0.02227783
-0.02716064
-0.03082275
-0.03265381
-0.03173828
-0.02868652
-0.02441406
-0.02014160
-0.01647949
-0.01373291
-0.01251221
-0.01312256
-0.01495361
-0.01739502
-0.02136230
-0.02532959
-0.02960205
-0.03326416
-0.03509521
-0.03479004
-0.03295898
-0.02990723
-0.02563477
-0.02044678
-0.01464844
-0.00885010
-0.00335693
 0.00091553
 0.00335693
 0.00366211
 0.00213623
-0.00061035
-0.00366211
-0.00579834
-0.00701904
-0.00671387
-0.00457764
-0.00061035
 0.00396729
 0.00946045
 0.01556396
 0.02105713
 0.02563477
 0.02960205
 0.03173828
 0.03234863
 0.03112793
 0.02838135
 0.02563477
 0.02197266
 0.01861572
 0.01647949
 0.01586914
 0.01708984
 0.01922607
 0.02258301
 0.02716064
 0.03234863
 0.03692627
 0.04089355
 0.04333496
 0.04394531
 0.04241943
 0.03997803
 0.03662109
 0.03265381
 0.02929688
 0.02685547
 0.02532959
 0.02410889
 0.02380371
 0.02441406
 0.02593994
 0.02807617
 0.03021240
 0.03204346
 0.03295898
 0.03234863
 0.02990723
 0.02685547
 0.02349854
 0.01892090
 0.01403809
 0.00946045
 0.00610352
 0.00427246
 0.00366211
 0.00396729
 0.00579834
 0.00823975
 0.01098633
 0.01342773
 0.01525879
 0.01617432
 0.01586914
 0.01464844
 0.01251221
 0.00976563
 0.00671387
 0.00335693
 0.00000000
-0.00335693
-0.00579834
-0.00671387
-0.00701904
-0.00610352
-0.00457764
-0.00274658
-0.00122070
-0.00061035
-0.00091553
-0.00183105
-0.00305176
-0.00549316
-0.00854492
-0.01159668
-0.01373291
-0.01556396
-0.01647949
-0.01617432
-0.01525879
-0.01434326
-0.01281738
-0.01098633
-0.00885010
-0.00701904
-0.00549316
-0.00396729
-0.00396729
-0.00457764
-0.00610352
-0.00823975
-0.00976563
-0.01159668
-0.01342773
-0.01495361
-0.01556396
-0.01525879
-0.01434326
-0.01281738
-0.01190186
-0.01098633
-0.01068115
-0.01068115
-0.01037598
-0.01129150
-0.01251221
-0.01373291
-0.01495361
-0.01586914
-0.01586914
-0.01586914
-0.01495361
-0.01373291
-0.01312256
-0.01190186
-0.01068115
-0.00915527
-0.00732422
-0.00579834
-0.00427246
-0.00366211
-0.00396729
-0.00427246
-0.00427246
-0.00396729
-0.00366211
-0.00396729
-0.00396729
-0.00427246
-0.00457764
-0.00457764
-0.00427246
-0.00366211
-0.00305176
-0.00274658
-0.00305176
-0.00335693
-0.00366211
-0.00427246
-0.00427246
-0.00488281
-0.00518799
-0.00549316
-0.00610352
-0.00640869
-0.00671387
-0.00762939
-0.00823975
-0.00915527
-0.00885010
-0.00885010
-0.00885010
-0.00915527
-0.00915527
-0.00885010
-0.00854492
-0.00793457
-0.00762939
-0.00762939
-0.00823975
-0.00946045
-0.01037598
-0.01129150
-0.01159668
-0.01190186
-0.01251221
-0.01403809
-0.01586914
-0.01739502
-0.01770020
-0.01708984
-0.01586914
-0.01434326
-0.01373291
-0.01373291
-0.01342773
-0.01342773
-0.01342773
-0.01342773
-0.01373291
-0.01342773
-0.01281738
-0.01190186
-0.01098633
-0.00946045
-0.00671387
-0.00366211
-0.00061035
 0.00244141
 0.00610352
 0.00976563
 0.01251221
 0.01403809
 0.01495361
 0.01556396
 0.01586914
 0.01556396
 0.01495361
 0.01434326
 0.01403809
 0.01434326
 0.01556396
 0.01678467
 0.01892090
 0.02136230
 0.02349854
 0.02502441
 0.02685547
 0.02777100
 0.02807617
 0.02746582
 0.02624512
 0.02441406
 0.02258301
 0.02044678
 0.01892090
 0.01708984
 0.01647949
 0.01708984
 0.01831055
 0.01922607
 0.02075195
 0.02227783
 0.02380371
 0.02441406
 0.02410889
 0.02319336
 0.02105713
 0.01892090
 0.01617432
 0.01342773
 0.01068115
 0.00854492
 0.00671387
 0.00549316
 0.00488281
 0.00457764
 0.00549316
 0.00701904
 0.00854492
 0.01007080
 0.01098633
 0.01068115
 0.00946045
 0.00732422
 0.00488281
 0.00274658
 0.00122070
 0.00030518
 0.00000000
 0.00030518
 0.00061035
 0.00122070
 0.00183105
 0.00213623
 0.00366211
 0.00518799
 0.00610352
 0.00640869
 0.00549316
 0.00396729
 0.00213623
-0.00030518
-0.00335693
-0.00671387
-0.00946045
-0.01159668
-0.01281738
-0.01281738
-0.01281738
-0.01251221
-0.01220703
-0.01251221
-0.01312256
-0.01403809
-0.01495361
-0.01586914
-0.01678467
-0.01831055
-0.02014160
-0.02227783
-0.02441406
-0.02655029
-0.02807617
-0.02868652
-0.02899170
-0.02807617
-0.02655029
-0.02471924
-0.02319336
-0.02197266
-0.02166748
-0.02166748
-0.02227783
-0.02319336
-0.02319336
-0.02349854
-0.02410889
-0.02441406
-0.02410889
-0.02349854
-0.02258301
-0.02136230
-0.01953125
-0.01739502
-0.01525879
-0.01312256
-0.01068115
-0.00885010
-0.00701904
-0.00549316
-0.00457764
-0.00396729
-0.00335693
-0.00244141
-0.00122070
 0.00000000
 0.00091553
 0.00244141
 0.00457764
 0.00732422
 0.01007080
 0.01220703
 0.01434326
 0.01586914
 0.01739502
 0.01831055
 0.01922607
 0.01953125
 0.01922607
 0.01892090
 0.01892090
 0.01983643
 0.02075195
 0.02136230
 0.02227783
 0.02319336
 0.02441406
 0.02563477
 0.02685547
 0.02868652
 0.02990723
 0.03082275
 0.03143311
 0.03112793
 0.03021240
 0.02899170
 0.02807617
 0.02807617
 0.02838135
 0.02838135
 0.02838135
 0.02777100
 0.02746582
 0.02716064
 0.02593994
 0.02441406
 0.02288818
 0.02166748
 0.02075195
 0.01922607
 0.01770020
 0.01617432
 0.01464844
 0.01312256
 0.01159668
 0.00946045
 0.00762939
 0.00549316
 0.00396729
 0.00274658
 0.00122070
-0.00061035
-0.00244141
-0.00396729
-0.00549316
-0.00671387
-0.00732422
-0.00793457
-0.00854492
-0.00854492
-0.00885010
-0.00946045
-0.01037598
-0.01159668
-0.01312256
-0.01434326
-0.01525879
-0.01525879
-0.01586914
-0.01647949
-0.01770020
-0.01861572
-0.01953125
-0.01953125
-0.01892090
-0.01800537
-0.01678467
-0.01678467
-0.01739502
-0.01861572
-0.01983643
-0.02105713
-0.02288818
-0.02349854
-0.02380371
-0.02349854
-0.02349854
-0.02319336
-0.02258301
-0.02227783
-0.02197266
-0.02105713
-0.02014160
-0.01922607
-0.01831055
-0.01770020
-0.01800537
-0.01892090
-0.02105713
-0.02258301
-0.02380371
-0.02410889
-0.02441406
-0.02410889
-0.02319336
-0.02166748
-0.01983643
-0.01770020
-0.01586914
-0.01464844
-0.01342773
-0.01220703
-0.01129150
-0.01068115
-0.01037598
-0.01037598
-0.01068115
-0.01037598
-0.00976563
-0.00854492
-0.00671387
-0.00457764
-0.00152588
 0.00274658
 0.00671387
 0.01068115
 0.01373291
 0.01586914
 0.01647949
 0.01647949
 0.01617432
 0.01617432
 0.01647949
 0.01647949
 0.01647949
 0.01647949
 0.01708984
 0.01831055
 0.01953125
 0.02136230
 0.02319336
 0.02563477
 0.02746582
 0.02807617
 0.02838135
 0.02746582
 0.02563477
 0.02288818
 0.02044678
 0.01800537
 0.01586914
 0.01373291
 0.01220703
 0.01159668
 0.01159668
 0.01220703
 0.01373291
 0.01464844
 0.01525879
 0.01525879
 0.01495361
 0.01373291
 0.01159668
 0.00915527
 0.00640869
 0.00396729
 0.00183105
-0.00061035
-0.00305176
-0.00488281
-0.00488281
-0.00305176
-0.00030518
 0.00183105
 0.00335693
 0.00427246
 0.00457764
 0.00488281
 0.00427246
 0.00335693
 0.00152588
-0.00091553
-0.00366211
-0.00610352
-0.00793457
-0.00823975
-0.00793457
-0.00640869
-0.00427246
-0.00183105
 0.00091553
 0.00335693
 0.00488281
 0.00549316
 0.00488281
 0.00335693
 0.00122070
-0.00122070
-0.00366211
-0.00579834
-0.00793457
-0.01007080
-0.01068115
-0.01007080
-0.00854492
-0.00671387
-0.00457764
-0.00244141
-0.00091553
 0.00061035
 0.00152588
 0.00122070
 0.00030518
-0.00152588
-0.00366211
-0.00610352
-0.00854492
-0.01007080
-0.01068115
-0.00976563
-0.00823975
-0.00610352
-0.00396729
-0.00183105
 0.00061035
 0.00335693
 0.00549316
 0.00671387
 0.00701904
 0.00579834
 0.00366211
 0.00152588
-0.00030518
-0.00152588
-0.00213623
-0.00183105
-0.00061035
 0.00091553
 0.00274658
 0.00457764
 0.00640869
 0.00762939
 0.00915527
 0.01037598
 0.01007080
 0.00885010
 0.00701904
 0.00457764
 0.00244141
 0.00000000
-0.00183105
-0.00305176
-0.00305176
-0.00213623
-0.00061035
 0.00122070
 0.00305176
 0.00488281
 0.00549316
 0.00579834
 0.00549316
 0.00488281
 0.00335693
 0.00183105
-0.00030518
-0.00244141
-0.00396729
-0.00518799
-0.00610352
-0.00549316
-0.00488281
-0.00366211
-0.00183105
 0.00061035
 0.00274658
 0.00396729
 0.00366211
 0.00274658
 0.00183105
 0.00000000
-0.00213623
-0.00366211
-0.00488281
-0.00640869
-0.00762939
-0.00823975
-0.00732422
-0.00610352
-0.00457764
-0.00335693
-0.00213623
-0.00091553
-0.00030518
 0.00030518
 0.00030518
-0.00091553
-0.00274658
-0.00518799
-0.00640869
-0.00762939
-0.00885010
-0.01007080
-0.01037598
-0.00946045
-0.00823975
-0.00732422
-0.00640869
-0.00549316
-0.00549316
-0.00518799
-0.00457764
-0.00427246
-0.00488281
-0.00671387
-0.00885010
-0.01037598
-0.01129150
-0.01159668
-0.01129150
-0.01007080
-0.00823975
-0.00671387
-0.00549316
-0.00427246
-0.00274658
-0.00122070
 0.00000000
 0.00122070
 0.00213623
 0.00305176
 0.00366211
 0.00335693
 0.00335693
 0.00305176
 0.00274658
 0.00274658
 0.00335693
 0.00488281
 0.00701904
 0.00915527
 0.01129150
 0.01281738
 0.01342773
 0.01312256
 0.01312256
 0.01251221
 0.01251221
 0.01220703
 0.01129150
 0.01068115
 0.01007080
 0.00946045
 0.00793457
 0.00701904
 0.00701904
 0.00732422
 0.00701904
 0.00671387
 0.00640869
 0.00610352
 0.00488281
 0.00335693
 0.00213623
 0.00122070
 0.00061035
 0.00000000
-0.00061035
-0.00152588
-0.00213623
-0.00274658
-0.00305176
-0.00366211
-0.00335693
-0.00335693
-0.00305176
-0.00335693
-0.00396729
-0.00427246
-0.00396729
-0.00396729
-0.00427246
-0.00396729
-0.00396729
-0.00427246
-0.00427246
-0.00366211
-0.00366211
-0.00427246
-0.00457764
-0.00427246
-0.00305176
-0.00274658
-0.00305176
-0.00274658
-0.00213623
-0.00183105
-0.00152588
-0.00152588
-0.00122070
-0.00122070
-0.00091553
-0.00091553
-0.00061035
-0.00091553
-0.00213623
-0.00305176
-0.00396729
-0.00427246
-0.00488281
-0.00549316
-0.00610352
-0.00518799
-0.00366211
-0.00244141
-0.00183105
-0.00183105
-0.00213623
-0.00244141
-0.00274658
-0.00335693
-0.00396729
-0.00457764
-0.00518799
-0.00549316
-0.00549316
-0.00518799
-0.00488281
-0.00396729
-0.00274658
-0.00091553
 0.00122070
 0.00305176
 0.00396729
 0.00488281
 0.00549316
 0.00579834
 0.00579834
 0.00579834
 0.00549316
 0.00549316
 0.00549316
 0.00610352
 0.00701904
 0.00823975
 0.01007080
 0.01159668
 0.01281738
 0.01403809
 0.01556396
 0.01617432
 0.01586914
 0.01525879
 0.01495361
 0.01464844
 0.01373291
 0.01251221
 0.01129150
 0.01037598
 0.01037598
 0.01068115
 0.01098633
 0.01220703
 0.01342773
 0.01464844
 0.01525879
 0.01495361
 0.01495361
 0.01373291
 0.01190186
 0.01037598
 0.00885010
 0.00762939
 0.00610352
 0.00457764
 0.00396729
 0.00305176
 0.00274658
 0.00274658
 0.00366211
 0.00457764
 0.00457764
 0.00366211
 0.00274658
 0.00213623
 0.00122070
 0.00000000
-0.00183105
-0.00427246
-0.00671387
-0.00823975
-0.00915527
-0.00946045
-0.00915527
-0.00854492
-0.00732422
-0.00671387
-0.00610352
-0.00518799
-0.00457764
-0.00457764
-0.00549316
-0.00640869
-0.00823975
-0.00976563
-0.01129150
-0.01251221
-0.01342773
-0.01373291
-0.01373291
-0.01342773
-0.01251221
-0.01159668
-0.01037598
-0.00915527
-0.00854492
-0.00823975
-0.00823975
-0.00854492
-0.01007080
-0.01190186
-0.01342773
-0.01434326
-0.01464844
-0.01495361
-0.01464844
-0.01403809
-0.01342773
-0.01190186
-0.00976563
-0.00793457
-0.00640869
-0.00549316
-0.00457764
-0.00427246
-0.00457764
-0.00549316
-0.00640869
-0.00671387
-0.00701904
-0.00671387
-0.00610352
-0.00579834
-0.00488281
-0.00274658
-0.00061035
 0.00122070
 0.00274658
 0.00366211
 0.00396729
 0.00457764
 0.00549316
 0.00518799
 0.00457764
 0.00396729
 0.00305176
 0.00244141
 0.00213623
 0.00244141
 0.00335693
 0.00427246
 0.00518799
 0.00610352
 0.00762939
 0.00885010
 0.01007080
 0.01007080
 0.00946045
 0.00885010
 0.00823975
 0.00823975
 0.00793457
 0.00732422
 0.00610352
 0.00488281
 0.00396729
 0.00396729
 0.00427246
 0.00488281
 0.00610352
 0.00701904
 0.00762939
 0.00732422
 0.00671387
 0.00579834
 0.00488281
 0.00366211
 0.00244141
 0.00152588
 0.00122070
 0.00122070
 0.00091553
-0.00030518
-0.00152588
-0.00213623
-0.00213623
-0.00183105
-0.00122070
-0.00061035
-0.00061035
-0.00091553
-0.00091553
-0.00152588
-0.00244141
-0.00366211
-0.00518799
-0.00671387
-0.00762939
-0.00823975
-0.00854492
-0.00854492
-0.00854492
-0.00885010
-0.01007080
-0.01068115
-0.01098633
-0.01098633
-0.01068115
-0.01068115
-0.01129150
-0.01190186
-0.01281738
-0.01373291
-0.01464844
-0.01525879
-0.01495361
-0.01495361
-0.01464844
-0.01403809
-0.01342773
-0.01251221
-0.01190186
-0.01098633
-0.01007080
-0.00885010
-0.00823975
-0.00854492
-0.00854492
-0.00762939
-0.00640869
-0.00579834
-0.00518799
-0.00457764
-0.00335693
-0.00244141
-0.00122070
 0.00030518
 0.00244141
 0.00457764
 0.00640869
 0.00762939
 0.00854492
 0.00976563
 0.01068115
 0.01159668
 0.01220703
 0.01251221
 0.01251221
 0.01281738
 0.01342773
 0.01403809
 0.01434326
 0.01525879
 0.01617432
 0.01739502
 0.01861572
 0.01953125
 0.01983643
 0.02014160
 0.02044678
 0.02105713
 0.02105713
 0.02044678
 0.01983643
 0.01892090
 0.01800537
 0.01708984
 0.01708984
 0.01678467
 0.01647949
 0.01586914
 0.01556396
 0.01525879
 0.01556396
 0.01525879
 0.01495361
 0.01495361
 0.01525879
 0.01525879
 0.01434326
 0.01281738
 0.01159668
 0.01098633
 0.01037598
 0.01007080
 0.00946045
 0.00885010
 0.00823975
 0.00762939
 0.00701904
 0.00671387
 0.00701904
 0.00732422
 0.00762939
 0.00762939
 0.00701904
 0.00579834
 0.00488281
 0.00366211
 0.00244141
 0.00152588
 0.00061035
-0.00061035
-0.00183105
-0.00244141
-0.00274658
-0.00244141
-0.00244141
-0.00274658
-0.00305176
-0.00366211
-0.00427246
-0.00549316
-0.00671387
-0.00793457
-0.00915527
-0.01007080
-0.01190186
-0.01403809
-0.01556396
-0.01617432
-0.01617432
-0.01617432
-0.01586914
-0.01586914
-0.01617432
-0.01556396
-0.01556396
-0.01556396
-0.01617432
-0.01678467
-0.01739502
-0.01800537
-0.01861572
-0.01922607
-0.01953125
-0.02044678
-0.02075195
-0.02014160
-0.01922607
-0.01739502
-0.01586914
-0.01495361
-0.01495361
-0.01434326
-0.01342773
-0.01220703
-0.01129150
-0.01129150
-0.01159668
-0.01220703
-0.01159668
-0.01098633
-0.01037598
-0.00946045
-0.00793457
-0.00640869
-0.00549316
-0.00396729
-0.00274658
-0.00152588
-0.00030518
 0.00061035
 0.00091553
 0.00122070
 0.00122070
 0.00152588
 0.00122070
 0.00122070
 0.00122070
 0.00122070
 0.00183105
 0.00274658
 0.00366211
 0.00457764
 0.00518799
 0.00579834
 0.00671387
 0.00793457
 0.00823975
 0.00823975
 0.00793457
 0.00732422
 0.00701904
 0.00671387
 0.00640869
 0.00579834
 0.00549316
 0.00549316
 0.00610352
 0.00671387
 0.00762939
 0.00854492
 0.00915527
 0.00976563
 0.01037598
 0.01037598
 0.01007080
 0.00976563
 0.00946045
 0.00915527
 0.00823975
 0.00762939
 0.00701904
 0.00671387
 0.00610352
 0.00610352
 0.00640869
 0.00671387
 0.00701904
 0.00701904
 0.00701904
 0.00732422
 0.00732422
 0.00701904
 0.00701904
 0.00610352
 0.00549316
 0.00427246
 0.00335693
 0.00274658
 0.00183105
 0.00152588
 0.00183105
 0.00213623
 0.00213623
 0.00213623
 0.00183105
 0.00183105
 0.00122070
 0.00091553
 0.00091553
 0.00061035
 0.00000000
-0.00061035
-0.00183105
-0.00305176
-0.00427246
-0.00488281
-0.00518799
-0.00457764
-0.00457764
-0.00427246
-0.00396729
-0.00305176
-0.00244141
-0.00244141
-0.00335693
-0.00427246
-0.00488281
-0.00549316
-0.00671387
-0.00762939
-0.00823975
-0.00823975
-0.00854492
-0.00915527
-0.00915527
-0.00885010
-0.00762939
-0.00610352
-0.00457764
-0.00366211
-0.00305176
-0.00305176
-0.00335693
-0.00396729
-0.00488281
-0.00610352
-0.00671387
-0.00762939
-0.00823975
-0.00823975
-0.00793457
-0.00793457
-0.00762939
-0.00671387
-0.00549316
-0.00427246
-0.00335693
-0.00274658
-0.00244141
-0.00213623
-0.00213623
-0.00244141
-0.00335693
-0.00427246
-0.00488281
-0.00488281
-0.00488281
-0.00488281
-0.00457764
-0.00335693
-0.00183105
-0.00030518
 0.00122070
 0.00183105
 0.00213623
 0.00274658
 0.00305176
 0.00305176
 0.00274658
 0.00183105
 0.00091553
 0.00061035
 0.00000000
 0.00000000
 0.00030518
 0.00122070
 0.00213623
 0.00274658
 0.00274658
 0.00305176
 0.00335693
 0.00396729
 0.00427246
 0.00396729
 0.00366211
 0.00335693
 0.00244141
 0.00183105
 0.00122070
 0.00061035
 0.00061035
 0.00091553
 0.00122070
 0.00213623
 0.00366211
 0.00457764
 0.00457764
 0.00457764
 0.00457764
 0.00427246
 0.00396729
 0.00396729
 0.00366211
 0.00305176
 0.00244141
 0.00244141
 0.00244141
 0.00274658
 0.00305176
 0.00335693
 0.00427246
 0.00549316
 0.00671387
 0.00701904
 0.00701904
 0.00701904
 0.00671387
 0.00579834
 0.00549316
 0.00457764
 0.00396729
 0.00366211
 0.00335693
 0.00366211
 0.00396729
 0.00427246
 0.00427246
 0.00457764
 0.00549316
 0.00671387
 0.00732422
 0.00732422
 0.00732422
 0.00671387
 0.00640869
 0.00610352
 0.00579834
 0.00518799
 0.00457764
 0.00396729
 0.00335693
 0.00335693
 0.00335693
 0.00366211
 0.00366211
 0.00457764
 0.00488281
 0.00518799
 0.00549316
 0.00579834
 0.00549316
 0.00518799
 0.00457764
 0.00396729
 0.00335693
 0.00305176
 0.00305176
 0.00305176
 0.00305176
 0.00274658
 0.00335693
 0.00366211
 0.00457764
 0.00549316
 0.00610352
 0.00671387
 0.00701904
 0.00701904
 0.00671387
 0.00640869
 0.00518799
 0.00366211
 0.00244141
 0.00152588
 0.00122070
 0.00122070
 0.00091553
 0.00122070
 0.00122070
 0.00122070
 0.00152588
 0.00152588
 0.00122070
 0.00091553
 0.00000000
-0.00091553
-0.00183105
-0.00305176
-0.00396729
-0.00488281
-0.00610352
-0.00732422
-0.00762939
-0.00701904
-0.00671387
-0.00640869
-0.00579834
-0.00579834
-0.00488281
-0.00518799
-0.00610352
-0.00671387
-0.00762939
-0.00885010
-0.01007080
-0.01098633
-0.01190186
-0.01251221
-0.01342773
-0.01312256
-0.01312256
-0.01281738
-0.01251221
-0.01251221
-0.01159668
-0.01068115
-0.01037598
-0.01068115
-0.01159668
-0.01190186
-0.01220703
-0.01312256
-0.01434326
-0.01495361
-0.01495361
-0.01464844
-0.01403809
-0.01312256
-0.01190186
-0.01068115
-0.00946045
-0.00823975
-0.00793457
-0.00793457
-0.00793457
-0.00823975
-0.00885010
-0.00915527
-0.00915527
-0.00946045
-0.00946045
-0.00915527
-0.00854492
-0.00854492
-0.00823975
-0.00762939
-0.00701904
-0.00610352
-0.00518799
-0.00488281
-0.00457764
-0.00457764
-0.00427246
-0.00457764
-0.00457764
-0.00457764
-0.00427246
-0.00457764
-0.00427246
-0.00366211
-0.00274658
-0.00122070
 0.00000000
 0.00061035
 0.00091553
 0.00183105
 0.00305176
 0.00488281
 0.00579834
 0.00610352
 0.00579834
 0.00610352
 0.00640869
 0.00701904
 0.00762939
 0.00793457
 0.00793457
 0.00793457
 0.00854492
 0.00915527
 0.01037598
 0.01098633
 0.01129150
 0.01159668
 0.01159668
 0.01190186
 0.01190186
 0.01190186
 0.01129150
 0.01098633
 0.01037598
 0.00976563
 0.00885010
 0.00854492
 0.00823975
 0.00854492
 0.00854492
 0.00854492
 0.00885010
 0.00915527
 0.00915527
 0.00885010
 0.00854492
 0.00793457
 0.00732422
 0.00671387
 0.00610352
 0.00488281
 0.00396729
 0.00366211
 0.00305176
 0.00244141
 0.00244141
 0.00244141
 0.00244141
 0.00213623
 0.00213623
 0.00183105
 0.00183105
 0.00152588
 0.00152588
 0.00122070
 0.00122070
 0.00122070
 0.00030518
-0.00091553
-0.00213623
-0.00274658
-0.00244141
-0.00152588
-0.00061035
 0.00030518
 0.00091553
 0.00122070
 0.00122070
 0.00122070
 0.00122070
 0.00091553
 0.00091553
 0.00030518
 0.00000000
-0.00091553
-0.00152588
-0.00183105
-0.00213623
-0.00274658
-0.00305176
-0.00305176
-0.00274658
-0.00274658
-0.00244141
-0.00213623
-0.00213623
-0.00244141
-0.00244141
-0.00244141
-0.00305176
-0.00396729
-0.00488281
-0.00488281
-0.00457764
-0.00396729
-0.00366211
-0.00335693
-0.00335693
-0.00335693
-0.00274658
-0.00244141
-0.00183105
-0.00091553
 0.00000000
 0.00061035
 0.00061035
 0.00030518
 0.00000000
-0.00030518
 0.00000000
 0.00000000
 0.00000000
 0.00030518
 0.00030518
 0.00091553
 0.00122070
 0.00152588
 0.00152588
 0.00152588
 0.00152588
 0.00183105
 0.00213623
 0.00213623
 0.00213623
 0.00213623
 0.00183105
 0.00183105
 0.00183105
 0.00183105
 0.00183105
 0.00183105
 0.00183105
 0.00183105
 0.00213623
 0.00274658
 0.00274658
 0.00274658
 0.00274658
 0.00274658
 0.00274658
 0.00244141
 0.00213623
 0.00183105
 0.00152588
 0.00091553
 0.00000000
-0.00030518
-0.00030518
-0.00030518
 0.00000000
-0.00030518
-0.00030518
 0.00000000
 0.00000000
 0.00061035
 0.00091553
 0.00091553
 0.00061035
 0.00061035
 0.00000000
-0.00152588
-0.00244141
-0.00244141
-0.00274658
-0.00305176
-0.00305176
-0.00335693
-0.00274658
-0.00183105
-0.00152588
-0.00091553
-0.00061035
-0.00030518
-0.00030518
-0.00030518
-0.00091553
-0.00122070
-0.00213623
-0.00274658
-0.00335693
-0.00457764
-0.00488281
-0.00518799
-0.00518799
-0.00488281
-0.00427246
-0.00305176
-0.00213623
-0.00152588
-0.00183105
-0.00183105
-0.00213623
-0.00244141
-0.00305176
-0.00396729
-0.00488281
-0.00549316
-0.00610352
-0.00610352
-0.00579834
-0.00549316
-0.00518799
-0.00366211
-0.00244141
-0.00152588
-0.00122070
-0.00091553
-0.00122070
-0.00183105
-0.00213623
-0.00244141
-0.00244141
-0.00274658
-0.00335693
-0.00427246
-0.00457764
-0.00396729
-0.00335693
-0.00183105
-0.00061035
 0.00030518
 0.00091553
 0.00183105
 0.00213623
 0.00244141
 0.00213623
 0.00152588
 0.00061035
-0.00030518
-0.00122070
-0.00152588
-0.00152588
-0.00091553
 0.00000000
 0.00061035
 0.00152588
 0.00244141
 0.00366211
 0.00427246
 0.00427246
 0.00396729
 0.00366211
 0.00335693
 0.00244141
 0.00122070
 0.00000000
-0.00091553
-0.00122070
-0.00091553
-0.00061035
 0.00000000
 0.00030518
 0.00030518
 0.00091553
 0.00122070
 0.00183105
 0.00183105
 0.00152588
 0.00061035
-0.00030518
-0.00122070
-0.00213623
-0.00305176
-0.00366211
-0.00396729
-0.00366211
-0.00305176
-0.00244141
-0.00213623
-0.00183105
-0.00061035
 0.00030518
 0.00061035
 0.00030518
-0.00061035
-0.00152588
-0.00244141
-0.00335693
-0.00457764
-0.00549316
-0.00610352
-0.00640869
-0.00610352
-0.00549316
-0.00518799
-0.00427246
-0.00366211
-0.00305176
-0.00244141
-0.00213623
-0.00213623
-0.00274658
-0.00366211
-0.00457764
-0.00518799
-0.00549316
-0.00579834
-0.00610352
-0.00579834
-0.00549316
-0.00488281
-0.00366211
-0.00244141
-0.00122070
-0.00030518
 0.00030518
 0.00061035
 0.00091553
 0.00122070
 0.00091553
 0.00030518
-0.00061035
-0.00152588
-0.00152588
-0.00122070
-0.00091553
-0.00030518
 0.00030518
 0.00152588
 0.00335693
 0.00488281
 0.00549316
 0.00518799
 0.00549316
 0.00579834
 0.00579834
 0.00549316
 0.00518799
 0.00488281
 0.00457764
 0.00427246
 0.00427246
 0.00457764
 0.00518799
 0.00610352
 0.00701904
 0.00762939
 0.00793457
 0.00854492
 0.00885010
 0.00915527
 0.00946045
 0.00946045
 0.00885010
 0.00823975
 0.00701904
 0.00640869
 0.00671387
 0.00671387
 0.00640869
 0.00640869
 0.00671387
 0.00671387
 0.00701904
 0.00732422
 0.00732422
 0.00701904
 0.00671387
 0.00610352
 0.00579834
 0.00518799
 0.00427246
 0.00305176
 0.00183105
 0.00152588
 0.00152588
 0.00152588
 0.00122070
 0.00061035
 0.00061035
 0.00091553
 0.00183105
 0.00183105
 0.00122070
 0.00061035
 0.00000000
-0.00091553
-0.00213623
-0.00335693
-0.00427246
-0.00488281
-0.00549316
-0.00610352
-0.00640869
-0.00671387
-0.00671387
-0.00671387
-0.00640869
-0.00640869
-0.00640869
-0.00671387
-0.00701904
-0.00732422
-0.00762939
-0.00793457
-0.00854492
-0.00915527
-0.00946045
-0.00976563
-0.01007080
-0.01007080
-0.01007080
-0.00915527
-0.00854492
-0.00823975
-0.00732422
-0.00671387
-0.00640869
-0.00640869
-0.00701904
-0.00701904
-0.00732422
-0.00732422
-0.00762939
-0.00762939
-0.00793457
-0.00793457
-0.00793457
-0.00762939
-0.00701904
-0.00671387
-0.00579834
-0.00488281
-0.00457764
-0.00427246
-0.00366211
-0.00396729
-0.00396729
-0.00396729
-0.00427246
-0.00396729
-0.00366211
-0.00366211
-0.00305176
-0.00244141
-0.00183105
-0.00122070
-0.00061035
 0.00000000
 0.00061035
 0.00061035
 0.00122070
 0.00122070
 0.00152588
 0.00152588
 0.00183105
 0.00152588
 0.00152588
 0.00152588
 0.00183105
 0.00213623
 0.00244141
 0.00274658
 0.00335693
 0.00427246
 0.00488281
 0.00518799
 0.00579834
 0.00579834
 0.00549316
 0.00518799
 0.00488281
 0.00488281
 0.00518799
 0.00549316
 0.00579834
 0.00579834
 0.00518799
 0.00427246
 0.00427246
 0.00488281
 0.00579834
 0.00640869
 0.00610352
 0.00549316
 0.00457764
 0.00396729
 0.00335693
 0.00305176
 0.00244141
 0.00213623
 0.00183105
 0.00183105
 0.00152588
 0.00091553
 0.00030518
 0.00030518
 0.00030518
 0.00030518
 0.00000000
 0.00000000
-0.00061035
-0.00122070
-0.00152588
-0.00183105
-0.00183105
-0.00213623
-0.00183105
-0.00244141
-0.00244141
-0.00274658
-0.00305176
-0.00335693
-0.00305176
-0.00274658
-0.00274658
-0.00335693
-0.00396729
-0.00366211
-0.00335693
-0.00305176
-0.00305176
-0.00305176
-0.00305176
-0.00396729
-0.00457764
-0.00427246
-0.00366211
-0.00335693
-0.00396729
-0.00427246
-0.00457764
-0.00457764
-0.00488281
-0.00518799
-0.00488281
-0.00427246
-0.00335693
-0.00305176
-0.00305176
-0.00305176
-0.00305176
-0.00305176
-0.00305176
-0.00305176
-0.00305176
-0.00274658
-0.00305176
-0.00335693
-0.00335693
-0.00335693
-0.00305176
-0.00244141
-0.00213623
-0.00183105
-0.00152588
-0.00091553
-0.00030518
-0.00030518
-0.00091553
-0.00122070
-0.00152588
-0.00183105
-0.00152588
-0.00152588
-0.00152588
-0.00152588
-0.00091553
 0.00000000
 0.00091553
 0.00091553
 0.00061035
 0.00091553
 0.00152588
 0.00183105
 0.00213623
 0.00213623
 0.00213623
 0.00183105
 0.00122070
 0.00091553
 0.00122070
 0.00152588
 0.00213623
 0.00244141
 0.00335693
 0.00427246
 0.00457764
 0.00488281
 0.00488281
 0.00488281
 0.00488281
 0.00488281
 0.00457764
 0.00396729
 0.00335693
 0.00274658
 0.00213623
 0.00183105
 0.00213623
 0.00213623
 0.00244141
 0.00244141
 0.00274658
 0.00335693
 0.00396729
 0.00427246
 0.00396729
 0.00366211
 0.00305176
 0.00244141
 0.00183105
 0.00183105
 0.00122070
 0.00061035
 0.00061035
 0.00061035
 0.00091553
 0.00122070
 0.00152588
 0.00244141
 0.00335693
 0.00366211
 0.00396729
 0.00366211
 0.00335693
 0.00274658
 0.00213623
 0.00122070
 0.00061035
 0.00030518
 0.00000000
 0.00000000
 0.00000000
 0.00030518
 0.00000000
 0.00030518
 0.00091553
 0.00152588
 0.00274658
 0.00305176
 0.00305176
 0.00244141
 0.00183105
 0.00091553
 0.00000000
-0.00030518
 0.00000000
 0.00000000
-0.00030518
-0.00061035
-0.00061035
-0.00030518
 0.00000000
 0.00000000
-0.00030518
 0.00000000
-0.00061035
-0.00061035
-0.00091553
-0.00122070
-0.00213623
-0.00335693
-0.00427246
-0.00518799
-0.00518799
-0.00549316
-0.00579834
-0.00579834
-0.00518799
-0.00457764
-0.00427246
-0.00396729
-0.00335693
-0.00335693
-0.00366211
-0.00427246
-0.00457764
-0.00518799
-0.00579834
-0.00610352
-0.00640869
-0.00671387
-0.00610352
-0.00579834
-0.00579834
-0.00488281
-0.00427246
-0.00396729
-0.00366211
-0.00366211
-0.00457764
-0.00518799
-0.00549316
-0.00610352
-0.00671387
-0.00732422
-0.00823975
-0.00885010
-0.00885010
-0.00854492
-0.00823975
-0.00823975
-0.00762939
-0.00640869
-0.00579834
-0.00549316
-0.00518799
-0.00518799
-0.00549316
-0.00579834
-0.00579834
-0.00579834
-0.00640869
-0.00671387
-0.00671387
-0.00671387
-0.00671387
-0.00640869
-0.00579834
-0.00579834
-0.00488281
-0.00427246
-0.00335693
-0.00305176
-0.00305176
-0.00366211
-0.00427246
-0.00488281
-0.00457764
-0.00427246
-0.00457764
-0.00488281
-0.00427246
-0.00335693
-0.00305176
-0.00274658
-0.00183105
-0.00122070
-0.00091553
-0.00030518
 0.00030518
 0.00091553
 0.00122070
 0.00091553
 0.00091553
 0.00061035
 0.00061035
 0.00030518
 0.00030518
 0.00091553
 0.00152588
 0.00244141
 0.00305176
 0.00396729
 0.00488281
 0.00579834
 0.00610352
 0.00671387
 0.00701904
 0.00701904
 0.00671387
 0.00671387
 0.00610352
 0.00610352
 0.00610352
 0.00579834
 0.00579834
 0.00610352
 0.00640869
 0.00671387
 0.00762939
 0.00854492
 0.00946045
 0.00976563
 0.00946045
 0.00946045
 0.00915527
 0.00885010
 0.00885010
 0.00854492
 0.00823975
 0.00762939
 0.00732422
 0.00732422
 0.00732422
 0.00732422
 0.00732422
 0.00762939
 0.00793457
 0.00793457
 0.00793457
 0.00762939
 0.00732422
 0.00701904
 0.00671387
 0.00610352
 0.00549316
 0.00457764
 0.00366211
 0.00305176
 0.00305176
 0.00305176
 0.00305176
 0.00305176
 0.00274658
 0.00305176
 0.00335693
 0.00305176
 0.00244141
 0.00183105
 0.00122070
 0.00061035
 0.00030518
 0.00000000
-0.00122070
-0.00244141
-0.00305176
-0.00244141
-0.00183105
-0.00183105
-0.00244141
-0.00274658
-0.00305176
-0.00274658
-0.00305176
-0.00335693
-0.00396729
-0.00488281
-0.00579834
-0.00610352
-0.00701904
-0.00793457
-0.00854492
-0.00854492
-0.00854492
-0.00885010
-0.00885010
-0.00885010
-0.00885010
-0.00885010
-0.00915527
-0.00915527
-0.00915527
-0.00885010
-0.00854492
-0.00854492
-0.00854492
-0.00885010
-0.00885010
-0.00854492
-0.00885010
-0.00885010
-0.00885010
-0.00885010
-0.00854492
-0.00762939
-0.00701904
-0.00671387
-0.00671387
-0.00671387
-0.00640869
-0.00579834
-0.00518799
-0.00488281
-0.00488281
-0.00427246
-0.00396729
-0.00427246
-0.00457764
-0.00457764
-0.00457764
-0.00396729
-0.00305176
-0.00244141
-0.00152588
-0.00061035
-0.00061035
 0.00000000
 0.00061035
 0.00091553
 0.00122070
 0.00122070
 0.00152588
 0.00152588
 0.00152588
 0.00183105
 0.00213623
 0.00244141
 0.00274658
 0.00335693
 0.00427246
 0.00518799
 0.00549316
 0.00610352
 0.00671387
 0.00701904
 0.00701904
 0.00640869
 0.00640869
 0.00610352
 0.00610352
 0.00579834
 0.00549316
 0.00549316
 0.00610352
 0.00701904
 0.00732422
 0.00762939
 0.00793457
 0.00823975
 0.00854492
 0.00854492
 0.00823975
 0.00793457
 0.00732422
 0.00671387
 0.00579834
 0.00488281
 0.00427246
 0.00396729
 0.00366211
 0.00366211
 0.00396729
 0.00427246
 0.00427246
 0.00396729
 0.00396729
 0.00427246
 0.00366211
 0.00274658
 0.00213623
 0.00122070
 0.00061035
-0.00030518
-0.00122070
-0.00244141
-0.00305176
-0.00335693
-0.00335693
-0.00274658
-0.00244141
-0.00274658
-0.00305176
-0.00305176
-0.00366211
-0.00457764
-0.00549316
-0.00610352
-0.00640869
-0.00701904
-0.00762939
-0.00793457
-0.00823975
-0.00823975
-0.00854492
-0.00854492
-0.00823975
-0.00762939
-0.00701904
-0.00640869
-0.00701904
-0.00762939
-0.00793457
-0.00823975
-0.00854492
-0.00854492
-0.00854492
-0.00854492
-0.00885010
-0.00823975
-0.00793457
-0.00793457
-0.00793457
-0.00732422
-0.00640869
-0.00579834
-0.00549316
-0.00549316
-0.00518799
-0.00488281
-0.00488281
-0.00549316
-0.00640869
-0.00671387
-0.00640869
-0.00549316
-0.00488281
-0.00457764
-0.00427246
-0.00396729
-0.00305176
-0.00274658
-0.00274658
-0.00213623
-0.00122070
-0.00122070
-0.00122070
-0.00152588
-0.00122070
-0.00091553
-0.00091553
-0.00122070
-0.00152588
-0.00122070
-0.00030518
 0.00030518
 0.00122070
 0.00183105
 0.00213623
 0.00274658
 0.00335693
 0.00335693
 0.00366211
 0.00366211
 0.00396729
 0.00427246
 0.00427246
 0.00396729
 0.00427246
 0.00457764
 0.00488281
 0.00488281
 0.00549316
 0.00549316
 0.00610352
 0.00640869
 0.00640869
 0.00671387
 0.00671387
 0.00671387
 0.00671387
 0.00671387
 0.00671387
 0.00671387
 0.00640869
 0.00610352
 0.00579834
 0.00579834
 0.00549316
 0.00549316
 0.00579834
 0.00549316
 0.00549316
 0.00549316
 0.00488281
 0.00427246
 0.00396729
 0.00366211
 0.00335693
 0.00305176
 0.00274658
 0.00183105
 0.00091553
 0.00122070
 0.00152588
 0.00213623
 0.00213623
 0.00213623
 0.00213623
 0.00183105
 0.00122070
 0.00091553
 0.00061035
 0.00030518
-0.00030518
-0.00122070
-0.00183105
-0.00213623
-0.00213623
-0.00244141
-0.00274658
-0.00244141
-0.00213623
-0.00122070
-0.00091553
-0.00091553
-0.00122070
-0.00122070
-0.00091553
-0.00152588
-0.00183105
-0.00213623
-0.00244141
-0.00274658
-0.00305176
-0.00305176
-0.00305176
-0.00335693
-0.00274658
-0.00213623
-0.00213623
-0.00213623
-0.00213623
-0.00213623
-0.00213623
-0.00244141
-0.00274658
-0.00305176
-0.00305176
-0.00335693
-0.00335693
-0.00335693
-0.00335693
-0.00366211
-0.00396729
-0.00366211
-0.00335693
-0.00335693
-0.00305176
-0.00305176
-0.00305176
-0.00305176
-0.00305176
-0.00305176
-0.00274658
-0.00305176
-0.00305176
-0.00335693
-0.00274658
-0.00213623
-0.00183105
-0.00213623
-0.00183105
-0.00122070
-0.00091553
-0.00122070
-0.00183105
-0.00183105
-0.00152588
-0.00122070
-0.00122070
-0.00091553
-0.00091553
-0.00122070
-0.00152588
-0.00152588
-0.00061035
 0.00000000
 0.00061035
 0.00030518
 0.00030518
 0.00061035
 0.00030518
 0.00030518
 0.00030518
 0.00030518
 0.00030518
 0.00000000
-0.00030518
-0.00030518
-0.00030518
 0.00000000
 0.00000000
-0.00030518
-0.00061035
-0.00030518
 0.00000000
 0.00030518
 0.00061035
 0.00030518
 0.00000000
 0.00000000
-0.00030518
-0.00030518
-0.00091553
-0.00091553
-0.00061035
 0.00000000
 0.00000000
 0.00030518
 0.00061035
 0.00122070
 0.00152588
 0.00122070
 0.00091553
 0.00091553
 0.00091553
 0.00030518
 0.00030518
 0.00030518
 0.00061035
 0.00091553
 0.00030518
-0.00030518
-0.00030518
 0.00030518
 0.00061035
 0.00061035
 0.00000000
-0.00030518
 0.00000000
 0.00061035
 0.00091553
 0.00091553
 0.00091553
 0.00091553
 0.00091553
 0.00091553
 0.00061035
 0.00091553
 0.00091553
 0.00091553
 0.00091553
 0.00122070
 0.00152588
 0.00091553
 0.00061035
 0.00061035
 0.00030518
 0.00000000
 0.00000000
 0.00030518
 0.00030518
 0.00030518
 0.00030518
 0.00030518
 0.00061035
 0.00091553
 0.00091553
 0.00091553
 0.00030518
 0.00061035
 0.00061035
 0.00061035
 0.00000000
-0.00030518
-0.00030518
-0.00061035
-0.00061035
-0.00122070
-0.00152588
-0.00183105
-0.00152588
-0.00152588
-0.00091553
-0.00061035
-0.00030518
-0.00091553
-0.00183105
-0.00213623
-0.00183105
-0.00183105
-0.00213623
-0.00244141
-0.00244141
-0.00213623
-0.00244141
-0.00305176
-0.00335693
-0.00305176
-0.00244141
-0.00213623
-0.00213623
-0.00213623
-0.00244141
-0.00244141
-0.00274658
-0.00274658
-0.00305176
-0.00274658
-0.00305176
-0.00366211
-0.00396729
-0.00396729
-0.00396729
-0.00396729
-0.00396729
-0.00366211
-0.00335693
-0.00335693
-0.00335693
-0.00335693
-0.00366211
-0.00396729
-0.00396729
-0.00335693
-0.00274658
-0.00305176
-0.00366211
-0.00396729
-0.00366211
-0.00305176
-0.00274658
-0.00244141
-0.00213623
-0.00183105
-0.00213623
-0.00183105
-0.00152588
-0.00122070
-0.00122070
-0.00122070
-0.00061035
-0.00061035
-0.00061035
-0.00061035
-0.00030518
 0.00000000
 0.00000000
 0.00000000
 0.00061035
 0.00122070
 0.00152588
 0.00183105
 0.00152588
 0.00183105
 0.00274658
 0.00274658
 0.00274658
 0.00274658
 0.00305176
 0.00274658
 0.00305176
 0.00335693
 0.00366211
 0.00366211
 0.00396729
 0.00427246
 0.00488281
 0.00549316
 0.00549316
 0.00518799
 0.00518799
 0.00457764
 0.00427246
 0.00427246
 0.00427246
 0.00457764
 0.00457764
 0.00488281
 0.00457764
 0.00488281
 0.00488281
 0.00427246
 0.00396729
 0.00427246
 0.00488281
 0.00488281
 0.00427246
 0.00335693
 0.00305176
 0.00335693
 0.00335693
 0.00305176
 0.00213623
 0.00213623
 0.00244141
 0.00274658
 0.00305176
 0.00305176
 0.00305176
 0.00274658
 0.00305176
 0.00366211
 0.00335693
 0.00244141
 0.00152588
 0.00122070
 0.00091553
 0.00030518
-0.00030518
-0.00061035
-0.00091553
-0.00061035
-0.00061035
-0.00091553
-0.00091553
-0.00061035
-0.00030518
-0.00030518
-0.00091553
-0.00122070
-0.00152588
-0.00183105
-0.00213623
-0.00244141
-0.00274658
-0.00305176
-0.00305176
-0.00274658
-0.00244141
-0.00213623
-0.00183105
-0.00152588
-0.00183105
-0.00183105
-0.00183105
-0.00183105
-0.00213623
-0.00213623
-0.00305176
-0.00335693
-0.00335693
-0.00366211
-0.00335693
-0.00335693
-0.00274658
-0.00183105
-0.00122070
-0.00091553
-0.00061035
-0.00061035
-0.00061035
-0.00122070
-0.00152588
-0.00152588
-0.00183105
-0.00213623
-0.00274658
-0.00305176
-0.00274658
-0.00183105
-0.00091553
-0.00061035
-0.00030518
 0.00030518
 0.00061035
 0.00091553
 0.00122070
 0.00091553
 0.00091553
 0.00061035
 0.00030518
 0.00030518
 0.00030518
 0.00030518
 0.00000000
 0.00000000
 0.00030518
 0.00061035
 0.00122070
 0.00183105
 0.00183105
 0.00183105
 0.00122070
 0.00091553
 0.00061035
 0.00030518
 0.00030518
 0.00030518
 0.00000000
 0.00000000
 0.00000000
-0.00061035
-0.00091553
-0.00152588
-0.00122070
-0.00061035
 0.00000000
-0.00030518
-0.00061035
-0.00061035
-0.00061035
-0.00091553
-0.00183105
-0.00244141
-0.00274658
-0.00274658
-0.00305176
-0.00366211
-0.00366211
-0.00396729
-0.00335693
-0.00335693
-0.00335693
-0.00335693
-0.00335693
-0.00396729
-0.00427246
-0.00427246
-0.00488281
-0.00488281
-0.00488281
-0.00488281
-0.00518799
-0.00549316
-0.00549316
-0.00518799
-0.00549316
-0.00549316
-0.00579834
-0.00579834
-0.00579834
-0.00579834
-0.00579834
-0.00579834
-0.00610352
-0.00610352
-0.00640869
-0.00610352
-0.00549316
-0.00549316
-0.00579834
-0.00610352
-0.00610352
-0.00579834
-0.00549316
-0.00579834
-0.00610352
-0.00640869
-0.00671387
-0.00701904
-0.00640869
-0.00549316
-0.00518799
-0.00488281
-0.00488281
-0.00457764
-0.00427246
-0.00427246
-0.00366211
-0.00305176
-0.00274658
-0.00213623
-0.00183105
-0.00152588
-0.00152588
-0.00152588
-0.00122070
-0.00091553
-0.00061035
 0.00030518
 0.00061035
 0.00091553
 0.00122070
 0.00122070
 0.00152588
 0.00122070
 0.00183105
 0.00244141
 0.00274658
 0.00274658
 0.00274658
 0.00335693
 0.00396729
 0.00427246
 0.00427246
 0.00457764
 0.00488281
 0.00549316
 0.00640869
 0.00701904
 0.00701904
 0.00732422
 0.00732422
 0.00701904
 0.00701904
 0.00671387
 0.00701904
 0.00762939
 0.00793457
 0.00793457
 0.00793457
 0.00823975
 0.00854492
 0.00854492
 0.00854492
 0.00885010
 0.00915527
 0.00946045
 0.00976563
 0.00946045
 0.00885010
 0.00793457
 0.00762939
 0.00793457
 0.00823975
 0.00854492
 0.00854492
 0.00823975
 0.00823975
 0.00823975
 0.00823975
 0.00793457
 0.00793457
 0.00823975
 0.00854492
 0.00823975
 0.00732422
 0.00671387
 0.00671387
 0.00671387
 0.00671387
 0.00640869
 0.00610352
 0.00579834
 0.00549316
 0.00518799
 0.00518799
 0.00488281
 0.00396729
 0.00366211
 0.00335693
 0.00274658
 0.00244141
 0.00183105
 0.00122070
 0.00091553
 0.00122070
 0.00122070
 0.00061035
 0.00000000
-0.00030518
-0.00030518
-0.00030518
-0.00061035
-0.00091553
-0.00152588
-0.00152588
-0.00152588
-0.00152588
-0.00213623
-0.00244141
-0.00305176
-0.00305176
-0.00335693
-0.00366211
-0.00427246
-0.00427246
-0.00427246
-0.00427246
-0.00427246
-0.00457764
-0.00518799
-0.00549316
-0.00549316
-0.00549316
-0.00579834
-0.00579834
-0.00610352
-0.00610352
-0.00701904
-0.00762939
-0.00762939
-0.00762939
-0.00762939
-0.00762939
-0.00762939
-0.00701904
-0.00671387
-0.00701904
-0.00732422
-0.00701904
-0.00640869
-0.00640869
-0.00671387
-0.00732422
-0.00732422
-0.00732422
-0.00701904
-0.00671387
-0.00671387
-0.00671387
-0.00640869
-0.00610352
-0.00610352
-0.00579834
-0.00549316
-0.00488281
-0.00427246
-0.00396729
-0.00427246
-0.00488281
-0.00488281
-0.00457764
-0.00427246
-0.00457764
-0.00488281
-0.00488281
-0.00457764
-0.00427246
-0.00366211
-0.00335693
-0.00335693
-0.00366211
-0.00335693
-0.00274658
-0.00183105
-0.00183105
-0.00244141
-0.00213623
-0.00183105
-0.00183105
-0.00152588
-0.00152588
-0.00122070
-0.00061035
-0.00030518
-0.00061035
-0.00030518
 0.00030518
 0.00061035
 0.00061035
 0.00030518
 0.00030518
 0.00061035
 0.00061035
 0.00030518
 0.00000000
 0.00000000
 0.00030518
 0.00030518
 0.00061035
 0.00122070
 0.00152588
 0.00152588
 0.00183105
 0.00244141
 0.00274658
 0.00274658
 0.00274658
 0.00244141
 0.00244141
 0.00244141
 0.00213623
 0.00152588
 0.00152588
 0.00213623
 0.00274658
 0.00274658
 0.00274658
 0.00335693
 0.00396729
 0.00427246
 0.00427246
 0.00427246
 0.00396729
 0.00396729
 0.00427246
 0.00427246
 0.00396729
 0.00366211
 0.00335693
 0.00335693
 0.00366211
 0.00427246
 0.00457764
 0.00457764
 0.00427246
 0.00457764
 0.00488281
 0.00549316
 0.00579834
 0.00549316
 0.00488281
 0.00427246
 0.00366211
 0.00396729
 0.00396729
 0.00335693
 0.00274658
 0.00274658
 0.00335693
 0.00335693
 0.00366211
 0.00366211
 0.00396729
 0.00366211
 0.00335693
 0.00335693
 0.00335693
 0.00274658
 0.00244141
 0.00213623
 0.00183105
 0.00122070
 0.00030518
-0.00030518
-0.00061035
-0.00061035
-0.00030518
 0.00000000
 0.00030518
 0.00000000
 0.00000000
 0.00000000
-0.00030518
-0.00061035
-0.00091553
-0.00152588
-0.00213623
-0.00244141
-0.00274658
-0.00305176
-0.00335693
-0.00366211
-0.00366211
-0.00305176
-0.00274658
-0.00274658
-0.00244141
-0.00244141
-0.00305176
-0.00335693
-0.00366211
-0.00396729
-0.00457764
-0.00488281
-0.00518799
-0.00518799
-0.00549316
-0.00549316
-0.00518799
-0.00518799
-0.00549316
-0.00518799
-0.00457764
-0.00457764
-0.00427246
-0.00457764
-0.00427246
-0.00457764
-0.00518799
-0.00579834
-0.00549316
-0.00518799
-0.00488281
-0.00488281
-0.00518799
-0.00518799
-0.00488281
-0.00488281
-0.00427246
-0.00335693
-0.00244141
-0.00213623
-0.00244141
-0.00305176
-0.00335693
-0.00335693
-0.00366211
-0.00335693
-0.00305176
-0.00305176
-0.00274658
-0.00244141
-0.00213623
-0.00213623
-0.00152588
-0.00091553
-0.00030518
 0.00030518
 0.00061035
 0.00061035
 0.00030518
 0.00061035
 0.00091553
 0.00061035
 0.00061035
 0.00091553
 0.00091553
 0.00091553
 0.00122070
 0.00183105
 0.00244141
 0.00305176
 0.00366211
 0.00366211
 0.00366211
 0.00396729
 0.00427246
 0.00396729
 0.00396729
 0.00427246
 0.00457764
 0.00488281
 0.00518799
 0.00488281
 0.00488281
 0.00518799
 0.00610352
 0.00640869
 0.00640869
 0.00671387
 0.00671387
 0.00671387
 0.00640869
 0.00640869
 0.00671387
 0.00701904
 0.00701904
 0.00671387
 0.00610352
 0.00579834
 0.00549316
 0.00579834
 0.00579834
 0.00579834
 0.00579834
 0.00610352
 0.00610352
 0.00579834
 0.00518799
 0.00457764
 0.00427246
 0.00396729
 0.00366211
 0.00335693
 0.00335693
 0.00305176
 0.00274658
 0.00305176
 0.00305176
 0.00274658
 0.00183105
 0.00183105
 0.00244141
 0.00274658
 0.00274658
 0.00244141
 0.00183105
 0.00122070
 0.00030518
-0.00030518
-0.00030518
-0.00030518
-0.00030518
-0.00061035
-0.00122070
-0.00122070
-0.00091553
-0.00091553
-0.00122070
-0.00122070
-0.00122070
-0.00152588
-0.00152588
-0.00183105
-0.00183105
-0.00274658
-0.00366211
-0.00396729
-0.00427246
-0.00457764
-0.00427246
-0.00396729
-0.00427246
-0.00457764
-0.00457764
-0.00457764
-0.00427246
-0.00488281
-0.00518799
-0.00518799
-0.00518799
-0.00579834
-0.00671387
-0.00671387
-0.00671387
-0.00640869
-0.00640869
-0.00640869
-0.00610352
-0.00549316
-0.00488281
-0.00457764
-0.00427246
-0.00427246
-0.00427246
-0.00457764
-0.00457764
-0.00518799
-0.00549316
-0.00610352
-0.00610352
-0.00610352
-0.00549316
-0.00457764
-0.00396729
-0.00396729
-0.00366211
-0.00305176
-0.00244141
-0.00183105
-0.00183105
-0.00213623
-0.00274658
-0.00305176
-0.00335693
-0.00335693
-0.00335693
-0.00335693
-0.00274658
-0.00244141
-0.00152588
-0.00061035
 0.00000000
 0.00030518
 0.00061035
 0.00030518
 0.00030518
 0.00061035
 0.00030518
-0.00030518
-0.00091553
-0.00061035
 0.00000000
 0.00000000
-0.00030518
-0.00030518
 0.00061035
 0.00152588
 0.00183105
 0.00213623
 0.00244141
 0.00244141
 0.00244141
 0.00213623
 0.00183105
 0.00152588
 0.00091553
 0.00061035
 0.00061035
 0.00061035
 0.00091553
 0.00152588
 0.00183105
 0.00244141
 0.00274658
 0.00274658
 0.00305176
 0.00305176
 0.00305176
 0.00305176
 0.00244141
 0.00152588
 0.00000000
-0.00061035
-0.00061035
-0.00030518
 0.00030518
 0.00061035
 0.00122070
 0.00152588
 0.00213623
 0.00244141
 0.00274658
 0.00305176
 0.00274658
 0.00213623
 0.00152588
 0.00091553
 0.00061035
 0.00000000
 0.00000000
 0.00000000
 0.00061035
 0.00061035
 0.00091553
 0.00183105
 0.00244141
 0.00274658
 0.00274658
 0.00305176
 0.00335693
 0.00305176
 0.00244141
 0.00152588
 0.00122070
 0.00061035
 0.00030518
 0.00030518
 0.00030518
 0.00000000
 0.00030518
 0.00091553
 0.00152588
 0.00213623
 0.00152588
 0.00152588
 0.00183105
 0.00183105
 0.00122070
 0.00091553
 0.00030518
-0.00030518
 0.00000000
 0.00030518
 0.00000000
 0.00000000
 0.00061035
 0.00091553
 0.00091553
 0.00122070
 0.00152588
 0.00244141
 0.00274658
 0.00244141
 0.00152588
 0.00091553
 0.00061035
 0.00091553
 0.00061035
 0.00061035
 0.00030518
 0.00030518
 0.00061035
 0.00152588
 0.00183105
 0.00213623
 0.00213623
 0.00213623
 0.00213623
 0.00183105
 0.00091553
 0.00061035
 0.00000000
-0.00030518
-0.00030518
-0.00061035
-0.00091553
-0.00122070
-0.00091553
-0.00030518
 0.00030518
 0.00091553
 0.00152588
 0.00152588
 0.00091553
 0.00030518
 0.00030518
 0.00000000
-0.00061035
-0.00122070
-0.00152588
-0.00183105
-0.00274658
-0.00335693
-0.00305176
-0.00244141
-0.00183105
-0.00152588
-0.00152588
-0.00152588
-0.00152588
-0.00152588
-0.00183105
-0.00183105
-0.00213623
-0.00244141
-0.00305176
-0.00396729
-0.00396729
-0.00366211
-0.00305176
-0.00305176
-0.00305176
-0.00274658
-0.00274658
-0.00183105
-0.00122070
-0.00122070
-0.00152588
-0.00152588
-0.00213623
-0.00213623
-0.00213623
-0.00244141
-0.00305176
-0.00305176
-0.00305176
-0.00305176
-0.00274658
-0.00244141
-0.00213623
-0.00183105
-0.00152588
-0.00122070
-0.00122070
-0.00122070
-0.00122070
-0.00122070
-0.00091553
-0.00122070
-0.00091553
-0.00091553
-0.00122070
-0.00091553
-0.00091553
-0.00061035
-0.00061035
-0.00030518
 0.00030518
 0.00091553
 0.00152588
 0.00152588
 0.00152588
 0.00152588
 0.00122070
 0.00061035
 0.00061035
 0.00030518
 0.00061035
 0.00030518
 0.00061035
 0.00091553
 0.00122070
 0.00091553
 0.00122070
 0.00091553
 0.00122070
 0.00183105
 0.00183105
 0.00152588
 0.00122070
 0.00122070
 0.00122070
 0.00122070
 0.00122070
 0.00091553
 0.00061035
 0.00091553
 0.00152588
 0.00152588
 0.00152588
 0.00152588
 0.00213623
 0.00213623
 0.00244141
 0.00244141
 0.00183105
 0.00152588
 0.00122070
 0.00152588
 0.00152588
 0.00091553
 0.00000000
-0.00061035
-0.00030518
 0.00030518
 0.00091553
 0.00061035
 0.00000000
 0.00030518
 0.00061035
 0.00061035
 0.00030518
 0.00000000
 0.00000000
-0.00030518
-0.00091553
-0.00152588
-0.00213623
-0.00213623
-0.00213623
-0.00244141
-0.00213623
-0.00213623
-0.00183105
-0.00183105
-0.00152588
-0.00122070
-0.00122070
-0.00183105
-0.00183105
-0.00183105
-0.00183105
-0.00244141
-0.00244141
-0.00274658
-0.00305176
-0.00274658
-0.00244141
-0.00213623
-0.00183105
-0.00213623
-0.00183105
-0.00152588
-0.00183105
-0.00213623
-0.00213623
-0.00213623
-0.00244141
-0.00274658
-0.00274658
-0.00244141
-0.00213623
-0.00183105
-0.00122070
-0.00091553
-0.00061035
 0.00000000
 0.00000000
-0.00061035
-0.00061035
-0.00030518
 0.00000000
 0.00030518
 0.00000000
 0.00000000
 0.00000000
 0.00000000
 0.00030518
 0.00061035
 0.00061035
 0.00091553
 0.00183105
 0.00213623
 0.00244141
 0.00244141
 0.00305176
 0.00305176
 0.00305176
 0.00244141
 0.00244141
 0.00213623
 0.00213623
 0.00213623
 0.00213623
 0.00244141
 0.00305176
 0.00366211
 0.00335693
 0.00335693
 0.00396729
 0.00457764
 0.00457764
 0.00488281
 0.00518799
 0.00488281
 0.00457764
 0.00427246
 0.00396729
 0.00396729
 0.00396729
 0.00396729
 0.00396729
 0.00366211
 0.00305176
 0.00305176
 0.00305176
 0.00305176
 0.00335693
 0.00335693
 0.00335693
 0.00305176
 0.00274658
 0.00244141
 0.00213623
 0.00213623
 0.00183105
 0.00152588
 0.00152588
 0.00152588
 0.00091553
 0.00061035
 0.00061035
 0.00061035
 0.00091553
 0.00091553
 0.00061035
 0.00030518
-0.00030518
-0.00030518
-0.00030518
-0.00030518
-0.00061035
-0.00122070
-0.00122070
-0.00152588
-0.00152588
-0.00152588
-0.00213623
-0.00244141
-0.00274658
-0.00213623
-0.00183105
-0.00213623
-0.00244141
-0.00274658
-0.00305176
-0.00335693
-0.00366211
-0.00396729
-0.00396729
-0.00396729
-0.00366211
-0.00366211
-0.00396729
-0.00457764
-0.00427246
-0.00396729
-0.00396729
-0.00427246
-0.00427246
-0.00427246
-0.00366211
-0.00396729
-0.00427246
-0.00427246
-0.00427246
-0.00427246
-0.00427246
-0.00427246
-0.00457764
-0.00488281
-0.00488281
-0.00488281
-0.00488281
-0.00488281
-0.00457764
-0.00427246
-0.00366211
-0.00366211
-0.00366211
-0.00366211
-0.00335693
-0.00335693
-0.00335693
-0.00274658
-0.00274658
-0.00305176
-0.00335693
-0.00396729
-0.00396729
-0.00396729
-0.00335693
-0.00305176
-0.00244141
-0.00213623
-0.00213623
-0.00183105
-0.00152588
-0.00091553
-0.00061035
-0.00091553
-0.00122070
-0.00122070
-0.00152588
-0.00122070
-0.00091553
-0.00091553
-0.00061035
-0.00030518
-0.00030518
-0.00030518
 0.00000000
-0.00061035
-0.00030518
 0.00000000
 0.00091553
 0.00152588
 0.00152588
 0.00122070
 0.00122070
 0.00122070
 0.00152588
 0.00122070
 0.00152588
 0.00213623
 0.00244141
 0.00244141
 0.00213623
 0.00213623
 0.00244141
 0.00274658
 0.00244141
 0.00183105
 0.00152588
 0.00183105
 0.00274658
 0.00274658
 0.00244141
 0.00183105
 0.00183105
 0.00213623
 0.00274658
 0.00305176
 0.00305176
 0.00305176
 0.00274658
 0.00274658
 0.00274658
 0.00244141
 0.00213623
 0.00152588
 0.00152588
 0.00152588
 0.00152588
 0.00213623
 0.00244141
 0.00274658
 0.00244141
 0.00274658
 0.00274658
 0.00244141
 0.00244141
 0.00244141
 0.00274658
 0.00305176
 0.00274658
 0.00274658
 0.00213623
 0.00183105
 0.00213623
 0.00213623
 0.00213623
 0.00152588
 0.00183105
 0.00213623
 0.00244141
 0.00244141
 0.00213623
 0.00213623
 0.00183105
 0.00152588
 0.00183105
 0.00213623
 0.00183105
 0.00152588
 0.00152588
 0.00122070
 0.00061035
 0.00000000
 0.00030518
 0.00091553
 0.00122070
 0.00091553
 0.00091553
 0.00091553
 0.00091553
 0.00122070
 0.00122070
 0.00061035
 0.00030518
 0.00000000
 0.00000000
-0.00030518
-0.00061035
-0.00061035
-0.00061035
-0.00030518
-0.00030518
-0.00061035
-0.00091553
-0.00061035
 0.00000000
-0.00030518
-0.00061035
-0.00061035
-0.00061035
-0.00061035
-0.00061035
-0.00122070
-0.00152588
-0.00152588
-0.00183105
-0.00183105
-0.00122070
-0.00061035
-0.00091553
-0.00091553
-0.00122070
-0.00122070
-0.00122070
-0.00152588
-0.00183105
-0.00183105
-0.00244141
-0.00244141
-0.00213623
-0.00244141
-0.00274658
-0.00274658
-0.00274658
-0.00274658
-0.00244141
-0.00244141
-0.00244141
-0.00244141
-0.00244141
-0.00244141
-0.00244141
-0.00244141
-0.00244141
-0.00274658
-0.00274658
-0.00274658
-0.00305176
-0.00305176
-0.00305176
-0.00305176
-0.00274658
-0.00244141
-0.00274658
-0.00244141
-0.00213623
-0.00183105
-0.00183105
-0.00213623
-0.00244141
-0.00213623
-0.00152588
-0.00152588
-0.00183105
-0.00152588
-0.00152588
-0.00122070
-0.00122070
-0.00091553
-0.00122070
-0.00122070
-0.00091553
-0.00061035
-0.00091553
-0.00091553
-0.00061035
-0.00030518
 0.00000000
 0.00000000
 0.00000000
 0.00000000
 0.00030518
 0.00061035
 0.00061035
 0.00061035
 0.00030518
 0.00061035
 0.00122070
 0.00183105
 0.00183105
 0.00152588
 0.00152588
 0.00152588
 0.00183105
 0.00213623
 0.00244141
 0.00244141
 0.00183105
 0.00183105
 0.00183105
 0.00152588
 0.00152588
 0.00152588
 0.00152588
 0.00183105
 0.00244141
 0.00244141
 0.00274658
 0.00244141
 0.00244141
 0.00244141
 0.00274658
 0.00213623
 0.00152588
 0.00122070
 0.00122070
 0.00152588
 0.00122070
 0.00122070
 0.00122070
 0.00091553
 0.00091553
 0.00152588
 0.00152588
 0.00122070
 0.00122070
 0.00152588
 0.00152588
 0.00152588
 0.00122070
 0.00122070
 0.00122070
 0.00091553
 0.00091553
 0.00061035
 0.00061035
 0.00000000
-0.00061035
-0.00061035
-0.00061035
-0.00061035
-0.00061035
-0.00061035
-0.00061035
-0.00091553
-0.00122070
-0.00183105
-0.00213623
-0.00213623
-0.00244141
-0.00274658
-0.00305176
-0.00305176
-0.00305176
-0.00335693
-0.00335693
-0.00305176
-0.00274658
-0.00274658
-0.00305176
-0.00335693
-0.00366211
-0.00366211
-0.00366211
-0.00366211
-0.00396729
-0.00396729
-0.00396729
-0.00366211
-0.00335693
-0.00305176
-0.00305176
-0.00335693
-0.00335693
-0.00335693
-0.00305176
-0.00366211
-0.00396729
-0.00366211
-0.00335693
-0.00305176
-0.00305176
-0.00305176
-0.00335693
-0.00305176
-0.00244141
-0.00213623
-0.00183105
-0.00213623
-0.00183105
-0.00183105
-0.00183105
-0.00152588
-0.00122070
-0.00122070
-0.00122070
-0.00091553
-0.00061035
-0.00061035
-0.00091553
-0.00091553
-0.00091553
-0.00091553
-0.00091553
-0.00091553
-0.00091553
 0.00000000
 0.00030518
 0.00061035
 0.00091553
 0.00091553
 0.00122070
 0.00122070
 0.00122070
 0.00091553
 0.00091553
 0.00152588
 0.00183105
 0.00183105
 0.00152588
 0.00122070
 0.00091553
 0.00122070
 0.00152588
 0.00183105
 0.00183105
 0.00213623
 0.00244141
 0.00213623
 0.00244141
 0.00244141
 0.00213623
 0.00244141
 0.00274658
 0.00274658
 0.00244141
 0.00213623
 0.00152588
 0.00122070
 0.00122070
 0.00152588
 0.00152588
 0.00152588
 0.00152588
 0.00122070
 0.00122070
 0.00091553
 0.00091553
 0.00091553
 0.00091553
 0.00091553
 0.00061035
 0.00030518
 0.00000000
 0.00000000
 0.00000000
-0.00061035
-0.00091553
-0.00061035
 0.00030518
 0.00061035
 0.00000000
-0.00030518
-0.00091553
-0.00152588
-0.00183105
-0.00091553
-0.00061035
-0.00061035
-0.00061035
-0.00091553
-0.00152588
-0.00152588
-0.00152588
-0.00152588
-0.00152588
-0.00152588
-0.00122070
-0.00122070
-0.00152588
-0.00183105
-0.00152588
-0.00122070
-0.00152588
-0.00213623
-0.00213623
-0.00183105
-0.00122070
-0.00122070
-0.00122070
-0.00152588
-0.00122070
-0.00061035
 0.00000000
-0.00030518
-0.00061035
-0.00061035
-0.00061035
-0.00030518
-0.00030518
 0.00000000
 0.00000000
-0.00030518
-0.00061035
-0.00091553
 0.00000000
 0.00030518
 0.00030518
 0.00000000
 0.00030518
 0.00061035
 0.00122070
 0.00183105
 0.00152588
 0.00122070
 0.00030518
 0.00030518
 0.00091553
 0.00122070
 0.00122070
 0.00091553
 0.00091553
 0.00152588
 0.00213623
 0.00213623
 0.00244141
 0.00274658
 0.00274658
 0.00305176
 0.00274658
 0.00274658
 0.00274658
 0.00274658
 0.00274658
 0.00305176
 0.00305176
 0.00305176
 0.00305176
 0.00305176
 0.00335693
 0.00305176
 0.00305176
 0.00335693
 0.00366211
 0.00366211
 0.00335693
 0.00335693
 0.00274658
 0.00244141
 0.00183105
 0.00213623
 0.00274658
 0.00305176
 0.00305176
 0.00274658
 0.00274658
 0.00244141
 0.00244141
 0.00244141
 0.00244141
 0.00244141
 0.00213623
 0.00183105
 0.00152588
 0.00122070
 0.00061035
 0.00091553
 0.00091553
 0.00030518
 0.00000000
 0.00000000
 0.00000000
 0.00000000
-0.00061035
-0.00091553
-0.00091553
-0.00122070
-0.00183105
-0.00213623
-0.00244141
-0.00274658
-0.00305176
-0.00335693
-0.00366211
-0.00396729
-0.00366211
-0.00366211
-0.00366211
-0.00366211
-0.00366211
-0.00366211
-0.00335693
-0.00366211
-0.00366211
-0.00396729
-0.00427246
-0.00457764
-0.00488281
-0.00518799
-0.00518799
-0.00488281
-0.00488281
-0.00488281
-0.00518799
-0.00488281
-0.00457764
-0.00396729
-0.00396729
-0.00427246
-0.00457764
-0.00427246
-0.00457764
-0.00518799
-0.00579834
-0.00518799
-0.00518799
-0.00549316
-0.00518799
-0.00518799
-0.00488281
-0.00457764
-0.00427246
-0.00457764
-0.00457764
-0.00457764
-0.00427246
-0.00366211
-0.00366211
-0.00396729
-0.00457764
-0.00457764
-0.00427246
-0.00396729
-0.00366211
-0.00396729
-0.00366211
-0.00335693
-0.00305176
-0.00244141
-0.00244141
-0.00213623
-0.00183105
-0.00213623
-0.00183105
-0.00183105
-0.00183105
-0.00183105
-0.00152588
-0.00122070
-0.00122070
-0.00091553
-0.00091553
-0.00091553
-0.00061035
-0.00030518
 0.00030518
 0.00061035
 0.00091553
 0.00061035
 0.00000000
 0.00000000
 0.00030518
 0.00030518
 0.00091553
 0.00152588
 0.00122070
 0.00122070
 0.00122070
 0.00152588
 0.00183105
 0.00213623
 0.00183105
 0.00183105
 0.00244141
 0.00274658
 0.00274658
 0.00213623
 0.00122070
 0.00122070
 0.00122070
 0.00122070
 0.00122070
 0.00152588
 0.00152588
 0.00183105
 0.00213623
 0.00244141
 0.00244141
 0.00244141
 0.00213623
 0.00213623
 0.00213623
 0.00213623
 0.00213623
 0.00213623
 0.00183105
 0.00183105
 0.00152588
 0.00183105
 0.00213623
 0.00244141
 0.00244141
 0.00274658
 0.00305176
 0.00305176
 0.00244141
 0.00244141
 0.00244141
 0.00244141
 0.00244141
 0.00244141
 0.00244141
 0.00244141
 0.00244141
 0.00152588
 0.00091553
 0.00122070
 0.00152588
 0.00152588
 0.00183105
 0.00274658
 0.00335693
 0.00335693
 0.00274658
 0.00244141
 0.00213623
 0.00213623
 0.00152588
 0.00122070
 0.00122070
 0.00122070
 0.00183105
 0.00213623
 0.00274658
 0.00274658
 0.00305176
 0.00335693
 0.00305176
 0.00274658
 0.00274658
 0.00305176
 0.00244141
 0.00183105
 0.00122070
 0.00091553
 0.00122070
 0.00122070
 0.00091553
 0.00091553
 0.00122070
 0.00122070
 0.00122070
 0.00183105
 0.00183105
 0.00122070
 0.00122070
 0.00152588
 0.00122070
 0.00061035
-0.00030518
-0.00030518
-0.00061035
-0.00091553
-0.00091553
-0.00061035
-0.00061035
-0.00030518
 0.00000000
 0.00030518
 0.00061035
 0.00091553
 0.00030518
-0.00030518
-0.00030518
-0.00091553
-0.00091553
-0.00152588
-0.00213623
-0.00244141
-0.00305176
-0.00305176
-0.00274658
-0.00213623
-0.00213623
-0.00183105
-0.00183105
-0.00122070
-0.00152588
-0.00213623
-0.00244141
-0.00274658
-0.00335693
-0.00366211
-0.00396729
-0.00427246
-0.00427246
-0.00457764
-0.00396729
-0.00305176
-0.00274658
-0.00274658
-0.00305176
-0.00305176
-0.00274658
-0.00274658
-0.00305176
-0.00335693
-0.00366211
-0.00396729
-0.00427246
-0.00457764
-0.00427246
-0.00396729
-0.00366211
-0.00305176
-0.00274658
-0.00244141
-0.00183105
-0.00183105
-0.00152588
-0.00152588
-0.00213623
-0.00244141
-0.00244141
-0.00244141
-0.00274658
-0.00244141
-0.00213623
-0.00152588
-0.00122070
-0.00091553
-0.00030518
 0.00000000
 0.00061035
 0.00122070
 0.00091553
 0.00030518
 0.00030518
 0.00000000
 0.00000000
-0.00030518
-0.00091553
-0.00091553
-0.00091553
-0.00061035
 0.00000000
 0.00030518
 0.00000000
 0.00061035
 0.00122070
 0.00152588
 0.00183105
 0.00122070
 0.00122070
 0.00091553
 0.00091553
 0.00030518
 0.00000000
-0.00030518
-0.00030518
 0.00030518
 0.00091553
 0.00122070
 0.00122070
 0.00122070
 0.00152588
 0.00183105
 0.00183105
 0.00152588
 0.00152588
 0.00152588
 0.00122070
 0.00061035
 0.00030518
 0.00091553
 0.00091553
 0.00091553
 0.00091553
 0.00091553
 0.00122070
 0.00152588
 0.00122070
 0.00122070
 0.00122070
 0.00122070
 0.00091553
 0.00061035
 0.00000000
-0.00030518
-0.00030518
 0.00000000
 0.00000000
 0.00000000
 0.00000000
 0.00000000
-0.00030518
-0.00061035
-0.00061035
-0.00030518
-0.00030518
-0.00030518
-0.00091553
-0.00122070
-0.00122070
-0.00152588
-0.00183105
-0.00183105
-0.00183105
-0.00152588
-0.00183105
-0.00183105
-0.00152588
-0.00183105
-0.00152588
-0.00091553
-0.00061035
-0.00061035
-0.00122070
-0.00152588
-0.00152588
-0.00152588
-0.00213623
-0.00213623
-0.00183105
-0.00183105
-0.00152588
-0.00122070
-0.00122070
-0.00091553
-0.00091553
-0.00061035
-0.00030518
 0.00030518
 0.00030518
 0.00000000
-0.00061035
-0.00061035
-0.00061035
-0.00061035
-0.00091553
-0.00061035
-0.00061035
-0.00030518
 0.00000000
 0.00030518
 0.00061035
 0.00061035
 0.00091553
 0.00091553
 0.00091553
 0.00091553
 0.00091553
 0.00122070
 0.00091553
 0.00061035
 0.00030518
 0.00030518
 0.00091553
 0.00122070
 0.00122070
 0.00091553
 0.00061035
 0.00152588
 0.00183105
 0.00213623
 0.00244141
 0.00213623
 0.00183105
 0.00183105
 0.00183105
 0.00183105
 0.00122070
 0.00091553
 0.00122070
 0.00152588
 0.00152588
 0.00091553
 0.00091553
 0.00122070
 0.00122070
 0.00183105
 0.00213623
 0.00213623
 0.00244141
 0.00213623
 0.00183105
 0.00152588
 0.00122070
 0.00122070
 0.00122070
 0.00091553
 0.00091553
 0.00091553
 0.00122070
 0.00152588
 0.00152588
 0.00152588
 0.00122070
 0.00091553
 0.00091553
 0.00091553
 0.00061035
 0.00030518
 0.00000000
 0.00000000
-0.00030518
-0.00030518
-0.00061035
-0.00091553
-0.00091553
-0.00091553
-0.00091553
-0.00091553
-0.00091553
-0.00152588
-0.00183105
-0.00213623
-0.00213623
-0.00213623
-0.00244141
-0.00274658
-0.00274658
-0.00305176
-0.00335693
-0.00335693
-0.00305176
-0.00244141
-0.00213623
-0.00183105
-0.00183105
-0.00183105
-0.00152588
-0.00152588
-0.00183105
-0.00244141
-0.00274658
-0.00274658
-0.00274658
-0.00274658
-0.00305176
-0.00366211
-0.00335693
-0.00274658
-0.00213623
-0.00152588
-0.00091553
-0.00061035
-0.00061035
-0.00091553
-0.00122070
-0.00152588
-0.00152588
-0.00152588
-0.00183105
-0.00183105
-0.00183105
-0.00183105
-0.00152588
-0.00091553
-0.00030518
 0.00030518
 0.00030518
 0.00000000
 0.00030518
 0.00091553
 0.00122070
 0.00122070
 0.00122070
 0.00122070
 0.00061035
 0.00000000
 0.00030518
 0.00061035
 0.00061035
 0.00061035
 0.00122070
 0.00152588
 0.00213623
 0.00244141
 0.00244141
 0.00244141
 0.00244141
 0.00244141
 0.00244141
 0.00183105
 0.00152588
 0.00091553
 0.00122070
 0.00183105
 0.00244141
 0.00305176
 0.00274658
 0.00213623
 0.00244141
 0.00305176
 0.00366211
 0.00366211
 0.00335693
 0.00335693
 0.00305176
 0.00244141
 0.00244141
 0.00213623
 0.00183105
 0.00183105
 0.00183105
 0.00183105
 0.00213623
 0.00213623
 0.00244141
 0.00244141
 0.00274658
 0.00244141
 0.00152588
 0.00122070
 0.00091553
 0.00061035
 0.00000000
-0.00061035
-0.00091553
-0.00061035
 0.00000000
-0.00030518
-0.00061035
-0.00061035
-0.00030518
-0.00030518
-0.00061035
-0.00061035
-0.00030518
-0.00030518
-0.00091553
-0.00152588
-0.00183105
-0.00183105
-0.00183105
-0.00213623
-0.00183105
-0.00152588
-0.00122070
-0.00091553
-0.00091553
-0.00122070
-0.00122070
-0.00122070
-0.00091553
-0.00122070
-0.00122070
-0.00183105
-0.00274658
-0.00305176
-0.00305176
-0.00305176
-0.00335693
-0.00335693
-0.00335693
-0.00305176
-0.00274658
-0.00244141
-0.00213623
-0.00213623
-0.00244141
-0.00274658
-0.00305176
-0.00274658
-0.00274658
-0.00274658
-0.00274658
-0.00305176
-0.00305176
-0.00244141
-0.00213623
-0.00213623
-0.00183105
-0.00183105
-0.00183105
-0.00213623
-0.00213623
-0.00152588
-0.00122070
-0.00152588
-0.00244141
-0.00244141
-0.00183105
-0.00122070
-0.00122070
-0.00152588
-0.00152588
-0.00091553
-0.00030518
-0.00030518
-0.00030518
-0.00030518
-0.00030518
-0.00030518
 0.00000000
-0.00030518
-0.00061035
-0.00122070
-0.00061035
-0.00030518
 0.00000000
-0.00030518
 0.00030518
 0.00061035
 0.00061035
 0.00091553
 0.00152588
 0.00183105
 0.00122070
 0.00030518
 0.00030518
 0.00061035
 0.00061035
 0.00030518
 0.00030518
 0.00030518
 0.00061035
 0.00122070
 0.00152588
 0.00152588
 0.00183105
 0.00183105
 0.00183105
 0.00213623
 0.00244141
 0.00274658
 0.00244141
 0.00183105
 0.00183105
 0.00183105
 0.00152588
 0.00183105
 0.00183105
 0.00183105
 0.00183105
 0.00183105
 0.00183105
 0.00213623
 0.00274658
 0.00305176
 0.00274658
 0.00183105
 0.00152588
 0.00183105
 0.00213623
 0.00213623
 0.00183105
 0.00152588
 0.00152588
 0.00183105
 0.00213623
 0.00213623
 0.00244141
 0.00274658
 0.00274658
 0.00244141
 0.00213623
 0.00213623
 0.00213623
 0.00213623
 0.00183105
 0.00183105
 0.00152588
 0.00152588
 0.00152588
 0.00122070
 0.00152588
 0.00183105
 0.00213623
 0.00244141
 0.00274658
 0.00274658
 0.00213623
 0.00183105
 0.00183105
 0.00183105
 0.00152588
 0.00152588
 0.00152588
 0.00122070
 0.00122070
 0.00122070
 0.00122070
 0.00152588
 0.00122070
 0.00122070
 0.00091553
 0.00091553
 0.00122070
 0.00122070
 0.00091553
 0.00030518
 0.00000000
-0.00030518
-0.00061035
-0.00091553
-0.00091553
-0.00061035
-0.00030518
-0.00030518
-0.00030518
-0.00030518
-0.00030518
-0.00030518
-0.00061035
-0.00061035
-0.00061035
-0.00122070
-0.00183105
-0.00213623
-0.00183105
-0.00122070
-0.00122070
-0.00152588
-0.00152588
-0.00183105
-0.00183105
-0.00183105
-0.00183105
-0.00213623
-0.00213623
-0.00213623
-0.00213623
-0.00244141
-0.00244141
-0.00274658
-0.00274658
-0.00274658
-0.00274658
-0.00274658
-0.00274658
-0.00274658
-0.00244141
-0.00213623
-0.00244141
-0.00274658
-0.00335693
-0.00335693
-0.00305176
-0.00274658
-0.00274658
-0.00335693
-0.00366211
-0.00366211
-0.00335693
-0.00305176
-0.00305176
-0.00305176
-0.00274658
-0.00274658
-0.00305176
-0.00305176
-0.00274658
-0.00213623
-0.00244141
-0.00274658
-0.00274658
-0.00335693
-0.00305176
-0.00274658
-0.00213623
-0.00122070
-0.00091553
-0.00122070
-0.00091553
-0.00122070
-0.00091553
-0.00030518
 0.00030518
 0.00030518
 0.00030518
-0.00030518
-0.00091553
-0.00091553
-0.00030518
 0.00061035
 0.00091553
 0.00122070
 0.00122070
 0.00152588
 0.00152588
 0.00152588
 0.00152588
 0.00183105
 0.00244141
 0.00244141
 0.00213623
 0.00213623
 0.00213623
 0.00244141
 0.00274658
 0.00274658
 0.00274658
 0.00305176
 0.00335693
 0.00366211
 0.00366211
 0.00366211
 0.00366211
 0.00366211
 0.00366211
 0.00366211
 0.00335693
 0.00305176
 0.00305176
 0.00305176
 0.00305176
 0.00335693
 0.00335693
 0.00366211
 0.00396729
 0.00396729
 0.00396729
 0.00366211
 0.00366211
 0.00366211
 0.00366211
 0.00366211
 0.00335693
 0.00305176
 0.00274658
 0.00274658
 0.00244141
 0.00274658
 0.00305176
 0.00305176
 0.00305176
 0.00305176
 0.00274658
 0.00244141
 0.00213623
 0.00213623
 0.00183105
 0.00152588
 0.00122070
 0.00091553
 0.00091553
 0.00091553
 0.00091553
 0.00061035
 0.00061035
 0.00061035
 0.00061035
 0.00061035
 0.00061035
 0.00061035
-0.00030518
-0.00091553
-0.00122070
-0.00122070
-0.00122070
-0.00152588
-0.00183105
-0.00183105
-0.00152588
-0.00152588
-0.00183105
-0.00183105
-0.00183105
-0.00213623
-0.00183105
-0.00183105
-0.00213623
-0.00244141
-0.00305176
-0.00335693
-0.00366211
-0.00396729
-0.00396729
-0.00366211
-0.00305176
-0.00274658
-0.00274658
-0.00305176
-0.00274658
-0.00274658
-0.00213623
-0.00183105
-0.00213623
-0.00244141
-0.00274658
-0.00305176
-0.00396729
-0.00396729
-0.00305176
-0.00244141
-0.00244141
-0.00244141
-0.00244141
-0.00183105
-0.00091553
-0.00030518
-0.00030518
-0.00061035
-0.00122070
-0.00152588
-0.00152588
-0.00122070
-0.00122070
-0.00122070
-0.00091553
-0.00030518
 0.00000000
 0.00000000
 0.00000000
 0.00030518
 0.00061035
 0.00091553
 0.00122070
 0.00122070
 0.00122070
 0.00091553
 0.00091553
 0.00091553
 0.00091553
 0.00091553
 0.00122070
 0.00091553
 0.00122070
 0.00152588
 0.00183105
 0.00183105
 0.00213623
 0.00213623
 0.00213623
 0.00213623
 0.00213623
 0.00213623
 0.00183105
 0.00183105
 0.00213623
 0.00244141
 0.00274658
 0.00274658
 0.00335693
 0.00366211
 0.00366211
 0.00366211
 0.00335693
 0.00335693
 0.00366211
 0.00396729
 0.00366211
 0.00305176
 0.00213623
 0.00183105
 0.00183105
 0.00183105
 0.00183105
 0.00183105
 0.00213623
 0.00183105
 0.00183105
 0.00213623
 0.00274658
 0.00244141
 0.00213623
 0.00152588
 0.00122070
 0.00122070
 0.00091553
 0.00030518
 0.00000000
 0.00000000
 0.00000000
 0.00030518
 0.00061035
 0.00061035
-0.00030518
-0.00030518
 0.00030518
 0.00091553
 0.00061035
 0.00030518
-0.00030518
-0.00030518
-0.00061035
-0.00091553
-0.00122070
-0.00152588
-0.00152588
-0.00091553
-0.00061035
-0.00061035
-0.00030518
-0.00061035
-0.00030518
-0.00030518
-0.00030518
-0.00061035
-0.00122070
-0.00183105
-0.00244141
-0.00244141
-0.00213623
-0.00244141
-0.00244141
-0.00244141
-0.00213623
-0.00152588
-0.00122070
-0.00152588
-0.00183105
-0.00183105
-0.00122070
-0.00122070
-0.00183105
-0.00152588
-0.00183105
-0.00183105
-0.00213623
-0.00244141
-0.00244141
-0.00213623
