 0.00000000
-0.00030518
 0.00000000
 0.00000000
 0.00000000
-0.00030518
-0.00030518
 0.00030518
 0.00000000
-0.00030518
-0.00061035
-0.00030518
 0.00000000
 0.00000000
 0.00000000
 0.00030518
 0.00030518
 0.00000000
-0.00030518
-0.00030518
 0.00030518
 0.00030518
 0.00000000
-0.00030518
-0.00061035
-0.00091553
-0.00091553
-0.00030518
-0.00030518
-0.00030518
-0.00061035
-0.00030518
 0.00000000
 0.00000000
-0.00030518
-0.00061035
-0.00030518
-0.00061035
-0.00061035
-0.00061035
-0.00030518
 0.00000000
-0.00030518
-0.00030518
-0.00061035
-0.00061035
-0.00030518
 0.00000000
-0.00030518
 0.00000000
 0.00000000
 0.00000000
-0.00030518
-0.00030518
-0.00030518
-0.00030518
 0.00000000
 0.00000000
 0.00000000
 0.00030518
 0.00000000
 0.00000000
-0.00030518
 0.00000000
 0.00000000
-0.00030518
-0.00030518
-0.00030518
-0.00030518
 0.00000000
 0.00000000
 0.00000000
-0.00030518
-0.00030518
 0.00000000
 0.00000000
 0.00000000
-0.00030518
-0.00061035
-0.00061035
-0.00030518
-0.00030518
-0.00030518
-0.00030518
 0.00000000
 0.00000000
 0.00000000
 0.00000000
 0.00061035
 0.00061035
 0.00000000
-0.00030518
-0.00061035
-0.00061035
 0.00000000
 0.00396729
 0.01403809
 0.02716064
 0.03143311
 0.01159668
-0.02136230
-0.03265381
-0.01678467
-0.00183105
-0.00396729
-0.01312256
-0.00762939
 0.00244141
 0.00488281
 0.00579834
 0.00701904
-0.00488281
-0.02441406
-0.02014160
 0.00366211
 0.02044678
 0.01770020
 0.00030518
-0.01312256
-0.01770020
-0.01525879
-0.00854492
 0.00091553
 0.00671387
 0.00823975
 0.00885010
 0.00946045
 0.00915527
 0.00640869
-0.00152588
-0.01129150
-0.01342773
-0.00396729
 0.00946045
 0.02075195
 0.02441406
 0.01770020
-0.00213623
-0.02777100
-0.03967285
-0.02929688
-0.00640869
 0.01586914
 0.02593994
 0.02014160
 0.00915527
 0.00061035
-0.00579834
-0.00488281
 0.00366211
 0.00823975
 0.00091553
-0.00885010
-0.00915527
-0.00457764
-0.00335693
-0.00610352
-0.00610352
-0.00152588
 0.00396729
 0.00732422
 0.00671387
 0.00335693
-0.00183105
-0.00610352
-0.00488281
 0.00366211
 0.01281738
 0.01251221
-0.00061035
-0.01464844
-0.02166748
-0.02197266
-0.01556396
-0.00274658
 0.01007080
 0.01342773
 0.00640869
-0.00030518
 0.00030518
 0.00457764
 0.00732422
 0.00518799
-0.00152588
-0.00823975
-0.01068115
-0.00579834
 0.00335693
 0.01037598
 0.00946045
 0.00183105
-0.00549316
-0.00671387
-0.00335693
 0.00183105
 0.00518799
 0.00518799
 0.00274658
 0.00000000
-0.00244141
-0.00366211
-0.00335693
-0.00244141
-0.00091553
 0.00152588
 0.00518799
 0.00671387
 0.00610352
 0.00305176
-0.00183105
-0.00793457
-0.01220703
-0.01129150
-0.00518799
 0.00244141
 0.00823975
 0.00915527
 0.00518799
-0.00061035
-0.00305176
 0.00396729
 0.03814697
 0.12329102
 0.29296875
 0.48156738
 0.52520752
 0.40771484
 0.29144287
 0.07141113
-0.23223877
-0.51483154
-0.65765381
-0.55541992
-0.35736084
-0.22766113
-0.06713867
 0.10223389
 0.11230469
-0.02990723
-0.12603760
-0.07812500
-0.01342773
 0.01281738
 0.04760742
 0.10070801
 0.10253906
-0.03570557
-0.19958496
-0.26885986
-0.25024414
-0.19042969
-0.11230469
-0.01739502
 0.10650635
 0.22888184
 0.28167725
 0.25268555
 0.17364502
 0.09887695
 0.06622314
 0.06774902
 0.11169434
 0.18951416
 0.23193359
 0.14465332
-0.07629395
-0.32226563
-0.43548584
-0.41320801
-0.30029297
-0.11474609
 0.10986328
 0.33660889
 0.40710449
 0.36132813
 0.33447266
 0.23437500
 0.00976563
-0.14770508
-0.17395020
-0.15472412
-0.14312744
-0.13305664
-0.09246826
-0.05950928
-0.08148193
-0.14495850
-0.14709473
-0.05432129
 0.06103516
 0.14251709
 0.19409180
 0.23162842
 0.23376465
 0.14892578
 0.01098633
-0.09490967
-0.18188477
-0.28442383
-0.35491943
-0.31646729
-0.20965576
-0.13031006
-0.08422852
-0.00305176
 0.12756348
 0.23834229
 0.28839111
 0.29449463
 0.24291992
 0.12847900
-0.01586914
-0.13031006
-0.17364502
-0.14678955
-0.08514404
-0.01586914
 0.04943848
 0.09460449
 0.10955811
 0.07873535
 0.03234863
 0.02563477
 0.03875732
 0.04791260
 0.05371094
 0.05554199
 0.03021240
-0.02685547
-0.06805420
-0.06530762
-0.04333496
-0.01953125
 0.01129150
 0.05584717
 0.09796143
 0.09796143
 0.02502441
-0.06439209
-0.10559082
-0.10681152
-0.09338379
-0.06561279
-0.02258301
 0.02044678
 0.03997803
 0.01220703
-0.04302979
-0.09185791
-0.12207031
-0.11993408
-0.07446289
 0.00854492
 0.09918213
 0.15533447
 0.15319824
 0.06896973
-0.05615234
-0.16052246
-0.21331787
-0.22430420
-0.20202637
-0.16052246
-0.10955811
-0.05371094
-0.00152588
 0.04058838
 0.07568359
 0.11260986
 0.15197754
 0.17333984
 0.14801025
 0.06683350
-0.03662109
-0.11474609
-0.15075684
-0.15167236
-0.12634277
-0.07781982
-0.01129150
 0.05187988
 0.09521484
 0.11779785
 0.12176514
 0.11962891
 0.11627197
 0.10833740
 0.09429932
 0.07293701
 0.03692627
-0.01678467
-0.07324219
-0.11108398
-0.11962891
-0.10040283
-0.06347656
-0.01861572
 0.03204346
 0.08575439
 0.13183594
 0.14770508
 0.10986328
 0.04547119
-0.00457764
-0.04425049
-0.08117676
-0.09399414
-0.07019043
-0.02746582
 0.01770020
 0.05584717
 0.07598877
 0.06042480
 0.02014160
-0.00549316
-0.00549316
 0.00671387
 0.02288818
 0.03997803
 0.05157471
 0.04272461
 0.00732422
-0.03570557
-0.06256104
-0.06652832
-0.05462646
-0.03448486
-0.01068115
 0.01190186
 0.02655029
 0.02624512
 0.01647949
 0.01342773
 0.01831055
 0.02075195
 0.01434326
 0.00000000
-0.01220703
-0.01220703
-0.00213623
 0.00396729
-0.00274658
-0.01068115
-0.00518799
 0.00823975
 0.01953125
 0.02746582
 0.03265381
 0.03326416
 0.02929688
 0.02899170
 0.03784180
 0.05065918
 0.06103516
 0.06744385
 0.06774902
 0.05401611
 0.02563477
-0.00183105
-0.01739502
-0.02868652
-0.04638672
-0.06530762
-0.06896973
-0.05249023
-0.02655029
-0.00183105
 0.01861572
 0.03570557
 0.04760742
 0.04882813
 0.03845215
 0.02532959
 0.01190186
-0.00701904
-0.03509521
-0.07171631
-0.10681152
-0.12786865
-0.13000488
-0.11383057
-0.08331299
-0.04669189
-0.01159668
 0.01373291
 0.02532959
 0.02410889
 0.01190186
-0.00793457
-0.02807617
-0.04180908
-0.05035400
-0.06103516
-0.07629395
-0.09002686
-0.09216309
-0.08148193
-0.06134033
-0.03479004
-0.00549316
 0.02471924
 0.05157471
 0.06835938
 0.07019043
 0.05950928
 0.04455566
 0.02777100
 0.00640869
-0.01770020
-0.03540039
-0.04180908
-0.03784180
-0.02319336
 0.00213623
 0.03326416
 0.06256104
 0.08331299
 0.09674072
 0.10833740
 0.11779785
 0.12176514
 0.11535645
 0.09613037
 0.06774902
 0.03662109
 0.00579834
-0.02624512
-0.05554199
-0.07202148
-0.07080078
-0.05584717
-0.03356934
-0.00549316
 0.02655029
 0.05737305
 0.07995605
 0.09033203
 0.09033203
 0.08392334
 0.06866455
 0.04455566
 0.01770020
-0.00793457
-0.03265381
-0.05340576
-0.06530762
-0.06622314
-0.05615234
-0.03540039
-0.00457764
 0.02899170
 0.05706787
 0.06958008
 0.06744385
 0.06103516
 0.05493164
 0.04608154
 0.03051758
 0.00701904
-0.02349854
-0.05493164
-0.07720947
-0.08270264
-0.07110596
-0.04333496
-0.00244141
 0.04516602
 0.09155273
 0.12695313
 0.13732910
 0.11749268
 0.08361816
 0.05004883
 0.01770020
-0.01281738
-0.03845215
-0.05584717
-0.06317139
-0.06042480
-0.04852295
-0.02990723
-0.00335693
 0.02960205
 0.06347656
 0.09063721
 0.10131836
 0.09185791
 0.06713867
 0.03448486
 0.00030518
-0.03173828
-0.05981445
-0.08117676
-0.09338379
-0.09246826
-0.08270264
-0.06805420
-0.05126953
-0.03265381
-0.01190186
 0.00732422
 0.01983643
 0.02380371
 0.01861572
 0.00427246
-0.01953125
-0.05004883
-0.07995605
-0.10375977
-0.11688232
-0.11627197
-0.10284424
-0.07934570
-0.05035400
-0.02014160
 0.00549316
 0.02014160
 0.02441406
 0.02380371
 0.02197266
 0.01647949
 0.00396729
-0.01617432
-0.03936768
-0.06103516
-0.07568359
-0.07904053
-0.07019043
-0.04974365
-0.02044678
 0.01373291
 0.04821777
 0.07537842
 0.08728027
 0.08331299
 0.06927490
 0.04913330
 0.02380371
-0.00366211
-0.02868652
-0.04852295
-0.06225586
-0.06774902
-0.06286621
-0.04638672
-0.02105713
 0.01007080
 0.04211426
 0.06805420
 0.08087158
 0.07690430
 0.06011963
 0.03509521
 0.00457764
-0.02868652
-0.05859375
-0.07995605
-0.09033203
-0.08789063
-0.07324219
-0.04974365
-0.02166748
 0.00701904
 0.03234863
 0.05065918
 0.06072998
 0.06225586
 0.05371094
 0.03417969
 0.00701904
-0.02349854
-0.05065918
-0.06713867
-0.07019043
-0.06042480
-0.04058838
-0.01464844
 0.01373291
 0.03997803
 0.06042480
 0.07232666
 0.07659912
 0.07476807
 0.06652832
 0.05096436
 0.02807617
 0.00122070
-0.02532959
-0.04760742
-0.06256104
-0.06683350
-0.05828857
-0.03814697
-0.00946045
 0.02227783
 0.05157471
 0.07171631
 0.07720947
 0.07049561
 0.05737305
 0.04089355
 0.01983643
-0.00335693
-0.02288818
-0.03479004
-0.03814697
-0.03417969
-0.02319336
-0.00610352
 0.01495361
 0.03570557
 0.05279541
 0.06469727
 0.07019043
 0.06927490
 0.06195068
 0.05004883
 0.03570557
 0.01983643
 0.00488281
-0.00640869
-0.01373291
-0.01678467
-0.01434326
-0.00793457
 0.00122070
 0.01037598
 0.01770020
 0.02075195
 0.01831055
 0.01098633
-0.00061035
-0.01586914
-0.03265381
-0.04852295
-0.06103516
-0.06927490
-0.07354736
-0.07263184
-0.06652832
-0.05554199
-0.04180908
-0.02655029
-0.01251221
-0.00213623
 0.00305176
 0.00244141
-0.00305176
-0.01159668
-0.02075195
-0.02838135
-0.03265381
-0.03265381
-0.02777100
-0.01892090
-0.00610352
 0.00854492
 0.02319336
 0.03662109
 0.04577637
 0.05035400
 0.05035400
 0.04699707
 0.04119873
 0.03295898
 0.02227783
 0.01098633
 0.00061035
-0.00823975
-0.01464844
-0.01739502
-0.01647949
-0.01403809
-0.01129150
-0.00854492
-0.00610352
-0.00518799
-0.00549316
-0.00823975
-0.01342773
-0.02044678
-0.02899170
-0.03753662
-0.04486084
-0.04943848
-0.04974365
-0.04638672
-0.03967285
-0.03051758
-0.02014160
-0.01007080
-0.00244141
 0.00061035
-0.00091553
-0.00610352
-0.01342773
-0.02197266
-0.02960205
-0.03509521
-0.03784180
-0.03723145
-0.03448486
-0.02807617
-0.01892090
-0.00793457
 0.00396729
 0.01403809
 0.02227783
 0.02716064
 0.02990723
 0.03082275
 0.03021240
 0.02746582
 0.02319336
 0.01861572
 0.01525879
 0.01434326
 0.01647949
 0.02197266
 0.03021240
 0.03906250
 0.04699707
 0.05279541
 0.05584717
 0.05584717
 0.05310059
 0.04730225
 0.03845215
 0.02716064
 0.01556396
 0.00549316
-0.00183105
-0.00518799
-0.00427246
 0.00122070
 0.00976563
 0.01983643
 0.03021240
 0.03875732
 0.04394531
 0.04516602
 0.04211426
 0.03601074
 0.02838135
 0.02105713
 0.01464844
 0.00976563
 0.00579834
 0.00427246
 0.00457764
 0.00762939
 0.01312256
 0.02014160
 0.02716064
 0.03173828
 0.03356934
 0.03204346
 0.02777100
 0.02227783
 0.01586914
 0.00762939
 0.00000000
-0.00579834
-0.00976563
-0.01220703
-0.01190186
-0.00915527
-0.00457764
 0.00000000
 0.00335693
 0.00549316
 0.00701904
 0.00762939
 0.00549316
 0.00152588
-0.00366211
-0.00885010
-0.01373291
-0.01678467
-0.01678467
-0.01403809
-0.01037598
-0.00549316
 0.00000000
 0.00518799
 0.01037598
 0.01434326
 0.01617432
 0.01586914
 0.01281738
 0.00793457
 0.00183105
-0.00366211
-0.00823975
-0.01098633
-0.01129150
-0.00976563
-0.00671387
-0.00244141
 0.00274658
 0.00732422
 0.01068115
 0.01159668
 0.01007080
 0.00549316
-0.00061035
-0.00823975
-0.01647949
-0.02593994
-0.03448486
-0.04180908
-0.04669189
-0.04882813
-0.04882813
-0.04638672
-0.04272461
-0.03906250
-0.03540039
-0.03295898
-0.03204346
-0.03387451
-0.03753662
-0.04333496
-0.05126953
-0.05950928
-0.06591797
-0.06958008
-0.06958008
-0.06652832
-0.06072998
-0.05310059
-0.04516602
-0.03723145
-0.03082275
-0.02624512
-0.02349854
-0.02288818
-0.02349854
-0.02563477
-0.02746582
-0.02868652
-0.02807617
-0.02563477
-0.02075195
-0.01373291
-0.00427246
 0.00732422
 0.01953125
 0.03173828
 0.04211426
 0.04974365
 0.05371094
 0.05401611
 0.05126953
 0.04608154
 0.03906250
 0.03204346
 0.02563477
 0.02105713
 0.01953125
 0.02105713
 0.02563477
 0.03173828
 0.03753662
 0.04180908
 0.04486084
 0.04577637
 0.04364014
 0.03997803
 0.03417969
 0.02716064
 0.01892090
 0.01037598
 0.00305176
-0.00335693
-0.00823975
-0.01098633
-0.01098633
-0.00885010
-0.00518799
-0.00061035
 0.00427246
 0.00762939
 0.00885010
 0.00793457
 0.00518799
 0.00091553
-0.00335693
-0.00671387
-0.00915527
-0.01098633
-0.01129150
-0.00976563
-0.00671387
-0.00244141
 0.00244141
 0.00762939
 0.01251221
 0.01647949
 0.01953125
 0.02105713
 0.02136230
 0.02136230
 0.02105713
 0.02075195
 0.02044678
 0.01983643
 0.02044678
 0.02197266
 0.02441406
 0.02746582
 0.03143311
 0.03540039
 0.03875732
 0.04119873
 0.04241943
 0.04180908
 0.03906250
 0.03448486
 0.02929688
 0.02380371
 0.01739502
 0.01129150
 0.00610352
 0.00274658
 0.00030518
-0.00122070
-0.00213623
-0.00274658
-0.00396729
-0.00579834
-0.00854492
-0.01251221
-0.01770020
-0.02380371
-0.03021240
-0.03662109
-0.04333496
-0.04852295
-0.05249023
-0.05493164
-0.05554199
-0.05493164
-0.05279541
-0.05004883
-0.04791260
-0.04608154
-0.04486084
-0.04425049
-0.04486084
-0.04547119
-0.04638672
-0.04669189
-0.04699707
-0.04608154
-0.04364014
-0.03997803
-0.03601074
-0.03143311
-0.02624512
-0.02105713
-0.01617432
-0.01098633
-0.00549316
-0.00061035
 0.00274658
 0.00427246
 0.00518799
 0.00518799
 0.00457764
 0.00427246
 0.00457764
 0.00610352
 0.00854492
 0.01129150
 0.01434326
 0.01739502
 0.02014160
 0.02227783
 0.02410889
 0.02410889
 0.02288818
 0.02044678
 0.01861572
 0.01678467
 0.01525879
 0.01403809
 0.01281738
 0.01220703
 0.01220703
 0.01220703
 0.01129150
 0.01068115
 0.00946045
 0.00823975
 0.00671387
 0.00518799
 0.00396729
 0.00183105
-0.00152588
-0.00488281
-0.00793457
-0.01037598
-0.01220703
-0.01251221
-0.01129150
-0.00885010
-0.00610352
-0.00305176
 0.00000000
 0.00244141
 0.00335693
 0.00427246
 0.00427246
 0.00427246
 0.00396729
 0.00427246
 0.00457764
 0.00549316
 0.00671387
 0.00823975
 0.01037598
 0.01281738
 0.01525879
 0.01770020
 0.02014160
 0.02288818
 0.02441406
 0.02532959
 0.02593994
 0.02563477
 0.02563477
 0.02502441
 0.02380371
 0.02258301
 0.02136230
 0.02075195
 0.02105713
 0.02166748
 0.02227783
 0.02288818
 0.02349854
 0.02441406
 0.02410889
 0.02319336
 0.02197266
 0.01953125
 0.01678467
 0.01373291
 0.01098633
 0.00854492
 0.00671387
 0.00549316
 0.00549316
 0.00549316
 0.00518799
 0.00518799
 0.00488281
 0.00396729
 0.00305176
 0.00183105
 0.00061035
-0.00122070
-0.00366211
-0.00610352
-0.00823975
-0.01007080
-0.01220703
-0.01373291
-0.01464844
-0.01495361
-0.01525879
-0.01556396
-0.01586914
-0.01556396
-0.01525879
-0.01495361
-0.01464844
-0.01434326
-0.01495361
-0.01617432
-0.01800537
-0.01983643
-0.02044678
-0.02044678
-0.02014160
-0.01892090
-0.01678467
-0.01434326
-0.01220703
-0.01007080
-0.00793457
-0.00579834
-0.00396729
-0.00274658
-0.00152588
-0.00030518
 0.00091553
 0.00152588
 0.00213623
 0.00244141
 0.00244141
 0.00335693
 0.00366211
 0.00427246
 0.00488281
 0.00579834
 0.00701904
 0.00793457
 0.00823975
 0.00823975
 0.00762939
 0.00701904
 0.00579834
 0.00457764
 0.00335693
 0.00183105
 0.00030518
-0.00091553
-0.00152588
-0.00152588
-0.00152588
-0.00244141
-0.00305176
-0.00305176
-0.00366211
-0.00457764
-0.00640869
-0.00946045
-0.01312256
-0.01678467
-0.02105713
-0.02471924
-0.02777100
-0.02990723
-0.03173828
-0.03356934
-0.03540039
-0.03662109
-0.03662109
-0.03601074
-0.03448486
-0.03265381
-0.03051758
-0.02746582
-0.02471924
-0.02227783
-0.02014160
-0.01770020
-0.01434326
-0.01098633
-0.00732422
-0.00305176
 0.00213623
 0.00762939
 0.01342773
 0.01953125
 0.02502441
 0.02960205
 0.03356934
 0.03570557
 0.03784180
 0.03936768
 0.04028320
 0.04058838
 0.04058838
 0.03997803
 0.03875732
 0.03784180
 0.03631592
 0.03601074
 0.03570557
 0.03479004
 0.03356934
 0.03234863
 0.03051758
 0.02868652
 0.02655029
 0.02349854
 0.01983643
 0.01617432
 0.01220703
 0.00732422
 0.00274658
-0.00152588
-0.00488281
-0.00762939
-0.01007080
-0.01129150
-0.01190186
-0.01220703
-0.01251221
-0.01342773
-0.01464844
-0.01647949
-0.01831055
-0.01983643
-0.02105713
-0.02166748
-0.02227783
-0.02288818
-0.02288818
-0.02227783
-0.02075195
-0.01922607
-0.01678467
-0.01403809
-0.01129150
-0.00885010
-0.00640869
-0.00366211
-0.00152588
 0.00030518
 0.00183105
 0.00305176
 0.00396729
 0.00488281
 0.00640869
 0.00793457
 0.00976563
 0.01098633
 0.01220703
 0.01373291
 0.01525879
 0.01647949
 0.01617432
 0.01495361
 0.01281738
 0.01068115
 0.00854492
 0.00579834
 0.00274658
-0.00030518
-0.00274658
-0.00427246
-0.00488281
-0.00579834
-0.00671387
-0.00793457
-0.00915527
-0.01007080
-0.01159668
-0.01312256
-0.01525879
-0.01770020
-0.01953125
-0.02166748
-0.02349854
-0.02532959
-0.02593994
-0.02624512
-0.02593994
-0.02502441
-0.02319336
-0.02105713
-0.01922607
-0.01770020
-0.01617432
-0.01495361
-0.01434326
-0.01403809
-0.01464844
-0.01525879
-0.01586914
-0.01586914
-0.01617432
-0.01525879
-0.01403809
-0.01251221
-0.01068115
-0.00885010
-0.00701904
-0.00518799
-0.00366211
-0.00213623
-0.00152588
-0.00091553
-0.00061035
-0.00061035
-0.00061035
-0.00030518
 0.00030518
 0.00152588
 0.00335693
 0.00518799
 0.00701904
 0.00915527
 0.01159668
 0.01342773
 0.01495361
 0.01678467
 0.01831055
 0.01953125
 0.01983643
 0.01892090
 0.01739502
 0.01586914
 0.01434326
 0.01281738
 0.01098633
 0.01007080
 0.01007080
 0.01068115
 0.01098633
 0.01129150
 0.01129150
 0.01159668
 0.01159668
 0.01068115
 0.00915527
 0.00701904
 0.00549316
 0.00396729
 0.00335693
 0.00305176
 0.00274658
 0.00244141
 0.00274658
 0.00396729
 0.00488281
 0.00579834
 0.00671387
 0.00854492
 0.01007080
 0.01068115
 0.01068115
 0.01068115
 0.01068115
 0.01007080
 0.00915527
 0.00854492
 0.00854492
 0.00885010
 0.00976563
 0.01068115
 0.01190186
 0.01342773
 0.01464844
 0.01586914
 0.01708984
 0.01770020
 0.01770020
 0.01739502
 0.01678467
 0.01647949
 0.01617432
 0.01617432
 0.01617432
 0.01617432
 0.01525879
 0.01434326
 0.01434326
 0.01495361
 0.01556396
 0.01617432
 0.01647949
 0.01647949
 0.01617432
 0.01556396
 0.01434326
 0.01190186
 0.00946045
 0.00732422
 0.00518799
 0.00335693
 0.00122070
-0.00091553
-0.00274658
-0.00488281
-0.00701904
-0.00854492
-0.00946045
-0.01068115
-0.01190186
-0.01251221
-0.01373291
-0.01525879
-0.01678467
-0.01831055
-0.01953125
-0.02105713
-0.02319336
-0.02441406
-0.02471924
-0.02532959
-0.02563477
-0.02593994
-0.02563477
-0.02563477
-0.02655029
-0.02685547
-0.02655029
-0.02593994
-0.02532959
-0.02532959
-0.02532959
-0.02502441
-0.02502441
-0.02502441
-0.02471924
-0.02380371
-0.02197266
-0.02014160
-0.01861572
-0.01739502
-0.01647949
-0.01495361
-0.01281738
-0.01068115
-0.00915527
-0.00732422
-0.00549316
-0.00396729
-0.00274658
-0.00183105
-0.00061035
 0.00091553
 0.00244141
 0.00396729
 0.00549316
 0.00701904
 0.00854492
 0.00946045
 0.01007080
 0.01068115
 0.01129150
 0.01190186
 0.01220703
 0.01190186
 0.01190186
 0.01129150
 0.01007080
 0.00885010
 0.00732422
 0.00549316
 0.00427246
 0.00335693
 0.00244141
 0.00213623
 0.00122070
 0.00030518
-0.00030518
-0.00061035
-0.00122070
-0.00244141
-0.00335693
-0.00335693
-0.00305176
-0.00244141
-0.00244141
-0.00244141
-0.00183105
-0.00152588
-0.00122070
-0.00091553
 0.00000000
 0.00091553
 0.00183105
 0.00244141
 0.00335693
 0.00427246
 0.00549316
 0.00640869
 0.00732422
 0.00823975
 0.00854492
 0.00946045
 0.01007080
 0.01037598
 0.01068115
 0.01068115
 0.01129150
 0.01190186
 0.01220703
 0.01251221
 0.01312256
 0.01403809
 0.01495361
 0.01495361
 0.01495361
 0.01586914
 0.01678467
 0.01739502
 0.01770020
 0.01770020
 0.01739502
 0.01739502
 0.01770020
 0.01678467
 0.01586914
 0.01434326
 0.01281738
 0.01129150
 0.00976563
 0.00823975
 0.00640869
 0.00518799
 0.00366211
 0.00183105
 0.00000000
-0.00274658
-0.00457764
-0.00671387
-0.00854492
-0.01007080
-0.01159668
-0.01281738
-0.01373291
-0.01434326
-0.01495361
-0.01525879
-0.01586914
-0.01647949
-0.01647949
-0.01647949
-0.01708984
-0.01800537
-0.01831055
-0.01831055
-0.01770020
-0.01708984
-0.01678467
-0.01647949
-0.01617432
-0.01586914
-0.01525879
-0.01464844
-0.01434326
-0.01464844
-0.01434326
-0.01342773
-0.01251221
-0.01220703
-0.01220703
-0.01220703
-0.01190186
-0.01159668
-0.01129150
-0.01068115
-0.00976563
-0.00885010
-0.00854492
-0.00793457
-0.00701904
-0.00640869
-0.00579834
-0.00549316
-0.00518799
-0.00488281
-0.00457764
-0.00396729
-0.00366211
-0.00396729
-0.00427246
-0.00427246
-0.00457764
-0.00488281
-0.00518799
-0.00549316
-0.00579834
-0.00640869
-0.00701904
-0.00762939
-0.00823975
-0.00854492
-0.00885010
-0.00885010
-0.00885010
-0.00885010
-0.00854492
-0.00823975
-0.00823975
-0.00793457
-0.00793457
-0.00762939
-0.00671387
-0.00610352
-0.00488281
-0.00366211
-0.00183105
-0.00061035
 0.00091553
 0.00274658
 0.00457764
 0.00610352
 0.00732422
 0.00854492
 0.00946045
 0.01098633
 0.01220703
 0.01312256
 0.01403809
 0.01434326
 0.01434326
 0.01464844
 0.01525879
 0.01586914
 0.01678467
 0.01739502
 0.01861572
 0.01892090
 0.01892090
 0.01831055
 0.01800537
 0.01800537
 0.01739502
 0.01708984
 0.01647949
 0.01617432
 0.01617432
 0.01617432
 0.01647949
 0.01617432
 0.01586914
 0.01617432
 0.01678467
 0.01708984
 0.01708984
 0.01678467
 0.01678467
 0.01647949
 0.01586914
 0.01434326
 0.01312256
 0.01220703
 0.01098633
 0.00976563
 0.00885010
 0.00732422
 0.00640869
 0.00610352
 0.00518799
 0.00518799
 0.00579834
 0.00579834
 0.00518799
 0.00427246
 0.00274658
 0.00091553
-0.00030518
-0.00122070
-0.00183105
-0.00244141
-0.00305176
-0.00305176
-0.00335693
-0.00305176
-0.00274658
-0.00213623
-0.00183105
-0.00152588
-0.00122070
-0.00091553
-0.00061035
-0.00061035
-0.00091553
-0.00213623
-0.00305176
-0.00366211
-0.00427246
-0.00488281
-0.00488281
-0.00427246
-0.00335693
-0.00305176
-0.00244141
-0.00213623
-0.00213623
-0.00244141
-0.00335693
-0.00457764
-0.00518799
-0.00579834
-0.00671387
-0.00762939
-0.00854492
-0.00946045
-0.00976563
-0.00946045
-0.00885010
-0.00854492
-0.00823975
-0.00732422
-0.00640869
-0.00671387
-0.00732422
-0.00854492
-0.00976563
-0.01037598
-0.01129150
-0.01220703
-0.01281738
-0.01312256
-0.01281738
-0.01251221
-0.01220703
-0.01129150
-0.01037598
-0.00885010
-0.00762939
-0.00732422
-0.00732422
-0.00701904
-0.00640869
-0.00610352
-0.00610352
-0.00640869
-0.00671387
-0.00701904
-0.00671387
-0.00549316
-0.00457764
-0.00335693
-0.00183105
-0.00061035
 0.00122070
 0.00244141
 0.00305176
 0.00335693
 0.00305176
 0.00305176
 0.00274658
 0.00213623
 0.00213623
 0.00213623
 0.00244141
 0.00244141
 0.00274658
 0.00335693
 0.00396729
 0.00488281
 0.00610352
 0.00701904
 0.00762939
 0.00854492
 0.00885010
 0.00885010
 0.00823975
 0.00732422
 0.00640869
 0.00549316
 0.00457764
 0.00427246
 0.00457764
 0.00549316
 0.00671387
 0.00762939
 0.00823975
 0.00885010
 0.00976563
 0.01037598
 0.01007080
 0.00915527
 0.00793457
 0.00671387
 0.00610352
 0.00549316
 0.00427246
 0.00335693
 0.00244141
 0.00122070
 0.00091553
 0.00091553
 0.00061035
 0.00030518
 0.00030518
 0.00061035
 0.00061035
 0.00000000
-0.00152588
-0.00335693
-0.00549316
-0.00762939
-0.00976563
-0.01129150
-0.01159668
-0.01159668
-0.01159668
-0.01098633
-0.01068115
-0.01007080
-0.00915527
-0.00854492
-0.00793457
-0.00793457
-0.00793457
-0.00793457
-0.00823975
-0.00854492
-0.00885010
-0.00915527
-0.00915527
-0.00885010
-0.00823975
-0.00793457
-0.00793457
-0.00671387
-0.00549316
-0.00457764
-0.00366211
-0.00335693
-0.00366211
-0.00457764
-0.00549316
-0.00671387
-0.00762939
-0.00823975
-0.00885010
-0.00946045
-0.00946045
-0.00915527
-0.00854492
-0.00793457
-0.00732422
-0.00610352
-0.00549316
-0.00518799
-0.00518799
-0.00488281
-0.00488281
-0.00518799
-0.00610352
-0.00701904
-0.00823975
-0.00976563
-0.01037598
-0.01007080
-0.00915527
-0.00793457
-0.00671387
-0.00549316
-0.00427246
-0.00305176
-0.00213623
-0.00183105
-0.00183105
-0.00213623
-0.00305176
-0.00335693
-0.00396729
-0.00427246
-0.00427246
-0.00366211
-0.00274658
-0.00152588
-0.00061035
 0.00122070
 0.00335693
 0.00518799
 0.00640869
 0.00701904
 0.00793457
 0.00793457
 0.00793457
 0.00732422
 0.00671387
 0.00579834
 0.00549316
 0.00518799
 0.00549316
 0.00640869
 0.00762939
 0.00885010
 0.00976563
 0.01007080
 0.01098633
 0.01159668
 0.01159668
 0.01098633
 0.01037598
 0.00946045
 0.00885010
 0.00762939
 0.00701904
 0.00701904
 0.00701904
 0.00671387
 0.00640869
 0.00640869
 0.00762939
 0.00915527
 0.00976563
 0.01037598
 0.01037598
 0.01007080
 0.00976563
 0.00915527
 0.00793457
 0.00671387
 0.00549316
 0.00457764
 0.00366211
 0.00305176
 0.00305176
 0.00305176
 0.00335693
 0.00366211
 0.00396729
 0.00427246
 0.00457764
 0.00427246
 0.00335693
 0.00213623
 0.00122070
 0.00061035
 0.00000000
-0.00091553
-0.00183105
-0.00244141
-0.00274658
-0.00213623
-0.00152588
-0.00091553
 0.00061035
 0.00152588
 0.00244141
 0.00305176
 0.00335693
 0.00335693
 0.00305176
 0.00244141
 0.00213623
 0.00122070
 0.00030518
-0.00030518
-0.00061035
-0.00061035
 0.00000000
 0.00030518
 0.00061035
 0.00122070
 0.00152588
 0.00183105
 0.00183105
 0.00152588
 0.00091553
 0.00030518
 0.00000000
-0.00091553
-0.00152588
-0.00183105
-0.00183105
-0.00183105
-0.00152588
-0.00122070
-0.00091553
 0.00030518
 0.00122070
 0.00183105
 0.00183105
 0.00183105
 0.00213623
 0.00213623
 0.00183105
 0.00091553
 0.00091553
 0.00061035
 0.00030518
-0.00030518
-0.00030518
-0.00061035
-0.00122070
-0.00091553
-0.00061035
-0.00091553
-0.00091553
-0.00061035
-0.00061035
-0.00061035
-0.00152588
-0.00183105
-0.00213623
-0.00244141
-0.00274658
-0.00305176
-0.00305176
-0.00274658
-0.00244141
-0.00213623
-0.00152588
-0.00061035
 0.00000000
 0.00000000
 0.00061035
 0.00061035
 0.00061035
 0.00091553
 0.00091553
 0.00122070
 0.00091553
 0.00061035
 0.00061035
 0.00030518
 0.00000000
-0.00061035
-0.00122070
-0.00213623
-0.00244141
-0.00274658
-0.00274658
-0.00305176
-0.00366211
-0.00396729
-0.00427246
-0.00427246
-0.00457764
-0.00549316
-0.00610352
-0.00701904
-0.00762939
-0.00762939
-0.00762939
-0.00762939
-0.00762939
-0.00732422
-0.00701904
-0.00701904
-0.00671387
-0.00610352
-0.00518799
-0.00457764
-0.00427246
-0.00427246
-0.00457764
-0.00457764
-0.00427246
-0.00457764
-0.00518799
-0.00579834
-0.00549316
-0.00488281
-0.00427246
-0.00396729
-0.00335693
-0.00244141
-0.00152588
-0.00152588
-0.00152588
-0.00122070
-0.00061035
-0.00030518
 0.00000000
 0.00030518
 0.00030518
 0.00030518
 0.00061035
 0.00091553
 0.00122070
 0.00213623
 0.00366211
 0.00457764
 0.00518799
 0.00610352
 0.00701904
 0.00762939
 0.00823975
 0.00854492
 0.00854492
 0.00793457
 0.00732422
 0.00671387
 0.00610352
 0.00549316
 0.00518799
 0.00579834
 0.00549316
 0.00488281
 0.00457764
 0.00457764
 0.00488281
 0.00518799
 0.00488281
 0.00427246
 0.00366211
 0.00274658
 0.00213623
 0.00061035
-0.00030518
-0.00061035
-0.00091553
-0.00091553
-0.00122070
-0.00122070
-0.00091553
-0.00061035
-0.00061035
-0.00061035
-0.00091553
-0.00122070
-0.00152588
-0.00274658
-0.00396729
-0.00518799
-0.00579834
-0.00640869
-0.00701904
-0.00732422
-0.00732422
-0.00732422
-0.00701904
-0.00671387
-0.00671387
-0.00701904
-0.00701904
-0.00671387
-0.00640869
-0.00671387
-0.00701904
-0.00762939
-0.00793457
-0.00793457
-0.00793457
-0.00732422
-0.00671387
-0.00579834
-0.00457764
-0.00335693
-0.00244141
-0.00183105
-0.00183105
-0.00183105
-0.00183105
-0.00183105
-0.00244141
-0.00335693
-0.00366211
-0.00396729
-0.00427246
-0.00457764
-0.00488281
-0.00488281
-0.00488281
-0.00518799
-0.00549316
-0.00518799
-0.00549316
-0.00549316
-0.00549316
-0.00579834
-0.00579834
-0.00610352
-0.00579834
-0.00579834
-0.00610352
-0.00610352
-0.00579834
-0.00488281
-0.00335693
-0.00213623
-0.00152588
-0.00091553
 0.00000000
 0.00061035
 0.00152588
 0.00183105
 0.00183105
 0.00183105
 0.00213623
 0.00213623
 0.00244141
 0.00335693
 0.00427246
 0.00457764
 0.00488281
 0.00549316
 0.00640869
 0.00762939
 0.00854492
 0.00885010
 0.00946045
 0.00976563
 0.00976563
 0.00976563
 0.00976563
 0.01007080
 0.01037598
 0.01068115
 0.01068115
 0.01129150
 0.01159668
 0.01159668
 0.01190186
 0.01220703
 0.01281738
 0.01312256
 0.01312256
 0.01251221
 0.01159668
 0.01129150
 0.01068115
 0.01007080
 0.00946045
 0.00823975
 0.00701904
 0.00610352
 0.00610352
 0.00640869
 0.00640869
 0.00640869
 0.00549316
 0.00457764
 0.00396729
 0.00335693
 0.00274658
 0.00213623
 0.00183105
 0.00152588
 0.00152588
 0.00152588
 0.00152588
 0.00122070
 0.00061035
 0.00000000
 0.00000000
 0.00000000
 0.00030518
 0.00000000
 0.00061035
 0.00091553
 0.00061035
 0.00030518
-0.00091553
-0.00183105
-0.00213623
-0.00213623
-0.00244141
-0.00305176
-0.00335693
-0.00366211
-0.00457764
-0.00549316
-0.00610352
-0.00610352
-0.00610352
-0.00610352
-0.00671387
-0.00671387
-0.00640869
-0.00640869
-0.00671387
-0.00732422
-0.00732422
-0.00732422
-0.00671387
-0.00640869
-0.00610352
-0.00640869
-0.00640869
-0.00549316
-0.00457764
-0.00396729
-0.00366211
-0.00396729
-0.00427246
-0.00427246
-0.00457764
-0.00457764
-0.00457764
-0.00427246
-0.00457764
-0.00488281
-0.00549316
-0.00518799
-0.00457764
-0.00457764
-0.00396729
-0.00366211
-0.00335693
-0.00335693
-0.00335693
-0.00335693
-0.00335693
-0.00305176
-0.00244141
-0.00183105
-0.00152588
-0.00122070
-0.00030518
 0.00061035
 0.00122070
 0.00183105
 0.00213623
 0.00274658
 0.00244141
 0.00305176
 0.00335693
 0.00366211
 0.00335693
 0.00366211
 0.00335693
 0.00335693
 0.00335693
 0.00305176
 0.00274658
 0.00274658
 0.00274658
 0.00274658
 0.00305176
 0.00274658
 0.00305176
 0.00366211
 0.00396729
 0.00366211
 0.00366211
 0.00335693
 0.00366211
 0.00396729
 0.00457764
 0.00488281
 0.00518799
 0.00549316
 0.00549316
 0.00549316
 0.00518799
 0.00579834
 0.00579834
 0.00579834
 0.00579834
 0.00579834
 0.00549316
 0.00518799
 0.00488281
 0.00427246
 0.00366211
 0.00335693
 0.00305176
 0.00213623
 0.00122070
 0.00091553
 0.00122070
 0.00091553
 0.00030518
-0.00061035
-0.00152588
-0.00183105
-0.00213623
-0.00274658
-0.00335693
-0.00366211
-0.00396729
-0.00427246
-0.00366211
-0.00366211
-0.00366211
-0.00366211
-0.00366211
-0.00335693
-0.00366211
-0.00396729
-0.00427246
-0.00457764
-0.00579834
-0.00640869
-0.00671387
-0.00640869
-0.00640869
-0.00640869
-0.00640869
-0.00579834
-0.00518799
-0.00518799
-0.00488281
-0.00457764
-0.00457764
-0.00457764
-0.00457764
-0.00457764
-0.00427246
-0.00427246
-0.00427246
-0.00427246
-0.00366211
-0.00274658
-0.00244141
-0.00244141
-0.00183105
-0.00091553
-0.00061035
 0.00000000
 0.00061035
 0.00091553
 0.00091553
 0.00000000
-0.00030518
-0.00030518
-0.00091553
-0.00122070
-0.00152588
-0.00152588
-0.00183105
-0.00213623
-0.00183105
-0.00122070
-0.00152588
-0.00213623
-0.00244141
-0.00244141
-0.00274658
-0.00305176
-0.00396729
-0.00396729
-0.00427246
-0.00488281
-0.00488281
-0.00488281
-0.00427246
-0.00396729
-0.00335693
-0.00305176
-0.00244141
-0.00183105
-0.00091553
 0.00000000
 0.00000000
 0.00000000
 0.00000000
 0.00030518
 0.00030518
 0.00030518
 0.00030518
 0.00061035
 0.00122070
 0.00152588
 0.00213623
 0.00244141
 0.00274658
 0.00274658
 0.00274658
 0.00305176
 0.00335693
 0.00366211
 0.00396729
 0.00366211
 0.00305176
 0.00244141
 0.00183105
 0.00152588
 0.00152588
 0.00183105
 0.00183105
 0.00213623
 0.00274658
 0.00335693
 0.00396729
 0.00396729
 0.00366211
 0.00396729
 0.00396729
 0.00335693
 0.00274658
 0.00213623
 0.00213623
 0.00244141
 0.00244141
 0.00213623
 0.00183105
 0.00183105
 0.00213623
 0.00244141
 0.00244141
 0.00244141
 0.00213623
 0.00183105
 0.00213623
 0.00244141
 0.00213623
 0.00213623
 0.00152588
 0.00122070
 0.00091553
 0.00122070
 0.00152588
 0.00152588
 0.00152588
 0.00213623
 0.00244141
 0.00305176
 0.00335693
 0.00305176
 0.00305176
 0.00335693
 0.00335693
 0.00305176
 0.00274658
 0.00305176
 0.00305176
 0.00305176
 0.00305176
 0.00305176
 0.00274658
 0.00244141
 0.00244141
 0.00274658
 0.00305176
 0.00274658
 0.00244141
 0.00183105
 0.00183105
 0.00183105
 0.00152588
 0.00152588
 0.00122070
 0.00091553
 0.00091553
 0.00122070
 0.00091553
 0.00091553
 0.00122070
 0.00091553
 0.00061035
 0.00030518
 0.00061035
 0.00122070
 0.00152588
 0.00122070
 0.00122070
 0.00152588
 0.00244141
 0.00274658
 0.00244141
 0.00244141
 0.00183105
 0.00183105
 0.00213623
 0.00213623
 0.00183105
 0.00152588
 0.00152588
 0.00122070
 0.00061035
 0.00000000
-0.00030518
-0.00030518
-0.00030518
-0.00061035
-0.00122070
-0.00122070
-0.00122070
-0.00122070
-0.00152588
-0.00122070
-0.00152588
-0.00213623
-0.00274658
-0.00274658
-0.00274658
-0.00335693
-0.00366211
-0.00366211
-0.00366211
-0.00335693
-0.00305176
-0.00274658
-0.00305176
-0.00335693
-0.00335693
-0.00335693
-0.00335693
-0.00335693
-0.00366211
-0.00396729
-0.00396729
-0.00396729
-0.00427246
-0.00427246
-0.00457764
-0.00457764
-0.00457764
-0.00427246
-0.00366211
-0.00305176
-0.00335693
-0.00366211
-0.00366211
-0.00366211
-0.00396729
-0.00396729
-0.00396729
-0.00366211
-0.00335693
-0.00305176
-0.00305176
-0.00274658
-0.00244141
-0.00244141
-0.00274658
-0.00244141
-0.00213623
-0.00213623
-0.00213623
-0.00183105
-0.00152588
-0.00152588
-0.00183105
-0.00213623
-0.00244141
-0.00213623
-0.00152588
-0.00152588
-0.00152588
-0.00122070
-0.00030518
 0.00000000
 0.00030518
 0.00061035
 0.00061035
 0.00091553
 0.00122070
 0.00213623
 0.00213623
 0.00244141
 0.00274658
 0.00305176
 0.00335693
 0.00396729
 0.00427246
 0.00427246
 0.00396729
 0.00457764
 0.00488281
 0.00488281
 0.00488281
 0.00457764
 0.00457764
 0.00427246
 0.00427246
 0.00396729
 0.00427246
 0.00457764
 0.00396729
 0.00366211
 0.00366211
 0.00366211
 0.00335693
 0.00274658
 0.00213623
 0.00183105
 0.00183105
 0.00183105
 0.00183105
 0.00122070
 0.00122070
 0.00122070
 0.00091553
 0.00061035
 0.00061035
 0.00030518
 0.00000000
 0.00030518
 0.00061035
 0.00061035
 0.00061035
 0.00000000
-0.00091553
-0.00122070
-0.00122070
-0.00152588
-0.00152588
-0.00183105
-0.00213623
-0.00244141
-0.00244141
-0.00244141
-0.00244141
-0.00244141
-0.00274658
-0.00305176
-0.00305176
-0.00305176
-0.00274658
-0.00244141
-0.00244141
-0.00244141
-0.00274658
-0.00305176
-0.00305176
-0.00335693
-0.00396729
-0.00396729
-0.00366211
-0.00335693
-0.00335693
-0.00335693
-0.00335693
-0.00335693
-0.00305176
-0.00274658
-0.00244141
-0.00274658
-0.00274658
-0.00305176
-0.00366211
-0.00366211
-0.00366211
-0.00366211
-0.00396729
-0.00396729
-0.00366211
-0.00366211
-0.00366211
-0.00335693
-0.00274658
-0.00244141
-0.00244141
-0.00274658
-0.00274658
-0.00244141
-0.00244141
-0.00213623
-0.00183105
-0.00152588
-0.00122070
-0.00091553
-0.00030518
 0.00030518
 0.00091553
 0.00152588
 0.00213623
 0.00274658
 0.00305176
 0.00335693
 0.00335693
 0.00366211
 0.00427246
 0.00427246
 0.00427246
 0.00457764
 0.00457764
 0.00488281
 0.00488281
 0.00488281
 0.00518799
 0.00549316
 0.00579834
 0.00579834
 0.00640869
 0.00671387
 0.00640869
 0.00610352
 0.00610352
 0.00549316
 0.00457764
 0.00457764
 0.00457764
 0.00427246
 0.00427246
 0.00457764
 0.00457764
 0.00427246
 0.00427246
 0.00396729
 0.00427246
 0.00427246
 0.00396729
 0.00366211
 0.00305176
 0.00274658
 0.00274658
 0.00183105
 0.00061035
-0.00030518
-0.00061035
-0.00030518
 0.00000000
 0.00000000
 0.00000000
-0.00030518
 0.00000000
-0.00030518
-0.00030518
-0.00061035
-0.00061035
-0.00091553
-0.00152588
-0.00213623
-0.00244141
-0.00274658
-0.00274658
-0.00305176
-0.00305176
-0.00274658
-0.00274658
-0.00244141
-0.00213623
-0.00213623
-0.00244141
-0.00274658
-0.00305176
-0.00335693
-0.00366211
-0.00427246
-0.00457764
-0.00518799
-0.00579834
-0.00579834
-0.00518799
-0.00427246
-0.00427246
-0.00396729
-0.00366211
-0.00335693
-0.00335693
-0.00335693
-0.00335693
-0.00305176
-0.00305176
-0.00335693
-0.00305176
-0.00305176
-0.00366211
-0.00335693
-0.00274658
-0.00213623
-0.00183105
-0.00122070
-0.00030518
 0.00030518
 0.00061035
 0.00122070
 0.00183105
 0.00244141
 0.00213623
 0.00183105
 0.00213623
 0.00183105
 0.00152588
 0.00152588
 0.00183105
 0.00213623
 0.00274658
 0.00335693
 0.00335693
 0.00366211
 0.00427246
 0.00457764
 0.00457764
 0.00488281
 0.00518799
 0.00488281
 0.00396729
 0.00396729
 0.00427246
 0.00427246
 0.00366211
 0.00335693
 0.00396729
 0.00457764
 0.00457764
 0.00488281
 0.00549316
 0.00610352
 0.00610352
 0.00610352
 0.00610352
 0.00579834
 0.00579834
 0.00579834
 0.00610352
 0.00579834
 0.00518799
 0.00457764
 0.00427246
 0.00427246
 0.00488281
 0.00518799
 0.00518799
 0.00518799
 0.00549316
 0.00549316
 0.00518799
 0.00457764
 0.00427246
 0.00427246
 0.00366211
 0.00274658
 0.00213623
 0.00183105
 0.00152588
 0.00152588
 0.00122070
 0.00122070
 0.00152588
 0.00122070
 0.00091553
 0.00000000
-0.00061035
-0.00061035
-0.00061035
-0.00091553
-0.00122070
-0.00122070
-0.00152588
-0.00213623
-0.00305176
-0.00396729
-0.00427246
-0.00427246
-0.00457764
-0.00488281
-0.00488281
-0.00488281
-0.00488281
-0.00518799
-0.00579834
-0.00640869
-0.00671387
-0.00640869
-0.00671387
-0.00732422
-0.00762939
-0.00732422
-0.00732422
-0.00701904
-0.00671387
-0.00671387
-0.00671387
-0.00671387
-0.00671387
-0.00610352
-0.00610352
-0.00610352
-0.00579834
-0.00579834
-0.00610352
-0.00579834
-0.00518799
-0.00518799
-0.00488281
-0.00488281
-0.00457764
-0.00427246
-0.00396729
-0.00396729
-0.00427246
-0.00427246
-0.00427246
-0.00335693
-0.00274658
-0.00244141
-0.00213623
-0.00213623
-0.00183105
-0.00122070
-0.00091553
-0.00061035
-0.00091553
-0.00122070
-0.00091553
-0.00061035
-0.00030518
-0.00030518
 0.00000000
 0.00000000
 0.00061035
 0.00122070
 0.00183105
 0.00213623
 0.00183105
 0.00213623
 0.00274658
 0.00305176
 0.00305176
 0.00335693
 0.00335693
 0.00274658
 0.00274658
 0.00274658
 0.00305176
 0.00366211
 0.00366211
 0.00427246
 0.00427246
 0.00396729
 0.00396729
 0.00427246
 0.00457764
 0.00488281
 0.00457764
 0.00427246
 0.00457764
 0.00488281
 0.00518799
 0.00457764
 0.00457764
 0.00488281
 0.00457764
 0.00457764
 0.00457764
 0.00427246
 0.00427246
 0.00427246
 0.00457764
 0.00488281
 0.00488281
 0.00396729
 0.00305176
 0.00335693
 0.00335693
 0.00244141
 0.00152588
 0.00122070
 0.00183105
 0.00183105
 0.00152588
 0.00030518
-0.00030518
-0.00030518
 0.00000000
-0.00030518
-0.00030518
-0.00061035
-0.00061035
-0.00061035
-0.00061035
-0.00152588
-0.00213623
-0.00244141
-0.00244141
-0.00274658
-0.00274658
-0.00244141
-0.00274658
-0.00274658
-0.00305176
-0.00366211
-0.00396729
-0.00396729
-0.00396729
-0.00366211
-0.00366211
-0.00457764
-0.00518799
-0.00488281
-0.00457764
-0.00457764
-0.00518799
-0.00549316
-0.00579834
-0.00549316
-0.00457764
-0.00457764
-0.00457764
-0.00457764
-0.00457764
-0.00427246
-0.00427246
-0.00427246
-0.00396729
-0.00396729
-0.00366211
-0.00305176
-0.00244141
-0.00213623
-0.00183105
-0.00183105
-0.00152588
-0.00122070
-0.00061035
-0.00061035
-0.00061035
-0.00061035
-0.00061035
-0.00030518
-0.00030518
-0.00030518
 0.00000000
 0.00061035
 0.00122070
 0.00152588
 0.00122070
 0.00122070
 0.00152588
 0.00213623
 0.00274658
 0.00244141
 0.00274658
 0.00274658
 0.00274658
 0.00274658
 0.00244141
 0.00244141
 0.00213623
 0.00213623
 0.00274658
 0.00305176
 0.00305176
 0.00305176
 0.00305176
 0.00366211
 0.00335693
 0.00305176
 0.00274658
 0.00305176
 0.00305176
 0.00305176
 0.00244141
 0.00183105
 0.00213623
 0.00213623
 0.00213623
 0.00213623
 0.00183105
 0.00213623
 0.00213623
 0.00213623
 0.00244141
 0.00244141
 0.00244141
 0.00213623
 0.00183105
 0.00152588
 0.00152588
 0.00152588
 0.00122070
 0.00122070
 0.00122070
 0.00091553
 0.00061035
 0.00061035
 0.00061035
 0.00122070
 0.00152588
 0.00152588
 0.00152588
 0.00122070
 0.00091553
 0.00091553
 0.00061035
 0.00061035
 0.00061035
 0.00030518
 0.00000000
-0.00061035
-0.00061035
-0.00030518
-0.00030518
-0.00030518
-0.00061035
-0.00061035
-0.00030518
 0.00030518
 0.00000000
-0.00091553
-0.00091553
-0.00061035
-0.00061035
-0.00061035
-0.00061035
-0.00030518
-0.00030518
-0.00030518
-0.00030518
 0.00000000
-0.00030518
 0.00000000
 0.00030518
 0.00061035
 0.00061035
 0.00030518
 0.00030518
 0.00030518
 0.00030518
 0.00061035
 0.00061035
 0.00061035
 0.00030518
 0.00000000
 0.00030518
 0.00061035
 0.00061035
 0.00061035
 0.00061035
 0.00122070
 0.00122070
 0.00122070
 0.00091553
 0.00061035
 0.00061035
 0.00091553
 0.00122070
 0.00122070
 0.00091553
 0.00122070
 0.00122070
 0.00122070
 0.00122070
 0.00122070
 0.00122070
 0.00152588
 0.00183105
 0.00183105
 0.00122070
 0.00061035
 0.00061035
 0.00091553
 0.00091553
 0.00091553
 0.00061035
 0.00030518
 0.00030518
 0.00030518
 0.00061035
 0.00091553
 0.00030518
 0.00030518
-0.00030518
 0.00000000
-0.00030518
-0.00061035
-0.00122070
-0.00122070
-0.00122070
-0.00091553
-0.00091553
-0.00122070
-0.00122070
-0.00122070
-0.00183105
-0.00152588
-0.00091553
-0.00030518
 0.00000000
-0.00030518
-0.00061035
-0.00183105
-0.00335693
-0.00396729
-0.00305176
-0.00213623
-0.00152588
-0.00152588
-0.00213623
-0.00244141
-0.00244141
-0.00244141
-0.00244141
-0.00244141
-0.00244141
-0.00244141
-0.00244141
-0.00274658
-0.00244141
-0.00274658
-0.00305176
-0.00335693
-0.00335693
-0.00305176
-0.00305176
-0.00244141
-0.00152588
-0.00030518
 0.00030518
 0.00000000
-0.00061035
-0.00091553
-0.00152588
-0.00183105
-0.00213623
-0.00183105
-0.00122070
-0.00061035
-0.00030518
-0.00030518
-0.00061035
-0.00091553
-0.00091553
-0.00030518
 0.00061035
 0.00091553
 0.00091553
 0.00061035
 0.00030518
-0.00030518
-0.00122070
-0.00152588
-0.00122070
-0.00091553
-0.00122070
-0.00091553
 0.00000000
 0.00000000
 0.00000000
 0.00030518
 0.00061035
 0.00030518
 0.00000000
 0.00000000
 0.00030518
-0.00030518
-0.00030518
-0.00030518
-0.00030518
-0.00030518
-0.00061035
-0.00061035
-0.00061035
 0.00000000
 0.00061035
 0.00122070
 0.00152588
 0.00152588
 0.00061035
-0.00030518
-0.00061035
-0.00030518
 0.00000000
 0.00000000
-0.00030518
-0.00030518
-0.00030518
-0.00030518
-0.00061035
-0.00061035
 0.00030518
 0.00091553
 0.00122070
 0.00122070
 0.00061035
-0.00061035
-0.00152588
-0.00152588
-0.00152588
-0.00122070
-0.00122070
-0.00152588
-0.00152588
-0.00122070
-0.00091553
-0.00122070
-0.00122070
-0.00091553
-0.00091553
-0.00091553
-0.00122070
-0.00152588
-0.00152588
-0.00244141
-0.00244141
-0.00244141
-0.00244141
-0.00244141
-0.00244141
-0.00213623
-0.00183105
-0.00152588
-0.00061035
-0.00061035
-0.00122070
-0.00183105
-0.00213623
-0.00213623
-0.00244141
-0.00244141
-0.00244141
-0.00244141
-0.00213623
-0.00213623
-0.00183105
-0.00183105
-0.00183105
-0.00122070
-0.00030518
 0.00030518
 0.00030518
-0.00030518
-0.00061035
-0.00030518
-0.00030518
-0.00061035
-0.00091553
-0.00061035
-0.00030518
-0.00061035
-0.00030518
 0.00030518
 0.00122070
 0.00152588
 0.00183105
 0.00244141
 0.00274658
 0.00244141
 0.00213623
 0.00213623
 0.00183105
 0.00152588
 0.00122070
 0.00122070
 0.00152588
 0.00213623
 0.00244141
 0.00305176
 0.00366211
 0.00396729
 0.00396729
 0.00396729
 0.00427246
 0.00427246
 0.00396729
 0.00366211
 0.00366211
 0.00335693
 0.00274658
 0.00213623
 0.00183105
 0.00213623
 0.00274658
 0.00305176
 0.00335693
 0.00366211
 0.00366211
 0.00366211
 0.00366211
 0.00335693
 0.00335693
 0.00274658
 0.00244141
 0.00213623
 0.00183105
 0.00152588
 0.00152588
 0.00183105
 0.00183105
 0.00183105
 0.00213623
 0.00274658
 0.00305176
 0.00305176
 0.00274658
 0.00274658
 0.00244141
 0.00213623
 0.00152588
 0.00091553
 0.00091553
 0.00061035
 0.00061035
 0.00061035
 0.00061035
 0.00091553
 0.00091553
 0.00061035
 0.00122070
 0.00152588
 0.00152588
 0.00122070
 0.00091553
 0.00061035
-0.00030518
-0.00091553
-0.00091553
-0.00122070
-0.00152588
-0.00183105
-0.00183105
-0.00152588
-0.00122070
-0.00122070
-0.00122070
-0.00152588
-0.00152588
-0.00122070
-0.00091553
-0.00122070
-0.00183105
-0.00274658
-0.00366211
-0.00366211
-0.00335693
-0.00305176
-0.00274658
-0.00305176
-0.00305176
-0.00274658
-0.00305176
-0.00274658
-0.00213623
-0.00244141
-0.00274658
-0.00305176
-0.00305176
-0.00335693
-0.00366211
-0.00366211
-0.00366211
-0.00335693
-0.00305176
-0.00244141
-0.00213623
-0.00183105
-0.00152588
-0.00122070
-0.00152588
-0.00152588
-0.00122070
-0.00122070
-0.00152588
-0.00122070
-0.00091553
-0.00030518
 0.00000000
 0.00000000
 0.00000000
 0.00030518
 0.00061035
 0.00061035
 0.00030518
 0.00000000
 0.00030518
 0.00091553
 0.00122070
 0.00122070
 0.00091553
 0.00061035
 0.00091553
 0.00091553
 0.00091553
 0.00061035
 0.00061035
 0.00091553
 0.00091553
 0.00091553
 0.00061035
 0.00091553
 0.00122070
 0.00122070
 0.00061035
 0.00000000
 0.00030518
 0.00030518
 0.00000000
-0.00061035
-0.00091553
-0.00061035
 0.00000000
 0.00030518
-0.00061035
-0.00122070
-0.00122070
-0.00091553
-0.00091553
-0.00091553
-0.00091553
-0.00091553
-0.00152588
-0.00183105
-0.00213623
-0.00244141
-0.00213623
-0.00244141
-0.00244141
-0.00274658
-0.00213623
-0.00152588
-0.00122070
-0.00122070
-0.00152588
-0.00183105
-0.00183105
-0.00213623
-0.00213623
-0.00213623
-0.00213623
-0.00213623
-0.00213623
-0.00183105
-0.00183105
-0.00244141
-0.00244141
-0.00213623
-0.00213623
-0.00213623
-0.00183105
-0.00213623
-0.00244141
-0.00274658
-0.00274658
-0.00305176
-0.00335693
-0.00396729
-0.00366211
-0.00366211
-0.00335693
-0.00305176
-0.00244141
-0.00244141
-0.00244141
-0.00244141
-0.00274658
-0.00274658
-0.00274658
-0.00244141
-0.00244141
-0.00244141
-0.00213623
-0.00152588
-0.00122070
-0.00122070
-0.00122070
-0.00122070
-0.00122070
-0.00122070
-0.00122070
-0.00152588
-0.00122070
-0.00091553
-0.00030518
 0.00000000
-0.00030518
-0.00061035
-0.00061035
 0.00030518
 0.00000000
 0.00000000
 0.00030518
 0.00061035
 0.00091553
 0.00122070
 0.00122070
 0.00152588
 0.00152588
 0.00122070
 0.00122070
 0.00122070
 0.00183105
 0.00244141
 0.00244141
 0.00213623
 0.00183105
 0.00213623
 0.00244141
 0.00274658
 0.00305176
 0.00305176
 0.00244141
 0.00244141
 0.00213623
 0.00244141
 0.00244141
 0.00183105
 0.00183105
 0.00213623
 0.00213623
 0.00183105
 0.00213623
 0.00213623
 0.00213623
 0.00213623
 0.00213623
 0.00213623
 0.00213623
 0.00183105
 0.00122070
 0.00122070
 0.00091553
 0.00091553
 0.00091553
 0.00091553
 0.00091553
 0.00152588
 0.00152588
 0.00122070
 0.00061035
 0.00030518
 0.00030518
 0.00030518
 0.00000000
 0.00000000
-0.00030518
-0.00061035
-0.00061035
-0.00030518
 0.00030518
 0.00030518
-0.00030518
-0.00030518
-0.00061035
-0.00061035
-0.00061035
-0.00061035
-0.00061035
-0.00061035
-0.00061035
-0.00091553
-0.00122070
-0.00152588
-0.00122070
-0.00091553
-0.00091553
-0.00122070
-0.00091553
-0.00061035
-0.00030518
 0.00000000
 0.00000000
 0.00030518
-0.00030518
-0.00061035
-0.00061035
-0.00061035
-0.00091553
-0.00091553
-0.00091553
-0.00030518
 0.00000000
-0.00030518
-0.00030518
 0.00000000
 0.00061035
 0.00091553
 0.00030518
 0.00030518
 0.00091553
 0.00122070
 0.00091553
 0.00091553
 0.00061035
 0.00091553
 0.00122070
 0.00152588
 0.00152588
 0.00152588
 0.00152588
 0.00152588
 0.00152588
 0.00213623
 0.00183105
 0.00152588
 0.00152588
 0.00183105
 0.00183105
 0.00183105
 0.00183105
 0.00183105
 0.00183105
 0.00152588
 0.00183105
 0.00244141
 0.00213623
 0.00183105
 0.00122070
 0.00152588
 0.00183105
 0.00152588
 0.00152588
 0.00183105
 0.00152588
 0.00122070
 0.00091553
 0.00091553
 0.00091553
 0.00122070
 0.00122070
 0.00122070
 0.00122070
 0.00122070
 0.00122070
 0.00061035
 0.00061035
 0.00061035
 0.00061035
 0.00030518
 0.00000000
-0.00061035
-0.00061035
-0.00061035
-0.00091553
-0.00091553
-0.00091553
-0.00091553
-0.00152588
-0.00183105
-0.00183105
-0.00183105
-0.00213623
-0.00244141
-0.00244141
-0.00213623
-0.00244141
-0.00305176
-0.00366211
-0.00366211
-0.00335693
-0.00335693
-0.00366211
-0.00396729
-0.00427246
-0.00396729
-0.00366211
-0.00366211
-0.00427246
-0.00457764
-0.00457764
-0.00396729
-0.00427246
-0.00396729
-0.00396729
-0.00396729
-0.00396729
-0.00396729
-0.00396729
-0.00427246
-0.00427246
-0.00396729
-0.00366211
-0.00335693
-0.00335693
-0.00305176
-0.00274658
-0.00274658
-0.00274658
-0.00305176
-0.00274658
-0.00244141
-0.00213623
-0.00213623
-0.00183105
-0.00183105
-0.00183105
-0.00213623
-0.00183105
-0.00122070
-0.00122070
-0.00122070
-0.00122070
-0.00122070
-0.00061035
-0.00091553
-0.00061035
-0.00061035
-0.00061035
 0.00000000
 0.00000000
-0.00030518
-0.00030518
 0.00030518
 0.00061035
 0.00030518
-0.00030518
-0.00030518
-0.00061035
-0.00030518
 0.00000000
 0.00030518
 0.00061035
 0.00030518
 0.00000000
-0.00030518
 0.00000000
 0.00061035
 0.00091553
 0.00122070
 0.00091553
 0.00030518
-0.00030518
-0.00030518
 0.00000000
 0.00000000
 0.00000000
-0.00030518
-0.00061035
-0.00061035
-0.00030518
 0.00000000
-0.00030518
 0.00000000
 0.00000000
 0.00030518
 0.00000000
-0.00030518
-0.00061035
-0.00030518
-0.00061035
-0.00091553
-0.00122070
-0.00091553
-0.00122070
-0.00091553
-0.00091553
-0.00061035
-0.00061035
-0.00091553
-0.00091553
-0.00122070
-0.00152588
-0.00183105
-0.00183105
-0.00213623
-0.00244141
-0.00244141
-0.00244141
-0.00213623
-0.00213623
-0.00244141
-0.00274658
-0.00305176
-0.00244141
-0.00244141
-0.00244141
-0.00244141
-0.00244141
-0.00213623
-0.00213623
-0.00244141
-0.00244141
-0.00274658
-0.00274658
-0.00274658
-0.00274658
-0.00274658
-0.00274658
-0.00274658
-0.00305176
-0.00274658
-0.00213623
-0.00183105
-0.00152588
-0.00122070
-0.00122070
-0.00152588
-0.00122070
-0.00061035
 0.00000000
-0.00061035
-0.00091553
-0.00061035
 0.00000000
 0.00000000
 0.00000000
 0.00030518
 0.00091553
 0.00091553
 0.00091553
 0.00122070
 0.00183105
 0.00213623
 0.00244141
 0.00213623
 0.00183105
 0.00152588
 0.00183105
 0.00244141
 0.00274658
 0.00274658
 0.00244141
 0.00244141
 0.00335693
 0.00366211
 0.00335693
 0.00274658
 0.00274658
 0.00274658
 0.00305176
 0.00274658
 0.00244141
 0.00274658
 0.00305176
 0.00274658
 0.00274658
 0.00274658
 0.00244141
 0.00213623
 0.00244141
 0.00244141
 0.00274658
 0.00274658
 0.00274658
 0.00274658
 0.00274658
 0.00244141
 0.00244141
 0.00244141
 0.00183105
 0.00152588
 0.00152588
 0.00183105
 0.00183105
 0.00183105
 0.00183105
 0.00183105
 0.00152588
 0.00091553
 0.00061035
 0.00122070
 0.00152588
 0.00152588
 0.00061035
 0.00030518
 0.00061035
 0.00061035
 0.00030518
 0.00000000
 0.00000000
 0.00030518
 0.00000000
 0.00030518
 0.00030518
 0.00000000
-0.00030518
-0.00030518
-0.00091553
-0.00091553
-0.00091553
-0.00091553
-0.00091553
-0.00091553
-0.00091553
-0.00091553
-0.00091553
-0.00091553
-0.00091553
-0.00061035
-0.00061035
-0.00091553
-0.00091553
-0.00122070
-0.00152588
-0.00152588
-0.00183105
-0.00244141
-0.00213623
-0.00152588
-0.00183105
-0.00213623
-0.00213623
-0.00213623
-0.00213623
-0.00213623
-0.00183105
-0.00152588
-0.00122070
-0.00122070
-0.00122070
-0.00152588
-0.00152588
-0.00122070
-0.00122070
-0.00091553
-0.00061035
-0.00091553
-0.00122070
-0.00122070
-0.00061035
 0.00000000
 0.00000000
 0.00030518
 0.00061035
 0.00061035
 0.00061035
 0.00030518
 0.00061035
 0.00091553
 0.00091553
 0.00030518
 0.00030518
 0.00061035
 0.00122070
 0.00122070
 0.00122070
 0.00122070
 0.00152588
 0.00183105
 0.00213623
 0.00183105
 0.00152588
 0.00091553
 0.00091553
 0.00061035
 0.00061035
 0.00091553
 0.00152588
 0.00152588
 0.00122070
 0.00122070
 0.00122070
 0.00061035
 0.00030518
 0.00091553
 0.00122070
 0.00061035
 0.00030518
 0.00000000
-0.00030518
-0.00091553
-0.00091553
-0.00091553
-0.00091553
-0.00122070
-0.00122070
-0.00152588
-0.00183105
-0.00183105
-0.00213623
-0.00213623
-0.00183105
-0.00183105
-0.00213623
-0.00244141
-0.00274658
-0.00305176
-0.00274658
-0.00244141
-0.00274658
-0.00335693
-0.00366211
-0.00335693
-0.00274658
-0.00274658
-0.00305176
-0.00366211
-0.00396729
-0.00366211
-0.00366211
-0.00427246
-0.00427246
-0.00457764
-0.00457764
-0.00457764
-0.00457764
-0.00488281
-0.00488281
-0.00457764
-0.00396729
-0.00396729
-0.00396729
-0.00427246
-0.00427246
-0.00396729
-0.00366211
-0.00366211
-0.00396729
-0.00396729
-0.00366211
-0.00366211
-0.00366211
-0.00335693
-0.00335693
-0.00305176
-0.00305176
-0.00274658
-0.00244141
-0.00274658
-0.00244141
-0.00213623
-0.00213623
-0.00244141
-0.00244141
-0.00183105
-0.00152588
-0.00152588
-0.00122070
-0.00152588
-0.00183105
-0.00183105
-0.00152588
-0.00152588
-0.00152588
-0.00091553
-0.00030518
 0.00000000
 0.00000000
 0.00000000
 0.00061035
 0.00091553
 0.00091553
 0.00091553
 0.00091553
 0.00091553
 0.00152588
 0.00213623
 0.00213623
 0.00213623
 0.00213623
 0.00274658
 0.00274658
 0.00274658
 0.00305176
 0.00305176
 0.00305176
 0.00335693
 0.00335693
 0.00335693
 0.00335693
 0.00305176
 0.00274658
 0.00274658
 0.00305176
 0.00305176
 0.00305176
 0.00244141
 0.00244141
 0.00244141
 0.00274658
 0.00274658
 0.00274658
 0.00305176
 0.00274658
 0.00244141
 0.00213623
 0.00183105
 0.00152588
 0.00122070
 0.00122070
 0.00122070
 0.00091553
 0.00091553
 0.00091553
 0.00061035
 0.00061035
 0.00061035
 0.00091553
 0.00091553
 0.00091553
 0.00091553
 0.00091553
 0.00091553
 0.00030518
 0.00000000
 0.00000000
 0.00000000
 0.00000000
 0.00000000
-0.00030518
-0.00030518
-0.00061035
-0.00061035
-0.00030518
-0.00030518
-0.00030518
-0.00061035
-0.00061035
-0.00061035
-0.00030518
-0.00061035
-0.00122070
-0.00152588
-0.00091553
-0.00061035
-0.00091553
-0.00091553
-0.00122070
-0.00152588
-0.00091553
-0.00061035
-0.00091553
-0.00091553
-0.00122070
-0.00152588
-0.00122070
-0.00122070
-0.00152588
-0.00091553
-0.00122070
-0.00122070
-0.00122070
-0.00091553
-0.00091553
-0.00122070
-0.00091553
-0.00091553
-0.00061035
-0.00030518
-0.00030518
-0.00030518
-0.00061035
-0.00030518
-0.00030518
-0.00030518
 0.00000000
 0.00000000
 0.00000000
 0.00000000
 0.00030518
 0.00030518
 0.00061035
 0.00030518
 0.00030518
 0.00030518
 0.00061035
 0.00091553
 0.00091553
 0.00061035
 0.00091553
 0.00061035
 0.00061035
 0.00061035
 0.00091553
 0.00091553
 0.00122070
 0.00152588
 0.00152588
 0.00122070
 0.00091553
 0.00061035
 0.00091553
 0.00091553
 0.00061035
 0.00091553
 0.00122070
 0.00152588
 0.00152588
 0.00152588
 0.00122070
 0.00152588
 0.00122070
 0.00122070
 0.00091553
 0.00030518
 0.00000000
 0.00061035
 0.00091553
 0.00091553
 0.00030518
 0.00000000
-0.00030518
 0.00000000
 0.00000000
-0.00030518
-0.00061035
-0.00122070
-0.00122070
-0.00152588
-0.00152588
-0.00122070
-0.00122070
-0.00152588
-0.00152588
-0.00122070
-0.00183105
-0.00183105
-0.00152588
-0.00122070
-0.00091553
-0.00091553
-0.00152588
-0.00183105
-0.00213623
-0.00183105
-0.00183105
-0.00213623
-0.00213623
-0.00183105
-0.00213623
-0.00213623
-0.00183105
-0.00152588
-0.00122070
-0.00122070
-0.00152588
-0.00183105
-0.00152588
-0.00122070
-0.00122070
-0.00152588
-0.00183105
-0.00183105
-0.00183105
-0.00183105
-0.00183105
-0.00183105
-0.00152588
-0.00122070
-0.00091553
-0.00122070
-0.00091553
-0.00030518
-0.00061035
-0.00091553
-0.00122070
-0.00122070
-0.00091553
-0.00091553
-0.00091553
-0.00122070
-0.00122070
-0.00091553
-0.00030518
-0.00061035
-0.00091553
-0.00030518
 0.00000000
 0.00030518
 0.00030518
 0.00000000
-0.00030518
-0.00030518
-0.00030518
-0.00030518
 0.00000000
 0.00030518
 0.00000000
 0.00000000
 0.00030518
 0.00061035
 0.00030518
 0.00030518
 0.00030518
 0.00030518
 0.00061035
 0.00091553
 0.00091553
 0.00061035
 0.00030518
-0.00030518
-0.00091553
-0.00122070
-0.00122070
-0.00091553
-0.00061035
-0.00061035
-0.00061035
-0.00061035
-0.00030518
-0.00030518
-0.00061035
-0.00061035
-0.00030518
-0.00061035
-0.00091553
-0.00122070
-0.00122070
-0.00152588
-0.00183105
-0.00183105
-0.00152588
-0.00122070
-0.00122070
-0.00122070
-0.00091553
-0.00091553
-0.00061035
-0.00061035
-0.00061035
-0.00122070
-0.00183105
-0.00183105
-0.00213623
-0.00183105
-0.00213623
-0.00244141
-0.00244141
-0.00213623
-0.00183105
-0.00183105
-0.00183105
-0.00152588
-0.00091553
-0.00091553
-0.00122070
-0.00122070
-0.00152588
-0.00152588
-0.00183105
-0.00213623
-0.00244141
-0.00244141
-0.00274658
-0.00274658
-0.00244141
-0.00213623
-0.00183105
-0.00152588
-0.00152588
-0.00152588
-0.00152588
-0.00152588
-0.00152588
-0.00152588
-0.00152588
-0.00183105
-0.00244141
-0.00244141
-0.00183105
-0.00152588
-0.00122070
-0.00122070
-0.00122070
-0.00091553
-0.00030518
 0.00000000
 0.00000000
 0.00000000
 0.00000000
-0.00030518
 0.00000000
 0.00000000
-0.00061035
-0.00030518
 0.00000000
 0.00030518
 0.00061035
 0.00061035
 0.00091553
 0.00122070
 0.00152588
 0.00183105
 0.00183105
 0.00213623
 0.00213623
 0.00213623
 0.00183105
 0.00152588
 0.00152588
 0.00122070
 0.00091553
 0.00122070
 0.00122070
 0.00122070
 0.00091553
 0.00091553
 0.00183105
 0.00244141
 0.00213623
 0.00152588
 0.00122070
 0.00091553
 0.00091553
 0.00061035
 0.00061035
 0.00030518
 0.00030518
 0.00030518
-0.00030518
 0.00000000
 0.00030518
 0.00000000
 0.00030518
 0.00061035
 0.00061035
 0.00030518
 0.00000000
 0.00000000
-0.00030518
-0.00061035
-0.00091553
-0.00122070
-0.00122070
-0.00122070
-0.00091553
-0.00091553
-0.00061035
-0.00061035
-0.00091553
-0.00091553
-0.00061035
 0.00000000
-0.00030518
-0.00091553
-0.00091553
-0.00122070
-0.00122070
-0.00152588
-0.00213623
-0.00183105
-0.00122070
-0.00091553
-0.00061035
-0.00030518
 0.00030518
 0.00000000
 0.00000000
 0.00000000
 0.00030518
-0.00030518
-0.00091553
-0.00091553
-0.00091553
-0.00061035
-0.00091553
-0.00122070
-0.00152588
-0.00122070
-0.00061035
 0.00000000
 0.00030518
 0.00030518
 0.00030518
 0.00030518
 0.00000000
 0.00000000
 0.00000000
-0.00030518
-0.00061035
-0.00061035
-0.00030518
-0.00030518
-0.00030518
-0.00030518
 0.00000000
 0.00061035
 0.00122070
 0.00152588
 0.00152588
 0.00122070
 0.00122070
 0.00091553
 0.00061035
 0.00091553
 0.00091553
 0.00122070
 0.00122070
 0.00091553
 0.00091553
 0.00152588
 0.00183105
 0.00183105
 0.00213623
 0.00244141
 0.00274658
 0.00244141
 0.00244141
 0.00244141
 0.00244141
 0.00213623
 0.00183105
 0.00152588
 0.00091553
 0.00061035
 0.00091553
 0.00122070
 0.00213623
 0.00213623
 0.00183105
 0.00152588
 0.00152588
 0.00152588
 0.00122070
 0.00122070
 0.00122070
 0.00061035
 0.00000000
-0.00030518
-0.00061035
-0.00091553
-0.00061035
-0.00030518
 0.00030518
 0.00030518
-0.00030518
-0.00030518
-0.00030518
-0.00061035
-0.00091553
-0.00122070
-0.00122070
-0.00122070
-0.00183105
-0.00213623
-0.00274658
-0.00335693
-0.00335693
-0.00274658
-0.00244141
-0.00183105
-0.00152588
-0.00183105
-0.00244141
-0.00244141
-0.00244141
-0.00244141
-0.00244141
-0.00274658
-0.00274658
-0.00305176
-0.00305176
-0.00305176
-0.00274658
-0.00244141
-0.00183105
-0.00122070
-0.00122070
-0.00152588
-0.00183105
-0.00152588
-0.00122070
-0.00122070
-0.00183105
-0.00244141
-0.00274658
-0.00244141
-0.00244141
-0.00183105
-0.00183105
-0.00213623
-0.00183105
-0.00122070
-0.00091553
-0.00091553
-0.00122070
-0.00091553
-0.00061035
-0.00061035
-0.00122070
-0.00183105
-0.00183105
-0.00152588
-0.00122070
-0.00122070
-0.00061035
-0.00030518
-0.00030518
 0.00000000
 0.00091553
 0.00122070
 0.00152588
 0.00183105
 0.00183105
 0.00152588
 0.00091553
 0.00091553
 0.00091553
 0.00122070
 0.00152588
 0.00122070
 0.00122070
 0.00152588
 0.00152588
 0.00213623
 0.00244141
 0.00305176
 0.00335693
 0.00335693
 0.00274658
 0.00213623
 0.00152588
 0.00183105
 0.00213623
 0.00183105
 0.00183105
 0.00122070
 0.00152588
 0.00213623
 0.00244141
 0.00213623
 0.00244141
 0.00244141
 0.00274658
 0.00274658
 0.00244141
 0.00213623
 0.00183105
 0.00152588
 0.00122070
 0.00091553
 0.00091553
 0.00061035
 0.00030518
 0.00030518
 0.00091553
 0.00122070
 0.00091553
 0.00030518
 0.00030518
 0.00000000
 0.00000000
 0.00000000
-0.00030518
-0.00061035
-0.00091553
-0.00122070
-0.00122070
-0.00152588
-0.00152588
-0.00183105
-0.00213623
-0.00213623
-0.00183105
-0.00244141
-0.00244141
-0.00213623
-0.00244141
-0.00244141
-0.00305176
-0.00335693
-0.00396729
-0.00427246
-0.00427246
-0.00396729
-0.00366211
-0.00396729
-0.00427246
-0.00427246
-0.00396729
-0.00396729
-0.00396729
-0.00366211
-0.00366211
-0.00366211
-0.00366211
-0.00366211
-0.00396729
-0.00427246
-0.00427246
-0.00396729
-0.00366211
-0.00335693
-0.00335693
-0.00335693
-0.00305176
-0.00274658
-0.00274658
-0.00274658
-0.00244141
-0.00244141
-0.00274658
-0.00274658
-0.00305176
-0.00305176
-0.00305176
-0.00274658
-0.00274658
-0.00274658
-0.00305176
-0.00274658
-0.00213623
-0.00152588
-0.00122070
-0.00091553
-0.00091553
-0.00061035
-0.00061035
-0.00030518
-0.00030518
-0.00030518
-0.00061035
-0.00091553
-0.00091553
-0.00030518
 0.00000000
 0.00030518
 0.00061035
 0.00061035
 0.00030518
 0.00061035
 0.00091553
 0.00122070
 0.00152588
 0.00183105
 0.00183105
 0.00152588
 0.00091553
 0.00061035
 0.00122070
 0.00122070
 0.00152588
 0.00213623
 0.00183105
 0.00152588
 0.00183105
 0.00213623
 0.00244141
 0.00244141
 0.00213623
 0.00213623
 0.00213623
 0.00152588
 0.00183105
 0.00183105
 0.00213623
 0.00213623
 0.00213623
 0.00183105
 0.00122070
 0.00122070
 0.00183105
 0.00183105
 0.00183105
 0.00183105
 0.00183105
 0.00183105
 0.00183105
 0.00183105
 0.00183105
 0.00183105
 0.00183105
 0.00152588
 0.00091553
 0.00091553
 0.00091553
 0.00091553
 0.00122070
 0.00122070
 0.00122070
 0.00061035
 0.00061035
 0.00061035
 0.00091553
 0.00091553
 0.00091553
 0.00091553
 0.00061035
 0.00030518
 0.00061035
 0.00030518
 0.00030518
 0.00030518
 0.00030518
 0.00000000
 0.00000000
 0.00030518
 0.00000000
-0.00030518
-0.00030518
-0.00061035
-0.00061035
-0.00061035
-0.00030518
 0.00000000
 0.00000000
 0.00000000
 0.00000000
 0.00000000
 0.00030518
 0.00030518
 0.00030518
-0.00030518
 0.00000000
 0.00061035
 0.00061035
 0.00000000
 0.00000000
-0.00030518
-0.00030518
-0.00030518
 0.00030518
 0.00061035
 0.00061035
 0.00061035
 0.00030518
 0.00061035
 0.00061035
 0.00061035
 0.00030518
 0.00000000
 0.00061035
 0.00030518
 0.00061035
 0.00030518
 0.00061035
 0.00091553
 0.00061035
 0.00030518
 0.00030518
 0.00030518
 0.00061035
 0.00061035
 0.00061035
 0.00061035
 0.00061035
 0.00030518
 0.00000000
 0.00030518
 0.00030518
 0.00030518
 0.00000000
-0.00030518
-0.00030518
 0.00000000
 0.00030518
 0.00000000
 0.00030518
 0.00061035
 0.00061035
 0.00000000
-0.00030518
-0.00030518
-0.00030518
-0.00061035
-0.00091553
-0.00091553
-0.00091553
-0.00061035
-0.00030518
-0.00030518
-0.00030518
-0.00030518
-0.00061035
-0.00030518
-0.00030518
-0.00030518
-0.00061035
-0.00061035
-0.00061035
-0.00030518
-0.00030518
-0.00061035
-0.00122070
-0.00122070
-0.00061035
 0.00000000
-0.00030518
-0.00061035
-0.00061035
-0.00091553
-0.00061035
-0.00061035
-0.00061035
-0.00030518
-0.00061035
-0.00030518
-0.00030518
-0.00030518
-0.00061035
-0.00030518
-0.00030518
 0.00000000
 0.00000000
-0.00030518
-0.00030518
-0.00030518
-0.00030518
 0.00000000
 0.00030518
 0.00000000
-0.00030518
-0.00061035
-0.00061035
-0.00030518
 0.00030518
 0.00000000
-0.00030518
-0.00030518
 0.00030518
 0.00030518
 0.00030518
 0.00000000
 0.00000000
 0.00000000
 0.00000000
 0.00000000
 0.00000000
 0.00000000
-0.00030518
-0.00030518
-0.00030518
-0.00030518
 0.00000000
 0.00030518
 0.00030518
 0.00030518
 0.00061035
 0.00091553
 0.00061035
 0.00000000
 0.00000000
 0.00000000
 0.00000000
 0.00000000
 0.00000000
-0.00030518
 0.00000000
 0.00000000
 0.00030518
 0.00030518
 0.00000000
 0.00000000
-0.00030518
-0.00030518
 0.00000000
 0.00030518
 0.00030518
-0.00030518
-0.00061035
-0.00091553
-0.00061035
-0.00061035
-0.00061035
-0.00030518
-0.00061035
-0.00122070
-0.00122070
-0.00122070
-0.00122070
-0.00122070
-0.00183105
-0.00213623
-0.00183105
-0.00183105
-0.00183105
-0.00213623
-0.00244141
-0.00244141
-0.00244141
-0.00274658
-0.00274658
-0.00305176
-0.00274658
-0.00274658
-0.00274658
-0.00274658
-0.00274658
-0.00274658
-0.00274658
-0.00274658
-0.00335693
-0.00335693
-0.00335693
-0.00305176
-0.00305176
-0.00274658
-0.00274658
-0.00274658
-0.00274658
-0.00274658
-0.00274658
-0.00274658
-0.00305176
-0.00274658
-0.00274658
-0.00244141
-0.00213623
-0.00183105
-0.00183105
-0.00213623
-0.00213623
-0.00152588
-0.00122070
-0.00091553
-0.00122070
-0.00122070
-0.00091553
-0.00030518
-0.00030518
-0.00061035
-0.00061035
-0.00091553
-0.00061035
-0.00030518
 0.00030518
 0.00030518
 0.00030518
 0.00030518
 0.00030518
 0.00061035
 0.00091553
 0.00152588
 0.00183105
 0.00152588
 0.00152588
 0.00122070
 0.00122070
 0.00152588
 0.00183105
 0.00152588
 0.00122070
 0.00122070
 0.00152588
 0.00213623
 0.00244141
 0.00274658
 0.00274658
 0.00213623
 0.00183105
 0.00244141
 0.00244141
 0.00274658
 0.00274658
 0.00244141
 0.00213623
 0.00183105
 0.00213623
 0.00305176
 0.00335693
 0.00335693
 0.00305176
 0.00335693
 0.00335693
 0.00335693
 0.00305176
 0.00305176
 0.00244141
 0.00244141
 0.00213623
 0.00244141
 0.00274658
 0.00274658
 0.00244141
 0.00213623
 0.00213623
 0.00213623
 0.00274658
 0.00274658
 0.00244141
 0.00244141
 0.00152588
 0.00091553
 0.00091553
 0.00122070
 0.00122070
 0.00122070
 0.00091553
 0.00091553
 0.00122070
 0.00091553
 0.00091553
 0.00091553
 0.00091553
 0.00061035
 0.00030518
 0.00000000
 0.00000000
-0.00030518
-0.00061035
-0.00061035
-0.00030518
-0.00030518
-0.00091553
-0.00091553
-0.00091553
-0.00061035
-0.00061035
-0.00061035
-0.00091553
-0.00061035
-0.00061035
-0.00091553
-0.00152588
-0.00183105
-0.00183105
-0.00152588
-0.00152588
-0.00183105
-0.00152588
-0.00122070
-0.00122070
-0.00122070
-0.00122070
-0.00122070
-0.00122070
-0.00091553
-0.00091553
-0.00122070
-0.00183105
-0.00152588
-0.00152588
-0.00152588
-0.00091553
-0.00091553
-0.00091553
-0.00091553
-0.00061035
-0.00061035
-0.00030518
-0.00030518
-0.00030518
-0.00030518
-0.00091553
-0.00061035
-0.00030518
 0.00000000
-0.00030518
-0.00030518
 0.00000000
 0.00000000
 0.00030518
 0.00061035
 0.00091553
 0.00091553
 0.00061035
 0.00061035
 0.00061035
 0.00091553
 0.00091553
 0.00122070
 0.00122070
 0.00091553
 0.00091553
 0.00122070
 0.00152588
 0.00122070
 0.00091553
 0.00122070
 0.00152588
 0.00183105
 0.00152588
 0.00152588
 0.00152588
 0.00152588
 0.00152588
 0.00122070
 0.00122070
 0.00152588
 0.00152588
 0.00122070
 0.00091553
 0.00091553
 0.00091553
 0.00122070
 0.00152588
 0.00152588
 0.00122070
 0.00091553
 0.00091553
 0.00152588
 0.00152588
 0.00122070
 0.00061035
 0.00061035
 0.00091553
 0.00122070
 0.00122070
 0.00091553
 0.00091553
 0.00030518
 0.00030518
 0.00030518
 0.00030518
 0.00061035
 0.00061035
 0.00030518
 0.00000000
 0.00030518
 0.00000000
-0.00061035
-0.00030518
-0.00030518
-0.00030518
-0.00061035
-0.00091553
-0.00091553
-0.00030518
-0.00030518
-0.00030518
-0.00061035
-0.00061035
-0.00061035
-0.00030518
-0.00061035
-0.00122070
-0.00152588
-0.00122070
-0.00122070
-0.00152588
-0.00122070
-0.00122070
-0.00122070
-0.00122070
-0.00091553
-0.00091553
-0.00122070
-0.00122070
-0.00152588
-0.00152588
-0.00152588
-0.00183105
-0.00183105
-0.00183105
-0.00183105
-0.00152588
-0.00122070
-0.00122070
-0.00152588
-0.00152588
-0.00122070
-0.00122070
-0.00091553
-0.00061035
-0.00030518
-0.00061035
-0.00091553
-0.00122070
-0.00152588
-0.00091553
-0.00091553
-0.00122070
-0.00091553
-0.00061035
-0.00030518
-0.00030518
-0.00061035
-0.00030518
 0.00000000
-0.00030518
-0.00030518
-0.00030518
-0.00030518
-0.00061035
-0.00091553
-0.00122070
-0.00091553
-0.00091553
-0.00091553
-0.00030518
-0.00030518
-0.00061035
-0.00091553
-0.00061035
 0.00000000
 0.00000000
 0.00000000
-0.00030518
-0.00030518
-0.00030518
-0.00030518
-0.00030518
-0.00030518
-0.00030518
-0.00030518
-0.00030518
 0.00000000
 0.00000000
 0.00000000
-0.00030518
 0.00000000
 0.00000000
-0.00030518
-0.00061035
-0.00061035
-0.00061035
-0.00061035
-0.00061035
-0.00030518
 0.00000000
-0.00030518
-0.00030518
-0.00030518
 0.00000000
 0.00030518
 0.00091553
 0.00061035
 0.00030518
-0.00030518
-0.00061035
-0.00030518
 0.00000000
 0.00030518
 0.00000000
-0.00030518
-0.00030518
 0.00030518
 0.00030518
 0.00061035
 0.00030518
 0.00061035
 0.00061035
 0.00091553
 0.00091553
 0.00030518
-0.00030518
-0.00030518
 0.00000000
 0.00061035
 0.00030518
 0.00030518
 0.00061035
 0.00061035
 0.00030518
 0.00061035
 0.00091553
 0.00122070
 0.00122070
 0.00152588
 0.00152588
 0.00183105
 0.00152588
 0.00152588
 0.00122070
 0.00061035
 0.00061035
 0.00122070
 0.00152588
 0.00183105
 0.00152588
 0.00152588
 0.00213623
 0.00213623
 0.00244141
 0.00244141
 0.00213623
 0.00213623
 0.00244141
 0.00244141
 0.00213623
 0.00183105
 0.00183105
 0.00213623
 0.00213623
 0.00183105
 0.00183105
 0.00183105
 0.00183105
 0.00183105
 0.00152588
 0.00183105
 0.00213623
 0.00152588
 0.00091553
 0.00091553
 0.00122070
 0.00091553
 0.00091553
 0.00091553
 0.00091553
 0.00091553
 0.00091553
 0.00091553
 0.00091553
 0.00122070
 0.00152588
 0.00122070
 0.00091553
 0.00061035
 0.00030518
 0.00061035
 0.00061035
 0.00061035
 0.00030518
 0.00000000
-0.00061035
-0.00091553
-0.00061035
-0.00061035
-0.00061035
-0.00030518
-0.00030518
-0.00061035
-0.00091553
-0.00091553
-0.00061035
-0.00061035
-0.00091553
-0.00152588
-0.00183105
-0.00183105
-0.00213623
-0.00183105
-0.00183105
-0.00244141
-0.00244141
-0.00213623
-0.00183105
-0.00183105
-0.00152588
-0.00183105
-0.00183105
-0.00183105
-0.00183105
-0.00152588
-0.00183105
-0.00213623
-0.00244141
-0.00244141
-0.00213623
-0.00213623
-0.00183105
-0.00152588
-0.00152588
-0.00152588
-0.00152588
-0.00152588
-0.00122070
-0.00122070
-0.00122070
-0.00152588
-0.00183105
-0.00183105
-0.00152588
-0.00122070
-0.00152588
-0.00122070
-0.00061035
-0.00061035
-0.00091553
-0.00061035
 0.00000000
 0.00030518
 0.00030518
 0.00061035
 0.00061035
 0.00091553
 0.00091553
 0.00030518
 0.00030518
 0.00030518
 0.00061035
 0.00091553
 0.00061035
 0.00091553
 0.00122070
 0.00122070
 0.00152588
 0.00122070
 0.00122070
 0.00122070
 0.00152588
 0.00122070
 0.00091553
 0.00091553
 0.00122070
 0.00152588
 0.00152588
 0.00152588
 0.00152588
 0.00183105
 0.00183105
 0.00213623
 0.00213623
 0.00183105
 0.00122070
 0.00122070
 0.00122070
 0.00152588
 0.00122070
 0.00122070
 0.00122070
 0.00122070
 0.00122070
 0.00122070
 0.00122070
 0.00122070
 0.00061035
 0.00061035
 0.00091553
 0.00091553
 0.00122070
 0.00122070
 0.00122070
 0.00091553
 0.00061035
 0.00030518
 0.00030518
 0.00030518
 0.00030518
 0.00000000
 0.00030518
 0.00061035
 0.00061035
 0.00030518
 0.00000000
-0.00030518
 0.00000000
-0.00061035
-0.00091553
-0.00061035
-0.00030518
-0.00061035
-0.00091553
-0.00152588
-0.00183105
-0.00152588
-0.00122070
-0.00152588
-0.00183105
-0.00183105
-0.00183105
-0.00183105
-0.00183105
-0.00213623
-0.00244141
-0.00274658
-0.00244141
-0.00213623
-0.00244141
-0.00274658
-0.00274658
-0.00244141
-0.00244141
-0.00305176
-0.00335693
-0.00274658
-0.00244141
-0.00274658
-0.00274658
-0.00244141
-0.00213623
-0.00244141
-0.00274658
-0.00305176
-0.00305176
-0.00274658
-0.00213623
-0.00213623
-0.00213623
-0.00213623
-0.00183105
-0.00213623
-0.00213623
-0.00183105
-0.00152588
-0.00152588
-0.00152588
-0.00152588
-0.00122070
-0.00122070
-0.00091553
-0.00091553
-0.00091553
-0.00061035
-0.00061035
-0.00030518
 0.00000000
-0.00030518
-0.00030518
-0.00030518
 0.00030518
 0.00091553
 0.00091553
 0.00091553
 0.00061035
 0.00061035
 0.00091553
 0.00091553
 0.00122070
 0.00152588
 0.00183105
 0.00183105
 0.00152588
 0.00152588
 0.00152588
 0.00152588
 0.00152588
 0.00213623
 0.00213623
 0.00213623
 0.00213623
 0.00213623
 0.00244141
 0.00213623
 0.00213623
 0.00213623
 0.00213623
 0.00213623
 0.00183105
 0.00213623
 0.00183105
 0.00213623
 0.00244141
 0.00244141
 0.00213623
 0.00183105
 0.00213623
 0.00213623
 0.00244141
 0.00274658
 0.00244141
 0.00244141
 0.00244141
 0.00274658
 0.00274658
 0.00274658
 0.00244141
 0.00213623
 0.00244141
 0.00213623
 0.00213623
 0.00213623
 0.00244141
 0.00244141
 0.00183105
 0.00122070
 0.00122070
 0.00183105
 0.00183105
 0.00183105
 0.00183105
 0.00183105
 0.00152588
 0.00122070
 0.00091553
 0.00122070
 0.00122070
 0.00091553
 0.00091553
 0.00091553
 0.00091553
 0.00091553
 0.00030518
 0.00030518
 0.00000000
 0.00000000
 0.00000000
 0.00000000
-0.00030518
-0.00061035
-0.00122070
-0.00091553
 0.00000000
 0.00000000
-0.00061035
-0.00091553
-0.00061035
-0.00061035
-0.00061035
-0.00030518
-0.00030518
-0.00030518
-0.00091553
-0.00122070
-0.00122070
-0.00122070
-0.00091553
-0.00061035
-0.00091553
-0.00091553
-0.00061035
-0.00061035
-0.00061035
-0.00030518
 0.00000000
-0.00030518
-0.00091553
-0.00091553
-0.00061035
-0.00061035
-0.00061035
-0.00061035
-0.00061035
-0.00061035
-0.00091553
-0.00061035
-0.00030518
 0.00000000
 0.00030518
 0.00030518
 0.00000000
-0.00030518
 0.00000000
 0.00000000
-0.00030518
-0.00030518
-0.00030518
-0.00030518
-0.00061035
-0.00030518
 0.00000000
 0.00000000
 0.00030518
 0.00030518
-0.00030518
-0.00030518
 0.00030518
 0.00000000
 0.00000000
 0.00000000
-0.00030518
-0.00030518
 0.00000000
-0.00030518
-0.00030518
-0.00030518
-0.00061035
-0.00030518
-0.00030518
 0.00000000
 0.00000000
 0.00000000
 0.00000000
-0.00061035
-0.00091553
-0.00061035
-0.00030518
-0.00030518
-0.00030518
-0.00091553
-0.00091553
-0.00091553
-0.00122070
-0.00061035
-0.00061035
-0.00061035
-0.00030518
-0.00030518
 0.00000000
 0.00000000
 0.00000000
 0.00000000
-0.00061035
-0.00030518
-0.00061035
-0.00091553
-0.00091553
-0.00091553
-0.00061035
-0.00030518
-0.00061035
-0.00061035
-0.00061035
-0.00030518
 0.00000000
-0.00030518
-0.00030518
-0.00030518
-0.00061035
-0.00091553
-0.00061035
-0.00091553
-0.00061035
-0.00061035
-0.00061035
-0.00030518
 0.00000000
 0.00000000
 0.00000000
 0.00030518
 0.00061035
 0.00091553
 0.00091553
 0.00030518
 0.00000000
 0.00000000
 0.00000000
 0.00030518
 0.00061035
 0.00061035
 0.00061035
 0.00061035
 0.00061035
 0.00061035
 0.00061035
 0.00122070
 0.00122070
 0.00122070
 0.00122070
 0.00091553
 0.00091553
 0.00091553
 0.00091553
 0.00061035
 0.00061035
 0.00091553
 0.00122070
 0.00122070
 0.00091553
 0.00091553
 0.00091553
 0.00061035
 0.00091553
 0.00122070
 0.00122070
 0.00061035
 0.00030518
 0.00000000
 0.00030518
 0.00030518
 0.00030518
 0.00000000
 0.00000000
 0.00030518
 0.00061035
 0.00091553
 0.00122070
 0.00061035
 0.00000000
 0.00030518
 0.00061035
 0.00000000
-0.00030518
-0.00030518
-0.00030518
-0.00030518
-0.00030518
-0.00061035
-0.00061035
-0.00061035
-0.00061035
-0.00061035
-0.00061035
-0.00061035
-0.00061035
-0.00030518
-0.00091553
-0.00152588
-0.00122070
-0.00091553
-0.00091553
-0.00122070
-0.00183105
-0.00152588
-0.00152588
-0.00091553
-0.00091553
-0.00091553
-0.00091553
-0.00091553
-0.00091553
-0.00061035
-0.00091553
-0.00152588
-0.00183105
-0.00152588
-0.00122070
-0.00152588
-0.00183105
-0.00152588
-0.00122070
-0.00122070
-0.00152588
-0.00152588
-0.00152588
-0.00152588
-0.00152588
-0.00152588
-0.00122070
-0.00091553
-0.00122070
-0.00152588
-0.00152588
-0.00091553
-0.00122070
-0.00122070
-0.00152588
-0.00122070
-0.00061035
-0.00030518
 0.00000000
 0.00000000
 0.00000000
 0.00000000
 0.00000000
 0.00030518
 0.00030518
 0.00030518
 0.00030518
 0.00061035
 0.00061035
 0.00030518
 0.00030518
 0.00091553
 0.00091553
 0.00091553
 0.00122070
 0.00183105
 0.00213623
 0.00213623
 0.00152588
 0.00122070
 0.00122070
 0.00152588
 0.00152588
 0.00152588
 0.00152588
 0.00152588
 0.00122070
 0.00122070
 0.00122070
 0.00122070
 0.00152588
 0.00183105
 0.00274658
 0.00274658
 0.00213623
 0.00152588
 0.00152588
 0.00152588
 0.00183105
 0.00183105
 0.00152588
 0.00152588
 0.00122070
 0.00122070
 0.00122070
 0.00183105
 0.00183105
 0.00213623
 0.00152588
 0.00152588
 0.00152588
 0.00183105
 0.00213623
 0.00183105
 0.00122070
 0.00091553
 0.00091553
 0.00061035
 0.00030518
 0.00000000
 0.00030518
 0.00091553
 0.00152588
 0.00152588
 0.00122070
 0.00122070
 0.00091553
 0.00122070
 0.00152588
 0.00122070
 0.00091553
 0.00030518
 0.00030518
 0.00000000
-0.00030518
-0.00030518
-0.00030518
 0.00030518
 0.00030518
 0.00030518
-0.00030518
-0.00061035
-0.00030518
 0.00000000
 0.00000000
 0.00000000
 0.00000000
-0.00061035
-0.00152588
-0.00183105
-0.00152588
-0.00152588
-0.00122070
-0.00122070
-0.00091553
-0.00030518
-0.00030518
-0.00061035
-0.00091553
-0.00061035
-0.00061035
-0.00091553
-0.00122070
-0.00152588
-0.00183105
-0.00183105
-0.00152588
-0.00152588
-0.00183105
-0.00152588
-0.00152588
-0.00122070
-0.00122070
-0.00091553
-0.00091553
-0.00030518
 0.00000000
 0.00000000
-0.00030518
-0.00061035
-0.00091553
-0.00091553
-0.00091553
-0.00061035
-0.00061035
-0.00061035
-0.00030518
 0.00000000
 0.00000000
 0.00000000
 0.00000000
 0.00030518
 0.00061035
 0.00091553
 0.00061035
-0.00030518
-0.00061035
-0.00030518
 0.00000000
 0.00061035
 0.00091553
 0.00061035
 0.00030518
 0.00030518
 0.00061035
 0.00122070
 0.00152588
 0.00152588
 0.00091553
 0.00030518
 0.00061035
 0.00091553
 0.00091553
 0.00061035
 0.00030518
 0.00030518
 0.00061035
 0.00061035
 0.00061035
 0.00091553
 0.00122070
 0.00152588
 0.00152588
 0.00152588
 0.00091553
 0.00061035
 0.00061035
 0.00030518
 0.00030518
 0.00030518
 0.00000000
 0.00000000
 0.00030518
 0.00061035
 0.00061035
 0.00030518
 0.00030518
 0.00061035
 0.00030518
 0.00030518
 0.00030518
 0.00000000
 0.00000000
 0.00000000
 0.00000000
 0.00000000
-0.00030518
-0.00030518
-0.00061035
-0.00030518
-0.00030518
 0.00000000
 0.00000000
 0.00030518
 0.00030518
 0.00000000
-0.00030518
-0.00091553
-0.00122070
-0.00091553
-0.00061035
-0.00091553
-0.00122070
-0.00152588
-0.00152588
-0.00122070
-0.00061035
-0.00030518
-0.00061035
-0.00061035
-0.00061035
-0.00030518
-0.00030518
-0.00061035
-0.00091553
-0.00061035
-0.00122070
-0.00152588
-0.00152588
-0.00122070
-0.00122070
-0.00091553
-0.00061035
-0.00061035
-0.00061035
-0.00030518
-0.00030518
 0.00000000
 0.00000000
 0.00000000
 0.00000000
 0.00000000
-0.00030518
-0.00061035
-0.00061035
-0.00030518
 0.00000000
 0.00000000
 0.00000000
 0.00000000
 0.00000000
 0.00061035
 0.00091553
 0.00061035
 0.00030518
 0.00030518
 0.00000000
-0.00030518
 0.00000000
 0.00030518
 0.00061035
 0.00061035
 0.00030518
 0.00030518
 0.00091553
 0.00091553
 0.00061035
 0.00030518
 0.00061035
 0.00061035
 0.00061035
 0.00061035
 0.00091553
 0.00061035
 0.00030518
 0.00030518
 0.00000000
 0.00000000
 0.00000000
-0.00030518
 0.00000000
 0.00030518
 0.00061035
 0.00061035
 0.00061035
 0.00061035
 0.00030518
 0.00061035
 0.00061035
 0.00061035
 0.00030518
 0.00030518
 0.00030518
 0.00030518
 0.00030518
 0.00000000
 0.00000000
 0.00000000
 0.00000000
 0.00000000
 0.00000000
 0.00061035
 0.00091553
 0.00030518
-0.00030518
-0.00030518
 0.00000000
 0.00000000
 0.00030518
 0.00061035
 0.00000000
-0.00030518
-0.00030518
-0.00030518
 0.00000000
-0.00030518
 0.00000000
 0.00000000
 0.00000000
-0.00030518
-0.00030518
-0.00030518
-0.00030518
-0.00061035
-0.00030518
 0.00000000
 0.00000000
 0.00000000
-0.00030518
-0.00091553
-0.00122070
-0.00061035
 0.00000000
-0.00030518
-0.00030518
-0.00030518
 0.00000000
-0.00030518
-0.00091553
-0.00030518
-0.00030518
-0.00030518
-0.00030518
-0.00030518
-0.00030518
-0.00030518
-0.00030518
 0.00000000
-0.00030518
 0.00000000
 0.00000000
 0.00030518
 0.00030518
 0.00000000
 0.00000000
 0.00000000
 0.00000000
 0.00000000
-0.00030518
-0.00030518
-0.00030518
 0.00000000
-0.00030518
 0.00000000
 0.00030518
 0.00061035
 0.00061035
 0.00030518
 0.00000000
 0.00000000
 0.00000000
-0.00030518
-0.00030518
-0.00030518
 0.00000000
 0.00000000
-0.00030518
-0.00030518
-0.00061035
-0.00030518
 0.00000000
 0.00000000
 0.00000000
 0.00000000
 0.00000000
 0.00030518
 0.00061035
 0.00030518
 0.00000000
 0.00000000
 0.00030518
 0.00000000
 0.00000000
 0.00000000
 0.00000000
-0.00030518
-0.00030518
 0.00000000
 0.00030518
 0.00061035
 0.00000000
 0.00000000
 0.00000000
 0.00030518
 0.00000000
 0.00000000
-0.00030518
-0.00030518
 0.00000000
 0.00030518
 0.00030518
-0.00091553
-0.00122070
-0.00091553
 0.00000000
 0.00030518
 0.00030518
 0.00030518
 0.00000000
 0.00000000
 0.00000000
 0.00000000
-0.00030518
-0.00030518
 0.00000000
 0.00000000
 0.00000000
 0.00000000
 0.00000000
 0.00000000
-0.00030518
-0.00030518
-0.00061035
-0.00061035
-0.00061035
-0.00030518
 0.00000000
 0.00000000
 0.00000000
 0.00000000
 0.00000000
 0.00000000
 0.00061035
 0.00061035
 0.00000000
 0.00000000
 0.00000000
 0.00000000
 0.00030518
 0.00030518
 0.00030518
 0.00061035
 0.00061035
 0.00061035
 0.00061035
 0.00030518
 0.00030518
 0.00061035
 0.00061035
 0.00030518
 0.00061035
 0.00091553
 0.00152588
 0.00122070
 0.00061035
 0.00030518
 0.00091553
 0.00122070
 0.00122070
 0.00122070
 0.00122070
 0.00091553
 0.00091553
 0.00061035
 0.00091553
 0.00122070
 0.00091553
 0.00122070
 0.00122070
 0.00152588
 0.00183105
 0.00152588
 0.00091553
 0.00091553
 0.00091553
 0.00152588
 0.00122070
 0.00091553
 0.00061035
 0.00091553
 0.00091553
 0.00091553
 0.00061035
 0.00061035
 0.00091553
 0.00091553
 0.00122070
 0.00091553
 0.00061035
 0.00061035
 0.00061035
 0.00061035
 0.00061035
 0.00030518
 0.00000000
 0.00000000
 0.00030518
 0.00061035
 0.00061035
 0.00030518
 0.00030518
 0.00030518
 0.00030518
 0.00030518
 0.00030518
 0.00030518
 0.00030518
-0.00030518
-0.00030518
-0.00030518
-0.00061035
-0.00061035
-0.00061035
-0.00061035
-0.00061035
-0.00030518
 0.00000000
 0.00000000
-0.00030518
-0.00061035
-0.00091553
-0.00061035
-0.00091553
-0.00091553
-0.00091553
-0.00061035
-0.00091553
-0.00091553
-0.00061035
-0.00061035
-0.00091553
-0.00091553
-0.00061035
-0.00061035
-0.00061035
-0.00091553
-0.00122070
-0.00122070
-0.00091553
-0.00091553
-0.00122070
-0.00122070
-0.00122070
-0.00152588
-0.00152588
-0.00122070
-0.00091553
-0.00061035
-0.00061035
-0.00091553
-0.00061035
-0.00030518
-0.00030518
-0.00061035
-0.00091553
-0.00091553
-0.00091553
-0.00091553
-0.00061035
-0.00061035
-0.00030518
-0.00030518
 0.00030518
 0.00061035
 0.00030518
 0.00000000
 0.00030518
 0.00061035
 0.00091553
 0.00030518
-0.00030518
-0.00030518
 0.00030518
 0.00061035
 0.00061035
 0.00061035
 0.00030518
 0.00030518
 0.00000000
 0.00061035
 0.00091553
 0.00091553
 0.00091553
 0.00091553
 0.00122070
 0.00091553
 0.00030518
 0.00030518
 0.00000000
 0.00030518
 0.00030518
 0.00061035
 0.00030518
 0.00061035
 0.00091553
 0.00122070
 0.00061035
 0.00061035
 0.00061035
 0.00091553
 0.00030518
-0.00030518
 0.00000000
 0.00030518
 0.00061035
 0.00030518
 0.00000000
 0.00000000
 0.00061035
 0.00091553
 0.00091553
 0.00061035
 0.00030518
 0.00000000
 0.00030518
 0.00061035
 0.00061035
 0.00030518
 0.00030518
-0.00030518
-0.00030518
-0.00030518
-0.00030518
-0.00030518
-0.00030518
-0.00030518
-0.00030518
 0.00030518
 0.00030518
-0.00030518
-0.00061035
-0.00091553
-0.00030518
-0.00030518
-0.00061035
-0.00091553
-0.00091553
-0.00122070
-0.00122070
-0.00091553
-0.00061035
-0.00030518
-0.00030518
-0.00030518
-0.00061035
-0.00061035
-0.00061035
-0.00091553
-0.00061035
-0.00091553
-0.00091553
-0.00091553
-0.00091553
-0.00122070
-0.00122070
-0.00152588
-0.00122070
-0.00152588
-0.00091553
-0.00061035
-0.00061035
-0.00091553
-0.00122070
-0.00122070
-0.00122070
-0.00122070
-0.00122070
-0.00122070
-0.00091553
-0.00091553
-0.00122070
-0.00122070
-0.00183105
-0.00152588
-0.00091553
-0.00061035
-0.00030518
-0.00030518
-0.00030518
 0.00000000
-0.00030518
-0.00030518
 0.00000000
 0.00030518
 0.00000000
-0.00030518
-0.00030518
 0.00000000
 0.00000000
 0.00030518
 0.00061035
 0.00030518
 0.00030518
 0.00030518
 0.00061035
 0.00030518
 0.00030518
 0.00030518
 0.00061035
 0.00030518
 0.00030518
 0.00030518
 0.00000000
 0.00000000
 0.00000000
 0.00000000
 0.00000000
 0.00000000
 0.00000000
 0.00030518
 0.00030518
 0.00030518
 0.00030518
 0.00030518
 0.00030518
 0.00030518
 0.00061035
 0.00061035
 0.00061035
 0.00061035
 0.00061035
 0.00061035
 0.00061035
 0.00061035
 0.00091553
 0.00091553
 0.01617432
 0.29907227
 1.19049072
 2.54272461
 3.29101563
 2.06481934
-1.58477783
-4.57000732
-5.46356201
-4.26696777
-1.71691895
 1.08276367
 2.75329590
 3.23852539
 2.44140625
 0.36437988
-1.11297607
-1.15600586
-0.05615234
 1.15814209
 2.09350586
 2.11547852
 0.63415527
-1.67388916
-3.50921631
-3.95843506
-3.42224121
-2.16217041
-0.31433105
 1.32049561
 2.58544922
 2.94830322
 2.32696533
 1.04461670
 0.31127930
 0.21331787
 0.15655518
-0.16876221
-0.65979004
-1.36535645
-1.62963867
-1.42547607
-0.97717285
-0.51086426
-0.27252197
-0.12115479
-0.10711670
-0.00732422
 0.44647217
 1.26342773
 2.30590820
 3.08807373
 2.98248291
 1.36871338
-0.83679199
-2.29461670
-2.90710449
-2.92724609
-2.40753174
-1.41204834
-0.07568359
 1.06658936
 1.96960449
 2.50549316
 2.37609863
 1.58966064
 0.74859619
 0.30273438
-0.03601074
-0.28259277
-0.48706055
-0.77392578
-1.17797852
-1.56158447
-1.71569824
-1.52282715
-0.99243164
-0.17364502
 0.63751221
 1.38793945
 1.92199707
 1.98394775
 1.54541016
 0.97412109
 0.49652100
-0.02166748
-0.62347412
-1.16424561
-1.51367188
-1.64276123
-1.52099609
-1.12091064
-0.50659180
 0.15991211
 0.84014893
 1.45080566
 1.87377930
 1.94671631
 1.64672852
 1.13647461
 0.60455322
 0.18859863
-0.24719238
-0.63323975
-0.96038818
-1.18530273
-1.27136230
-1.18286133
-0.86395264
-0.25177002
 0.45410156
 1.18682861
 1.79718018
 1.98547363
 1.54632568
 0.80749512
 0.32043457
-0.05584717
-0.34362793
-0.52825928
-0.69824219
-0.91827393
-1.16088867
-1.25549316
-1.06109619
-0.58197021
 0.09765625
 0.73791504
 1.25915527
 1.37817383
 1.02172852
 0.51544189
 0.15716553
-0.22338867
-0.47729492
-0.61065674
-0.66436768
-0.72753906
-0.86975098
-1.01043701
-0.98266602
-0.73150635
-0.30914307
 0.19989014
 0.76751709
 1.16394043
 1.23504639
 0.95672607
 0.54565430
 0.25970459
-0.02105713
-0.28900146
-0.60333252
-0.97747803
-1.26312256
-1.29058838
-1.01165771
-0.47607422
 0.15960693
 0.77484131
 1.17309570
 1.18621826
 0.90942383
 0.61798096
 0.40557861
 0.26397705
 0.11718750
-0.09613037
-0.40130615
-0.78247070
-1.08978271
-1.19018555
-1.05957031
-0.73303223
-0.28259277
 0.23895264
 0.77697754
 1.16088867
 1.27593994
 1.09924316
 0.75561523
 0.38696289
 0.00976563
-0.37048340
-0.67657471
-0.87402344
-0.91888428
-0.80108643
-0.53802490
-0.20751953
 0.09796143
 0.42266846
 0.51574707
 0.49865723
 0.47912598
 0.51239014
 0.57464600
 0.59936523
 0.49285889
 0.16784668
-0.25756836
-0.64971924
-0.88012695
-0.88378906
-0.68695068
-0.37536621
-0.09490967
 0.18524170
 0.43701172
 0.53375244
 0.60333252
 0.63171387
 0.55786133
 0.36376953
 0.09765625
-0.17700195
-0.41992188
-0.61126709
-0.71624756
-0.71075439
-0.59387207
-0.40710449
-0.21636963
-0.00579834
 0.19042969
 0.39093018
 0.50964355
 0.56640625
 0.51635742
 0.37109375
 0.15777588
-0.11260986
-0.35217285
-0.52886963
-0.59783936
-0.54016113
-0.38726807
-0.25085449
-0.08270264
 0.08270264
 0.25329590
 0.41503906
 0.54534912
 0.60241699
 0.53527832
 0.35064697
 0.12145996
-0.11688232
-0.30303955
-0.43579102
-0.47485352
-0.41961670
-0.31402588
-0.17791748
-0.02624512
 0.12145996
 0.25451660
 0.35583496
 0.40618896
 0.40802002
 0.35522461
 0.23590088
 0.05249023
-0.12817383
-0.30364990
-0.45410156
-0.54290771
-0.55328369
-0.48736572
-0.37017822
-0.27099609
-0.11383057
 0.06195068
 0.23193359
 0.37567139
 0.41656494
 0.36926270
 0.24993896
 0.01983643
-0.20721436
-0.38726807
-0.49163818
-0.52581787
-0.49865723
-0.42114258
-0.31524658
-0.17822266
 0.00579834
 0.20385742
 0.40863037
 0.50903320
 0.50903320
 0.41381836
 0.30364990
 0.12969971
-0.02777100
-0.14831543
-0.23498535
-0.27435303
-0.26580811
-0.21636963
-0.13519287
-0.02929688
 0.10131836
 0.25543213
 0.41564941
 0.52520752
 0.55938721
 0.50231934
 0.38055420
 0.22460938
 0.05584717
-0.07354736
-0.17395020
-0.24353027
-0.27893066
-0.27709961
-0.23376465
-0.14556885
-0.01342773
 0.14739990
 0.33599854
 0.45043945
 0.47027588
 0.40466309
 0.32073975
 0.15441895
-0.02655029
-0.18524170
-0.33966064
-0.45867920
-0.51727295
-0.49713135
-0.39459229
-0.25817871
-0.06347656
 0.13427734
