-0.00030518
 0.00000000
 0.00000000
-0.00030518
-0.00091553
-0.00091553
-0.00091553
-0.00091553
-0.00061035
-0.00030518
-0.00030518
-0.00030518
-0.00030518
-0.00030518
-0.00030518
-0.00030518
-0.00061035
-0.00061035
-0.00030518
-0.00030518
-0.00030518
-0.00030518
-0.00030518
-0.00030518
-0.00030518
-0.00030518
-0.00061035
-0.00091553
-0.00091553
-0.00091553
-0.00091553
-0.00122070
-0.00122070
-0.00122070
-0.00152588
-0.00122070
-0.00122070
-0.00091553
-0.00091553
-0.00030518
-0.00030518
 0.00000000
 0.00030518
 0.00000000
 0.00000000
-0.00030518
-0.00030518
-0.00030518
-0.00030518
-0.00030518
-0.00030518
-0.00061035
-0.00030518
-0.00061035
-0.00061035
-0.00061035
-0.00061035
-0.00061035
-0.00061035
-0.00030518
 0.00000000
-0.00030518
-0.00030518
-0.00030518
-0.00061035
-0.00061035
-0.00061035
-0.00061035
-0.00061035
-0.00061035
-0.00091553
-0.00091553
-0.00122070
-0.00091553
-0.00061035
-0.00061035
-0.00030518
-0.00030518
-0.00030518
-0.00061035
-0.00061035
-0.00061035
-0.00030518
 0.00000000
 0.00000000
 0.00000000
 0.00000000
-0.00030518
-0.00030518
-0.00061035
-0.00091553
-0.00122070
-0.00122070
-0.00122070
-0.00091553
-0.00061035
-0.00030518
 0.00000000
 0.00000000
-0.00030518
-0.00061035
-0.00061035
-0.00091553
-0.00091553
-0.00091553
-0.00061035
-0.00091553
-0.00091553
-0.00091553
-0.00061035
-0.00030518
-0.00030518
-0.00030518
 0.00000000
 0.00000000
 0.00000000
 0.00000000
 0.00000000
 0.00000000
-0.00030518
-0.00030518
-0.00061035
-0.00061035
-0.00091553
-0.00091553
-0.00091553
-0.00061035
-0.00061035
-0.00030518
-0.00030518
-0.00030518
-0.00061035
-0.00061035
-0.00091553
-0.00091553
-0.00091553
-0.00091553
-0.00061035
-0.00061035
-0.00030518
-0.00030518
-0.00030518
-0.00061035
-0.00061035
-0.00061035
-0.00030518
-0.00030518
-0.00030518
-0.00030518
-0.00030518
 0.00000000
 0.00000000
 0.00000000
 0.00000000
-0.00030518
-0.00030518
 0.00000000
 0.00000000
-0.00030518
-0.00061035
-0.00091553
-0.00122070
-0.00091553
-0.00091553
-0.00091553
-0.00061035
-0.00061035
-0.00061035
-0.00061035
-0.00030518
-0.00030518
 0.00000000
-0.00030518
-0.00030518
-0.00030518
-0.00030518
-0.00030518
-0.00030518
-0.00061035
-0.00091553
-0.00122070
-0.00091553
-0.00091553
-0.00061035
 0.00000000
 0.00030518
 0.00030518
 0.00030518
 0.00030518
 0.00030518
 0.00030518
 0.00091553
 0.00183105
 0.00396729
 0.00823975
 0.01525879
 0.02593994
 0.04211426
 0.06439209
 0.09338379
 0.12939453
 0.17181396
 0.21850586
 0.26428223
 0.33508301
 0.34057617
 0.30975342
 0.22491455
 0.04333496
-0.21636963
-0.54931641
-0.92163086
-1.30187988
-1.64611816
-1.90429688
-2.04223633
-2.03552246
-1.87438965
-1.56616211
-1.12365723
-0.56762695
 0.37719727
 0.72692871
 1.34033203
 1.85241699
 2.20031738
 2.36816406
 2.26928711
 1.83410645
 1.17675781
 0.48156738
-0.01708984
-0.39428711
-0.43395996
-0.20874023
 0.07873535
 0.26947021
 0.40527344
 0.57189941
 0.62927246
 0.51574707
-0.15838623
-0.41046143
-0.75561523
-1.06567383
-1.14562988
-1.02416992
-0.77026367
-0.43823242
 0.07751465
 0.26184082
 0.45166016
 0.55419922
 0.48156738
-0.23895264
-0.42694092
-0.71777344
-0.97900391
-0.96618652
-0.71350098
-0.09399414
 0.42724609
 0.82946777
 1.37390137
 1.79931641
 2.04528809
 2.07397461
 1.82006836
 1.20910645
 0.24749756
-0.46417236
-0.99731445
-1.31591797
-1.33728027
-1.16088867
-0.83007813
-0.24291992
 0.33142090
 0.59997559
 0.99121094
 1.21398926
 1.24328613
 1.03149414
 0.20507813
-0.48309326
-1.08947754
-1.77917480
-2.24670410
-2.48352051
-2.56835938
-2.54577637
-2.42004395
-2.18322754
-1.82312012
-1.33117676
-0.70495605
 0.32257080
 0.85449219
 1.69433594
 2.48229980
 3.15551758
 3.62060547
 3.83972168
 3.70483398
 3.02917480
 1.89025879
 0.27923584
-0.85266113
-1.96899414
-2.58544922
-2.69042969
-2.41210938
-1.76574707
-0.78979492
 0.61523438
 1.68579102
 2.85278320
 3.77685547
 4.39025879
 4.68078613
 4.65515137
 4.39270020
 3.82812500
 3.05847168
 2.23144531
 1.43188477
 0.71472168
 0.17608643
-0.58898926
-1.33178711
-2.14843750
-2.95898438
-3.67553711
-4.23522949
-4.60693359
-4.77966309
-4.74670410
-4.48852539
-3.98681641
-3.20922852
-2.16552734
-0.91674805
 0.64239502
 1.66992188
 2.73315430
 3.52416992
 4.01367188
 4.18395996
 4.01184082
 3.37585449
 2.30468750
 1.03454590
-0.45257568
-1.34033203
-2.06604004
-2.39257813
-2.47253418
-2.38464355
-2.18261719
-1.92138672
-1.65344238
-1.41967773
-1.23962402
-1.11206055
-1.04492188
-1.06140137
-1.13098145
-1.19201660
-1.17675781
-1.04919434
-0.80139160
-0.44311523
 0.21881104
 0.56213379
 1.17919922
 1.82800293
 2.46520996
 3.03894043
 3.50158691
 3.82995605
 3.96362305
 3.74633789
 3.08593750
 2.02148438
 0.67504883
-0.78918457
-2.16308594
-3.22265625
-3.88549805
-4.20898438
-4.20898438
-3.90075684
-3.30200195
-2.45483398
-1.44042969
-0.11962891
 0.73364258
 1.70898438
 2.52197266
 3.14086914
 3.54125977
 3.71032715
 3.70849609
 3.42895508
 2.83691406
 2.00988770
 1.05834961
 0.15869141
-0.73791504
-1.38610840
-1.87500000
-2.20458984
-2.37060547
-2.37854004
-2.24304199
-1.99218750
-1.66320801
-1.29821777
-0.93994141
-0.63354492
-0.41442871
-0.46173096
-0.40344238
-0.71838379
-1.15783691
-1.56127930
-1.76818848
-1.68884277
-1.34826660
-0.78552246
 0.41412354
 0.90637207
 1.88964844
 2.81494141
 3.58398438
 4.12353516
 4.37500000
 4.26025391
 3.60778809
 2.31750488
 0.34606934
-1.11267090
-2.77526855
-4.06616211
-4.80651855
-5.09582520
-5.06408691
-4.73571777
-4.12963867
-3.30200195
-2.31323242
-1.24084473
-0.05828857
 0.82031250
 1.66625977
 2.31018066
 2.68676758
 2.79663086
 2.69165039
 2.25036621
 1.50573730
 0.62377930
-0.26367188
-0.79650879
-1.02600098
-0.95520020
-0.67626953
-0.07843018
 0.41687012
 0.79162598
 1.23291016
 1.51184082
 1.59240723
 1.46484375
 1.01623535
 0.05523682
-0.57617188
-1.37451172
-1.95556641
-2.23876953
-2.26989746
-2.12463379
-1.83349609
-1.43005371
-0.94726563
-0.35278320
 0.12786865
 0.49499512
 0.83984375
 1.09741211
 1.26831055
 1.31469727
 1.22436523
 1.07360840
 0.96679688
 0.99853516
 1.20300293
 1.53442383
 1.93908691
 2.36938477
 2.77648926
 3.11279297
 3.31787109
 3.29711914
 2.93884277
 2.26074219
 1.40258789
 0.52001953
-0.17395020
-0.81481934
-1.15844727
-1.35803223
-1.44836426
-1.47277832
-1.46423340
-1.46789551
-1.51428223
-1.63391113
-1.82128906
-2.03125000
-2.17895508
-2.19482422
-2.05261230
-1.76879883
-1.36352539
-0.85693359
-0.08483887
 0.54565430
 1.11083984
 1.83166504
 2.52929688
 3.15795898
 3.65295410
 4.01123047
 4.19067383
 4.08325195
 3.63464355
 2.91503906
 2.04528809
 1.14868164
 0.39916992
-0.22460938
-0.85876465
-1.34460449
-1.77490234
-2.12951660
-2.40600586
-2.59887695
-2.71484375
-2.76611328
-2.76855469
-2.72521973
-2.64648438
-2.52563477
-2.35717773
-2.11669922
-1.78344727
-1.35375977
-0.81970215
 0.02258301
 0.55603027
 1.34399414
 2.12707520
 2.85400391
 3.48327637
 3.98132324
 4.29260254
 4.38293457
 4.14978027
 3.59680176
 2.81311035
 1.90307617
 0.97900391
 0.17700195
-0.58471680
-1.23596191
-1.79992676
-2.24182129
-2.53112793
-2.66052246
-2.65686035
-2.54882813
-2.36755371
-2.13317871
-1.86157227
-1.56188965
-1.23291016
-0.88073730
-0.49865723
-0.12084961
 0.31494141
 0.76843262
 1.20361328
 1.62170410
 1.99523926
 2.29980469
 2.48962402
 2.50976563
 2.34863281
 2.05383301
 1.69738770
 1.34582520
 1.03881836
 0.76965332
 0.50720215
 0.26000977
-0.04577637
-0.36956787
-0.68420410
-0.99365234
-1.29211426
-1.57226563
-1.83044434
-2.07214355
-2.29553223
-2.49023438
-2.65625000
-2.78076172
-2.85766602
-2.88391113
-2.84973145
-2.74414063
-2.56164551
-2.28515625
-1.90917969
-1.43066406
-0.84228516
 0.05279541
 0.63903809
 1.46850586
 2.26806641
 2.98461914
 3.56872559
 3.96301270
 4.11804199
 3.91906738
 3.32946777
 2.47192383
 1.48925781
 0.47973633
-0.27893066
-0.94848633
-1.49597168
-1.98608398
-2.41699219
-2.77099609
-3.03283691
-3.18481445
-3.22937012
-3.17626953
-3.02612305
-2.78686523
-2.46520996
-2.06604004
-1.60034180
-1.07116699
-0.49377441
 0.26306152
 0.73425293
 1.34399414
 1.91772461
 2.44201660
 2.91076660
 3.31420898
 3.63220215
 3.80737305
 3.77563477
 3.51684570
 3.07067871
 2.49206543
 1.84753418
 1.17797852
 0.47180176
-0.24841309
-1.07055664
-1.86401367
-2.58239746
-3.15368652
-3.54309082
-3.73840332
-3.74572754
-3.58276367
-3.26293945
-2.79968262
-2.20825195
-1.52038574
-0.76477051
 0.22827148
 0.79711914
 1.54724121
 2.24243164
 2.84790039
 3.31970215
 3.70788574
 4.01123047
 4.17541504
 4.15588379
 3.93371582
 3.55163574
 3.07006836
 2.54638672
 2.01660156
 1.46545410
 0.87341309
 0.27984619
-0.35308838
-1.04248047
-1.64001465
-2.16674805
-2.60070801
-2.92968750
-3.13659668
-3.22387695
-3.18786621
-3.03222656
-2.76672363
-2.39440918
-1.93054199
-1.38000488
-0.75683594
 0.12695313
 0.57617188
 1.21582031
 1.77673340
 2.22717285
 2.57934570
 2.80883789
 2.85034180
 2.66967773
 2.31933594
 1.87866211
 1.43920898
 1.05895996
 0.73730469
 0.42541504
 0.09429932
-0.28930664
-0.68176270
-1.08154297
-1.45507813
-1.77978516
-2.03491211
-2.21618652
-2.30957031
-2.31140137
-2.22045898
-2.03857422
-1.77734375
-1.44226074
-1.05651855
-0.62988281
-0.09277344
 0.26611328
 0.65734863
 1.02600098
 1.33361816
 1.54968262
 1.64306641
 1.62902832
 1.56005859
 1.50573730
 1.51977539
 1.60156250
 1.71508789
 1.81762695
 1.86645508
 1.80847168
 1.60461426
 1.24755859
 0.76904297
 0.25695801
-0.26794434
-0.82092285
-1.27441406
-1.65893555
-1.96716309
-2.18750000
-2.30834961
-2.32299805
-2.23754883
-2.05627441
-1.79382324
-1.46240234
-1.07727051
-0.65734863
-0.18920898
 0.23254395
 0.64941406
 1.05163574
 1.42150879
 1.74072266
 1.98974609
 2.15270996
 2.22656250
 2.22961426
 2.18627930
 2.12280273
 2.03796387
 1.91955566
 1.75354004
 1.51977539
 1.21826172
 0.85021973
 0.43029785
 0.03112793
-0.49499512
-0.94543457
-1.34887695
-1.67907715
-1.91101074
-2.03125000
-2.04162598
-1.94763184
-1.76269531
-1.49658203
-1.16455078
-0.77697754
-0.29968262
 0.16540527
 0.54748535
 0.99426270
 1.41540527
 1.79199219
 2.10327148
 2.30895996
 2.35656738
 2.21984863
 1.92138672
 1.51489258
 1.05407715
 0.59020996
 0.20355225
-0.28350830
-0.76660156
-1.18225098
-1.54968262
-1.84265137
-2.05322266
-2.18688965
-2.24487305
-2.23571777
-2.16796875
-2.05017090
-1.88781738
-1.69433594
-1.47644043
-1.23657227
-0.98876953
-0.73486328
-0.48339844
-0.31921387
-0.09552002
 0.13885498
 0.46142578
 0.66650391
 0.84838867
 1.01074219
 1.14257813
 1.23901367
 1.29211426
 1.30004883
 1.25305176
 1.14440918
 0.97412109
 0.74829102
 0.47546387
 0.20507813
-0.08514404
-0.40832520
-0.65917969
-0.86059570
-1.00219727
-1.08520508
-1.11022949
-1.08215332
-1.00891113
-0.89660645
-0.75744629
-0.60302734
-0.44128418
-0.31524658
-0.21118164
-0.09033203
 0.02136230
 0.12390137
 0.21972656
 0.31921387
 0.40710449
 0.49255371
 0.58837891
 0.68542480
 0.78002930
 0.86303711
 0.92163086
 0.94970703
 0.93261719
 0.86914063
 0.75500488
 0.60302734
 0.42114258
 0.23498535
 0.04791260
-0.12847900
-0.28961182
-0.42114258
-0.50537109
-0.55603027
-0.56884766
-0.54992676
-0.49804688
-0.41748047
-0.32226563
-0.20751953
-0.05889893
 0.10955811
 0.31555176
 0.53344727
 0.72814941
 0.90881348
 1.07055664
 1.19445801
 1.27075195
 1.29333496
 1.24877930
 1.14196777
 0.97778320
 0.76538086
 0.50964355
 0.24597168
-0.05249023
-0.37384033
-0.68115234
-0.96557617
-1.21887207
-1.43127441
-1.59240723
-1.69555664
-1.73767090
-1.71630859
-1.62597656
-1.47033691
-1.26403809
-1.00952148
-0.72387695
-0.41442871
-0.12451172
 0.13549805
 0.49743652
 0.74829102
 0.94604492
 1.07482910
 1.13220215
 1.12304688
 1.06079102
 0.95642090
 0.82275391
 0.65673828
 0.45227051
 0.22644043
-0.05828857
-0.36529541
-0.66833496
-0.94848633
-1.19506836
-1.39160156
-1.53381348
-1.61560059
-1.63940430
-1.60888672
-1.52709961
-1.39953613
-1.23657227
-1.04492188
-0.82885742
-0.59570313
-0.37780762
-0.18341064
 0.03021240
 0.28350830
 0.52551270
 0.69763184
 0.84350586
 0.96191406
 1.04736328
 1.09863281
 1.11877441
 1.10229492
 1.05163574
 0.96435547
 0.85083008
 0.71472168
 0.56762695
 0.42114258
 0.29998779
 0.19714355
 0.09887695
 0.02960205
-0.01068115
-0.02746582
-0.02410889
-0.00274658
 0.03173828
 0.07598877
 0.12451172
 0.17303467
 0.22003174
 0.26397705
 0.32958984
 0.35766602
 0.38818359
 0.42724609
 0.47485352
 0.53283691
 0.59509277
 0.65429688
 0.70251465
 0.72509766
 0.71533203
 0.66528320
 0.57067871
 0.43823242
 0.27770996
 0.10375977
-0.07690430
-0.24780273
-0.40954590
-0.54260254
-0.64636230
-0.71899414
-0.75805664
-0.76354980
-0.74340820
-0.69702148
-0.63354492
-0.56030273
-0.48645020
-0.42114258
-0.36682129
-0.33325195
-0.32165527
-0.32714844
-0.34301758
-0.35888672
-0.36437988
-0.35461426
-0.31250000
-0.26519775
-0.22033691
-0.16204834
-0.09277344
-0.01770020
 0.05828857
 0.13153076
 0.19866943
 0.25756836
 0.32531738
 0.34057617
 0.33752441
 0.34729004
 0.35003662
 0.29571533
 0.21453857
 0.11230469
-0.00518799
-0.12969971
-0.25177002
-0.38452148
-0.49926758
-0.59753418
-0.68237305
-0.74523926
-0.77636719
-0.77636719
-0.73791504
-0.66650391
-0.56213379
-0.42297363
-0.27740479
-0.10253906
 0.08758545
 0.31646729
 0.55175781
 0.74462891
 0.91491699
 1.04736328
 1.13464355
 1.17980957
 1.17431641
 1.12609863
 1.04614258
 0.93872070
 0.81726074
 0.67993164
 0.53344727
 0.38330078
 0.24871826
 0.08636475
-0.07385254
-0.21942139
-0.35644531
-0.46813965
-0.55603027
-0.61401367
-0.63293457
-0.61645508
-0.56335449
-0.47302246
-0.35339355
-0.23834229
-0.09094238
 0.06530762
 0.26275635
 0.46325684
 0.60974121
 0.72875977
 0.81665039
 0.86853027
 0.87951660
 0.85754395
 0.80383301
 0.72204590
 0.61584473
 0.49072266
 0.35522461
 0.20721436
 0.04302979
-0.11413574
-0.25268555
-0.38330078
-0.49255371
-0.58349609
-0.65429688
-0.70068359
-0.72692871
-0.73303223
-0.72326660
-0.69702148
-0.66162109
-0.61462402
-0.55969238
-0.50109863
-0.44372559
-0.38452148
-0.32928467
-0.26977539
-0.19927979
-0.12481689
-0.04730225
 0.03143311
 0.10772705
 0.17791748
 0.23742676
 0.28411865
 0.33142090
 0.33264160
 0.32257080
 0.30059814
 0.23468018
 0.14648438
 0.04760742
-0.05065918
-0.13732910
-0.20080566
-0.24291992
-0.27008057
-0.28381348
-0.28625488
-0.27832031
-0.26184082
-0.23803711
-0.20843506
-0.17364502
-0.13427734
-0.09094238
-0.04272461
 0.01007080
 0.06713867
 0.12756348
 0.19012451
 0.25360107
 0.32043457
 0.38452148
 0.44128418
 0.48950195
 0.52856445
 0.55480957
 0.56396484
 0.56335449
 0.54260254
 0.50659180
 0.45104980
 0.38024902
 0.29113770
 0.18402100
 0.07019043
-0.04425049
-0.15808105
-0.26855469
-0.38330078
-0.47424316
-0.54443359
-0.59448242
-0.61645508
-0.60791016
-0.56945801
-0.50170898
-0.40527344
-0.29998779
-0.18249512
-0.03784180
 0.11352539
 0.30120850
 0.48645020
 0.61950684
 0.72143555
 0.78735352
 0.81298828
 0.79833984
 0.74462891
 0.65429688
 0.53649902
 0.39733887
 0.27160645
 0.09063721
-0.09857178
-0.27862549
-0.44555664
-0.60424805
-0.75134277
-0.87951660
-0.98571777
-1.06689453
-1.12121582
-1.14868164
-1.14990234
-1.12121582
-1.06323242
-0.98205566
-0.86914063
-0.73547363
-0.57861328
-0.40588379
-0.23773193
-0.05706787
 0.12481689
 0.32562256
 0.51574707
 0.65612793
 0.75988770
 0.82275391
 0.84533691
 0.82641602
 0.76660156
 0.68176270
 0.56823730
 0.44006348
 0.31280518
 0.16876221
 0.00305176
-0.15319824
-0.30029297
-0.43762207
-0.55847168
-0.66040039
-0.73852539
-0.79284668
-0.82336426
-0.82702637
-0.80627441
-0.76660156
-0.70190430
-0.62072754
-0.52185059
-0.41503906
-0.31280518
-0.21392822
-0.09735107
 0.01831055
 0.12969971
 0.23468018
 0.35400391
 0.43090820
 0.49438477
 0.54199219
 0.57556152
 0.59020996
 0.58837891
 0.56884766
 0.52734375
 0.46752930
 0.39245605
 0.30334473
 0.19775391
 0.08941650
-0.01098633
-0.10162354
-0.18127441
-0.24475098
-0.29907227
-0.33081055
-0.32348633
-0.28472900
-0.23712158
-0.16571045
-0.07202148
 0.04028320
 0.16662598
 0.36437988
 0.51208496
 0.65917969
 0.79772949
 0.93139648
 1.04858398
 1.14624023
 1.22131348
 1.27014160
 1.28662109
 1.27380371
 1.22863770
 1.14990234
 1.03881836
 0.89965820
 0.73852539
 0.56030273
 0.37109375
 0.20996094
 0.01556396
-0.16723633
-0.33081055
-0.46447754
-0.56396484
-0.62866211
-0.65612793
-0.65307617
-0.61950684
-0.55419922
-0.46569824
-0.35949707
-0.27313232
-0.15472412
-0.03112793
 0.09338379
 0.21484375
 0.38391113
 0.48706055
 0.57434082
 0.64697266
 0.70190430
 0.74096680
 0.75988770
 0.75805664
 0.73364258
 0.68542480
 0.61340332
 0.52001953
 0.40527344
 0.26306152
 0.11718750
-0.03662109
-0.19042969
-0.33874512
-0.48583984
-0.62438965
-0.74523926
-0.84350586
-0.91308594
-0.95825195
-0.97473145
-0.95886230
-0.92285156
-0.86120605
-0.78308105
-0.69091797
-0.58898926
-0.47851563
-0.36987305
-0.29144287
-0.18890381
-0.09124756
-0.00244141
 0.07110596
 0.12573242
 0.16448975
 0.18981934
 0.20385742
 0.20477295
 0.18249512
 0.13549805
 0.06988525
-0.00579834
-0.08361816
-0.15625000
-0.21697998
-0.26855469
-0.32470703
-0.36804199
-0.40466309
-0.43334961
-0.45227051
-0.46264648
-0.46203613
-0.44982910
-0.42175293
-0.38146973
-0.33843994
-0.29083252
-0.21972656
-0.13793945
-0.04943848
 0.04150391
 0.13061523
 0.21392822
 0.33569336
 0.38879395
 0.42541504
 0.44189453
 0.44128418
 0.42236328
 0.38818359
 0.33752441
 0.32806396
 0.23925781
 0.13916016
 0.03662109
-0.05950928
-0.14587402
-0.22613525
-0.30670166
-0.37231445
-0.41809082
-0.43945313
-0.44006348
-0.42419434
-0.39123535
-0.34667969
-0.31524658
-0.26306152
-0.20629883
-0.14801025
-0.09033203
-0.03479004
 0.01708984
 0.06500244
 0.10742188
 0.13977051
 0.16601563
 0.18737793
 0.20233154
 0.20599365
 0.19317627
 0.16235352
 0.11505127
 0.05523682
-0.01190186
-0.08209229
-0.15228271
-0.22277832
-0.29541016
-0.36621094
-0.42724609
-0.47912598
-0.51757813
-0.54443359
-0.55725098
-0.56091309
-0.55419922
-0.53649902
-0.50231934
-0.46447754
-0.41320801
-0.35400391
-0.31372070
-0.24108887
-0.16082764
-0.07598877
 0.01007080
 0.09490967
 0.17486572
 0.24749756
 0.31402588
 0.36132813
 0.38513184
 0.39062500
 0.38024902
 0.35644531
 0.34545898
 0.31555176
 0.24719238
 0.17364502
 0.10345459
 0.04180908
-0.01373291
-0.06500244
-0.11138916
-0.14984131
-0.17730713
-0.19226074
-0.19378662
-0.18249512
-0.15808105
-0.12084961
-0.07141113
-0.01068115
 0.05920410
 0.13488770
 0.21240234
 0.33386230
 0.40161133
 0.45776367
 0.50292969
 0.53527832
 0.55297852
 0.56030273
 0.55480957
 0.54199219
 0.51818848
 0.48278809
 0.44311523
 0.39489746
 0.33752441
 0.27343750
 0.21209717
 0.14862061
 0.08514404
 0.02532959
-0.02807617
-0.07202148
-0.10589600
-0.12817383
-0.13946533
-0.13916016
-0.12725830
-0.10467529
-0.07171631
-0.02838135
 0.02319336
 0.08148193
 0.14312744
 0.20507813
 0.26458740
 0.34362793
 0.37963867
 0.39916992
 0.40466309
 0.39245605
 0.36376953
 0.34423828
 0.30426025
 0.22735596
 0.14404297
 0.06225586
-0.00946045
-0.06958008
-0.12268066
-0.17028809
-0.21148682
-0.24536133
-0.27221680
-0.29205322
-0.30792236
-0.31372070
-0.31250000
-0.30700684
-0.29632568
-0.27954102
-0.25695801
-0.22857666
-0.19409180
-0.15319824
-0.10681152
-0.05645752
-0.00396729
 0.04760742
 0.09613037
 0.13854980
 0.17059326
 0.19287109
 0.20416260
 0.19775391
 0.16967773
 0.12176514
 0.06134033
-0.00518799
-0.06958008
-0.12542725
-0.17242432
-0.21301270
-0.24719238
-0.27343750
-0.29052734
-0.29754639
-0.29479980
-0.28289795
-0.26275635
-0.23345947
-0.19592285
-0.14953613
-0.09552002
-0.03509521
 0.03021240
 0.09796143
 0.16571045
 0.23132324
 0.29907227
 0.35278320
 0.38757324
 0.41137695
 0.41748047
 0.41320801
 0.39306641
 0.36376953
 0.32409668
 0.29144287
 0.22399902
 0.15930176
 0.09948730
 0.04089355
-0.01831055
-0.07751465
-0.13366699
-0.18493652
-0.22918701
-0.26550293
-0.29296875
-0.31555176
-0.32226563
-0.31860352
-0.30731201
-0.28778076
-0.26000977
-0.22430420
-0.18127441
-0.13336182
-0.08178711
-0.02960205
 0.02136230
 0.06927490
 0.11230469
 0.14648438
 0.17089844
 0.18707275
 0.19104004
 0.17608643
 0.14190674
 0.09216309
 0.03234863
-0.03021240
-0.08972168
-0.14221191
-0.18920898
-0.23101807
-0.26611328
-0.29113770
-0.31677246
-0.31219482
-0.29754639
-0.27709961
-0.24597168
-0.20507813
-0.15594482
-0.10070801
-0.04211426
 0.01770020
 0.07537842
 0.12969971
 0.17913818
 0.22308350
 0.25817871
 0.28411865
 0.30395508
 0.31494141
 0.31463623
 0.30273438
 0.28320313
 0.26031494
 0.23864746
 0.22033691
 0.20294189
 0.18371582
 0.16021729
 0.13214111
 0.10009766
 0.06561279
 0.03204346
 0.00152588
-0.02380371
-0.04211426
-0.05249023
-0.05401611
-0.04638672
-0.03051758
-0.00671387
 0.02441406
 0.06195068
 0.10375977
 0.14923096
 0.19592285
 0.24139404
 0.28503418
 0.33142090
 0.35461426
 0.37109375
 0.38330078
 0.39184570
 0.39489746
 0.39367676
 0.38879395
 0.37902832
 0.36315918
 0.34423828
 0.32226563
 0.29266357
 0.26733398
 0.24017334
 0.21301270
 0.18768311
 0.16662598
 0.14953613
 0.13702393
 0.12878418
 0.12390137
 0.12145996
 0.12023926
 0.11962891
 0.11779785
 0.11474609
 0.10925293
 0.10101318
 0.08941650
 0.07537842
 0.05889893
 0.04058838
 0.02044678
-0.00091553
-0.02380371
-0.04821777
-0.07385254
-0.10070801
-0.12878418
-0.15747070
-0.18646240
-0.21545410
-0.24353027
-0.27099609
-0.29724121
-0.32226563
-0.34729004
-0.36804199
-0.38818359
-0.40527344
-0.41625977
-0.42114258
-0.41992188
-0.41320801
-0.40222168
-0.38391113
-0.36132813
-0.33935547
-0.32043457
-0.30364990
-0.28289795
-0.26458740
-0.24963379
-0.24108887
-0.24169922
-0.25268555
-0.27160645
-0.29510498
-0.31860352
-0.33813477
-0.36071777
-0.38146973
-0.40466309
-0.43029785
-0.45410156
-0.47790527
-0.50109863
-0.52124023
-0.53771973
-0.54565430
-0.54626465
-0.53771973
-0.52062988
-0.49072266
-0.45532227
-0.40893555
-0.35583496
-0.33294678
-0.27709961
-0.21667480
-0.15319824
-0.08819580
-0.02227783
 0.04272461
 0.10681152
 0.16937256
 0.23010254
 0.28533936
 0.32196045
 0.34973145
 0.37963867
 0.39733887
 0.40832520
 0.40588379
 0.39306641
 0.36987305
 0.33569336
 0.29571533
 0.24475098
 0.19744873
 0.15258789
 0.10986328
 0.07049561
 0.03631592
 0.00946045
-0.00946045
-0.01983643
-0.02166748
-0.01556396
-0.00274658
 0.01647949
 0.04119873
 0.07049561
 0.10314941
 0.13732910
 0.17181396
 0.20355225
 0.23162842
 0.25482178
 0.27130127
 0.27648926
 0.26550293
 0.23803711
 0.19836426
 0.15258789
 0.10620117
 0.06347656
 0.02502441
-0.01037598
-0.04455566
-0.07629395
-0.10620117
-0.13244629
-0.15441895
-0.17272949
-0.18646240
-0.19561768
-0.20050049
-0.20080566
-0.19744873
-0.18951416
-0.17730713
-0.16143799
-0.14190674
-0.11871338
-0.09185791
-0.06195068
-0.02960205
 0.00457764
 0.04028320
 0.07537842
 0.10864258
 0.13824463
 0.16265869
 0.18005371
 0.18524170
 0.17120361
 0.13793945
 0.08911133
 0.03051758
-0.03204346
-0.09246826
-0.14862061
-0.20172119
-0.25238037
-0.30426025
-0.34729004
-0.37719727
-0.39978027
-0.40893555
-0.41015625
-0.40039063
-0.38085938
-0.35461426
-0.32531738
-0.29296875
-0.24658203
-0.19409180
-0.13702393
-0.07720947
-0.01647949
 0.04272461
 0.09887695
 0.15136719
 0.19622803
 0.22979736
 0.25665283
 0.27770996
 0.28991699
 0.28930664
 0.27404785
 0.24719238
 0.21392822
 0.17944336
 0.14831543
 0.12115479
 0.09643555
 0.07354736
 0.05401611
 0.03906250
 0.02929688
 0.02655029
 0.02960205
 0.03936768
 0.05432129
 0.07507324
 0.10040283
 0.13000488
 0.16418457
 0.20141602
 0.24139404
 0.28259277
 0.33874512
 0.37597656
 0.40588379
 0.42968750
 0.44799805
 0.45837402
 0.45959473
 0.45593262
 0.44128418
 0.42541504
 0.40283203
 0.37170410
 0.33752441
 0.29602051
 0.25695801
 0.21392822
 0.16754150
 0.12023926
 0.07385254
 0.02960205
-0.01068115
-0.04669189
-0.07751465
-0.10284424
-0.12207031
-0.13519287
-0.14221191
-0.14282227
-0.13763428
-0.12725830
-0.11199951
-0.09216309
-0.06896973
-0.04272461
-0.01434326
 0.01464844
 0.04333496
 0.07049561
 0.09490967
 0.11566162
 0.13000488
 0.13488770
 0.12756348
 0.10955811
 0.08453369
 0.05676270
 0.02929688
 0.00366211
-0.02166748
-0.04791260
-0.07598877
-0.10559082
-0.13610840
-0.16662598
-0.19592285
-0.22369385
-0.24902344
-0.27069092
-0.28869629
-0.30151367
-0.30853271
-0.31250000
-0.30273438
-0.28961182
-0.27008057
-0.24444580
-0.21270752
-0.17517090
-0.13305664
-0.08728027
-0.03997803
 0.00823975
 0.05493164
 0.09857178
 0.13549805
 0.16632080
 0.19195557
 0.21240234
 0.22583008
 0.22857666
 0.22003174
 0.20141602
 0.17730713
 0.15045166
 0.12359619
 0.09613037
 0.06530762
 0.03112793
-0.00671387
-0.04638672
-0.08575439
-0.12268066
-0.15563965
-0.18310547
-0.20416260
-0.21820068
-0.22583008
-0.22674561
-0.22155762
-0.21118164
-0.19622803
-0.17791748
-0.15686035
-0.13427734
-0.11047363
-0.08605957
-0.06164551
-0.03784180
-0.01556396
 0.00518799
 0.02288818
 0.03692627
 0.04516602
 0.04852295
 0.04669189
 0.04150391
 0.03356934
 0.02410889
 0.01373291
 0.00244141
-0.00915527
-0.02166748
-0.03326416
-0.04455566
-0.05462646
-0.06317139
