 0.00000000
 0.00000000
 0.00000000
 0.00000000
 0.00000000
 0.00000000
 0.00030518
 0.00030518
 0.00030518
 0.00061035
 0.00030518
 0.00030518
 0.00030518
 0.00030518
 0.00030518
 0.00061035
 0.00061035
 0.00061035
 0.00030518
 0.00000000
 0.00000000
 0.00000000
 0.00000000
 0.00000000
 0.00030518
 0.00061035
 0.00061035
 0.00061035
 0.00061035
 0.00030518
-0.00030518
-0.00061035
-0.00091553
-0.00091553
-0.00091553
-0.00030518
-0.00030518
 0.00000000
 0.00030518
 0.00030518
 0.00030518
 0.00030518
 0.00000000
 0.00000000
 0.00000000
-0.00030518
-0.00030518
-0.00030518
-0.00030518
-0.00030518
 0.00000000
 0.00000000
 0.00000000
 0.00000000
 0.00000000
 0.00000000
 0.00000000
 0.00000000
 0.00030518
 0.00030518
 0.00030518
 0.00030518
 0.00030518
 0.00030518
 0.00000000
 0.00000000
 0.00000000
 0.00000000
 0.00000000
 0.00000000
 0.00030518
 0.00000000
 0.00030518
 0.00030518
 0.00030518
 0.00030518
 0.00000000
 0.00000000
 0.00000000
 0.00000000
 0.00000000
 0.00000000
 0.00000000
 0.00000000
 0.00000000
 0.00000000
 0.00000000
 0.00000000
 0.00000000
 0.00000000
 0.00000000
 0.00000000
 0.00000000
 0.00000000
 0.00030518
 0.00030518
 0.00030518
 0.00030518
 0.00030518
 0.00061035
 0.00030518
 0.00030518
 0.00030518
 0.00030518
 0.00030518
 0.00030518
 0.00030518
 0.00030518
 0.00030518
 0.00030518
 0.00000000
 0.00000000
-0.00030518
-0.00030518
-0.00030518
-0.00030518
-0.00030518
-0.00030518
-0.00030518
-0.00030518
 0.00000000
 0.00030518
 0.00030518
 0.00030518
 0.00061035
 0.00061035
 0.00061035
 0.00030518
 0.00030518
 0.00030518
 0.00030518
 0.00030518
 0.00030518
 0.00030518
 0.00030518
 0.00030518
 0.00000000
 0.00000000
-0.00030518
 0.00000000
 0.00000000
 0.00000000
 0.00000000
-0.00030518
-0.00030518
-0.00030518
 0.00000000
 0.00000000
 0.00030518
 0.00061035
 0.00061035
 0.00061035
 0.00000000
 0.00000000
-0.00030518
 0.00000000
 0.00000000
 0.00000000
 0.00000000
 0.00030518
 0.00030518
 0.00000000
-0.00030518
-0.00030518
-0.00030518
-0.00030518
-0.00030518
 0.00000000
 0.00000000
 0.00000000
 0.00000000
 0.00000000
-0.00030518
-0.00061035
-0.00061035
-0.00061035
-0.00030518
-0.00030518
 0.00000000
 0.00030518
 0.00030518
 0.00030518
 0.00030518
 0.00030518
 0.00000000
 0.00000000
 0.00000000
 0.00030518
 0.00091553
 0.00152588
 0.00213623
 0.00305176
 0.00457764
 0.00671387
 0.00976563
 0.01403809
 0.01983643
 0.02777100
 0.03814697
 0.05096436
 0.06652832
 0.08575439
 0.10803223
 0.13397217
 0.16357422
 0.19714355
 0.23406982
 0.27526855
 0.34484863
 0.39245605
 0.44128418
 0.48828125
 0.53710938
 0.57861328
 0.61462402
 0.64453125
 0.67138672
 0.69274902
 0.70922852
 0.72326660
 0.73791504
 0.75744629
 0.77819824
 0.80871582
 0.84899902
 0.89599609
 0.95397949
 1.01501465
 1.07849121
 1.13525391
 1.18286133
 1.20727539
 1.20971680
 1.17736816
 1.10778809
 1.00280762
 0.86425781
 0.69641113
 0.51574707
 0.34027100
 0.17578125
 0.00640869
-0.13214111
-0.22674561
-0.29846191
-0.32836914
-0.29449463
-0.23925781
-0.17669678
-0.10864258
-0.04852295
-0.00946045
-0.00335693
-0.04455566
-0.13580322
-0.27648926
-0.48217773
-0.73303223
-0.99304199
-1.23596191
-1.44714355
-1.61437988
-1.71936035
-1.77062988
-1.76086426
-1.69006348
-1.57409668
-1.41723633
-1.24328613
-1.06262207
-0.89233398
-0.75683594
-0.67321777
-0.65673828
-0.70678711
-0.81237793
-0.94665527
-1.07727051
-1.18164063
-1.24267578
-1.25061035
-1.19812012
-1.08398438
-0.91125488
-0.68847656
-0.42480469
-0.18096924
 0.07476807
 0.44616699
 0.68786621
 0.85388184
 0.90454102
 0.81176758
 0.57983398
 0.26824951
-0.02258301
-0.46752930
-0.76171875
-0.98571777
-1.12365723
-1.17065430
-1.11999512
-0.97473145
-0.73974609
-0.44067383
 0.00823975
 0.31860352
 0.65246582
 0.98937988
 1.26403809
 1.42395020
 1.40441895
 1.17065430
 0.77514648
 0.33172607
 0.00183105
-0.48706055
-0.72265625
-0.85510254
-0.89782715
-0.85327148
-0.73608398
-0.55297852
-0.31799316
-0.09307861
 0.10284424
 0.40161133
 0.57250977
 0.65734863
 0.63049316
 0.50170898
 0.29083252
 0.11993408
-0.04974365
-0.26733398
-0.43945313
-0.51818848
-0.56030273
-0.56701660
-0.54931641
-0.51330566
-0.46630859
-0.41259766
-0.36437988
-0.32775879
-0.33660889
-0.32623291
-0.32531738
-0.36193848
-0.41687012
-0.48828125
-0.57128906
-0.66406250
-0.76660156
-0.87463379
-0.98083496
-1.07849121
-1.15966797
-1.21520996
-1.23840332
-1.21765137
-1.15295410
-1.04125977
-0.88317871
-0.68908691
-0.46691895
-0.30944824
-0.12145996
 0.04241943
 0.36499023
 0.44067383
 0.41259766
 0.25390625
 0.05981445
-0.20874023
-0.53527832
-0.80993652
-1.04187012
-1.21215820
-1.31103516
-1.33666992
-1.28112793
-1.15600586
-0.96313477
-0.72021484
-0.44372559
-0.19683838
 0.02593994
 0.38513184
 0.58288574
 0.69702148
 0.70251465
 0.61157227
 0.45898438
 0.35461426
 0.31707764
 0.26580811
 0.25512695
 0.29724121
 0.37536621
 0.53100586
 0.74768066
 0.97717285
 1.20483398
 1.39587402
 1.52648926
 1.55944824
 1.47216797
 1.26586914
 0.97412109
 0.64208984
 0.35736084
 0.13183594
-0.10559082
-0.36560059
-0.45654297
-0.47790527
-0.43090820
-0.30487061
-0.15289307
-0.00885010
 0.12664795
 0.29205322
 0.44555664
 0.47424316
 0.40283203
 0.14465332
-0.00823975
-0.20324707
-0.47363281
-0.66772461
-0.80444336
-0.88439941
-0.90576172
-0.87646484
-0.80261230
-0.69152832
-0.55786133
-0.41198730
-0.32714844
-0.21789551
-0.11535645
-0.02166748
 0.06622314
 0.15258789
 0.24078369
 0.32379150
 0.40039063
 0.49743652
 0.59570313
 0.69458008
 0.78063965
 0.84899902
 0.89477539
 0.91979980
 0.92712402
 0.92712402
 0.93322754
 0.95153809
 0.98693848
 1.03515625
 1.09680176
 1.15539551
 1.20483398
 1.23046875
 1.22192383
 1.16638184
 1.06079102
 0.91247559
 0.73364258
 0.54138184
 0.37719727
 0.24688721
 0.11749268
 0.03082275
-0.00213623
 0.01281738
 0.07476807
 0.18280029
 0.33843994
 0.53710938
 0.74584961
 0.95947266
 1.15356445
 1.31958008
 1.44165039
 1.50817871
 1.52526855
 1.49841309
 1.44592285
 1.38122559
 1.32202148
 1.26953125
 1.22924805
 1.19689941
 1.17248535
 1.14685059
 1.12121582
 1.08276367
 1.02966309
 0.95397949
 0.84899902
 0.71228027
 0.54321289
 0.34973145
 0.14526367
-0.07690430
-0.29479980
-0.48645020
-0.63659668
-0.73486328
-0.77392578
-0.74829102
-0.65612793
-0.50659180
-0.29388428
-0.05065918
 0.19622803
 0.49255371
 0.76782227
 1.02294922
 1.22741699
 1.36108398
 1.40808105
 1.36962891
 1.25976563
 1.11633301
 0.96435547
 0.82702637
 0.71105957
 0.61340332
 0.52978516
 0.46203613
 0.40222168
 0.34484863
 0.28167725
 0.20263672
 0.10375977
-0.01861572
-0.16326904
-0.30975342
-0.46691895
-0.63598633
-0.78186035
-0.88928223
-0.94482422
-0.94177246
-0.87890625
-0.75927734
-0.59448242
-0.39794922
-0.22491455
-0.06256104
 0.07019043
 0.24505615
 0.38024902
 0.35095215
 0.16418457
 0.09368896
 0.00518799
-0.09704590
-0.18493652
-0.24078369
-0.25268555
-0.22796631
-0.17181396
-0.08911133
 0.01342773
 0.12451172
 0.27435303
 0.42114258
 0.51391602
 0.58044434
 0.62561035
 0.65307617
 0.67626953
 0.70373535
 0.74829102
 0.81726074
 0.91491699
 1.03881836
 1.18896484
 1.35925293
 1.54235840
 1.72668457
 1.89086914
 2.02209473
 2.09228516
 2.08374023
 1.97326660
 1.76208496
 1.45446777
 1.07604980
 0.65124512
 0.24810791
-0.18493652
-0.64575195
-1.01318359
-1.32202148
-1.54907227
-1.68090820
-1.71752930
-1.65466309
-1.50573730
-1.26953125
-0.96801758
-0.61096191
-0.15777588
 0.26123047
 0.65734863
 1.08825684
 1.49414063
 1.85424805
 2.13256836
 2.28210449
 2.23449707
 1.97692871
 1.54052734
 0.98205566
 0.39276123
-0.21942139
-0.91979980
-1.59912109
-2.28759766
-2.95593262
-3.56506348
-4.08081055
-4.47998047
-4.74975586
-4.88830566
-4.89501953
-4.77905273
-4.54528809
-4.20227051
-3.75488281
-3.20983887
-2.57812500
-1.88720703
-1.15966797
-0.42144775
 0.22338867
 0.88134766
 1.37451172
 1.76208496
 2.03674316
 2.12829590
 1.97265625
 1.55883789
 0.97106934
 0.29022217
-0.33233643
-0.96069336
-1.49841309
-2.00134277
-2.47497559
-2.89978027
-3.25195313
-3.50708008
-3.65356445
-3.69506836
-3.63220215
-3.47290039
-3.22631836
-2.90466309
-2.51098633
-2.05383301
-1.54541016
-0.99731445
-0.39459229
 0.14160156
 0.73547363
 1.27563477
 1.76940918
 2.20458984
 2.57385254
 2.84790039
 2.97973633
 2.93884277
 2.74108887
 2.45239258
 2.14050293
 1.86401367
 1.63330078
 1.42028809
 1.21337891
 0.99609375
 0.77758789
 0.56335449
 0.38330078
 0.22766113
 0.04577637
-0.12573242
-0.28564453
-0.42419434
-0.54138184
-0.65002441
-0.74157715
-0.81726074
-0.86608887
-0.88012695
-0.84838867
-0.76477051
-0.61340332
-0.39428711
-0.02777100
 0.30609131
 0.68176270
 1.15966797
 1.67846680
 2.21862793
 2.74780273
 3.23791504
 3.66333008
 3.98193359
 4.12231445
 3.96789551
 3.48083496
 2.72521973
 1.79260254
 0.79406738
-0.13305664
-1.06994629
-1.88903809
-2.62145996
-3.22998047
-3.67797852
-3.94653320
-4.03320313
-3.95568848
-3.72863770
-3.37097168
-2.89611816
-2.32788086
-1.69372559
-1.02905273
-0.34942627
 0.23437500
 0.81298828
 1.25793457
 1.61010742
 1.86645508
 1.97387695
 1.87927246
 1.59057617
 1.17858887
 0.71960449
 0.33935547
 0.02349854
-0.44982910
-0.80139160
-1.16027832
-1.50756836
-1.81884766
-2.07214355
-2.25524902
-2.35778809
-2.38342285
-2.34375000
-2.24670410
-2.10266113
-1.92810059
-1.73217773
-1.53198242
-1.33850098
-1.16210938
-1.01074219
-0.88317871
-0.77270508
-0.66467285
-0.54321289
-0.39367676
-0.24353027
-0.00579834
 0.27191162
 0.56457520
 0.86364746
 1.16760254
 1.45202637
 1.70043945
 1.88110352
 1.96838379
 1.92993164
 1.76086426
 1.47705078
 1.11083984
 0.68664551
 0.27770996
-0.18035889
-0.69091797
-1.13403320
-1.53930664
-1.88293457
-2.14172363
-2.30895996
-2.37487793
-2.33581543
-2.20458984
-1.97875977
-1.66992188
-1.27807617
-0.82092285
-0.18676758
 0.38574219
 0.89660645
 1.52648926
 2.13989258
 2.69897461
 3.17871094
 3.56750488
 3.82995605
 3.87390137
 3.62426758
 3.09082031
 2.36328125
 1.53808594
 0.71899414
 0.09918213
-0.67932129
-1.28112793
-1.82067871
-2.26013184
-2.57385254
-2.74780273
-2.79235840
-2.70629883
-2.51159668
-2.21801758
-1.83776855
-1.38793945
-0.88073730
-0.25848389
 0.28320313
 0.78735352
 1.30676270
 1.77673340
 2.18322754
 2.52441406
 2.75878906
 2.84179688
 2.75695801
 2.53845215
 2.25585938
 1.98120117
 1.75842285
 1.57592773
 1.41052246
 1.24023438
 1.05834961
 0.86181641
 0.66040039
 0.46325684
 0.30364990
 0.15625000
-0.01220703
-0.15869141
-0.28717041
-0.38635254
-0.44921875
-0.47973633
-0.48156738
-0.45532227
-0.39733887
-0.32196045
-0.23376465
-0.12298584
 0.00091553
 0.13275146
 0.29998779
 0.47119141
 0.60363770
 0.72143555
 0.82580566
 0.91125488
 0.97778320
 1.01623535
 1.02355957
 0.99731445
 0.93139648
 0.82641602
 0.68786621
 0.51452637
 0.31097412
 0.09307861
-0.13580322
-0.35644531
-0.56213379
-0.74890137
-0.90698242
-1.02661133
-1.10839844
-1.14501953
-1.13403320
-1.07971191
-0.97900391
-0.83007813
-0.64147949
-0.41442871
-0.12878418
 0.15411377
 0.45043945
 0.77575684
 1.10595703
 1.42578125
 1.72851563
 1.99218750
 2.20214844
 2.33398438
 2.37854004
 2.33459473
 2.20825195
 2.01782227
 1.77856445
 1.49780273
 1.18530273
 0.84045410
 0.48034668
 0.18066406
-0.20141602
-0.56030273
-0.83557129
-1.05224609
-1.20239258
-1.27807617
-1.28356934
-1.22070313
-1.09558105
-0.91247559
-0.68481445
-0.42480469
-0.14678955
 0.12390137
 0.46813965
 0.76354980
 1.04370117
 1.29516602
 1.51000977
 1.68518066
 1.81945801
 1.91772461
 1.98303223
 2.02087402
 2.02636719
 1.99707031
 1.92565918
 1.80480957
 1.63452148
 1.41296387
 1.15356445
 0.85998535
 0.55053711
 0.28076172
-0.03051758
-0.40588379
-0.70373535
-0.97290039
-1.21032715
-1.40502930
-1.55578613
-1.65161133
-1.69799805
-1.68518066
-1.61804199
-1.49291992
-1.31835938
-1.09741211
-0.83923340
-0.55175781
-0.25177002
 0.02685547
 0.33355713
 0.64514160
 0.87402344
 1.03088379
 1.09008789
 1.04431152
 0.89843750
 0.67932129
 0.40954590
 0.17730713
-0.15411377
-0.57617188
-0.94726563
-1.32812500
-1.70593262
-2.05993652
-2.37304688
-2.63183594
-2.82592773
-2.95043945
-3.00292969
-2.98034668
-2.89062500
-2.73498535
-2.52502441
-2.26928711
-1.97448730
-1.65832520
-1.32568359
-0.99487305
-0.67199707
-0.46722412
-0.38726807
-0.24108887
-0.11993408
-0.03814697
 0.00701904
 0.01800537
-0.01464844
-0.10864258
-0.36621094
-0.52490234
-0.69030762
-0.85815430
-1.02539063
-1.17553711
-1.30615234
-1.40869141
-1.48193359
-1.52038574
-1.53198242
-1.51916504
-1.48254395
-1.42944336
-1.36474609
-1.29089355
-1.21337891
-1.13159180
-1.04492188
-0.95642090
-0.86486816
-0.77026367
-0.67321777
-0.57922363
-0.48583984
-0.40100098
-0.36865234
-0.35400391
-0.30609131
-0.27191162
-0.25360107
-0.26031494
-0.36499023
-0.46264648
-0.57861328
-0.70739746
-0.83618164
-0.95886230
-1.06689453
-1.14868164
-1.19750977
-1.20544434
-1.16638184
-1.07910156
-0.94055176
-0.75805664
-0.53466797
-0.29907227
-0.05493164
 0.26397705
 0.59997559
 0.88256836
 1.13891602
 1.34643555
 1.48681641
 1.55822754
 1.55822754
 1.50085449
 1.41296387
 1.31530762
 1.21826172
 1.13159180
 1.05773926
 0.99731445
 0.95642090
 0.93688965
 0.94299316
 0.97717285
 1.03881836
 1.12426758
 1.22802734
 1.34704590
 1.47583008
 1.60339355
 1.71936035
 1.82189941
 1.90185547
 1.96044922
 1.99462891
 2.00744629
 1.99584961
 1.96716309
 1.92321777
 1.87072754
 1.80664063
 1.73400879
 1.65588379
 1.57104492
 1.47705078
 1.38183594
 1.28601074
 1.18408203
 1.08093262
 0.98022461
 0.88012695
 0.78735352
 0.70678711
 0.63720703
 0.57922363
 0.53955078
 0.51452637
 0.50659180
 0.50659180
 0.52001953
 0.53527832
 0.55480957
 0.57128906
 0.57739258
 0.57312012
 0.55786133
 0.52856445
 0.48889160
 0.43823242
 0.38635254
 0.33081055
 0.28594971
 0.25177002
 0.22888184
 0.21759033
 0.21759033
 0.22705078
 0.24291992
 0.26245117
 0.28137207
 0.29479980
 0.30517578
 0.28442383
 0.24017334
 0.16052246
 0.05249023
-0.07507324
-0.21148682
-0.33874512
-0.46203613
-0.57678223
-0.67016602
-0.73669434
-0.76965332
-0.76599121
-0.72814941
-0.65307617
-0.54870605
-0.41870117
-0.29266357
-0.14984131
-0.00427246
 0.13427734
 0.29846191
 0.44555664
 0.52001953
 0.55908203
 0.56396484
 0.53955078
 0.49804688
 0.44006348
 0.37780762
 0.32775879
 0.26977539
 0.19744873
 0.14068604
 0.10192871
 0.07568359
 0.05737305
 0.04608154
 0.04028320
 0.03875732
 0.03997803
 0.04241943
 0.04638672
 0.05126953
 0.05920410
 0.07263184
 0.09460449
 0.12695313
 0.17211914
 0.23468018
 0.36254883
 0.47241211
 0.59814453
 0.73364258
 0.86975098
 0.99975586
 1.11633301
 1.20971680
 1.27441406
 1.30615234
 1.30554199
 1.27258301
 1.21582031
 1.13647461
 1.04614258
 0.94482422
 0.83679199
 0.72753906
 0.61706543
 0.50842285
 0.39978027
 0.30670166
 0.21148682
 0.11108398
 0.02288818
-0.05340576
-0.11871338
-0.17272949
-0.21423340
-0.24200439
-0.25604248
-0.25604248
-0.24261475
-0.21606445
-0.17730713
-0.12908936
-0.07476807
-0.01770020
 0.03814697
 0.08758545
 0.12695313
 0.15289307
 0.16113281
 0.15014648
 0.10925293
 0.03326416
-0.07141113
-0.19653320
-0.33264160
-0.46630859
-0.59936523
-0.73059082
-0.85754395
-0.97656250
-1.08215332
-1.17065430
-1.24450684
-1.30004883
-1.34155273
-1.36657715
-1.38000488
-1.37878418
-1.36962891
-1.35253906
-1.33117676
-1.30615234
-1.27868652
-1.25244141
-1.22741699
-1.20361328
-1.17919922
-1.15844727
-1.13647461
-1.11877441
-1.09985352
-1.08276367
-1.06445313
-1.04919434
-1.03576660
-1.02783203
-1.02905273
-1.03698730
-1.05529785
-1.08276367
-1.11694336
-1.15539551
-1.19262695
-1.22680664
-1.25305176
-1.26159668
-1.25244141
-1.22375488
-1.17187500
-1.10107422
-1.00769043
-0.89599609
-0.77392578
-0.64208984
-0.50659180
-0.36804199
-0.34576416
-0.22644043
-0.10894775
 0.00000000
 0.09826660
 0.18371582
 0.28228760
 0.34667969
 0.36315918
 0.35705566
 0.32958984
 0.35034180
 0.28106689
 0.18096924
 0.05950928
-0.07568359
-0.21331787
-0.35827637
-0.47546387
-0.58166504
-0.66833496
-0.72937012
-0.76354980
-0.76782227
-0.74035645
-0.68359375
-0.60058594
-0.49560547
-0.37475586
-0.28228760
-0.16021729
-0.03967285
 0.07171631
 0.16845703
 0.27496338
 0.34851074
 0.36071777
 0.34179688
 0.32348633
 0.30090332
 0.23315430
 0.14556885
 0.04699707
-0.05371094
-0.14617920
-0.22155762
-0.28228760
-0.34912109
-0.39123535
-0.42236328
-0.44006348
-0.44311523
-0.43395996
-0.41015625
-0.37292480
-0.33264160
-0.28381348
-0.21362305
-0.13092041
-0.03936768
 0.05737305
 0.15411377
 0.27252197
 0.37780762
 0.44433594
 0.49377441
 0.51574707
 0.51147461
 0.48156738
 0.42602539
 0.34484863
 0.29998779
 0.16998291
 0.02410889
-0.12878418
-0.27954102
-0.41992188
-0.54260254
-0.65002441
-0.73364258
-0.79040527
-0.81481934
-0.80566406
-0.76477051
-0.68847656
-0.58227539
-0.44921875
-0.30303955
-0.15167236
 0.02319336
 0.20050049
 0.44555664
 0.61767578
 0.76965332
 0.89050293
 0.97900391
 1.02783203
 1.03759766
 1.01135254
 0.94726563
 0.85510254
 0.74035645
 0.60241699
 0.44799805
 0.28503418
 0.11596680
-0.06042480
-0.22369385
-0.38269043
-0.50964355
-0.61706543
-0.69335938
-0.74096680
-0.75866699
-0.75012207
-0.71289063
-0.65185547
-0.57067871
-0.47302246
-0.36132813
-0.27770996
-0.16204834
-0.04486084
 0.06805420
 0.17272949
 0.28533936
 0.37841797
 0.42602539
 0.44982910
 0.44921875
 0.42907715
 0.38146973
 0.33813477
 0.27221680
 0.16876221
 0.05523682
-0.05889893
-0.16265869
-0.25024414
-0.33508301
-0.40161133
-0.44677734
-0.46997070
-0.46997070
-0.44372559
-0.39001465
-0.31890869
-0.23468018
-0.11596680
 0.02471924
 0.18127441
 0.40832520
 0.59020996
 0.77209473
 0.94787598
 1.11083984
 1.25488281
 1.36901855
 1.45690918
 1.51000977
 1.52832031
 1.51611328
 1.47460938
 1.41296387
 1.32629395
 1.22802734
 1.11450195
 0.99548340
 0.87463379
 0.75683594
 0.65002441
 0.55236816
 0.47363281
 0.41015625
 0.36682129
 0.34790039
 0.34790039
 0.37292480
 0.41809082
 0.47973633
 0.56030273
 0.65124512
 0.75134277
 0.85388184
 0.95825195
 1.05529785
 1.14135742
 1.21215820
 1.26098633
 1.28967285
 1.28906250
 1.26342773
 1.21032715
 1.13159180
 1.02722168
 0.90393066
 0.75683594
 0.59570313
 0.42602539
 0.27465820
 0.09216309
-0.09124756
-0.25878906
-0.41015625
-0.53894043
-0.64270020
-0.72204590
-0.77453613
-0.79711914
-0.79162598
-0.75988770
-0.70434570
-0.62561035
-0.52490234
-0.41137695
-0.30029297
-0.18981934
-0.07202148
 0.03936768
 0.13824463
 0.21942139
 0.29449463
 0.34179688
 0.34179688
 0.31768799
 0.28625488
 0.22277832
 0.12878418
 0.01464844
-0.11016846
-0.23651123
-0.34667969
-0.45410156
-0.55297852
-0.64025879
-0.71472168
-0.77392578
-0.81237793
-0.83618164
-0.84106445
-0.83129883
-0.80810547
-0.76721191
-0.71411133
-0.65002441
-0.57434082
-0.48828125
-0.39611816
-0.30853271
-0.21636963
-0.10894775
-0.00091553
 0.10437012
 0.20446777
 0.30090332
 0.38085938
 0.43823242
 0.47729492
 0.49499512
 0.49194336
 0.47119141
 0.43151855
 0.37658691
 0.32501221
 0.25146484
 0.14617920
 0.03906250
-0.06072998
-0.15197754
-0.23742676
-0.33264160
-0.39916992
-0.44982910
-0.48217773
-0.49316406
-0.48767090
-0.46203613
-0.42053223
-0.36621094
-0.31585693
-0.26214600
-0.18829346
-0.11077881
-0.03295898
 0.04211426
 0.11169434
 0.17395020
 0.22705078
 0.26733398
 0.29235840
 0.30639648
 0.30700684
 0.28594971
 0.24291992
 0.18310547
 0.11230469
 0.03784180
-0.03387451
-0.09857178
-0.15930176
-0.21881104
-0.27648926
-0.33874512
-0.38635254
-0.42602539
-0.45715332
-0.48034668
-0.49255371
-0.49621582
-0.48950195
-0.47241211
-0.44982910
-0.41320801
-0.37109375
-0.33477783
-0.29388428
-0.23590088
-0.17333984
-0.10864258
-0.04425049
 0.01708984
 0.07324219
 0.12237549
 0.15991211
 0.18432617
 0.19805908
 0.19622803
 0.17150879
 0.12542725
 0.06286621
-0.01007080
-0.08605957
-0.15838623
-0.22521973
-0.29479980
-0.36376953
-0.42724609
-0.48339844
-0.53588867
-0.57922363
-0.61035156
-0.63171387
-0.63903809
-0.63476563
-0.61706543
-0.58532715
-0.53710938
-0.47668457
-0.40588379
-0.33813477
-0.27191162
-0.18157959
-0.08941650
 0.00091553
 0.08422852
 0.15777588
 0.21820068
 0.26306152
 0.28717041
 0.29144287
 0.26550293
 0.20263672
 0.10833740
-0.00885010
-0.14099121
-0.28472900
-0.41992188
-0.54443359
-0.65979004
-0.76782227
-0.85449219
-0.93017578
-0.98449707
-1.01562500
-1.02783203
-1.01440430
-0.98144531
-0.92468262
-0.85021973
-0.75744629
-0.65063477
-0.52795410
-0.39611816
-0.30273438
-0.16448975
-0.01922607
 0.12512207
 0.29266357
 0.44738770
 0.56091309
 0.65490723
 0.72937012
 0.77697754
 0.80078125
 0.79956055
 0.77331543
 0.72753906
 0.65979004
 0.57617188
 0.48034668
 0.37597656
 0.29022217
 0.18341064
 0.08331299
-0.00335693
-0.07232666
-0.12145996
-0.15014648
-0.15838623
-0.14556885
-0.11108398
-0.05401611
 0.02410889
 0.12054443
 0.23040771
 0.40588379
 0.53161621
 0.65856934
 0.77148438
 0.87158203
 0.94970703
 1.00952148
 1.04309082
 1.05102539
 1.03942871
 1.00708008
 0.96130371
 0.89904785
 0.82519531
 0.74279785
 0.65734863
 0.56762695
 0.47973633
 0.39001465
 0.32073975
 0.25695801
 0.19805908
 0.15655518
 0.13336182
 0.12786865
 0.14129639
 0.17425537
 0.22888184
 0.32043457
 0.44128418
 0.56518555
 0.70312500
 0.85144043
 1.00341797
 1.14868164
 1.28417969
 1.40136719
 1.48681641
 1.54235840
 1.56066895
 1.54235840
 1.49169922
 1.40502930
 1.29272461
 1.16027832
 1.01135254
 0.85205078
 0.69091797
 0.52734375
 0.36987305
 0.25634766
 0.10925293
-0.02349854
-0.13336182
-0.22125244
-0.29907227
-0.36193848
-0.40039063
-0.42297363
-0.43273926
-0.42724609
-0.40771484
-0.37353516
-0.32653809
-0.28594971
-0.22064209
-0.14648438
-0.06652832
 0.01617432
 0.09887695
 0.17730713
 0.24902344
 0.31585693
 0.36315918
 0.38574219
 0.38879395
 0.37414551
 0.34057617
 0.32531738
 0.25177002
 0.16235352
 0.06408691
-0.03570557
-0.13000488
-0.21667480
-0.30242920
-0.38696289
-0.46386719
-0.52551270
-0.57983398
-0.61584473
-0.63781738
-0.64453125
-0.63598633
-0.61462402
-0.57922363
-0.53344727
-0.47912598
-0.41381836
-0.34729004
-0.30487061
-0.23315430
-0.16021729
-0.08789063
-0.01831055
 0.04638672
 0.10406494
 0.14770508
 0.18066406
 0.20660400
 0.22491455
 0.23040771
 0.21636963
 0.18005371
 0.12542725
 0.05767822
-0.01708984
-0.09155273
-0.16113281
-0.22583008
-0.28625488
-0.35095215
-0.39550781
-0.42236328
-0.43518066
-0.42419434
-0.39489746
-0.34423828
-0.30059814
-0.22796631
-0.14007568
-0.04119873
 0.06439209
 0.17242432
 0.34118652
 0.44128418
 0.53161621
 0.60791016
 0.66894531
 0.71105957
 0.74096680
 0.75500488
 0.75439453
 0.73974609
 0.71411133
 0.67504883
 0.62744141
 0.56945801
 0.50109863
 0.42907715
 0.35400391
 0.28106689
 0.20263672
 0.12969971
 0.06652832
 0.01556396
-0.02319336
-0.04913330
-0.06195068
-0.06164551
-0.04943848
-0.02502441
 0.00976563
 0.05310059
 0.10223389
 0.15350342
 0.20385742
 0.24993896
 0.29632568
 0.32531738
 0.32287598
 0.32531738
 0.29937744
 0.24291992
 0.16021729
 0.05798340
-0.05798340
-0.18096924
-0.29663086
-0.41442871
-0.54138184
-0.66406250
-0.78369141
-0.89721680
-1.00219727
-1.09558105
-1.17187500
-1.23657227
-1.28479004
-1.31347656
-1.32629395
-1.32202148
-1.29699707
-1.25549316
-1.19873047
-1.12915039
-1.04858398
-0.95886230
-0.86364746
-0.77087402
-0.67443848
-0.58837891
-0.51025391
-0.44494629
-0.39550781
-0.36193848
-0.34912109
-0.35339355
-0.37475586
-0.40893555
-0.45898438
-0.51818848
-0.58227539
-0.65002441
-0.71899414
-0.78613281
-0.84777832
-0.89599609
-0.93994141
-0.96679688
-0.97778320
-0.97229004
-0.94787598
-0.90881348
-0.85021973
-0.77819824
-0.69030762
-0.59814453
-0.49133301
-0.38452148
-0.35705566
-0.25573730
-0.15167236
-0.05187988
 0.04089355
 0.12420654
 0.19744873
 0.25939941
 0.32287598
 0.33813477
 0.33996582
 0.33020020
 0.33966064
 0.33721924
 0.28259277
 0.21423340
 0.13946533
 0.06591797
-0.00213623
-0.06652832
-0.12817383
-0.18524170
-0.23406982
-0.27160645
-0.29571533
-0.31738281
-0.30670166
-0.28564453
-0.25390625
-0.20721436
-0.14648438
-0.07324219
 0.01007080
 0.10009766
 0.19226074
 0.30883789
 0.41748047
 0.49194336
 0.54992676
 0.59082031
 0.61340332
 0.61828613
 0.60058594
 0.56701660
 0.51635742
 0.44860840
 0.36987305
 0.28656006
 0.17974854
 0.07690430
-0.02166748
-0.11688232
-0.20751953
-0.29479980
-0.37231445
-0.43457031
-0.47607422
-0.50720215
-0.51940918
-0.51452637
-0.49743652
-0.46386719
-0.42114258
-0.36682129
-0.32104492
-0.27404785
-0.20904541
-0.14282227
-0.07904053
-0.01953125
 0.03326416
 0.07690430
 0.10528564
 0.12207031
 0.12756348
 0.11444092
 0.07781982
 0.02014160
-0.05279541
-0.13397217
-0.21697998
-0.29418945
-0.36437988
-0.43457031
-0.49804688
-0.55297852
-0.59570313
-0.62561035
-0.63598633
-0.62866211
-0.60485840
-0.56152344
-0.50170898
-0.42846680
-0.34362793
-0.29205322
-0.19866943
-0.10040283
-0.00122070
 0.09521484
 0.18554688
 0.28503418
 0.36865234
 0.41809082
 0.45349121
 0.47424316
 0.48217773
 0.48095703
 0.46447754
 0.44677734
 0.41687012
 0.38146973
 0.34423828
 0.30395508
 0.26184082
 0.22216797
 0.18310547
 0.14678955
