-0.00030518
 0.00000000
 0.00000000
 0.00000000
-0.00030518
-0.00030518
-0.00030518
 0.00000000
 0.00030518
 0.00061035
 0.00030518
 0.00030518
 0.00000000
-0.00030518
-0.00061035
-0.00061035
-0.00061035
-0.00061035
-0.00061035
-0.00061035
 0.00000000
 0.00000000
 0.00030518
 0.00030518
 0.00030518
 0.00030518
 0.00000000
 0.00000000
 0.00000000
-0.00030518
 0.00000000
-0.00030518
-0.00030518
-0.00030518
-0.00030518
-0.00030518
-0.00030518
-0.00030518
 0.00000000
 0.00000000
 0.00000000
 0.00000000
 0.00000000
-0.00030518
-0.00030518
-0.00030518
-0.00030518
-0.00030518
-0.00030518
-0.00030518
-0.00030518
-0.00030518
-0.00030518
-0.00030518
-0.00030518
-0.00030518
-0.00030518
-0.00030518
-0.00030518
-0.00030518
-0.00030518
-0.00030518
-0.00030518
-0.00030518
 0.00000000
 0.00000000
-0.00030518
 0.00000000
 0.00030518
 0.00030518
 0.00030518
 0.00030518
 0.00030518
 0.00030518
 0.00061035
 0.00061035
 0.00030518
 0.00000000
-0.00030518
-0.00061035
-0.00061035
-0.00030518
 0.00000000
 0.00000000
 0.00030518
 0.00030518
 0.00061035
 0.00061035
 0.00061035
 0.00000000
-0.00030518
-0.00030518
-0.00061035
-0.00030518
-0.00061035
-0.00061035
-0.00061035
-0.00061035
-0.00061035
-0.00061035
-0.00061035
-0.00061035
 0.00000000
 0.00000000
 0.00030518
 0.00030518
 0.00030518
 0.00000000
-0.00030518
-0.00061035
-0.00061035
-0.00061035
-0.00030518
 0.00000000
 0.00000000
 0.00000000
 0.00030518
 0.00030518
 0.00000000
 0.00000000
-0.00030518
 0.00000000
 0.00000000
 0.00000000
 0.00030518
 0.00000000
 0.00000000
-0.00030518
-0.00030518
-0.00030518
 0.00000000
 0.00000000
 0.00030518
 0.00000000
 0.00000000
-0.00030518
-0.00030518
-0.00061035
-0.00030518
-0.00030518
-0.00030518
-0.00030518
-0.00030518
-0.00030518
 0.00000000
 0.00000000
 0.00030518
 0.00061035
 0.00061035
 0.00030518
 0.00000000
 0.00000000
-0.00030518
 0.00000000
-0.00030518
 0.00000000
 0.00000000
 0.00000000
 0.00000000
 0.00000000
 0.00000000
 0.00000000
-0.00030518
-0.00030518
-0.00030518
-0.00030518
-0.00030518
-0.00061035
-0.00091553
-0.00061035
-0.00030518
 0.00000000
 0.00000000
 0.00030518
 0.00030518
 0.00030518
 0.00030518
 0.00030518
 0.00000000
 0.00030518
 0.00030518
 0.00030518
 0.00061035
 0.00061035
 0.00061035
 0.00061035
 0.00030518
 0.00030518
 0.00030518
 0.00061035
 0.00122070
 0.00213623
 0.00427246
 0.00701904
 0.01098633
 0.01617432
 0.02258301
 0.03051758
 0.03967285
 0.04943848
 0.05859375
 0.06591797
 0.06835938
 0.06286621
 0.04455566
 0.01037598
-0.04089355
-0.10589600
-0.17913818
-0.25146484
-0.31311035
-0.36376953
-0.38940430
-0.37719727
-0.31738281
-0.22521973
-0.10650635
 0.03295898
 0.17120361
 0.38391113
 0.49377441
 0.53527832
 0.47973633
 0.30395508
 0.09979248
-0.11169434
-0.40588379
-0.57617188
-0.64636230
-0.61828613
-0.49682617
-0.25115967
 0.02136230
 0.23651123
 0.47546387
 0.67199707
 0.76721191
 0.70983887
 0.49438477
 0.11718750
-0.06988525
-0.35644531
-0.45410156
-0.43395996
-0.26916504
-0.07812500
 0.06134033
 0.18096924
 0.37109375
 0.45043945
 0.41442871
 0.11474609
-0.04180908
-0.25177002
-0.47973633
-0.59143066
-0.57983398
-0.46875000
-0.22247314
 0.05279541
 0.26000977
 0.48339844
 0.67749023
 0.77087402
 0.70922852
 0.49072266
 0.10742188
-0.09399414
-0.39733887
-0.51086426
-0.50231934
-0.40161133
-0.13854980
 0.01251221
 0.15930176
 0.36071777
 0.50231934
 0.56701660
 0.53039551
 0.39306641
 0.18249512
 0.03631592
-0.11230469
-0.34240723
-0.40222168
-0.39916992
-0.34301758
-0.22827148
-0.15960693
-0.10009766
-0.06622314
-0.06561279
-0.09552002
-0.13885498
-0.17761230
-0.18890381
-0.15319824
-0.06561279
 0.06591797
 0.20446777
 0.37902832
 0.50048828
 0.54138184
 0.47729492
 0.29632568
 0.12817383
 0.01556396
-0.03509521
-0.00244141
 0.12298584
 0.32714844
 0.47546387
 0.74829102
 0.98754883
 1.13952637
 1.13281250
 0.89172363
 0.36499023
-0.16448975
-0.71533203
-1.18469238
-1.47705078
-1.59484863
-1.55090332
-1.36657715
-1.06628418
-0.67810059
-0.17395020
 0.24566650
 0.55297852
 0.83129883
 0.99975586
 0.99121094
 0.73791504
 0.16082764
-0.29998779
-0.67260742
-0.96984863
-1.09802246
-1.10534668
-1.04003906
-0.92468262
-0.78186035
-0.63171387
-0.49987793
-0.39428711
-0.33508301
-0.39550781
-0.31066895
-0.16662598
 0.04486084
 0.30822754
 0.49621582
 0.80017090
 1.09497070
 1.34582520
 1.51672363
 1.55822754
 1.43798828
 1.17248535
 0.80871582
 0.42785645
 0.23925781
-0.01770020
-0.37719727
-0.50842285
-0.59387207
-0.64392090
-0.67687988
-0.70678711
-0.73730469
-0.76782227
-0.78674316
-0.77941895
-0.72265625
-0.60424805
-0.42358398
-0.12115479
 0.17333984
 0.44677734
 0.78857422
 1.13220215
 1.44592285
 1.71081543
 1.87805176
 1.91345215
 1.78955078
 1.52221680
 1.17492676
 0.80566406
 0.47058105
 0.29724121
 0.04730225
-0.19317627
-0.42541504
-0.57983398
-0.70983887
-0.80993652
-0.87402344
-0.88989258
-0.85876465
-0.77941895
-0.65002441
-0.48156738
-0.27923584
-0.08605957
 0.08605957
 0.28106689
 0.46630859
 0.54504395
 0.55969238
 0.52429199
 0.45715332
 0.38085938
 0.33569336
 0.28472900
 0.17242432
 0.03173828
-0.12420654
-0.27679443
-0.39855957
-0.51025391
-0.58410645
-0.61218262
-0.59265137
-0.52368164
-0.40954590
-0.23864746
-0.03601074
 0.19042969
 0.45593262
 0.68481445
 0.85144043
 0.90454102
 0.79833984
 0.53405762
 0.13946533
-0.13458252
-0.52368164
-0.72753906
-0.82580566
-0.83679199
-0.77087402
-0.63476563
-0.43579102
-0.15075684
 0.09735107
 0.36224365
 0.64208984
 0.85998535
 0.99182129
 1.01074219
 0.91796875
 0.76049805
 0.60119629
 0.48950195
 0.44738770
 0.44982910
 0.47119141
 0.47790527
 0.45104980
 0.36987305
 0.16998291
 0.00274658
-0.18768311
-0.38024902
-0.61340332
-0.84411621
-1.05895996
-1.22802734
-1.32629395
-1.33850098
-1.25976563
-1.10412598
-0.88867188
-0.63415527
-0.36224365
-0.12359619
 0.10528564
 0.46325684
 0.70312500
 0.90026855
 1.03820801
 1.08825684
 1.03454590
 0.87829590
 0.64025879
 0.38665771
 0.16906738
-0.06286621
-0.36437988
-0.49316406
-0.55114746
-0.54626465
-0.48156738
-0.36743164
-0.22521973
-0.10498047
-0.01434326
 0.02410889
-0.00061035
-0.09399414
-0.23803711
-0.41992188
-0.65795898
-0.83679199
-0.93994141
-0.96679688
-0.93627930
-0.87036133
-0.78735352
-0.70007324
-0.63110352
-0.59265137
-0.59326172
-0.62622070
-0.67199707
-0.70373535
-0.69335938
-0.61767578
-0.47546387
-0.26184082
-0.01220703
 0.25421143
 0.54016113
 0.78796387
 0.97045898
 1.03332520
 0.93994141
 0.67504883
 0.29632568
-0.06011963
-0.58227539
-0.94116211
-1.20727539
-1.37634277
-1.45385742
-1.43493652
-1.32873535
-1.14868164
-0.90209961
-0.61035156
-0.28289795
 0.01220703
 0.32379150
 0.65185547
 0.87097168
 0.97900391
 0.93139648
 0.74218750
 0.45227051
 0.22705078
 0.01800537
-0.25573730
-0.46997070
-0.53894043
-0.55236816
-0.51452637
-0.43334961
-0.30456543
-0.15869141
-0.00335693
 0.15289307
 0.37414551
 0.51391602
 0.60668945
 0.63110352
 0.58837891
 0.47973633
 0.36102295
 0.25817871
 0.13946533
 0.04150391
-0.01983643
-0.03204346
-0.00701904
 0.04669189
 0.11993408
 0.19836426
 0.29693604
 0.38330078
 0.39184570
 0.33752441
 0.22094727
 0.11230469
-0.00762939
-0.10498047
-0.15838623
-0.15411377
-0.09765625
 0.00793457
 0.15106201
 0.32501221
 0.52856445
 0.70251465
 0.83557129
 0.90393066
 0.89538574
 0.80444336
 0.65429688
 0.46447754
 0.31433105
 0.17852783
 0.00640869
-0.14556885
-0.28259277
-0.37292480
-0.41137695
-0.41870117
-0.39794922
-0.34240723
-0.25726318
-0.14343262
-0.00091553
 0.15808105
 0.36926270
 0.54748535
 0.70861816
 0.83923340
 0.92895508
 0.96984863
 0.95397949
 0.88867188
 0.77758789
 0.62500000
 0.44860840
 0.31097412
 0.12695313
-0.04669189
-0.18524170
-0.29266357
-0.35522461
-0.34973145
-0.28778076
-0.19500732
-0.08544922
 0.04791260
 0.19378662
 0.41015625
 0.57128906
 0.71105957
 0.81237793
 0.86120605
 0.84289551
 0.75805664
 0.61218262
 0.42968750
 0.30242920
 0.13793945
-0.01251221
-0.12908936
-0.19958496
-0.22552490
-0.21942139
-0.18463135
-0.12298584
-0.04058838
 0.05523682
 0.15350342
 0.28106689
 0.39550781
 0.43884277
 0.43762207
 0.38696289
 0.29998779
 0.20996094
 0.09582520
-0.02410889
-0.13366699
-0.21789551
-0.26306152
-0.27404785
-0.25909424
-0.22064209
-0.16510010
-0.10192871
-0.04119873
 0.00823975
 0.04272461
 0.06225586
 0.07019043
 0.07110596
 0.07293701
 0.07781982
 0.08514404
 0.09704590
 0.11260986
 0.12817383
 0.13916016
 0.13793945
 0.11566162
 0.06744385
-0.00122070
-0.07781982
-0.15045166
-0.20812988
-0.24505615
-0.26428223
-0.27038574
-0.26672363
-0.25756836
-0.24719238
-0.23864746
-0.23345947
-0.23223877
-0.23345947
-0.23712158
-0.24261475
-0.24749756
-0.24810791
-0.24200439
-0.22857666
-0.21087646
-0.19195557
-0.17425537
-0.16082764
-0.15319824
-0.15472412
-0.16448975
-0.17791748
-0.18646240
-0.18402100
-0.16906738
-0.14495850
-0.11444092
-0.08117676
-0.04943848
-0.02410889
-0.00885010
-0.00701904
-0.02807617
-0.07598877
-0.14068604
-0.20904541
-0.26733398
-0.31860352
-0.33264160
-0.32043457
-0.29296875
-0.26275635
-0.22430420
-0.18066406
-0.13275146
-0.08117676
-0.02502441
 0.03601074
 0.09948730
 0.16204834
 0.21881104
 0.26336670
 0.29052734
 0.30517578
 0.30578613
 0.28533936
 0.24597168
 0.19470215
 0.13854980
 0.08270264
 0.03112793
-0.01617432
-0.06256104
-0.10803223
-0.14923096
-0.18188477
-0.20233154
-0.21179199
-0.21301270
-0.20965576
-0.20568848
-0.20294189
-0.20294189
-0.20416260
-0.20568848
-0.20080566
-0.18524170
-0.15594482
-0.11444092
-0.06134033
-0.00305176
 0.05279541
 0.09887695
 0.13183594
 0.15014648
 0.15197754
 0.12939453
 0.08239746
 0.02410889
-0.03326416
-0.07934570
-0.10467529
-0.10894775
-0.10040283
-0.08453369
-0.06500244
-0.04547119
-0.03051758
-0.02319336
-0.02502441
-0.04211426
-0.07385254
-0.11108398
-0.14282227
-0.16021729
-0.15899658
-0.14282227
-0.11352539
-0.07354736
-0.02532959
 0.02685547
 0.07843018
 0.12573242
 0.16601563
 0.19805908
 0.22033691
 0.23284912
 0.23651123
 0.22705078
 0.20538330
 0.17669678
 0.14526367
 0.11444092
 0.08514404
 0.05371094
 0.01556396
-0.03295898
-0.09155273
-0.15625000
-0.22369385
-0.28961182
-0.35461426
-0.41442871
-0.46813965
-0.51818848
-0.56274414
-0.59875488
-0.62500000
-0.64392090
-0.64636230
-0.62744141
-0.58227539
-0.51147461
-0.41381836
-0.31005859
-0.19561768
-0.05096436
 0.10070801
 0.29296875
 0.48217773
 0.61889648
 0.73303223
 0.82153320
 0.88806152
 0.92346191
 0.93872070
 0.93139648
 0.90332031
 0.85205078
 0.77575684
 0.67687988
 0.55175781
 0.40527344
 0.24810791
 0.07843018
-0.09185791
-0.24475098
-0.38879395
-0.49621582
-0.56945801
-0.60607910
-0.60241699
-0.56396484
-0.49438477
-0.40283203
-0.31097412
-0.22064209
-0.11230469
-0.00274658
 0.10375977
 0.20538330
 0.35583496
 0.43090820
 0.49133301
 0.53466797
 0.56457520
 0.57250977
 0.56030273
 0.51757813
 0.44982910
 0.35156250
 0.23498535
 0.07476807
-0.10192871
-0.28228760
-0.44494629
-0.61157227
-0.75988770
-0.88012695
-0.96557617
-1.01562500
-1.02722168
-1.00097656
-0.93322754
-0.83129883
-0.69702148
-0.53588867
-0.35430908
-0.17120361
 0.02288818
 0.24047852
 0.45837402
 0.63598633
 0.77758789
 0.88317871
 0.94421387
 0.95947266
 0.93078613
 0.86914063
 0.77514648
 0.66528320
 0.53833008
 0.40527344
 0.28594971
 0.14709473
 0.01831055
-0.09368896
-0.19134521
-0.27679443
-0.36804199
-0.42602539
-0.46875000
-0.49621582
-0.50903320
-0.50231934
-0.48217773
-0.44189453
-0.38818359
-0.33203125
-0.26702881
-0.17730713
-0.07812500
 0.02502441
 0.12817383
 0.22613525
 0.36743164
 0.44006348
 0.49316406
 0.52734375
 0.54199219
 0.53588867
 0.51452637
 0.47729492
 0.42419434
 0.35888672
 0.30731201
 0.20721436
 0.10437012
 0.00793457
-0.08209229
-0.16815186
-0.24963379
-0.33752441
-0.40039063
-0.45410156
-0.49316406
-0.52368164
-0.54016113
-0.54382324
-0.53283691
-0.50354004
-0.45166016
-0.37170410
-0.29296875
-0.16754150
-0.01708984
 0.14892578
 0.37902832
 0.56213379
 0.72998047
 0.87219238
 0.97167969
 1.01989746
 1.01379395
 0.95092773
 0.84045410
 0.69885254
 0.53649902
 0.36437988
 0.22308350
 0.03234863
-0.15075684
-0.31616211
-0.46752930
-0.59570313
-0.70129395
-0.78186035
-0.83435059
-0.86059570
-0.85693359
-0.82824707
-0.77758789
-0.70251465
-0.60546875
-0.49743652
-0.37292480
-0.26824951
-0.14190674
-0.01495361
 0.10589600
 0.21636963
 0.34484863
 0.41687012
 0.46386719
 0.48706055
 0.48400879
 0.45837402
 0.41320801
 0.34729004
 0.30578613
 0.20538330
 0.09643555
-0.01129150
-0.10833740
-0.19165039
-0.26519775
-0.34240723
-0.39855957
-0.43762207
-0.45776367
-0.46386719
-0.44799805
-0.41809082
-0.37109375
-0.32287598
-0.26702881
-0.18646240
-0.09368896
 0.00823975
 0.11688232
 0.22949219
 0.39245605
 0.50415039
 0.61157227
 0.71044922
 0.79650879
 0.86975098
 0.91796875
 0.94604492
 0.94177246
 0.90454102
 0.83312988
 0.72631836
 0.59204102
 0.43151855
 0.26184082
 0.07171631
-0.12725830
-0.32012939
-0.50048828
-0.66162109
-0.79345703
-0.89660645
-0.96008301
-0.98327637
-0.96679688
-0.90637207
-0.80932617
-0.67810059
-0.51940918
-0.34606934
-0.17730713
-0.00366211
 0.16235352
 0.39245605
 0.52673340
 0.62744141
 0.68725586
 0.70556641
 0.69091797
 0.64575195
 0.58044434
 0.49682617
 0.39855957
 0.30700684
 0.19622803
 0.07049561
-0.04730225
-0.15136719
-0.24505615
-0.34179688
-0.42175293
-0.48950195
-0.54138184
-0.57922363
-0.60058594
-0.60791016
-0.60058594
-0.57983398
-0.54443359
-0.49499512
-0.43395996
-0.36315918
-0.31158447
-0.22644043
-0.13397217
-0.03784180
 0.05859375
 0.15075684
 0.23651123
 0.33813477
 0.39184570
 0.42602539
 0.44555664
 0.44128418
 0.42114258
 0.38208008
 0.32836914
 0.29876709
 0.20202637
 0.09368896
-0.01861572
-0.12603760
-0.22735596
-0.32958984
-0.42846680
-0.51086426
-0.57434082
-0.62011719
-0.63964844
-0.63964844
-0.61462402
-0.56762695
-0.49926758
-0.41137695
-0.32348633
-0.22827148
-0.10375977
 0.02990723
 0.16723633
 0.36437988
 0.49743652
 0.62072754
 0.72570801
 0.81054688
 0.86914063
 0.90026855
 0.89599609
 0.85937500
 0.78979492
 0.69213867
 0.56701660
 0.41748047
 0.25695801
 0.07751465
-0.10528564
-0.28198242
-0.44799805
-0.59570313
-0.72204590
-0.82397461
-0.89233398
-0.93261719
-0.93994141
-0.91491699
-0.86303711
-0.78247070
-0.67443848
-0.54443359
-0.39672852
-0.25848389
-0.10345459
 0.05371094
 0.20507813
 0.39916992
 0.52490234
 0.62561035
 0.69702148
 0.73669434
 0.74401855
 0.72265625
 0.67077637
 0.59631348
 0.49926758
 0.38696289
 0.27191162
 0.13031006
-0.00946045
-0.13793945
-0.25421143
-0.37475586
-0.47119141
-0.54931641
-0.60668945
-0.64453125
-0.66040039
-0.65673828
-0.63659668
-0.59692383
-0.54138184
-0.47302246
-0.39123535
-0.31921387
-0.24108887
-0.14129639
-0.03875732
 0.06256104
 0.15960693
 0.24841309
 0.35278320
 0.40466309
 0.43884277
 0.45227051
 0.44433594
 0.41625977
 0.37170410
 0.33111572
 0.26824951
 0.16937256
 0.06500244
-0.03509521
-0.12207031
-0.19836426
-0.26519775
-0.33996582
-0.38146973
-0.40222168
-0.40466309
-0.38391113
-0.34301758
-0.30151367
-0.23925781
-0.16357422
-0.07659912
 0.01739502
 0.11505127
 0.21240234
 0.36071777
 0.44250488
 0.51940918
 0.58105469
 0.63232422
 0.66650391
 0.68908691
 0.69519043
 0.68298340
 0.65246582
 0.60424805
 0.53894043
 0.45532227
 0.35705566
 0.24688721
 0.13336182
 0.01831055
-0.09277344
-0.19561768
-0.29327393
-0.37902832
-0.43945313
-0.47973633
-0.49560547
-0.49072266
-0.46081543
-0.41076660
-0.34057617
-0.28472900
-0.19226074
-0.08789063
 0.02441406
 0.13854980
 0.27984619
 0.41503906
 0.50598145
 0.57861328
 0.62744141
 0.65185547
 0.65612793
 0.63720703
 0.59631348
 0.53955078
 0.46813965
 0.38513184
 0.29998779
 0.20477295
 0.10925293
 0.02197266
-0.05920410
-0.13610840
-0.20751953
-0.27069092
-0.33447266
-0.37658691
-0.40588379
-0.42602539
-0.43090820
-0.42114258
-0.39550781
-0.35766602
-0.31829834
-0.27313232
-0.20904541
-0.13702393
-0.06011963
 0.01892090
 0.09674072
 0.17120361
 0.23956299
 0.30700684
 0.35461426
 0.37780762
 0.38879395
 0.37963867
 0.35278320
 0.33416748
 0.29022217
 0.20172119
 0.09857178
-0.01281738
-0.12298584
-0.22583008
-0.32684326
-0.43029785
-0.51940918
-0.59753418
-0.65673828
-0.69824219
-0.72143555
-0.72509766
-0.71289063
-0.68298340
-0.63598633
-0.57495117
-0.49987793
-0.41687012
-0.33935547
-0.26214600
-0.16815186
-0.07446289
 0.01434326
 0.09521484
 0.16601563
 0.22338867
 0.26062012
 0.28533936
 0.30059814
 0.30212402
 0.28411865
 0.24688721
 0.19531250
 0.13641357
 0.07659912
 0.02227783
-0.02563477
-0.07110596
-0.11535645
-0.15655518
-0.19256592
-0.22003174
-0.23742676
-0.24383545
-0.23925781
-0.22460938
-0.19958496
-0.16479492
-0.11993408
-0.06622314
-0.00579834
 0.05920410
 0.12603760
 0.19165039
 0.25421143
 0.33203125
 0.37170410
 0.40039063
 0.41870117
 0.42358398
 0.41809082
 0.39672852
 0.36560059
 0.33721924
 0.28778076
 0.21636963
 0.14617920
 0.08209229
 0.02227783
-0.03417969
-0.08575439
-0.12969971
-0.16387939
-0.18676758
-0.19805908
-0.19775391
-0.18676758
-0.16510010
-0.13183594
-0.08789063
-0.03356934
 0.02929688
 0.09826660
 0.17089844
 0.24322510
 0.34973145
 0.40527344
 0.45227051
 0.48461914
 0.50231934
 0.50476074
 0.49011230
 0.46447754
 0.42663574
 0.38330078
 0.33325195
 0.28594971
 0.22521973
 0.17181396
 0.12237549
 0.07476807
 0.02929688
-0.01190186
-0.04669189
-0.07415771
-0.09429932
-0.10681152
-0.11230469
-0.11108398
-0.10467529
-0.09338379
-0.07812500
-0.05950928
-0.03875732
-0.01647949
 0.00640869
 0.02960205
 0.05218506
 0.07385254
 0.09399414
 0.11199951
 0.12725830
 0.13854980
 0.14556885
 0.14678955
 0.14221191
 0.13031006
 0.11108398
 0.08270264
 0.04608154
 0.00213623
-0.04791260
-0.10101318
-0.15472412
-0.20629883
-0.25299072
-0.29327393
-0.33203125
-0.35766602
-0.37048340
-0.36987305
-0.36071777
-0.33813477
-0.31219482
-0.28167725
-0.23925781
-0.19104004
-0.13824463
-0.08422852
-0.03143311
 0.01770020
 0.06164551
 0.09765625
 0.12237549
 0.13793945
 0.14160156
 0.12786865
 0.09796143
 0.05676270
 0.01159668
-0.03112793
-0.06652832
-0.09582520
-0.12298584
-0.14984131
-0.17730713
-0.20507813
-0.23223877
-0.25756836
-0.27984619
-0.29815674
-0.31280518
-0.32104492
-0.32104492
-0.31341553
-0.30029297
-0.28289795
-0.26092529
-0.23529053
-0.20660400
-0.17517090
-0.14251709
-0.10986328
-0.07812500
-0.04821777
-0.02075195
 0.00427246
 0.02655029
 0.04455566
 0.05584717
 0.05950928
 0.05401611
 0.04119873
 0.02288818
 0.00244141
-0.01983643
-0.04272461
-0.06652832
-0.09033203
-0.11352539
-0.13275146
-0.14678955
-0.15380859
-0.15380859
-0.14556885
-0.13061523
-0.10955811
-0.08270264
-0.05157471
-0.01678467
 0.02014160
 0.05737305
 0.09307861
 0.12542725
 0.15350342
 0.17669678
 0.19409180
 0.20294189
 0.19958496
 0.18463135
 0.16174316
 0.13519287
 0.10925293
 0.08514404
 0.06164551
 0.03662109
 0.00823975
-0.02227783
-0.05401611
-0.08453369
-0.11291504
-0.13671875
-0.15502930
-0.16754150
-0.17333984
-0.17211914
-0.16387939
-0.14892578
-0.12817383
-0.10162354
-0.07019043
-0.03387451
 0.00579834
 0.04760742
 0.09033203
 0.13244629
 0.17120361
 0.20538330
 0.23529053
 0.26092529
 0.28106689
 0.29357910
 0.29510498
 0.28533936
 0.26733398
 0.24536133
 0.22369385
 0.20446777
 0.18646240
 0.16815186
 0.14801025
 0.12573242
 0.10192871
 0.07751465
 0.05371094
 0.03234863
 0.01373291
-0.00091553
-0.01098633
-0.01586914
-0.01525879
-0.00915527
 0.00213623
 0.01831055
 0.03845215
 0.06195068
 0.08697510
 0.11291504
 0.13916016
 0.16448975
 0.18798828
 0.20782471
 0.22186279
 0.22705078
 0.22155762
 0.20690918
 0.18554688
 0.16021729
 0.13397217
 0.10803223
 0.08209229
 0.05615234
 0.03021240
 0.00579834
-0.01556396
-0.03265381
-0.04425049
-0.05004883
-0.05004883
-0.04425049
-0.03387451
-0.01953125
-0.00274658
 0.01556396
 0.03479004
 0.05371094
 0.07110596
 0.08575439
 0.09704590
 0.10406494
 0.10681152
 0.10742188
 0.10742188
 0.10894775
 0.11199951
 0.11657715
 0.12237549
 0.12786865
 0.13153076
 0.13214111
 0.12756348
 0.11657715
 0.09918213
 0.07476807
 0.04486084
 0.01129150
-0.02502441
-0.06134033
-0.09521484
-0.12573242
-0.15045166
-0.16815186
-0.17791748
-0.17944336
-0.17333984
-0.15960693
-0.14007568
-0.11535645
-0.08728027
-0.05706787
-0.02624512
 0.00274658
 0.02929688
 0.05157471
 0.06958008
 0.08117676
 0.08361816
 0.07568359
 0.06011963
 0.04089355
 0.02105713
 0.00274658
-0.01464844
-0.03326416
-0.05554199
-0.08178711
-0.11138916
-0.14312744
-0.17456055
-0.20385742
-0.22979736
-0.25115967
-0.26672363
-0.27679443
-0.28045654
-0.27801514
-0.26977539
-0.25573730
-0.23651123
-0.21270752
-0.18402100
-0.15136719
-0.11566162
-0.07690430
-0.03662109
 0.00366211
 0.04180908
 0.07568359
 0.10498047
 0.12847900
 0.14495850
 0.14953613
 0.13732910
 0.10894775
 0.06896973
 0.02349854
-0.02136230
-0.06195068
-0.09765625
-0.13122559
-0.16265869
-0.19195557
-0.21820068
-0.23986816
-0.25634766
-0.26733398
-0.27282715
-0.27282715
-0.26733398
-0.25726318
-0.24322510
-0.22491455
-0.20355225
-0.17974854
-0.15380859
-0.12603760
-0.09826660
-0.07080078
-0.04455566
-0.01983643
 0.00213623
 0.01953125
 0.03021240
 0.03204346
 0.02410889
 0.00854492
-0.01159668
-0.03295898
-0.05432129
-0.07446289
-0.09429932
-0.11383057
-0.13183594
-0.14739990
-0.15838623
-0.16418457
-0.16448975
-0.15930176
-0.14923096
-0.13488770
-0.11688232
-0.09674072
-0.07476807
-0.05157471
-0.02807617
-0.00457764
 0.01800537
 0.03936768
 0.05859375
 0.07629395
 0.09033203
 0.10162354
 0.10925293
 0.11413574
 0.11505127
 0.11230469
 0.10528564
 0.09338379
 0.07690430
 0.05615234
 0.03265381
 0.00854492
-0.01495361
-0.03662109
-0.05401611
-0.06713867
-0.07385254
-0.07446289
-0.06896973
-0.05737305
-0.03997803
-0.01770020
 0.00885010
 0.03906250
 0.07232666
 0.10742188
 0.14312744
 0.17791748
 0.21057129
 0.24017334
 0.26611328
 0.28717041
 0.30090332
 0.30334473
 0.29479980
 0.27679443
 0.25390625
 0.23040771
 0.20965576
 0.19134521
 0.17425537
 0.15686035
 0.13977051
 0.12237549
 0.10650635
 0.09185791
 0.07904053
 0.06805420
 0.05859375
 0.05096436
 0.04425049
 0.03845215
 0.03417969
 0.03143311
 0.03051758
 0.03143311
 0.03479004
 0.04028320
 0.04882813
 0.05950928
 0.07293701
 0.08789063
 0.10406494
 0.11932373
 0.13244629
 0.14160156
 0.14343262
 0.13610840
 0.11810303
 0.09063721
 0.05645752
 0.01770020
-0.02258301
-0.06134033
-0.09826660
-0.13092041
-0.15869141
-0.18096924
-0.19683838
-0.20599365
-0.20935059
-0.20660400
-0.19958496
-0.18859863
-0.17456055
-0.15838623
-0.14068604
-0.12207031
-0.10314941
-0.08392334
-0.06500244
-0.04669189
-0.02899170
-0.01190186
 0.00488281
 0.02105713
 0.03631592
 0.05065918
 0.06286621
 0.07354736
 0.08087158
 0.08453369
 0.08453369
 0.08056641
 0.07263184
 0.06042480
 0.04394531
 0.02441406
 0.00091553
-0.02532959
-0.05371094
-0.08331299
-0.11169434
-0.13854980
-0.16204834
-0.18066406
-0.19348145
-0.20019531
-0.19958496
-0.19226074
-0.17852783
-0.15899658
-0.13397217
-0.10467529
-0.07141113
-0.03570557
 0.00152588
 0.03875732
 0.07385254
 0.10620117
 0.13458252
 0.15930176
 0.17944336
 0.19226074
 0.19470215
 0.18585205
 0.16845703
 0.14678955
 0.12542725
 0.10681152
 0.09124756
 0.07781982
 0.06500244
 0.05340576
 0.04272461
 0.03356934
 0.02624512
 0.02105713
 0.01739502
 0.01586914
 0.01617432
 0.01892090
 0.02380371
 0.03143311
 0.04211426
 0.05554199
 0.07171631
 0.08941650
 0.10925293
 0.12969971
 0.14953613
 0.16815186
 0.18341064
 0.19348145
 0.19561768
 0.18859863
 0.17242432
 0.14953613
 0.12268066
 0.09429932
 0.06500244
 0.03631592
 0.00762939
-0.02075195
-0.04821777
-0.07446289
-0.09887695
-0.12115479
-0.14129639
-0.15930176
-0.17456055
-0.18646240
-0.19531250
-0.19989014
-0.20050049
-0.19622803
-0.18768311
-0.17456055
-0.15716553
-0.13641357
-0.11230469
-0.08544922
-0.05706787
-0.02746582
 0.00274658
 0.03234863
 0.06072998
 0.08636475
 0.10833740
 0.12451172
 0.13092041
 0.12512207
 0.10711670
 0.07995605
 0.04882813
 0.01831055
-0.01037598
-0.03692627
-0.06195068
-0.08544922
-0.10650635
-0.12329102
-0.13519287
-0.14160156
-0.14251709
-0.13793945
-0.12878418
-0.11596680
-0.10040283
-0.08178711
-0.06103516
-0.03875732
-0.01556396
 0.00793457
 0.03143311
 0.05462646
 0.07690430
 0.09765625
 0.11627197
 0.13153076
 0.14373779
 0.15167236
 0.15594482
 0.15594482
 0.15258789
 0.14587402
 0.13610840
 0.12298584
 0.10681152
 0.08728027
 0.06591797
 0.04333496
 0.02136230
 0.00091553
-0.01647949
-0.02960205
-0.03784180
-0.04028320
-0.03662109
-0.02685547
-0.01098633
 0.01068115
 0.03692627
 0.06744385
 0.10162354
 0.13793945
 0.17578125
 0.21209717
 0.24597168
 0.27557373
 0.29998779
 0.31799316
 0.32470703
 0.31646729
 0.29357910
 0.26031494
 0.22247314
 0.18524170
 0.15136719
 0.12084961
 0.09094238
 0.06072998
 0.03051758
 0.00152588
-0.02593994
-0.05096436
-0.07324219
-0.09307861
-0.11016846
-0.12420654
-0.13580322
-0.14434814
-0.14984131
-0.15167236
-0.15014648
-0.14495850
-0.13671875
-0.12512207
-0.11138916
-0.09552002
-0.07812500
-0.06011963
-0.04180908
-0.02410889
