-0.00091553
-0.00122070
-0.00091553
-0.00091553
-0.00091553
-0.00061035
-0.00061035
-0.00061035
-0.00061035
-0.00061035
-0.00061035
-0.00061035
-0.00030518
 0.00000000
 0.00000000
 0.00000000
 0.00000000
 0.00000000
-0.00030518
-0.00030518
-0.00030518
-0.00030518
-0.00030518
 0.00000000
 0.00000000
 0.00000000
-0.00030518
-0.00061035
-0.00061035
-0.00061035
-0.00091553
-0.00061035
-0.00061035
-0.00030518
-0.00030518
-0.00030518
-0.00061035
-0.00061035
-0.00091553
-0.00091553
-0.00061035
-0.00061035
-0.00061035
-0.00061035
-0.00030518
-0.00030518
-0.00030518
 0.00000000
 0.00000000
 0.00030518
 0.00030518
 0.00000000
 0.00000000
 0.00000000
 0.00000000
 0.00000000
-0.00030518
-0.00030518
-0.00061035
-0.00030518
-0.00030518
-0.00030518
-0.00030518
-0.00061035
-0.00061035
-0.00061035
-0.00061035
-0.00091553
-0.00091553
-0.00091553
-0.00091553
-0.00061035
-0.00061035
-0.00091553
-0.00091553
-0.00091553
-0.00122070
-0.00122070
-0.00091553
-0.00061035
-0.00030518
-0.00030518
 0.00000000
-0.00030518
-0.00030518
-0.00030518
-0.00030518
-0.00061035
-0.00061035
-0.00061035
-0.00091553
-0.00091553
-0.00091553
-0.00091553
-0.00091553
-0.00122070
-0.00122070
-0.00122070
-0.00091553
-0.00091553
-0.00091553
-0.00091553
-0.00091553
-0.00091553
-0.00091553
-0.00061035
-0.00061035
-0.00061035
-0.00061035
-0.00061035
-0.00061035
-0.00061035
-0.00061035
-0.00030518
-0.00061035
-0.00030518
-0.00030518
-0.00030518
 0.00000000
 0.00000000
-0.00030518
-0.00030518
-0.00061035
-0.00091553
-0.00091553
-0.00122070
-0.00122070
-0.00091553
-0.00091553
-0.00061035
-0.00061035
-0.00061035
-0.00061035
-0.00061035
-0.00091553
-0.00061035
-0.00061035
-0.00061035
-0.00061035
-0.00061035
-0.00091553
-0.00091553
-0.00091553
-0.00091553
-0.00091553
-0.00061035
-0.00030518
-0.00030518
-0.00030518
-0.00030518
-0.00030518
-0.00030518
-0.00030518
-0.00061035
-0.00091553
-0.00122070
-0.00091553
-0.00091553
-0.00061035
-0.00061035
-0.00061035
-0.00061035
-0.00091553
-0.00061035
-0.00061035
-0.00061035
-0.00061035
-0.00061035
-0.00061035
-0.00091553
-0.00091553
-0.00061035
-0.00061035
-0.00061035
-0.00061035
-0.00061035
-0.00091553
-0.00122070
-0.00091553
-0.00091553
-0.00091553
-0.00061035
-0.00091553
-0.00152588
-0.00183105
-0.00305176
-0.00457764
-0.00640869
-0.00854492
-0.01037598
-0.01190186
-0.01220703
-0.01098633
-0.00701904
 0.00061035
 0.01129150
 0.02563477
 0.04272461
 0.06164551
 0.08056641
 0.09765625
 0.10894775
 0.10986328
 0.09338379
 0.05645752
 0.00152588
-0.06500244
-0.13488770
-0.20019531
-0.25299072
-0.28930664
-0.32287598
-0.31219482
-0.27862549
-0.23101807
-0.16326904
-0.08148193
 0.00488281
 0.08575439
 0.15289307
 0.20233154
 0.23223877
 0.24169922
 0.23193359
 0.20538330
 0.15747070
 0.10437012
 0.05859375
 0.02838135
 0.01800537
 0.02014160
 0.02746582
 0.03509521
 0.03967285
 0.03967285
 0.03204346
 0.01373291
-0.01190186
-0.03997803
-0.06439209
-0.08239746
-0.09307861
-0.10009766
-0.10620117
-0.11474609
-0.12847900
-0.14770508
-0.16784668
-0.18341064
-0.18615723
-0.17242432
-0.14099121
-0.09063721
-0.02075195
 0.06561279
 0.16021729
 0.28778076
 0.40954590
 0.46142578
 0.46508789
 0.41320801
 0.32348633
 0.21331787
 0.06378174
-0.08972168
-0.26214600
-0.39489746
-0.43762207
-0.42907715
-0.37170410
-0.25054932
-0.15167236
-0.04730225
 0.04669189
 0.11901855
 0.16540527
 0.18493652
 0.17852783
 0.15258789
 0.11505127
 0.06469727
 0.02075195
-0.00518799
-0.00549316
 0.01403809
 0.04394531
 0.07659912
 0.10437012
 0.11993408
 0.11779785
 0.09613037
 0.04821777
-0.01617432
-0.07904053
-0.12603760
-0.14739990
-0.14282227
-0.11962891
-0.08056641
-0.03021240
 0.02655029
 0.08239746
 0.13122559
 0.16754150
 0.18798828
 0.18859863
 0.16815186
 0.12176514
 0.05126953
-0.02838135
-0.10375977
-0.16357422
-0.19805908
-0.20965576
-0.20721436
-0.19409180
-0.17517090
-0.15319824
-0.13305664
-0.11688232
-0.10314941
-0.08941650
-0.07202148
-0.04791260
-0.01617432
 0.02471924
 0.07659912
 0.13671875
 0.19897461
 0.27832031
 0.34118652
 0.34484863
 0.31860352
 0.27465820
 0.18737793
 0.07629395
-0.04211426
-0.15686035
-0.27648926
-0.36376953
-0.40222168
-0.41809082
-0.40832520
-0.38208008
-0.33996582
-0.30487061
-0.26062012
-0.21240234
-0.16265869
-0.11199951
-0.06164551
-0.01190186
 0.03570557
 0.07904053
 0.12054443
 0.16448975
 0.21331787
 0.26702881
 0.33142090
 0.39123535
 0.43884277
 0.46997070
 0.47851563
 0.46569824
 0.43090820
 0.37902832
 0.32318115
 0.24841309
 0.13519287
 0.01007080
-0.11962891
-0.24871826
-0.37658691
-0.50231934
-0.60852051
-0.68603516
-0.72875977
-0.72265625
-0.67810059
-0.59814453
-0.48950195
-0.35949707
-0.26916504
-0.14923096
-0.03051758
 0.08453369
 0.19439697
 0.36682129
 0.44921875
 0.53222656
 0.60729980
 0.67749023
 0.73364258
 0.76660156
 0.76354980
 0.71533203
 0.62011719
 0.48095703
 0.31005859
 0.12390137
-0.07110596
-0.24993896
-0.41870117
-0.53710938
-0.61645508
-0.65856934
-0.66101074
-0.63110352
-0.57922363
-0.50964355
-0.42663574
-0.34423828
-0.29602051
-0.21179199
-0.11901855
-0.01800537
 0.08911133
 0.19958496
 0.30975342
 0.41381836
 0.51330566
 0.59448242
 0.65307617
 0.68359375
 0.67810059
 0.64331055
 0.57617188
 0.48522949
 0.37902832
 0.27893066
 0.14770508
 0.01434326
-0.11230469
-0.23040771
-0.34790039
-0.45043945
-0.54138184
-0.61035156
-0.65734863
-0.67382813
-0.66223145
-0.61279297
-0.53100586
-0.42175293
-0.30853271
-0.19958496
-0.08087158
 0.02471924
 0.11230469
 0.18066406
 0.23223877
 0.26916504
 0.29235840
 0.30670166
 0.31890869
 0.32958984
 0.33905029
 0.33386230
 0.34667969
 0.37597656
 0.39489746
 0.39978027
 0.38146973
 0.33874512
 0.25329590
 0.15289307
 0.03082275
-0.10437012
-0.24230957
-0.36865234
-0.49560547
-0.59753418
-0.67077637
-0.70495605
-0.70251465
-0.65673828
-0.57250977
-0.45471191
-0.32684326
-0.19104004
-0.03601074
 0.11718750
 0.35400391
 0.49316406
 0.59448242
 0.65246582
 0.66223145
 0.62011719
 0.53955078
 0.43457031
 0.35339355
 0.27954102
 0.18280029
 0.10406494
 0.05249023
 0.02441406
 0.00671387
-0.00915527
-0.02746582
-0.05249023
-0.08941650
-0.14068604
-0.20263672
-0.26733398
-0.32714844
-0.37841797
-0.41198730
-0.42846680
-0.42175293
-0.39245605
-0.34118652
-0.29510498
-0.22216797
-0.13549805
-0.03875732
 0.06225586
 0.16204834
 0.28686523
 0.39794922
 0.45776367
 0.49011230
 0.49804688
 0.47668457
 0.42846680
 0.35888672
 0.33782959
 0.23803711
 0.12756348
 0.01495361
-0.09063721
-0.18035889
-0.25695801
-0.33996582
-0.39672852
-0.43823242
-0.45959473
-0.46020508
-0.43884277
-0.40100098
-0.34973145
-0.31951904
-0.26580811
-0.20874023
-0.15045166
-0.09338379
-0.03906250
 0.01098633
 0.05462646
 0.08911133
 0.11230469
 0.12878418
 0.13977051
 0.14282227
 0.14160156
 0.14160156
 0.14892578
 0.16601563
 0.18707275
 0.20721436
 0.21942139
 0.21575928
 0.18341064
 0.11810303
 0.02899170
-0.07293701
-0.17700195
-0.27374268
-0.36071777
-0.43273926
-0.48400879
-0.51574707
-0.52185059
-0.50231934
-0.45532227
-0.38024902
-0.30364990
-0.19744873
-0.08239746
 0.02990723
 0.12878418
 0.20751953
 0.34606934
 0.35949707
 0.34423828
 0.31860352
 0.31677246
 0.30364990
 0.28350830
 0.25909424
 0.23254395
 0.20446777
 0.17242432
 0.13244629
 0.08270264
 0.02593994
-0.03204346
-0.08575439
-0.13031006
-0.16540527
-0.19195557
-0.21209717
-0.22735596
-0.23864746
-0.24566650
-0.24749756
-0.24261475
-0.22857666
-0.20416260
-0.16815186
-0.12023926
-0.05981445
 0.00885010
 0.08239746
 0.15472412
 0.22308350
 0.33386230
 0.36987305
 0.39001465
 0.39550781
 0.38269043
 0.35461426
 0.34606934
 0.31921387
 0.24566650
 0.16571045
 0.08697510
 0.01892090
-0.03662109
-0.08636475
-0.13275146
-0.17669678
-0.21606445
-0.24993896
-0.27648926
-0.29479980
-0.30395508
-0.30303955
-0.29235840
-0.27130127
-0.23925781
-0.19561768
-0.14038086
-0.07415771
 0.00091553
 0.08178711
 0.16387939
 0.24261475
 0.35522461
 0.40588379
 0.43518066
 0.43884277
 0.41259766
 0.36193848
 0.34973145
 0.25848389
 0.15472412
 0.04913330
-0.04669189
-0.11932373
-0.16784668
-0.20294189
-0.22735596
-0.24291992
-0.25146484
-0.25360107
-0.25024414
-0.24200439
-0.22857666
-0.21057129
-0.18829346
-0.16296387
-0.13427734
-0.10314941
-0.06805420
-0.02868652
 0.01770020
 0.07263184
 0.13549805
 0.20355225
 0.27160645
 0.35705566
 0.40344238
 0.42358398
 0.41320801
 0.36865234
 0.32226563
 0.26123047
 0.15838623
 0.05340576
-0.04180908
-0.11474609
-0.16479492
-0.20111084
-0.22827148
-0.24841309
-0.26153564
-0.26885986
-0.27008057
-0.26519775
-0.25451660
-0.23742676
-0.21514893
-0.18707275
-0.15350342
-0.11413574
-0.06805420
-0.01495361
 0.04516602
 0.11108398
 0.18035889
 0.24932861
 0.33447266
 0.38574219
 0.41503906
 0.42541504
 0.41137695
 0.37597656
 0.34454346
 0.29754639
 0.20416260
 0.10375977
 0.00549316
-0.07873535
-0.14862061
-0.20782471
-0.25604248
-0.30273438
-0.33081055
-0.33386230
-0.32836914
-0.30761719
-0.28594971
-0.25634766
-0.21942139
-0.17517090
-0.12420654
-0.06744385
-0.00488281
 0.06195068
 0.13122559
 0.19866943
 0.26123047
 0.31402588
 0.34851074
 0.35949707
 0.34790039
 0.33630371
 0.31066895
 0.24291992
 0.16418457
 0.08361816
 0.01068115
-0.04699707
-0.09185791
-0.12969971
-0.16174316
-0.18768311
-0.20812988
-0.22155762
-0.22857666
-0.22949219
-0.22491455
-0.21484375
-0.19989014
-0.18005371
-0.15533447
-0.12634277
-0.09277344
-0.05371094
-0.00976563
 0.03906250
 0.09124756
 0.14495850
 0.19805908
 0.24780273
 0.28900146
 0.31677246
 0.32104492
 0.34393311
 0.32562256
 0.28228760
 0.22003174
 0.14678955
 0.06988525
-0.00244141
-0.06408691
-0.11779785
-0.16571045
-0.20782471
-0.24169922
-0.26550293
-0.27862549
-0.28106689
-0.27374268
-0.25756836
-0.23345947
-0.20172119
-0.16326904
-0.11932373
-0.07202148
-0.02258301
 0.02746582
 0.07568359
 0.12207031
 0.16326904
 0.19683838
 0.22521973
 0.24841309
 0.26519775
 0.27069092
 0.26184082
 0.23773193
 0.20050049
 0.15411377
 0.10253906
 0.04943848
-0.00457764
-0.05950928
-0.11352539
-0.16357422
-0.20690918
-0.24139404
-0.26733398
-0.28411865
-0.29266357
-0.29235840
-0.28381348
-0.26641846
-0.23956299
-0.20263672
-0.15533447
-0.09979248
-0.03814697
 0.02502441
 0.08697510
 0.14404297
 0.19470215
 0.23742676
 0.27099609
 0.29327393
 0.30639648
 0.30578613
 0.28686523
 0.25207520
 0.20477295
 0.15014648
 0.09399414
 0.04058838
-0.01098633
-0.06286621
-0.11413574
-0.16326904
-0.20690918
-0.24261475
-0.26885986
-0.28472900
-0.28930664
-0.28350830
-0.26641846
-0.23864746
-0.20019531
-0.15228271
-0.09704590
-0.03814697
 0.02075195
 0.07690430
 0.12725830
 0.17028809
 0.20538330
 0.22949219
 0.24505615
 0.25115967
 0.24414063
 0.22399902
 0.19470215
 0.16143799
 0.12847900
 0.09887695
 0.07049561
 0.04058838
 0.00701904
-0.02868652
-0.06469727
-0.09948730
-0.13031006
-0.15625000
-0.17639160
-0.18920898
-0.19500732
-0.19287109
-0.18280029
-0.16540527
-0.14099121
-0.10925293
-0.07110596
-0.02746582
 0.01831055
 0.06500244
 0.10955811
 0.14953613
 0.18218994
 0.20629883
 0.22186279
 0.22521973
 0.21179199
 0.18157959
 0.13977051
 0.09216309
 0.04486084
 0.00396729
-0.03112793
-0.06195068
-0.09002686
-0.11444092
-0.13397217
-0.14709473
-0.15380859
-0.15380859
-0.14801025
-0.13671875
-0.12145996
-0.10253906
-0.08026123
-0.05554199
-0.02960205
-0.00274658
 0.02349854
 0.04852295
 0.07171631
 0.09155273
 0.10650635
 0.11444092
 0.11505127
 0.10986328
 0.10070801
 0.09124756
 0.08239746
 0.07476807
 0.06683350
 0.05706787
 0.04516602
 0.03051758
 0.01312256
-0.00549316
-0.02532959
-0.04638672
-0.06805420
-0.09063721
-0.11322021
-0.13366699
-0.15075684
-0.16204834
-0.16723633
-0.16510010
-0.15594482
-0.14038086
-0.11901855
-0.09216309
-0.05981445
-0.02349854
 0.01556396
 0.05554199
 0.09460449
 0.13000488
 0.15991211
 0.18341064
 0.19958496
 0.20385742
 0.19195557
 0.16418457
 0.12573242
 0.08392334
 0.04425049
 0.01190186
-0.01495361
-0.03753662
-0.05767822
-0.07568359
-0.09094238
-0.10406494
-0.11352539
-0.12023926
-0.12420654
-0.12451172
-0.12207031
-0.11535645
-0.10467529
-0.08972168
-0.07080078
-0.04821777
-0.02258301
 0.00518799
 0.03448486
 0.06408691
 0.09338379
 0.12115479
 0.14617920
 0.16754150
 0.18249512
 0.18737793
 0.17883301
 0.15838623
 0.12969971
 0.09765625
 0.06591797
 0.03723145
 0.01037598
-0.01586914
-0.04089355
-0.06500244
-0.08605957
-0.10314941
-0.11505127
-0.12145996
-0.12176514
-0.11688232
-0.10711670
-0.09277344
-0.07507324
-0.05462646
-0.03234863
-0.00885010
 0.01495361
 0.03906250
 0.06286621
 0.08544922
 0.10589600
 0.12359619
 0.13702393
 0.14465332
 0.14617920
 0.14129639
 0.13122559
 0.11688232
 0.09979248
 0.07995605
 0.05767822
 0.03295898
 0.00701904
-0.01953125
-0.04547119
-0.06988525
-0.09155273
-0.10986328
-0.12359619
-0.13244629
-0.13641357
-0.13458252
-0.12756348
-0.11535645
-0.09857178
-0.07781982
-0.05401611
-0.02868652
-0.00213623
 0.02441406
 0.05004883
 0.07354736
 0.09429932
 0.11016846
 0.11840820
 0.11718750
 0.10650635
 0.08819580
 0.06683350
 0.04455566
 0.02349854
 0.00335693
-0.01647949
-0.03692627
-0.05706787
-0.07720947
-0.09613037
-0.11322021
-0.12817383
-0.13977051
-0.14862061
-0.15350342
-0.15411377
-0.14953613
-0.13946533
-0.12359619
-0.10284424
-0.07720947
-0.04730225
-0.01403809
 0.02197266
 0.05950928
 0.09643555
 0.13122559
 0.16204834
 0.18859863
 0.20965576
 0.22247314
 0.22277832
 0.20812988
 0.18096924
 0.14556885
 0.10742188
 0.07110596
 0.03753662
 0.00457764
-0.02807617
-0.06103516
-0.09338379
-0.12359619
-0.14953613
-0.17028809
-0.18524170
-0.19348145
-0.19439697
-0.18798828
-0.17456055
-0.15472412
-0.12817383
-0.09582520
-0.05828857
-0.01617432
 0.02838135
 0.07354736
 0.11749268
 0.15808105
 0.19195557
 0.21911621
 0.23925781
 0.25024414
 0.24597168
 0.22521973
 0.19073486
 0.14831543
 0.10406494
 0.06347656
 0.02716064
-0.00671387
-0.03936768
-0.07080078
-0.09979248
-0.12451172
-0.14434814
-0.15869141
-0.16693115
-0.16967773
-0.16693115
-0.15899658
-0.14587402
-0.12817383
-0.10650635
-0.08056641
-0.05126953
-0.01892090
 0.01586914
 0.05218506
 0.08758545
 0.12115479
 0.15106201
 0.17639160
 0.19561768
 0.20446777
 0.19836426
 0.17608643
 0.14099121
 0.09918213
 0.05706787
 0.01892090
-0.01342773
-0.04241943
-0.06866455
-0.09216309
-0.11230469
-0.12756348
-0.13763428
-0.14282227
-0.14312744
-0.13946533
-0.13183594
-0.12145996
-0.10803223
-0.09246826
-0.07476807
-0.05523682
-0.03417969
-0.01220703
 0.01098633
 0.03448486
 0.05798340
 0.08087158
 0.10253906
 0.12145996
 0.13610840
 0.14434814
 0.14465332
 0.13519287
 0.11718750
 0.09216309
 0.06286621
 0.03051758
-0.00305176
-0.03692627
-0.07019043
-0.10131836
-0.12878418
-0.15106201
-0.16693115
-0.17578125
-0.17791748
-0.17303467
-0.16235352
-0.14648438
-0.12603760
-0.10192871
-0.07507324
-0.04608154
-0.01556396
 0.01464844
 0.04425049
 0.07202148
 0.09765625
 0.12084961
 0.13977051
 0.15228271
 0.15625000
 0.15106201
 0.13824463
 0.12054443
 0.10070801
 0.07995605
 0.05889893
 0.03662109
 0.01251221
-0.01159668
-0.03570557
-0.05737305
-0.07598877
-0.09033203
-0.09979248
-0.10437012
-0.10406494
-0.09918213
-0.09033203
-0.07812500
-0.06256104
-0.04455566
-0.02410889
-0.00244141
 0.02044678
 0.04394531
 0.06713867
 0.08972168
 0.11016846
 0.12695313
 0.13916016
 0.14434814
 0.14221191
 0.13275146
 0.11779785
 0.09948730
 0.07904053
 0.05706787
 0.03417969
 0.01068115
-0.01251221
-0.03448486
-0.05401611
-0.07019043
-0.08209229
-0.09002686
-0.09307861
-0.09155273
-0.08575439
-0.07659912
-0.06408691
-0.04882813
-0.03234863
-0.01434326
 0.00427246
 0.02258301
 0.04028320
 0.05615234
 0.06958008
 0.08026123
 0.08728027
 0.09063721
 0.09094238
 0.08850098
 0.08331299
 0.07629395
 0.06591797
 0.05279541
 0.03631592
 0.01739502
-0.00427246
-0.02716064
-0.05035400
-0.07263184
-0.09246826
-0.10955811
-0.12268066
-0.13183594
-0.13641357
-0.13610840
-0.13122559
-0.12207031
-0.10925293
-0.09307861
-0.07446289
-0.05340576
-0.03143311
-0.00915527
 0.01281738
 0.03356934
 0.05249023
 0.06744385
 0.07751465
 0.08117676
 0.07873535
 0.07171631
 0.06286621
 0.05340576
 0.04455566
 0.03601074
 0.02746582
 0.01800537
 0.00762939
-0.00335693
-0.01464844
-0.02563477
-0.03631592
-0.04638672
-0.05523682
-0.06225586
-0.06652832
-0.06896973
-0.06866455
-0.06591797
-0.06011963
-0.05187988
-0.04089355
-0.02777100
-0.01281738
 0.00396729
 0.02105713
 0.03814697
 0.05462646
 0.06958008
 0.08209229
 0.09124756
 0.09643555
 0.09735107
 0.09460449
 0.08819580
 0.07934570
 0.06774902
 0.05462646
 0.04089355
 0.02563477
 0.00976563
-0.00640869
-0.02197266
-0.03692627
-0.05065918
-0.06256104
-0.07324219
-0.08117676
-0.08697510
-0.09033203
-0.09063721
-0.08758545
-0.08178711
-0.07293701
-0.06103516
-0.04699707
-0.03112793
-0.01342773
 0.00518799
 0.02349854
 0.04150391
 0.05859375
 0.07354736
 0.08605957
 0.09521484
 0.10009766
 0.10131836
 0.09826660
 0.09124756
 0.08148193
 0.06866455
 0.05340576
 0.03509521
 0.01464844
-0.00732422
-0.03021240
-0.05249023
-0.07354736
-0.09185791
-0.10681152
-0.11779785
-0.12420654
-0.12542725
-0.12176514
-0.11322021
-0.10070801
-0.08483887
-0.06591797
-0.04516602
-0.02288818
-0.00091553
 0.02075195
 0.04089355
 0.05859375
 0.07232666
 0.08117676
 0.08483887
 0.08392334
 0.08026123
 0.07537842
 0.07049561
 0.06561279
 0.06011963
 0.05371094
 0.04486084
 0.03387451
 0.02105713
 0.00701904
-0.00793457
-0.02288818
-0.03753662
-0.05065918
-0.06195068
-0.07080078
-0.07598877
-0.07812500
-0.07598877
-0.07019043
-0.06011963
-0.04638672
-0.02929688
-0.00946045
 0.01220703
 0.03509521
 0.05889893
 0.08239746
 0.10467529
 0.12481689
 0.14160156
 0.15258789
 0.15655518
 0.15289307
 0.14251709
 0.12786865
 0.11108398
 0.09368896
 0.07568359
 0.05706787
 0.03753662
 0.01831055
-0.00061035
-0.01831055
-0.03356934
-0.04577637
-0.05493164
-0.06042480
-0.06286621
-0.06225586
-0.05889893
-0.05310059
-0.04547119
-0.03601074
-0.02532959
-0.01373291
-0.00152588
 0.01098633
 0.02319336
 0.03479004
 0.04516602
 0.05432129
 0.06164551
 0.06622314
 0.06866455
 0.06805420
 0.06439209
 0.05798340
 0.04882813
 0.03753662
 0.02471924
 0.01098633
-0.00366211
-0.01861572
-0.03265381
-0.04547119
-0.05615234
-0.06439209
-0.06988525
-0.07324219
-0.07385254
-0.07202148
-0.06866455
-0.06408691
-0.05889893
-0.05310059
-0.04791260
-0.04302979
-0.03845215
-0.03479004
-0.03051758
-0.02624512
-0.02136230
-0.01647949
-0.01098633
-0.00549316
-0.00061035
 0.00366211
 0.00671387
 0.00854492
 0.00762939
 0.00488281
 0.00000000
-0.00701904
-0.01495361
-0.02410889
-0.03356934
-0.04302979
-0.05157471
-0.05950928
-0.06561279
-0.06958008
-0.07171631
-0.07110596
-0.06805420
-0.06317139
-0.05584717
-0.04730225
-0.03692627
-0.02624512
-0.01495361
-0.00366211
 0.00701904
 0.01708984
 0.02563477
 0.03265381
 0.03753662
 0.04058838
 0.04150391
 0.04089355
 0.03845215
 0.03448486
 0.02899170
 0.02288818
 0.01556396
 0.00823975
 0.00061035
-0.00701904
-0.01403809
-0.02044678
-0.02563477
-0.02960205
-0.03234863
-0.03387451
-0.03417969
-0.03265381
-0.03021240
-0.02655029
-0.02227783
-0.01770020
-0.01251221
-0.00732422
-0.00244141
 0.00274658
 0.00762939
 0.01251221
 0.01678467
 0.02166748
 0.02563477
 0.02929688
 0.03234863
 0.03417969
 0.03509521
 0.03479004
 0.03326416
 0.03051758
 0.02624512
 0.02075195
 0.01403809
 0.00640869
-0.00183105
-0.01037598
-0.01892090
-0.02685547
-0.03356934
-0.03906250
-0.04302979
-0.04577637
-0.04699707
-0.04699707
-0.04608154
-0.04364014
-0.04058838
-0.03662109
-0.03204346
-0.02655029
-0.02105713
-0.01495361
-0.00915527
-0.00305176
 0.00335693
 0.00976563
 0.01617432
 0.02258301
 0.02838135
 0.03356934
 0.03784180
 0.04089355
 0.04272461
 0.04302979
 0.04211426
 0.03997803
 0.03662109
 0.03265381
 0.02807617
 0.02319336
 0.01861572
 0.01403809
 0.01037598
 0.00732422
 0.00518799
 0.00366211
 0.00335693
 0.00366211
 0.00457764
 0.00610352
 0.00793457
 0.01037598
 0.01342773
 0.01678467
 0.02044678
 0.02441406
 0.02868652
 0.03356934
 0.03784180
 0.04180908
 0.04547119
 0.04821777
 0.04974365
 0.05004883
 0.04913330
 0.04730225
 0.04394531
 0.03997803
 0.03540039
 0.03082275
 0.02593994
 0.02166748
 0.01770020
 0.01373291
 0.01037598
 0.00732422
 0.00427246
 0.00183105
-0.00091553
-0.00335693
-0.00518799
-0.00701904
-0.00793457
-0.00854492
-0.00823975
-0.00701904
-0.00488281
-0.00183105
 0.00244141
 0.00732422
 0.01251221
 0.01770020
 0.02319336
 0.02777100
 0.03173828
 0.03479004
 0.03662109
 0.03692627
 0.03601074
 0.03387451
 0.03051758
 0.02655029
 0.02166748
 0.01647949
 0.01159668
 0.00671387
 0.00213623
-0.00152588
-0.00488281
-0.00701904
-0.00946045
-0.01098633
-0.01251221
-0.01373291
-0.01464844
-0.01525879
-0.01556396
-0.01556396
-0.01464844
-0.01342773
-0.01190186
-0.00915527
-0.00610352
-0.00213623
 0.00213623
 0.00701904
 0.01129150
 0.01525879
 0.01831055
 0.01922607
 0.01892090
 0.01647949
 0.01220703
 0.00671387
 0.00030518
-0.00671387
-0.01403809
-0.02105713
-0.02746582
-0.03265381
-0.03631592
-0.03845215
-0.03967285
-0.03906250
-0.03723145
-0.03479004
-0.03112793
-0.02716064
-0.02288818
-0.01831055
-0.01403809
-0.01007080
-0.00671387
-0.00396729
-0.00152588
 0.00030518
 0.00152588
 0.00244141
 0.00305176
 0.00335693
 0.00305176
 0.00244141
 0.00152588
 0.00000000
-0.00152588
-0.00396729
-0.00640869
-0.00946045
-0.01281738
-0.01617432
-0.01953125
-0.02288818
-0.02563477
-0.02777100
-0.02899170
-0.02929688
-0.02899170
-0.02777100
-0.02593994
-0.02380371
-0.02075195
-0.01739502
-0.01403809
-0.01068115
-0.00732422
-0.00427246
-0.00122070
 0.00122070
 0.00335693
 0.00457764
 0.00488281
 0.00488281
 0.00366211
 0.00213623
 0.00000000
-0.00274658
-0.00579834
-0.00915527
-0.01251221
-0.01647949
-0.02044678
-0.02410889
-0.02777100
-0.03143311
-0.03448486
-0.03692627
-0.03875732
-0.03967285
-0.03967285
-0.03845215
-0.03570557
-0.03173828
-0.02685547
-0.02075195
-0.01373291
-0.00671387
 0.00061035
 0.00823975
 0.01495361
 0.02075195
 0.02502441
 0.02716064
 0.02716064
 0.02471924
 0.02105713
 0.01586914
 0.00946045
 0.00305176
-0.00335693
-0.00946045
-0.01495361
-0.02014160
-0.02410889
-0.02716064
-0.02868652
-0.02929688
-0.02868652
-0.02746582
-0.02502441
-0.02197266
-0.01861572
-0.01495361
-0.01159668
-0.00823975
-0.00518799
-0.00274658
 0.00000000
 0.00213623
 0.00427246
 0.00671387
 0.00915527
 0.01159668
 0.01434326
 0.01617432
 0.01800537
 0.01861572
 0.01800537
 0.01647949
 0.01373291
 0.00976563
 0.00549316
 0.00061035
-0.00488281
-0.01007080
-0.01464844
-0.01861572
-0.02136230
-0.02288818
-0.02288818
-0.02227783
-0.02014160
-0.01770020
-0.01464844
-0.01098633
-0.00701904
-0.00305176
 0.00122070
 0.00488281
 0.00823975
 0.01098633
 0.01312256
 0.01464844
 0.01556396
 0.01617432
 0.01617432
 0.01586914
 0.01556396
 0.01464844
 0.01342773
 0.01190186
 0.01007080
 0.00793457
 0.00610352
 0.00457764
 0.00274658
 0.00122070
-0.00061035
-0.00274658
-0.00396729
-0.00549316
-0.00671387
-0.00732422
-0.00762939
-0.00762939
-0.00701904
-0.00549316
-0.00366211
-0.00152588
 0.00091553
 0.00366211
 0.00671387
 0.00976563
 0.01281738
 0.01525879
 0.01770020
 0.01983643
 0.02136230
 0.02227783
 0.02227783
 0.02136230
 0.01953125
 0.01739502
 0.01464844
 0.01159668
 0.00885010
 0.00610352
 0.00335693
 0.00061035
-0.00244141
-0.00488281
-0.00701904
-0.00885010
-0.00976563
-0.01037598
-0.01068115
-0.01098633
-0.01098633
-0.01098633
-0.01037598
-0.00946045
-0.00793457
-0.00579834
-0.00305176
 0.00061035
 0.00427246
 0.00823975
 0.01251221
 0.01647949
 0.02044678
 0.02380371
 0.02655029
 0.02838135
 0.02960205
 0.03021240
 0.02960205
 0.02899170
 0.02746582
 0.02593994
 0.02349854
 0.02105713
 0.01831055
 0.01525879
 0.01220703
 0.00915527
 0.00640869
 0.00396729
 0.00183105
 0.00061035
 0.00000000
 0.00000000
 0.00061035
 0.00213623
 0.00488281
 0.00823975
 0.01251221
 0.01647949
 0.02136230
 0.02593994
 0.02990723
 0.03356934
 0.03601074
 0.03692627
 0.03692627
 0.03570557
 0.03326416
 0.02990723
 0.02563477
 0.02075195
 0.01495361
 0.00915527
 0.00335693
-0.00213623
-0.00732422
-0.01220703
-0.01556396
-0.01861572
-0.02075195
-0.02197266
-0.02258301
-0.02288818
-0.02258301
-0.02166748
-0.02044678
-0.01892090
-0.01678467
-0.01525879
-0.01281738
-0.01037598
-0.00793457
-0.00549316
-0.00274658
 0.00000000
 0.00274658
 0.00549316
 0.00793457
 0.01007080
 0.01159668
 0.01251221
 0.01220703
 0.01068115
 0.00854492
 0.00549316
 0.00183105
-0.00183105
-0.00549316
-0.00946045
-0.01281738
-0.01586914
-0.01831055
-0.01953125
-0.02044678
-0.02014160
-0.01922607
-0.01770020
-0.01525879
-0.01251221
-0.00946045
-0.00640869
-0.00305176
-0.00030518
 0.00244141
 0.00457764
 0.00610352
 0.00701904
 0.00732422
 0.00701904
 0.00610352
 0.00518799
 0.00366211
 0.00183105
-0.00030518
-0.00274658
-0.00488281
-0.00732422
-0.00976563
-0.01220703
-0.01434326
-0.01678467
-0.01892090
-0.02105713
-0.02227783
-0.02380371
-0.02502441
-0.02593994
-0.02624512
-0.02563477
-0.02471924
-0.02258301
-0.02014160
