-0.00030518
-0.00061035
-0.00091553
-0.00091553
-0.00091553
-0.00061035
-0.00061035
-0.00061035
-0.00091553
-0.00061035
-0.00061035
-0.00091553
-0.00061035
-0.00061035
-0.00061035
-0.00061035
-0.00091553
-0.00061035
-0.00061035
-0.00030518
 0.00000000
 0.00000000
 0.00000000
-0.00030518
-0.00030518
-0.00030518
-0.00061035
-0.00061035
-0.00061035
-0.00061035
-0.00061035
-0.00061035
-0.00030518
-0.00061035
-0.00061035
-0.00091553
-0.00091553
-0.00091553
-0.00122070
-0.00091553
-0.00061035
-0.00061035
-0.00061035
-0.00061035
-0.00061035
-0.00061035
-0.00030518
-0.00030518
-0.00030518
 0.00000000
 0.00000000
 0.00000000
 0.00000000
-0.00030518
-0.00061035
-0.00091553
-0.00122070
-0.00122070
-0.00091553
-0.00091553
-0.00061035
-0.00030518
-0.00030518
-0.00030518
-0.00030518
-0.00030518
-0.00061035
-0.00091553
-0.00122070
-0.00122070
-0.00152588
-0.00091553
-0.00061035
-0.00030518
-0.00030518
-0.00030518
-0.00030518
-0.00030518
-0.00061035
-0.00030518
-0.00061035
-0.00061035
-0.00091553
-0.00091553
-0.00122070
-0.00061035
-0.00030518
 0.00000000
 0.00000000
 0.00000000
 0.00030518
 0.00000000
 0.00000000
 0.00000000
-0.00030518
-0.00061035
-0.00091553
-0.00091553
-0.00061035
-0.00061035
-0.00061035
-0.00030518
-0.00061035
-0.00030518
-0.00030518
-0.00030518
-0.00061035
-0.00061035
-0.00061035
-0.00061035
-0.00030518
 0.00000000
 0.00000000
 0.00000000
-0.00030518
-0.00061035
-0.00061035
-0.00061035
-0.00061035
-0.00030518
 0.00000000
 0.00000000
 0.00000000
 0.00000000
 0.00000000
 0.00000000
 0.00000000
 0.00000000
 0.00030518
 0.00030518
 0.00030518
 0.00000000
 0.00030518
 0.00030518
 0.00000000
-0.00030518
-0.00030518
-0.00061035
-0.00061035
-0.00061035
-0.00061035
-0.00061035
-0.00030518
-0.00030518
-0.00030518
 0.00000000
 0.00000000
 0.00000000
 0.00000000
 0.00000000
 0.00000000
 0.00000000
 0.00000000
-0.00030518
 0.00000000
-0.00030518
-0.00061035
-0.00091553
-0.00061035
-0.00030518
 0.00000000
 0.00000000
 0.00030518
 0.00030518
 0.00000000
 0.00000000
 0.00000000
 0.00000000
-0.00030518
-0.00061035
-0.00061035
-0.00061035
-0.00061035
-0.00061035
-0.00061035
-0.00030518
-0.00061035
-0.00030518
-0.00030518
-0.00061035
-0.00061035
-0.00091553
-0.00091553
-0.00091553
-0.00061035
-0.00061035
-0.00030518
-0.00030518
-0.00030518
-0.00030518
 0.00000000
 0.00000000
 0.00091553
 0.00274658
 0.00610352
 0.01190186
 0.02105713
 0.03570557
 0.05706787
 0.08666992
 0.12786865
 0.18432617
 0.28015137
 0.40405273
 0.53039551
 0.66894531
 0.81115723
 0.94543457
 1.05407715
 1.11083984
 1.10351563
 1.01440430
 0.84533691
 0.62377930
 0.37658691
 0.23437500
 0.09124756
 0.03692627
 0.08514404
 0.24200439
 0.43823242
 0.71899414
 1.10839844
 1.52404785
 1.93542480
 2.31384277
 2.63000488
 2.84667969
 2.91442871
 2.79174805
 2.53234863
 2.21496582
 1.93298340
 1.73278809
 1.61621094
 1.54785156
 1.49902344
 1.44287109
 1.35803223
 1.23779297
 1.08642578
 0.92224121
 0.76049805
 0.61706543
 0.50170898
 0.42541504
 0.38818359
 0.38757324
 0.40771484
 0.44616699
 0.48645020
 0.50903320
 0.49072266
 0.42419434
 0.28930664
 0.12237549
-0.04425049
-0.18951416
-0.30822754
-0.37170410
-0.35400391
-0.26916504
-0.23529053
-0.21667480
-0.21972656
-0.23773193
-0.24871826
-0.23101807
-0.17272949
-0.08453369
-0.01190186
-0.01739502
-0.18920898
-0.50079346
-1.07360840
-1.97692871
-2.98950195
-3.93493652
-4.64721680
-5.05981445
-5.18920898
-5.05371094
-4.65332031
-3.99230957
-3.10241699
-2.03552246
-0.86120605
 0.51818848
 1.44958496
 2.38342285
 3.05114746
 3.38378906
 3.33129883
 2.83691406
 1.72729492
 0.04302979
-1.41845703
-2.97546387
-4.18579102
-4.86633301
-5.07934570
-4.94567871
-4.46777344
-3.65173340
-2.53723145
-1.20361328
 0.44067383
 1.47094727
 2.43957520
 2.95349121
 2.89916992
 2.18078613
 0.34698486
-1.58569336
-4.04907227
-6.25183105
-7.88208008
-8.69384766
-8.79089355
-8.33618164
-7.27600098
-5.55847168
-3.22937012
-0.40191650
 2.25830078
 4.69970703
 6.58264160
 7.87597656
 8.64440918
 9.01306152
 9.07714844
 8.97521973
 8.70300293
 8.17321777
 7.42675781
 6.42089844
 5.02441406
 3.07739258
 0.60424805
-2.50366211
-5.49743652
-7.93640137
-9.54772949
-9.99938965
-9.99938965
-9.99938965
-9.30297852
-7.65930176
-5.23315430
-2.12646484
 1.28417969
 4.36706543
 6.67114258
 8.08105469
 8.75976563
 8.93798828
 8.78540039
 8.49243164
 8.14575195
 7.63244629
 6.87988281
 5.64880371
 3.52539063
 0.39550781
-3.25256348
-6.57836914
-8.90502930
-9.96520996
-9.99938965
-9.99938965
-9.84008789
-9.14062500
-8.42956543
-7.78015137
-7.18139648
-6.56372070
-5.82946777
-4.91027832
-3.80432129
-2.59277344
-1.44470215
-0.53527832
-0.37322998
-0.34332275
-0.53131104
-0.72631836
-1.98669434
-3.71948242
-5.60668945
-7.31262207
-8.53820801
-9.13269043
-9.26391602
-9.12902832
-8.80249023
-8.35266113
-7.77770996
-6.95800781
-5.63964844
-3.50402832
-0.45959473
 3.12194824
 6.54724121
 9.24865723
 9.99938965
 9.99938965
 9.99938965
 9.99938965
 9.31396484
 5.30456543
 0.22399902
-4.23034668
-7.22473145
-8.69689941
-8.94653320
-8.62854004
-8.09387207
-7.53845215
-7.03491211
-6.59545898
-6.22253418
-5.91796875
-5.65063477
-5.39489746
-5.13488770
-4.86267090
-4.58679199
-4.29443359
-3.95751953
-3.52050781
-2.96447754
-2.33154297
-1.73950195
-1.31713867
-1.12487793
-1.21154785
-1.52893066
-1.81213379
-1.72912598
-0.94604492
 1.12854004
 4.91149902
 9.17602539
 9.99938965
 9.99938965
 9.99938965
 9.99938965
 9.99938965
 9.99938965
 9.99938965
 9.99938965
 9.99938965
 9.99938965
 9.99938965
 9.99938965
 9.34509277
 9.30603027
 9.99938965
 9.99938965
 9.36462402
 1.85302734
-5.85815430
-9.75097656
-9.99938965
-9.24072266
-7.99987793
-7.01416016
-6.30004883
-5.69885254
-4.91821289
-3.53820801
-1.14318848
 2.34619141
 6.30981445
 9.55017090
 9.99938965
 9.99938965
 9.99938965
 9.99938965
 9.99938965
 9.99938965
 9.99938965
 9.99938965
 9.99938965
 9.99938965
 9.99938965
 9.98840332
 8.38928223
 5.22338867
 0.83801270
-3.90014648
-7.72583008
-9.81018066
-9.99938965
-9.99938965
-9.99938965
-9.89257813
-9.38598633
-8.88183594
-8.42407227
-8.00354004
-7.61291504
-7.23754883
-6.82373047
-6.14624023
-4.65942383
-1.77368164
 2.41333008
 6.76330566
 9.74609375
 9.99938965
 9.99938965
 9.99938965
 9.99938965
 9.99938965
 9.99938965
 9.27734375
 5.87280273
 1.56616211
-2.79479980
-6.27502441
-8.32458496
-9.05639648
-9.06616211
-8.53515625
-7.56530762
-6.16333008
-4.38354492
-2.46765137
-0.79406738
 0.30792236
 0.51574707
-0.35949707
-1.45935059
-3.10546875
-4.85107422
-6.19812012
-6.97387695
-7.16247559
-6.99218750
-6.51977539
-5.59082031
-3.81958008
-0.71014404
 3.47412109
 7.61962891
 9.99938965
 9.99938965
 9.99938965
 9.99938965
 9.99938965
 9.99938965
 9.99938965
 9.99938965
 9.99938965
 9.99938965
 8.95996094
 6.20910645
 2.74414063
-1.10504150
-4.42077637
-6.95678711
-8.38195801
-8.93554688
-9.04357910
-8.87878418
-8.57604980
-8.19885254
-7.74169922
-7.13317871
-6.23107910
-4.84985352
-2.83508301
-0.18310547
 2.87597656
 5.88745117
 8.38012695
 9.88647461
 9.99938965
 9.99938965
 9.99938965
 9.99938965
 9.99938965
 9.88525391
 9.21447754
 8.43139648
 7.54211426
 6.24938965
 3.97521973
 0.48645020
-3.75000000
-7.74902344
-9.99938965
-9.99938965
-9.99938965
-9.99938965
-9.99938965
-9.99938965
-9.99938965
-9.99938965
-9.90905762
-9.47387695
-9.03991699
-8.61083984
-8.06640625
-7.13073730
-5.47302246
-3.10363770
-0.53314209
 1.98913574
 3.88183594
 5.11840820
 5.75317383
 6.09619141
 6.35986328
 6.64672852
 6.91223145
 7.05993652
 6.94335938
 6.34399414
 5.05126953
 2.97973633
 0.23132324
-2.88879395
-5.86791992
-8.11828613
-9.45129395
-9.99938965
-9.99938965
-9.96704102
-9.62768555
-9.17297363
-8.70849609
-8.24645996
-7.79602051
-7.35961914
-6.92321777
-6.36352539
-5.21057129
-2.67944336
 1.36322021
 6.14624023
 9.58923340
 9.99938965
 9.99938965
 9.99938965
 9.99938965
 9.99938965
 9.99938965
 9.99938965
 9.99938965
 9.99938965
 9.26147461
 7.21923828
 4.77722168
 2.09289551
-0.59753418
-2.92480469
-4.75402832
-6.09680176
-7.16369629
-8.00048828
-8.60473633
-8.96972656
-9.09851074
-8.99414063
-8.64685059
-7.94860840
-6.63085938
-4.25598145
-0.63964844
 3.58642578
 7.26989746
 9.63989258
 9.99938965
 9.99938965
 9.99938965
 9.99938965
 9.99938965
 9.99938965
 9.73571777
 8.92089844
 8.15979004
 7.47558594
 6.51733398
 4.52026367
 1.04339600
-3.17138672
-7.09533691
-9.67712402
-9.99938965
-9.99938965
-9.99938965
-9.99938965
-9.36035156
-7.30407715
-4.50683594
-1.23474121
 2.04284668
 4.80834961
 6.78344727
 7.96020508
 8.52416992
 8.63220215
 8.47045898
 8.21044922
 7.94250488
 7.60742188
 7.13439941
 6.55517578
 5.88806152
 5.09216309
 4.06494141
 2.70324707
 1.02600098
-0.82275391
-2.61901855
-4.19006348
-5.43579102
-6.39160156
-7.11181641
-7.65686035
-8.07617188
-8.39721680
-8.63525391
-8.78112793
-8.81835938
-8.71154785
-8.42346191
-7.88513184
-6.98547363
-5.56701660
-3.54370117
-0.99914551
 1.73278809
 4.18518066
 6.02966309
 7.23388672
 7.93762207
 8.28430176
 8.34777832
 8.11218262
 7.60314941
 6.96105957
 6.27868652
 5.64697266
 5.12145996
 4.60571289
 3.90075684
 2.85400391
 1.41784668
-0.37353516
-2.33459473
-4.44396973
-6.55151367
-8.54858398
-9.95544434
-9.99938965
-9.99938965
-9.99938965
-9.99938965
-9.99938965
-9.99938965
-9.99938965
-9.99938965
-9.99938965
-9.78149414
-7.92724609
-4.97741699
-1.38671875
 2.25158691
 5.22888184
 7.24609375
 8.37219238
 8.84887695
 8.86413574
 8.66149902
 8.22998047
 7.56225586
 6.73400879
 5.57250977
 3.66821289
 0.75714111
-3.16162109
-7.08679199
-9.78881836
-9.99938965
-9.99938965
-9.99938965
-9.99938965
-9.99938965
-9.99938965
-9.99938965
-9.99938965
-9.99938965
-9.98229980
-9.56054688
-8.87084961
-7.81433105
-6.11145020
-3.65295410
-0.71350098
 2.63732910
 5.61157227
 7.95715332
 9.53247070
 9.99938965
 9.99938965
 9.99938965
 9.99938965
 9.79919434
 8.98498535
 7.80761719
 6.12976074
 3.84155273
 0.95977783
-2.05139160
-4.92492676
-7.23693848
-8.81958008
-9.73876953
-9.99938965
-9.99938965
-9.71679688
-9.05456543
-8.05175781
-6.56738281
-4.48425293
-1.84753418
 1.11572266
 3.98376465
 6.42150879
 8.22937012
 9.40185547
 9.96887207
 9.99938965
 9.99938965
 9.97619629
 9.67041016
 9.16625977
 8.56872559
 7.96813965
 7.45178223
 7.03063965
 6.63574219
 6.17858887
 5.58105469
 4.75402832
 3.61572266
 2.11486816
 0.35064697
-1.89941406
-4.15710449
-6.27319336
-8.02734375
-9.31030273
-9.98840332
-9.99938965
-9.99938965
-9.99938965
-9.70947266
-8.77380371
-7.41088867
-5.55419922
-3.24645996
-0.50292969
 1.89575195
 4.15832520
 5.93566895
 7.17895508
 7.93579102
 8.25561523
 8.21594238
 7.92114258
 7.21008301
 6.06628418
 4.53186035
 2.65808105
 0.53985596
-1.75292969
-3.99291992
-6.05957031
-7.84912109
-9.24072266
-9.99450684
-9.99938965
-9.99938965
-9.99938965
-9.99938965
-9.96398926
-9.59960938
-9.13757324
-8.63586426
-8.05175781
-7.28515625
-6.16638184
-4.53125000
-2.32727051
 0.29418945
 3.00476074
 5.45837402
 7.40661621
 8.77197266
 9.50073242
 9.66308594
 9.40612793
 8.47106934
 6.83837891
 4.63989258
 2.07824707
-0.79956055
-3.17443848
-5.20446777
-6.51306152
-7.32849121
-7.76794434
-7.91748047
-7.85644531
-7.65747070
-7.37426758
-7.05139160
-6.70471191
-6.34826660
-5.99304199
-5.61950684
-5.20019531
-4.67773438
-3.97338867
-2.93457031
-1.43615723
 0.65521240
 2.85095215
 5.25329590
 7.48535156
 9.37500000
 9.99938965
 9.99938965
 9.99938965
 9.99938965
 9.99938965
 9.99938965
 9.92675781
 8.37341309
 6.03576660
 3.39416504
 0.64514160
-1.65161133
-3.56567383
-4.96887207
-5.84777832
-6.28540039
-6.40380859
-6.29333496
-6.01867676
-5.60546875
-5.05493164
-4.33776855
-3.40759277
-2.21496582
-0.73913574
 0.99731445
 2.92541504
 4.92309570
 6.87011719
 8.65783691
 9.92675781
 9.99938965
 9.99938965
 9.99938965
 9.99938965
 9.99938965
 9.99938965
 9.99938965
 9.99938965
 9.63195801
 8.04016113
 6.09558105
 3.76647949
 1.13647461
-1.57470703
-4.02832031
-5.97106934
-7.29248047
-8.06396484
-8.40454102
-8.42041016
-8.21899414
-7.88146973
-7.45910645
-6.94946289
-6.29699707
-5.38513184
-4.06921387
-2.25524902
 0.03112793
 2.59643555
 5.15747070
 7.42614746
 9.24621582
 9.99938965
 9.99938965
 9.99938965
 9.99938965
 9.99938965
 9.99938965
 9.19799805
 7.55493164
 5.48400879
 3.04870605
 0.54931641
-2.15942383
-4.47204590
-6.36169434
-7.69714355
-8.49792480
-8.86352539
-8.90625000
-8.73413086
-8.43872070
-8.08532715
-7.71057129
-7.32238770
-6.92138672
-6.49780273
-6.01135254
-5.38330078
-4.50866699
-3.28979492
-1.72302246
 0.08972168
 1.98425293
 3.77197266
 5.29602051
 6.38427734
 7.01477051
 7.34069824
 7.35290527
 6.83898926
 5.74890137
 4.20898438
 2.37609863
 0.31005859
-1.52282715
-3.16650391
-4.38415527
-5.27404785
-5.87158203
-6.20849609
-6.33361816
-6.30554199
-6.17065430
-5.96313477
-5.70678711
-5.42053223
-5.10681152
-4.75708008
-4.34753418
-3.82507324
-3.10485840
-2.04956055
-0.34790039
 1.37023926
 3.53271484
 5.68115234
 7.62207031
 9.24072266
 9.99938965
 9.99938965
 9.99938965
 9.99938965
 9.99938965
 9.99938965
 9.66796875
 8.14025879
 6.38671875
 4.58374023
 2.91931152
 1.44165039
 0.18798828
-0.90454102
-1.66503906
-2.11059570
-2.26074219
-2.13500977
-1.75170898
-1.09863281
 0.01892090
 0.97412109
 2.32666016
 3.77624512
 5.23071289
 6.59362793
 7.80212402
 8.81408691
 9.60998535
 9.99938965
 9.99938965
 9.99938965
 9.99938965
 9.99938965
 9.59655762
 8.95935059
 8.31115723
 7.72094727
 7.13073730
 6.42517090
 5.49865723
 4.31823730
 2.91198730
 1.35559082
-0.20568848
-1.79504395
-3.23059082
-4.47692871
-5.50598145
-6.30615234
-6.88171387
-7.25463867
-7.44689941
-7.48840332
-7.40295410
-7.21923828
-6.95922852
-6.64916992
-6.31530762
-5.99182129
-5.69641113
-5.45104980
-5.24597168
-5.09033203
-5.02197266
-5.06347656
-5.20141602
-5.38452148
-5.55786133
-5.68664551
-5.77819824
-5.85693359
-5.96008301
-6.11450195
-6.33239746
-6.61560059
-6.92749023
-7.22412109
-7.46276855
-7.61169434
-7.66479492
-7.63061523
-7.52685547
-7.36450195
-7.16003418
-6.93237305
-6.68151855
-6.42456055
-6.16577148
-5.90759277
-5.64941406
-5.39550781
-5.13183594
-4.85107422
-4.53674316
-4.18029785
-3.76770020
-3.30627441
-2.79052734
-2.24121094
-1.67663574
-1.12731934
-0.63659668
-0.43945313
-0.53588867
-0.53588867
-0.56640625
-0.45654297
-1.01379395
-1.57958984
-2.02819824
-2.29858398
-2.42126465
-2.44689941
-2.39135742
-2.26379395
-2.05993652
-1.77307129
-1.38977051
-0.88562012
-0.02807617
 0.68237305
 1.85485840
 3.27575684
 4.85717773
 6.48559570
 8.04077148
 9.43969727
 9.99938965
 9.99938965
 9.99938965
 9.99938965
 9.99938965
 9.99938965
 9.99938965
 9.99938965
 9.68627930
 8.55895996
 7.53784180
 6.59240723
 5.65368652
 4.71008301
 3.78295898
 2.90771484
 2.10083008
 1.37268066
 0.73120117
 0.36041260
-0.14373779
-0.61157227
-0.84045410
-0.95581055
-0.95275879
-0.83007813
-0.59814453
-0.15838623
 0.37475586
 0.71838379
 1.34643555
 2.04956055
 2.80090332
 3.56933594
 4.31640625
 4.99023438
 5.54626465
 5.97839355
 6.27685547
 6.37207031
 6.17675781
 5.71655273
 5.09216309
 4.42504883
 3.84704590
 3.43994141
 3.19274902
 3.06823730
 3.06213379
 3.17565918
 3.40576172
 3.74023438
 4.15527344
 4.63439941
 5.15014648
 5.67626953
 6.18286133
 6.64367676
 7.04284668
 7.34558105
 7.50000000
 7.46398926
 7.25463867
 6.94641113
 6.61376953
 6.32202148
 6.08154297
 5.86547852
 5.64331055
 5.38879395
 5.09704590
 4.76501465
 4.40185547
 4.01000977
 3.59680176
 3.15795898
 2.69653320
 2.22351074
 1.73889160
 1.25976563
 0.79956055
 0.42602539
 0.13000488
-0.29998779
-0.67321777
-0.92712402
-1.14135742
-1.31347656
-1.44958496
-1.56005859
-1.64916992
-1.73217773
-1.81701660
-1.91833496
-2.05017090
-2.22167969
-2.43896484
-2.70263672
-3.01940918
-3.37341309
-3.75976563
-4.16442871
-4.57641602
-4.98107910
-5.36987305
-5.72937012
-6.05651855
-6.33850098
-6.56982422
-6.74560547
-6.85180664
-6.88842773
-6.85058594
-6.73706055
-6.54602051
-6.27929688
-5.93811035
-5.52490234
-5.03967285
-4.47814941
-3.84521484
-3.14697266
-2.40417480
-1.63940430
-0.87951660
-0.30639648
 0.47546387
 0.99914551
 1.42211914
 1.75537109
 1.95922852
 1.98425293
 1.80664063
 1.46728516
 1.03820801
 0.59448242
 0.23345947
-0.15777588
-0.61035156
-1.04248047
-1.49475098
-1.94030762
-2.34863281
-2.69348145
-2.96752930
-3.16528320
-3.28552246
-3.33984375
-3.32702637
-3.25927734
-3.14147949
-2.97119141
-2.75878906
-2.50793457
-2.21862793
-1.90063477
-1.56799316
-1.22497559
-0.89782715
-0.60424805
-0.37536621
-0.55297852
-0.44281006
-0.54382324
-0.97534180
-1.58386230
-2.33337402
-3.21105957
-4.19189453
-5.26306152
-6.39038086
-7.52075195
-8.58459473
-9.53125000
-9.99938965
-9.99938965
-9.99938965
-9.99938965
-9.99938965
-9.99938965
-9.99938965
-9.99938965
-9.99938965
-9.99938965
-9.91394043
-9.38720703
-8.76586914
-8.12133789
-7.48779297
-6.90063477
-6.36779785
-5.89477539
-5.48400879
-5.13427734
-4.86083984
-4.69787598
-4.70458984
-4.91271973
-5.27954102
-5.73242188
-6.19201660
-6.59973145
-6.94580078
-7.24975586
-7.50793457
-7.71911621
-7.86437988
-7.93701172
-7.92785645
-7.84545898
-7.70019531
-7.50061035
-7.25524902
-6.97143555
-6.65649414
-6.30981445
-5.93322754
-5.51879883
-5.06164551
-4.54467773
-3.95263672
-3.26782227
-2.48596191
-1.62536621
-0.72082520
 0.20172119
 1.06079102
 1.86889648
 2.56164551
 3.08166504
 3.45581055
 3.70788574
 3.79211426
 3.68835449
 3.43505859
 3.12438965
 2.86376953
 2.72949219
 2.72888184
 2.82409668
 2.99926758
 3.25195313
 3.57849121
 3.97338867
 4.43664551
 4.96337891
 5.54931641
 6.19018555
 6.87805176
 7.59765625
 8.33312988
 9.05395508
 9.73205566
 9.99938965
 9.99938965
 9.99938965
 9.99938965
 9.99938965
 9.99938965
 9.99938965
 9.99938965
 9.99938965
 9.99938965
 9.99938965
 9.96032715
 9.67773438
 9.31945801
 8.92272949
 8.51135254
 8.10485840
 7.71911621
 7.36755371
 7.05444336
 6.79016113
 6.57165527
 6.40258789
 6.27929688
 6.18896484
 6.12792969
 6.09008789
 6.05285645
 6.01440430
 5.96130371
 5.88867188
 5.79589844
 5.68298340
 5.54870605
 5.40527344
 5.24902344
 5.08361816
 4.91577148
 4.73571777
 4.54589844
 4.34631348
 4.13024902
 3.88977051
 3.62243652
 3.31054688
 2.95288086
 2.53540039
 2.06237793
 1.52832031
 0.94482422
 0.36804199
-0.24810791
-0.94360352
-1.54235840
-2.07702637
-2.52380371
-2.86560059
-3.08898926
-3.18725586
-3.15979004
-3.01574707
-2.76733398
-2.41760254
-1.97998047
-1.47338867
-0.91308594
-0.25482178
 0.30822754
 0.82641602
 1.31835938
 1.73645020
 2.07397461
 2.30041504
 2.35412598
 2.20214844
 1.88049316
 1.45812988
 1.01074219
 0.59082031
 0.24475098
-0.17913818
-0.64331055
-1.12487793
-1.63818359
-2.15759277
-2.65747070
-3.12133789
-3.52783203
-3.87084961
-4.14428711
-4.33410645
-4.44091797
-4.45922852
-4.39575195
-4.25231934
-4.04663086
-3.78540039
-3.48693848
-3.16589355
-2.84118652
-2.52868652
-2.24914551
-2.02880859
-1.90917969
-1.92199707
-2.07580566
-2.35473633
-2.70568848
-3.09143066
-3.48449707
-3.87939453
-4.28588867
-4.70092773
-5.12939453
-5.55480957
-5.97045898
-6.35986328
-6.72241211
-7.04772949
-7.33947754
-7.59277344
-7.80883789
-7.97668457
-8.09570313
-8.16040039
-8.16711426
-8.11645508
-8.00415039
-7.83325195
-7.60620117
-7.31872559
-6.97692871
-6.58081055
-6.12609863
-5.60424805
-5.01953125
-4.37133789
-3.66271973
-2.91381836
-2.15148926
-1.39709473
-0.68603516
-0.44891357
 0.45471191
 0.87951660
 1.22192383
 1.45812988
 1.53442383
 1.43371582
 1.18530273
 0.86486816
 0.55908203
 0.36315918
 0.23956299
 0.10681152
 0.01068115
-0.02929688
-0.02227783
 0.02563477
 0.11596680
 0.24780273
 0.42297363
 0.62805176
 0.85876465
 1.11083984
 1.37939453
 1.66076660
 1.95617676
 2.26684570
 2.58911133
 2.92053223
 3.26293945
 3.60351563
 3.93920898
 4.25903320
 4.54162598
 4.76806641
 4.91149902
 4.94995117
 4.87487793
 4.68872070
 4.41406250
 4.07775879
 3.69689941
 3.29101563
 2.87414551
 2.46093750
 2.06359863
 1.70288086
 1.38610840
 1.12731934
 0.92529297
 0.78613281
 0.70678711
 0.67321777
 0.67871094
 0.71655273
 0.77514648
 0.83679199
 0.89416504
 0.93261719
 0.94299316
 0.91735840
 0.84777832
 0.73913574
 0.58593750
 0.40039063
 0.18615723
-0.06042480
-0.32257080
-0.59020996
-0.86486816
-1.13891602
-1.39465332
-1.62902832
-1.83166504
-1.99584961
-2.12158203
-2.20764160
-2.25280762
-2.25524902
-2.22351074
-2.15454102
-2.05749512
-1.94152832
-1.80541992
-1.65954590
-1.50390625
-1.35192871
-1.20056152
-1.06079102
-0.93322754
-0.82092285
-0.73120117
-0.65490723
-0.59387207
-0.54077148
-0.49377441
-0.44067383
-0.38208008
-0.33020020
-0.26031494
-0.15167236
-0.02197266
 0.12817383
 0.31158447
 0.51391602
 0.71960449
 0.94482422
 1.18713379
 1.44714355
 1.71875000
 2.00866699
 2.30957031
 2.62084961
 2.94128418
 3.26538086
 3.59252930
 3.91357422
 4.22912598
 4.53491211
 4.82788086
 5.10314941
 5.35644531
 5.58715820
 5.78979492
 5.96191406
 6.10107422
 6.20788574
 6.27685547
 6.31591797
 6.32080078
 6.30249023
 6.25915527
 6.19750977
 6.11511230
 6.02355957
 5.91918945
 5.81298828
 5.70312500
 5.60058594
 5.50537109
 5.42419434
 5.35461426
 5.29418945
 5.24047852
 5.19165039
 5.13488770
 5.07141113
 4.99084473
 4.88830566
 4.76379395
 4.61364746
 4.44213867
 4.24194336
 4.01428223
 3.75976563
 3.47351074
 3.15368652
 2.80761719
 2.42797852
 2.01782227
 1.58020020
 1.12121582
 0.64697266
 0.26641846
-0.23773193
-0.75195313
-1.17126465
-1.55273438
-1.88293457
-2.15576172
-2.37304688
-2.53295898
-2.64465332
-2.71484375
-2.75573730
-2.77832031
-2.79602051
-2.82287598
-2.87353516
-2.96081543
-3.09387207
-3.27514648
-3.50463867
-3.77685547
-4.08264160
-4.41589355
-4.76562500
-5.12390137
-5.48034668
-5.82336426
-6.14685059
-6.44226074
-6.70715332
-6.92810059
-7.11181641
-7.25341797
-7.35412598
-7.41455078
-7.43408203
-7.41760254
-7.36694336
-7.28820801
-7.17956543
-7.04101563
-6.88720703
-6.71020508
-6.51916504
-6.31225586
-6.09313965
-5.86486816
-5.62988281
-5.38757324
-5.14099121
-4.89440918
-4.64233398
-4.39453125
-4.14794922
-3.90258789
-3.66394043
-3.43078613
-3.20129395
-2.97851563
-2.76000977
-2.54577637
-2.33032227
-2.11791992
-1.90185547
-1.68579102
-1.45751953
-1.21826172
-0.96252441
-0.68603516
-0.42907715
-0.16143799
 0.25573730
 0.69274902
 1.11328125
 1.55639648
 2.03063965
 2.52136230
 3.02978516
 3.54797363
 4.07226563
 4.58312988
 5.07690430
 5.54565430
 5.96191406
 6.30615234
 6.54541016
 6.64184570
 6.59301758
 6.42517090
 6.19750977
 5.95458984
 5.71594238
 5.47729492
 5.22277832
 4.95483398
 4.67834473
 4.40551758
 4.15771484
 3.94042969
 3.77075195
 3.65112305
 3.57910156
 3.55834961
 3.57727051
 3.64257813
 3.74084473
 3.86718750
 4.01550293
 4.17541504
 4.33471680
 4.48425293
 4.61608887
 4.71618652
 4.77783203
 4.79370117
 4.76074219
 4.68322754
 4.56726074
 4.41711426
 4.23828125
 4.03686523
 3.81896973
 3.58825684
 3.34716797
 3.10058594
 2.85095215
 2.59765625
 2.34130859
 2.08007813
 1.82006836
 1.55761719
 1.29943848
 1.04858398
 0.80993652
 0.59326172
 0.40222168
 0.31982422
 0.17883301
 0.06469727
-0.00823975
-0.04547119
-0.05554199
-0.04119873
-0.00488281
 0.04913330
 0.11657715
 0.19256592
 0.29754639
 0.40405273
 0.47668457
 0.53466797
 0.57250977
 0.58410645
 0.57067871
 0.52673340
 0.45227051
 0.34790039
 0.22827148
 0.06439209
-0.11749268
-0.29632568
-0.47119141
-0.65185547
-0.82153320
-0.97717285
-1.10778809
-1.20788574
-1.27807617
-1.31713867
-1.32202148
-1.29699707
-1.25183105
-1.17675781
-1.09375000
-1.00463867
-0.92041016
-0.84655762
-0.79589844
-0.77331543
-0.78247070
-0.83129883
-0.92163086
-1.05468750
-1.22924805
-1.44592285
-1.70532227
-1.99951172
-2.32849121
-2.68249512
-3.05969238
-3.44787598
-3.84399414
-4.23461914
-4.61059570
-4.96826172
-5.29296875
-5.58654785
-5.83984375
-6.05285645
-6.22497559
-6.35498047
-6.44348145
-6.49963379
-6.52160645
-6.51550293
-6.48681641
-6.43432617
-6.36596680
-6.28845215
-6.20422363
-6.11999512
-6.04248047
-5.97229004
-5.91796875
-5.88623047
-5.88012695
-5.90026855
-5.94604492
-6.01623535
-6.10046387
-6.19445801
-6.29760742
-6.38977051
-6.47399902
-6.53503418
-6.57043457
-6.57470703
-6.54113770
-6.46972656
-6.36413574
-6.22131348
-6.04003906
-5.82580566
-5.58044434
-5.30639648
-5.00610352
-4.68078613
-4.33654785
-3.97338867
-3.59680176
-3.21655273
-2.83081055
-2.44995117
-2.08190918
-1.73767090
-1.42272949
-1.15600586
-0.95153809
-0.81909180
-0.75805664
-0.75317383
-0.78308105
-0.82702637
-0.87951660
-0.93139648
-0.98388672
-1.03332520
-1.07788086
-1.10473633
-1.11450195
-1.09619141
-1.03698730
-0.93750000
-0.79284668
-0.60424805
-0.37658691
-0.09613037
 0.25482178
 0.64392090
 1.07727051
 1.55578613
 2.07031250
 2.61962891
 3.19702148
 3.79272461
 4.39025879
 4.97192383
 5.52185059
 6.02172852
 6.46728516
 6.83105469
 7.07153320
 7.15087891
 7.06054688
 6.83837891
 6.56005859
 6.28601074
 6.04980469
 5.84045410
 5.63964844
 5.43945313
 5.24047852
 5.06042480
 4.91088867
 4.79858398
 4.73266602
