-0.00030518
-0.00030518
 0.00000000
 0.00000000
-0.00030518
 0.00000000
 0.00000000
 0.00000000
 0.00000000
 0.00030518
 0.00030518
 0.00000000
-0.00030518
-0.00061035
-0.00061035
-0.00091553
-0.00061035
-0.00091553
-0.00061035
-0.00061035
-0.00030518
 0.00000000
-0.00030518
-0.00030518
-0.00030518
 0.00000000
 0.00030518
 0.00061035
 0.00061035
 0.00061035
 0.00030518
 0.00030518
 0.00000000
 0.00000000
 0.00000000
 0.00000000
 0.00030518
 0.00030518
 0.00030518
 0.00061035
 0.00061035
 0.00061035
 0.00030518
 0.00030518
 0.00000000
 0.00000000
 0.00000000
 0.00030518
 0.00030518
 0.00030518
 0.00030518
 0.00030518
 0.00000000
 0.00000000
 0.00030518
 0.00030518
 0.00030518
 0.00030518
 0.00030518
 0.00000000
 0.00000000
 0.00000000
 0.00000000
 0.00000000
 0.00000000
 0.00000000
 0.00061035
 0.00030518
 0.00000000
 0.00000000
 0.00000000
 0.00000000
 0.00000000
 0.00000000
-0.00030518
-0.00030518
-0.00061035
-0.00061035
-0.00061035
-0.00091553
-0.00061035
-0.00061035
-0.00030518
 0.00000000
 0.00030518
 0.00030518
 0.00000000
 0.00000000
 0.00000000
 0.00030518
 0.00030518
 0.00000000
 0.00030518
 0.00000000
 0.00000000
 0.00000000
 0.00000000
 0.00000000
 0.00000000
 0.00000000
-0.00030518
 0.00000000
-0.00030518
-0.00030518
 0.00000000
 0.00000000
 0.00000000
-0.00030518
-0.00030518
-0.00030518
-0.00030518
-0.00061035
-0.00061035
-0.00030518
-0.00061035
-0.00061035
-0.00030518
-0.00061035
-0.00061035
-0.00030518
-0.00030518
 0.00000000
 0.00030518
 0.00030518
 0.00030518
 0.00030518
 0.00000000
 0.00000000
 0.00000000
-0.00030518
-0.00030518
 0.00000000
 0.00000000
 0.00000000
 0.00000000
 0.00000000
 0.00000000
 0.00000000
 0.00000000
 0.00000000
 0.00000000
 0.00000000
 0.00000000
-0.00030518
-0.00030518
-0.00030518
 0.00000000
 0.00000000
 0.00000000
 0.00000000
 0.00030518
 0.00000000
 0.00000000
 0.00000000
 0.00000000
 0.00030518
 0.00030518
 0.00061035
 0.00061035
 0.00061035
 0.00061035
 0.00030518
 0.00030518
 0.00000000
 0.00030518
 0.00030518
 0.00030518
 0.00030518
 0.00030518
 0.00030518
 0.00030518
 0.00030518
 0.00030518
 0.00030518
 0.00061035
 0.00061035
 0.00091553
 0.00061035
 0.00061035
 0.00061035
 0.00030518
 0.00030518
-0.00030518
-0.00030518
-0.00061035
-0.00061035
-0.00061035
-0.00061035
-0.00061035
 0.00000000
 0.00091553
 0.00244141
 0.00488281
 0.00793457
 0.01159668
 0.01678467
 0.02258301
 0.02929688
 0.03570557
 0.04211426
 0.04699707
 0.04913330
 0.04669189
 0.03845215
 0.02227783
-0.00183105
-0.03448486
-0.07415771
-0.11840820
-0.16448975
-0.20935059
-0.24963379
-0.28106689
-0.30700684
-0.31799316
-0.29846191
-0.27313232
-0.23101807
-0.17120361
-0.09674072
-0.01251221
 0.07507324
 0.15777588
 0.22949219
 0.34484863
 0.36376953
 0.35156250
 0.32318115
 0.29388428
 0.22369385
 0.13702393
 0.04943848
-0.02685547
-0.07812500
-0.09979248
-0.10009766
-0.08575439
-0.05950928
-0.02655029
 0.00671387
 0.03479004
 0.05187988
 0.05310059
 0.03723145
 0.00122070
-0.05950928
-0.13275146
-0.20385742
-0.25970459
-0.28991699
-0.30273438
-0.27587891
-0.23712158
-0.17791748
-0.10192871
-0.01434326
 0.07720947
 0.16418457
 0.27496338
 0.37048340
 0.39794922
 0.39489746
 0.36560059
 0.32684326
 0.28167725
 0.19287109
 0.08789063
-0.02319336
-0.12939453
-0.21850586
-0.28228760
-0.34484863
-0.37048340
-0.37353516
-0.35156250
-0.30792236
-0.25451660
-0.18463135
-0.10284424
-0.01556396
 0.07080078
 0.15014648
 0.21728516
 0.29052734
 0.33142090
 0.32409668
 0.31890869
 0.30364990
 0.26916504
 0.22399902
 0.17822266
 0.14129639
 0.12023926
 0.11535645
 0.11932373
 0.12603760
 0.13214111
 0.13305664
 0.12329102
 0.09582520
 0.04760742
-0.01708984
-0.09124756
-0.16662598
-0.23468018
-0.28930664
-0.33996582
-0.36621094
-0.36743164
-0.34545898
-0.30487061
-0.25268555
-0.18432617
-0.10345459
-0.01556396
 0.07354736
 0.15777588
 0.23376465
 0.35278320
 0.38940430
 0.40588379
 0.40344238
 0.38146973
 0.34484863
 0.34484863
 0.27526855
 0.19042969
 0.09918213
 0.01068115
-0.06561279
-0.12664795
-0.17730713
-0.21911621
-0.25146484
-0.27343750
-0.28472900
-0.28503418
-0.27557373
-0.25695801
-0.23071289
-0.19775391
-0.16052246
-0.12115479
-0.08148193
-0.04302979
-0.00671387
 0.02624512
 0.05645752
 0.08514404
 0.11383057
 0.14221191
 0.17089844
 0.19927979
 0.22644043
 0.25054932
 0.26885986
 0.27648926
 0.26794434
 0.24139404
 0.19897461
 0.14739990
 0.09368896
 0.04486084
 0.00457764
-0.02868652
-0.05615234
-0.07843018
-0.09643555
-0.11108398
-0.12298584
-0.13275146
-0.14007568
-0.14495850
-0.14648438
-0.14282227
-0.13214111
-0.11322021
-0.08544922
-0.04852295
-0.00305176
 0.04913330
 0.10345459
 0.15502930
 0.20019531
 0.23651123
 0.26367188
 0.28076172
 0.28533936
 0.27404785
 0.24871826
 0.21575928
 0.18096924
 0.14862061
 0.12115479
 0.09399414
 0.06164551
 0.02044678
-0.02929688
-0.08392334
-0.13610840
-0.17944336
-0.20751953
-0.21759033
-0.20904541
-0.18310547
-0.14190674
-0.08911133
-0.03143311
 0.02288818
 0.06774902
 0.09979248
 0.11779785
 0.12115479
 0.11230469
 0.08880615
 0.05249023
 0.01434326
-0.01586914
-0.02899170
-0.02380371
-0.00671387
 0.01770020
 0.04516602
 0.07080078
 0.08972168
 0.09765625
 0.09063721
 0.06072998
 0.00396729
-0.06988525
-0.14953613
-0.22430420
-0.28564453
-0.33325195
-0.36254883
-0.37414551
-0.36254883
-0.33508301
-0.30181885
-0.25512695
-0.19989014
-0.14099121
-0.08331299
-0.03021240
 0.01556396
 0.05340576
 0.08209229
 0.10009766
 0.11291504
 0.12023926
 0.11962891
 0.11169434
 0.09979248
 0.08697510
 0.07537842
 0.06378174
 0.04852295
 0.02685547
-0.00213623
-0.03540039
-0.06713867
-0.09094238
-0.10223389
-0.09826660
-0.08117676
-0.05157471
-0.01159668
 0.03570557
 0.08605957
 0.13336182
 0.17242432
 0.19989014
 0.21179199
 0.20599365
 0.17486572
 0.11322021
 0.03265381
-0.05493164
-0.13763428
-0.20324707
-0.24353027
-0.26000977
-0.25848389
-0.23925781
-0.20385742
-0.15563965
-0.09979248
-0.04333496
 0.00823975
 0.05004883
 0.07934570
 0.09490967
 0.09674072
 0.08880615
 0.06774902
 0.03845215
 0.01190186
-0.00183105
 0.00518799
 0.03051758
 0.06988525
 0.11901855
 0.17272949
 0.22277832
 0.28564453
 0.32165527
 0.28808594
 0.26153564
 0.19134521
 0.08331299
-0.04547119
-0.18157959
-0.32623291
-0.44860840
-0.53955078
-0.60302734
-0.64025879
-0.65002441
-0.62805176
-0.57861328
-0.50720215
-0.41992188
-0.33416748
-0.25817871
-0.17211914
-0.09521484
-0.03204346
 0.01556396
 0.04608154
 0.05920410
 0.06195068
 0.05828857
 0.04608154
 0.02868652
 0.01373291
 0.00854492
 0.01739502
 0.03662109
 0.06286621
 0.09307861
 0.12481689
 0.15502930
 0.18005371
 0.19653320
 0.19927979
 0.17730713
 0.12481689
 0.04852295
-0.04150391
-0.13458252
-0.22064209
-0.29083252
-0.35461426
-0.39367676
-0.41564941
-0.41381836
-0.39489746
-0.35949707
-0.30944824
-0.24871826
-0.16387939
-0.06378174
 0.04821777
 0.16754150
 0.34423828
 0.46936035
 0.59020996
 0.69274902
 0.77575684
 0.83312988
 0.84777832
 0.81604004
 0.73547363
 0.60791016
 0.44006348
 0.28015137
 0.07476807
-0.13366699
-0.33660889
-0.50598145
-0.63293457
-0.72814941
-0.78613281
-0.81115723
-0.80261230
-0.76538086
-0.69641113
-0.60729980
-0.49560547
-0.36499023
-0.22827148
-0.07171631
 0.09490967
 0.28076172
 0.46630859
 0.62927246
 0.77575684
 0.88806152
 0.95947266
 0.98388672
 0.95153809
 0.87097168
 0.74768066
 0.59692383
 0.43029785
 0.29052734
 0.12023926
-0.04455566
-0.18768311
-0.31555176
-0.42846680
-0.51452637
-0.58227539
-0.62438965
-0.64819336
-0.64514160
-0.62438965
-0.58532715
-0.52917480
-0.45837402
-0.37414551
-0.31188965
-0.21362305
-0.10467529
 0.01190186
 0.13366699
 0.27282715
 0.40832520
 0.52246094
 0.62500000
 0.70983887
 0.77148438
 0.80627441
 0.80993652
 0.78430176
 0.72875977
 0.64575195
 0.53771973
 0.41076660
 0.27862549
 0.12817383
-0.01922607
-0.15228271
-0.27770996
-0.38818359
-0.46447754
-0.51452637
-0.53527832
-0.52917480
-0.49865723
-0.44982910
-0.38757324
-0.33630371
-0.28442383
-0.21362305
-0.14160156
-0.07019043
-0.00122070
 0.06469727
 0.12542725
 0.18035889
 0.22491455
 0.26000977
 0.28900146
 0.31402588
 0.32531738
 0.32409668
 0.32409668
 0.31677246
 0.31433105
 0.27832031
 0.23590088
 0.19104004
 0.14739990
 0.10559082
 0.06591797
 0.02990723
-0.00122070
-0.02746582
-0.04943848
-0.06988525
-0.09185791
-0.11901855
-0.15472412
-0.20080566
-0.25543213
-0.31036377
-0.36376953
-0.40832520
-0.43457031
-0.43212891
-0.39916992
-0.33447266
-0.25787354
-0.15533447
-0.03967285
 0.07690430
 0.18341064
 0.37414551
 0.43884277
 0.46752930
 0.45166016
 0.40527344
 0.33386230
 0.31951904
 0.23986816
 0.15136719
 0.06164551
-0.02105713
-0.08941650
-0.14587402
-0.19897461
-0.25329590
-0.31127930
-0.36804199
-0.42358398
-0.46997070
-0.49926758
-0.51025391
-0.49499512
-0.44799805
-0.37475586
-0.30487061
-0.20172119
-0.08514404
 0.03662109
 0.15441895
 0.35217285
 0.44738770
 0.51391602
 0.55419922
 0.56335449
 0.54199219
 0.49804688
 0.43395996
 0.35278320
 0.31402588
 0.19714355
 0.07141113
-0.05371094
-0.16723633
-0.26428223
-0.36437988
-0.44433594
-0.50781250
-0.55541992
-0.58410645
-0.59509277
-0.59204102
-0.57617188
-0.54931641
-0.50842285
-0.45715332
-0.39306641
-0.32379150
-0.24475098
-0.14221191
-0.03295898
 0.07629395
 0.17883301
 0.29083252
 0.38330078
 0.42114258
 0.42907715
 0.40588379
 0.35522461
 0.34942627
 0.26794434
 0.16845703
 0.06011963
-0.04852295
-0.14617920
-0.22491455
-0.29907227
-0.36376953
-0.40588379
-0.43029785
-0.44067383
-0.43090820
-0.40832520
-0.37536621
-0.33142090
-0.30853271
-0.26092529
-0.20843506
-0.15167236
-0.09185791
-0.02807617
 0.03967285
 0.11138916
 0.18768311
 0.26702881
 0.34057617
 0.41992188
 0.49499512
 0.56213379
 0.61218262
 0.64147949
 0.64941406
 0.62927246
 0.58349609
 0.51696777
 0.42785645
 0.33630371
 0.23590088
 0.12878418
 0.03509521
-0.04455566
-0.11047363
-0.16143799
-0.19592285
-0.21423340
-0.21667480
-0.20568848
-0.18188477
-0.14617920
-0.10009766
-0.04547119
 0.01647949
 0.08483887
 0.15747070
 0.23315430
 0.33569336
 0.40588379
 0.46875000
 0.52368164
 0.56152344
 0.58044434
 0.57617188
 0.54565430
 0.49194336
 0.41503906
 0.33416748
 0.23803711
 0.12634277
 0.02532959
-0.05706787
-0.12451172
-0.17944336
-0.22125244
-0.25024414
-0.26733398
-0.27374268
-0.27191162
-0.26336670
-0.24871826
-0.22979736
-0.20568848
-0.17669678
-0.14282227
-0.10223389
-0.05493164
 0.00000000
 0.06225586
 0.13000488
 0.19958496
 0.26763916
 0.34362793
 0.39123535
 0.42419434
 0.43701172
 0.42541504
 0.39001465
 0.33264160
 0.29449463
 0.18768311
 0.06439209
-0.06713867
-0.19683838
-0.31707764
-0.43518066
-0.53710938
-0.62194824
-0.68725586
-0.72937012
-0.74829102
-0.74462891
-0.71838379
-0.66833496
-0.60119629
-0.51574707
-0.41503906
-0.31982422
-0.22094727
-0.09857178
 0.02746582
 0.15197754
 0.29205322
 0.42053223
 0.50842285
 0.57312012
 0.60852051
 0.61035156
 0.57800293
 0.50842285
 0.40893555
 0.30731201
 0.18035889
 0.01739502
-0.14556885
-0.29968262
-0.43090820
-0.53344727
-0.60241699
-0.64025879
-0.65063477
-0.62927246
-0.57556152
-0.50231934
-0.41198730
-0.32226563
-0.23315430
-0.12054443
-0.00274658
 0.11688232
 0.23498535
 0.39123535
 0.49621582
 0.58776855
 0.66528320
 0.72998047
 0.77575684
 0.79650879
 0.79833984
 0.77026367
 0.71594238
 0.63354492
 0.52490234
 0.39672852
 0.24261475
 0.08178711
-0.08209229
-0.23681641
-0.38757324
-0.51818848
-0.62133789
-0.69763184
-0.73852539
-0.74890137
-0.72448730
-0.67016602
-0.59020996
-0.48828125
-0.36743164
-0.27465820
-0.14465332
-0.01068115
 0.11993408
 0.27648926
 0.41809082
 0.50842285
 0.57312012
 0.61462402
 0.63049316
 0.62438965
 0.59631348
 0.55114746
 0.49743652
 0.42663574
 0.35278320
 0.27709961
 0.18218994
 0.08911133
-0.00366211
-0.10040283
-0.20233154
-0.30670166
-0.40832520
-0.50903320
-0.60180664
-0.68603516
-0.74890137
-0.79345703
-0.81359863
-0.80017090
-0.75805664
-0.68237305
-0.58044434
-0.44738770
-0.30395508
-0.15411377
 0.02044678
 0.19500732
 0.44555664
 0.61035156
 0.74462891
 0.84228516
 0.89477539
 0.90393066
 0.86608887
 0.78918457
 0.67810059
 0.54565430
 0.39428711
 0.26184082
 0.07659912
-0.11077881
-0.28350830
-0.44189453
-0.57983398
-0.69824219
-0.78796387
-0.84228516
-0.86425781
-0.85083008
-0.80505371
-0.72875977
-0.62194824
-0.49255371
-0.35217285
-0.20812988
-0.04821777
 0.11474609
 0.30090332
 0.48278809
 0.61889648
 0.73181152
 0.81481934
 0.86425781
 0.88134766
 0.86486816
 0.81787109
 0.74340820
 0.64208984
 0.51940918
 0.38024902
 0.23254395
 0.06805420
-0.09429932
-0.24505615
-0.39062500
-0.52124023
-0.62866211
-0.71228027
-0.76660156
-0.79040527
-0.78369141
-0.74462891
-0.67687988
-0.58288574
-0.46997070
-0.35583496
-0.24444580
-0.11352539
 0.01647949
 0.14068604
 0.28717041
 0.41564941
 0.48889160
 0.54382324
 0.57617188
 0.59265137
 0.59020996
 0.57250977
 0.53955078
 0.48950195
 0.42663574
 0.34973145
 0.25451660
 0.14678955
 0.03845215
-0.06744385
-0.17211914
-0.27343750
-0.37536621
-0.46081543
-0.52978516
-0.57617188
-0.60180664
-0.60546875
-0.58288574
-0.54016113
-0.48034668
-0.40527344
-0.34057617
-0.27465820
-0.18798828
-0.10223389
-0.02197266
 0.05035400
 0.11230469
 0.16265869
 0.19775391
 0.21606445
 0.22338867
 0.21545410
 0.18646240
 0.13702393
 0.07354736
 0.00335693
-0.06683350
-0.12969971
-0.18341064
-0.23162842
-0.27557373
-0.32226563
-0.35827637
-0.38391113
-0.40100098
-0.40771484
-0.40710449
-0.39733887
-0.37780762
-0.34973145
-0.32379150
-0.29449463
-0.24963379
-0.19714355
-0.13824463
-0.07537842
-0.00976563
 0.05554199
 0.11810303
 0.17608643
 0.22735596
 0.26824951
 0.29632568
 0.31555176
 0.32257080
 0.31127930
 0.28106689
 0.23529053
 0.17913818
 0.11901855
 0.06072998
 0.00610352
-0.04760742
-0.10223389
-0.15686035
-0.20904541
-0.25512695
-0.29235840
-0.32592773
-0.33996582
-0.34057617
-0.32287598
-0.29357910
-0.25115967
-0.19195557
-0.11718750
-0.02868652
 0.06927490
 0.17211914
 0.30395508
 0.43395996
 0.52124023
 0.59265137
 0.64453125
 0.67382813
 0.68054199
 0.66101074
 0.62500000
 0.56640625
 0.49438477
 0.40710449
 0.31616211
 0.20996094
 0.10314941
 0.00335693
-0.08972168
-0.17547607
-0.25054932
-0.32775879
-0.37231445
-0.39794922
-0.40039063
-0.38818359
-0.35339355
-0.30944824
-0.25726318
-0.18402100
-0.09826660
-0.00335693
 0.09704590
 0.19927979
 0.35034180
 0.44250488
 0.52307129
 0.58715820
 0.63171387
 0.65673828
 0.65917969
 0.63781738
 0.59082031
 0.52429199
 0.43579102
 0.33813477
 0.21911621
 0.08331299
-0.04821777
-0.16998291
-0.28717041
-0.40161133
-0.49255371
-0.56091309
-0.60607910
-0.62744141
-0.62011719
-0.58898926
-0.53283691
-0.45654297
-0.35827637
-0.28625488
-0.17456055
-0.05523682
 0.06500244
 0.18218994
 0.35461426
 0.44860840
 0.52612305
 0.58105469
 0.61218262
 0.61889648
 0.60241699
 0.56091309
 0.49987793
 0.41748047
 0.33111572
 0.22033691
 0.08361816
-0.05371094
-0.18157959
-0.30273438
-0.42175293
-0.52307129
-0.60668945
-0.67016602
-0.70800781
-0.72021484
-0.70556641
-0.66101074
-0.59265137
-0.49743652
-0.38330078
-0.28472900
-0.15106201
-0.01037598
 0.13031006
 0.30029297
 0.45959473
 0.56274414
 0.63659668
 0.67871094
 0.69152832
 0.66894531
 0.61584473
 0.54321289
 0.44921875
 0.34240723
 0.25238037
 0.11199951
-0.02899170
-0.15838623
-0.27343750
-0.39306641
-0.49072266
-0.57312012
-0.63720703
-0.67993164
-0.70190430
-0.70251465
-0.68054199
-0.63354492
-0.57067871
-0.48583984
-0.38879395
-0.31158447
-0.19897461
-0.07751465
 0.04699707
 0.16998291
 0.31188965
 0.44250488
 0.52734375
 0.59387207
 0.63354492
 0.64575195
 0.63293457
 0.59143066
 0.52856445
 0.44128418
 0.35186768
 0.23895264
 0.09552002
-0.04852295
-0.18249512
-0.30822754
-0.42968750
-0.53161621
-0.61218262
-0.66894531
-0.70129395
-0.70800781
-0.68969727
-0.64453125
-0.57739258
-0.49011230
-0.38635254
-0.30303955
-0.18585205
-0.06225586
 0.06286621
 0.18341064
 0.35339355
 0.44982910
 0.52917480
 0.58593750
 0.62133789
 0.63354492
 0.62500000
 0.59448242
 0.54016113
 0.47241211
 0.38635254
 0.29571533
 0.18768311
 0.06958008
-0.04028320
-0.14129639
-0.23498535
-0.33447266
-0.40466309
-0.45532227
-0.48828125
-0.49499512
-0.48400879
-0.45104980
-0.40039063
-0.34393311
-0.28137207
-0.19714355
-0.10467529
-0.00823975
 0.08850098
 0.18188477
 0.29083252
 0.38696289
 0.44372559
 0.48461914
 0.50903320
 0.51391602
 0.50109863
 0.47546387
 0.43579102
 0.38391113
 0.32867432
 0.25634766
 0.16784668
 0.08361816
 0.00671387
-0.06622314
-0.13519287
-0.19805908
-0.25177002
-0.30120850
-0.33447266
-0.35156250
-0.35339355
-0.34179688
-0.32043457
-0.29174805
-0.24871826
-0.19439697
-0.13092041
-0.05920410
 0.01647949
 0.09338379
 0.16815186
 0.23742676
 0.30883789
 0.36315918
 0.38696289
 0.39062500
 0.37780762
 0.34667969
 0.34698486
 0.27496338
 0.18432617
 0.08331299
-0.02044678
-0.11688232
-0.20111084
-0.27648926
-0.35705566
-0.41748047
-0.46081543
-0.48461914
-0.49072266
-0.47546387
-0.44616699
-0.39794922
-0.33447266
-0.29571533
-0.22186279
-0.14160156
-0.05798340
 0.02624512
 0.10742188
 0.18371582
 0.25360107
 0.33325195
 0.37414551
 0.39978027
 0.41503906
 0.41809082
 0.41015625
 0.39001465
 0.35522461
 0.32104492
 0.26458740
 0.18798828
 0.11016846
 0.03479004
-0.04028320
-0.11566162
-0.18859863
-0.25451660
-0.31524658
-0.36376953
-0.39245605
-0.40222168
-0.39672852
-0.37353516
-0.33264160
-0.29785156
-0.23773193
-0.16571045
-0.08483887
 0.00091553
 0.08758545
 0.17150879
 0.24932861
 0.35705566
 0.40283203
 0.43090820
 0.44433594
 0.43884277
 0.41809082
 0.38146973
 0.33569336
 0.31280518
 0.23437500
 0.15258789
 0.07537842
 0.00732422
-0.05554199
-0.11596680
-0.17242432
-0.22338867
-0.26641846
-0.30303955
-0.32958984
-0.34240723
-0.34362793
-0.33264160
-0.31250000
-0.28686523
-0.24780273
-0.19897461
-0.14160156
-0.07812500
-0.01037598
 0.05798340
 0.12420654
 0.18585205
 0.23986816
 0.28503418
 0.31616211
 0.33325195
 0.33569336
 0.31402588
 0.26702881
 0.19897461
 0.11718750
 0.02838135
-0.05889893
-0.13702393
-0.20568848
-0.26855469
-0.33874512
-0.38452148
-0.41503906
-0.43518066
-0.43579102
-0.42480469
-0.39855957
-0.36132813
-0.32257080
-0.28137207
-0.22186279
-0.15594482
-0.08666992
-0.01647949
 0.05249023
 0.11779785
 0.17761230
 0.23071289
 0.27374268
 0.30334473
 0.32409668
 0.33386230
 0.32684326
 0.29998779
 0.25604248
 0.20050049
 0.13885498
 0.07812500
 0.02258301
-0.02960205
-0.08056641
-0.12969971
-0.17425537
-0.21209717
-0.24169922
-0.26153564
-0.27191162
-0.27282715
-0.26458740
-0.24749756
-0.22216797
-0.18829346
-0.14648438
-0.09796143
-0.04394531
 0.01342773
 0.07171631
 0.12878418
 0.18280029
 0.23162842
 0.27252197
 0.30181885
 0.32287598
 0.33386230
 0.32958984
 0.30731201
 0.27038574
 0.22430420
 0.17578125
 0.13031006
 0.08972168
 0.05249023
 0.01556396
-0.02136230
-0.05676270
-0.08911133
-0.11657715
-0.13854980
-0.15441895
-0.16418457
-0.16723633
-0.16418457
-0.15441895
-0.13854980
-0.11627197
-0.08880615
-0.05584717
-0.01800537
 0.02380371
 0.06835938
 0.11352539
 0.15777588
 0.19775391
 0.23101807
 0.25695801
 0.27557373
 0.28167725
 0.26916504
 0.23803711
 0.19134521
 0.13549805
 0.07720947
 0.02258301
-0.02532959
-0.06866455
-0.10772705
-0.14221191
-0.17089844
-0.19134521
-0.20385742
-0.20751953
-0.20324707
-0.19195557
-0.17395020
-0.15045166
-0.12237549
-0.08941650
-0.05371094
-0.01586914
 0.02166748
 0.05828857
 0.09155273
 0.12115479
 0.14678955
 0.16784668
 0.18218994
 0.18615723
 0.17730713
 0.15716553
 0.12878418
 0.09704590
 0.06530762
 0.03479004
 0.00457764
-0.02563477
-0.05676270
-0.08758545
-0.11627197
-0.14099121
-0.16021729
-0.17364502
-0.18066406
-0.18127441
-0.17547607
-0.16357422
-0.14617920
-0.12390137
-0.09704590
-0.06622314
-0.03234863
 0.00366211
 0.04089355
 0.07690430
 0.11047363
 0.14068604
 0.16693115
 0.18768311
 0.20141602
 0.20385742
 0.19256592
 0.16967773
 0.14038086
 0.10955811
 0.08148193
 0.05737305
 0.03570557
 0.01556396
-0.00305176
-0.01922607
-0.03326416
-0.04364014
-0.05096436
-0.05432129
-0.05493164
-0.05187988
-0.04638672
-0.03814697
-0.02777100
-0.01556396
-0.00122070
 0.01464844
 0.03143311
 0.04974365
 0.06805420
 0.08697510
 0.10498047
 0.12176514
 0.13610840
 0.14739990
 0.15411377
 0.15502930
 0.15014648
 0.13946533
 0.12359619
 0.10406494
 0.08117676
 0.05676270
 0.03082275
 0.00518799
-0.02044678
-0.04364014
-0.06439209
-0.08117676
-0.09368896
-0.10162354
-0.10437012
-0.10223389
-0.09521484
-0.08422852
-0.06958008
-0.05218506
-0.03295898
-0.01220703
 0.00854492
 0.02899170
 0.04791260
 0.06378174
 0.07629395
 0.08331299
 0.08575439
 0.08422852
 0.07965088
 0.07385254
 0.06744385
 0.06072998
 0.05279541
 0.04272461
 0.02990723
 0.01403809
-0.00488281
-0.02655029
-0.05035400
-0.07507324
-0.10009766
-0.12451172
-0.14678955
-0.16601563
-0.18188477
-0.19256592
-0.19744873
-0.19653320
-0.18951416
-0.17669678
-0.15838623
-0.13519287
-0.10742188
-0.07629395
-0.04241943
-0.00701904
 0.02838135
 0.06164551
 0.09185791
 0.11779785
 0.13885498
 0.15319824
 0.15594482
 0.14556885
 0.12390137
 0.09521484
 0.06500244
 0.03723145
 0.01251221
-0.00976563
-0.03234863
-0.05493164
-0.07812500
-0.10040283
-0.12054443
-0.13793945
-0.15197754
-0.16174316
-0.16693115
-0.16754150
-0.16326904
-0.15411377
-0.14007568
-0.12145996
-0.09887695
-0.07324219
-0.04455566
-0.01373291
 0.01831055
 0.05035400
 0.08087158
 0.10925293
 0.13427734
 0.15502930
 0.16845703
 0.17089844
 0.16143799
 0.14099121
 0.11505127
 0.08789063
 0.06256104
 0.03997803
 0.01892090
-0.00122070
-0.02075195
-0.03845215
-0.05340576
-0.06530762
-0.07293701
-0.07690430
-0.07781982
-0.07537842
-0.07080078
-0.06347656
-0.05462646
-0.04394531
-0.03173828
-0.01861572
-0.00488281
 0.00946045
 0.02380371
 0.03753662
 0.05065918
 0.06164551
 0.07049561
 0.07598877
 0.07751465
 0.07446289
 0.06652832
 0.05462646
 0.03936768
 0.02136230
 0.00122070
-0.02075195
-0.04302979
-0.06469727
-0.08575439
-0.10498047
-0.12084961
-0.13366699
-0.14221191
-0.14678955
-0.14678955
-0.14221191
-0.13336182
-0.12084961
-0.10528564
-0.08666992
-0.06652832
-0.04516602
-0.02349854
-0.00244141
 0.01739502
 0.03417969
 0.04699707
 0.05371094
 0.05310059
 0.04638672
 0.03448486
 0.02014160
 0.00488281
-0.01068115
-0.02685547
-0.04302979
-0.05950928
-0.07568359
-0.09094238
-0.10406494
-0.11505127
-0.12329102
-0.12817383
-0.12969971
-0.12817383
-0.12359619
-0.11627197
-0.10650635
-0.09399414
-0.07965088
-0.06378174
-0.04608154
-0.02746582
-0.00793457
 0.01159668
 0.03112793
 0.05065918
 0.06866455
 0.08514404
 0.09887695
 0.10986328
 0.11688232
 0.11993408
 0.11932373
 0.11566162
 0.10925293
 0.10070801
 0.08972168
 0.07659912
 0.06164551
 0.04547119
 0.02899170
 0.01281738
-0.00213623
-0.01525879
-0.02563477
-0.03295898
-0.03692627
-0.03753662
-0.03479004
-0.02960205
-0.02166748
-0.01220703
-0.00152588
 0.00976563
 0.02075195
 0.03082275
 0.03936768
 0.04547119
 0.04882813
 0.04943848
 0.04730225
 0.04364014
 0.03814697
 0.03173828
 0.02441406
 0.01647949
 0.00823975
-0.00061035
-0.00885010
-0.01708984
-0.02502441
-0.03234863
-0.03845215
-0.04394531
-0.04852295
-0.05218506
-0.05462646
-0.05615234
-0.05584717
-0.05462646
-0.05126953
-0.04608154
-0.03875732
-0.02960205
-0.01861572
-0.00610352
 0.00732422
 0.02166748
 0.03631592
 0.04974365
 0.06195068
 0.07141113
 0.07751465
 0.07965088
 0.07781982
 0.07232666
 0.06408691
 0.05401611
 0.04241943
 0.03051758
 0.01922607
 0.00823975
-0.00183105
-0.01007080
-0.01647949
-0.02014160
-0.02166748
-0.02044678
-0.01708984
-0.01098633
-0.00335693
 0.00579834
 0.01556396
 0.02624512
 0.03631592
 0.04638672
 0.05523682
 0.06317139
 0.07019043
 0.07598877
 0.08087158
 0.08483887
 0.08789063
 0.09002686
 0.09124756
 0.09063721
 0.08789063
 0.08300781
 0.07629395
 0.06744385
 0.05676270
 0.04455566
 0.03112793
 0.01678467
 0.00183105
-0.01281738
-0.02685547
-0.03997803
-0.05157471
-0.06042480
-0.06713867
-0.07080078
-0.07171631
-0.06958008
-0.06469727
-0.05706787
-0.04730225
-0.03479004
-0.02105713
-0.00610352
 0.00976563
 0.02532959
 0.04058838
 0.05462646
 0.06683350
 0.07659912
 0.08331299
 0.08697510
 0.08758545
 0.08483887
 0.07934570
 0.07080078
 0.06042480
 0.04852295
 0.03540039
 0.02136230
 0.00732422
-0.00671387
-0.01983643
-0.03143311
-0.04089355
-0.04791260
-0.05249023
-0.05401611
-0.05249023
-0.04821777
-0.04119873
-0.03204346
-0.02075195
-0.00762939
 0.00671387
 0.02136230
 0.03662109
 0.05126953
 0.06439209
 0.07568359
 0.08361816
 0.08819580
 0.08941650
 0.08636475
 0.07995605
 0.07049561
 0.05889893
 0.04608154
 0.03295898
 0.02014160
 0.00732422
-0.00457764
-0.01495361
-0.02319336
-0.02929688
-0.03265381
-0.03356934
-0.03143311
-0.02716064
-0.02075195
-0.01251221
-0.00305176
 0.00732422
 0.01861572
 0.02990723
 0.04058838
 0.05004883
 0.05767822
 0.06347656
 0.06652832
 0.06713867
 0.06591797
 0.06195068
 0.05584717
 0.04760742
 0.03845215
 0.02777100
 0.01617432
 0.00457764
-0.00732422
-0.01831055
