-0.00030518
-0.00030518
-0.00030518
-0.00061035
-0.00061035
-0.00061035
-0.00061035
-0.00061035
-0.00030518
-0.00030518
-0.00030518
-0.00030518
-0.00061035
-0.00061035
-0.00030518
-0.00030518
-0.00061035
-0.00061035
-0.00061035
-0.00061035
-0.00030518
-0.00061035
-0.00030518
-0.00030518
-0.00030518
-0.00030518
-0.00030518
-0.00030518
-0.00061035
-0.00061035
-0.00091553
-0.00091553
-0.00091553
-0.00061035
-0.00030518
-0.00061035
-0.00061035
-0.00030518
-0.00030518
-0.00030518
-0.00030518
 0.00000000
 0.00000000
 0.00000000
 0.00030518
 0.00000000
-0.00030518
-0.00061035
-0.00061035
-0.00061035
-0.00061035
-0.00061035
-0.00061035
-0.00061035
-0.00091553
-0.00091553
-0.00091553
-0.00061035
-0.00091553
-0.00061035
-0.00061035
-0.00061035
-0.00061035
-0.00061035
-0.00061035
-0.00061035
-0.00061035
-0.00061035
-0.00030518
 0.00000000
 0.00000000
 0.00000000
 0.00030518
 0.00000000
 0.00000000
 0.00000000
-0.00030518
 0.00000000
-0.00030518
 0.00000000
-0.00030518
-0.00030518
-0.00030518
-0.00061035
-0.00061035
-0.00091553
-0.00061035
-0.00061035
-0.00061035
-0.00061035
-0.00061035
-0.00061035
-0.00091553
-0.00091553
-0.00122070
-0.00091553
-0.00091553
-0.00061035
 0.00000000
 0.00000000
 0.00000000
 0.00000000
 0.00000000
-0.00030518
-0.00030518
-0.00061035
-0.00061035
-0.00061035
-0.00030518
-0.00030518
-0.00030518
 0.00000000
-0.00030518
-0.00030518
-0.00030518
-0.00061035
-0.00091553
-0.00091553
-0.00091553
-0.00091553
-0.00091553
-0.00061035
-0.00091553
-0.00091553
-0.00091553
-0.00091553
-0.00091553
-0.00061035
-0.00030518
-0.00030518
 0.00000000
 0.00000000
 0.00000000
 0.00000000
 0.00000000
-0.00030518
-0.00030518
-0.00030518
-0.00061035
-0.00030518
-0.00030518
-0.00061035
-0.00061035
-0.00061035
-0.00030518
 0.00000000
 0.00000000
 0.00000000
-0.00030518
-0.00030518
-0.00061035
-0.00091553
-0.00091553
-0.00091553
-0.00061035
-0.00030518
-0.00030518
-0.00030518
-0.00030518
-0.00030518
-0.00030518
 0.00000000
 0.00000000
 0.00000000
 0.00000000
 0.00000000
 0.00000000
 0.00000000
 0.00000000
 0.00000000
-0.00030518
-0.00030518
-0.00061035
-0.00061035
-0.00061035
-0.00061035
-0.00061035
-0.00061035
-0.00061035
-0.00061035
-0.00061035
 0.00000000
 0.00030518
 0.00061035
 0.00030518
 0.00030518
 0.00030518
 0.00030518
 0.00000000
 0.00030518
 0.00091553
 0.00183105
 0.00366211
 0.00701904
 0.01159668
 0.01739502
 0.02380371
 0.02990723
 0.03448486
 0.03662109
 0.03417969
 0.02655029
 0.01281738
-0.00701904
-0.03326416
-0.06530762
-0.10192871
-0.13977051
-0.17303467
-0.19531250
-0.20019531
-0.18493652
-0.15014648
-0.09704590
-0.03234863
 0.03417969
 0.09124756
 0.13214111
 0.15411377
 0.15747070
 0.14648438
 0.12237549
 0.08819580
 0.05767822
 0.03784180
 0.02868652
 0.02349854
 0.01556396
 0.00457764
-0.00122070
 0.01373291
 0.06072998
 0.14984131
 0.28747559
 0.44372559
 0.56213379
 0.59692383
 0.50048828
 0.20050049
-0.18035889
-0.57617188
-0.95764160
-1.23046875
-1.38610840
-1.44042969
-1.40808105
-1.28540039
-1.06689453
-0.75439453
-0.27465820
 0.24505615
 0.54565430
 0.97717285
 1.33728027
 1.59851074
 1.69921875
 1.56250000
 1.20117188
 0.70129395
 0.18798828
-0.24230957
-0.67077637
-0.92224121
-1.09008789
-1.18164063
-1.21582031
-1.21398926
-1.20788574
-1.21582031
-1.24389648
-1.27075195
-1.26464844
-1.17980957
-0.99792480
-0.72509766
-0.28137207
 0.24536133
 0.53894043
 1.08947754
 1.68457031
 2.29248047
 2.84912109
 3.27697754
 3.52172852
 3.43750000
 2.86743164
 1.90612793
 0.74645996
-0.48492432
-1.40686035
-2.09655762
-2.47680664
-2.62390137
-2.55859375
-2.26989746
-1.78039551
-1.12365723
-0.21697998
 0.48065186
 1.03027344
 1.57165527
 1.95495605
 2.15637207
 2.21374512
 2.05688477
 1.64611816
 1.06445313
 0.41107178
-0.03295898
-0.57678223
-0.86486816
-1.05957031
-1.18530273
-1.24389648
-1.23962402
-1.17065430
-1.03454590
-0.83923340
-0.60485840
-0.36956787
-0.22857666
-0.17059326
-0.19409180
-0.26306152
-0.30090332
-0.25207520
-0.03204346
 0.35675049
 0.54565430
 0.98632813
 1.38427734
 1.66870117
 1.79809570
 1.69616699
 1.31652832
 0.77209473
 0.22644043
-0.17639160
-0.51818848
-0.67382813
-0.74645996
-0.75317383
-0.69519043
-0.56701660
-0.38208008
-0.16326904
 0.02624512
 0.23803711
 0.44311523
 0.52062988
 0.47668457
 0.24200439
-0.01556396
-0.26184082
-0.55236816
-0.74401855
-0.81115723
-0.73547363
-0.53466797
-0.16265869
 0.21392822
 0.40405273
 0.65917969
 0.83557129
 0.88562012
 0.78979492
 0.59570313
 0.38146973
 0.27221680
 0.18188477
 0.05462646
-0.10620117
-0.26641846
-0.36621094
-0.43945313
-0.45227051
-0.40161133
-0.28991699
-0.16967773
-0.06347656
 0.03021240
 0.09613037
 0.11993408
 0.08972168
 0.00457764
-0.11108398
-0.25970459
-0.40161133
-0.42907715
-0.36010742
-0.14038086
-0.00091553
 0.11962891
 0.25695801
 0.38818359
 0.40344238
 0.36071777
 0.30090332
 0.32592773
 0.36865234
 0.49072266
 0.63781738
 0.75866699
 0.82458496
 0.80322266
 0.70312500
 0.55908203
 0.44494629
 0.40161133
 0.43762207
 0.52001953
 0.59082031
 0.59265137
 0.46508789
 0.03601074
-0.34729004
-0.81848145
-1.28906250
-1.61804199
-1.76208496
-1.74438477
-1.59362793
-1.34155273
-1.01745605
-0.64575195
-0.22247314
 0.14953613
 0.55358887
 0.92468262
 1.25976563
 1.53198242
 1.70349121
 1.72729492
 1.58691406
 1.30493164
 0.93750000
 0.53710938
 0.26092529
-0.06988525
-0.47973633
-0.69030762
-0.82702637
-0.90820313
-0.96618652
-1.03515625
-1.14379883
-1.28906250
-1.43554688
-1.51977539
-1.48864746
-1.32873535
-1.06506348
-0.73791504
-0.33111572
-0.02380371
 0.13549805
 0.45593262
 0.58898926
 0.60546875
 0.53161621
 0.42541504
 0.34484863
 0.32043457
 0.35217285
 0.42114258
 0.49804688
 0.56884766
 0.61706543
 0.61584473
 0.55175781
 0.41687012
 0.22186279
 0.01739502
-0.19653320
-0.45532227
-0.65856934
-0.85632324
-1.05224609
-1.23657227
-1.38000488
-1.44287109
-1.39648438
-1.23657227
-0.97839355
-0.65795898
-0.26031494
 0.07537842
 0.34667969
 0.65612793
 0.89294434
 1.04858398
 1.10595703
 1.05895996
 0.92956543
 0.75317383
 0.57373047
 0.41320801
 0.33721924
 0.27984619
 0.19409180
 0.12481689
 0.05950928
-0.02044678
-0.12451172
-0.24810791
-0.35461426
-0.49926758
-0.63293457
-0.75317383
-0.83862305
-0.87524414
-0.83618164
-0.70129395
-0.47424316
-0.06439209
 0.28320313
 0.56823730
 0.91857910
 1.21154785
 1.41052246
 1.45751953
 1.31591797
 1.01928711
 0.64819336
 0.34271240
 0.14404297
-0.08453369
-0.38879395
-0.50292969
-0.58105469
-0.61828613
-0.62316895
-0.59631348
-0.54748535
-0.48706055
-0.41748047
-0.34179688
-0.29724121
-0.21087646
-0.11566162
-0.01556396
 0.08392334
 0.17547607
 0.25268555
 0.33630371
 0.37597656
 0.38513184
 0.37109375
 0.33142090
 0.31677246
 0.27496338
 0.23712158
 0.21820068
 0.22735596
 0.25817871
 0.30548096
 0.36682129
 0.40161133
 0.38818359
 0.30975342
 0.18463135
 0.02899170
-0.14892578
-0.36865234
-0.54992676
-0.70861816
-0.84106445
-0.93322754
-0.99182129
-0.99060059
-0.93444824
-0.81176758
-0.62500000
-0.38391113
-0.05676270
 0.22583008
 0.52612305
 0.81298828
 1.04187012
 1.17736816
 1.17431641
 1.03149414
 0.78247070
 0.48706055
 0.30914307
 0.09948730
-0.09796143
-0.34118652
-0.41931152
-0.44372559
-0.42785645
-0.37719727
-0.31677246
-0.26611328
-0.22186279
-0.19622803
-0.19653320
-0.22766113
-0.28381348
-0.36621094
-0.47546387
-0.56091309
-0.59753418
-0.57189941
-0.47973633
-0.30883789
-0.10131836
 0.11505127
 0.38024902
 0.61706543
 0.80749512
 0.92834473
 0.95642090
 0.88928223
 0.75500488
 0.58227539
 0.41259766
 0.35064697
 0.19287109
 0.03509521
-0.09918213
-0.18829346
-0.22857666
-0.23681641
-0.22369385
-0.19866943
-0.17272949
-0.15258789
-0.14160156
-0.13977051
-0.14343262
-0.15014648
-0.15594482
-0.15716553
-0.15228271
-0.13580322
-0.10467529
-0.05798340
 0.00152588
 0.06500244
 0.12115479
 0.16326904
 0.19104004
 0.20812988
 0.21789551
 0.22613525
 0.24169922
 0.27130127
 0.31311035
 0.36376953
 0.43823242
 0.49133301
 0.50781250
 0.48950195
 0.43395996
 0.35522461
 0.29937744
 0.18798828
 0.05187988
-0.10559082
-0.27374268
-0.42358398
-0.58471680
-0.72021484
-0.81237793
-0.84838867
-0.82946777
-0.75378418
-0.63903809
-0.49682617
-0.35552979
-0.23559570
-0.10742188
 0.01861572
 0.14282227
 0.33813477
 0.43945313
 0.53649902
 0.62561035
 0.70678711
 0.76782227
 0.80139160
 0.79650879
 0.74768066
 0.65490723
 0.52246094
 0.36376953
 0.19256592
-0.00610352
-0.21301270
-0.40649414
-0.60058594
-0.77636719
-0.92834473
-1.03942871
-1.09680176
-1.08886719
-1.01257324
-0.86975098
-0.66894531
-0.42907715
-0.15563965
 0.05554199
 0.29357910
 0.53527832
 0.66589355
 0.71411133
 0.68054199
 0.58715820
 0.45532227
 0.35247803
 0.27404785
 0.16082764
 0.05981445
-0.01007080
-0.03631592
-0.02716064
 0.00488281
 0.05157471
 0.10040283
 0.14160156
 0.16754150
 0.17486572
 0.16204834
 0.13183594
 0.08300781
 0.01525879
-0.05859375
-0.12878418
-0.18646240
-0.22644043
-0.25115967
-0.26458740
-0.26733398
-0.25878906
-0.23864746
-0.20538330
-0.15808105
-0.09735107
-0.02746582
 0.04638672
 0.11657715
 0.17822266
 0.22827148
 0.26672363
 0.29327393
 0.30975342
 0.31982422
 0.31982422
 0.30853271
 0.28625488
 0.25360107
 0.21118164
 0.16021729
 0.10223389
 0.03784180
-0.03204346
-0.10498047
-0.17608643
-0.24139404
-0.30548096
-0.35644531
-0.39489746
-0.41931152
-0.42724609
-0.42114258
-0.39611816
-0.34973145
-0.29815674
-0.21514893
-0.11260986
 0.00183105
 0.11932373
 0.27160645
 0.41931152
 0.51635742
 0.58898926
 0.63903809
 0.65979004
 0.65063477
 0.60302734
 0.51879883
 0.40405273
 0.31341553
 0.15594482
-0.00640869
-0.15991211
-0.30029297
-0.41503906
-0.49011230
-0.53527832
-0.54992676
-0.53161621
-0.49011230
-0.42846680
-0.35400391
-0.31127930
-0.25207520
-0.19683838
-0.14526367
-0.09521484
-0.04455566
 0.00671387
 0.05859375
 0.11077881
 0.16510010
 0.22186279
 0.28228760
 0.35766602
 0.42480469
 0.49072266
 0.54321289
 0.57312012
 0.57373047
 0.53771973
 0.46142578
 0.35034180
 0.25939941
 0.11505127
-0.03326416
-0.17425537
-0.30700684
-0.42053223
-0.50231934
-0.56213379
-0.59814453
-0.60852051
-0.58776855
-0.54016113
-0.46325684
-0.36560059
-0.28594971
-0.17791748
-0.06774902
 0.03784180
 0.13397217
 0.21820068
 0.34606934
 0.38452148
 0.40222168
 0.40588379
 0.39245605
 0.36560059
 0.34454346
 0.29907227
 0.20416260
 0.09582520
-0.01556396
-0.11779785
-0.20111084
-0.26763916
-0.34362793
-0.39001465
-0.41931152
-0.43334961
-0.43518066
-0.41809082
-0.39123535
-0.34973145
-0.31372070
-0.27984619
-0.23223877
-0.18188477
-0.12939453
-0.07263184
-0.01068115
 0.05676270
 0.12847900
 0.20263672
 0.27465820
 0.33447266
 0.39184570
 0.43212891
 0.44799805
 0.44128418
 0.40588379
 0.35095215
 0.32409668
 0.23742676
 0.14556885
 0.05828857
-0.01525879
-0.07507324
-0.12786865
-0.17730713
-0.22277832
-0.26214600
-0.29174805
-0.31158447
-0.31799316
-0.30029297
-0.27679443
-0.24139404
-0.19531250
-0.14007568
-0.07781982
-0.01068115
 0.06042480
 0.13214111
 0.20233154
 0.26824951
 0.34729004
 0.38574219
 0.41015625
 0.41870117
 0.41381836
 0.39550781
 0.36437988
 0.34088135
 0.29754639
 0.22430420
 0.14984131
 0.08026123
 0.01556396
-0.04760742
-0.10955811
-0.16937256
-0.22583008
-0.27618408
-0.32470703
-0.35949707
-0.38269043
-0.39123535
-0.38757324
-0.35949707
-0.32104492
-0.27221680
-0.20111084
-0.11505127
-0.01861572
 0.08239746
 0.18096924
 0.33691406
 0.41381836
 0.46630859
 0.49011230
 0.48217773
 0.44433594
 0.38085938
 0.32806396
 0.26123047
 0.14801025
 0.03112793
-0.07720947
-0.16387939
-0.22491455
-0.26824951
-0.31860352
-0.32958984
-0.32226563
-0.30761719
-0.28961182
-0.26885986
-0.24383545
-0.21575928
-0.18524170
-0.15289307
-0.11932373
-0.08514404
-0.05035400
-0.01556396
 0.01953125
 0.05554199
 0.09185791
 0.12878418
 0.16540527
 0.20019531
 0.23132324
 0.25726318
 0.27496338
 0.27923584
 0.26275635
 0.22460938
 0.16906738
 0.10070801
 0.02655029
-0.04791260
-0.11871338
-0.18646240
-0.25024414
-0.31280518
-0.36499023
-0.39794922
-0.40893555
-0.40344238
-0.37475586
-0.33386230
-0.29937744
-0.24719238
-0.18951416
-0.13122559
-0.07507324
-0.02349854
 0.02258301
 0.06256104
 0.09643555
 0.12207031
 0.14465332
 0.16510010
 0.18432617
 0.20202637
 0.21911621
 0.23590088
 0.25177002
 0.26397705
 0.26885986
 0.26092529
 0.23590088
 0.19348145
 0.13763428
 0.07415771
 0.00885010
-0.05401611
-0.11199951
-0.16296387
-0.20446777
-0.23376465
-0.24902344
-0.24902344
-0.23468018
-0.20538330
-0.16204834
-0.10711670
-0.04364014
 0.02319336
 0.08819580
 0.14678955
 0.19653320
 0.23529053
 0.26153564
 0.27343750
 0.27374268
 0.25604248
 0.22186279
 0.17822266
 0.13458252
 0.09857178
 0.07537842
 0.06225586
 0.05310059
 0.04425049
 0.03204346
 0.01281738
-0.01495361
-0.05126953
-0.09429932
-0.14038086
-0.18554688
-0.22644043
-0.25909424
-0.28198242
-0.29266357
-0.29144287
-0.27770996
-0.25238037
-0.21545410
-0.16906738
-0.11566162
-0.05828857
 0.00061035
 0.05767822
 0.11169434
 0.16021729
 0.20202637
 0.23498535
 0.25634766
 0.26916504
 0.26794434
 0.25024414
 0.21789551
 0.17791748
 0.13702393
 0.10162354
 0.07507324
 0.05432129
 0.03509521
 0.01586914
-0.00518799
-0.02838135
-0.05371094
-0.08026123
-0.10681152
-0.13153076
-0.15228271
-0.16784668
-0.17578125
-0.17578125
-0.16723633
-0.15075684
-0.12695313
-0.09613037
-0.05981445
-0.01892090
 0.02288818
 0.06286621
 0.09796143
 0.12542725
 0.14373779
 0.15045166
 0.13854980
 0.10498047
 0.05401611
-0.00701904
-0.07080078
-0.13031006
-0.17974854
-0.22033691
-0.25451660
-0.28137207
-0.30548096
-0.31982422
-0.31738281
-0.30303955
-0.28686523
-0.26336670
-0.23284912
-0.19592285
-0.15380859
-0.10742188
-0.05889893
-0.00946045
 0.03906250
 0.08575439
 0.12756348
 0.16235352
 0.19226074
 0.21850586
 0.24047852
 0.25665283
 0.26367188
 0.25970459
 0.24444580
 0.22003174
 0.18890381
 0.15411377
 0.11627197
 0.07598877
 0.03417969
-0.00640869
-0.04394531
-0.07568359
-0.10009766
-0.11535645
-0.12176514
-0.11932373
-0.10894775
-0.09094238
-0.06652832
-0.03509521
 0.00213623
 0.04455566
 0.09033203
 0.13854980
 0.18737793
 0.23559570
 0.28106689
 0.32104492
 0.34912109
 0.36682129
 0.37841797
 0.38085938
 0.37719727
 0.36743164
 0.34362793
 0.31372070
 0.26885986
 0.21728516
 0.16296387
 0.10437012
 0.04150391
-0.02532959
-0.09368896
-0.16082764
-0.22491455
-0.28320313
-0.33935547
-0.38269043
-0.41748047
-0.44006348
-0.44616699
-0.43884277
-0.41564941
-0.37902832
-0.33325195
-0.30303955
-0.24841309
-0.18859863
-0.12603760
-0.06378174
-0.00457764
 0.05065918
 0.09948730
 0.13977051
 0.16754150
 0.18615723
 0.19470215
 0.18585205
 0.15533447
 0.10498047
 0.04089355
-0.03021240
-0.10040283
-0.16326904
-0.22003174
-0.27191162
-0.32775879
-0.37048340
-0.40283203
-0.42175293
-0.42846680
-0.42480469
-0.41015625
-0.38208008
-0.34423828
-0.31372070
-0.26031494
-0.19775391
-0.12847900
-0.05493164
 0.02075195
 0.09582520
 0.16876221
 0.23651123
 0.30242920
 0.35156250
 0.38024902
 0.39306641
 0.39489746
 0.38208008
 0.35095215
 0.32806396
 0.28594971
 0.21392822
 0.14190674
 0.07873535
 0.02563477
-0.02136230
-0.06164551
-0.09399414
-0.11688232
-0.12847900
-0.12908936
-0.11932373
-0.10070801
-0.07354736
-0.03845215
 0.00305176
 0.04882813
 0.09765625
 0.14770508
 0.19714355
 0.24505615
 0.28930664
 0.32287598
 0.34667969
 0.36499023
 0.37536621
 0.37780762
 0.37109375
 0.35827637
 0.33630371
 0.30334473
 0.25604248
 0.20294189
 0.14709473
 0.08728027
 0.02319336
-0.04272461
-0.10711670
-0.16723633
-0.22064209
-0.26580811
-0.30548096
-0.33630371
-0.35278320
-0.35339355
-0.34790039
-0.33081055
-0.31250000
-0.28228760
-0.24261475
-0.19470215
-0.13977051
-0.07965088
-0.01708984
 0.04577637
 0.10559082
 0.16021729
 0.20812988
 0.24475098
 0.26855469
 0.28289795
 0.28137207
 0.25848389
 0.21423340
 0.15380859
 0.08300781
 0.00732422
-0.06591797
-0.13488770
-0.20172119
-0.26794434
-0.33874512
-0.39672852
-0.44433594
-0.47973633
-0.50231934
-0.51330566
-0.50659180
-0.48522949
-0.44921875
-0.39978027
-0.33691406
-0.29937744
-0.22674561
-0.14739990
-0.06530762
 0.01647949
 0.09552002
 0.16876221
 0.23468018
 0.29083252
 0.33081055
 0.34545898
 0.34606934
 0.33386230
 0.33142090
 0.31463623
 0.25695801
 0.19134521
 0.12573242
 0.06805420
 0.02044678
-0.02197266
-0.06042480
-0.09399414
-0.12115479
-0.14099121
-0.15319824
-0.15808105
-0.15563965
-0.14648438
-0.13031006
-0.10803223
-0.07843018
-0.04211426
 0.00152588
 0.05126953
 0.10650635
 0.16479492
 0.22430420
 0.29296875
 0.35400391
 0.39611816
 0.42663574
 0.44738770
 0.45288086
 0.44799805
 0.42846680
 0.39794922
 0.36010742
 0.31646729
 0.25848389
 0.18951416
 0.12268066
 0.05676270
-0.00823975
-0.06927490
-0.12359619
-0.16815186
-0.20172119
-0.22338867
-0.23376465
-0.23284912
-0.22216797
-0.20263672
-0.17486572
-0.14068604
-0.10223389
-0.06225586
-0.02258301
 0.01434326
 0.04669189
 0.07141113
 0.08941650
 0.10131836
 0.10284424
 0.09094238
 0.06774902
 0.03662109
 0.00335693
-0.02716064
-0.05310059
-0.07690430
-0.10101318
-0.12695313
-0.15441895
-0.18341064
-0.21270752
-0.24017334
-0.26550293
-0.28747559
-0.30731201
-0.32287598
-0.33203125
-0.33569336
-0.33020020
-0.31616211
-0.29785156
-0.27191162
-0.23803711
-0.19653320
-0.14801025
-0.09552002
-0.04089355
 0.01312256
 0.06408691
 0.10986328
 0.14953613
 0.17974854
 0.20019531
 0.21087646
 0.20721436
 0.18829346
 0.15686035
 0.11901855
 0.08148193
 0.04943848
 0.02380371
 0.00152588
-0.01922607
-0.03875732
-0.05676270
-0.07171631
-0.08331299
-0.09124756
-0.09552002
-0.09552002
-0.09155273
-0.08300781
-0.06988525
-0.05218506
-0.03021240
-0.00335693
 0.02807617
 0.06378174
 0.10406494
 0.14739990
 0.19226074
 0.23742676
 0.28045654
 0.32714844
 0.34912109
 0.36254883
 0.36499023
 0.35644531
 0.33874512
 0.32379150
 0.29327393
 0.24261475
 0.19378662
 0.15045166
 0.11230469
 0.07690430
 0.04455566
 0.01586914
-0.00762939
-0.02441406
-0.03509521
-0.03936768
-0.03784180
-0.03082275
-0.01983643
-0.00549316
 0.01159668
 0.03051758
 0.05035400
 0.07080078
 0.09185791
 0.11199951
 0.13122559
 0.14892578
 0.16357422
 0.17486572
 0.18127441
 0.18249512
 0.17761230
 0.16662598
 0.14831543
 0.12237549
 0.08972168
 0.05065918
 0.00610352
-0.04180908
-0.09063721
-0.13793945
-0.18066406
-0.21667480
-0.24414063
-0.26153564
-0.26824951
-0.26489258
-0.25146484
-0.22888184
-0.19775391
-0.15960693
-0.11596680
-0.06958008
-0.02319336
 0.02105713
 0.06134033
 0.09582520
 0.12176514
 0.14007568
 0.15106201
 0.14984131
 0.13549805
 0.11016846
 0.07904053
 0.04699707
 0.01739502
-0.00915527
-0.03540039
-0.06317139
-0.09277344
-0.12451172
-0.15655518
-0.18676758
-0.21423340
-0.23742676
-0.25512695
-0.26702881
-0.27221680
-0.27099609
-0.26306152
-0.24932861
-0.22979736
-0.20477295
-0.17486572
-0.14068604
-0.10253906
-0.06225586
-0.02075195
 0.01953125
 0.05615234
 0.08758545
 0.11383057
 0.13458252
 0.14709473
 0.14770508
 0.13366699
 0.10772705
 0.07385254
 0.03692627
 0.00152588
-0.03143311
-0.06347656
-0.09521484
-0.12725830
-0.15838623
-0.18646240
-0.20996094
-0.22705078
-0.23712158
-0.24017334
-0.23651123
-0.22613525
-0.20996094
-0.18890381
-0.16265869
-0.13214111
-0.09765625
-0.06011963
-0.02044678
 0.01983643
 0.05828857
 0.09338379
 0.12451172
 0.15167236
 0.17395020
 0.18951416
 0.19470215
 0.18676758
 0.16662598
 0.13763428
 0.10406494
 0.06927490
 0.03540039
 0.00152588
-0.03265381
-0.06713867
-0.10009766
-0.12969971
-0.15380859
-0.17120361
-0.18096924
-0.18310547
-0.17791748
-0.16632080
-0.14892578
-0.12664795
-0.10009766
-0.06958008
-0.03662109
-0.00122070
 0.03509521
 0.07110596
 0.10528564
 0.13702393
 0.16540527
 0.19042969
 0.21087646
 0.22430420
 0.22674561
 0.21728516
 0.19714355
 0.16998291
 0.14007568
 0.10986328
 0.08026123
 0.05035400
 0.01983643
-0.01037598
-0.03875732
-0.06408691
-0.08483887
-0.09948730
-0.10833740
-0.11108398
-0.10803223
-0.09979248
-0.08636475
-0.06896973
-0.04791260
-0.02410889
 0.00244141
 0.03021240
 0.05950928
 0.08911133
 0.11901855
 0.14770508
 0.17547607
 0.20080566
 0.22308350
 0.24017334
 0.24963379
 0.24902344
 0.23834229
 0.21942139
 0.19439697
 0.16571045
 0.13488770
 0.10192871
 0.06713867
 0.03143311
-0.00396729
-0.03662109
-0.06439209
-0.08544922
-0.09948730
-0.10559082
-0.10375977
-0.09460449
-0.07873535
-0.05645752
-0.02929688
 0.00244141
 0.03753662
 0.07507324
 0.11322021
 0.15045166
 0.18493652
 0.21575928
 0.24291992
 0.26550293
 0.28137207
 0.28686523
 0.27954102
 0.26000977
 0.23223877
 0.20111084
 0.16998291
 0.14038086
 0.11169434
 0.08270264
 0.05340576
 0.02471924
-0.00244141
-0.02624512
-0.04608154
-0.06195068
-0.07293701
-0.07934570
-0.08178711
-0.08026123
-0.07476807
-0.06591797
-0.05371094
-0.03906250
-0.02197266
-0.00396729
 0.01556396
 0.03509521
 0.05401611
 0.07171631
 0.08758545
 0.10009766
 0.10894775
 0.11260986
 0.11138916
 0.10498047
 0.09399414
 0.07934570
 0.06195068
 0.04241943
 0.02166748
 0.00000000
-0.02105713
-0.04089355
-0.05889893
-0.07415771
-0.08605957
-0.09460449
-0.09979248
-0.10131836
-0.10009766
-0.09582520
-0.08880615
-0.08026123
-0.07019043
-0.05920410
-0.04791260
-0.03662109
-0.02593994
-0.01647949
-0.00823975
-0.00183105
 0.00305176
 0.00610352
 0.00701904
 0.00549316
 0.00213623
-0.00396729
-0.01342773
-0.02624512
-0.04272461
-0.06256104
-0.08453369
-0.10772705
-0.13122559
-0.15380859
-0.17425537
-0.19165039
-0.20568848
-0.21545410
-0.22003174
-0.22003174
-0.21545410
-0.20629883
-0.19256592
-0.17517090
-0.15472412
-0.13214111
-0.10864258
-0.08483887
-0.06195068
-0.04058838
-0.02288818
-0.01037598
-0.00518799
-0.00854492
-0.01892090
-0.03417969
-0.05035400
-0.06561279
-0.07965088
-0.09277344
-0.10650635
-0.12054443
-0.13519287
-0.15014648
-0.16418457
-0.17669678
-0.18768311
-0.19592285
-0.20202637
-0.20538330
-0.20568848
-0.20263672
-0.19653320
-0.18737793
-0.17486572
-0.15899658
-0.13946533
-0.11718750
-0.09216309
-0.06530762
-0.03723145
-0.00915527
 0.01831055
 0.04364014
 0.06561279
 0.08270264
 0.09155273
 0.08972168
 0.07629395
 0.05432129
 0.02838135
 0.00244141
-0.02136230
-0.04364014
-0.06500244
-0.08544922
-0.10498047
-0.12207031
-0.13549805
-0.14343262
-0.14556885
-0.14190674
-0.13244629
-0.11810303
-0.09948730
-0.07751465
-0.05279541
-0.02624512
 0.00152588
 0.02929688
 0.05706787
 0.08331299
 0.10833740
 0.12969971
 0.14678955
 0.15655518
 0.15563965
 0.14526367
 0.12695313
 0.10467529
 0.08087158
 0.05706787
 0.03326416
 0.00823975
-0.01770020
-0.04364014
-0.06805420
-0.09002686
-0.10803223
-0.12145996
-0.12969971
-0.13244629
-0.12969971
-0.12115479
-0.10650635
-0.08636475
-0.06164551
-0.03234863
 0.00061035
 0.03692627
 0.07568359
 0.11566162
 0.15594482
 0.19439697
 0.22979736
 0.26153564
 0.28900146
 0.31188965
 0.32775879
 0.33294678
 0.32470703
 0.30517578
 0.27832031
 0.24780273
 0.21789551
 0.18920898
 0.16021729
 0.12969971
 0.09826660
 0.06713867
 0.03814697
 0.01220703
-0.00885010
-0.02502441
-0.03570557
-0.04089355
-0.04058838
-0.03570557
-0.02655029
-0.01464844
 0.00030518
 0.01678467
 0.03417969
 0.05187988
 0.06927490
 0.08483887
 0.09826660
 0.10864258
 0.11505127
 0.11718750
 0.11566162
 0.11077881
 0.10314941
 0.09307861
 0.08056641
 0.06530762
 0.04730225
 0.02685547
 0.00427246
-0.01983643
-0.04516602
-0.06988525
-0.09368896
-0.11535645
-0.13427734
-0.14953613
-0.16052246
-0.16662598
-0.16723633
-0.16265869
-0.15258789
-0.13732910
-0.11718750
-0.09307861
-0.06561279
-0.03540039
-0.00335693
 0.02960205
 0.06103516
 0.09063721
 0.11749268
 0.14038086
 0.15777588
 0.16693115
 0.16418457
 0.14984131
 0.12725830
 0.10070801
 0.07354736
 0.04852295
 0.02502441
 0.00244141
-0.01983643
-0.04089355
-0.05981445
-0.07507324
-0.08666992
-0.09338379
-0.09582520
-0.09338379
-0.08697510
-0.07659912
-0.06286621
-0.04608154
-0.02716064
-0.00640869
 0.01556396
 0.03845215
 0.06164551
 0.08453369
 0.10620117
 0.12634277
 0.14282227
 0.15472412
 0.16082764
 0.16021729
 0.15350342
 0.14221191
 0.12695313
 0.10925293
 0.09002686
 0.06927490
 0.04760742
 0.02532959
 0.00457764
-0.01403809
-0.02929688
-0.04119873
-0.04882813
-0.05218506
-0.05218506
-0.04821777
-0.04089355
-0.03082275
-0.01800537
-0.00305176
 0.01403809
 0.03143311
 0.04913330
 0.06652832
 0.08270264
 0.09674072
 0.10742188
 0.11413574
 0.11688232
 0.11596680
 0.11108398
 0.10314941
 0.09246826
 0.07904053
 0.06317139
 0.04455566
 0.02410889
 0.00152588
-0.02197266
-0.04608154
-0.06958008
-0.09124756
-0.11138916
-0.12847900
-0.14251709
-0.15258789
-0.15930176
-0.16143799
-0.15930176
-0.15319824
-0.14282227
-0.12878418
-0.11199951
-0.09277344
-0.07141113
-0.04882813
-0.02593994
-0.00335693
 0.01739502
 0.03631592
 0.05065918
 0.05981445
 0.06195068
 0.05737305
 0.04760742
 0.03479004
 0.01983643
 0.00427246
-0.01251221
-0.03021240
-0.04852295
-0.06774902
-0.08697510
-0.10528564
-0.12176514
-0.13549805
-0.14648438
-0.15441895
-0.15899658
-0.16082764
-0.15991211
-0.15655518
-0.15075684
-0.14221191
-0.13153076
