 0.00000000
 0.00000000
-0.00030518
-0.00030518
-0.00030518
-0.00030518
-0.00030518
-0.00030518
 0.00000000
 0.00000000
 0.00000000
 0.00000000
 0.00030518
 0.00030518
 0.00000000
-0.00030518
-0.00030518
-0.00030518
-0.00030518
-0.00030518
-0.00030518
-0.00030518
 0.00000000
 0.00000000
 0.00000000
 0.00000000
 0.00030518
 0.00000000
 0.00000000
 0.00000000
-0.00030518
 0.00000000
 0.00000000
 0.00000000
 0.00030518
 0.00030518
 0.00030518
 0.00030518
 0.00030518
 0.00000000
-0.00030518
-0.00061035
-0.00061035
-0.00030518
-0.00030518
 0.00000000
 0.00061035
 0.00061035
 0.00061035
 0.00030518
 0.00030518
 0.00030518
 0.00030518
 0.00000000
 0.00000000
 0.00000000
-0.00030518
-0.00030518
 0.00000000
-0.00030518
 0.00000000
 0.00000000
 0.00000000
-0.00030518
 0.00000000
 0.00000000
 0.00000000
-0.00030518
-0.00030518
-0.00030518
-0.00030518
-0.00030518
 0.00000000
 0.00000000
 0.00000000
 0.00030518
 0.00000000
 0.00000000
-0.00030518
-0.00030518
-0.00030518
-0.00030518
-0.00030518
 0.00000000
 0.00000000
 0.00000000
-0.00030518
-0.00061035
-0.00061035
-0.00061035
-0.00061035
-0.00030518
-0.00030518
-0.00030518
-0.00030518
-0.00061035
-0.00061035
-0.00061035
-0.00061035
-0.00061035
-0.00061035
-0.00030518
 0.00000000
 0.00030518
 0.00061035
 0.00061035
 0.00091553
 0.00061035
 0.00061035
 0.00000000
-0.00030518
-0.00030518
 0.00000000
 0.00030518
 0.00030518
 0.00030518
 0.00000000
 0.00000000
-0.00061035
-0.00061035
-0.00091553
-0.00061035
-0.00061035
-0.00061035
-0.00030518
-0.00030518
-0.00030518
-0.00030518
-0.00030518
 0.00000000
 0.00030518
 0.00030518
 0.00030518
 0.00030518
 0.00030518
 0.00030518
 0.00061035
 0.00030518
 0.00030518
 0.00030518
 0.00030518
 0.00030518
 0.00030518
 0.00061035
 0.00061035
 0.00030518
 0.00000000
 0.00000000
 0.00030518
 0.00000000
 0.00000000
 0.00000000
-0.00030518
-0.00061035
-0.00091553
-0.00091553
-0.00091553
-0.00030518
 0.00000000
 0.00030518
 0.00030518
 0.00000000
 0.00030518
 0.00000000
 0.00000000
 0.00000000
-0.00030518
-0.00030518
-0.00030518
-0.00030518
-0.00061035
-0.00061035
-0.00061035
-0.00061035
-0.00030518
 0.00000000
 0.00000000
 0.00000000
 0.00000000
-0.00030518
-0.00061035
-0.00122070
-0.00213623
-0.00305176
-0.00427246
-0.00579834
-0.00701904
-0.00854492
-0.00976563
-0.01037598
-0.01007080
-0.00854492
-0.00549316
-0.00030518
 0.00671387
 0.01556396
 0.02655029
 0.03875732
 0.05126953
 0.06286621
 0.07202148
 0.07690430
 0.07507324
 0.06469727
 0.04577637
 0.01983643
-0.01037598
-0.04089355
-0.06805420
-0.08911133
-0.10192871
-0.10406494
-0.09490967
-0.07446289
-0.04272461
-0.00061035
 0.04943848
 0.10253906
 0.15411377
 0.19775391
 0.22857666
 0.24291992
 0.23529053
 0.19470215
 0.11566162
 0.01312256
-0.09765625
-0.20263672
-0.29754639
-0.35888672
-0.38269043
-0.37231445
-0.33020020
-0.26519775
-0.18920898
-0.10009766
-0.00640869
 0.08239746
 0.15838623
 0.21667480
 0.25390625
 0.26733398
 0.25756836
 0.22857666
 0.17395020
 0.10101318
 0.02410889
-0.04486084
-0.09429932
-0.11718750
-0.12023926
-0.10955811
-0.08605957
-0.05279541
-0.01373291
 0.02655029
 0.06256104
 0.08911133
 0.10223389
 0.09765625
 0.07507324
 0.02441406
-0.04943848
-0.13427734
-0.21667480
-0.28228760
-0.33630371
-0.34667969
-0.31616211
-0.26123047
-0.18646240
-0.08636475
 0.03051758
 0.15197754
 0.34362793
 0.45532227
 0.53039551
 0.55969238
 0.53466797
 0.46020508
 0.34606934
 0.26336670
 0.11962891
-0.03082275
-0.17456055
-0.31219482
-0.41198730
-0.45959473
-0.47363281
-0.45227051
-0.39978027
-0.32104492
-0.23040771
-0.12634277
-0.01525879
 0.09338379
 0.19104004
 0.34423828
 0.39611816
 0.40344238
 0.37170410
 0.30883789
 0.23986816
 0.13488770
 0.01708984
-0.09826660
-0.19439697
-0.25421143
-0.27221680
-0.25878906
-0.21667480
-0.14831543
-0.06195068
 0.03112793
 0.11840820
 0.18920898
 0.27587891
 0.31982422
 0.23834229
 0.19073486
 0.10803223
-0.00854492
-0.13214111
-0.27221680
-0.38085938
-0.42297363
-0.42724609
-0.39184570
-0.31463623
-0.22430420
-0.12054443
-0.00793457
 0.10101318
 0.19714355
 0.36499023
 0.40893555
 0.41137695
 0.37048340
 0.31005859
 0.25299072
 0.16021729
 0.05401611
-0.05218506
-0.14556885
-0.21179199
-0.24444580
-0.25177002
-0.23803711
-0.20355225
-0.15258789
-0.09033203
-0.02471924
 0.03723145
 0.08880615
 0.12603760
 0.14556885
 0.14526367
 0.12664795
 0.08605957
 0.02227783
-0.05310059
-0.12878418
-0.19409180
-0.23834229
-0.25909424
-0.26245117
-0.25054932
-0.22460938
-0.18646240
-0.13946533
-0.08789063
-0.03570557
 0.01281738
 0.05554199
 0.09063721
 0.11535645
 0.12939453
 0.13519287
 0.12756348
 0.10162354
 0.06072998
 0.01159668
-0.03662109
-0.07354736
-0.09033203
-0.08728027
-0.06591797
-0.02532959
 0.03509521
 0.11169434
 0.19714355
 0.33630371
 0.42480469
 0.48767090
 0.51757813
 0.51330566
 0.47180176
 0.40161133
 0.33996582
 0.27008057
 0.16021729
 0.04730225
-0.05889893
-0.14770508
-0.21484375
-0.26794434
-0.32653809
-0.35461426
-0.37231445
-0.37658691
-0.36682129
-0.34790039
-0.32501221
-0.29724121
-0.25909424
-0.21545410
-0.16754150
-0.11596680
-0.06195068
-0.00671387
 0.04974365
 0.10589600
 0.15838623
 0.20385742
 0.24414063
 0.27801514
 0.30578613
 0.32562256
 0.33233643
 0.31768799
 0.27893066
 0.22003174
 0.14923096
 0.07385254
 0.00335693
-0.05432129
-0.09979248
-0.13397217
-0.15716553
-0.17028809
-0.17486572
-0.17303467
-0.16754150
-0.16052246
-0.15441895
-0.15014648
-0.14923096
-0.15136719
-0.15441895
-0.15411377
-0.14587402
-0.12786865
-0.10070801
-0.06469727
-0.02014160
 0.03082275
 0.08453369
 0.13732910
 0.18524170
 0.22460938
 0.25451660
 0.27221680
 0.27374268
 0.25115967
 0.20599365
 0.14678955
 0.08178711
 0.01861572
-0.03417969
-0.07507324
-0.10864258
-0.13854980
-0.16571045
-0.19134521
-0.21514893
-0.23651123
-0.25512695
-0.27008057
-0.27984619
-0.28350830
-0.27862549
-0.26489258
-0.24169922
-0.20782471
-0.16296387
-0.10742188
-0.04333496
 0.02593994
 0.09552002
 0.16082764
 0.21728516
 0.26306152
 0.29602051
 0.31341553
 0.31250000
 0.28533936
 0.23468018
 0.17181396
 0.10681152
 0.04943848
 0.00915527
-0.01342773
-0.02624512
-0.03417969
-0.03997803
-0.04547119
-0.05371094
-0.06591797
-0.08239746
-0.10131836
-0.11840820
-0.13031006
-0.13366699
-0.12725830
-0.11169434
-0.08697510
-0.05401611
-0.01342773
 0.03295898
 0.08361816
 0.13458252
 0.18432617
 0.23071289
 0.27252197
 0.30731201
 0.31738281
 0.32165527
 0.33508301
 0.34271240
 0.31097412
 0.26306152
 0.20477295
 0.14282227
 0.08392334
 0.03265381
-0.01220703
-0.05035400
-0.08026123
-0.10131836
-0.11383057
-0.11901855
-0.11810303
-0.11260986
-0.10406494
-0.09338379
-0.08087158
-0.06652832
-0.05065918
-0.03356934
-0.01525879
 0.00427246
 0.02380371
 0.04180908
 0.05584717
 0.06378174
 0.06256104
 0.05035400
 0.03051758
 0.00915527
-0.00701904
-0.01312256
-0.00823975
 0.00671387
 0.02929688
 0.05767822
 0.08880615
 0.11779785
 0.14007568
 0.15045166
 0.14312744
 0.10498047
 0.03448486
-0.05615234
-0.15228271
-0.23925781
-0.30944824
-0.35156250
-0.35949707
-0.33142090
-0.27069092
-0.20019531
-0.11260986
-0.01739502
 0.07537842
 0.15747070
 0.26367188
 0.34179688
 0.34240723
 0.30731201
 0.27404785
 0.23254395
 0.16571045
 0.08758545
 0.00915527
-0.05950928
-0.10864258
-0.13763428
-0.15228271
-0.15594482
-0.14892578
-0.13214111
-0.10650635
-0.07476807
-0.04028320
-0.00579834
 0.02441406
 0.04638672
 0.05798340
 0.06011963
 0.05004883
 0.02410889
-0.01220703
-0.04852295
-0.07507324
-0.08483887
-0.07720947
-0.05706787
-0.02593994
 0.01373291
 0.05920410
 0.10559082
 0.14984131
 0.18798828
 0.21789551
 0.23712158
 0.24597168
 0.24230957
 0.22186279
 0.18798828
 0.14770508
 0.10772705
 0.07324219
 0.04638672
 0.02349854
 0.00030518
-0.02563477
-0.05432129
-0.08422852
-0.11260986
-0.13519287
-0.15014648
-0.15686035
-0.15563965
-0.14770508
-0.13488770
-0.11840820
-0.10070801
-0.08300781
-0.06652832
-0.05218506
-0.04058838
-0.03204346
-0.02655029
-0.02105713
-0.01342773
-0.00213623
 0.01281738
 0.02990723
 0.04730225
 0.06195068
 0.07080078
 0.06866455
 0.05126953
 0.01953125
-0.02288818
-0.06835938
-0.11077881
-0.14587402
-0.17181396
-0.18981934
-0.20050049
-0.20416260
-0.20263672
-0.19622803
-0.18585205
-0.17211914
-0.15655518
-0.13824463
-0.11810303
-0.09613037
-0.07202148
-0.04577637
-0.01770020
 0.01190186
 0.04211426
 0.07171631
 0.10040283
 0.12603760
 0.14801025
 0.16296387
 0.16723633
 0.15808105
 0.13549805
 0.10345459
 0.06500244
 0.02380371
-0.01861572
-0.06225586
-0.10833740
-0.15441895
-0.19775391
-0.23437500
-0.26000977
-0.27313232
-0.27282715
-0.25970459
-0.23468018
-0.19897461
-0.15472412
-0.10559082
-0.05584717
-0.00885010
 0.03234863
 0.06622314
 0.09277344
 0.11016846
 0.12237549
 0.12725830
 0.12542725
 0.12084961
 0.11932373
 0.12451172
 0.13732910
 0.15441895
 0.17120361
 0.18463135
 0.19042969
 0.18249512
 0.15686035
 0.11444092
 0.05981445
 0.00030518
-0.05828857
-0.11077881
-0.15472412
-0.18920898
-0.21301270
-0.22521973
-0.22521973
-0.21392822
-0.19165039
-0.15991211
-0.11932373
-0.07171631
-0.01892090
 0.03631592
 0.09216309
 0.14617920
 0.19531250
 0.23834229
 0.27038574
 0.29022217
 0.29846191
 0.28778076
 0.25390625
 0.20202637
 0.13946533
 0.07537842
 0.01800537
-0.02502441
-0.05523682
-0.07629395
-0.08911133
-0.09429932
-0.09246826
-0.08514404
-0.07385254
-0.05950928
-0.04302979
-0.02563477
-0.00732422
 0.01068115
 0.02777100
 0.04333496
 0.05584717
 0.06469727
 0.06988525
 0.07110596
 0.06958008
 0.06591797
 0.06103516
 0.05584717
 0.05126953
 0.04699707
 0.04302979
 0.03814697
 0.03112793
 0.02166748
 0.00946045
-0.00610352
-0.02471924
-0.04547119
-0.06713867
-0.08850098
-0.10742188
-0.12390137
-0.13610840
-0.14343262
-0.14495850
-0.14099121
-0.13214111
-0.11810303
-0.10070801
-0.08026123
-0.05828857
-0.03601074
-0.01495361
 0.00396729
 0.01953125
 0.02990723
 0.03387451
 0.03234863
 0.02868652
 0.02685547
 0.02868652
 0.03540039
 0.04638672
 0.06072998
 0.07690430
 0.09460449
 0.11230469
 0.12878418
 0.14190674
 0.14984131
 0.15014648
 0.14068604
 0.12207031
 0.09643555
 0.06683350
 0.03601074
 0.00518799
-0.02502441
-0.05340576
-0.07904053
-0.10101318
-0.11779785
-0.12878418
-0.13305664
-0.13153076
-0.12390137
-0.11169434
-0.09490967
-0.07507324
-0.05310059
-0.02990723
-0.00640869
 0.01617432
 0.03753662
 0.05584717
 0.06988525
 0.07843018
 0.08026123
 0.07629395
 0.06927490
 0.06103516
 0.05310059
 0.04577637
 0.03875732
 0.03143311
 0.02380371
 0.01617432
 0.00885010
 0.00213623
-0.00396729
-0.00885010
-0.01312256
-0.01708984
-0.02105713
-0.02532959
-0.03082275
-0.03662109
-0.04302979
-0.04943848
-0.05493164
-0.05859375
-0.05950928
-0.05676270
-0.04974365
-0.03845215
-0.02288818
-0.00396729
 0.01739502
 0.04058838
 0.06347656
 0.08544922
 0.10498047
 0.11932373
 0.12634277
 0.12329102
 0.11108398
 0.09338379
 0.07415771
 0.05737305
 0.04455566
 0.03570557
 0.02929688
 0.02441406
 0.02044678
 0.01647949
 0.01220703
 0.00732422
 0.00244141
-0.00274658
-0.00885010
-0.01556396
-0.02349854
-0.03326416
-0.04394531
-0.05554199
-0.06744385
-0.07781982
-0.08636475
-0.09124756
-0.09216309
-0.08819580
-0.07965088
-0.06652832
-0.04974365
-0.03051758
-0.00976563
 0.01098633
 0.03051758
 0.04730225
 0.05889893
 0.06225586
 0.05615234
 0.04180908
 0.02258301
 0.00305176
-0.01281738
-0.02441406
-0.03204346
-0.03570557
-0.03601074
-0.03295898
-0.02746582
-0.01983643
-0.01068115
-0.00122070
 0.00732422
 0.01342773
 0.01586914
 0.01342773
 0.00549316
-0.00671387
-0.02166748
-0.03692627
-0.05096436
-0.06195068
-0.06927490
-0.07263184
-0.07141113
-0.06622314
-0.05737305
-0.04516602
-0.03112793
-0.01617432
-0.00183105
 0.01068115
 0.01922607
 0.02105713
 0.01525879
 0.00152588
-0.01770020
-0.03845215
-0.05828857
-0.07446289
-0.08605957
-0.09277344
-0.09460449
-0.09124756
-0.08361816
-0.07171631
-0.05706787
-0.04058838
-0.02319336
-0.00640869
 0.00915527
 0.02166748
 0.03082275
 0.03509521
 0.03509521
 0.03265381
 0.02960205
 0.02838135
 0.02868652
 0.03112793
 0.03509521
 0.03906250
 0.04302979
 0.04577637
 0.04638672
 0.04455566
 0.03936768
 0.03051758
 0.01800537
 0.00305176
-0.01342773
-0.03051758
-0.04730225
-0.06286621
-0.07629395
-0.08636475
-0.09338379
-0.09613037
-0.09460449
-0.08911133
-0.07934570
-0.06591797
-0.04882813
-0.02899170
-0.00671387
 0.01708984
 0.04211426
 0.06713867
 0.09185791
 0.11535645
 0.13580322
 0.15258789
 0.16326904
 0.16571045
 0.15991211
 0.14709473
 0.12939453
 0.10925293
 0.08850098
 0.06622314
 0.04333496
 0.01953125
-0.00396729
-0.02655029
-0.04669189
-0.06378174
-0.07751465
-0.08728027
-0.09307861
-0.09460449
-0.09277344
-0.08758545
-0.07995605
-0.06958008
-0.05737305
-0.04394531
-0.02929688
-0.01464844
-0.00030518
 0.01373291
 0.02746582
 0.04058838
 0.05371094
 0.06713867
 0.08117676
 0.09460449
 0.10742188
 0.11749268
 0.12390137
 0.12451172
 0.11810303
 0.10406494
 0.08300781
 0.05706787
 0.02838135
-0.00091553
-0.02960205
-0.05645752
-0.07995605
-0.10070801
-0.11657715
-0.12756348
-0.13305664
-0.13336182
-0.12878418
-0.11993408
-0.10711670
-0.09094238
-0.07263184
-0.05249023
-0.03143311
-0.00946045
 0.01220703
 0.03356934
 0.05340576
 0.07080078
 0.08453369
 0.09399414
 0.09826660
 0.09704590
 0.09185791
 0.08331299
 0.07202148
 0.05920410
 0.04516602
 0.02990723
 0.01342773
-0.00305176
-0.01983643
-0.03540039
-0.04974365
-0.06225586
-0.07202148
-0.07934570
-0.08361816
-0.08483887
-0.08331299
-0.07934570
-0.07293701
-0.06439209
-0.05401611
-0.04211426
-0.02899170
-0.01495361
-0.00030518
 0.01434326
 0.02868652
 0.04272461
 0.05554199
 0.06683350
 0.07690430
 0.08514404
 0.09155273
 0.09582520
 0.09826660
 0.09887695
 0.09765625
 0.09368896
 0.08758545
 0.07904053
 0.06835938
 0.05554199
 0.04119873
 0.02593994
 0.01068115
-0.00427246
-0.01770020
-0.02838135
-0.03601074
-0.04058838
-0.04119873
-0.03753662
-0.03021240
-0.01922607
-0.00518799
 0.01220703
 0.03143311
 0.05157471
 0.07232666
 0.09216309
 0.10955811
 0.12329102
 0.13153076
 0.13244629
 0.12695313
 0.11596680
 0.10192871
 0.08758545
 0.07324219
 0.05950928
 0.04547119
 0.03143311
 0.01708984
 0.00244141
-0.01220703
-0.02655029
-0.04089355
-0.05493164
-0.06866455
-0.08148193
-0.09307861
-0.10314941
-0.11199951
-0.11871338
-0.12329102
-0.12542725
-0.12420654
-0.11993408
-0.11199951
-0.10070801
-0.08605957
-0.06805420
-0.04730225
-0.02441406
 0.00000000
 0.02471924
 0.04943848
 0.07324219
 0.09460449
 0.11230469
 0.12390137
 0.12786865
 0.12268066
 0.10986328
 0.09185791
 0.07202148
 0.05187988
 0.03234863
 0.01342773
-0.00518799
-0.02319336
-0.04058838
-0.05615234
-0.06896973
-0.07873535
-0.08575439
-0.08972168
-0.09094238
-0.08941650
-0.08514404
-0.07843018
-0.06988525
-0.05828857
-0.04486084
-0.02960205
-0.01281738
 0.00457764
 0.02227783
 0.03967285
 0.05584717
 0.06958008
 0.08026123
 0.08666992
 0.08911133
 0.08758545
 0.08300781
 0.07598877
 0.06744385
 0.05737305
 0.04577637
 0.03204346
 0.01647949
 0.00030518
-0.01678467
-0.03295898
-0.04852295
-0.06225586
-0.07385254
-0.08270264
-0.08911133
-0.09246826
-0.09246826
-0.08911133
-0.08239746
-0.07232666
-0.05981445
-0.04455566
-0.02716064
-0.00823975
 0.01190186
 0.03204346
 0.05218506
 0.07080078
 0.08697510
 0.09918213
 0.10620117
 0.10711670
 0.10253906
 0.09277344
 0.07965088
 0.06469727
 0.04852295
 0.03143311
 0.01342773
-0.00457764
-0.02227783
-0.03875732
-0.05371094
-0.06591797
-0.07537842
-0.08178711
-0.08483887
-0.08453369
-0.08056641
-0.07263184
-0.06164551
-0.04760742
-0.03112793
-0.01251221
 0.00732422
 0.02777100
 0.04791260
 0.06652832
 0.08270264
 0.09460449
 0.10101318
 0.10162354
 0.09674072
 0.08819580
 0.07781982
 0.06652832
 0.05584717
 0.04547119
 0.03479004
 0.02410889
 0.01342773
 0.00244141
-0.00885010
-0.01953125
-0.03051758
-0.04150391
-0.05157471
-0.06134033
-0.06958008
-0.07659912
-0.08148193
-0.08422852
-0.08422852
-0.08178711
-0.07598877
-0.06805420
-0.05737305
-0.04425049
-0.02868652
-0.01190186
 0.00640869
 0.02471924
 0.04333496
 0.06072998
 0.07598877
 0.08819580
 0.09582520
 0.09735107
 0.09368896
 0.08483887
 0.07202148
 0.05615234
 0.03875732
 0.02014160
 0.00091553
-0.01831055
-0.03723145
-0.05462646
-0.06958008
-0.08087158
-0.08850098
-0.09246826
-0.09185791
-0.08789063
-0.08056641
-0.07019043
-0.05737305
-0.04302979
-0.02716064
-0.01068115
 0.00579834
 0.02197266
 0.03692627
 0.05004883
 0.06103516
 0.06927490
 0.07446289
 0.07720947
 0.07751465
 0.07568359
 0.07171631
 0.06591797
 0.05798340
 0.04730225
 0.03448486
 0.01922607
 0.00274658
-0.01525879
-0.03356934
-0.05187988
-0.06896973
-0.08422852
-0.09735107
-0.10681152
-0.11291504
-0.11535645
-0.11322021
-0.10742188
-0.09765625
-0.08453369
-0.06866455
-0.05065918
-0.03143311
-0.01129150
 0.00823975
 0.02685547
 0.04302979
 0.05554199
 0.06378174
 0.06622314
 0.06439209
 0.05859375
 0.05126953
 0.04364014
 0.03601074
 0.02838135
 0.02075195
 0.01312256
 0.00549316
-0.00183105
-0.00854492
-0.01495361
-0.02014160
-0.02471924
-0.02838135
-0.03143311
-0.03326416
-0.03448486
-0.03509521
-0.03479004
-0.03356934
-0.03173828
-0.02899170
-0.02532959
-0.02075195
-0.01525879
-0.00915527
-0.00244141
 0.00488281
 0.01190186
 0.01861572
 0.02471924
 0.02960205
 0.03295898
 0.03387451
 0.03265381
 0.02899170
 0.02258301
 0.01373291
 0.00274658
-0.01007080
-0.02380371
-0.03784180
-0.05126953
-0.06347656
-0.07446289
-0.08361816
-0.09033203
-0.09460449
-0.09582520
-0.09429932
-0.09002686
-0.08300781
-0.07324219
-0.06164551
-0.04882813
-0.03479004
-0.02014160
-0.00518799
 0.00915527
 0.02288818
 0.03540039
 0.04577637
 0.05432129
 0.06072998
 0.06469727
 0.06683350
 0.06683350
 0.06561279
 0.06347656
 0.05950928
 0.05462646
 0.04852295
 0.04150391
 0.03326416
 0.02441406
 0.01525879
 0.00610352
-0.00244141
-0.01068115
-0.01800537
-0.02380371
-0.02777100
-0.03021240
-0.03051758
-0.02868652
-0.02471924
-0.01861572
-0.01098633
-0.00213623
 0.00701904
 0.01678467
 0.02593994
 0.03417969
 0.04150391
 0.04760742
 0.05157471
 0.05401611
 0.05432129
 0.05310059
 0.05004883
 0.04547119
 0.03997803
 0.03295898
 0.02471924
 0.01617432
 0.00640869
-0.00396729
-0.01464844
-0.02563477
-0.03631592
-0.04608154
-0.05493164
-0.06286621
-0.06896973
-0.07354736
-0.07598877
-0.07659912
-0.07446289
-0.07019043
-0.06378174
-0.05523682
-0.04516602
-0.03356934
-0.02136230
-0.00854492
 0.00427246
 0.01647949
 0.02716064
 0.03570557
 0.04150391
 0.04486084
 0.04547119
 0.04364014
 0.04028320
 0.03570557
 0.03082275
 0.02563477
 0.02136230
 0.01678467
 0.01251221
 0.00854492
 0.00427246
 0.00030518
-0.00335693
-0.00762939
-0.01129150
-0.01495361
-0.01922607
-0.02258301
-0.02563477
-0.02777100
-0.02868652
-0.02868652
-0.02746582
-0.02471924
-0.02044678
-0.01525879
-0.00915527
-0.00213623
 0.00518799
 0.01251221
 0.01953125
 0.02532959
 0.02960205
 0.03204346
 0.03265381
 0.03112793
 0.02777100
 0.02319336
 0.01739502
 0.01098633
 0.00427246
-0.00244141
-0.00885010
-0.01403809
-0.01770020
-0.02044678
-0.02136230
-0.02014160
-0.01770020
-0.01342773
-0.00793457
-0.00152588
 0.00549316
 0.01342773
 0.02075195
 0.02807617
 0.03479004
 0.04058838
 0.04516602
 0.04882813
 0.05126953
 0.05310059
 0.05371094
 0.05401611
 0.05401611
 0.05401611
 0.05371094
 0.05340576
 0.05249023
 0.05126953
 0.04882813
 0.04547119
 0.04089355
 0.03509521
 0.02838135
 0.01983643
 0.00976563
-0.00091553
-0.01251221
-0.02349854
-0.03356934
-0.04211426
-0.04882813
-0.05310059
-0.05432129
-0.05310059
-0.04913330
-0.04302979
-0.03448486
-0.02441406
-0.01312256
-0.00183105
 0.00885010
 0.01831055
 0.02532959
 0.02990723
 0.03173828
 0.03051758
 0.02716064
 0.02197266
 0.01586914
 0.00946045
 0.00366211
-0.00213623
-0.00701904
-0.01159668
-0.01586914
-0.01953125
-0.02258301
-0.02532959
-0.02777100
-0.03021240
-0.03234863
-0.03509521
-0.03753662
-0.03997803
-0.04241943
-0.04455566
-0.04608154
-0.04638672
-0.04608154
-0.04455566
-0.04241943
-0.03906250
-0.03479004
-0.02990723
-0.02471924
-0.01892090
-0.01342773
-0.00793457
-0.00274658
 0.00213623
 0.00610352
 0.00976563
 0.01251221
 0.01464844
 0.01647949
 0.01800537
 0.01892090
 0.01953125
 0.01953125
 0.01922607
 0.01800537
 0.01586914
 0.01312256
 0.00976563
 0.00610352
 0.00183105
-0.00274658
-0.00701904
-0.01098633
-0.01434326
-0.01708984
-0.01861572
-0.01892090
-0.01800537
-0.01556396
-0.01220703
-0.00854492
-0.00427246
 0.00000000
 0.00396729
 0.00732422
 0.01007080
 0.01190186
 0.01281738
 0.01312256
 0.01251221
 0.01098633
 0.00915527
 0.00732422
 0.00549316
 0.00396729
 0.00335693
 0.00274658
 0.00244141
 0.00244141
 0.00244141
 0.00274658
 0.00305176
 0.00335693
 0.00335693
 0.00335693
 0.00274658
 0.00152588
 0.00030518
-0.00091553
-0.00244141
-0.00366211
-0.00457764
-0.00518799
-0.00549316
-0.00549316
-0.00518799
-0.00457764
-0.00396729
-0.00305176
-0.00244141
-0.00183105
-0.00091553
 0.00030518
 0.00183105
 0.00366211
 0.00610352
 0.00885010
 0.01190186
 0.01495361
 0.01800537
 0.02075195
 0.02258301
 0.02380371
 0.02410889
 0.02349854
 0.02227783
 0.01983643
 0.01708984
 0.01403809
 0.01098633
 0.00793457
 0.00549316
 0.00305176
 0.00152588
 0.00122070
 0.00122070
 0.00213623
 0.00335693
 0.00457764
 0.00610352
 0.00671387
 0.00701904
 0.00610352
 0.00457764
 0.00244141
-0.00091553
-0.00488281
-0.00946045
-0.01373291
-0.01800537
-0.02136230
-0.02380371
-0.02471924
-0.02471924
-0.02258301
-0.01922607
-0.01403809
-0.00701904
 0.00061035
 0.00946045
 0.01861572
 0.02807617
 0.03692627
 0.04425049
 0.04974365
 0.05310059
 0.05432129
 0.05279541
 0.04943848
 0.04425049
 0.03753662
 0.03021240
 0.02227783
 0.01434326
 0.00671387
-0.00061035
-0.00701904
-0.01281738
-0.01678467
-0.01983643
-0.02136230
-0.02197266
-0.02136230
-0.02044678
-0.01861572
-0.01617432
-0.01373291
-0.01068115
-0.00793457
-0.00457764
-0.00122070
 0.00244141
 0.00671387
 0.01129150
 0.01586914
 0.02075195
 0.02593994
 0.03082275
 0.03509521
 0.03906250
 0.04180908
 0.04364014
 0.04425049
 0.04364014
 0.04180908
 0.03845215
 0.03387451
 0.02868652
 0.02258301
 0.01678467
 0.01068115
 0.00549316
 0.00091553
-0.00274658
-0.00488281
-0.00579834
-0.00549316
-0.00396729
-0.00152588
 0.00183105
 0.00579834
 0.00976563
 0.01403809
 0.01739502
 0.02044678
 0.02319336
 0.02532959
 0.02685547
 0.02777100
 0.02838135
 0.02899170
 0.02990723
 0.03082275
 0.03143311
 0.03112793
 0.03021240
 0.02838135
 0.02593994
 0.02197266
 0.01739502
 0.01190186
 0.00549316
-0.00091553
-0.00762939
-0.01434326
-0.02075195
-0.02593994
-0.02990723
-0.03265381
-0.03417969
-0.03417969
-0.03265381
-0.03021240
-0.02716064
-0.02319336
-0.01922607
-0.01586914
-0.01342773
-0.01129150
-0.01098633
-0.01159668
-0.01373291
-0.01678467
-0.02044678
-0.02410889
-0.02777100
-0.03143311
-0.03387451
-0.03570557
-0.03692627
-0.03692627
-0.03570557
-0.03417969
-0.03204346
-0.02960205
-0.02685547
-0.02471924
-0.02288818
-0.02166748
-0.02075195
-0.02105713
-0.02105713
-0.02136230
-0.02166748
-0.02166748
-0.02075195
-0.01953125
-0.01770020
-0.01495361
-0.01190186
-0.00854492
-0.00488281
-0.00122070
 0.00213623
 0.00518799
 0.00701904
 0.00823975
 0.00793457
 0.00701904
 0.00457764
 0.00122070
-0.00274658
-0.00671387
-0.01068115
-0.01464844
-0.01800537
-0.02044678
-0.02105713
-0.02044678
-0.01800537
-0.01403809
-0.00885010
-0.00244141
 0.00488281
 0.01220703
 0.01922607
 0.02593994
 0.03112793
 0.03509521
 0.03753662
 0.03814697
 0.03723145
 0.03509521
 0.03173828
 0.02716064
 0.02227783
 0.01708984
 0.01281738
 0.00823975
 0.00457764
 0.00122070
-0.00152588
-0.00366211
-0.00518799
-0.00579834
-0.00579834
-0.00518799
-0.00366211
-0.00213623
-0.00061035
 0.00122070
 0.00274658
 0.00427246
 0.00579834
 0.00732422
 0.00915527
 0.01129150
 0.01342773
 0.01556396
 0.01739502
 0.01922607
 0.02075195
 0.02166748
 0.02227783
 0.02197266
 0.02136230
 0.01983643
 0.01739502
 0.01403809
 0.00976563
 0.00488281
-0.00030518
-0.00610352
-0.01159668
-0.01708984
-0.02258301
-0.02716064
-0.03082275
-0.03326416
-0.03479004
-0.03509521
-0.03417969
-0.03234863
-0.02929688
-0.02593994
-0.02197266
-0.01800537
-0.01373291
-0.01007080
-0.00671387
-0.00396729
-0.00152588
 0.00030518
 0.00152588
 0.00244141
 0.00305176
 0.00274658
 0.00244141
 0.00213623
 0.00152588
 0.00061035
-0.00030518
-0.00122070
-0.00274658
-0.00457764
-0.00671387
-0.00915527
-0.01220703
-0.01464844
-0.01678467
-0.01861572
-0.01922607
-0.01953125
-0.01861572
-0.01708984
-0.01434326
-0.01068115
-0.00610352
-0.00091553
 0.00457764
 0.01007080
 0.01556396
 0.02044678
 0.02441406
 0.02716064
 0.02868652
 0.02899170
 0.02838135
 0.02624512
 0.02349854
 0.02014160
 0.01647949
 0.01220703
 0.00793457
 0.00396729
 0.00000000
-0.00335693
-0.00640869
-0.00885010
-0.01098633
-0.01281738
-0.01403809
-0.01525879
-0.01556396
-0.01586914
-0.01556396
-0.01464844
-0.01373291
-0.01220703
-0.01007080
-0.00793457
-0.00518799
-0.00213623
 0.00122070
 0.00488281
 0.00823975
