-0.00030518
-0.00030518
-0.00030518
-0.00030518
-0.00030518
 0.00000000
 0.00030518
 0.00030518
 0.00030518
 0.00061035
 0.00000000
 0.00000000
-0.00061035
-0.00091553
-0.00061035
-0.00061035
-0.00030518
 0.00000000
 0.00000000
 0.00000000
 0.00000000
-0.00030518
-0.00030518
-0.00030518
-0.00030518
-0.00061035
-0.00061035
-0.00091553
-0.00091553
-0.00091553
-0.00091553
-0.00091553
-0.00091553
-0.00091553
-0.00091553
-0.00091553
-0.00091553
-0.00061035
-0.00061035
-0.00061035
-0.00030518
 0.00000000
 0.00000000
 0.00000000
 0.00030518
 0.00000000
 0.00000000
 0.00000000
-0.00030518
-0.00030518
-0.00030518
 0.00000000
-0.00030518
-0.00030518
-0.00030518
-0.00030518
-0.00030518
-0.00061035
-0.00061035
-0.00091553
-0.00061035
-0.00061035
-0.00061035
-0.00061035
-0.00091553
-0.00061035
-0.00061035
-0.00061035
-0.00030518
-0.00030518
-0.00030518
-0.00061035
-0.00061035
-0.00061035
-0.00061035
-0.00030518
-0.00030518
-0.00061035
-0.00061035
-0.00091553
-0.00061035
-0.00030518
-0.00030518
-0.00030518
-0.00030518
-0.00030518
-0.00061035
-0.00030518
-0.00061035
-0.00061035
-0.00061035
-0.00061035
-0.00030518
-0.00061035
-0.00061035
-0.00091553
-0.00091553
-0.00091553
-0.00061035
 0.00000000
 0.00000000
 0.00000000
-0.00030518
-0.00061035
-0.00061035
-0.00122070
-0.00091553
-0.00091553
-0.00061035
-0.00030518
 0.00000000
 0.00000000
 0.00000000
 0.00000000
-0.00030518
-0.00030518
-0.00030518
-0.00030518
-0.00030518
-0.00061035
-0.00061035
-0.00091553
-0.00091553
-0.00122070
-0.00122070
-0.00122070
-0.00091553
-0.00061035
-0.00061035
-0.00061035
-0.00061035
-0.00061035
-0.00091553
-0.00122070
-0.00122070
-0.00152588
-0.00122070
-0.00122070
-0.00091553
-0.00030518
 0.00000000
 0.00000000
 0.00030518
 0.00030518
 0.00000000
-0.00061035
-0.00091553
-0.00061035
-0.00091553
-0.00061035
-0.00061035
-0.00061035
-0.00061035
-0.00061035
-0.00061035
-0.00091553
-0.00091553
-0.00122070
-0.00091553
-0.00061035
-0.00061035
-0.00061035
-0.00030518
-0.00030518
-0.00030518
-0.00030518
-0.00061035
-0.00061035
-0.00091553
-0.00061035
-0.00061035
-0.00061035
-0.00061035
 0.00000000
 0.00000000
 0.00000000
-0.00030518
-0.00061035
-0.00061035
-0.00061035
-0.00030518
-0.00030518
 0.00000000
-0.00030518
-0.00030518
-0.00030518
-0.00061035
-0.00061035
-0.00030518
-0.00030518
 0.00030518
 0.00122070
 0.00305176
 0.00549316
 0.00885010
 0.01342773
 0.01892090
 0.02532959
 0.03265381
 0.04089355
 0.04882813
 0.05615234
 0.06195068
 0.06500244
 0.06408691
 0.05859375
 0.04852295
 0.03356934
 0.01525879
-0.00518799
-0.02593994
-0.04577637
-0.06317139
-0.07690430
-0.08483887
-0.08636475
-0.07995605
-0.06530762
-0.04302979
-0.01312256
 0.02319336
 0.06408691
 0.10620117
 0.14709473
 0.18218994
 0.20874023
 0.22491455
 0.22735596
 0.20965576
 0.17425537
 0.13031006
 0.08728027
 0.05493164
 0.03845215
 0.03631592
 0.04272461
 0.05462646
 0.06958008
 0.08392334
 0.09338379
 0.09460449
 0.07904053
 0.03845215
-0.02593994
-0.10498047
-0.18707275
-0.25939941
-0.31524658
-0.35766602
-0.37109375
-0.35888672
-0.32287598
-0.27435303
-0.21331787
-0.14251709
-0.06774902
 0.00396729
 0.06896973
 0.12268066
 0.16418457
 0.19226074
 0.20477295
 0.20477295
 0.19042969
 0.15655518
 0.10620117
 0.04638672
-0.01586914
-0.07385254
-0.12145996
-0.15747070
-0.18280029
-0.19622803
-0.19714355
-0.18554688
-0.16357422
-0.13397217
-0.10070801
-0.06866455
-0.04180908
-0.02380371
-0.01647949
-0.01922607
-0.03601074
-0.06713867
-0.10528564
-0.14099121
-0.16601563
-0.17578125
-0.17181396
-0.15686035
-0.13153076
-0.09338379
-0.04089355
 0.02563477
 0.10437012
 0.18859863
 0.29602051
 0.39672852
 0.44311523
 0.46142578
 0.43579102
 0.37109375
 0.32135010
 0.20111084
 0.06134033
-0.08148193
-0.21209717
-0.35522461
-0.40771484
-0.41564941
-0.37841797
-0.28381348
-0.16510010
-0.03906250
 0.08697510
 0.19470215
 0.37719727
 0.42663574
 0.40771484
 0.30487061
 0.20111084
 0.10162354
-0.01831055
-0.13336182
-0.23284912
-0.34423828
-0.38452148
-0.40405273
-0.40527344
-0.38391113
-0.33447266
-0.25817871
-0.14221191
 0.00854492
 0.18432617
 0.41564941
 0.62622070
 0.83068848
 1.01135254
 1.15173340
 1.22741699
 1.22558594
 1.13159180
 0.94116211
 0.67199707
 0.36834717
 0.06622314
-0.31066895
-0.66040039
-0.91125488
-1.08886719
-1.18347168
-1.19750977
-1.14196777
-1.02172852
-0.84777832
-0.64025879
-0.41015625
-0.21728516
-0.04516602
 0.09124756
 0.35217285
 0.37963867
 0.24841309
 0.08758545
-0.03265381
-0.18798828
-0.43823242
-0.57556152
-0.66467285
-0.70068359
-0.69702148
-0.65856934
-0.59082031
-0.50415039
-0.41015625
-0.34088135
-0.28686523
-0.22247314
-0.17395020
-0.14556885
-0.14190674
-0.16113281
-0.20385742
-0.30303955
-0.41381836
-0.48583984
-0.52612305
-0.51879883
-0.45898438
-0.33172607
-0.16815186
 0.01434326
 0.19897461
 0.45349121
 0.63049316
 0.74218750
 0.77087402
 0.70556641
 0.56396484
 0.37353516
 0.26245117
 0.09185791
-0.08117676
-0.27252197
-0.41809082
-0.48706055
-0.51086426
-0.47851563
-0.38513184
-0.18798828
 0.03295898
 0.28350830
 0.57495117
 0.90576172
 1.23840332
 1.54785156
 1.79931641
 1.94824219
 1.93847656
 1.73889160
 1.38427734
 0.95642090
 0.54077148
 0.35003662
 0.13763428
-0.02471924
-0.10375977
-0.10833740
-0.06042480
 0.02471924
 0.12664795
 0.26733398
 0.41503906
 0.47607422
 0.46203613
 0.29327393
 0.06988525
-0.16143799
-0.47668457
-0.79223633
-1.06750488
-1.26403809
-1.37084961
-1.38000488
-1.29394531
-1.12060547
-0.87524414
-0.57800293
-0.21575928
 0.12268066
 0.46020508
 0.79345703
 1.09558105
 1.34155273
 1.51245117
 1.59118652
 1.57592773
 1.47705078
 1.32141113
 1.12304688
 0.89721680
 0.65490723
 0.40832520
 0.21362305
-0.00061035
-0.18096924
-0.35461426
-0.44616699
-0.50476074
-0.53771973
-0.55969238
-0.57861328
-0.61035156
-0.66223145
-0.74218750
-0.85205078
-0.98205566
-1.11083984
-1.21643066
-1.27197266
-1.26098633
-1.17736816
-1.02050781
-0.79528809
-0.51757813
-0.17059326
 0.14190674
 0.49621582
 0.83740234
 1.14624023
 1.39404297
 1.53625488
 1.54174805
 1.39404297
 1.12609863
 0.78857422
 0.43457031
 0.21362305
-0.11810303
-0.52917480
-0.81176758
-1.06384277
-1.26098633
-1.38427734
-1.42150879
-1.37207031
-1.25488281
-1.08032227
-0.87219238
-0.65734863
-0.45410156
-0.34851074
-0.32623291
-0.28198242
-0.26062012
-0.25207520
-0.24353027
-0.22491455
-0.18920898
-0.12573242
-0.02410889
 0.10864258
 0.26702881
 0.44616699
 0.59936523
 0.71044922
 0.76538086
 0.75683594
 0.68298340
 0.56335449
 0.40893555
 0.32318115
 0.12664795
-0.09063721
-0.36865234
-0.55908203
-0.72082520
-0.83679199
-0.88867188
-0.88378906
-0.82092285
-0.70861816
-0.55908203
-0.38391113
-0.20629883
-0.02929688
 0.14862061
 0.39978027
 0.55969238
 0.68298340
 0.75439453
 0.77026367
 0.73425293
 0.65490723
 0.55725098
 0.45959473
 0.37658691
 0.34881592
 0.33569336
 0.32135010
 0.32409668
 0.35522461
 0.39978027
 0.43273926
 0.43457031
 0.38452148
 0.24993896
 0.07690430
-0.13946533
-0.38940430
-0.64025879
-0.85815430
-1.02905273
-1.13403320
-1.16882324
-1.12854004
-1.01745605
-0.83679199
-0.60119629
-0.30334473
 0.01190186
 0.32836914
 0.66772461
 0.98876953
 1.26831055
 1.47521973
 1.56921387
 1.52160645
 1.33300781
 1.04309082
 0.69946289
 0.41046143
 0.17578125
-0.10467529
-0.42785645
-0.61157227
-0.74951172
-0.83984375
-0.88012695
-0.86425781
-0.80017090
-0.69641113
-0.56213379
-0.41992188
-0.31829834
-0.26000977
-0.20141602
-0.16357422
-0.13946533
-0.11871338
-0.09216309
-0.05432129
-0.00061035
 0.07324219
 0.16723633
 0.27984619
 0.39672852
 0.54077148
 0.67993164
 0.79956055
 0.88989258
 0.93383789
 0.92346191
 0.86303711
 0.76232910
 0.63598633
 0.50354004
 0.37170410
 0.27923584
 0.15380859
 0.04119873
-0.05218506
-0.12298584
-0.16784668
-0.18676758
-0.18218994
-0.15716553
-0.11810303
-0.07324219
-0.03204346
 0.00000000
 0.01892090
 0.02532959
 0.02075195
 0.01190186
 0.00244141
-0.00427246
 0.00000000
 0.02288818
 0.06805420
 0.14007568
 0.26306152
 0.42297363
 0.58044434
 0.73913574
 0.88928223
 1.01379395
 1.09558105
 1.12854004
 1.10107422
 1.02233887
 0.90087891
 0.75317383
 0.59387207
 0.43518066
 0.30395508
 0.18859863
 0.07293701
-0.01129150
-0.06713867
-0.09918213
-0.11108398
-0.10620117
-0.08880615
-0.06195068
-0.03051758
 0.00183105
 0.03082275
 0.05432129
 0.06927490
 0.07476807
 0.07415771
 0.07141113
 0.06500244
 0.06072998
 0.06652832
 0.08697510
 0.11932373
 0.15991211
 0.20324707
 0.24230957
 0.27099609
 0.28411865
 0.27465820
 0.22583008
 0.13793945
 0.02349854
-0.10620117
-0.24261475
-0.38330078
-0.49743652
-0.59753418
-0.67443848
-0.72692871
-0.75317383
-0.74890137
-0.71594238
-0.65612793
-0.57556152
-0.47607422
-0.36621094
-0.28930664
-0.18463135
-0.08422852
 0.00457764
 0.07568359
 0.12268066
 0.13885498
 0.12725830
 0.08911133
 0.01373291
-0.08758545
-0.19927979
-0.34545898
-0.42846680
-0.49499512
-0.54931641
-0.59143066
-0.62561035
-0.66040039
-0.69702148
-0.73730469
-0.77941895
-0.82824707
-0.87158203
-0.91491699
-0.94482422
-0.95825195
-0.94787598
-0.90820313
-0.83984375
-0.73974609
-0.61645508
-0.47363281
-0.35888672
-0.26184082
-0.13031006
-0.01068115
 0.09063721
 0.17120361
 0.32043457
 0.31860352
 0.29205322
 0.28808594
 0.24658203
 0.17120361
 0.07629395
-0.02410889
-0.11932373
-0.19439697
-0.24108887
-0.26489258
-0.27038574
-0.25939941
-0.23223877
-0.18951416
-0.13427734
-0.07080078
-0.00610352
 0.05371094
 0.10345459
 0.13916016
 0.15869141
 0.16082764
 0.14556885
 0.10803223
 0.05645752
 0.00244141
-0.04364014
-0.07385254
-0.08575439
-0.08636475
-0.08056641
-0.07049561
-0.05737305
-0.04180908
-0.02532959
-0.00762939
 0.01037598
 0.02838135
 0.04608154
 0.06347656
 0.08148193
 0.09918213
 0.11749268
 0.13549805
 0.15289307
 0.16815186
 0.18066406
 0.19012451
 0.19714355
 0.20324707
 0.20965576
 0.21697998
 0.22277832
 0.22338867
 0.21362305
 0.18920898
 0.14678955
 0.09033203
 0.02838135
-0.02960205
-0.07324219
-0.09887695
-0.10559082
-0.09399414
-0.06469727
-0.01861572
 0.03997803
 0.10467529
 0.16815186
 0.22247314
 0.28717041
 0.31921387
 0.27374268
 0.24078369
 0.17150879
 0.07354736
-0.03295898
-0.13244629
-0.20996094
-0.25482178
-0.26885986
-0.26184082
-0.23681641
-0.19836426
-0.15319824
-0.10803223
-0.06927490
-0.04272461
-0.03143311
-0.03936768
-0.06408691
-0.10955811
-0.17822266
-0.25848389
-0.36010742
-0.41809082
-0.46691895
-0.49377441
-0.50170898
-0.48767090
-0.46142578
-0.41076660
-0.34667969
-0.30242920
-0.23132324
-0.15808105
-0.08758545
-0.02441406
 0.02899170
 0.07049561
 0.09826660
 0.11169434
 0.11688232
 0.11169434
 0.09582520
 0.07659912
 0.06225586
 0.06286621
 0.08178711
 0.11596680
 0.16357422
 0.22308350
 0.31372070
 0.40893555
 0.48034668
 0.53649902
 0.57922363
 0.60791016
 0.61767578
 0.61523438
 0.60424805
 0.58227539
 0.55480957
 0.52246094
 0.48950195
 0.45593262
 0.42663574
 0.40405273
 0.39062500
 0.38574219
 0.39245605
 0.40649414
 0.42663574
 0.44921875
 0.47363281
 0.49377441
 0.50781250
 0.51574707
 0.51269531
 0.49438477
 0.46325684
 0.41748047
 0.36010742
 0.27770996
 0.19989014
 0.11932373
 0.03906250
-0.03692627
-0.10650635
-0.16784668
-0.22003174
-0.26245117
-0.30120850
-0.32897949
-0.34912109
-0.36010742
-0.36804199
-0.37414551
-0.36926270
-0.35339355
-0.32958984
-0.30029297
-0.25726318
-0.20294189
-0.13824463
-0.06530762
 0.01098633
 0.08575439
 0.15472412
 0.21392822
 0.26062012
 0.29235840
 0.30578613
 0.29418945
 0.24566650
 0.16265869
 0.05310059
-0.07568359
-0.21453857
-0.35522461
-0.48034668
-0.59204102
-0.68847656
-0.76171875
-0.80627441
-0.82275391
-0.81176758
-0.77331543
-0.71533203
-0.63903809
-0.54687500
-0.44616699
-0.34118652
-0.27130127
-0.17639160
-0.08666992
-0.00579834
 0.06408691
 0.11779785
 0.15533447
 0.18371582
 0.20690918
 0.22491455
 0.23437500
 0.23162842
 0.21728516
 0.19378662
 0.16601563
 0.13946533
 0.11657715
 0.09674072
 0.07659912
 0.05554199
 0.03265381
 0.00915527
-0.01281738
-0.03143311
-0.04547119
-0.05371094
-0.05615234
-0.05279541
-0.04425049
-0.03051758
-0.01251221
 0.01007080
 0.03662109
 0.06683350
 0.10040283
 0.13549805
 0.17242432
 0.20874023
 0.24444580
 0.27801514
 0.30731201
 0.33020020
 0.34851074
 0.36254883
 0.37292480
 0.38330078
 0.38635254
 0.38757324
 0.38513184
 0.37475586
 0.35827637
 0.33081055
 0.29266357
 0.25115967
 0.20111084
 0.14495850
 0.08605957
 0.02746582
-0.02838135
-0.08026123
-0.12603760
-0.16448975
-0.19439697
-0.21362305
-0.22155762
-0.21759033
-0.20050049
-0.17059326
-0.12725830
-0.07110596
-0.00457764
 0.06958008
 0.14617920
 0.22033691
 0.33569336
 0.38879395
 0.41625977
 0.42297363
 0.41137695
 0.37414551
 0.34973145
 0.30578613
 0.21911621
 0.12420654
 0.02990723
-0.05310059
-0.11932373
-0.17272949
-0.21697998
-0.25177002
-0.27587891
-0.28930664
-0.29235840
-0.28533936
-0.26977539
-0.24658203
-0.21606445
-0.18035889
-0.14068604
-0.09918213
-0.05828857
-0.01953125
 0.01281738
 0.03784180
 0.05584717
 0.06622314
 0.06256104
 0.04241943
 0.00854492
-0.03417969
-0.07873535
-0.12084961
-0.15686035
-0.18981934
-0.22125244
-0.25268555
-0.28259277
-0.31280518
-0.33874512
-0.35522461
-0.36743164
-0.37048340
-0.37170410
-0.36621094
-0.35339355
-0.33569336
-0.31677246
-0.29846191
-0.27374268
-0.24658203
-0.21789551
-0.18890381
-0.15930176
-0.13031006
-0.10253906
-0.07537842
-0.04913330
-0.02441406
-0.00152588
 0.01861572
 0.03417969
 0.04302979
 0.04211426
 0.03082275
 0.00854492
-0.02197266
-0.05828857
-0.09796143
-0.13885498
-0.18005371
-0.21942139
-0.25451660
-0.28228760
-0.30059814
-0.31616211
-0.30609131
-0.28381348
-0.25268555
-0.20782471
-0.14953613
-0.08026123
-0.00335693
 0.07629395
 0.15411377
 0.22552490
 0.33142090
 0.36499023
 0.37841797
 0.37048340
 0.34179688
 0.34820557
 0.28686523
 0.20751953
 0.12054443
 0.03448486
-0.03997803
-0.09521484
-0.13671875
-0.16906738
-0.19287109
-0.20782471
-0.21484375
-0.21423340
-0.20660400
-0.19348145
-0.17425537
-0.15075684
-0.12268066
-0.09155273
-0.05737305
-0.02044678
 0.01739502
 0.05554199
 0.09246826
 0.12695313
 0.15838623
 0.18646240
 0.20996094
 0.22705078
 0.23468018
 0.22949219
 0.21209717
 0.18646240
 0.15808105
 0.13244629
 0.11230469
 0.09643555
 0.08361816
 0.07293701
 0.06408691
 0.05767822
 0.05371094
 0.05218506
 0.05371094
 0.05767822
 0.06378174
 0.07263184
 0.08300781
 0.09490967
 0.10742188
 0.12023926
 0.13244629
 0.14343262
 0.15258789
 0.16021729
 0.16693115
 0.17333984
 0.18035889
 0.18920898
 0.19989014
 0.21209717
 0.22552490
 0.23895264
 0.25085449
 0.25909424
 0.26214600
 0.25695801
 0.24261475
 0.21850586
 0.18646240
 0.14801025
 0.10498047
 0.05920410
 0.01159668
-0.03570557
-0.08087158
-0.12145996
-0.15441895
-0.17730713
-0.18829346
-0.18585205
-0.17028809
-0.14099121
-0.09765625
-0.04028320
 0.02899170
 0.10772705
 0.19042969
 0.29785156
 0.40100098
 0.46447754
 0.51086426
 0.53649902
 0.54016113
 0.52246094
 0.48583984
 0.43457031
 0.37170410
 0.31982422
 0.25085449
 0.17059326
 0.10314941
 0.04821777
-0.00030518
-0.04333496
-0.08026123
-0.11047363
-0.13366699
-0.14923096
-0.15777588
-0.15899658
-0.15411377
-0.14282227
-0.12573242
-0.10284424
-0.07415771
-0.03997803
 0.00000000
 0.04516602
 0.09460449
 0.14709473
 0.20080566
 0.25329590
 0.30578613
 0.34545898
 0.36987305
 0.37963867
 0.37902832
 0.36193848
 0.32836914
 0.31677246
 0.24932861
 0.17272949
 0.09338379
 0.01800537
-0.05249023
-0.12176514
-0.18981934
-0.25390625
-0.31524658
-0.36987305
-0.41137695
-0.44372559
-0.46752930
-0.47912598
-0.48217773
-0.47607422
-0.46081543
-0.43823242
-0.40588379
-0.36926270
-0.32714844
-0.30181885
-0.25421143
-0.20477295
-0.15502930
-0.10681152
-0.06256104
-0.02593994
 0.00366211
 0.02807617
 0.04699707
 0.05859375
 0.05920410
 0.04852295
 0.02868652
 0.00518799
-0.01708984
-0.03387451
-0.04547119
-0.05340576
-0.05859375
-0.06011963
-0.05828857
-0.05218506
-0.04211426
-0.02777100
-0.01037598
 0.00946045
 0.03112793
 0.05279541
 0.07415771
 0.09277344
 0.10742188
 0.11474609
 0.11322021
 0.10162354
 0.08300781
 0.06103516
 0.03906250
 0.02014160
 0.00427246
-0.00976563
-0.02197266
-0.03356934
-0.04516602
-0.05737305
-0.07110596
-0.08666992
-0.10467529
-0.12573242
-0.15014648
-0.17730713
-0.20660400
-0.23803711
-0.27008057
-0.30181885
-0.33203125
-0.36071777
-0.38635254
-0.40405273
-0.41503906
-0.42175293
-0.41687012
-0.40710449
-0.38879395
-0.36315918
-0.33447266
-0.31768799
-0.28594971
-0.25177002
-0.21728516
-0.18371582
-0.15258789
-0.12542725
-0.10192871
-0.08239746
-0.06835938
-0.06164551
-0.06378174
-0.07202148
-0.08331299
-0.09307861
-0.09948730
-0.10192871
-0.10131836
-0.09857178
-0.09338379
-0.08605957
-0.07507324
-0.06103516
-0.04333496
-0.02258301
 0.00091553
 0.02655029
 0.05340576
 0.08117676
 0.10894775
 0.13519287
 0.15991211
 0.18127441
 0.19775391
 0.20721436
 0.20874023
 0.20324707
 0.19409180
 0.18432617
 0.17639160
 0.17120361
 0.16845703
 0.16662598
 0.16601563
 0.16601563
 0.16662598
 0.16754150
 0.16876221
 0.17028809
 0.17181396
 0.17364502
 0.17517090
 0.17639160
 0.17730713
 0.17791748
 0.17883301
 0.18005371
 0.18157959
 0.18371582
 0.18646240
 0.19012451
 0.19500732
 0.20050049
 0.20660400
 0.21331787
 0.22003174
 0.22613525
 0.23132324
 0.23498535
 0.23651123
 0.23559570
 0.23223877
 0.22705078
 0.21942139
 0.20965576
 0.19744873
 0.18310547
 0.16632080
 0.14739990
 0.12634277
 0.10314941
 0.07873535
 0.05249023
 0.02593994
-0.00091553
-0.02746582
-0.05279541
-0.07598877
-0.09735107
-0.11627197
-0.13244629
-0.14617920
-0.15777588
-0.16754150
-0.17608643
-0.18402100
-0.19195557
-0.20050049
-0.21087646
-0.22277832
-0.23712158
-0.25360107
-0.27191162
-0.29235840
-0.31402588
-0.33752441
-0.35949707
-0.38085938
-0.40466309
-0.42602539
-0.44189453
-0.45532227
-0.46508789
-0.46997070
-0.46813965
-0.45959473
-0.44555664
-0.42724609
-0.40039063
-0.37048340
-0.33569336
-0.31585693
-0.27648926
-0.23223877
-0.18310547
-0.13061523
-0.07507324
-0.01739502
 0.04150391
 0.10101318
 0.15930176
 0.21392822
 0.26184082
 0.30303955
 0.32958984
 0.35583496
 0.37841797
 0.38757324
 0.39062500
 0.38696289
 0.37475586
 0.35278320
 0.32775879
 0.29449463
 0.26214600
 0.23223877
 0.20385742
 0.17700195
 0.15319824
 0.13305664
 0.11810303
 0.10833740
 0.10375977
 0.10345459
 0.10742188
 0.11413574
 0.12359619
 0.13519287
 0.14770508
 0.16113281
 0.17486572
 0.18890381
 0.20385742
 0.21911621
 0.23559570
 0.25299072
 0.27130127
 0.28991699
 0.30822754
 0.32714844
 0.33996582
 0.34484863
 0.34729004
 0.34179688
 0.32592773
 0.30059814
 0.27099609
 0.23651123
 0.19836426
 0.15777588
 0.11627197
 0.07507324
 0.03570557
-0.00061035
-0.03234863
-0.05859375
-0.07843018
-0.09246826
-0.10101318
-0.10375977
-0.10253906
-0.09735107
-0.08972168
-0.08056641
-0.07141113
-0.06286621
-0.05676270
-0.05401611
-0.05615234
-0.06286621
-0.07385254
-0.08850098
-0.10437012
-0.12084961
-0.13732910
-0.15289307
-0.16845703
-0.18310547
-0.19683838
-0.20904541
-0.21942139
-0.22827148
-0.23468018
-0.23834229
-0.23986816
-0.23895264
-0.23590088
-0.23010254
-0.22216797
-0.21148682
-0.19836426
-0.18310547
-0.16571045
-0.14617920
-0.12512207
-0.10223389
-0.07843018
-0.05340576
-0.02807617
-0.00244141
 0.02288818
 0.04821777
 0.07202148
 0.09368896
 0.11322021
 0.12847900
 0.13977051
 0.14648438
 0.14892578
 0.14892578
 0.14770508
 0.14556885
 0.14282227
 0.13916016
 0.13366699
 0.12664795
 0.11810303
 0.10803223
 0.09735107
 0.08666992
 0.07659912
 0.06805420
 0.06134033
 0.05676270
 0.05462646
 0.05554199
 0.05920410
 0.06652832
 0.07659912
 0.08941650
 0.10467529
 0.12145996
 0.13946533
 0.15808105
 0.17578125
 0.19195557
 0.20538330
 0.21514893
 0.22033691
 0.22033691
 0.21606445
 0.20843506
 0.19897461
 0.18859863
 0.17822266
 0.16723633
 0.15655518
 0.14617920
 0.13549805
 0.12542725
 0.11566162
 0.10620117
 0.09643555
 0.08697510
 0.07720947
 0.06713867
 0.05584717
 0.04394531
 0.03143311
 0.01831055
 0.00518799
-0.00885010
-0.02258301
-0.03723145
-0.05249023
-0.06896973
-0.08605957
-0.10498047
-0.12542725
-0.14739990
-0.17059326
-0.19470215
-0.21911621
-0.24353027
-0.26702881
-0.28930664
-0.31097412
-0.32897949
-0.34667969
-0.35827637
-0.36804199
-0.37658691
-0.37597656
-0.37780762
-0.37536621
-0.36987305
-0.36376953
-0.35705566
-0.34912109
-0.34179688
-0.33508301
-0.33020020
-0.32287598
-0.31799316
-0.31036377
-0.30334473
-0.29846191
-0.29266357
-0.28533936
-0.27648926
-0.26611328
-0.25360107
-0.23895264
-0.22277832
-0.20538330
-0.18676758
-0.16723633
-0.14801025
-0.12878418
-0.11108398
-0.09460449
-0.08056641
-0.06896973
-0.05981445
-0.05371094
-0.04882813
-0.04455566
-0.03997803
-0.03479004
-0.02929688
-0.02380371
-0.01770020
-0.01220703
-0.00732422
-0.00366211
-0.00061035
 0.00183105
 0.00396729
 0.00640869
 0.00885010
 0.01251221
 0.01739502
 0.02380371
 0.03143311
 0.04058838
 0.05126953
 0.06317139
 0.07568359
 0.08880615
 0.10162354
 0.11413574
 0.12512207
 0.13427734
 0.14099121
 0.14495850
 0.14556885
 0.14373779
 0.13916016
 0.13214111
 0.12359619
 0.11413574
 0.10345459
 0.09155273
 0.07904053
 0.06530762
 0.05065918
 0.03540039
 0.01983643
 0.00396729
-0.01190186
-0.02716064
-0.04180908
-0.05584717
-0.06805420
-0.07843018
-0.08697510
-0.09338379
-0.09796143
-0.10070801
-0.10162354
-0.10131836
-0.09948730
-0.09613037
-0.09185791
-0.08697510
-0.08148193
-0.07598877
-0.07019043
-0.06469727
-0.05920410
-0.05401611
-0.04913330
-0.04425049
-0.03906250
-0.03356934
-0.02807617
-0.02288818
-0.01800537
-0.01403809
-0.01129150
-0.00976563
-0.00946045
-0.01068115
-0.01281738
-0.01556396
-0.01861572
-0.02075195
-0.02166748
-0.02044678
-0.01678467
-0.01007080
 0.00000000
 0.01342773
 0.03051758
 0.05126953
 0.07598877
 0.10314941
 0.13305664
 0.16510010
 0.19897461
 0.23345947
 0.26763916
 0.30334473
 0.33325195
 0.35278320
 0.36560059
 0.37170410
 0.37353516
 0.37109375
 0.35827637
 0.34606934
 0.32653809
 0.30151367
 0.28228760
 0.26428223
 0.24658203
 0.22918701
 0.21331787
 0.19958496
 0.18859863
 0.18127441
 0.17730713
 0.17608643
 0.17791748
 0.18249512
 0.18920898
 0.19775391
 0.20690918
 0.21697998
 0.22766113
 0.23834229
 0.24902344
 0.26000977
 0.27069092
 0.28106689
 0.29022217
 0.29754639
 0.30181885
 0.30303955
 0.29998779
 0.29235840
 0.27984619
 0.26275635
 0.24139404
 0.21636963
 0.18920898
 0.16082764
 0.13214111
 0.10406494
 0.07812500
 0.05432129
 0.03387451
 0.01739502
 0.00457764
-0.00396729
-0.00823975
-0.00915527
-0.00610352
 0.00000000
 0.00823975
 0.01861572
 0.03051758
 0.04302979
 0.05645752
 0.06958008
 0.08209229
 0.09338379
 0.10375977
 0.11169434
 0.11779785
 0.12115479
 0.12207031
 0.11993408
 0.11413574
 0.10467529
 0.09185791
 0.07568359
 0.05615234
 0.03417969
 0.01037598
-0.01495361
-0.04058838
-0.06561279
-0.09002686
-0.11260986
-0.13275146
-0.14984131
-0.16326904
-0.17303467
-0.17883301
-0.18066406
-0.17883301
-0.17333984
-0.16448975
-0.15350342
-0.14099121
-0.12695313
-0.11230469
-0.09796143
-0.08483887
-0.07354736
-0.06500244
-0.05981445
-0.05798340
-0.05950928
-0.06408691
-0.07080078
-0.07904053
-0.08850098
-0.09887695
-0.10986328
-0.12115479
-0.13244629
-0.14373779
-0.15441895
-0.16357422
-0.17150879
-0.17822266
-0.18310547
-0.18615723
-0.18768311
-0.18707275
-0.18463135
-0.18096924
-0.17639160
-0.17089844
-0.16510010
-0.15991211
-0.15533447
-0.15197754
-0.15075684
-0.15167236
-0.15563965
-0.16204834
-0.17181396
-0.18432617
-0.19866943
-0.21484375
-0.23162842
-0.24871826
-0.26611328
-0.28320313
-0.29937744
-0.31555176
-0.33020020
-0.34301758
-0.35400391
-0.36071777
-0.36499023
-0.37292480
-0.37597656
-0.37780762
-0.37658691
-0.37170410
-0.36682129
-0.35949707
-0.34667969
-0.33630371
-0.32104492
-0.30426025
-0.28564453
-0.26550293
-0.24353027
-0.22094727
-0.19744873
-0.17333984
-0.14984131
-0.12634277
-0.10345459
-0.08148193
-0.06072998
-0.04119873
-0.02319336
-0.00579834
 0.01068115
 0.02746582
 0.04486084
 0.06286621
 0.08178711
 0.10131836
 0.12084961
 0.14038086
 0.15930176
 0.17669678
 0.19256592
 0.20660400
 0.21881104
 0.22918701
 0.23834229
 0.24719238
 0.25604248
 0.26550293
 0.27618408
 0.28778076
 0.29998779
 0.31372070
 0.32714844
 0.34179688
 0.35034180
 0.35949707
 0.36926270
 0.37353516
 0.37475586
 0.37597656
 0.37231445
 0.36315918
 0.35400391
 0.34118652
 0.32470703
 0.30242920
 0.28350830
 0.26397705
 0.24475098
 0.22552490
 0.20751953
 0.19104004
 0.17639160
 0.16357422
 0.15258789
 0.14312744
 0.13580322
 0.12969971
 0.12481689
 0.12054443
 0.11627197
 0.11260986
 0.10925293
 0.10589600
 0.10284424
 0.09979248
 0.09674072
 0.09368896
 0.09063721
 0.08758545
 0.08422852
 0.08026123
 0.07598877
 0.07049561
 0.06378174
 0.05493164
 0.04425049
 0.03173828
 0.01800537
 0.00305176
-0.01281738
-0.02899170
-0.04516602
-0.06072998
-0.07507324
-0.08758545
-0.09857178
-0.10742188
-0.11444092
-0.11962891
-0.12359619
-0.12634277
-0.12817383
-0.12939453
-0.13031006
-0.13092041
-0.13153076
-0.13183594
-0.13214111
