 0.00061035
 0.00030518
 0.00030518
 0.00030518
 0.00030518
 0.00030518
 0.00030518
 0.00030518
 0.00030518
 0.00091553
 0.00122070
 0.00183105
 0.00213623
 0.00213623
 0.00213623
 0.00213623
 0.00183105
 0.00152588
 0.00122070
 0.00122070
 0.00091553
 0.00091553
 0.00091553
 0.00091553
 0.00091553
 0.00091553
 0.00091553
 0.00091553
 0.00091553
 0.00091553
 0.00061035
 0.00061035
 0.00030518
 0.00030518
 0.00030518
 0.00000000
 0.00000000
-0.00030518
-0.00030518
-0.00061035
-0.00091553
-0.00122070
-0.00091553
-0.00122070
-0.00091553
-0.00091553
-0.00061035
 0.00000000
 0.00000000
 0.00030518
 0.00030518
 0.00061035
 0.00091553
 0.00091553
 0.00122070
 0.00091553
 0.00091553
 0.00061035
 0.00000000
 0.00000000
 0.00000000
 0.00000000
 0.00000000
 0.00000000
-0.00030518
-0.00030518
-0.00061035
-0.00061035
-0.00061035
-0.00061035
-0.00030518
-0.00030518
-0.00061035
-0.00091553
-0.00122070
-0.00183105
-0.00183105
-0.00183105
-0.00183105
-0.00183105
-0.00152588
-0.00122070
-0.00091553
-0.00061035
-0.00030518
 0.00030518
 0.00061035
 0.00030518
 0.00061035
 0.00061035
 0.00061035
 0.00061035
 0.00030518
-0.00030518
-0.00091553
-0.00122070
-0.00152588
-0.00183105
-0.00183105
-0.00213623
-0.00244141
-0.00244141
-0.00274658
-0.00274658
-0.00274658
-0.00244141
-0.00213623
-0.00213623
-0.00213623
-0.00152588
-0.00152588
-0.00152588
-0.00122070
-0.00091553
-0.00091553
-0.00091553
-0.00091553
-0.00061035
-0.00030518
-0.00030518
 0.00000000
 0.00030518
 0.00061035
 0.00061035
 0.00061035
 0.00061035
 0.00061035
 0.00000000
-0.00030518
-0.00091553
-0.00152588
-0.00183105
-0.00213623
-0.00244141
-0.00244141
-0.00274658
-0.00305176
-0.00305176
-0.00305176
-0.00305176
-0.00274658
-0.00213623
-0.00152588
-0.00122070
-0.00091553
-0.00061035
-0.00061035
-0.00030518
 0.00000000
 0.00000000
 0.00000000
 0.00000000
 0.00000000
-0.00030518
-0.00061035
-0.00122070
-0.00122070
-0.00122070
-0.00183105
-0.00183105
-0.00183105
-0.00213623
-0.00213623
-0.00244141
-0.00244141
-0.00244141
-0.00213623
-0.00244141
-0.00244141
-0.00244141
-0.00244141
-0.00274658
-0.00305176
-0.00305176
-0.00274658
-0.00244141
-0.00213623
-0.00183105
-0.00152588
-0.00122070
-0.00122070
-0.00122070
-0.00122070
-0.00152588
-0.00183105
-0.00244141
-0.00335693
-0.00427246
-0.00549316
-0.00610352
-0.00640869
-0.00610352
-0.00396729
 0.00000000
 0.00610352
 0.01525879
 0.02716064
 0.04241943
 0.06011963
 0.07965088
 0.09948730
 0.11779785
 0.13153076
 0.13610840
 0.12481689
 0.09338379
 0.04089355
-0.02838135
-0.10711670
-0.18676758
-0.25634766
-0.31372070
-0.35522461
-0.36437988
-0.33203125
-0.25207520
-0.15045166
-0.01464844
 0.14160156
 0.36071777
 0.53527832
 0.67321777
 0.75744629
 0.76049805
 0.67016602
 0.49255371
 0.27404785
 0.05584717
-0.22247314
-0.47058105
-0.61950684
-0.70251465
-0.71594238
-0.66589355
-0.56030273
-0.41320801
-0.25573730
-0.12176514
-0.00854492
 0.07171631
 0.11535645
 0.12298584
 0.09826660
 0.05462646
 0.00701904
-0.04211426
-0.07690430
-0.08239746
-0.05462646
 0.00091553
 0.08087158
 0.17547607
 0.34545898
 0.44311523
 0.51330566
 0.53649902
 0.50476074
 0.42602539
 0.33294678
 0.22918701
 0.08392334
-0.06622314
-0.20874023
-0.37414551
-0.45837402
-0.51879883
-0.55175781
-0.56091309
-0.54626465
-0.51025391
-0.44799805
-0.35766602
-0.26763916
-0.13854980
 0.00823975
 0.16265869
 0.37536621
 0.52429199
 0.64331055
 0.71838379
 0.72875977
 0.67382813
 0.56091309
 0.40100098
 0.29449463
 0.11901855
-0.05798340
-0.25115967
-0.39794922
-0.47180176
-0.49316406
-0.47485352
-0.41137695
-0.31066895
-0.20385742
-0.09735107
 0.00213623
 0.08331299
 0.13763428
 0.16113281
 0.15289307
 0.11657715
 0.05859375
-0.02441406
-0.11291504
-0.18920898
-0.23773193
-0.24841309
-0.22827148
-0.18188477
-0.11108398
-0.02197266
 0.07659912
 0.17425537
 0.33874512
 0.40954590
 0.44921875
 0.44067383
 0.38818359
 0.30853271
 0.21179199
 0.06805420
-0.08789063
-0.26489258
-0.41198730
-0.48767090
-0.52001953
-0.50476074
-0.44677734
-0.35339355
-0.24719238
-0.14404297
-0.04272461
 0.04669189
 0.11718750
 0.16632080
 0.19378662
 0.19989014
 0.18920898
 0.16754150
 0.13000488
 0.08270264
 0.03417969
-0.00854492
-0.03967285
-0.05859375
-0.06896973
-0.07293701
-0.06988525
-0.05859375
-0.03906250
-0.01220703
 0.02014160
 0.05401611
 0.08483887
 0.10803223
 0.11993408
 0.11535645
 0.08636475
 0.03662109
-0.02227783
-0.07904053
-0.12664795
-0.16021729
-0.18096924
-0.19348145
-0.19927979
-0.19683838
-0.18371582
-0.15777588
-0.11749268
-0.06164551
 0.00640869
 0.07904053
 0.14709473
 0.20263672
 0.24108887
 0.25939941
 0.25390625
 0.21789551
 0.14831543
 0.06439209
-0.01464844
-0.07293701
-0.09521484
-0.07781982
-0.02929688
 0.04516602
 0.13336182
 0.21697998
 0.35217285
 0.38940430
 0.35827637
 0.21331787
 0.07781982
-0.10772705
-0.36560059
-0.55175781
-0.69335938
-0.77514648
-0.80139160
-0.76904297
-0.68481445
-0.55664063
-0.39428711
-0.22888184
-0.05737305
 0.10925293
 0.36132813
 0.49987793
 0.59082031
 0.62255859
 0.59631348
 0.52185059
 0.41687012
 0.33538818
 0.25939941
 0.14801025
 0.04852295
-0.02136230
-0.04821777
-0.03997803
-0.00488281
 0.05157471
 0.11871338
 0.18371582
 0.23651123
 0.33325195
 0.33325195
 0.26580811
 0.23376465
 0.17944336
 0.10559082
 0.02563477
-0.05157471
-0.11810303
-0.16693115
-0.20080566
-0.22247314
-0.23376465
-0.23406982
-0.22430420
-0.20477295
-0.17852783
-0.14923096
-0.12054443
-0.09704590
-0.08239746
-0.07812500
-0.08605957
-0.11047363
-0.14587402
-0.17822266
-0.19317627
-0.18157959
-0.14434814
-0.08209229
 0.00244141
 0.09857178
 0.19287109
 0.36071777
 0.42846680
 0.46325684
 0.46325684
 0.43273926
 0.38818359
 0.34118652
 0.36529541
 0.30456543
 0.22277832
 0.12023926
-0.00030518
-0.13061523
-0.26062012
-0.37902832
-0.50354004
-0.59997559
-0.66162109
-0.68237305
-0.65490723
-0.59143066
-0.49377441
-0.36560059
-0.26092529
-0.13183594
-0.00885010
 0.09704590
 0.17883301
 0.33081055
 0.33447266
 0.26947021
 0.25787354
 0.23681641
 0.20355225
 0.16723633
 0.13610840
 0.11749268
 0.11474609
 0.12207031
 0.13275146
 0.14221191
 0.14709473
 0.14282227
 0.12451172
 0.08972168
 0.04394531
-0.00579834
-0.05187988
-0.08880615
-0.11383057
-0.12847900
-0.13549805
-0.13671875
-0.13549805
-0.13427734
-0.13610840
-0.14282227
-0.15350342
-0.16448975
-0.16693115
-0.15289307
-0.11962891
-0.06500244
 0.01159668
 0.10406494
 0.20080566
 0.37170410
 0.45959473
 0.51635742
 0.53771973
 0.52917480
 0.48889160
 0.43029785
 0.36437988
 0.36376953
 0.27954102
 0.19012451
 0.10314941
 0.03112793
-0.02258301
-0.06256104
-0.09063721
-0.10711670
-0.11291504
-0.11047363
-0.10101318
-0.08605957
-0.06561279
-0.04028320
-0.01098633
 0.02105713
 0.05371094
 0.08300781
 0.10711670
 0.12268066
 0.12695313
 0.11413574
 0.08636475
 0.05462646
 0.03112793
 0.02655029
 0.04119873
 0.06896973
 0.10314941
 0.13610840
 0.16143799
 0.17181396
 0.16174316
 0.12298584
 0.05065918
-0.03906250
-0.12878418
-0.20385742
-0.25207520
-0.26977539
-0.26519775
-0.24353027
-0.20965576
-0.16937256
-0.12939453
-0.09460449
-0.06835938
-0.05157471
-0.04364014
-0.04302979
-0.04425049
-0.04730225
-0.04852295
-0.04150391
-0.02319336
 0.00549316
 0.04028320
 0.07781982
 0.11352539
 0.14373779
 0.16479492
 0.17608643
 0.17242432
 0.15075684
 0.11840820
 0.08422852
 0.05645752
 0.03967285
 0.03326416
 0.03112793
 0.02929688
 0.02410889
 0.01159668
-0.01190186
-0.04791260
-0.09307861
-0.14099121
-0.18463135
-0.21667480
-0.23376465
-0.23376465
-0.21820068
-0.18798828
-0.14465332
-0.09216309
-0.03570557
 0.01922607
 0.06835938
 0.10864258
 0.13946533
 0.16082764
 0.17211914
 0.17669678
 0.17120361
 0.15533447
 0.13244629
 0.10437012
 0.07324219
 0.03906250
-0.00061035
-0.04669189
-0.09643555
-0.14343262
-0.18005371
-0.20111084
-0.20568848
-0.19470215
-0.17150879
-0.13793945
-0.09704590
-0.05249023
-0.00854492
 0.03234863
 0.06805420
 0.09765625
 0.12023926
 0.13641357
 0.14923096
 0.15655518
 0.15838623
 0.15441895
 0.14434814
 0.12725830
 0.09826660
 0.05432129
-0.00671387
-0.08148193
-0.16235352
-0.23956299
-0.30883789
-0.37109375
-0.41076660
-0.43151855
-0.42968750
-0.41137695
-0.38208008
-0.33691406
-0.31219482
-0.26306152
-0.20935059
-0.15411377
-0.09918213
-0.04516602
 0.00732422
 0.05859375
 0.10620117
 0.14434814
 0.17364502
 0.19561768
 0.20812988
 0.20538330
 0.18402100
 0.14953613
 0.11138916
 0.07934570
 0.05981445
 0.05432129
 0.05706787
 0.06408691
 0.07354736
 0.08270264
 0.08880615
 0.08728027
 0.07202148
 0.03631592
-0.01983643
-0.09155273
-0.17028809
-0.24505615
-0.30761719
-0.35888672
-0.39123535
-0.39306641
-0.37475586
-0.33630371
-0.29846191
-0.24658203
-0.18615723
-0.11993408
-0.04974365
 0.02288818
 0.09674072
 0.16998291
 0.24047852
 0.31219482
 0.36987305
 0.40832520
 0.43640137
 0.44372559
 0.43151855
 0.39916992
 0.34667969
 0.29876709
 0.20141602
 0.09582520
-0.00671387
-0.09460449
-0.16326904
-0.21606445
-0.25207520
-0.27099609
-0.27465820
-0.26489258
-0.24444580
-0.21667480
-0.18524170
-0.15350342
-0.12268066
-0.09368896
-0.06713867
-0.04241943
-0.01708984
 0.01098633
 0.04302979
 0.08026123
 0.12176514
 0.16723633
 0.21270752
 0.25421143
 0.28778076
 0.31036377
 0.31951904
 0.30639648
 0.26702881
 0.20721436
 0.13397217
 0.05279541
-0.02960205
-0.10711670
-0.17944336
-0.24688721
-0.31250000
-0.36621094
-0.39978027
-0.41320801
-0.39672852
-0.36010742
-0.31066895
-0.25573730
-0.18463135
-0.10742188
-0.02868652
 0.04669189
 0.11444092
 0.17211914
 0.21820068
 0.25177002
 0.26977539
 0.27526855
 0.26550293
 0.23590088
 0.19134521
 0.13916016
 0.08544922
 0.03753662
 0.00000000
-0.03112793
-0.06011963
-0.08911133
-0.11901855
-0.14953613
-0.17944336
-0.20782471
-0.23193359
-0.24993896
-0.25848389
-0.25634766
-0.24200439
-0.21545410
-0.17730713
-0.12847900
-0.07202148
-0.01220703
 0.04760742
 0.10406494
 0.15594482
 0.20202637
 0.24169922
 0.27313232
 0.29479980
 0.30761719
 0.30609131
 0.28747559
 0.25451660
 0.21270752
 0.16906738
 0.13000488
 0.09826660
 0.07049561
 0.04272461
 0.01312256
-0.01953125
-0.05401611
-0.08941650
-0.12329102
-0.15411377
-0.18066406
-0.20111084
-0.21484375
-0.22064209
-0.21820068
-0.20721436
-0.18798828
-0.16113281
-0.12695313
-0.08636475
-0.04058838
 0.00793457
 0.05706787
 0.10559082
 0.15197754
 0.19470215
 0.23071289
 0.25909424
 0.28167725
 0.29632568
 0.29876709
 0.28594971
 0.25848389
 0.21972656
 0.17425537
 0.12573242
 0.07690430
 0.02532959
-0.02960205
-0.08758545
-0.14495850
-0.19836426
-0.24353027
-0.27740479
-0.29846191
-0.30975342
-0.30090332
-0.28381348
-0.25512695
-0.21606445
-0.16815186
-0.11352539
-0.05493164
 0.00518799
 0.06500244
 0.12145996
 0.17333984
 0.21759033
 0.25146484
 0.27221680
 0.28259277
 0.27465820
 0.24322510
 0.19012451
 0.12237549
 0.04852295
-0.02410889
-0.08819580
-0.14190674
-0.18920898
-0.22888184
-0.25909424
-0.27832031
-0.28503418
-0.28015137
-0.26428223
-0.23895264
-0.20477295
-0.16418457
-0.11962891
-0.07324219
-0.02655029
 0.01861572
 0.06225586
 0.10253906
 0.13702393
 0.16510010
 0.18920898
 0.20904541
 0.22216797
 0.22644043
 0.22003174
 0.20538330
 0.18585205
 0.16571045
 0.14739990
 0.13092041
 0.11383057
 0.09460449
 0.07171631
 0.04455566
 0.01342773
-0.02044678
-0.05493164
-0.08697510
-0.11413574
-0.13397217
-0.14404297
-0.14404297
-0.13397217
-0.11474609
-0.08789063
-0.05523682
-0.01922607
 0.01678467
 0.04974365
 0.07751465
 0.09765625
 0.11047363
 0.11505127
 0.10803223
 0.09216309
 0.07385254
 0.05950928
 0.05432129
 0.05859375
 0.06805420
 0.07965088
 0.09063721
 0.09826660
 0.09857178
 0.08728027
 0.06225586
 0.02471924
-0.02044678
-0.06805420
-0.11413574
-0.15594482
-0.19317627
-0.22521973
-0.25054932
-0.26794434
-0.27557373
-0.27252197
-0.25817871
-0.23193359
-0.19287109
-0.14160156
-0.08026123
-0.01159668
 0.05981445
 0.12939453
 0.19226074
 0.24627686
 0.29876709
 0.32226563
 0.32531738
 0.33355713
 0.30792236
 0.26031494
 0.19866943
 0.13122559
 0.06683350
 0.01464844
-0.02288818
-0.05096436
-0.07232666
-0.08911133
-0.10131836
-0.11169434
-0.12084961
-0.13122559
-0.14282227
-0.15563965
-0.16937256
-0.18096924
-0.18829346
-0.18859863
-0.18127441
-0.16601563
-0.14312744
-0.11322021
-0.07751465
-0.03631592
 0.00885010
 0.05554199
 0.10162354
 0.14434814
 0.18157959
 0.20965576
 0.22857666
 0.23529053
 0.22308350
 0.19042969
 0.14282227
 0.08789063
 0.03448486
-0.00946045
-0.04089355
-0.06195068
-0.07537842
-0.08117676
-0.08026123
-0.07293701
-0.06042480
-0.04486084
-0.02777100
-0.01068115
 0.00457764
 0.01586914
 0.02075195
 0.01678467
 0.00396729
-0.01312256
-0.02990723
-0.04058838
-0.04272461
-0.03692627
-0.02410889
-0.00579834
 0.01678467
 0.04241943
 0.06958008
 0.09613037
 0.12115479
 0.14282227
 0.15930176
 0.16754150
 0.16265869
 0.14373779
 0.11413574
 0.07873535
 0.04241943
 0.00946045
-0.01861572
-0.04302979
-0.06378174
-0.08056641
-0.09246826
-0.09887695
-0.09857178
-0.09216309
-0.08026123
-0.06378174
-0.04272461
-0.01831055
 0.00915527
 0.03814697
 0.06744385
 0.09582520
 0.12207031
 0.14465332
 0.16235352
 0.17211914
 0.17120361
 0.15991211
 0.14129639
 0.12115479
 0.10284424
 0.08758545
 0.07354736
 0.05798340
 0.03875732
 0.01434326
-0.01586914
-0.05035400
-0.08697510
-0.12298584
-0.15563965
-0.18249512
-0.20263672
-0.21423340
-0.21667480
-0.21026611
-0.19439697
-0.17059326
-0.13824463
-0.09887695
-0.05371094
-0.00488281
 0.04486084
 0.09246826
 0.13549805
 0.17272949
 0.19989014
 0.21759033
 0.22430420
 0.21423340
 0.18707275
 0.14801025
 0.10406494
 0.06195068
 0.02746582
 0.00091553
-0.02166748
-0.04241943
-0.06134033
-0.07904053
-0.09368896
-0.10467529
-0.11077881
-0.11230469
-0.10925293
-0.10131836
-0.08911133
-0.07354736
-0.05432129
-0.03234863
-0.00762939
 0.01892090
 0.04760742
 0.07659912
 0.10589600
 0.13397217
 0.16021729
 0.18310547
 0.20080566
 0.20965576
 0.20629883
 0.19042969
 0.16479492
 0.13305664
 0.09979248
 0.06774902
 0.03723145
 0.00793457
-0.02105713
-0.04821777
-0.07293701
-0.09368896
-0.10955811
-0.11993408
-0.12542725
-0.12542725
-0.12145996
-0.11322021
-0.10131836
-0.08636475
-0.06896973
-0.04943848
-0.02868652
-0.00732422
 0.01403809
 0.03479004
 0.05462646
 0.07202148
 0.08605957
 0.09643555
 0.10131836
 0.10131836
 0.09613037
 0.08666992
 0.07415771
 0.05889893
 0.04180908
 0.02349854
 0.00396729
-0.01586914
-0.03631592
-0.05584717
-0.07476807
-0.09216309
-0.10803223
-0.12237549
-0.13458252
-0.14526367
-0.15411377
-0.16082764
-0.16540527
-0.16693115
-0.16510010
-0.15960693
-0.15106201
-0.13916016
-0.12481689
-0.10833740
-0.09063721
-0.07202148
-0.05310059
-0.03479004
-0.01861572
-0.00488281
 0.00488281
 0.01007080
 0.01037598
 0.00732422
 0.00152588
-0.00549316
-0.01220703
-0.01892090
-0.02624512
-0.03356934
-0.04150391
-0.04943848
-0.05706787
-0.06408691
-0.06988525
-0.07446289
-0.07720947
-0.07843018
-0.07781982
-0.07507324
-0.07110596
-0.06530762
-0.05859375
-0.05096436
-0.04333496
-0.03570557
-0.02868652
-0.02258301
-0.01800537
-0.01464844
-0.01251221
-0.01129150
-0.01068115
-0.00976563
-0.00854492
-0.00640869
-0.00305176
 0.00091553
 0.00610352
 0.01281738
 0.02014160
 0.02746582
 0.03417969
 0.03967285
 0.04241943
 0.04302979
 0.04119873
 0.03692627
 0.03234863
 0.02807617
 0.02532959
 0.02471924
 0.02685547
 0.03143311
 0.03845215
 0.04730225
 0.05767822
 0.06835938
 0.07873535
 0.08819580
 0.09582520
 0.10070801
 0.10284424
 0.10253906
 0.10070801
 0.09857178
 0.09735107
 0.09704590
 0.09796143
 0.10040283
 0.10284424
 0.10437012
 0.10437012
 0.10131836
 0.09460449
 0.08392334
 0.06927490
 0.05187988
 0.03234863
 0.01190186
-0.00823975
-0.02746582
-0.04547119
-0.06072998
-0.07263184
-0.08056641
-0.08392334
-0.08300781
-0.07843018
-0.06988525
-0.05920410
-0.04669189
-0.03295898
-0.01953125
-0.00732422
 0.00274658
 0.00976563
 0.01251221
 0.01129150
 0.00732422
 0.00152588
-0.00488281
-0.01037598
-0.01464844
-0.01708984
-0.01739502
-0.01647949
-0.01342773
-0.00915527
-0.00396729
 0.00183105
 0.00762939
 0.01281738
 0.01678467
 0.01953125
 0.02075195
 0.02044678
 0.01922607
 0.01678467
 0.01373291
 0.01098633
 0.00854492
 0.00732422
 0.00701904
 0.00793457
 0.01007080
 0.01373291
 0.01800537
 0.02319336
 0.02838135
 0.03295898
 0.03692627
 0.03906250
 0.03845215
 0.03509521
 0.02807617
 0.01770020
 0.00427246
-0.01159668
-0.02868652
-0.04608154
-0.06317139
-0.07934570
-0.09399414
-0.10650635
-0.11627197
-0.12329102
-0.12786865
-0.12908936
-0.12786865
-0.12390137
-0.11749268
-0.10894775
-0.09857178
-0.08605957
-0.07110596
-0.05462646
-0.03570557
-0.01525879
 0.00671387
 0.02960205
 0.05310059
 0.07598877
 0.09735107
 0.11596680
 0.12969971
 0.13671875
 0.13549805
 0.12664795
 0.11138916
 0.09246826
 0.07171631
 0.04974365
 0.02716064
 0.00366211
-0.01983643
-0.04302979
-0.06469727
-0.08300781
-0.09735107
-0.10711670
-0.11138916
-0.11077881
-0.10528564
-0.09490967
-0.07995605
-0.06134033
-0.03997803
-0.01678467
 0.00732422
 0.03143311
 0.05462646
 0.07507324
 0.09155273
 0.10162354
 0.10284424
 0.09460449
 0.07904053
 0.06042480
 0.04119873
 0.02380371
 0.00854492
-0.00518799
-0.01770020
-0.02960205
-0.04058838
-0.05065918
-0.05920410
-0.06652832
-0.07263184
-0.07720947
-0.08056641
-0.08270264
-0.08392334
-0.08361816
-0.08178711
-0.07781982
-0.07141113
-0.06195068
-0.05035400
-0.03601074
-0.01922607
-0.00061035
 0.01922607
 0.03967285
 0.05950928
 0.07781982
 0.09338379
 0.10406494
 0.10894775
 0.10711670
 0.09887695
 0.08605957
 0.07080078
 0.05462646
 0.03875732
 0.02288818
 0.00732422
-0.00793457
-0.02288818
-0.03692627
-0.04974365
-0.06042480
-0.06927490
-0.07598877
-0.08026123
-0.08239746
-0.08148193
-0.07751465
-0.07049561
-0.06011963
-0.04760742
-0.03295898
-0.01678467
 0.00030518
 0.01770020
 0.03448486
 0.05004883
 0.06347656
 0.07354736
 0.07995605
 0.08239746
 0.08178711
 0.07843018
 0.07385254
 0.06805420
 0.06103516
 0.05310059
 0.04364014
 0.03234863
 0.01861572
 0.00335693
-0.01342773
-0.03112793
-0.04821777
-0.06469727
-0.07934570
-0.09185791
-0.10101318
-0.10681152
-0.10833740
-0.10589600
-0.09948730
-0.08972168
-0.07720947
-0.06225586
-0.04638672
-0.02929688
-0.01220703
 0.00427246
 0.01953125
 0.03265381
 0.04302979
 0.05004883
 0.05401611
 0.05523682
 0.05462646
 0.05157471
 0.04638672
 0.03906250
 0.02899170
 0.01708984
 0.00244141
-0.01403809
-0.03143311
-0.04882813
-0.06591797
-0.08148193
-0.09460449
-0.10437012
-0.11047363
-0.11199951
-0.10833740
-0.09948730
-0.08605957
-0.06774902
-0.04516602
-0.01892090
 0.00976563
 0.04089355
 0.07293701
 0.10437012
 0.13427734
 0.16174316
 0.18493652
 0.20202637
 0.20965576
 0.20416260
 0.18615723
 0.15930176
 0.12847900
 0.09857178
 0.07202148
 0.04821777
 0.02593994
 0.00427246
-0.01586914
-0.03417969
-0.04913330
-0.06011963
-0.06683350
-0.06958008
-0.06866455
-0.06408691
-0.05676270
-0.04638672
-0.03387451
-0.01953125
-0.00396729
 0.01281738
 0.03082275
 0.04943848
 0.06896973
 0.08850098
 0.10864258
 0.12817383
 0.14709473
 0.16387939
 0.17822266
 0.18829346
 0.19256592
 0.19012451
 0.18035889
 0.16326904
 0.14099121
 0.11444092
 0.08575439
 0.05554199
 0.02532959
-0.00427246
-0.03143311
-0.05493164
-0.07415771
-0.08758545
-0.09582520
-0.09857178
-0.09613037
-0.08941650
-0.07904053
-0.06561279
-0.05035400
-0.03387451
-0.01739502
-0.00091553
 0.01373291
 0.02593994
 0.03540039
 0.04150391
 0.04455566
 0.04547119
 0.04547119
 0.04455566
 0.04302979
 0.04089355
 0.03753662
 0.03204346
 0.02410889
 0.01342773
 0.00000000
-0.01586914
-0.03356934
-0.05279541
-0.07232666
-0.09246826
-0.11199951
-0.13061523
-0.14648438
-0.15960693
-0.16876221
-0.17395020
-0.17486572
-0.17150879
-0.16357422
-0.15167236
-0.13610840
-0.11688232
-0.09552002
-0.07171631
-0.04699707
-0.02136230
 0.00396729
 0.02838135
 0.05065918
 0.07019043
 0.08483887
 0.09246826
 0.09277344
 0.08605957
 0.07568359
 0.06378174
 0.05279541
 0.04302979
 0.03387451
 0.02532959
 0.01678467
 0.00854492
 0.00000000
-0.00793457
-0.01525879
-0.02197266
-0.02838135
-0.03448486
-0.03997803
-0.04486084
-0.04882813
-0.05187988
-0.05279541
-0.05187988
-0.04821777
-0.04211426
-0.03295898
-0.02166748
-0.00823975
 0.00671387
 0.02319336
 0.03997803
 0.05615234
 0.07141113
 0.08361816
 0.09277344
 0.09735107
 0.09765625
 0.09338379
 0.08544922
 0.07537842
 0.06408691
 0.05157471
 0.03875732
 0.02532959
 0.01220703
-0.00122070
-0.01434326
-0.02685547
-0.03845215
-0.04882813
-0.05737305
-0.06439209
-0.06896973
-0.07171631
-0.07202148
-0.06988525
-0.06561279
-0.05920410
-0.05035400
-0.03936768
-0.02685547
-0.01312256
 0.00183105
 0.01708984
 0.03204346
 0.04638672
 0.05920410
 0.06988525
 0.07690430
 0.08056641
 0.08026123
 0.07568359
 0.06805420
 0.05798340
 0.04547119
 0.03143311
 0.01647949
 0.00122070
-0.01403809
-0.02838135
-0.04211426
-0.05432129
-0.06500244
-0.07385254
-0.08087158
-0.08575439
-0.08789063
-0.08789063
-0.08514404
-0.08026123
-0.07354736
-0.06469727
-0.05462646
-0.04333496
-0.03112793
-0.01861572
-0.00518799
 0.00793457
 0.02105713
 0.03326416
 0.04455566
 0.05432129
 0.06195068
 0.06744385
 0.06988525
 0.06958008
 0.06591797
 0.05920410
 0.04974365
 0.03784180
 0.02349854
 0.00732422
-0.00946045
-0.02655029
-0.04302979
-0.05737305
-0.06958008
-0.07812500
-0.08392334
-0.08514404
-0.08239746
-0.07598877
-0.06561279
-0.05187988
-0.03540039
-0.01678467
 0.00335693
 0.02441406
 0.04547119
 0.06622314
 0.08544922
 0.10223389
 0.11535645
 0.12451172
 0.12878418
 0.12847900
 0.12481689
 0.11871338
 0.11138916
 0.10253906
 0.09307861
 0.08209229
 0.07019043
 0.05706787
 0.04333496
 0.02960205
 0.01556396
 0.00244141
-0.01007080
-0.02136230
-0.03173828
-0.04058838
-0.04821777
-0.05432129
-0.05859375
-0.06103516
-0.06164551
-0.06011963
-0.05645752
-0.05096436
-0.04364014
-0.03479004
-0.02502441
-0.01342773
-0.00152588
 0.01068115
 0.02227783
 0.03326416
 0.04241943
 0.04943848
 0.05401611
 0.05493164
 0.05310059
 0.04791260
 0.04089355
 0.03173828
 0.02166748
 0.01129150
 0.00061035
-0.00915527
-0.01831055
-0.02593994
-0.03204346
-0.03662109
-0.03967285
-0.04150391
-0.04272461
-0.04272461
-0.04272461
-0.04241943
-0.04211426
-0.04150391
-0.04089355
-0.04028320
-0.03906250
-0.03662109
-0.03295898
-0.02777100
-0.02105713
-0.01281738
-0.00366211
 0.00579834
 0.01525879
 0.02380371
 0.03051758
 0.03570557
 0.03784180
 0.03692627
 0.03326416
 0.02685547
 0.01861572
 0.00946045
-0.00030518
-0.01007080
-0.01892090
-0.02685547
-0.03326416
-0.03784180
-0.04089355
-0.04272461
-0.04333496
-0.04302979
-0.04211426
-0.04058838
-0.03845215
-0.03570557
-0.03265381
-0.02960205
-0.02593994
-0.02166748
-0.01678467
-0.01068115
-0.00366211
 0.00457764
 0.01373291
 0.02319336
 0.03326416
 0.04272461
 0.05157471
 0.05981445
 0.06591797
 0.07019043
 0.07171631
 0.07049561
 0.06652832
 0.05981445
 0.05065918
 0.04028320
 0.02838135
 0.01556396
 0.00244141
-0.01007080
-0.02227783
-0.03295898
-0.04180908
-0.04882813
-0.05340576
-0.05554199
-0.05523682
-0.05218506
-0.04669189
-0.03936768
-0.03051758
-0.01953125
-0.00762939
 0.00549316
 0.01861572
 0.03234863
 0.04547119
 0.05706787
 0.06713867
 0.07476807
 0.07965088
 0.08178711
 0.08056641
 0.07720947
 0.07171631
 0.06469727
 0.05615234
 0.04669189
 0.03662109
 0.02563477
 0.01434326
 0.00305176
-0.00823975
-0.01892090
-0.02899170
-0.03784180
-0.04547119
-0.05157471
-0.05584717
-0.05828857
-0.05859375
-0.05676270
-0.05279541
-0.04669189
-0.03936768
-0.03021240
-0.01983643
-0.00854492
 0.00335693
 0.01464844
 0.02563477
 0.03540039
 0.04272461
 0.04821777
 0.05065918
 0.05035400
 0.04699707
 0.04119873
 0.03295898
 0.02288818
 0.01129150
-0.00122070
-0.01373291
-0.02624512
-0.03814697
-0.04852295
-0.05706787
-0.06317139
-0.06683350
-0.06713867
-0.06500244
-0.06011963
-0.05279541
-0.04394531
-0.03326416
-0.02136230
-0.00885010
 0.00427246
 0.01708984
 0.02990723
 0.04180908
 0.05279541
 0.06256104
 0.07080078
 0.07751465
 0.08239746
 0.08514404
 0.08575439
 0.08392334
 0.07965088
 0.07263184
 0.06317139
 0.05187988
 0.03875732
 0.02410889
 0.00915527
-0.00518799
-0.01953125
-0.03265381
-0.04425049
-0.05371094
-0.06072998
-0.06469727
-0.06622314
-0.06469727
-0.06042480
-0.05340576
-0.04394531
-0.03295898
-0.02075195
-0.00762939
 0.00579834
 0.01861572
 0.03051758
 0.04089355
 0.04852295
 0.05371094
 0.05584717
 0.05523682
 0.05187988
 0.04638672
 0.03997803
 0.03204346
 0.02349854
 0.01403809
 0.00366211
-0.00701904
-0.01831055
-0.02960205
-0.04089355
-0.05126953
-0.06134033
-0.07110596
-0.07995605
-0.08789063
-0.09429932
-0.09948730
-0.10253906
-0.10284424
-0.10162354
-0.09826660
-0.09307861
-0.08636475
-0.07812500
-0.06866455
-0.05828857
-0.04821777
-0.03814697
-0.02899170
-0.02166748
-0.01678467
-0.01434326
-0.01495361
-0.01800537
-0.02319336
-0.03021240
-0.03875732
-0.04791260
-0.05737305
-0.06683350
-0.07568359
-0.08422852
-0.09124756
-0.09704590
-0.10131836
-0.10406494
-0.10467529
-0.10406494
