 0.00030518
 0.00030518
 0.00030518
 0.00030518
 0.00000000
 0.00000000
 0.00000000
 0.00030518
 0.00030518
 0.00030518
 0.00061035
 0.00030518
 0.00000000
-0.00030518
-0.00030518
-0.00030518
 0.00000000
 0.00030518
 0.00061035
 0.00061035
 0.00091553
 0.00061035
 0.00061035
 0.00030518
 0.00000000
-0.00030518
-0.00061035
-0.00061035
-0.00061035
-0.00061035
-0.00030518
-0.00030518
 0.00000000
 0.00000000
 0.00000000
 0.00030518
 0.00000000
 0.00030518
 0.00030518
 0.00000000
 0.00000000
 0.00000000
-0.00030518
-0.00030518
-0.00030518
-0.00030518
-0.00030518
 0.00000000
-0.00030518
-0.00030518
-0.00030518
-0.00030518
-0.00030518
-0.00030518
 0.00000000
 0.00000000
 0.00030518
 0.00030518
 0.00000000
 0.00030518
 0.00030518
 0.00030518
 0.00030518
 0.00000000
 0.00000000
 0.00000000
 0.00000000
-0.00030518
 0.00000000
 0.00000000
 0.00000000
 0.00030518
 0.00030518
 0.00030518
 0.00030518
 0.00030518
 0.00030518
 0.00000000
-0.00030518
 0.00000000
 0.00000000
 0.00000000
-0.00030518
-0.00030518
-0.00030518
 0.00000000
 0.00000000
 0.00000000
 0.00000000
 0.00000000
 0.00000000
-0.00030518
-0.00030518
-0.00030518
-0.00030518
-0.00030518
 0.00000000
 0.00000000
 0.00030518
 0.00000000
 0.00030518
 0.00000000
 0.00000000
-0.00030518
-0.00030518
-0.00061035
-0.00061035
-0.00030518
 0.00000000
 0.00030518
 0.00061035
 0.00061035
 0.00030518
 0.00000000
 0.00000000
 0.00000000
 0.00000000
 0.00000000
 0.00000000
 0.00000000
 0.00030518
-0.00030518
-0.00030518
-0.00030518
-0.00030518
 0.00000000
 0.00000000
 0.00030518
 0.00030518
 0.00030518
 0.00061035
 0.00030518
 0.00030518
 0.00000000
-0.00030518
 0.00000000
 0.00000000
 0.00000000
 0.00000000
-0.00030518
-0.00030518
-0.00030518
-0.00030518
-0.00061035
-0.00061035
-0.00061035
-0.00061035
-0.00030518
-0.00030518
 0.00000000
 0.00000000
 0.00000000
 0.00000000
 0.00000000
 0.00030518
 0.00000000
 0.00000000
 0.00000000
 0.00000000
 0.00000000
-0.00030518
-0.00030518
-0.00030518
 0.00000000
 0.00000000
 0.00000000
 0.00000000
 0.00000000
-0.00030518
-0.00030518
-0.00030518
-0.00030518
 0.00000000
 0.00000000
 0.00030518
 0.00061035
 0.00061035
 0.00061035
 0.00061035
 0.00030518
 0.00000000
-0.00061035
-0.00061035
-0.00061035
-0.00030518
-0.00030518
 0.00000000
 0.00000000
 0.00030518
 0.00030518
 0.00030518
 0.00030518
 0.00030518
 0.00061035
 0.00122070
 0.00885010
 0.05462646
 0.26092529
 0.59936523
 1.28784180
 2.32543945
 3.64257813
 4.97558594
 6.05529785
 6.77062988
 7.12890625
 7.12524414
 6.64550781
 5.75927734
 4.89624023
 4.32312012
 4.13879395
 4.21508789
 4.28344727
 4.20837402
 3.84826660
 3.03527832
 1.74438477
 0.10070801
-1.83532715
-4.01611328
-6.22558594
-8.20983887
-9.70642090
-9.99938965
-9.99938965
-9.99938965
-9.98901367
-9.34448242
-8.40942383
-7.38342285
-6.05651855
-4.12780762
-1.45385742
 1.73889160
 4.83581543
 7.25524902
 8.80126953
 9.59655762
 9.84497070
 9.72290039
 9.44396973
 8.93798828
 8.21960449
 7.41088867
 6.52954102
 5.56274414
 4.48852539
 3.21289063
 1.67663574
-0.27069092
-2.52563477
-5.06958008
-7.51037598
-9.49218750
-9.99938965
-9.99938965
-9.99938965
-9.99938965
-9.99938965
-9.99938965
-9.99938965
-9.86389160
-8.97827148
-7.51586914
-5.36010742
-2.58544922
 0.66986084
 3.42834473
 5.88745117
 7.69897461
 8.88916016
 9.51843262
 9.68261719
 9.62219238
 9.37622070
 8.88793945
 8.23913574
 7.52258301
 6.76696777
 5.90881348
 4.73937988
 2.99316406
 0.60791016
-2.43896484
-5.47851563
-7.99682617
-9.68078613
-9.99938965
-9.99938965
-9.99938965
-9.99938965
-9.99938965
-9.99938965
-9.49707031
-8.62609863
-7.57385254
-6.32324219
-4.79309082
-2.91503906
-0.66650391
 1.66503906
 4.06127930
 6.24389648
 7.99316406
 9.11499023
 9.60266113
 9.73388672
 9.65393066
 9.31701660
 8.73168945
 7.98950195
 7.14965820
 6.19750977
 5.07873535
 3.59924316
 1.57348633
-0.86578369
-3.65600586
-6.09924316
-8.00231934
-9.35852051
-9.99938965
-9.99938965
-9.99938965
-9.99938965
-9.99938965
-9.99633789
-9.33715820
-8.10363770
-6.38427734
-4.19250488
-1.66137695
 1.01135254
 3.52111816
 5.68115234
 7.36083984
 8.52661133
 9.20959473
 9.44763184
 9.46350098
 9.29931641
 8.87634277
 8.23791504
 7.42919922
 6.47705078
 5.39916992
 4.16748047
 2.68310547
 0.86547852
-1.29943848
-3.67065430
-5.98693848
-7.91931152
-9.29382324
-9.99206543
-9.99938965
-9.99938965
-9.99938965
-9.98107910
-9.53857422
-8.76464844
-7.66235352
-6.11145020
-4.06738281
-1.61682129
 1.03210449
 3.55285645
 5.69641113
 7.32299805
 8.43139648
 9.06799316
 9.29687500
 9.31152344
 9.11499023
 8.60595703
 7.79052734
 6.68945313
 5.34729004
 3.84155273
 2.29431152
 0.74523926
-0.85998535
-2.54760742
-4.25476074
-5.80688477
-7.07641602
-8.01330566
-8.60717773
-8.91357422
-8.97766113
-8.83178711
-8.49060059
-7.94860840
-7.17468262
-6.09863281
-4.66125488
-2.85034180
-0.53985596
 1.48254395
 3.61816406
 5.48583984
 6.99401855
 8.11340332
 8.84704590
 9.18151855
 9.25842285
 9.02160645
 8.38012695
 7.36389160
 6.01196289
 4.37805176
 2.55981445
 0.69641113
-1.03515625
-2.68859863
-4.21447754
-5.51208496
-6.50695801
-7.18444824
-7.57263184
-7.71728516
-7.64709473
-7.39196777
-6.95068359
-6.31286621
-5.45959473
-4.38049316
-3.08105469
-1.61560059
-0.06225586
 1.49414063
 2.99194336
 4.36523438
 5.58105469
 6.60644531
 7.33642578
 7.77648926
 8.03527832
 8.02612305
 7.64160156
 6.88598633
 5.84045410
 4.58496094
 3.20434570
 1.80297852
 0.44525146
-0.98449707
-2.41943359
-3.79699707
-4.99084473
-5.91491699
-6.55395508
-6.91650391
-7.04101563
-6.94885254
-6.65588379
-6.15722656
-5.45654297
-4.53674316
-3.40515137
-2.10266113
-0.69213867
 0.73913574
 2.10754395
 3.34594727
 4.41589355
 5.30883789
 5.97656250
 6.39709473
 6.67846680
 6.74865723
 6.50939941
 5.95886230
 5.16540527
 4.21325684
 3.19763184
 2.20153809
 1.22619629
 0.23498535
-0.91125488
-2.07275391
-3.21716309
-4.25537109
-5.11901855
-5.75622559
-6.15051270
-6.29455566
-6.20483398
-5.89477539
-5.36621094
-4.63439941
-3.71643066
-2.64343262
-1.45202637
-0.03387451
 1.08276367
 2.32299805
 3.46008301
 4.45007324
 5.25939941
 5.80993652
 6.11389160
 6.20361328
 5.95581055
 5.35339355
 4.46899414
 3.42102051
 2.31506348
 1.26342773
 0.36926270
-0.55541992
-1.43066406
-2.27050781
-3.00048828
-3.55773926
-3.92272949
-4.10583496
-4.14367676
-4.05517578
-3.86718750
-3.58398438
-3.20190430
-2.72460938
-2.15209961
-1.49658203
-0.77941895
 0.11138916
 0.73486328
 1.46179199
 2.11364746
 2.67761230
 3.16040039
 3.56201172
 3.86596680
 4.01000977
 3.93371582
 3.64013672
 3.17871094
 2.63305664
 2.08251953
 1.56066895
 1.04553223
 0.49926758
-0.04821777
-0.70312500
-1.31591797
-1.88354492
-2.37304688
-2.75024414
-3.00354004
-3.12438965
-3.12072754
-3.00659180
-2.78930664
-2.47924805
-2.07580566
-1.58569336
-1.01623535
-0.26733398
 0.36987305
 0.92712402
 1.52832031
 2.04284668
 2.47558594
 2.82958984
 3.08044434
 3.18603516
 3.11889648
 2.89733887
 2.56164551
 2.17651367
 1.77368164
 1.36291504
 0.93627930
 0.48522949
 0.06469727
-0.45532227
-0.90393066
-1.31835938
-1.67968750
-1.96838379
-2.17102051
-2.27722168
-2.28820801
-2.20886230
-2.04406738
-1.79992676
-1.48071289
-1.09802246
-0.65856934
-0.00427246
 0.41992188
 0.88134766
 1.40441895
 1.89758301
 2.33642578
 2.70324707
 2.96813965
 3.06701660
 2.96081543
 2.66967773
 2.25830078
 1.80053711
 1.35253906
 0.94055176
 0.54321289
 0.18249512
-0.24047852
-0.65246582
-1.01562500
-1.33911133
-1.61010742
-1.82678223
-1.99340820
-2.10388184
-2.15576172
-2.13256836
-2.03247070
-1.85058594
-1.59484863
-1.27075195
-0.89477539
-0.48095703
 0.05371094
 0.43426514
 0.84472656
 1.26831055
 1.66137695
 2.01171875
 2.29675293
 2.49084473
 2.56408691
 2.51220703
 2.34191895
 2.07824707
 1.74926758
 1.37451172
 0.96069336
 0.51696777
 0.10986328
-0.36254883
-0.82519531
-1.21643066
-1.54602051
-1.80969238
-1.99523926
-2.10021973
-2.11975098
-2.05627441
-1.91589355
-1.70349121
-1.43249512
-1.10778809
-0.74035645
-0.30151367
 0.12512207
 0.50781250
 0.92346191
 1.31652832
 1.66809082
 1.95434570
 2.13928223
 2.19299316
 2.11303711
 1.92749023
 1.67114258
 1.38488770
 1.08459473
 0.77209473
 0.43884277
 0.13214111
-0.22125244
-0.54992676
-0.82397461
-1.05224609
-1.22924805
-1.36901855
-1.46789551
-1.53625488
-1.56250000
-1.54235840
-1.47399902
-1.35375977
-1.18103027
-0.95642090
-0.69274902
-0.40405273
-0.09216309
 0.19104004
 0.53222656
 0.83007813
 1.10473633
 1.33544922
 1.51123047
 1.62231445
 1.66381836
 1.64550781
 1.57531738
 1.46911621
 1.32690430
 1.15722656
 0.95642090
 0.72570801
 0.47912598
 0.25543213
 0.00518799
-0.26214600
-0.50964355
-0.72692871
-0.93017578
-1.11206055
-1.25854492
-1.36230469
-1.41174316
-1.40319824
-1.33666992
-1.21398926
-1.03576660
-0.80810547
-0.54016113
-0.21972656
 0.11199951
 0.43334961
 0.76721191
 1.08154297
 1.35070801
 1.55334473
 1.67114258
 1.68945313
 1.61804199
 1.47277832
 1.27441406
 1.03759766
 0.76416016
 0.46264648
 0.17761230
-0.13610840
-0.46875000
-0.72387695
-0.93811035
-1.11022949
-1.24511719
-1.34216309
-1.40258789
-1.42150879
-1.38916016
-1.30554199
-1.16088867
-0.96740723
-0.72448730
-0.45166016
-0.13610840
 0.14160156
 0.46325684
 0.75805664
 1.02172852
 1.23596191
 1.38122559
 1.44653320
 1.43371582
 1.36169434
 1.24633789
 1.09802246
 0.93200684
 0.73181152
 0.50598145
 0.26062012
 0.00152588
-0.26947021
-0.52062988
-0.73364258
-0.91552734
-1.06201172
-1.17431641
-1.25549316
-1.30004883
-1.31103516
-1.27441406
-1.19628906
-1.06994629
-0.90148926
-0.69213867
-0.45227051
-0.18798828
 0.05920410
 0.33172607
 0.61401367
 0.84838867
 1.04736328
 1.18957520
 1.27197266
 1.29455566
 1.26464844
 1.19934082
 1.11145020
 1.00219727
 0.87646484
 0.73120117
 0.56152344
 0.37109375
 0.16723633
-0.05737305
-0.28198242
-0.49560547
-0.69152832
-0.86730957
-1.01257324
-1.12365723
-1.19628906
-1.22436523
-1.20849609
-1.14379883
-1.02539063
-0.86364746
-0.66101074
-0.42846680
-0.16632080
 0.07781982
 0.34698486
 0.62500000
 0.84899902
 1.02844238
 1.14562988
 1.19934082
 1.19262695
 1.13464355
 1.03820801
 0.91430664
 0.77209473
 0.61279297
 0.43212891
 0.25177002
 0.04547119
-0.15930176
-0.34637451
-0.51818848
-0.67199707
-0.79772949
-0.89843750
-0.96801758
-1.00280762
-0.99304199
-0.94238281
-0.85021973
-0.72082520
-0.55419922
-0.36437988
-0.17456055
 0.02227783
 0.24993896
 0.48095703
 0.66467285
 0.81848145
 0.93200684
 1.00463867
 1.03332520
 1.01867676
 0.97839355
 0.91247559
 0.83251953
 0.73974609
 0.63354492
 0.50537109
 0.36804199
 0.21270752
 0.04913330
-0.11199951
-0.26245117
-0.40893555
-0.54321289
-0.66162109
-0.76416016
-0.84472656
-0.89904785
-0.92407227
-0.91491699
-0.87341309
-0.79345703
-0.68542480
-0.54382324
-0.38085938
-0.23132324
-0.05371094
 0.12908936
 0.37292480
 0.55114746
 0.70373535
 0.82397461
 0.90270996
 0.93933105
 0.93200684
 0.88867188
 0.81237793
 0.70434570
 0.57250977
 0.42297363
 0.27252197
 0.09155273
-0.08911133
-0.25238037
-0.40771484
-0.53894043
-0.65429688
-0.73669434
-0.79528809
-0.82214355
-0.81970215
-0.78552246
-0.72143555
-0.62683105
-0.51147461
-0.37353516
-0.24230957
-0.08422852
 0.08300781
 0.27801514
 0.47302246
 0.63049316
 0.76477051
 0.86730957
 0.93200684
 0.95458984
 0.93383789
 0.87585449
 0.78125000
 0.66162109
 0.52185059
 0.36987305
 0.22033691
 0.04211426
-0.13122559
-0.29022217
-0.43518066
-0.55969238
-0.65612793
-0.72326660
-0.75805664
-0.76293945
-0.73486328
-0.68542480
-0.60974121
-0.51269531
-0.39978027
-0.30395508
-0.17761230
-0.04364014
 0.09246826
 0.22552490
 0.40405273
 0.51635742
 0.61645508
 0.69213867
 0.74157715
 0.76782227
 0.76599121
 0.72998047
 0.66772461
 0.57739258
 0.46569824
 0.33996582
 0.19622803
 0.03936768
-0.11322021
-0.25329590
-0.39245605
-0.51574707
-0.61706543
-0.69641113
-0.75073242
-0.77331543
-0.76965332
-0.73364258
-0.66955566
-0.57922363
-0.46325684
-0.34393311
-0.22125244
-0.07537842
 0.07415771
 0.25421143
 0.42907715
 0.55541992
 0.65490723
 0.72998047
 0.77026367
 0.77575684
 0.75500488
 0.70068359
 0.62255859
 0.52124023
 0.40222168
 0.29205322
 0.14190674
-0.01037598
-0.15319824
-0.28808594
-0.41625977
-0.53039551
-0.62744141
-0.70312500
-0.75622559
-0.78430176
-0.78552246
-0.75927734
-0.70922852
-0.63293457
-0.53222656
-0.40893555
-0.30426025
-0.16876221
-0.02624512
 0.11566162
 0.28381348
 0.43884277
 0.54382324
 0.61950684
 0.66528320
 0.67993164
 0.66162109
 0.61401367
 0.53955078
 0.44555664
 0.35430908
 0.23925781
 0.09094238
-0.06164551
-0.20568848
-0.33935547
-0.46936035
-0.58654785
-0.68542480
-0.76538086
-0.81909180
-0.84533691
-0.84655762
-0.82336426
-0.77209473
-0.69396973
-0.59570313
-0.47485352
-0.35125732
-0.22613525
-0.08148193
 0.06530762
 0.20812988
 0.39978027
 0.51818848
 0.61950684
 0.69458008
 0.73669434
 0.74829102
 0.72998047
 0.67810059
 0.60302734
 0.50720215
 0.39611816
 0.29754639
 0.15899658
 0.02044678
-0.10925293
-0.22949219
-0.35339355
-0.45898438
-0.54565430
-0.61401367
-0.65856934
-0.67871094
-0.67504883
-0.64758301
-0.59753418
-0.52734375
-0.43640137
-0.34881592
-0.25726318
-0.14373779
-0.02807617
 0.08422852
 0.18920898
 0.33874512
 0.41137695
 0.46569824
 0.49804688
 0.51208496
 0.50720215
 0.48339844
 0.44616699
 0.38696289
 0.33233643
 0.25268555
 0.14373779
 0.03204346
-0.07293701
-0.16998291
-0.26123047
-0.35949707
-0.43579102
-0.49560547
-0.53710938
-0.55908203
-0.55908203
-0.53771973
-0.49682617
-0.43945313
-0.36682129
-0.31585693
-0.22857666
-0.13275146
-0.03295898
 0.06713867
 0.16387939
 0.27557373
 0.37170410
 0.42968750
 0.47180176
 0.49194336
 0.49377441
 0.47424316
 0.43090820
 0.37048340
 0.31372070
 0.23376465
 0.12023926
 0.00305176
-0.10711670
-0.20507813
-0.30242920
-0.39245605
-0.46630859
-0.52001953
-0.55786133
-0.57556152
-0.57312012
-0.54748535
-0.50354004
-0.44128418
-0.36132813
-0.30639648
-0.21270752
-0.11047363
-0.00488281
 0.09979248
 0.19897461
 0.33752441
 0.41015625
 0.46264648
 0.49377441
 0.50476074
 0.49377441
 0.46325684
 0.41748047
 0.35522461
 0.31982422
 0.22186279
 0.11749268
 0.01586914
-0.07598877
-0.16021729
-0.23986816
-0.31951904
-0.39001465
-0.43884277
-0.46936035
-0.48583984
-0.48217773
-0.45898438
-0.41748047
-0.36071777
-0.31890869
-0.24505615
-0.16052246
-0.06896973
 0.02502441
 0.11718750
 0.20446777
 0.30364990
 0.38574219
 0.43212891
 0.46203613
 0.47729492
 0.47607422
 0.46142578
 0.43457031
 0.39306641
 0.34301758
 0.29632568
 0.21331787
 0.13122559
 0.05615234
-0.01403809
-0.08178711
-0.14617920
-0.20446777
-0.25421143
-0.29357910
-0.32897949
-0.34179688
-0.34240723
-0.32836914
-0.30670166
-0.27343750
-0.22827148
-0.17242432
-0.10711670
-0.03479004
 0.04211426
 0.11962891
 0.19439697
 0.26336670
 0.34790039
 0.38452148
 0.40405273
 0.40466309
 0.39062500
 0.35888672
 0.34210205
 0.30883789
 0.23620605
 0.15716553
 0.08056641
 0.01190186
-0.04913330
-0.10620117
-0.15930176
-0.20690918
-0.24627686
-0.27648926
-0.29632568
-0.31036377
-0.30883789
-0.29541016
-0.27587891
-0.24749756
-0.21026611
-0.16540527
-0.11444092
-0.05920410
-0.00091553
 0.05737305
 0.11505127
 0.16906738
 0.21789551
 0.25756836
 0.28533936
 0.30456543
 0.31188965
 0.30120850
 0.27069092
 0.22399902
 0.16693115
 0.10620117
 0.04882813
-0.00183105
-0.04730225
-0.08941650
-0.12756348
-0.15930176
-0.18280029
-0.19775391
-0.20294189
-0.19989014
-0.18890381
-0.17059326
-0.14587402
-0.11596680
-0.08056641
-0.04150391
 0.00030518
 0.04364014
 0.08666992
 0.12634277
 0.16174316
 0.19195557
 0.21728516
 0.23712158
 0.24780273
 0.24505615
 0.22674561
 0.19470215
 0.15411377
 0.10986328
 0.06652832
 0.02532959
-0.01586914
-0.05737305
-0.09826660
-0.13641357
-0.17028809
-0.19775391
-0.21789551
-0.23010254
-0.23437500
-0.23132324
-0.22125244
-0.20538330
-0.18371582
-0.15716553
-0.12603760
-0.09124756
-0.05401611
-0.01525879
 0.02288818
 0.05920410
 0.09185791
 0.12054443
 0.14587402
 0.16632080
 0.18005371
 0.18402100
 0.17669678
 0.16052246
 0.13885498
 0.11505127
 0.09155273
 0.06805420
 0.04333496
 0.01525879
-0.01495361
-0.04699707
-0.07843018
-0.10772705
-0.13275146
-0.15319824
-0.16845703
-0.17791748
-0.18157959
-0.17944336
-0.17120361
-0.15808105
-0.14007568
-0.11810303
-0.09246826
-0.06378174
-0.03295898
 0.00000000
 0.03326416
 0.06591797
 0.09735107
 0.12573242
 0.15136719
 0.17211914
 0.18554688
 0.18829346
 0.17883301
 0.15838623
 0.13092041
 0.10131836
 0.07263184
 0.04577637
 0.01953125
-0.00640869
-0.03173828
-0.05462646
-0.07415771
-0.08911133
-0.09826660
-0.10162354
-0.09918213
-0.09063721
-0.07751465
-0.06011963
-0.03936768
-0.01678467
 0.00762939
 0.03204346
 0.05615234
 0.07873535
 0.09887695
 0.11505127
 0.12481689
 0.12664795
 0.11993408
 0.10589600
 0.08758545
 0.06713867
 0.04577637
 0.02349854
 0.00000000
-0.02532959
-0.05126953
-0.07751465
-0.10223389
-0.12481689
-0.14465332
-0.16143799
-0.17517090
-0.18585205
-0.19287109
-0.19653320
-0.19714355
-0.19500732
-0.19012451
-0.18280029
-0.17303467
-0.16082764
-0.14617920
-0.12969971
-0.11077881
-0.09002686
-0.06774902
-0.04425049
-0.02044678
 0.00274658
 0.02563477
 0.04608154
 0.06408691
 0.07751465
 0.08514404
 0.08636475
 0.08178711
 0.07293701
 0.06195068
 0.05065918
 0.03967285
 0.02899170
 0.01922607
 0.01007080
 0.00091553
-0.00701904
-0.01403809
-0.01983643
-0.02471924
-0.02807617
-0.02990723
-0.03051758
-0.02990723
-0.02838135
-0.02655029
-0.02441406
-0.02166748
-0.01800537
-0.01373291
-0.00823975
-0.00213623
 0.00518799
 0.01281738
 0.02044678
 0.02716064
 0.03265381
 0.03662109
 0.03906250
 0.04028320
 0.03997803
 0.03784180
 0.03448486
 0.02929688
 0.02319336
 0.01708984
 0.01129150
 0.00701904
 0.00396729
 0.00213623
 0.00152588
 0.00183105
 0.00305176
 0.00518799
 0.00823975
 0.01251221
 0.01861572
 0.02593994
 0.03448486
 0.04364014
 0.05310059
 0.06164551
 0.06927490
 0.07598877
 0.08117676
 0.08514404
 0.08789063
 0.08972168
 0.08972168
 0.08819580
 0.08483887
 0.07995605
 0.07415771
 0.06805420
 0.06164551
 0.05523682
 0.04882813
 0.04241943
 0.03631592
 0.03082275
 0.02593994
 0.02197266
 0.01922607
 0.01800537
 0.01831055
 0.01983643
 0.02258301
 0.02655029
 0.03112793
 0.03570557
 0.03967285
 0.04211426
 0.04241943
 0.04089355
 0.03692627
 0.03112793
 0.02410889
 0.01617432
 0.00823975
 0.00061035
-0.00549316
-0.01098633
-0.01525879
-0.01892090
-0.02136230
-0.02349854
-0.02563477
-0.02807617
-0.03112793
-0.03479004
-0.03936768
-0.04486084
-0.05065918
-0.05676270
-0.06225586
-0.06683350
-0.06927490
-0.06896973
-0.06622314
-0.06042480
-0.05218506
-0.04089355
-0.02716064
-0.01190186
 0.00488281
 0.02227783
 0.03967285
 0.05584717
 0.07019043
 0.08117676
 0.08789063
 0.08941650
 0.08636475
 0.07965088
 0.07141113
 0.06317139
 0.05615234
 0.05004883
 0.04516602
 0.04119873
 0.03753662
 0.03417969
 0.03112793
 0.02807617
 0.02471924
 0.02136230
 0.01770020
 0.01373291
 0.00976563
 0.00610352
 0.00244141
-0.00061035
-0.00335693
-0.00488281
-0.00549316
-0.00518799
-0.00396729
-0.00122070
 0.00305176
 0.00885010
 0.01556396
 0.02288818
 0.03051758
 0.03814697
 0.04486084
 0.05065918
 0.05554199
 0.05859375
 0.06072998
 0.06134033
 0.06042480
 0.05859375
 0.05584717
 0.05249023
 0.04852295
 0.04425049
 0.04058838
 0.03692627
 0.03356934
 0.02929688
 0.02471924
 0.01953125
 0.01342773
 0.00671387
-0.00061035
-0.00762939
-0.01403809
-0.01922607
-0.02349854
-0.02563477
-0.02624512
-0.02502441
-0.02166748
-0.01617432
-0.00915527
-0.00122070
 0.00823975
 0.01770020
 0.02746582
 0.03631592
 0.04425049
 0.05035400
 0.05462646
 0.05554199
 0.05371094
 0.04882813
 0.04150391
 0.03295898
 0.02349854
 0.01464844
 0.00701904
 0.00030518
-0.00457764
-0.00854492
-0.01068115
-0.01129150
-0.01007080
-0.00823975
-0.00488281
-0.00091553
 0.00366211
 0.00823975
 0.01251221
 0.01647949
 0.02014160
 0.02349854
 0.02685547
 0.02990723
 0.03326416
 0.03601074
 0.03814697
 0.03967285
 0.03967285
 0.03814697
 0.03540039
 0.03082275
 0.02502441
 0.01770020
 0.00915527
 0.00030518
-0.00885010
-0.01892090
-0.02868652
-0.03906250
-0.04913330
-0.05920410
-0.06835938
-0.07659912
-0.08331299
-0.08819580
-0.09124756
-0.09246826
-0.09216309
-0.09002686
-0.08575439
-0.08026123
-0.07324219
-0.06469727
-0.05523682
-0.04425049
-0.03295898
-0.02166748
-0.01098633
-0.00122070
 0.00640869
 0.01159668
 0.01464844
 0.01495361
 0.01281738
 0.00915527
 0.00366211
-0.00244141
-0.00946045
-0.01678467
-0.02410889
-0.03112793
-0.03814697
-0.04425049
-0.04913330
-0.05310059
-0.05523682
-0.05615234
-0.05584717
-0.05432129
-0.05157471
-0.04821777
-0.04455566
-0.04058838
-0.03753662
-0.03509521
-0.03387451
-0.03387451
-0.03479004
-0.03631592
-0.03814697
-0.03997803
-0.04211426
-0.04394531
-0.04547119
-0.04699707
-0.04791260
-0.04882813
-0.04974365
-0.05035400
-0.05157471
-0.05279541
-0.05462646
-0.05615234
-0.05889893
-0.06195068
-0.06591797
-0.07080078
-0.07629395
-0.08209229
-0.08850098
-0.09368896
-0.09826660
-0.10162354
-0.10284424
-0.10223389
-0.09979248
-0.09613037
-0.09094238
-0.08453369
-0.07720947
-0.06958008
-0.06134033
-0.05310059
-0.04608154
-0.03997803
-0.03540039
-0.03234863
-0.03143311
-0.03204346
-0.03356934
-0.03631592
-0.03875732
-0.04150391
-0.04333496
-0.04425049
-0.04425049
-0.04333496
-0.04150391
-0.03875732
-0.03540039
-0.03143311
-0.02746582
-0.02349854
-0.01983643
-0.01647949
-0.01434326
-0.01251221
-0.01190186
-0.01129150
-0.01159668
-0.01159668
-0.01190186
-0.01190186
-0.01190186
-0.01129150
-0.01037598
-0.00885010
-0.00762939
-0.00701904
-0.00640869
-0.00671387
-0.00793457
-0.00976563
-0.01190186
-0.01403809
-0.01617432
-0.01800537
-0.01892090
-0.01953125
-0.01922607
-0.01800537
-0.01556396
-0.01220703
-0.00823975
-0.00366211
 0.00122070
 0.00579834
 0.01007080
 0.01403809
 0.01770020
 0.02105713
 0.02471924
 0.02838135
 0.03234863
 0.03662109
 0.04150391
 0.04669189
 0.05187988
 0.05645752
 0.06042480
 0.06317139
 0.06378174
 0.06225586
 0.05889893
 0.05401611
 0.04760742
 0.04058838
 0.03295898
 0.02502441
 0.01739502
 0.01007080
 0.00396729
-0.00061035
-0.00335693
-0.00427246
-0.00305176
 0.00000000
 0.00457764
 0.01037598
 0.01739502
 0.02502441
 0.03326416
 0.04089355
 0.04791260
 0.05432129
 0.05950928
 0.06378174
 0.06744385
 0.07049561
 0.07232666
 0.07354736
 0.07354736
 0.07263184
 0.07049561
 0.06744385
 0.06317139
 0.05798340
 0.05218506
 0.04547119
 0.03845215
 0.03143311
 0.02410889
 0.01739502
 0.01190186
 0.00732422
 0.00396729
 0.00122070
 0.00000000
 0.00000000
 0.00183105
 0.00488281
 0.00915527
 0.01464844
 0.02136230
 0.02960205
 0.03875732
 0.04821777
 0.05767822
 0.06683350
 0.07507324
 0.08178711
 0.08636475
 0.08911133
 0.08972168
 0.08850098
 0.08544922
 0.08117676
 0.07598877
 0.07019043
 0.06347656
 0.05706787
 0.05035400
 0.04455566
 0.03997803
 0.03601074
 0.03295898
 0.03112793
 0.03021240
 0.03021240
 0.03051758
 0.03204346
 0.03387451
 0.03601074
 0.03875732
 0.04119873
 0.04364014
 0.04577637
 0.04791260
 0.04943848
 0.05035400
 0.05157471
 0.05218506
 0.05279541
 0.05279541
 0.05218506
 0.05096436
 0.04821777
 0.04455566
 0.03997803
 0.03448486
 0.02838135
 0.02166748
 0.01464844
 0.00793457
 0.00152588
-0.00457764
-0.00915527
-0.01281738
-0.01556396
-0.01770020
-0.01892090
-0.01953125
-0.01983643
-0.01953125
-0.01922607
-0.01861572
-0.01770020
-0.01678467
-0.01617432
-0.01617432
-0.01678467
-0.01831055
-0.02014160
-0.02319336
-0.02624512
-0.02990723
-0.03417969
-0.03784180
-0.04180908
-0.04577637
-0.04943848
-0.05310059
-0.05615234
-0.05889893
-0.06195068
-0.06469727
-0.06683350
-0.06866455
-0.06988525
-0.07080078
-0.07141113
-0.07141113
-0.07080078
-0.06927490
-0.06713867
-0.06469727
-0.06195068
-0.05859375
-0.05554199
-0.05249023
-0.04943848
-0.04638672
-0.04364014
-0.04089355
-0.03814697
-0.03570557
-0.03295898
-0.03051758
-0.02777100
-0.02502441
-0.02288818
-0.02105713
-0.01983643
-0.01892090
-0.01861572
-0.01922607
-0.01983643
-0.02075195
-0.02227783
-0.02380371
-0.02563477
-0.02746582
-0.02929688
-0.03082275
-0.03204346
-0.03326416
-0.03417969
-0.03479004
-0.03479004
-0.03417969
-0.03295898
-0.03143311
-0.02960205
-0.02746582
-0.02502441
-0.02258301
-0.01983643
-0.01739502
-0.01464844
-0.01190186
-0.00915527
-0.00640869
-0.00366211
-0.00122070
 0.00030518
 0.00122070
 0.00091553
 0.00000000
-0.00152588
-0.00396729
-0.00732422
-0.01159668
-0.01647949
-0.02136230
-0.02624512
-0.03082275
-0.03479004
-0.03845215
-0.04119873
-0.04364014
-0.04486084
-0.04516602
-0.04486084
-0.04364014
-0.04150391
-0.03845215
-0.03479004
-0.03112793
-0.02716064
-0.02349854
-0.02044678
-0.01770020
-0.01525879
-0.01281738
-0.01007080
-0.00732422
-0.00366211
 0.00000000
 0.00427246
 0.00854492
 0.01281738
 0.01770020
 0.02197266
 0.02593994
 0.02929688
 0.03234863
 0.03479004
 0.03601074
 0.03631592
 0.03540039
 0.03356934
 0.03051758
 0.02716064
 0.02319336
 0.01922607
 0.01586914
 0.01281738
 0.01068115
 0.00946045
 0.00915527
 0.00946045
