 0.00061035
 0.00061035
 0.00030518
 0.00030518
 0.00000000
 0.00000000
 0.00000000
 0.00000000
-0.00030518
-0.00030518
-0.00030518
-0.00030518
 0.00000000
 0.00000000
 0.00000000
 0.00000000
 0.00000000
 0.00000000
 0.00000000
 0.00000000
-0.00030518
-0.00030518
-0.00030518
-0.00030518
 0.00000000
 0.00000000
 0.00030518
 0.00030518
 0.00030518
 0.00000000
 0.00000000
 0.00000000
 0.00000000
 0.00000000
 0.00000000
 0.00000000
-0.00030518
-0.00061035
-0.00030518
-0.00030518
 0.00000000
 0.00000000
 0.00000000
 0.00000000
 0.00000000
 0.00000000
 0.00030518
 0.00061035
 0.00091553
 0.00091553
 0.00061035
 0.00061035
 0.00061035
 0.00061035
 0.00061035
 0.00061035
 0.00061035
 0.00061035
 0.00030518
 0.00030518
 0.00030518
 0.00030518
 0.00000000
-0.00030518
-0.00061035
-0.00030518
-0.00030518
 0.00000000
 0.00000000
 0.00000000
 0.00030518
 0.00030518
 0.00061035
 0.00061035
 0.00061035
 0.00030518
 0.00030518
 0.00030518
 0.00000000
 0.00000000
 0.00000000
-0.00030518
 0.00000000
 0.00030518
 0.00091553
 0.00091553
 0.00091553
 0.00091553
 0.00061035
 0.00030518
 0.00030518
 0.00030518
 0.00030518
 0.00030518
 0.00030518
 0.00000000
 0.00000000
 0.00030518
 0.00061035
 0.00091553
 0.00122070
 0.00091553
 0.00091553
 0.00091553
 0.00061035
 0.00030518
 0.00030518
 0.00030518
 0.00030518
 0.00030518
 0.00030518
 0.00061035
 0.00030518
 0.00030518
 0.00030518
 0.00030518
 0.00030518
 0.00030518
 0.00061035
 0.00061035
 0.00030518
 0.00000000
-0.00030518
-0.00030518
-0.00030518
-0.00030518
 0.00000000
 0.00000000
 0.00061035
 0.00091553
 0.00091553
 0.00061035
 0.00091553
 0.00061035
 0.00061035
 0.00061035
 0.00030518
 0.00030518
 0.00030518
 0.00030518
 0.00030518
 0.00000000
 0.00000000
 0.00000000
-0.00030518
-0.00030518
-0.00030518
-0.00030518
 0.00000000
 0.00000000
 0.00030518
 0.00000000
 0.00000000
 0.00000000
 0.00030518
 0.00000000
 0.00030518
 0.00030518
 0.00030518
 0.00000000
 0.00000000
-0.00030518
-0.00030518
-0.00030518
-0.00030518
 0.00000000
 0.00030518
 0.00061035
 0.00030518
 0.00030518
 0.00030518
 0.00030518
 0.00000000
 0.00000000
 0.00030518
 0.00030518
 0.00030518
 0.00030518
 0.00030518
 0.00000000
 0.00030518
 0.00030518
 0.00061035
 0.00061035
 0.00061035
 0.00061035
 0.00091553
 0.00122070
 0.00183105
 0.00244141
 0.00366211
 0.00518799
 0.00701904
 0.00946045
 0.01251221
 0.01647949
 0.02075195
 0.02563477
 0.03173828
 0.03814697
 0.04486084
 0.05218506
 0.05920410
 0.06561279
 0.07141113
 0.07568359
 0.07812500
 0.07843018
 0.07690430
 0.07263184
 0.06622314
 0.05798340
 0.04852295
 0.03845215
 0.02868652
 0.02014160
 0.01373291
 0.01068115
 0.01068115
 0.01434326
 0.02166748
 0.03204346
 0.04547119
 0.06042480
 0.07598877
 0.09033203
 0.10192871
 0.10803223
 0.10589600
 0.09338379
 0.06958008
 0.03692627
-0.00183105
-0.04394531
-0.08636475
-0.12695313
-0.16479492
-0.19775391
-0.22491455
-0.24353027
-0.25329590
-0.25360107
-0.24444580
-0.22644043
-0.19989014
-0.16448975
-0.12145996
-0.07202148
-0.01770020
 0.03967285
 0.09796143
 0.15533447
 0.20935059
 0.25878906
 0.29998779
 0.32043457
 0.32226563
 0.33264160
 0.33386230
 0.29083252
 0.22613525
 0.14648438
 0.05859375
-0.03082275
-0.11535645
-0.19500732
-0.27069092
-0.35278320
-0.41076660
-0.45776367
-0.48645020
-0.49438477
-0.48339844
-0.45715332
-0.41015625
-0.35217285
-0.31005859
-0.23651123
-0.15380859
-0.06591797
 0.02502441
 0.11535645
 0.20355225
 0.30212402
 0.38757324
 0.44372559
 0.48583984
 0.50903320
 0.51574707
 0.49987793
 0.45959473
 0.40039063
 0.32653809
 0.22735596
 0.09552002
-0.04150391
-0.17120361
-0.28900146
-0.39978027
-0.49255371
-0.55847168
-0.59631348
-0.60119629
-0.57800293
-0.52917480
-0.45593262
-0.36193848
-0.29754639
-0.19927979
-0.09857178
-0.00213623
 0.08605957
 0.16296387
 0.22613525
 0.28900146
 0.31982422
 0.31799316
 0.33477783
 0.33111572
 0.31158447
 0.27832031
 0.23651123
 0.19256592
 0.15167236
 0.11718750
 0.08575439
 0.05371094
 0.01800537
-0.02197266
-0.06713867
-0.11505127
-0.16510010
-0.21484375
-0.26336670
-0.30822754
-0.34912109
-0.37902832
-0.39794922
-0.39978027
-0.38757324
-0.35217285
-0.30944824
-0.25848389
-0.18402100
-0.09674072
-0.00213623
 0.09490967
 0.18829346
 0.34057617
 0.40710449
 0.45410156
 0.47485352
 0.47180176
 0.44311523
 0.39550781
 0.36285400
 0.30883789
 0.20782471
 0.09765625
-0.01251221
-0.11077881
-0.19104004
-0.25756836
-0.33142090
-0.37658691
-0.40161133
-0.41564941
-0.41015625
-0.39245605
-0.36682129
-0.33264160
-0.31463623
-0.27343750
-0.22583008
-0.17211914
-0.11383057
-0.04974365
 0.01983643
 0.09399414
 0.17181396
 0.25177002
 0.33203125
 0.40344238
 0.46997070
 0.51879883
 0.55053711
 0.55786133
 0.53649902
 0.48645020
 0.40466309
 0.31219482
 0.19500732
 0.04669189
-0.10223389
-0.23559570
-0.36315918
-0.46081543
-0.52673340
-0.56701660
-0.57250977
-0.54687500
-0.49499512
-0.42175293
-0.34667969
-0.27374268
-0.18432617
-0.09552002
-0.01190186
 0.06378174
 0.12969971
 0.18707275
 0.23437500
 0.26824951
 0.29113770
 0.30670166
 0.31372070
 0.30456543
 0.27557373
 0.22857666
 0.16845703
 0.10162354
 0.03448486
-0.02655029
-0.08026123
-0.12664795
-0.16479492
-0.19195557
-0.20660400
-0.20904541
-0.20019531
-0.18157959
-0.15380859
-0.11810303
-0.07568359
-0.02838135
 0.02288818
 0.07690430
 0.13305664
 0.18981934
 0.24688721
 0.30334473
 0.35339355
 0.39367676
 0.42358398
 0.45043945
 0.46386719
 0.46142578
 0.44433594
 0.41015625
 0.35949707
 0.29449463
 0.20019531
 0.09704590
-0.00885010
-0.11566162
-0.22216797
-0.32836914
-0.42907715
-0.51330566
-0.58227539
-0.62561035
-0.64025879
-0.62622070
-0.58654785
-0.51635742
-0.42236328
-0.33050537
-0.23803711
-0.12481689
-0.01312256
 0.09246826
 0.18798828
 0.33752441
 0.39428711
 0.43701172
 0.46997070
 0.49438477
 0.51574707
 0.53283691
 0.54748535
 0.55358887
 0.55053711
 0.53161621
 0.49743652
 0.44311523
 0.36865234
 0.25665283
 0.15106201
 0.03173828
-0.09613037
-0.22644043
-0.35095215
-0.47180176
-0.58288574
-0.67138672
-0.73669434
-0.77392578
-0.77941895
-0.75378418
-0.69824219
-0.61035156
-0.49865723
-0.36254883
-0.25451660
-0.10742188
 0.04425049
 0.19165039
 0.40771484
 0.53466797
 0.63659668
 0.70800781
 0.75073242
 0.76293945
 0.75195313
 0.71716309
 0.66650391
 0.59814453
 0.51879883
 0.42968750
 0.33233643
 0.22583008
 0.11932373
 0.01708984
-0.07995605
-0.16876221
-0.24536133
-0.31402588
-0.36804199
-0.39489746
-0.40527344
-0.39550781
-0.37231445
-0.33447266
-0.31433105
-0.27130127
-0.22460938
-0.17608643
-0.12847900
-0.08270264
-0.03875732
 0.00274658
 0.04089355
 0.07507324
 0.10803223
 0.13977051
 0.17059326
 0.19958496
 0.22583008
 0.24688721
 0.25939941
 0.25787354
 0.23895264
 0.20507813
 0.16143799
 0.11505127
 0.07202148
 0.03662109
 0.00885010
-0.01220703
-0.02624512
-0.03387451
-0.03601074
-0.03479004
-0.03295898
-0.03387451
-0.04089355
-0.05706787
-0.08331299
-0.11749268
-0.15350342
-0.18554688
-0.20751953
-0.21759033
-0.21484375
-0.19958496
-0.17272949
-0.13397217
-0.08483887
-0.02746582
 0.03326416
 0.09246826
 0.14526367
 0.18768311
 0.21606445
 0.22857666
 0.22247314
 0.18859863
 0.12817383
 0.05371094
-0.02380371
-0.09216309
-0.14038086
-0.16418457
-0.17089844
-0.16510010
-0.14862061
-0.12329102
-0.09216309
-0.05767822
-0.02380371
 0.00854492
 0.03631592
 0.05889893
 0.07751465
 0.09399414
 0.10772705
 0.11657715
 0.12054443
 0.12023926
 0.11718750
 0.11260986
 0.10620117
 0.09704590
 0.08422852
 0.06713867
 0.04577637
 0.02166748
-0.00335693
-0.02777100
-0.04974365
-0.06958008
-0.08697510
-0.10223389
-0.11657715
-0.13092041
-0.14709473
-0.16448975
-0.18341064
-0.20172119
-0.21697998
-0.22644043
-0.22796631
-0.22003174
-0.20233154
-0.17608643
-0.14038086
-0.09643555
-0.04638672
 0.00701904
 0.06011963
 0.10955811
 0.15228271
 0.18615723
 0.20904541
 0.21820068
 0.20843506
 0.17303467
 0.11779785
 0.05126953
-0.01800537
-0.08148193
-0.13092041
-0.16815186
-0.19775391
-0.22125244
-0.23956299
-0.25207520
-0.26031494
-0.26458740
-0.26550293
-0.26306152
-0.25726318
-0.24810791
-0.23406982
-0.21514893
-0.19073486
-0.16082764
-0.12420654
-0.08087158
-0.03112793
 0.02410889
 0.08148193
 0.13824463
 0.19165039
 0.23834229
 0.27648926
 0.30090332
 0.30944824
 0.29357910
 0.24932861
 0.18280029
 0.10314941
 0.02014160
-0.05584717
-0.11444092
-0.15625000
-0.18554688
-0.20263672
-0.20721436
-0.20019531
-0.18341064
-0.15777588
-0.12542725
-0.08880615
-0.05065918
-0.01342773
 0.02014160
 0.04760742
 0.06774902
 0.08300781
 0.09094238
 0.09033203
 0.08331299
 0.07537842
 0.07263184
 0.07934570
 0.09429932
 0.11444092
 0.13702393
 0.15991211
 0.18005371
 0.19500732
 0.19989014
 0.18890381
 0.15869141
 0.11138916
 0.05371094
-0.00793457
-0.06744385
-0.12023926
-0.16540527
-0.20385742
-0.23468018
-0.25665283
-0.26977539
-0.27374268
-0.26916504
-0.25634766
-0.23529053
-0.20660400
-0.17028809
-0.12634277
-0.07629395
-0.02105713
 0.03662109
 0.09399414
 0.14831543
 0.19714355
 0.23712158
 0.26458740
 0.28076172
 0.28137207
 0.26000977
 0.21728516
 0.15991211
 0.09521484
 0.03082275
-0.02471924
-0.06958008
-0.10681152
-0.13916016
-0.16632080
-0.18859863
-0.20507813
-0.21667480
-0.22460938
-0.22888184
-0.22949219
-0.22674561
-0.22003174
-0.20782471
-0.18920898
-0.16296387
-0.12786865
-0.08239746
-0.02532959
 0.04302979
 0.11962891
 0.19958496
 0.33142090
 0.40039063
 0.45471191
 0.48706055
 0.49682617
 0.47668457
 0.42907715
 0.36193848
 0.34240723
 0.23803711
 0.12512207
 0.01434326
-0.08056641
-0.15350342
-0.21087646
-0.25482178
-0.28503418
-0.31738281
-0.31402588
-0.30242920
-0.28900146
-0.26855469
-0.24139404
-0.20782471
-0.16845703
-0.12359619
-0.07385254
-0.01983643
 0.03753662
 0.09613037
 0.15350342
 0.20629883
 0.25329590
 0.29418945
 0.33020020
 0.35095215
 0.36071777
 0.35766602
 0.34240723
 0.33142090
 0.30029297
 0.23864746
 0.16937256
 0.09796143
 0.02868652
-0.03997803
-0.10833740
-0.17578125
-0.23895264
-0.29785156
-0.34667969
-0.37658691
-0.39306641
-0.38696289
-0.36376953
-0.32745361
-0.28259277
-0.21881104
-0.14312744
-0.05859375
 0.02899170
 0.11505127
 0.19531250
 0.29052734
 0.36621094
 0.39489746
 0.40832520
 0.40466309
 0.38574219
 0.35278320
 0.33447266
 0.29968262
 0.22979736
 0.15686035
 0.08819580
 0.02929688
-0.02410889
-0.07476807
-0.12329102
-0.16845703
-0.20812988
-0.24169922
-0.26855469
-0.28808594
-0.30090332
-0.30639648
-0.30456543
-0.29541016
-0.27832031
-0.25360107
-0.22003174
-0.17730713
-0.12512207
-0.06408691
 0.00427246
 0.07720947
 0.15136719
 0.22277832
 0.30364990
 0.37048340
 0.40222168
 0.41809082
 0.41442871
 0.39123535
 0.35461426
 0.32897949
 0.28625488
 0.20202637
 0.11383057
 0.03173828
-0.03845215
-0.10009766
-0.15563965
-0.20324707
-0.24108887
-0.26794434
-0.28228760
-0.28533936
-0.27801514
-0.26092529
-0.23468018
-0.19958496
-0.15747070
-0.10894775
-0.05615234
-0.00122070
 0.05371094
 0.10650635
 0.15502930
 0.19744873
 0.22888184
 0.25115967
 0.26458740
 0.26245117
 0.23956299
 0.19592285
 0.13580322
 0.06591797
-0.00762939
-0.07781982
-0.14190674
-0.20111084
-0.25573730
-0.30822754
-0.35095215
-0.37658691
-0.38635254
-0.38146973
-0.36193848
-0.33081055
-0.30487061
-0.26092529
-0.20874023
-0.15014648
-0.08728027
-0.02227783
 0.04333496
 0.10772705
 0.16998291
 0.22857666
 0.28137207
 0.31860352
 0.34057617
 0.35461426
 0.35522461
 0.34179688
 0.32958984
 0.29510498
 0.22430420
 0.14251709
 0.05676270
-0.02532959
-0.10131836
-0.17303467
-0.23925781
-0.30242920
-0.35461426
-0.38574219
-0.40161133
-0.40161133
-0.38574219
-0.35583496
-0.32440186
-0.28564453
-0.22979736
-0.16479492
-0.09277344
-0.01617432
 0.06225586
 0.13946533
 0.21301270
 0.29205322
 0.35400391
 0.39245605
 0.41687012
 0.42358398
 0.41564941
 0.39489746
 0.35827637
 0.32562256
 0.26947021
 0.18798828
 0.10498047
 0.02868652
-0.04150391
-0.10803223
-0.17181396
-0.23010254
-0.27954102
-0.32714844
-0.35766602
-0.37414551
-0.37719727
-0.37292480
-0.35766602
-0.32897949
-0.30883789
-0.26794434
-0.21820068
-0.15991211
-0.09460449
-0.02380371
 0.04913330
 0.12268066
 0.19378662
 0.26092529
 0.33142090
 0.37292480
 0.39978027
 0.41503906
 0.41015625
 0.39367676
 0.36132813
 0.33111572
 0.27862549
 0.19409180
 0.10498047
 0.01739502
-0.06622314
-0.14831543
-0.22888184
-0.30914307
-0.38269043
-0.44067383
-0.48461914
-0.51330566
-0.52612305
-0.51696777
-0.49316406
-0.44799805
-0.39184570
-0.32867432
-0.26275635
-0.17303467
-0.07659912
 0.02166748
 0.11627197
 0.20446777
 0.30609131
 0.38391113
 0.41748047
 0.43334961
 0.42846680
 0.40649414
 0.37048340
 0.34484863
 0.30487061
 0.22583008
 0.14251709
 0.06317139
-0.00640869
-0.06927490
-0.12847900
-0.18402100
-0.23284912
-0.27343750
-0.30761719
-0.32897949
-0.33630371
-0.32958984
-0.31524658
-0.29266357
-0.25939941
-0.21636963
-0.16418457
-0.10437012
-0.03967285
 0.02777100
 0.09552002
 0.16082764
 0.22155762
 0.27648926
 0.32348633
 0.34790039
 0.35705566
 0.35400391
 0.34179688
 0.33874512
 0.31951904
 0.26428223
 0.20263672
 0.14099121
 0.08544922
 0.03448486
-0.01434326
-0.06134033
-0.10437012
-0.14129639
-0.16967773
-0.18890381
-0.19897461
-0.19958496
-0.19165039
-0.17517090
-0.15014648
-0.11718750
-0.07720947
-0.03112793
 0.01953125
 0.07232666
 0.12512207
 0.17578125
 0.22155762
 0.26031494
 0.28808594
 0.30731201
 0.31524658
 0.30517578
 0.27526855
 0.22888184
 0.17150879
 0.10925293
 0.04821777
-0.00701904
-0.05889893
-0.10833740
-0.15502930
-0.19683838
-0.23101807
-0.25604248
-0.27099609
-0.27557373
-0.27130127
-0.25726318
-0.23529053
-0.20507813
-0.16754150
-0.12390137
-0.07537842
-0.02319336
 0.02990723
 0.08300781
 0.13427734
 0.18280029
 0.22552490
 0.25970459
 0.28778076
 0.30975342
 0.32318115
 0.32318115
 0.30670166
 0.27526855
 0.23315430
 0.18585205
 0.13763428
 0.09185791
 0.04638672
 0.00030518
-0.04638672
-0.09063721
-0.13092041
-0.16540527
-0.19317627
-0.21301270
-0.22491455
-0.22979736
-0.22674561
-0.21545410
-0.19744873
-0.17242432
-0.14068604
-0.10253906
-0.05859375
-0.01007080
 0.04150391
 0.09399414
 0.14617920
 0.19622803
 0.24139404
 0.27801514
 0.30670166
 0.32897949
 0.34149170
 0.33813477
 0.31585693
 0.27557373
 0.22247314
 0.16204834
 0.09979248
 0.03936768
-0.01922607
-0.07659912
-0.13183594
-0.18249512
-0.22460938
-0.25634766
-0.27618408
-0.28411865
-0.28076172
-0.26672363
-0.24291992
-0.20996094
-0.16845703
-0.12115479
-0.06988525
-0.01708984
 0.03479004
 0.08361816
 0.12786865
 0.16632080
 0.19439697
 0.21545410
 0.22979736
 0.23284912
 0.22277832
 0.20080566
 0.17089844
 0.13824463
 0.10772705
 0.07995605
 0.05249023
 0.02349854
-0.00793457
-0.04180908
-0.07659912
-0.11047363
-0.14129639
-0.16815186
-0.18951416
-0.20446777
-0.21209717
-0.21179199
-0.20385742
-0.18829346
-0.16571045
-0.13610840
-0.10040283
-0.05920410
-0.01403809
 0.03356934
 0.08178711
 0.12817383
 0.17120361
 0.20721436
 0.23559570
 0.25695801
 0.26977539
 0.26855469
 0.25054932
 0.21820068
 0.17578125
 0.12847900
 0.08209229
 0.03845215
-0.00396729
-0.04699707
-0.09094238
-0.13397217
-0.17456055
-0.20996094
-0.23895264
-0.26092529
-0.27496338
-0.28076172
-0.27801514
-0.26733398
-0.24871826
-0.22277832
-0.18890381
-0.14862061
-0.10345459
-0.05432129
-0.00366211
 0.04669189
 0.09399414
 0.13702393
 0.17303467
 0.19897461
 0.21820068
 0.22705078
 0.22094727
 0.19866943
 0.16387939
 0.12207031
 0.07873535
 0.03906250
 0.00335693
-0.03021240
-0.06408691
-0.09704590
-0.12817383
-0.15625000
-0.18005371
-0.19866943
-0.21179199
-0.21942139
-0.22155762
-0.21850586
-0.21026611
-0.19683838
-0.17913818
-0.15747070
-0.13214111
-0.10437012
-0.07385254
-0.04241943
-0.01037598
 0.02044678
 0.04943848
 0.07537842
 0.09826660
 0.11566162
 0.12573242
 0.12603760
 0.11688232
 0.10131836
 0.08361816
 0.06683350
 0.05157471
 0.03662109
 0.02014160
 0.00030518
-0.02288818
-0.04943848
-0.07843018
-0.10833740
-0.13763428
-0.16418457
-0.18676758
-0.20385742
-0.21362305
-0.21606445
-0.20965576
-0.19561768
-0.17333984
-0.14343262
-0.10620117
-0.06317139
-0.01495361
 0.03509521
 0.08544922
 0.13305664
 0.17639160
 0.21362305
 0.24078369
 0.25909424
 0.26550293
 0.25482178
 0.22674561
 0.18554688
 0.13763428
 0.08972168
 0.04730225
 0.01037598
-0.02380371
-0.05737305
-0.08972168
-0.11993408
-0.14678955
-0.16876221
-0.18493652
-0.19500732
-0.19897461
-0.19683838
-0.18859863
-0.17456055
-0.15472412
-0.12908936
-0.09826660
-0.06256104
-0.02258301
 0.02075195
 0.06622314
 0.11199951
 0.15563965
 0.19439697
 0.22674561
 0.25268555
 0.27130127
 0.27832031
 0.26794434
 0.23925781
 0.19653320
 0.14556885
 0.09155273
 0.04058838
-0.00610352
-0.05035400
-0.09307861
-0.13305664
-0.16784668
-0.19561768
-0.21484375
-0.22521973
-0.22644043
-0.21942139
-0.20477295
-0.18310547
-0.15502930
-0.12145996
-0.08361816
-0.04241943
-0.00030518
 0.04180908
 0.08117676
 0.11596680
 0.14556885
 0.17028809
 0.19012451
 0.20263672
 0.20477295
 0.19531250
 0.17639160
 0.15228271
 0.12664795
 0.10162354
 0.07659912
 0.04974365
 0.01922607
-0.01434326
-0.04974365
-0.08483887
-0.11657715
-0.14404297
-0.16601563
-0.18127441
-0.18920898
-0.18981934
-0.18310547
-0.16937256
-0.14984131
-0.12481689
-0.09490967
-0.06134033
-0.02532959
 0.01129150
 0.04699707
 0.07995605
 0.10894775
 0.13366699
 0.15411377
 0.16754150
 0.17150879
 0.16510010
 0.15045166
 0.13214111
 0.11322021
 0.09674072
 0.08239746
 0.06774902
 0.05126953
 0.03234863
 0.01068115
-0.01251221
-0.03601074
-0.05828857
-0.07812500
-0.09490967
-0.10772705
-0.11474609
-0.11627197
-0.11199951
-0.10131836
-0.08483887
-0.06317139
-0.03723145
-0.00701904
 0.02593994
 0.06011963
 0.09429932
 0.12634277
 0.15502930
 0.17913818
 0.19775391
 0.20751953
 0.20416260
 0.18707275
 0.16021729
 0.12847900
 0.09704590
 0.06896973
 0.04516602
 0.02288818
 0.00213623
-0.01708984
-0.03417969
-0.04913330
-0.06011963
-0.06713867
-0.06988525
-0.06927490
-0.06530762
-0.05859375
-0.04913330
-0.03753662
-0.02471924
-0.01037598
 0.00488281
 0.02044678
 0.03631592
 0.05249023
 0.06805420
 0.08270264
 0.09613037
 0.10772705
 0.11627197
 0.12176514
 0.12329102
 0.12054443
 0.11291504
 0.10040283
 0.08422852
 0.06469727
 0.04241943
 0.01861572
-0.00579834
-0.03082275
-0.05584717
-0.07934570
-0.10101318
-0.11932373
-0.13427734
-0.14556885
-0.15289307
-0.15594482
-0.15502930
-0.14953613
-0.13977051
-0.12664795
-0.10986328
-0.09033203
-0.06835938
-0.04455566
-0.01922607
 0.00701904
 0.03356934
 0.05950928
 0.08422852
 0.10711670
 0.12695313
 0.14190674
 0.14953613
 0.14953613
 0.14190674
 0.12847900
 0.11077881
 0.09063721
 0.06835938
 0.04302979
 0.01495361
-0.01556396
-0.04760742
-0.07904053
-0.10833740
-0.13427734
-0.15594482
-0.17242432
-0.18280029
-0.18737793
-0.18615723
-0.17883301
-0.16632080
-0.14923096
-0.12817383
-0.10375977
-0.07751465
-0.04943848
-0.02044678
 0.00793457
 0.03540039
 0.06164551
 0.08575439
 0.10681152
 0.12359619
 0.13488770
 0.13946533
 0.13824463
 0.13275146
 0.12481689
 0.11627197
 0.10650635
 0.09490967
 0.08056641
 0.06286621
 0.04180908
 0.01861572
-0.00579834
-0.03051758
-0.05340576
-0.07446289
-0.09277344
-0.10742188
-0.11840820
-0.12481689
-0.12725830
-0.12542725
-0.11932373
-0.10955811
-0.09674072
-0.08117676
-0.06378174
-0.04486084
-0.02532959
-0.00640869
 0.01190186
 0.02838135
 0.04211426
 0.05249023
 0.05859375
 0.06042480
 0.05859375
 0.05462646
 0.04821777
 0.04058838
 0.03204346
 0.02258301
 0.01251221
 0.00183105
-0.00946045
-0.02014160
-0.02990723
-0.03814697
-0.04486084
-0.04913330
-0.05157471
-0.05157471
-0.04974365
-0.04547119
-0.03997803
-0.03295898
-0.02502441
-0.01617432
-0.00732422
 0.00152588
 0.00976563
 0.01708984
 0.02288818
 0.02716064
 0.02990723
 0.03051758
 0.02960205
 0.02685547
 0.02227783
 0.01647949
 0.00976563
 0.00244141
-0.00549316
-0.01342773
-0.02136230
-0.02807617
-0.03356934
-0.03753662
-0.03936768
-0.03875732
-0.03662109
-0.03204346
-0.02563477
-0.01831055
-0.01007080
-0.00183105
 0.00610352
 0.01281738
 0.01770020
 0.02044678
 0.02075195
 0.01892090
 0.01525879
 0.01037598
 0.00488281
-0.00091553
-0.00640869
-0.01220703
-0.01739502
-0.02197266
-0.02593994
-0.02990723
-0.03295898
-0.03570557
-0.03814697
-0.03997803
-0.04119873
-0.04150391
-0.04119873
-0.03997803
-0.03784180
-0.03417969
-0.02960205
-0.02410889
-0.01739502
-0.01037598
-0.00274658
 0.00457764
 0.01129150
 0.01770020
 0.02288818
 0.02685547
 0.02899170
 0.02929688
 0.02777100
 0.02471924
 0.02075195
 0.01647949
 0.01159668
 0.00701904
 0.00274658
-0.00122070
-0.00427246
-0.00671387
-0.00854492
-0.01037598
-0.01190186
-0.01312256
-0.01403809
-0.01403809
-0.01373291
-0.01251221
-0.00976563
-0.00610352
-0.00061035
 0.00610352
 0.01403809
 0.02349854
 0.03356934
 0.04394531
 0.05432129
 0.06378174
 0.07171631
 0.07751465
 0.08026123
 0.08056641
 0.07812500
 0.07324219
 0.06744385
 0.06011963
 0.05249023
 0.04425049
 0.03601074
 0.02838135
 0.02105713
 0.01464844
 0.00915527
 0.00488281
 0.00213623
 0.00122070
 0.00152588
 0.00366211
 0.00701904
 0.01098633
 0.01525879
 0.01953125
 0.02349854
 0.02716064
 0.02960205
 0.03143311
 0.03234863
 0.03295898
 0.03356934
 0.03448486
 0.03601074
 0.03814697
 0.04058838
 0.04364014
 0.04730225
 0.05096436
 0.05462646
 0.05767822
 0.05950928
 0.06011963
 0.05859375
 0.05493164
 0.04943848
 0.04211426
 0.03387451
 0.02502441
 0.01647949
 0.00823975
 0.00122070
-0.00427246
-0.00793457
-0.01037598
-0.01098633
-0.00976563
-0.00701904
-0.00305176
 0.00152588
 0.00701904
 0.01281738
 0.01770020
 0.02166748
 0.02471924
 0.02593994
 0.02593994
 0.02471924
 0.02288818
 0.02044678
 0.01800537
 0.01556396
 0.01312256
 0.01068115
 0.00854492
 0.00640869
 0.00396729
 0.00152588
-0.00183105
-0.00549316
-0.00915527
-0.01312256
-0.01708984
-0.02044678
-0.02288818
-0.02410889
-0.02410889
-0.02288818
-0.02014160
-0.01647949
-0.01190186
-0.00671387
-0.00152588
 0.00366211
 0.00854492
 0.01312256
 0.01647949
 0.01922607
 0.02075195
 0.02166748
 0.02227783
 0.02258301
 0.02258301
 0.02197266
 0.02105713
 0.01953125
 0.01770020
 0.01525879
 0.01281738
 0.00976563
 0.00701904
 0.00396729
 0.00061035
-0.00244141
-0.00488281
-0.00732422
-0.00823975
-0.00854492
-0.00793457
-0.00579834
-0.00244141
 0.00213623
 0.00823975
 0.01525879
 0.02319336
 0.03173828
 0.03997803
 0.04760742
 0.05371094
 0.05798340
 0.06011963
 0.05920410
 0.05523682
 0.04821777
 0.03936768
 0.02868652
 0.01739502
 0.00518799
-0.00671387
-0.01831055
-0.02868652
-0.03845215
-0.04638672
-0.05279541
-0.05706787
-0.05981445
-0.06072998
-0.06011963
-0.05859375
-0.05645752
-0.05371094
-0.05035400
-0.04699707
-0.04364014
-0.04028320
-0.03662109
-0.03295898
-0.02929688
-0.02471924
-0.01953125
-0.01342773
-0.00701904
-0.00061035
 0.00579834
 0.01190186
 0.01739502
 0.02197266
 0.02502441
 0.02624512
 0.02563477
 0.02349854
 0.01953125
 0.01403809
 0.00701904
-0.00030518
-0.00823975
-0.01586914
-0.02349854
-0.03082275
-0.03753662
-0.04333496
-0.04760742
-0.05126953
-0.05340576
-0.05432129
-0.05432129
-0.05371094
-0.05310059
-0.05126953
-0.04913330
-0.04638672
-0.04364014
-0.04089355
-0.03845215
-0.03570557
-0.03356934
-0.03143311
-0.02929688
-0.02777100
-0.02655029
-0.02593994
-0.02563477
-0.02563477
-0.02563477
-0.02624512
-0.02685547
-0.02716064
-0.02777100
-0.02777100
-0.02777100
-0.02746582
-0.02685547
-0.02563477
-0.02380371
-0.02166748
-0.01953125
-0.01739502
-0.01525879
-0.01342773
-0.01129150
-0.00885010
-0.00671387
-0.00427246
-0.00213623
-0.00061035
 0.00122070
 0.00305176
 0.00427246
 0.00518799
 0.00518799
 0.00396729
 0.00152588
-0.00213623
-0.00701904
-0.01312256
-0.02014160
-0.02746582
-0.03540039
-0.04364014
-0.05126953
-0.05859375
-0.06439209
-0.06896973
-0.07202148
-0.07354736
-0.07293701
-0.07049561
-0.06622314
-0.06011963
-0.05279541
-0.04394531
-0.03417969
-0.02380371
-0.01281738
-0.00152588
 0.00915527
 0.01983643
 0.02929688
 0.03814697
 0.04608154
 0.05249023
 0.05676270
 0.05950928
 0.05950928
 0.05737305
 0.05218506
 0.04455566
 0.03417969
 0.02197266
 0.00854492
-0.00549316
-0.01953125
-0.03234863
-0.04333496
-0.05218506
-0.05828857
-0.06103516
-0.06103516
-0.05767822
-0.05157471
-0.04333496
-0.03295898
-0.02105713
-0.00854492
 0.00427246
 0.01647949
 0.02777100
 0.03784180
 0.04577637
 0.05187988
 0.05615234
 0.05859375
 0.05981445
 0.06042480
 0.06011963
 0.05920410
 0.05706787
 0.05340576
 0.04882813
 0.04302979
 0.03601074
 0.02807617
 0.01953125
 0.01037598
 0.00152588
-0.00701904
-0.01464844
-0.02166748
-0.02777100
-0.03265381
-0.03601074
-0.03784180
-0.03845215
-0.03692627
-0.03448486
-0.03143311
-0.02777100
-0.02410889
-0.02014160
-0.01647949
-0.01251221
-0.00793457
-0.00366211
 0.00122070
 0.00579834
 0.01098633
 0.01586914
 0.02075195
 0.02471924
 0.02807617
 0.02960205
 0.02929688
 0.02655029
 0.02197266
 0.01495361
 0.00640869
-0.00305176
-0.01281738
-0.02258301
-0.03143311
-0.03845215
-0.04364014
-0.04669189
-0.04730225
