-0.00030518
 0.00000000
 0.00030518
 0.00061035
 0.00061035
 0.00030518
 0.00061035
 0.00061035
 0.00061035
 0.00030518
 0.00030518
 0.00030518
 0.00061035
 0.00061035
 0.00091553
 0.00061035
 0.00061035
 0.00061035
 0.00030518
 0.00030518
 0.00000000
-0.00030518
 0.00000000
 0.00000000
 0.00000000
 0.00000000
 0.00000000
 0.00000000
 0.00000000
 0.00000000
 0.00000000
 0.00030518
 0.00030518
 0.00030518
 0.00030518
 0.00030518
 0.00030518
 0.00000000
 0.00000000
 0.00000000
 0.00030518
 0.00030518
 0.00030518
 0.00061035
 0.00061035
 0.00061035
 0.00061035
 0.00061035
 0.00061035
 0.00030518
 0.00000000
 0.00000000
 0.00000000
 0.00000000
 0.00000000
 0.00030518
 0.00030518
 0.00030518
 0.00030518
 0.00030518
 0.00030518
 0.00000000
-0.00030518
-0.00030518
-0.00061035
-0.00030518
-0.00030518
 0.00000000
 0.00000000
 0.00030518
 0.00030518
 0.00000000
 0.00000000
 0.00000000
 0.00000000
 0.00030518
 0.00030518
 0.00030518
 0.00061035
 0.00030518
 0.00030518
 0.00030518
 0.00030518
 0.00061035
 0.00061035
 0.00030518
 0.00030518
 0.00000000
-0.00030518
-0.00030518
-0.00030518
 0.00000000
 0.00030518
 0.00061035
 0.00061035
 0.00061035
 0.00061035
 0.00030518
 0.00000000
 0.00000000
 0.00000000
 0.00030518
 0.00030518
 0.00061035
 0.00061035
 0.00091553
 0.00061035
 0.00091553
 0.00061035
 0.00061035
 0.00030518
 0.00061035
 0.00061035
 0.00030518
 0.00030518
 0.00030518
 0.00000000
-0.00030518
-0.00030518
-0.00030518
 0.00000000
 0.00000000
 0.00000000
 0.00000000
 0.00000000
 0.00000000
 0.00030518
 0.00061035
 0.00061035
 0.00030518
 0.00030518
 0.00030518
 0.00000000
 0.00000000
 0.00000000
 0.00030518
 0.00030518
 0.00000000
 0.00000000
 0.00030518
 0.00000000
 0.00000000
 0.00000000
 0.00030518
 0.00000000
 0.00030518
 0.00030518
 0.00061035
 0.00061035
 0.00061035
 0.00061035
 0.00061035
 0.00061035
 0.00030518
 0.00030518
 0.00030518
 0.00061035
 0.00061035
 0.00061035
 0.00061035
 0.00061035
 0.00030518
 0.00030518
 0.00030518
 0.00030518
 0.00030518
 0.00030518
 0.00000000
-0.00030518
 0.00000000
 0.00000000
 0.00000000
 0.00030518
 0.00030518
 0.00000000
 0.00000000
 0.00000000
 0.00000000
 0.00000000
 0.00030518
 0.00061035
 0.00030518
 0.00030518
 0.00030518
 0.00030518
 0.00030518
 0.00030518
 0.00030518
 0.00061035
 0.00122070
 0.00183105
 0.00305176
 0.00427246
 0.00671387
 0.01037598
 0.01525879
 0.02197266
 0.03021240
 0.04028320
 0.05096436
 0.06103516
 0.06866455
 0.07110596
 0.06469727
 0.04516602
 0.01037598
-0.03845215
-0.09674072
-0.15808105
-0.21392822
-0.25604248
-0.27801514
-0.27709961
-0.25054932
-0.19500732
-0.11047363
-0.00213623
 0.11749268
 0.27099609
 0.42419434
 0.49987793
 0.52001953
 0.46386719
 0.33538818
 0.17578125
-0.02136230
-0.26336670
-0.48339844
-0.61523438
-0.67504883
-0.66040039
-0.57922363
-0.44372559
-0.27557373
-0.13214111
-0.01678467
 0.07232666
 0.13702393
 0.24536133
 0.22735596
 0.26214600
 0.28533936
 0.28991699
 0.26824951
 0.20202637
 0.08544922
-0.05371094
-0.17944336
-0.28106689
-0.33325195
-0.28106689
-0.18890381
-0.10070801
-0.00701904
 0.08239746
 0.16632080
 0.35644531
 0.42236328
 0.46875000
 0.48400879
 0.45043945
 0.35034180
 0.19012451
-0.03326416
-0.29388428
-0.52490234
-0.63415527
-0.61767578
-0.49682617
-0.26580811
-0.04974365
 0.07293701
 0.14739990
 0.37170410
 0.40039063
 0.39001465
 0.38574219
 0.42724609
 0.52551270
 0.64819336
 0.74645996
 0.76477051
 0.65795898
 0.35583496
-0.03540039
-0.46386719
-0.89965820
-1.24694824
-1.46545410
-1.56311035
-1.54602051
-1.43554688
-1.24755859
-1.00036621
-0.70373535
-0.37017822
-0.06805420
 0.26000977
 0.61096191
 0.87707520
 1.05041504
 1.08154297
 0.93566895
 0.63415527
 0.27160645
-0.01525879
-0.44921875
-0.65063477
-0.74768066
-0.74768066
-0.66040039
-0.49743652
-0.25299072
-0.01007080
 0.18249512
 0.44860840
 0.62561035
 0.72570801
 0.74218750
 0.71166992
 0.68969727
 0.72998047
 0.85021973
 1.03149414
 1.23779297
 1.42395020
 1.54357910
 1.54296875
 1.38000488
 1.07238770
 0.68664551
 0.36621094
 0.17669678
-0.00274658
-0.15136719
-0.33935547
-0.43090820
-0.54626465
-0.69458008
-0.87219238
-1.05773926
-1.20788574
-1.28906250
-1.27441406
-1.15112305
-0.93017578
-0.62438965
-0.21453857
 0.17089844
 0.46569824
 0.77209473
 1.00280762
 1.12060547
 1.09558105
 0.97351074
 0.82946777
 0.73303223
 0.71350098
 0.74096680
 0.75927734
 0.71533203
 0.56274414
 0.20416260
-0.23834229
-0.59631348
-1.01623535
-1.32812500
-1.50451660
-1.54174805
-1.45080566
-1.24755859
-0.94604492
-0.56579590
 0.02288818
 0.35369873
 0.70617676
 1.04736328
 1.29943848
 1.41235352
 1.32629395
 1.05468750
 0.69274902
 0.37811279
 0.24047852
 0.13244629
 0.04760742
-0.00793457
-0.03662109
-0.04608154
-0.04119873
-0.03112793
-0.02899170
-0.05126953
-0.11260986
-0.22735596
-0.39184570
-0.59570313
-0.79406738
-0.95214844
-1.04187012
-1.05834961
-1.00769043
-0.90637207
-0.76843262
-0.61096191
-0.43640137
-0.31372070
-0.10253906
 0.16113281
 0.48583984
 0.77636719
 1.05102539
 1.25976563
 1.34460449
 1.24023438
 0.93566895
 0.51147461
 0.19409180
-0.01129150
-0.35827637
-0.37170410
-0.25451660
-0.16723633
-0.18798828
-0.26672363
-0.34973145
-0.50048828
-0.77514648
-1.05773926
-1.29394531
-1.45935059
-1.55822754
-1.59729004
-1.58142090
-1.49597168
-1.34582520
-1.13098145
-0.85693359
-0.54565430
-0.19531250
 0.09155273
 0.46325684
 0.76477051
 1.01745605
 1.19750977
 1.28479004
 1.28356934
 1.20117188
 1.08215332
 0.95153809
 0.83435059
 0.72448730
 0.61950684
 0.50415039
 0.36315918
 0.17730713
-0.03692627
-0.27008057
-0.49072266
-0.74035645
-0.97473145
-1.18408203
-1.34948730
-1.46057129
-1.51245117
-1.49475098
-1.40747070
-1.25793457
-1.05224609
-0.79833984
-0.50415039
-0.15106201
 0.15014648
 0.48645020
 0.80505371
 1.08581543
 1.29455566
 1.40075684
 1.37817383
 1.23779297
 1.02050781
 0.77819824
 0.54992676
 0.37963867
 0.21087646
-0.01800537
-0.24108887
-0.42480469
-0.59020996
-0.71533203
-0.79406738
-0.82458496
-0.81665039
-0.78369141
-0.72875977
-0.66406250
-0.59509277
-0.50903320
-0.40954590
-0.30639648
-0.20080566
-0.09826660
-0.01373291
 0.05371094
 0.11169434
 0.17120361
 0.24230957
 0.32043457
 0.40588379
 0.51147461
 0.62072754
 0.72509766
 0.81237793
 0.88317871
 0.93200684
 0.96313477
 0.97717285
 0.96862793
 0.91918945
 0.81909180
 0.64697266
 0.40649414
 0.09674072
-0.19927979
-0.51147461
-0.76538086
-0.94787598
-1.04675293
-1.05590820
-0.98937988
-0.85083008
-0.65673828
-0.41564941
-0.13854980
 0.11413574
 0.43212891
 0.71472168
 0.96740723
 1.17736816
 1.31774902
 1.38549805
 1.37268066
 1.29943848
 1.19018555
 1.05834961
 0.92163086
 0.78613281
 0.65612793
 0.53161621
 0.42236328
 0.34393311
 0.28686523
 0.23986816
 0.20812988
 0.18280029
 0.15411377
 0.11169434
 0.04241943
-0.06408691
-0.20141602
-0.34088135
-0.48156738
-0.60974121
-0.68298340
-0.69213867
-0.63415527
-0.52490234
-0.37475586
-0.23803711
-0.09643555
 0.03936768
 0.23223877
 0.41809082
 0.50842285
 0.56884766
 0.60241699
 0.61706543
 0.61462402
 0.60668945
 0.59082031
 0.56762695
 0.53405762
 0.48889160
 0.42236328
 0.32440186
 0.19989014
 0.07873535
-0.02349854
-0.09338379
-0.13092041
-0.14160156
-0.13488770
-0.12207031
-0.11566162
-0.12237549
-0.14495850
-0.17974854
-0.21942139
-0.26336670
-0.33996582
-0.38635254
-0.41564941
-0.42602539
-0.41931152
-0.38818359
-0.33691406
-0.25848389
-0.14587402
-0.01220703
 0.12329102
 0.28991699
 0.45288086
 0.53039551
 0.55541992
 0.52917480
 0.46264648
 0.37353516
 0.35644531
 0.27435303
 0.18798828
 0.10437012
 0.02929688
-0.03479004
-0.09796143
-0.16876221
-0.25085449
-0.33630371
-0.42480469
-0.51757813
-0.59753418
-0.65429688
-0.69091797
-0.70068359
-0.69030762
-0.66223145
-0.62194824
-0.58044434
-0.52978516
-0.47180176
-0.40344238
-0.32470703
-0.21972656
-0.08392334
 0.06500244
 0.21606445
 0.39306641
 0.53527832
 0.64208984
 0.70434570
 0.70739746
 0.65917969
 0.56030273
 0.42663574
 0.34332275
 0.17364502
-0.01495361
-0.21087646
-0.42297363
-0.58410645
-0.73547363
-0.86242676
-0.96008301
-1.02233887
-1.04858398
-1.03881836
-0.99609375
-0.92163086
-0.82519531
-0.70983887
-0.58410645
-0.44494629
-0.31768799
-0.19317627
-0.04821777
 0.09704590
 0.23620605
 0.39489746
 0.50415039
 0.58410645
 0.63537598
 0.65307617
 0.63232422
 0.58288574
 0.50659180
 0.40893555
 0.31219482
 0.18280029
 0.00671387
-0.18615723
-0.36743164
-0.55786133
-0.73181152
-0.86730957
-0.95581055
-0.98266602
-0.94909668
-0.86303711
-0.72937012
-0.55908203
-0.36865234
-0.19409180
-0.01892090
 0.14678955
 0.40283203
 0.53894043
 0.63537598
 0.69030762
 0.70983887
 0.70495605
 0.66772461
 0.61035156
 0.53283691
 0.43945313
 0.35064697
 0.24688721
 0.12756348
 0.01953125
-0.06774902
-0.13732910
-0.19317627
-0.23529053
-0.26428223
-0.28198242
-0.29083252
-0.29235840
-0.28808594
-0.27801514
-0.26184082
-0.23986816
-0.21179199
-0.17700195
-0.13519287
-0.08483887
-0.02471924
 0.04730225
 0.13244629
 0.22888184
 0.35156250
 0.45593262
 0.54626465
 0.61035156
 0.63659668
 0.61889648
 0.55908203
 0.46813965
 0.36682129
 0.33782959
 0.23162842
 0.12115479
 0.01098633
-0.09918213
-0.21362305
-0.32989502
-0.44372559
-0.54199219
-0.60852051
-0.64208984
-0.62438965
-0.56701660
-0.47119141
-0.35247803
-0.23742676
-0.11474609
 0.00183105
 0.10650635
 0.24841309
 0.36621094
 0.40954590
 0.43945313
 0.46386719
 0.48645020
 0.51025391
 0.52551270
 0.52429199
 0.50109863
 0.45349121
 0.38269043
 0.27984619
 0.15838623
 0.02716064
-0.10528564
-0.23223877
-0.35400391
-0.47058105
-0.56762695
-0.63781738
-0.67810059
-0.67871094
-0.64819336
-0.58227539
-0.48767090
-0.36804199
-0.26947021
-0.13244629
 0.01220703
 0.15563965
 0.37597656
 0.49804688
 0.59082031
 0.64697266
 0.66284180
 0.64025879
 0.58227539
 0.49743652
 0.40344238
 0.33386230
 0.25909424
 0.15960693
 0.07263184
 0.00518799
-0.04821777
-0.09521484
-0.13763428
-0.17608643
-0.20904541
-0.23498535
-0.25329590
-0.26336670
-0.26580811
-0.26245117
-0.25360107
-0.23986816
-0.22125244
-0.19683838
-0.16540527
-0.12573242
-0.07751465
-0.02136230
 0.03753662
 0.09399414
 0.14282227
 0.18066406
 0.20507813
 0.21514893
 0.20782471
 0.18096924
 0.14282227
 0.10101318
 0.06469727
 0.03967285
 0.02685547
 0.02075195
 0.01739502
 0.01403809
 0.00946045
 0.00213623
-0.00793457
-0.02014160
-0.03326416
-0.04699707
-0.06042480
-0.07415771
-0.08697510
-0.09918213
-0.10864258
-0.11291504
-0.10925293
-0.09552002
-0.07019043
-0.03387451
 0.01495361
 0.07385254
 0.13916016
 0.20538330
 0.29449463
 0.37414551
 0.41015625
 0.43273926
 0.43945313
 0.43090820
 0.40954590
 0.37597656
 0.32531738
 0.29785156
 0.20568848
 0.10772705
 0.01403809
-0.06561279
-0.13122559
-0.18676758
-0.23162842
-0.26519775
-0.28778076
-0.29998779
-0.30181885
-0.29296875
-0.27343750
-0.24230957
-0.19989014
-0.14678955
-0.08575439
-0.02105713
 0.04241943
 0.10009766
 0.14953613
 0.18890381
 0.21636963
 0.23254395
 0.23864746
 0.23040771
 0.20782471
 0.17517090
 0.13793945
 0.10162354
 0.07080078
 0.04577637
 0.02532959
 0.00823975
-0.00488281
-0.01342773
-0.01739502
-0.01739502
-0.01556396
-0.01281738
-0.01159668
-0.01342773
-0.02075195
-0.03356934
-0.05157471
-0.07324219
-0.09735107
-0.12298584
-0.15167236
-0.18402100
-0.22064209
-0.26000977
-0.29937744
-0.33508301
-0.36315918
-0.37475586
-0.36682129
-0.33447266
-0.29357910
-0.23773193
-0.16876221
-0.09216309
-0.01220703
 0.06744385
 0.14404297
 0.21697998
 0.30364990
 0.37048340
 0.40832520
 0.43640137
 0.44860840
 0.44860840
 0.43090820
 0.39245605
 0.33325195
 0.28045654
 0.17852783
 0.07080078
-0.03021240
-0.11566162
-0.18615723
-0.24108887
-0.27832031
-0.31677246
-0.30273438
-0.27526855
-0.23925781
-0.19012451
-0.13092041
-0.06713867
-0.00274658
 0.05798340
 0.11138916
 0.15502930
 0.18737793
 0.20507813
 0.21057129
 0.20416260
 0.17883301
 0.13702393
 0.08453369
 0.02777100
-0.02624512
-0.07263184
-0.11169434
-0.14739990
-0.18096924
-0.21179199
-0.23925781
-0.26245117
-0.27984619
-0.29052734
-0.29266357
-0.28594971
-0.27008057
-0.24444580
-0.20996094
-0.16693115
-0.11749268
-0.06530762
-0.01403809
 0.03295898
 0.07354736
 0.10620117
 0.12847900
 0.14099121
 0.14007568
 0.12115479
 0.08697510
 0.04302979
-0.00366211
-0.04638672
-0.07904053
-0.10162354
-0.11505127
-0.11962891
-0.11444092
-0.09979248
-0.07659912
-0.04577637
-0.00885010
 0.03143311
 0.07293701
 0.11352539
 0.15045166
 0.18157959
 0.20568848
 0.22338867
 0.23132324
 0.22491455
 0.20202637
 0.16540527
 0.11901855
 0.06774902
 0.01647949
-0.03234863
-0.07843018
-0.12268066
-0.16265869
-0.19561768
-0.22003174
-0.23376465
-0.23712158
-0.23101807
-0.21606445
-0.19317627
-0.16326904
-0.12725830
-0.08544922
-0.03936768
 0.01037598
 0.06317139
 0.11871338
 0.17608643
 0.23468018
 0.29235840
 0.34240723
 0.38574219
 0.42175293
 0.44311523
 0.44677734
 0.43029785
 0.39367676
 0.33447266
 0.27435303
 0.17059326
 0.06072998
-0.04516602
-0.13702393
-0.21606445
-0.29388428
-0.36010742
-0.39978027
-0.42358398
-0.42907715
-0.42297363
-0.40710449
-0.37719727
-0.34118652
-0.32073975
-0.27648926
-0.22613525
-0.16937256
-0.10803223
-0.04211426
 0.02685547
 0.09735107
 0.16723633
 0.23498535
 0.29449463
 0.34179688
 0.37841797
 0.40344238
 0.41198730
 0.40344238
 0.37353516
 0.33996582
 0.28015137
 0.18585205
 0.08239746
-0.02014160
-0.11199951
-0.19134521
-0.25878906
-0.33203125
-0.37231445
-0.38879395
-0.38818359
-0.36926270
-0.33569336
-0.31372070
-0.27435303
-0.23010254
-0.18371582
-0.13763428
-0.09338379
-0.05126953
-0.01251221
 0.02075195
 0.04791260
 0.07202148
 0.09429932
 0.11444092
 0.13153076
 0.14495850
 0.15380859
 0.15777588
 0.15655518
 0.14923096
 0.13366699
 0.10803223
 0.07202148
 0.02593994
-0.02685547
-0.08300781
-0.13732910
-0.18737793
-0.22918701
-0.26062012
-0.27923584
-0.28503418
-0.27679443
-0.25421143
-0.21697998
-0.16418457
-0.09704590
-0.01861572
 0.06652832
 0.15228271
 0.23345947
 0.36437988
 0.41381836
 0.44311523
 0.44372559
 0.41809082
 0.37536621
 0.33996582
 0.29296875
 0.19989014
 0.10040283
 0.00518799
-0.07598877
-0.13763428
-0.18646240
-0.22644043
-0.25848389
-0.28259277
-0.29998779
-0.31372070
-0.31799316
-0.32043457
-0.32043457
-0.32104492
-0.31677246
-0.31036377
-0.29998779
-0.28961182
-0.27740479
-0.26306152
-0.24658203
-0.22705078
-0.20385742
-0.17669678
-0.14526367
-0.10894775
-0.06744385
-0.02136230
 0.02807617
 0.07843018
 0.12786865
 0.17425537
 0.21667480
 0.25207520
 0.28015137
 0.30212402
 0.31738281
 0.32409668
 0.32104492
 0.31066895
 0.29724121
 0.28411865
 0.27282715
 0.26245117
 0.24932861
 0.23254395
 0.21057129
 0.18402100
 0.15472412
 0.12451172
 0.09582520
 0.06927490
 0.04638672
 0.02716064
 0.01281738
 0.00335693
-0.00122070
-0.00152588
 0.00213623
 0.00885010
 0.01861572
 0.03051758
 0.04425049
 0.05950928
 0.07598877
 0.09338379
 0.11077881
 0.12695313
 0.14129639
 0.15228271
 0.15777588
 0.15808105
 0.15319824
 0.14556885
 0.13671875
 0.12969971
 0.12420654
 0.12023926
 0.11596680
 0.11016846
 0.10070801
 0.08636475
 0.06622314
 0.04119873
 0.01220703
-0.01861572
-0.04943848
-0.07873535
-0.10467529
-0.12695313
-0.14465332
-0.15716553
-0.16479492
-0.16723633
-0.16510010
-0.15930176
-0.15167236
-0.14282227
-0.13488770
-0.12969971
-0.12878418
-0.13397217
-0.14465332
-0.15869141
-0.17364502
-0.18615723
-0.19470215
-0.19897461
-0.19927979
-0.19653320
-0.19104004
-0.18341064
-0.17456055
-0.16510010
-0.15502930
-0.14556885
-0.13610840
-0.12695313
-0.11810303
-0.10833740
-0.09796143
-0.08575439
-0.07202148
-0.05584717
-0.03753662
-0.01708984
 0.00549316
 0.03082275
 0.05767822
 0.08666992
 0.11657715
 0.14617920
 0.17456055
 0.19989014
 0.21942139
 0.23010254
 0.22583008
 0.20416260
 0.16754150
 0.12207031
 0.07446289
 0.02960205
-0.00885010
-0.04089355
-0.06591797
-0.08300781
-0.09033203
-0.08789063
-0.07568359
-0.05493164
-0.02593994
 0.00946045
 0.05035400
 0.09429932
 0.13916016
 0.18249512
 0.22277832
 0.25726318
 0.28259277
 0.29998779
 0.30548096
 0.29296875
 0.26184082
 0.21667480
 0.16540527
 0.11444092
 0.07019043
 0.03387451
 0.00274658
-0.02471924
-0.04852295
-0.06866455
-0.08514404
-0.09796143
-0.10833740
-0.11596680
-0.12298584
-0.12908936
-0.13549805
-0.14190674
-0.14862061
-0.15594482
-0.16357422
-0.17059326
-0.17761230
-0.18463135
-0.19165039
-0.19958496
-0.20812988
-0.21759033
-0.22766113
-0.23773193
-0.24810791
-0.25817871
-0.26733398
-0.27618408
-0.28472900
-0.29266357
-0.30090332
-0.31158447
-0.32287598
-0.33325195
-0.34545898
-0.35888672
-0.36926270
-0.37719727
-0.37841797
-0.37719727
-0.36621094
-0.34423828
-0.32043457
-0.29205322
-0.25543213
-0.21331787
-0.16662598
-0.11810303
-0.06896973
-0.02075195
 0.02471924
 0.06713867
 0.10223389
 0.13000488
 0.15289307
 0.16967773
 0.17822266
 0.17639160
 0.16601563
 0.15045166
 0.13336182
 0.11810303
 0.10498047
 0.09155273
 0.07629395
 0.05889893
 0.03997803
 0.02044678
 0.00213623
-0.01342773
-0.02471924
-0.03021240
-0.02929688
-0.02105713
-0.00457764
 0.01983643
 0.05218506
 0.09338379
 0.14282227
 0.19866943
 0.25878906
 0.36132813
 0.41442871
 0.46508789
 0.50048828
 0.52368164
 0.53283691
 0.53283691
 0.51940918
 0.50048828
 0.47668457
 0.45043945
 0.42541504
 0.39733887
 0.37048340
 0.34118652
 0.31646729
 0.28930664
 0.25878906
 0.22735596
 0.19775391
 0.17211914
 0.15136719
 0.13732910
 0.13031006
 0.13092041
 0.13916016
 0.15441895
 0.17547607
 0.20111084
 0.23010254
 0.26062012
 0.30090332
 0.33569336
 0.35400391
 0.36560059
 0.37597656
 0.37353516
 0.36865234
 0.35583496
 0.33752441
 0.31280518
 0.27984619
 0.24688721
 0.21331787
 0.17730713
 0.13824463
 0.09826660
 0.05828857
 0.02136230
-0.01098633
-0.03845215
-0.06103516
-0.07873535
-0.09185791
-0.10101318
-0.10589600
-0.10742188
-0.10498047
-0.09887695
-0.08911133
-0.07568359
-0.05859375
-0.03875732
-0.01617432
 0.00793457
 0.03326416
 0.05859375
 0.08270264
 0.10437012
 0.12207031
 0.13214111
 0.13214111
 0.12054443
 0.09826660
 0.06927490
 0.03662109
 0.00366211
-0.02899170
-0.06256104
-0.09704590
-0.13214111
-0.16693115
-0.19927979
-0.22796631
-0.25085449
-0.26763916
-0.27648926
-0.27770996
-0.27099609
-0.25695801
-0.23590088
-0.20843506
-0.17517090
-0.13763428
-0.09735107
-0.05615234
-0.01586914
 0.02105713
 0.05187988
 0.07629395
 0.09490967
 0.10467529
 0.10131836
 0.08331299
 0.05371094
 0.01739502
-0.01983643
-0.05401611
-0.08392334
-0.11199951
-0.13916016
-0.16479492
-0.18829346
-0.20782471
-0.22338867
-0.23437500
-0.24139404
-0.24475098
-0.24475098
-0.24200439
-0.23651123
-0.22888184
-0.21972656
-0.20874023
-0.19592285
-0.18188477
-0.16601563
-0.14892578
-0.13061523
-0.11169434
-0.09246826
-0.07415771
-0.05828857
-0.04577637
-0.03967285
-0.04119873
-0.05157471
-0.06958008
-0.09277344
-0.11810303
-0.14312744
-0.16632080
-0.18768311
-0.20660400
-0.22247314
-0.23559570
-0.24475098
-0.25024414
-0.25268555
-0.25177002
-0.24841309
-0.24322510
-0.23712158
-0.23010254
-0.22308350
-0.21606445
-0.20965576
-0.20324707
-0.19775391
-0.19195557
-0.18585205
-0.17913818
-0.17120361
-0.16204834
-0.15136719
-0.14007568
-0.12817383
-0.11596680
-0.10406494
-0.09399414
-0.08636475
-0.08209229
-0.08209229
-0.08758545
-0.09765625
-0.11138916
-0.12786865
-0.14526367
-0.16265869
-0.17852783
-0.19195557
-0.20172119
-0.20782471
-0.20874023
-0.20507813
-0.19622803
-0.18310547
-0.16601563
-0.14556885
-0.12268066
-0.09765625
-0.07171631
-0.04516602
-0.01922607
 0.00579834
 0.02899170
 0.04821777
 0.06225586
 0.06866455
 0.06591797
 0.05493164
 0.03845215
 0.02075195
 0.00488281
-0.00885010
-0.02075195
-0.03112793
-0.04028320
-0.04791260
-0.05371094
-0.05737305
-0.05828857
-0.05676270
-0.05279541
-0.04608154
-0.03723145
-0.02624512
-0.01312256
 0.00213623
 0.01892090
 0.03692627
 0.05615234
 0.07568359
 0.09521484
 0.11444092
 0.13275146
 0.14953613
 0.16540527
 0.17974854
 0.19317627
 0.20599365
 0.21850586
 0.23071289
 0.24200439
 0.25268555
 0.26123047
 0.26672363
 0.26794434
 0.26397705
 0.25421143
 0.23925781
 0.21972656
 0.19744873
 0.17425537
 0.15167236
 0.13061523
 0.11260986
 0.09796143
 0.08819580
 0.08392334
 0.08514404
 0.09216309
 0.10437012
 0.12084961
 0.14129639
 0.16510010
 0.19104004
 0.21850586
 0.24719238
 0.27587891
 0.30700684
 0.33142090
 0.34790039
 0.35766602
 0.36437988
 0.36499023
 0.35522461
 0.34240723
 0.32226563
 0.29022217
 0.26550293
 0.24108887
 0.21759033
 0.19470215
 0.17303467
 0.15411377
 0.13824463
 0.12634277
 0.11749268
 0.11260986
 0.11047363
 0.11138916
 0.11474609
 0.12054443
 0.12878418
 0.13946533
 0.15228271
 0.16632080
 0.18218994
 0.19866943
 0.21514893
 0.23010254
 0.24291992
 0.25146484
 0.25421143
 0.25024414
 0.23956299
 0.22247314
 0.20080566
 0.17547607
 0.14770508
 0.11779785
 0.08575439
 0.05187988
 0.01678467
-0.01831055
-0.05126953
-0.08087158
-0.10589600
-0.12542725
-0.13885498
-0.14587402
-0.14648438
-0.14129639
-0.13061523
-0.11535645
-0.09643555
-0.07446289
-0.05065918
-0.02563477
 0.00000000
 0.02502441
 0.04943848
 0.07202148
 0.09246826
 0.10925293
 0.12145996
 0.12817383
 0.12908936
 0.12542725
 0.11779785
 0.10742188
 0.09460449
 0.07843018
 0.05920410
 0.03631592
 0.01129150
-0.01495361
-0.04089355
-0.06530762
-0.08697510
-0.10528564
-0.11993408
-0.13122559
-0.13885498
-0.14343262
-0.14526367
-0.14465332
-0.14221191
-0.13854980
-0.13397217
-0.12908936
-0.12451172
-0.12084961
-0.11871338
-0.11810303
-0.11962891
-0.12298584
-0.12847900
-0.13580322
-0.14434814
-0.15350342
-0.16357422
-0.17333984
-0.18371582
-0.19439697
-0.20629883
-0.21911621
-0.23376465
-0.25024414
-0.26855469
-0.28778076
-0.30700684
-0.32531738
-0.34362793
-0.35827637
-0.36499023
-0.36621094
-0.36315918
-0.34973145
-0.33081055
-0.31158447
-0.28869629
-0.25848389
-0.22399902
-0.18646240
-0.14678955
-0.10681152
-0.06805420
-0.03234863
-0.00152588
 0.02593994
 0.04913330
 0.06774902
 0.07904053
 0.08117676
 0.07385254
 0.05920410
 0.04150391
 0.02502441
 0.01037598
-0.00244141
-0.01556396
-0.02990723
-0.04547119
-0.06195068
-0.07781982
-0.09277344
-0.10528564
-0.11535645
-0.12237549
-0.12634277
-0.12695313
-0.12512207
-0.11993408
-0.11199951
-0.10162354
-0.08941650
-0.07568359
-0.06164551
-0.04760742
-0.03479004
-0.02410889
-0.01678467
-0.01281738
-0.01251221
-0.01556396
-0.02075195
-0.02777100
-0.03570557
-0.04364014
-0.05218506
-0.06011963
-0.06835938
-0.07659912
-0.08453369
-0.09155273
-0.09765625
-0.10223389
-0.10498047
-0.10559082
-0.10467529
-0.10040283
-0.09338379
-0.08392334
-0.07141113
-0.05615234
-0.03906250
-0.01983643
-0.00030518
 0.01983643
 0.03906250
 0.05615234
 0.07019043
 0.07934570
 0.08239746
 0.07934570
 0.07110596
 0.05920410
 0.04638672
 0.03326416
 0.02044678
 0.00823975
-0.00366211
-0.01525879
-0.02593994
-0.03540039
-0.04333496
-0.04974365
-0.05462646
-0.05798340
-0.06042480
-0.06164551
-0.06164551
-0.06072998
-0.05859375
-0.05493164
-0.04974365
-0.04302979
-0.03448486
-0.02410889
-0.01220703
 0.00122070
 0.01556396
 0.03021240
 0.04486084
 0.05828857
 0.07019043
 0.07934570
 0.08483887
 0.08666992
 0.08483887
 0.07934570
 0.07202148
 0.06256104
 0.05249023
 0.04180908
 0.03021240
 0.01953125
 0.00885010
 0.00000000
-0.00701904
-0.01190186
-0.01342773
-0.01159668
-0.00610352
 0.00274658
 0.01495361
 0.03021240
 0.04852295
 0.06896973
 0.09155273
 0.11505127
 0.13885498
 0.16265869
 0.18554688
 0.20629883
 0.22430420
 0.23864746
 0.24780273
 0.25238037
 0.25329590
 0.25207520
 0.25024414
 0.24780273
 0.24566650
 0.24261475
 0.23864746
 0.23345947
 0.22644043
 0.21759033
 0.20751953
 0.19622803
 0.18341064
 0.16967773
 0.15563965
 0.14129639
 0.12786865
 0.11566162
 0.10589600
 0.09918213
 0.09552002
 0.09582520
 0.09948730
 0.10650635
 0.11627197
 0.12786865
 0.14038086
 0.15289307
 0.16418457
 0.17303467
 0.17761230
 0.17730713
 0.17181396
 0.16235352
 0.14923096
 0.13427734
 0.11871338
 0.10345459
 0.08819580
 0.07354736
 0.05889893
 0.04425049
 0.03051758
 0.01678467
 0.00427246
-0.00732422
-0.01800537
-0.02777100
-0.03662109
-0.04364014
-0.04882813
-0.05187988
-0.05218506
-0.05035400
-0.04608154
-0.03997803
-0.03173828
-0.02197266
-0.01159668
-0.00030518
 0.01037598
 0.01983643
 0.02716064
 0.03082275
 0.03051758
 0.02532959
 0.01525879
 0.00122070
-0.01617432
-0.03631592
-0.05859375
-0.08270264
-0.10772705
-0.13305664
-0.15747070
-0.17974854
-0.19866943
-0.21331787
-0.22308350
-0.22796631
-0.22766113
-0.22216797
-0.21209717
-0.19805908
-0.18157959
-0.16265869
-0.14221191
-0.12084961
-0.09979248
-0.07873535
-0.05920410
-0.04150391
-0.02685547
-0.01556396
-0.00793457
-0.00305176
-0.00061035
 0.00152588
 0.00366211
 0.00610352
 0.00823975
 0.01037598
 0.01068115
 0.01037598
 0.00793457
 0.00427246
-0.00091553
-0.00732422
-0.01403809
-0.02075195
-0.02655029
-0.03082275
-0.03204346
-0.03021240
-0.02441406
-0.01434326
-0.00030518
 0.01739502
 0.03845215
 0.06225586
 0.08789063
 0.11444092
 0.14129639
 0.16662598
 0.19012451
