-0.00030518
 0.00000000
 0.00030518
 0.00000000
 0.00000000
 0.00000000
 0.00000000
 0.00030518
 0.00000000
 0.00030518
 0.00000000
 0.00000000
 0.00000000
 0.00000000
 0.00000000
 0.00000000
 0.00000000
 0.00000000
 0.00000000
 0.00030518
 0.00030518
 0.00061035
 0.00061035
 0.00061035
 0.00030518
-0.00030518
-0.00061035
-0.00091553
-0.00091553
-0.00061035
-0.00030518
 0.00000000
 0.00000000
 0.00000000
 0.00000000
 0.00000000
 0.00000000
 0.00000000
 0.00000000
 0.00000000
 0.00030518
 0.00061035
 0.00091553
 0.00091553
 0.00091553
 0.00091553
 0.00061035
 0.00030518
 0.00030518
-0.00030518
-0.00061035
-0.00091553
-0.00091553
-0.00061035
-0.00030518
 0.00000000
-0.00030518
-0.00030518
-0.00030518
-0.00061035
-0.00061035
-0.00030518
-0.00030518
-0.00030518
 0.00000000
 0.00000000
 0.00000000
 0.00000000
 0.00000000
 0.00000000
 0.00000000
-0.00030518
-0.00030518
-0.00030518
-0.00030518
-0.00030518
-0.00030518
-0.00030518
 0.00000000
 0.00000000
 0.00030518
 0.00030518
 0.00061035
 0.00061035
 0.00061035
 0.00030518
 0.00000000
-0.00030518
-0.00061035
-0.00061035
-0.00091553
-0.00122070
-0.00091553
-0.00091553
-0.00061035
-0.00091553
-0.00061035
-0.00061035
-0.00030518
 0.00000000
 0.00030518
 0.00030518
 0.00030518
 0.00030518
 0.00061035
 0.00061035
 0.00061035
 0.00061035
 0.00091553
 0.00061035
 0.00030518
 0.00000000
 0.00000000
-0.00030518
-0.00061035
-0.00091553
-0.00061035
-0.00061035
-0.00061035
-0.00061035
-0.00030518
-0.00061035
-0.00091553
-0.00091553
-0.00091553
-0.00091553
-0.00091553
-0.00091553
-0.00061035
-0.00030518
 0.00000000
 0.00000000
 0.00000000
 0.00000000
 0.00000000
 0.00000000
 0.00000000
 0.00000000
 0.00000000
 0.00000000
 0.00000000
 0.00000000
 0.00000000
 0.00000000
 0.00030518
 0.00000000
 0.00000000
 0.00030518
 0.00030518
 0.00000000
-0.00030518
-0.00061035
-0.00091553
-0.00122070
-0.00152588
-0.00152588
-0.00152588
-0.00122070
-0.00091553
-0.00061035
-0.00061035
-0.00030518
-0.00030518
 0.00000000
 0.00000000
 0.00000000
 0.00030518
 0.00030518
 0.00030518
 0.00030518
 0.00000000
-0.00030518
 0.00000000
 0.00000000
 0.00000000
 0.00030518
 0.00030518
 0.00061035
 0.00061035
 0.00061035
 0.00061035
 0.00061035
 0.00030518
 0.00030518
 0.00000000
-0.00030518
-0.00030518
 0.00000000
 0.00061035
 0.00152588
 0.00305176
 0.00518799
 0.00793457
 0.01098633
 0.01434326
 0.01739502
 0.01922607
 0.01861572
 0.01403809
 0.00488281
-0.01007080
-0.02990723
-0.05279541
-0.07568359
-0.09552002
-0.10833740
-0.11230469
-0.10650635
-0.09063721
-0.06622314
-0.03387451
 0.00427246
 0.04486084
 0.08392334
 0.11749268
 0.14282227
 0.15625000
 0.15625000
 0.13427734
 0.09063721
 0.03448486
-0.02288818
-0.07202148
-0.10589600
-0.12207031
-0.12634277
-0.12115479
-0.10650635
-0.08331299
-0.05249023
-0.01525879
 0.02563477
 0.06774902
 0.10742188
 0.14038086
 0.16143799
 0.17028809
 0.16296387
 0.13000488
 0.07415771
 0.00579834
-0.06408691
-0.12359619
-0.16387939
-0.18341064
-0.18737793
-0.17852783
-0.15655518
-0.12207031
-0.07659912
-0.02319336
 0.03479004
 0.09246826
 0.14434814
 0.18554688
 0.21087646
 0.21667480
 0.20446777
 0.16693115
 0.10650635
 0.03601074
-0.03387451
-0.09185791
-0.13000488
-0.14801025
-0.15075684
-0.14068604
-0.11871338
-0.08544922
-0.04272461
 0.00549316
 0.05371094
 0.09521484
 0.12512207
 0.13916016
 0.13427734
 0.10864258
 0.05584717
-0.01251221
-0.08148193
-0.13885498
-0.17456055
-0.18646240
-0.18280029
-0.16998291
-0.14892578
-0.12054443
-0.08361816
-0.03662109
 0.02075195
 0.08544922
 0.15197754
 0.21331787
 0.26306152
 0.29571533
 0.30639648
 0.29602051
 0.25268555
 0.17639160
 0.07904053
-0.02624512
-0.12512207
-0.20141602
-0.24230957
-0.25238037
-0.23864746
-0.20111084
-0.14190674
-0.06500244
 0.02441406
 0.11962891
 0.21270752
 0.36315918
 0.42663574
 0.45654297
 0.44921875
 0.39794922
 0.32806396
 0.23925781
 0.11199951
-0.02380371
-0.15380859
-0.28198242
-0.37353516
-0.42541504
-0.45410156
-0.45654297
-0.43579102
-0.38452148
-0.30975342
-0.22338867
-0.12207031
-0.02227783
 0.06347656
 0.12695313
 0.16571045
 0.18066406
 0.17456055
 0.15472412
 0.12298584
 0.08300781
 0.04821777
 0.02807617
 0.02960205
 0.04669189
 0.07049561
 0.09307861
 0.10772705
 0.10894775
 0.09155273
 0.04791260
-0.01403809
-0.07904053
-0.13366699
-0.16693115
-0.17669678
-0.16967773
-0.15167236
-0.12695313
-0.09979248
-0.07476807
-0.05554199
-0.04486084
-0.04272461
-0.04547119
-0.05096436
-0.05462646
-0.04760742
-0.02319336
 0.01831055
 0.07568359
 0.14251709
 0.20996094
 0.33935547
 0.38635254
 0.39733887
 0.38024902
 0.34118652
 0.33081055
 0.25787354
 0.15686035
 0.03601074
-0.09338379
-0.21789551
-0.33447266
-0.41198730
-0.46020508
-0.47485352
-0.45776367
-0.41259766
-0.34301758
-0.28045654
-0.20538330
-0.12359619
-0.03814697
 0.04577637
 0.12298584
 0.18951416
 0.24169922
 0.27618408
 0.29205322
 0.29846191
 0.29693604
 0.28717041
 0.27465820
 0.26550293
 0.26397705
 0.26824951
 0.27069092
 0.25970459
 0.22125244
 0.14343262
 0.02716064
-0.11749268
-0.27435303
-0.41320801
-0.55725098
-0.66345215
-0.71655273
-0.71594238
-0.66467285
-0.56945801
-0.45288086
-0.33477783
-0.23864746
-0.12786865
-0.02014160
 0.08361816
 0.18280029
 0.33996582
 0.40100098
 0.45104980
 0.48583984
 0.50598145
 0.50842285
 0.49316406
 0.46325684
 0.41809082
 0.35583496
 0.27404785
 0.15136719
 0.01342773
-0.12542725
-0.24871826
-0.35827637
-0.44555664
-0.49926758
-0.51879883
-0.50598145
-0.47058105
-0.41381836
-0.34362793
-0.29785156
-0.21728516
-0.13214111
-0.04943848
 0.02655029
 0.09277344
 0.14953613
 0.19531250
 0.22796631
 0.24688721
 0.25573730
 0.25482178
 0.23742676
 0.20568848
 0.16998291
 0.14282227
 0.13305664
 0.14099121
 0.15747070
 0.17242432
 0.17883301
 0.16876221
 0.13305664
 0.06683350
-0.01678467
-0.10131836
-0.17242432
-0.22064209
-0.24414063
-0.24810791
-0.23651123
-0.21179199
-0.17822266
-0.14068604
-0.10406494
-0.07171631
-0.04608154
-0.02685547
-0.01342773
-0.00213623
 0.01251221
 0.03204346
 0.05828857
 0.09246826
 0.13580322
 0.18737793
 0.24261475
 0.34240723
 0.37719727
 0.38574219
 0.35644531
 0.33203125
 0.25970459
 0.16571045
 0.06652832
-0.02624512
-0.10192871
-0.15167236
-0.18402100
-0.20629883
-0.22033691
-0.22766113
-0.22735596
-0.21942139
-0.20416260
-0.18341064
-0.15930176
-0.13397217
-0.10986328
-0.08850098
-0.07019043
-0.05371094
-0.03845215
-0.02044678
 0.00305176
 0.03448486
 0.07324219
 0.11871338
 0.16723633
 0.21453857
 0.25604248
 0.31738281
 0.32043457
 0.32745361
 0.31982422
 0.28778076
 0.23254395
 0.15777588
 0.06896973
-0.02777100
-0.12298584
-0.20843506
-0.28167725
-0.35705566
-0.40039063
-0.41198730
-0.39184570
-0.34301758
-0.28167725
-0.20690918
-0.12237549
-0.03845215
 0.03692627
 0.09765625
 0.14160156
 0.16967773
 0.18341064
 0.18737793
 0.18676758
 0.18096924
 0.17364502
 0.16937256
 0.17028809
 0.17425537
 0.17669678
 0.17181396
 0.15380859
 0.11901855
 0.06896973
 0.00854492
-0.05523682
-0.11566162
-0.16632080
-0.20385742
-0.22644043
-0.23468018
-0.23040771
-0.21728516
-0.19866943
-0.17822266
-0.15869141
-0.14007568
-0.12054443
-0.09704590
-0.06530762
-0.02197266
 0.03509521
 0.10314941
 0.17333984
 0.23590088
 0.29602051
 0.32836914
 0.30456543
 0.26641846
 0.19470215
 0.10864258
 0.02563477
-0.04211426
-0.08514404
-0.10284424
-0.10864258
-0.11047363
-0.11108398
-0.11291504
-0.11688232
-0.12451172
-0.13519287
-0.14678955
-0.15594482
-0.16143799
-0.16143799
-0.15655518
-0.14526367
-0.12695313
-0.10223389
-0.07080078
-0.03387451
 0.00549316
 0.04455566
 0.07995605
 0.10925293
 0.13153076
 0.14801025
 0.15777588
 0.16204834
 0.16448975
 0.16967773
 0.17730713
 0.18402100
 0.18249512
 0.16326904
 0.11993408
 0.05401611
-0.02410889
-0.10101318
-0.16448975
-0.20812988
-0.23223877
-0.24139404
-0.23773193
-0.22491455
-0.20538330
-0.18218994
-0.15655518
-0.12908936
-0.09887695
-0.06530762
-0.02746582
 0.01342773
 0.05706787
 0.10040283
 0.14038086
 0.17364502
 0.19927979
 0.21575928
 0.21789551
 0.19989014
 0.16387939
 0.11871338
 0.07263184
 0.03295898
 0.00457764
-0.01403809
-0.02624512
-0.03326416
-0.03601074
-0.03479004
-0.03082275
-0.02593994
-0.02258301
-0.02319336
-0.02990723
-0.04333496
-0.06072998
-0.07812500
-0.09033203
-0.09460449
-0.09033203
-0.07904053
-0.06164551
-0.04089355
-0.01831055
 0.00396729
 0.02471924
 0.04272461
 0.05737305
 0.06683350
 0.07202148
 0.07476807
 0.08026123
 0.09185791
 0.10925293
 0.12969971
 0.14923096
 0.16357422
 0.16754150
 0.15289307
 0.11535645
 0.06103516
-0.00061035
-0.05889893
-0.10589600
-0.13824463
-0.15869141
-0.16937256
-0.17150879
-0.16540527
-0.15289307
-0.13488770
-0.11230469
-0.08697510
-0.06011963
-0.03387451
-0.00823975
 0.01586914
 0.03936768
 0.06225586
 0.08422852
 0.10467529
 0.12207031
 0.13458252
 0.13916016
 0.13366699
 0.11688232
 0.09124756
 0.05981445
 0.02777100
-0.00122070
-0.02624512
-0.04638672
-0.06164551
-0.07263184
-0.07934570
-0.08331299
-0.08544922
-0.08697510
-0.08880615
-0.09124756
-0.09399414
-0.09521484
-0.09338379
-0.08636475
-0.07293701
-0.05371094
-0.02868652
 0.00061035
 0.03356934
 0.06805420
 0.10253906
 0.13397217
 0.15960693
 0.17791748
 0.18554688
 0.17639160
 0.15167236
 0.11779785
 0.08331299
 0.05462646
 0.03479004
 0.01983643
 0.00579834
-0.01190186
-0.03540039
-0.06469727
-0.09674072
-0.12634277
-0.14801025
-0.15960693
-0.16021729
-0.15106201
-0.13427734
-0.11108398
-0.08300781
-0.05279541
-0.02197266
 0.00671387
 0.03295898
 0.05584717
 0.07690430
 0.09613037
 0.11383057
 0.12969971
 0.14373779
 0.15533447
 0.16448975
 0.16876221
 0.16662598
 0.15655518
 0.13824463
 0.11383057
 0.08544922
 0.05523682
 0.02410889
-0.00793457
-0.03967285
-0.07110596
-0.09979248
-0.12420654
-0.14251709
-0.15319824
-0.15655518
-0.15289307
-0.14251709
-0.12603760
-0.10406494
-0.07751465
-0.04730225
-0.01525879
 0.01770020
 0.04974365
 0.07934570
 0.10589600
 0.12939453
 0.14892578
 0.16204834
 0.16479492
 0.15594482
 0.13488770
 0.10528564
 0.07171631
 0.03814697
 0.00823975
-0.01770020
-0.03967285
-0.05828857
-0.07446289
-0.08819580
-0.10131836
-0.11352539
-0.12573242
-0.13671875
-0.14556885
-0.15014648
-0.15014648
-0.14404297
-0.13183594
-0.11383057
-0.09094238
-0.06378174
-0.03417969
-0.00305176
 0.02838135
 0.05798340
 0.08605957
 0.11108398
 0.13305664
 0.15075684
 0.16143799
 0.16265869
 0.15380859
 0.13549805
 0.11016846
 0.08178711
 0.05279541
 0.02532959
 0.00030518
-0.02166748
-0.03967285
-0.05371094
-0.06439209
-0.07263184
-0.07934570
-0.08605957
-0.09338379
-0.10284424
-0.11352539
-0.12420654
-0.13336182
-0.13824463
-0.13702393
-0.12847900
-0.11291504
-0.09002686
-0.06072998
-0.02532959
 0.01525879
 0.05889893
 0.10284424
 0.14495850
 0.18310547
 0.21362305
 0.23468018
 0.24536133
 0.23864746
 0.21240234
 0.17028809
 0.12084961
 0.07049561
 0.02624512
-0.00885010
-0.03875732
-0.06683350
-0.09338379
-0.11749268
-0.13824463
-0.15350342
-0.16174316
-0.16265869
-0.15686035
-0.14465332
-0.12725830
-0.10498047
-0.07904053
-0.04943848
-0.01800537
 0.01495361
 0.04821777
 0.08056641
 0.11077881
 0.13854980
 0.16265869
 0.18249512
 0.19439697
 0.19500732
 0.18310547
 0.15991211
 0.13000488
 0.09735107
 0.06530762
 0.03509521
 0.00549316
-0.02410889
-0.05279541
-0.07965088
-0.10345459
-0.12359619
-0.14007568
-0.15319824
-0.16357422
-0.17089844
-0.17547607
-0.17669678
-0.17364502
-0.16571045
-0.15228271
-0.13275146
-0.10711670
-0.07598877
-0.03967285
 0.00061035
 0.04302979
 0.08514404
 0.12481689
 0.15960693
 0.18737793
 0.20721436
 0.21759033
 0.21362305
 0.19500732
 0.16510010
 0.13000488
 0.09490967
 0.06408691
 0.03723145
 0.01129150
-0.01586914
-0.04455566
-0.07324219
-0.09979248
-0.12176514
-0.13824463
-0.14739990
-0.15014648
-0.14587402
-0.13549805
-0.11962891
-0.09979248
-0.07568359
-0.04943848
-0.02227783
 0.00518799
 0.03143311
 0.05584717
 0.07781982
 0.09613037
 0.11016846
 0.11779785
 0.11962891
 0.11688232
 0.11169434
 0.10467529
 0.09613037
 0.08453369
 0.06927490
 0.04852295
 0.02319336
-0.00518799
-0.03479004
-0.06347656
-0.08972168
-0.11260986
-0.13183594
-0.14709473
-0.15808105
-0.16479492
-0.16662598
-0.16357422
-0.15533447
-0.14221191
-0.12451172
-0.10253906
-0.07659912
-0.04760742
-0.01586914
 0.01708984
 0.05126953
 0.08422852
 0.11566162
 0.14404297
 0.16815186
 0.18676758
 0.19561768
 0.19134521
 0.17364502
 0.14617920
 0.11444092
 0.08361816
 0.05615234
 0.03143311
 0.00762939
-0.01586914
-0.03997803
-0.06347656
-0.08422852
-0.10162354
-0.11352539
-0.11962891
-0.11932373
-0.11291504
-0.10009766
-0.08209229
-0.05950928
-0.03326416
-0.00457764
 0.02563477
 0.05523682
 0.08300781
 0.10833740
 0.13031006
 0.14709473
 0.15594482
 0.15472412
 0.14373779
 0.12573242
 0.10467529
 0.08392334
 0.06439209
 0.04638672
 0.02746582
 0.00732422
-0.01373291
-0.03479004
-0.05462646
-0.07202148
-0.08605957
-0.09643555
-0.10345459
-0.10650635
-0.10681152
-0.10498047
-0.10101318
-0.09582520
-0.08911133
-0.08087158
-0.07080078
-0.05859375
-0.04425049
-0.02777100
-0.00946045
 0.00976563
 0.02929688
 0.04791260
 0.06439209
 0.07751465
 0.08514404
 0.08605957
 0.08026123
 0.06988525
 0.05615234
 0.04211426
 0.02960205
 0.01800537
 0.00732422
-0.00274658
-0.01281738
-0.02258301
-0.03234863
-0.04180908
-0.05096436
-0.05889893
-0.06591797
-0.07232666
-0.07781982
-0.08148193
-0.08300781
-0.08178711
-0.07751465
-0.06927490
-0.05706787
-0.04180908
-0.02380371
-0.00396729
 0.01647949
 0.03753662
 0.05737305
 0.07507324
 0.08911133
 0.09857178
 0.10162354
 0.09857178
 0.08972168
 0.07659912
 0.06103516
 0.04364014
 0.02502441
 0.00579834
-0.01403809
-0.03234863
-0.04913330
-0.06286621
-0.07263184
-0.07812500
-0.07965088
-0.07751465
-0.07171631
-0.06286621
-0.05157471
-0.03845215
-0.02410889
-0.00915527
 0.00610352
 0.02044678
 0.03295898
 0.04364014
 0.05096436
 0.05523682
 0.05676270
 0.05645752
 0.05523682
 0.05401611
 0.05279541
 0.05187988
 0.05126953
 0.05035400
 0.04882813
 0.04577637
 0.04211426
 0.03662109
 0.02899170
 0.01983643
 0.00854492
-0.00427246
-0.01800537
-0.03204346
-0.04486084
-0.05584717
-0.06317139
-0.06622314
-0.06408691
-0.05706787
-0.04547119
-0.03021240
-0.01281738
 0.00640869
 0.02593994
 0.04425049
 0.06042480
 0.07263184
 0.07843018
 0.07751465
 0.07019043
 0.05920410
 0.04669189
 0.03540039
 0.02593994
 0.01770020
 0.01068115
 0.00396729
-0.00274658
-0.01007080
-0.01739502
-0.02532959
-0.03295898
-0.03997803
-0.04699707
-0.05249023
-0.05676270
-0.05950928
-0.06042480
-0.05920410
-0.05615234
-0.05096436
-0.04455566
-0.03662109
-0.02777100
-0.01831055
-0.00823975
 0.00183105
 0.01190186
 0.02166748
 0.03051758
 0.03875732
 0.04577637
 0.05096436
 0.05401611
 0.05493164
 0.05310059
 0.04852295
 0.04180908
 0.03265381
 0.02227783
 0.01098633
-0.00091553
-0.01312256
-0.02471924
-0.03631592
-0.04669189
-0.05554199
-0.06256104
-0.06713867
-0.06927490
-0.06896973
-0.06591797
-0.06011963
-0.05187988
-0.04150391
-0.02929688
-0.01556396
-0.00122070
 0.01312256
 0.02685547
 0.03936768
 0.04943848
 0.05676270
 0.06042480
 0.06103516
 0.05828857
 0.05340576
 0.04669189
 0.03875732
 0.02929688
 0.01892090
 0.00732422
-0.00488281
-0.01770020
-0.03051758
-0.04272461
-0.05340576
-0.06225586
-0.06866455
-0.07263184
-0.07354736
-0.07202148
-0.06744385
-0.05981445
-0.05004883
-0.03845215
-0.02532959
-0.01159668
 0.00274658
 0.01739502
 0.03143311
 0.04455566
 0.05615234
 0.06561279
 0.07293701
 0.07690430
 0.07781982
 0.07537842
 0.06958008
 0.06103516
 0.04974365
 0.03631592
 0.02044678
 0.00305176
-0.01525879
-0.03356934
-0.05065918
-0.06561279
-0.07812500
-0.08697510
-0.09216309
-0.09307861
-0.08972168
-0.08239746
-0.07171631
-0.05767822
-0.04089355
-0.02227783
-0.00244141
 0.01800537
 0.03814697
 0.05706787
 0.07415771
 0.08789063
 0.09704590
 0.10070801
 0.09948730
 0.09368896
 0.08453369
 0.07385254
 0.06225586
 0.04974365
 0.03662109
 0.02288818
 0.00823975
-0.00610352
-0.02014160
-0.03295898
-0.04455566
-0.05432129
-0.06225586
-0.06866455
-0.07263184
-0.07476807
-0.07507324
-0.07324219
-0.06927490
-0.06256104
-0.05401611
-0.04272461
-0.02960205
-0.01525879
 0.00091553
 0.01739502
 0.03417969
 0.05096436
 0.06683350
 0.08056641
 0.09185791
 0.09918213
 0.10192871
 0.10009766
 0.09338379
 0.08300781
 0.06988525
 0.05432129
 0.03784180
 0.02014160
 0.00244141
-0.01434326
-0.02990723
-0.04302979
-0.05340576
-0.06072998
-0.06439209
-0.06500244
-0.06256104
-0.05706787
-0.04943848
-0.03967285
-0.02868652
-0.01739502
-0.00549316
 0.00579834
 0.01647949
 0.02624512
 0.03448486
 0.04150391
 0.04760742
 0.05187988
 0.05523682
 0.05676270
 0.05676270
 0.05523682
 0.05249023
 0.04760742
 0.04180908
 0.03479004
 0.02655029
 0.01739502
 0.00762939
-0.00213623
-0.01190186
-0.02136230
-0.03021240
-0.03784180
-0.04425049
-0.04852295
-0.05126953
-0.05218506
-0.05126953
-0.04821777
-0.04333496
-0.03631592
-0.02838135
-0.01861572
-0.00793457
 0.00335693
 0.01495361
 0.02685547
 0.03814697
 0.04852295
 0.05767822
 0.06469727
 0.07049561
 0.07354736
 0.07415771
 0.07263184
 0.06896973
 0.06317139
 0.05554199
 0.04699707
 0.03723145
 0.02655029
 0.01525879
 0.00427246
-0.00610352
-0.01617432
-0.02502441
-0.03234863
-0.03814697
-0.04211426
-0.04425049
-0.04425049
-0.04180908
-0.03753662
-0.03173828
-0.02441406
-0.01586914
-0.00640869
 0.00366211
 0.01342773
 0.02258301
 0.02990723
 0.03509521
 0.03723145
 0.03631592
 0.03204346
 0.02502441
 0.01586914
 0.00549316
-0.00457764
-0.01495361
-0.02471924
-0.03356934
-0.04119873
-0.04730225
-0.05187988
-0.05554199
-0.05767822
-0.05859375
-0.05889893
-0.05859375
-0.05767822
-0.05584717
-0.05401611
-0.05187988
-0.04943848
-0.04699707
-0.04394531
-0.04089355
-0.03692627
-0.03234863
-0.02746582
-0.02166748
-0.01586914
-0.00976563
-0.00396729
 0.00091553
 0.00518799
 0.00823975
 0.00946045
 0.00915527
 0.00732422
 0.00366211
-0.00152588
-0.00762939
-0.01434326
-0.02166748
-0.02929688
-0.03662109
-0.04364014
-0.04974365
-0.05523682
-0.05950928
-0.06256104
-0.06408691
-0.06439209
-0.06286621
-0.05981445
-0.05523682
-0.04913330
-0.04180908
-0.03326416
-0.02410889
-0.01403809
-0.00457764
 0.00396729
 0.01220703
 0.01861572
 0.02349854
 0.02685547
 0.02838135
 0.02807617
 0.02624512
 0.02349854
 0.01983643
 0.01647949
 0.01342773
 0.01068115
 0.00854492
 0.00701904
 0.00579834
 0.00518799
 0.00488281
 0.00457764
 0.00457764
 0.00488281
 0.00518799
 0.00549316
 0.00640869
 0.00732422
 0.00885010
 0.01098633
 0.01373291
 0.01678467
 0.02105713
 0.02593994
 0.03143311
 0.03753662
 0.04364014
 0.04974365
 0.05584717
 0.06164551
 0.06652832
 0.07019043
 0.07263184
 0.07354736
 0.07263184
 0.06988525
 0.06530762
 0.05920410
 0.05218506
 0.04394531
 0.03509521
 0.02593994
 0.01708984
 0.00854492
 0.00091553
-0.00488281
-0.00946045
-0.01251221
-0.01373291
-0.01373291
-0.01251221
-0.01007080
-0.00640869
-0.00183105
 0.00305176
 0.00793457
 0.01251221
 0.01647949
 0.01953125
 0.02197266
 0.02319336
 0.02380371
 0.02349854
 0.02349854
 0.02288818
 0.02227783
 0.02166748
 0.02105713
 0.02014160
 0.01892090
 0.01708984
 0.01464844
 0.01129150
 0.00762939
 0.00274658
-0.00244141
-0.00793457
-0.01342773
-0.01831055
-0.02258301
-0.02593994
-0.02746582
-0.02777100
-0.02593994
-0.02319336
-0.01861572
-0.01281738
-0.00671387
 0.00030518
 0.00701904
 0.01281738
 0.01800537
 0.02136230
 0.02288818
 0.02258301
 0.02136230
 0.01831055
 0.01434326
 0.01007080
 0.00579834
 0.00183105
-0.00122070
-0.00366211
-0.00579834
-0.00701904
-0.00762939
-0.00823975
-0.00854492
-0.00885010
-0.00885010
-0.00854492
-0.00823975
-0.00823975
-0.00854492
-0.00854492
-0.00823975
-0.00793457
-0.00701904
-0.00549316
-0.00305176
 0.00030518
 0.00396729
 0.00793457
 0.01159668
 0.01495361
 0.01770020
 0.01953125
 0.01983643
 0.01922607
 0.01739502
 0.01495361
 0.01159668
 0.00823975
 0.00457764
 0.00091553
-0.00274658
-0.00579834
-0.00823975
-0.00976563
-0.01037598
-0.00976563
-0.00823975
-0.00610352
-0.00396729
-0.00152588
 0.00030518
 0.00183105
 0.00244141
 0.00244141
 0.00213623
 0.00122070
-0.00030518
-0.00183105
-0.00335693
-0.00457764
-0.00579834
-0.00640869
-0.00640869
-0.00579834
-0.00457764
-0.00305176
-0.00122070
 0.00061035
 0.00183105
 0.00305176
 0.00366211
 0.00366211
 0.00274658
 0.00091553
-0.00152588
-0.00488281
-0.00854492
-0.01281738
-0.01708984
-0.02136230
-0.02532959
-0.02838135
-0.03051758
-0.03173828
-0.03143311
-0.03021240
-0.02838135
-0.02532959
-0.02166748
-0.01770020
-0.01403809
-0.01068115
-0.00762939
-0.00579834
-0.00488281
-0.00579834
-0.00732422
-0.00976563
-0.01281738
-0.01556396
-0.01861572
-0.02136230
-0.02349854
-0.02563477
-0.02624512
-0.02655029
-0.02563477
-0.02410889
-0.02197266
-0.01953125
-0.01647949
-0.01312256
-0.01007080
-0.00701904
-0.00396729
-0.00152588
 0.00061035
 0.00183105
 0.00244141
 0.00274658
 0.00213623
 0.00122070
 0.00061035
 0.00000000
-0.00061035
-0.00122070
-0.00152588
-0.00122070
-0.00061035
 0.00030518
 0.00122070
 0.00183105
 0.00305176
 0.00335693
 0.00335693
 0.00244141
 0.00122070
-0.00091553
-0.00335693
-0.00579834
-0.00823975
-0.01007080
-0.01190186
-0.01312256
-0.01403809
-0.01434326
-0.01434326
-0.01373291
-0.01251221
-0.01068115
-0.00854492
-0.00610352
-0.00396729
-0.00213623
-0.00061035
 0.00000000
 0.00030518
 0.00000000
-0.00091553
-0.00152588
-0.00244141
-0.00335693
-0.00427246
-0.00518799
-0.00579834
-0.00579834
-0.00549316
-0.00457764
-0.00366211
-0.00274658
-0.00183105
-0.00122070
-0.00061035
-0.00030518
-0.00091553
-0.00122070
-0.00152588
-0.00183105
-0.00213623
-0.00183105
-0.00122070
 0.00000000
 0.00152588
 0.00305176
 0.00518799
 0.00732422
 0.00915527
 0.01068115
 0.01159668
 0.01220703
 0.01220703
 0.01190186
 0.01129150
 0.01037598
 0.00946045
 0.00885010
 0.00823975
 0.00793457
 0.00762939
 0.00793457
 0.00823975
 0.00854492
 0.00915527
 0.00946045
 0.00946045
 0.00915527
 0.00854492
 0.00793457
 0.00671387
 0.00518799
 0.00396729
 0.00274658
 0.00152588
 0.00091553
 0.00030518
 0.00030518
 0.00061035
 0.00183105
 0.00274658
 0.00366211
 0.00518799
 0.00701904
 0.00854492
 0.01007080
 0.01098633
 0.01129150
 0.01098633
 0.00976563
 0.00793457
 0.00549316
 0.00335693
 0.00030518
-0.00213623
-0.00457764
-0.00671387
-0.00854492
-0.01007080
-0.01129150
-0.01220703
-0.01312256
-0.01373291
-0.01403809
-0.01434326
-0.01434326
-0.01403809
-0.01373291
-0.01342773
-0.01312256
-0.01281738
-0.01281738
-0.01342773
-0.01342773
-0.01373291
-0.01403809
-0.01434326
-0.01495361
-0.01525879
-0.01525879
-0.01525879
-0.01464844
-0.01373291
-0.01251221
-0.01159668
-0.01037598
-0.00946045
-0.00885010
-0.00854492
-0.00885010
-0.00976563
-0.01068115
-0.01159668
-0.01190186
-0.01190186
-0.01098633
-0.00946045
-0.00732422
-0.00457764
-0.00152588
 0.00183105
 0.00488281
 0.00823975
 0.01129150
 0.01434326
 0.01708984
 0.01892090
 0.02014160
 0.02044678
 0.02075195
 0.02014160
 0.02014160
 0.02014160
 0.02014160
 0.02014160
 0.02014160
 0.02014160
 0.02014160
 0.02014160
 0.02014160
 0.01983643
 0.01922607
 0.01861572
 0.01739502
 0.01617432
 0.01495361
 0.01342773
 0.01220703
 0.01098633
 0.01007080
 0.00946045
 0.00915527
 0.00946045
 0.01037598
 0.01220703
 0.01464844
 0.01770020
 0.02075195
 0.02410889
 0.02716064
 0.02960205
 0.03112793
 0.03234863
 0.03234863
 0.03204346
 0.03112793
 0.03021240
 0.02899170
 0.02716064
 0.02563477
 0.02380371
 0.02166748
 0.01953125
 0.01739502
 0.01525879
 0.01251221
 0.00946045
 0.00610352
 0.00274658
-0.00061035
-0.00396729
-0.00732422
-0.01007080
-0.01251221
-0.01464844
-0.01617432
-0.01678467
-0.01708984
-0.01647949
-0.01525879
-0.01373291
-0.01190186
-0.00976563
-0.00762939
-0.00579834
-0.00427246
-0.00274658
-0.00183105
-0.00122070
-0.00152588
-0.00274658
-0.00427246
-0.00671387
-0.00946045
-0.01281738
-0.01586914
-0.01892090
-0.02197266
-0.02471924
-0.02716064
-0.02899170
-0.03051758
-0.03112793
-0.03112793
-0.03082275
-0.02990723
-0.02929688
-0.02777100
-0.02655029
-0.02502441
-0.02349854
-0.02166748
-0.01983643
-0.01770020
-0.01586914
-0.01403809
-0.01190186
-0.00946045
-0.00671387
-0.00396729
-0.00183105
 0.00061035
 0.00244141
 0.00427246
 0.00518799
 0.00579834
 0.00610352
 0.00549316
 0.00457764
 0.00244141
 0.00030518
-0.00244141
-0.00488281
-0.00701904
-0.00976563
-0.01159668
-0.01312256
-0.01373291
-0.01373291
-0.01281738
-0.01129150
-0.00915527
-0.00671387
-0.00427246
-0.00183105
 0.00061035
 0.00305176
 0.00549316
 0.00762939
 0.00976563
 0.01190186
 0.01403809
 0.01617432
 0.01831055
 0.01983643
 0.02105713
 0.02136230
 0.02105713
 0.01983643
 0.01831055
 0.01586914
 0.01312256
 0.00976563
 0.00671387
 0.00305176
-0.00030518
-0.00335693
-0.00579834
-0.00793457
-0.00915527
-0.00976563
-0.00946045
-0.00885010
-0.00762939
-0.00610352
-0.00457764
-0.00274658
-0.00122070
 0.00030518
 0.00183105
 0.00335693
 0.00457764
 0.00579834
 0.00701904
 0.00823975
 0.00946045
 0.01068115
 0.01159668
