 0.00061035
 0.00091553
 0.00091553
 0.00122070
 0.00122070
 0.00152588
 0.00152588
 0.00152588
 0.00152588
 0.00152588
 0.00152588
 0.00122070
 0.00122070
 0.00122070
 0.00122070
 0.00091553
 0.00122070
 0.00091553
 0.00091553
 0.00061035
 0.00061035
 0.00030518
 0.00030518
 0.00000000
 0.00000000
 0.00030518
 0.00061035
 0.00091553
 0.00122070
 0.00122070
 0.00152588
 0.00122070
 0.00122070
 0.00122070
 0.00122070
 0.00152588
 0.00122070
 0.00122070
 0.00122070
 0.00152588
 0.00183105
 0.00183105
 0.00183105
 0.00183105
 0.00152588
 0.00122070
 0.00091553
 0.00061035
 0.00061035
 0.00091553
 0.00091553
 0.00091553
 0.00122070
 0.00122070
 0.00091553
 0.00091553
 0.00061035
 0.00061035
 0.00061035
 0.00061035
 0.00061035
 0.00091553
 0.00122070
 0.00122070
 0.00122070
 0.00152588
 0.00183105
 0.00213623
 0.00213623
 0.00244141
 0.00244141
 0.00244141
 0.00213623
 0.00183105
 0.00213623
 0.00213623
 0.00213623
 0.00213623
 0.00152588
 0.00122070
 0.00061035
 0.00061035
 0.00061035
 0.00061035
 0.00091553
 0.00122070
 0.00122070
 0.00122070
 0.00091553
 0.00091553
 0.00091553
 0.00122070
 0.00152588
 0.00183105
 0.00213623
 0.00213623
 0.00213623
 0.00213623
 0.00183105
 0.00183105
 0.00183105
 0.00152588
 0.00152588
 0.00152588
 0.00183105
 0.00183105
 0.00213623
 0.00213623
 0.00213623
 0.00213623
 0.00183105
 0.00152588
 0.00152588
 0.00122070
 0.00122070
 0.00122070
 0.00091553
 0.00061035
 0.00030518
 0.00000000
 0.00030518
 0.00030518
 0.00061035
 0.00061035
 0.00061035
 0.00091553
 0.00091553
 0.00091553
 0.00122070
 0.00091553
 0.00122070
 0.00122070
 0.00152588
 0.00183105
 0.00183105
 0.00183105
 0.00152588
 0.00152588
 0.00152588
 0.00122070
 0.00091553
 0.00091553
 0.00091553
 0.00091553
 0.00091553
 0.00122070
 0.00122070
 0.00091553
 0.00091553
 0.00091553
 0.00061035
 0.00061035
 0.00091553
 0.00061035
 0.00030518
 0.00061035
 0.00030518
 0.00061035
 0.00030518
 0.00030518
 0.00030518
 0.00030518
 0.00030518
 0.00061035
 0.00061035
 0.00091553
 0.00122070
 0.00122070
 0.00122070
 0.00122070
 0.00122070
 0.00152588
 0.00152588
 0.00122070
 0.00091553
 0.00091553
 0.00030518
 0.00061035
 0.00061035
 0.00091553
 0.00061035
 0.00061035
 0.00061035
 0.00030518
 0.00030518
-0.00030518
-0.00030518
 0.00000000
 0.00000000
 0.00000000
 0.00030518
 0.00030518
 0.00061035
 0.00183105
 0.00488281
 0.01098633
 0.02136230
 0.03692627
 0.06011963
 0.09368896
 0.14190674
 0.20935059
 0.32379150
 0.46813965
 0.61889648
 0.79589844
 0.98510742
 1.18469238
 1.37634277
 1.53747559
 1.63696289
 1.65222168
 1.56616211
 1.36413574
 1.06506348
 0.71289063
 0.39489746
 0.17456055
 0.01037598
-0.00885010
 0.14068604
 0.35552979
 0.69030762
 1.25793457
 1.90917969
 2.57812500
 3.18908691
 3.66699219
 3.92395020
 3.88610840
 3.34045410
 2.22717285
 0.74890137
-0.86181641
-2.39746094
-3.60229492
-4.31396484
-4.58740234
-4.51904297
-4.11071777
-3.39111328
-2.44628906
-1.39221191
-0.17852783
 0.55297852
 1.23046875
 1.62536621
 1.71325684
 1.51245117
 1.04492188
-0.00244141
-0.65795898
-1.49230957
-2.03979492
-2.18200684
-1.98181152
-1.51794434
-0.81604004
 0.35400391
 1.09252930
 2.09350586
 2.94494629
 3.53576660
 3.77868652
 3.56506348
 2.76062012
 1.14807129
-0.95153809
-3.18420410
-5.20080566
-6.66320801
-7.35961914
-7.42065430
-6.97570801
-6.03698730
-4.68933105
-3.10058594
-1.49719238
 0.03143311
 0.90515137
 1.48376465
 1.63879395
 1.45385742
 1.12426758
 0.72998047
 0.41076660
 0.39978027
 0.81848145
 1.63208008
 2.76611328
 4.03991699
 5.25390625
 6.26647949
 7.02636719
 7.53906250
 7.80578613
 7.81982422
 7.47314453
 6.78771973
 5.90209961
 4.90234375
 3.86108398
 2.83020020
 1.77001953
 0.48950195
-0.97290039
-2.73010254
-4.59472656
-6.31591797
-7.66479492
-8.48754883
-8.74572754
-8.39172363
-7.31750488
-5.45104980
-2.93945313
-0.18188477
 2.29431152
 4.16564941
 5.29113770
 5.65734863
 5.23498535
 3.99780273
 1.97448730
-1.03912354
-3.86901855
-6.51245117
-8.46435547
-9.51293945
-9.93957520
-9.94750977
-9.60083008
-8.97216797
-8.11889648
-7.11669922
-6.06933594
-5.08178711
-4.20532227
-3.42346191
-2.66784668
-1.85729980
-0.87524414
 0.30975342
 1.78649902
 3.25683594
 4.50866699
 5.34729004
 5.72937012
 5.64086914
 4.77355957
 3.15429688
 1.23352051
-0.75866699
-1.93298340
-2.59277344
-2.52075195
-2.02697754
-1.33422852
-0.73669434
-0.57617188
-1.15478516
-2.62084961
-4.82849121
-6.97753906
-8.47961426
-9.21386719
-9.29626465
-9.05639648
-8.65295410
-8.17321777
-7.67578125
-7.17590332
-6.68823242
-6.20666504
-5.73730469
-5.15747070
-3.79577637
-0.34362793
 4.94995117
 9.38842773
 9.99938965
 9.99938965
 9.99938965
 9.99938965
 9.99938965
 9.99938965
 9.99938965
 9.99938965
 9.99938965
 9.99938965
 9.24987793
 0.97351074
-5.18371582
-8.07739258
-9.08508301
-8.95812988
-8.13049316
-6.56860352
-3.96057129
-0.33935547
 3.55224609
 6.84082031
 9.07592773
 9.99938965
 9.99938965
 9.80407715
 7.90649414
 4.19677734
-0.45959473
-4.57641602
-7.44750977
-8.85864258
-9.10339355
-8.81164551
-8.17565918
-7.03552246
-4.65026855
-0.37780762
 4.75097656
 8.90380859
 9.99938965
 9.99938965
 9.99938965
 9.99938965
 9.99938965
 9.99938965
 9.99938965
 9.91149902
 9.07714844
 7.62756348
 4.80895996
 0.38635254
-4.46044922
-8.26354980
-9.99938965
-9.99938965
-9.99938965
-9.99938965
-9.96887207
-9.53674316
-9.02954102
-8.54553223
-8.07128906
-7.57385254
-7.01538086
-6.33239746
-5.45104980
-4.32556152
-2.99804688
-1.64794922
-0.60180664
 0.04150391
 0.57250977
 0.69580078
 0.82397461
 1.16149902
 1.90307617
 3.40820313
 5.70312500
 8.08532715
 9.78332520
 9.99938965
 9.99938965
 9.99938965
 9.99938965
 9.11010742
 5.58898926
 1.04492188
-2.80456543
-6.03454590
-8.04260254
-8.79821777
-8.90380859
-8.69079590
-8.32031250
-7.90283203
-7.49389648
-7.12036133
-6.78283691
-6.45996094
-6.10717773
-5.63903809
-4.85351563
-3.28857422
-0.41931152
 3.59130859
 7.73315430
 9.99938965
 9.99938965
 9.99938965
 9.99938965
 9.99938965
 9.99938965
 9.99938965
 9.99938965
 9.99938965
 9.99938965
 9.99938965
 6.62231445
 1.67236328
-2.90161133
-6.36901855
-8.52661133
-9.44152832
-9.44396973
-8.94348145
-8.04504395
-6.70593262
-4.88525391
-2.69653320
-0.28350830
 1.57653809
 3.08837891
 4.00390625
 4.35852051
 4.27795410
 4.01428223
 3.84826660
 3.90563965
 4.42626953
 5.47729492
 6.95190430
 8.38500977
 9.45129395
 9.99877930
 9.99938965
 9.99938965
 9.88830566
 8.90441895
 6.68640137
 2.50976563
-2.96447754
-7.74414063
-9.99938965
-9.99938965
-9.99938965
-9.99938965
-9.99938965
-9.99633789
-9.52758789
-8.79394531
-7.47863770
-4.94445801
-1.11358643
 2.94799805
 6.42883301
 8.76464844
 9.89990234
 9.99938965
 9.97802734
 9.46289063
 8.39111328
 6.60888672
 4.22851563
 1.46972656
-1.38244629
-4.02343750
-6.15722656
-7.73071289
-8.92333984
-9.76257324
-9.99938965
-9.99938965
-9.99938965
-9.99938965
-9.76623535
-9.35913086
-8.92822266
-8.49731445
-8.07922363
-7.67944336
-7.25280762
-6.66992188
-5.66345215
-3.84643555
-0.92895508
 2.29980469
 5.60607910
 8.28430176
 9.88159180
 9.99938965
 9.99938965
 9.99938965
 9.51232910
 6.93969727
 3.69812012
 0.35522461
-2.59155273
-4.85534668
-6.13769531
-6.65771484
-6.80480957
-6.72302246
-6.48925781
-6.15295410
-5.72753906
-5.19897461
-4.51049805
-3.58032227
-2.31506348
-0.52215576
 1.35314941
 3.56018066
 5.69763184
 7.52929688
 8.91723633
 9.78637695
 9.99938965
 9.73266602
 8.42895508
 6.21582031
 3.45703125
 0.37139893
-2.00500488
-3.92517090
-4.77294922
-4.67102051
-3.66149902
-1.58020020
 1.43615723
 4.72534180
 7.54638672
 9.48974609
 9.99938965
 9.99938965
 9.99938965
 9.49462891
 7.28637695
 3.81896973
-0.05676270
-3.57727051
-6.20788574
-7.53723145
-7.64648438
-6.79870605
-4.94445801
-2.17285156
 1.15356445
 4.28710938
 6.76879883
 8.38317871
 9.20410156
 9.40795898
 9.10888672
 8.38378906
 7.09716797
 4.87304688
 2.03369141
-1.08581543
-3.96362305
-6.24145508
-7.57263184
-8.15185547
-8.19580078
-7.74047852
-6.85241699
-5.58227539
-4.00634766
-2.25219727
-0.30242920
 1.13342285
 2.47619629
 3.47351074
 4.13635254
 4.48608398
 4.61730957
 4.65332031
 4.63684082
 4.47875977
 4.13146973
 3.58459473
 2.83081055
 1.89086914
 0.80810547
-0.31616211
-1.51123047
-2.58666992
-3.48693848
-4.16625977
-4.61242676
-4.82910156
-4.82299805
-4.59533691
-4.13146973
-3.40942383
-2.44018555
-1.28112793
 0.11535645
 1.16027832
 2.17346191
 2.91870117
 3.35510254
 3.46435547
 3.26110840
 2.68005371
 1.82983398
 0.98144531
 0.32897949
 0.27191162
 0.47668457
 1.06811523
 1.84936523
 2.65441895
 3.31298828
 3.69079590
 3.65051270
 3.02062988
 1.47827148
-0.99365234
-3.42529297
-5.93200684
-7.95837402
-9.19738770
-9.60876465
-9.40673828
-8.60046387
-7.18750000
-5.21911621
-2.88757324
-0.31616211
 1.72851563
 3.51867676
 4.80957031
 5.61767578
 6.00097656
 5.98815918
 5.65246582
 4.96887207
 3.73840332
 2.08862305
 0.12023926
-2.01110840
-4.08874512
-5.81481934
-7.06787109
-7.88513184
-8.26965332
-8.20678711
-7.66540527
-6.63879395
-5.16113281
-3.34594727
-1.39282227
 0.67535400
 2.05444336
 3.25134277
 4.02099609
 4.39331055
 4.38720703
 4.10339355
 3.54797363
 2.66174316
 1.60156250
 0.42785645
-0.46722412
-1.21765137
-1.72119141
-2.08190918
-2.36572266
-2.62207031
-2.91076660
-3.27392578
-3.74511719
-4.30786133
-4.89685059
-5.41442871
-5.76477051
-5.87951660
-5.71655273
-5.24658203
-4.40246582
-3.12316895
-1.43188477
 0.76263428
 2.50854492
 4.29870605
 5.75317383
 6.83837891
 7.58239746
 8.03649902
 8.22143555
 8.14636230
 7.66113281
 6.73583984
 5.34545898
 3.46435547
 1.20422363
-1.19140625
-3.33129883
-4.96643066
-6.06750488
-6.69860840
-6.90368652
-6.75109863
-6.32080078
-5.71166992
-5.01586914
-4.30541992
-3.62304688
-2.97668457
-2.36328125
-1.78527832
-1.24877930
-0.74340820
-0.36071777
 0.08209229
 0.63842773
 1.03393555
 1.38671875
 1.67968750
 1.89147949
 2.00988770
 2.05444336
 2.04895020
 2.00683594
 1.93054199
 1.80297852
 1.60522461
 1.33850098
 1.03149414
 0.72814941
 0.46813965
 0.36437988
 0.20080566
 0.00946045
-0.22979736
-0.46325684
-0.81787109
-1.28845215
-1.84265137
-2.41821289
-2.94616699
-3.37097168
-3.66271973
-3.81530762
-3.82507324
-3.69812012
-3.44482422
-3.07922363
-2.61230469
-2.06542969
-1.46911621
-0.86547852
-0.31799316
-0.02441406
 0.49072266
 0.68847656
 0.69335938
 0.46081543
-0.34942627
-0.41931152
-0.55847168
-0.61340332
-0.51635742
-0.37902832
-0.28778076
-0.38116455
-0.65917969
-1.38000488
-2.44445801
-3.67980957
-4.89501953
-5.90332031
-6.60156250
-6.99035645
-7.09960938
-6.92810059
-6.45324707
-5.65307617
-4.51354980
-3.05419922
-1.36657715
 0.59234619
 2.06298828
 3.47839355
 4.54895020
 5.23620605
 5.52551270
 5.40710449
 4.86633301
 3.76953125
 2.36755371
 0.86853027
-0.57128906
-1.59179688
-2.18750000
-2.40966797
-2.35046387
-2.02148438
-1.44226074
-0.64514160
 0.50476074
 1.35620117
 2.39624023
 3.34411621
 4.12292480
 4.67529297
 4.93286133
 4.91821289
 4.56604004
 3.78845215
 2.72888184
 1.58386230
 0.54718018
-0.11993408
-0.58837891
-0.68298340
-0.58288574
-0.18249512
 0.33111572
 0.55175781
 1.07360840
 1.58630371
 2.05139160
 2.44689941
 2.77648926
 3.06579590
 3.31481934
 3.51318359
 3.66943359
 3.79577637
 3.90991211
 3.99414063
 3.99841309
 3.84826660
 3.45520020
 2.75573730
 1.75415039
 0.49255371
-0.85571289
-2.24609375
-3.55041504
-4.67468262
-5.58349609
-6.25366211
-6.68762207
-6.89270020
-6.88964844
-6.68457031
-6.27868652
-5.67260742
-4.86938477
-3.89221191
-2.77832031
-1.59484863
-0.28808594
 0.68115234
 1.64794922
 2.43041992
 2.98400879
 3.25683594
 3.32153320
 3.05664063
 2.43408203
 1.57531738
 0.63964844
-0.22125244
-0.79406738
-1.08337402
-1.17004395
-1.11999512
-0.97229004
-0.76782227
-0.55847168
-0.38391113
-0.47271729
-0.43762207
-0.52429199
-0.89721680
-1.32934570
-1.70288086
-1.92016602
-1.95129395
-1.82556152
-1.57531738
-1.22314453
-0.79345703
-0.24108887
 0.26611328
 0.64758301
 1.08703613
 1.47827148
 1.81579590
 2.08923340
 2.26257324
 2.30834961
 2.22778320
 2.05566406
 1.83959961
 1.61437988
 1.40014648
 1.19018555
 0.96557617
 0.72204590
 0.45776367
 0.22369385
-0.03601074
-0.30120850
-0.52673340
-0.66894531
-0.75012207
-0.76293945
-0.70312500
-0.57128906
-0.33508301
-0.01831055
 0.29876709
 0.66406250
 1.13403320
 1.65161133
 2.20520020
 2.78137207
 3.34960938
 3.88366699
 4.36401367
 4.76501465
 5.04211426
 5.11901855
 4.92675781
 4.48181152
 3.87756348
 3.22143555
 2.61474609
 2.11242676
 1.69311523
 1.31591797
 0.96923828
 0.64575195
 0.38299561
 0.15686035
-0.10711670
-0.39550781
-0.55969238
-0.65612793
-0.67138672
-0.58471680
-0.39733887
 0.01708984
 0.34698486
 0.72631836
 1.23474121
 1.76269531
 2.28454590
 2.76550293
 3.18054199
 3.50646973
 3.70605469
 3.70605469
 3.50097656
 3.14819336
 2.74047852
 2.36877441
 2.07946777
 1.87011719
 1.69982910
 1.54418945
 1.38977051
 1.23046875
 1.04980469
 0.83740234
 0.57617188
 0.23559570
-0.20660400
-0.75378418
-1.42578125
-2.19421387
-3.02124023
-3.85314941
-4.63745117
-5.32897949
-5.89599609
-6.32080078
-6.59606934
-6.72180176
-6.71508789
-6.57836914
-6.32934570
-5.96557617
-5.49072266
-4.90539551
-4.22363281
-3.46252441
-2.65258789
-1.82495117
-1.01562500
-0.37322998
 0.23681641
 0.96496582
 1.43676758
 1.85241699
 2.20458984
 2.45300293
 2.53662109
 2.39868164
 2.01660156
 1.41723633
 0.65429688
-0.17791748
-1.05407715
-1.89941406
-2.68249512
-3.36425781
-3.91357422
-4.31152344
-4.56726074
-4.69909668
-4.72045898
-4.66247559
-4.53308105
-4.35668945
-4.13452148
-3.87207031
-3.57360840
-3.23669434
-2.86071777
-2.43286133
-1.94885254
-1.39404297
-0.74401855
 0.24566650
 0.88256836
 1.85729980
 2.88269043
 3.90258789
 4.85778809
 5.70434570
 6.40502930
 6.87866211
 7.09899902
 7.01171875
 6.54785156
 5.76721191
 4.79858398
 3.78112793
 2.87170410
 2.16674805
 1.63024902
 1.23657227
 1.00036621
 0.93811035
 1.04858398
 1.31347656
 1.71325684
 2.22351074
 2.81494141
 3.45275879
 4.09301758
 4.69421387
 5.21667480
 5.63537598
 5.96496582
 6.16088867
 6.17553711
 6.01501465
 5.74340820
 5.44921875
 5.19165039
 4.99816895
 4.82238770
 4.60388184
 4.30175781
 3.88916016
 3.36303711
 2.75268555
 2.09716797
 1.44958496
 0.84533691
 0.40527344
 0.12329102
-0.39550781
-0.54626465
-0.55786133
-0.43518066
-0.02044678
 0.30426025
 0.52612305
 0.96374512
 1.41540527
 1.84082031
 2.21923828
 2.52868652
 2.73193359
 2.75207520
 2.53601074
 2.09472656
 1.49414063
 0.79772949
 0.17669678
-0.66711426
-1.42883301
-2.24426270
-3.09509277
-3.94531250
-4.74670410
-5.46569824
-6.07543945
-6.56799316
-6.94702148
-7.21984863
-7.40295410
-7.50793457
-7.55249023
-7.55126953
-7.51464844
-7.44995117
-7.36877441
-7.27416992
-7.16064453
-7.03125000
-6.87866211
-6.69677734
-6.48803711
-6.24450684
-5.97167969
-5.66955566
-5.34179688
-4.99206543
-4.62768555
-4.24743652
-3.86413574
-3.48327637
-3.11828613
-2.77893066
-2.47741699
-2.23693848
-2.07275391
-2.00012207
-2.00012207
-2.03674316
-2.06787109
-2.05444336
-1.97998047
-1.84204102
-1.64367676
-1.37512207
-1.04309082
-0.64758301
-0.15014648
 0.37445068
 0.88928223
 1.49963379
 2.14294434
 2.79357910
 3.43078613
 4.03076172
 4.56726074
 5.03295898
 5.42236328
 5.71105957
 5.84960938
 5.81359863
 5.62988281
 5.36254883
 5.07446289
 4.82299805
 4.60815430
 4.41406250
 4.23278809
 4.07226563
 3.95385742
 3.89831543
 3.92761230
 4.04174805
 4.23461914
 4.49340820
 4.80529785
 5.14892578
 5.50659180
 5.85327148
 6.17858887
 6.44714355
 6.63085938
 6.70410156
 6.66381836
 6.52160645
 6.30676270
 6.04248047
 5.73425293
 5.37414551
 4.95056152
 4.45312500
 3.87817383
 3.24523926
 2.57202148
 1.88598633
 1.20788574
 0.55847168
 0.13061523
-0.60546875
-1.09252930
-1.50451660
-1.82617188
-2.05627441
-2.19177246
-2.22351074
-2.15209961
-1.99096680
-1.74194336
-1.41601563
-1.02844238
-0.59204102
 0.00885010
 0.40466309
 0.83557129
 1.28845215
 1.69982910
 2.05810547
 2.33276367
 2.48352051
 2.48535156
 2.34680176
 2.12158203
 1.86828613
 1.63940430
 1.43066406
 1.22741699
 0.99914551
 0.73730469
 0.43579102
 0.12298584
-0.23254395
-0.59387207
-0.92468262
-1.22619629
-1.48315430
-1.69067383
-1.84326172
-1.93176270
-1.95922852
-1.91833496
-1.81518555
-1.65466309
-1.44104004
-1.18774414
-0.90515137
-0.60607910
-0.34057617
-0.14038086
 0.04302979
 0.39062500
 0.46997070
 0.43945313
 0.22735596
-0.01647949
-0.28472900
-0.64880371
-1.02844238
-1.41723633
-1.80175781
-2.17285156
-2.51953125
-2.82897949
-3.08654785
-3.28063965
-3.41308594
-3.47290039
-3.46191406
-3.38256836
-3.24218750
-3.04321289
-2.79235840
-2.50000000
-2.17895508
-1.83410645
-1.48681641
-1.14624023
-0.82702637
-0.55175781
-0.47882080
-0.53741455
-0.50262451
-0.40618896
-0.43151855
-0.56823730
-0.67749023
-0.75378418
-0.79528809
-0.80505371
-0.78308105
-0.72692871
-0.63537598
-0.50598145
-0.35247803
-0.17181396
 0.05310059
 0.32135010
 0.60729980
 0.86425781
 1.10656738
 1.31774902
 1.48071289
 1.58813477
 1.62719727
 1.60339355
 1.51977539
 1.38793945
 1.21459961
 0.99548340
 0.73242188
 0.42968750
 0.09918213
-0.30242920
-0.73120117
-1.17553711
-1.63146973
-2.08618164
-2.53662109
-2.97180176
-3.38806152
-3.78173828
-4.14489746
-4.47082520
-4.74792480
-4.97436523
-5.13549805
-5.22705078
-5.24719238
-5.18859863
-5.06103516
-4.86389160
-4.60632324
-4.30236816
-3.96118164
-3.59863281
-3.22753906
-2.86621094
-2.53601074
-2.25769043
-2.07336426
-2.03796387
-2.19665527
-2.53784180
-3.01940918
-3.56750488
-4.13024902
-4.67102051
-5.18066406
-5.65795898
-6.08215332
-6.43798828
-6.70410156
-6.86523438
-6.92138672
-6.87927246
-6.74804688
-6.53442383
-6.24938965
-5.90515137
-5.50903320
-5.07019043
-4.60754395
-4.12780762
-3.65478516
-3.20495605
-2.79052734
-2.41882324
-2.10510254
-1.86706543
-1.74316406
-1.73522949
-1.81335449
-1.92077637
-1.99707031
-2.00317383
-1.94274902
-1.83410645
-1.68029785
-1.49230957
-1.27441406
-1.02966309
-0.76232910
-0.46875000
-0.26367188
 0.05554199
 0.51391602
 0.86486816
 1.22314453
 1.57348633
 1.91894531
 2.24792480
 2.56042480
 2.84484863
 3.10668945
 3.33984375
 3.55163574
 3.74816895
 3.93310547
 4.11193848
 4.28527832
 4.45617676
 4.62341309
 4.78820801
 4.95361328
 5.11352539
 5.27160645
 5.42724609
 5.57067871
 5.70190430
 5.80810547
 5.88989258
 5.93261719
 5.93811035
 5.89965820
 5.81726074
 5.69824219
 5.54443359
 5.36499023
 5.16723633
 4.96704102
 4.76562500
 4.57580566
 4.40673828
 4.26391602
 4.15344238
 4.07836914
 4.04113770
 4.04235840
 4.08142090
 4.15771484
 4.26757813
 4.40856934
 4.58618164
 4.78515625
 5.01159668
 5.25146484
 5.50598145
 5.76171875
 6.01074219
 6.23901367
 6.42700195
 6.56188965
 6.62780762
 6.61376953
 6.52404785
 6.36047363
 6.13830566
 5.85510254
 5.52307129
 5.13793945
 4.69726563
 4.20715332
 3.67675781
 3.11645508
 2.54394531
 1.97692871
 1.43127441
 0.92468262
 0.46142578
 0.21850586
-0.21453857
-0.59020996
-0.82702637
-1.01074219
-1.14135742
-1.22558594
-1.26770020
-1.27319336
-1.24511719
-1.19506836
-1.12854004
-1.05102539
-0.97717285
-0.90881348
-0.86120605
-0.83679199
-0.84228516
-0.88500977
-0.96557617
-1.08642578
-1.25488281
-1.47949219
-1.75842285
-2.09533691
-2.49633789
-2.94921875
-3.45092773
-3.98498535
-4.52697754
-5.06347656
-5.55847168
-5.99975586
-6.35803223
-6.62292480
-6.77490234
-6.81396484
-6.73889160
-6.55151367
-6.25915527
-5.86791992
-5.38146973
-4.80529785
-4.15161133
-3.44604492
-2.71484375
-1.98547363
-1.29333496
-0.69274902
-0.43090820
-0.44403076
 0.45532227
 0.57312012
 0.47424316
-0.35186768
-0.45898438
-0.85083008
-1.33972168
-1.73828125
-2.06970215
-2.36206055
-2.62268066
-2.85461426
-3.04321289
-3.19030762
-3.28796387
-3.33618164
-3.33862305
-3.30383301
-3.23425293
-3.12927246
-2.99865723
-2.83325195
-2.63366699
-2.40356445
-2.13745117
-1.83898926
-1.51428223
-1.16577148
-0.80383301
-0.44189453
-0.27862549
 0.11810303
 0.52185059
 0.73852539
 0.85876465
 0.87646484
 0.79772949
 0.65551758
 0.48522949
 0.37292480
 0.28503418
 0.13977051
 0.00762939
-0.09307861
-0.14221191
-0.14526367
-0.10498047
-0.01129150
 0.14312744
 0.34149170
 0.59265137
 0.89965820
 1.24511719
 1.62414551
 2.02209473
 2.43652344
 2.85583496
 3.26721191
 3.66271973
 4.02099609
 4.32067871
 4.53918457
 4.64965820
 4.65148926
 4.55688477
 4.38842773
 4.16992188
 3.91174316
 3.60656738
 3.24645996
 2.83081055
 2.36755371
 1.87866211
 1.38122559
 0.90148926
 0.45654297
 0.20690918
-0.20568848
-0.55603027
-0.75744629
-0.88439941
-0.94238281
-0.93444824
-0.86608887
-0.74890137
-0.59326172
-0.40893555
-0.25726318
-0.09124756
 0.06225586
 0.26031494
 0.43273926
 0.48156738
 0.45715332
 0.36132813
 0.16510010
-0.01525879
-0.28656006
-0.61035156
-0.96801758
-1.35925293
-1.77551270
-2.20275879
-2.62878418
-3.03771973
-3.41613770
-3.76037598
-4.06066895
-4.30908203
-4.50866699
-4.65332031
-4.74426270
-4.78393555
-4.77172852
-4.71252441
-4.60937500
-4.46350098
-4.28344727
-4.07226563
-3.83239746
-3.57482910
-3.30444336
-3.03222656
-2.76428223
-2.51220703
-2.28942871
-2.10571289
-1.97509766
-1.90246582
-1.88659668
-1.91955566
-1.98303223
-2.06054688
-2.14172363
-2.21679688
-2.27600098
-2.31445313
-2.32543945
-2.30468750
-2.24731445
-2.14965820
-2.01721191
-1.84875488
-1.64672852
-1.41357422
-1.15722656
-0.87829590
-0.58227539
-0.33966064
-0.10864258
 0.28076172
 0.67993164
 1.00097656
 1.32080078
 1.63696289
 1.94641113
 2.24792480
 2.53723145
 2.81127930
 3.06335449
 3.28247070
 3.46557617
 3.60656738
 3.69750977
 3.73291016
 3.72619629
 3.68164063
 3.61633301
 3.54125977
 3.46374512
 3.39416504
 3.33435059
 3.29101563
 3.26171875
 3.25134277
 3.25012207
 3.27270508
 3.31542969
 3.37768555
 3.46252441
 3.56994629
 3.69750977
 3.84765625
 4.01000977
 4.18823242
 4.37561035
 4.56176758
 4.74182129
 4.90112305
 5.03173828
 5.11169434
 5.13427734
 5.08666992
 4.96093750
 4.76318359
 4.49157715
 4.16137695
 3.77563477
 3.33923340
 2.86804199
 2.37243652
 1.85852051
 1.34277344
 0.83862305
 0.41748047
 0.07446289
-0.47485352
-0.81787109
-1.10717773
-1.33666992
-1.50085449
-1.60522461
-1.64916992
-1.63269043
-1.55944824
-1.43249512
-1.25732422
-1.03759766
-0.78430176
-0.50170898
-0.19500732
 0.08239746
 0.41625977
 0.69946289
 0.94482422
 1.12792969
 1.22070313
 1.20910645
 1.08947754
 0.87524414
 0.58776855
 0.27404785
-0.07965088
-0.55175781
-1.00280762
-1.47583008
-1.94885254
-2.39868164
-2.80639648
-3.14819336
-3.41369629
-3.59680176
-3.68774414
-3.68835449
-3.60229492
-3.42956543
-3.17993164
-2.86071777
-2.47680664
-2.03613281
-1.54846191
-1.02172852
-0.47180176
 0.09643555
 0.63659668
 1.15722656
 1.63391113
 2.05688477
 2.41271973
 2.67639160
 2.80090332
 2.76428223
 2.59216309
 2.33886719
 2.06481934
 1.82312012
 1.60583496
 1.38793945
 1.16333008
 0.92285156
 0.68115234
 0.45532227
 0.33203125
 0.19866943
 0.11413574
 0.09918213
 0.15197754
 0.28411865
 0.45715332
 0.74951172
 1.11450195
 1.53137207
 1.99768066
 2.49816895
 3.01513672
 3.53515625
 4.03503418
 4.49951172
 4.91210938
 5.23742676
 5.43151855
 5.43884277
 5.24902344
 4.90539551
 4.47753906
 4.01672363
 3.55346680
 3.07373047
 2.54943848
 1.96655273
 1.34582520
 0.70556641
 0.20324707
-0.50537109
-1.02844238
-1.48498535
-1.86706543
-2.16430664
-2.37487793
-2.50671387
-2.55798340
-2.54089355
-2.46276855
-2.33032227
-2.15515137
-1.94641113
-1.71447754
-1.47399902
-1.23779297
-1.01867676
-0.83679199
-0.71350098
-0.66528320
-0.70373535
-0.84289551
-1.06872559
-1.37512207
-1.75048828
-2.18750000
-2.67700195
-3.21166992
-3.77624512
-4.34936523
-4.91394043
-5.44250488
-5.91857910
-6.32385254
-6.65222168
-6.89208984
-7.04223633
-7.10510254
-7.08557129
-6.98730469
-6.81701660
-6.58447266
-6.29272461
-5.94970703
-5.56823730
-5.15014648
-4.70825195
-4.24804688
-3.78662109
-3.33374023
-2.90466309
-2.50915527
-2.16064453
-1.88049316
-1.70288086
-1.65954590
-1.75537109
-1.95190430
-2.18688965
-2.40722656
-2.58789063
-2.73254395
-2.85766602
-2.96752930
-3.06457520
-3.14270020
-3.19580078
-3.21472168
-3.19152832
-3.12927246
-3.02307129
-2.87536621
-2.68127441
-2.44873047
-2.17590332
-1.86584473
-1.51977539
-1.14074707
-0.73425293
-0.33538818
 0.05493164
 0.58471680
 1.02966309
 1.45812988
 1.85791016
 2.20825195
 2.48840332
 2.65625000
 2.69287109
 2.60375977
 2.42675781
 2.21130371
 2.00134277
 1.80908203
 1.63391113
 1.47094727
 1.32324219
 1.19812012
 1.10412598
 1.05773926
 1.06323242
 1.12365723
 1.24572754
 1.41601563
 1.64123535
 1.90734863
 2.21313477
 2.54760742
 2.90100098
 3.26477051
 3.62243652
 3.96240234
 4.26879883
 4.52270508
 4.70336914
 4.80285645
 4.81384277
 4.76501465
 4.66918945
 4.55139160
 4.42077637
 4.27673340
 4.12231445
 3.95202637
 3.77441406
 3.59497070
 3.41857910
 3.25378418
 3.11096191
 2.98767090
 2.89001465
 2.82592773
 2.78869629
 2.79174805
 2.83020020
 2.90100098
 3.00170898
 3.12927246
 3.27636719
 3.43627930
 3.59863281
 3.75305176
 3.89221191
 3.99719238
 4.06738281
 4.08935547
