-0.00061035
-0.00061035
-0.00061035
-0.00030518
 0.00000000
 0.00030518
 0.00061035
 0.00091553
 0.00061035
 0.00061035
 0.00061035
 0.00030518
 0.00000000
 0.00000000
 0.00000000
 0.00030518
 0.00030518
 0.00000000
 0.00030518
 0.00030518
 0.00030518
 0.00030518
 0.00030518
 0.00030518
 0.00030518
 0.00030518
 0.00030518
 0.00061035
 0.00061035
 0.00030518
 0.00000000
 0.00000000
 0.00000000
 0.00000000
 0.00030518
 0.00030518
 0.00061035
 0.00091553
 0.00122070
 0.00091553
 0.00061035
 0.00030518
 0.00030518
 0.00030518
 0.00030518
 0.00000000
 0.00030518
 0.00061035
 0.00061035
 0.00030518
 0.00000000
 0.00000000
 0.00030518
 0.00030518
 0.00030518
 0.00030518
 0.00061035
 0.00091553
 0.00061035
 0.00061035
 0.00030518
 0.00030518
 0.00030518
 0.00000000
-0.00030518
-0.00030518
 0.00000000
 0.00030518
 0.00000000
 0.00030518
 0.00061035
 0.00061035
 0.00061035
 0.00061035
 0.00030518
 0.00030518
 0.00030518
 0.00000000
 0.00000000
 0.00000000
 0.00030518
 0.00030518
 0.00000000
 0.00030518
 0.00000000
 0.00030518
 0.00030518
 0.00000000
 0.00000000
 0.00030518
 0.00000000
 0.00030518
 0.00030518
 0.00030518
 0.00061035
 0.00061035
 0.00030518
 0.00000000
-0.00030518
-0.00061035
-0.00061035
-0.00030518
-0.00030518
 0.00030518
 0.00030518
 0.00030518
 0.00030518
 0.00061035
 0.00061035
 0.00030518
 0.00030518
 0.00000000
 0.00000000
-0.00030518
-0.00030518
-0.00030518
-0.00030518
-0.00030518
-0.00061035
-0.00030518
-0.00030518
-0.00030518
 0.00000000
 0.00000000
 0.00000000
 0.00000000
 0.00000000
 0.00030518
 0.00030518
 0.00030518
 0.00030518
 0.00000000
-0.00030518
 0.00000000
 0.00000000
 0.00000000
-0.00030518
-0.00030518
-0.00030518
 0.00000000
-0.00030518
-0.00030518
-0.00030518
-0.00030518
-0.00030518
-0.00030518
 0.00000000
 0.00000000
 0.00030518
 0.00030518
 0.00030518
 0.00030518
 0.00000000
 0.00000000
 0.00030518
 0.00030518
 0.00000000
-0.00030518
-0.00030518
-0.00030518
-0.00030518
-0.00030518
 0.00000000
 0.00000000
 0.00000000
-0.00030518
-0.00030518
 0.00000000
 0.00030518
 0.00030518
 0.00030518
 0.00030518
 0.00000000
 0.00000000
-0.00030518
-0.00030518
-0.00030518
 0.00000000
 0.00000000
 0.00000000
 0.00000000
 0.00030518
 0.00030518
 0.00030518
 0.00000000
-0.00030518
-0.00030518
-0.00030518
-0.00030518
-0.00061035
-0.00061035
-0.00030518
-0.00030518
 0.00000000
 0.00244141
 0.01617432
 0.06408691
 0.20477295
 0.44372559
 0.81420898
 1.29272461
 1.85729980
 2.50427246
 3.24951172
 4.12109375
 5.12451172
 6.20361328
 7.22412109
 8.03344727
 8.50891113
 8.34594727
 6.65893555
 3.03344727
-1.49597168
-5.49926758
-8.21899414
-9.45312500
-9.39697266
-8.74877930
-8.16467285
-8.02246094
-8.27209473
-8.65173340
-8.92822266
-9.04907227
-9.05578613
-8.96972656
-8.81896973
-8.63891602
-8.43505859
-8.20007324
-7.93334961
-7.62512207
-7.28515625
-6.91955566
-6.53625488
-6.14501953
-5.75561523
-5.36682129
-4.94812012
-4.29931641
-2.87841797
-0.10253906
 3.43444824
 6.85668945
 9.54467773
 9.99938965
 9.99938965
 9.99938965
 9.99938965
 9.99938965
 9.99938965
 9.99938965
 9.99938965
 9.99938965
 9.99938965
 9.99938965
 7.54577637
 0.53039551
-4.68200684
-7.85888672
-9.37500000
-9.70642090
-9.40368652
-8.91174316
-8.42956543
-8.01086426
-7.62268066
-7.23937988
-6.81762695
-6.34826660
-5.81359863
-4.88525391
-2.64221191
 1.42547607
 6.25854492
 9.65087891
 9.99938965
 9.99938965
 9.99938965
 9.99938965
 9.99938965
 9.99938965
 9.99938965
 9.99938965
 9.99938965
 9.99938965
 9.96398926
 8.52111816
 5.76293945
 1.69860840
-3.06762695
-7.23022461
-9.71801758
-9.99938965
-9.99938965
-9.99938965
-9.93347168
-9.35485840
-8.70544434
-8.11828613
-7.53479004
-6.73522949
-5.50415039
-3.93188477
-2.37060547
-1.02600098
 0.15502930
 1.46789551
 2.87597656
 4.49707031
 6.31652832
 8.10363770
 9.58312988
 9.99938965
 9.99938965
 9.99938965
 9.99938965
 9.99938965
 9.69909668
 7.38830566
 3.49975586
-1.29119873
-5.52612305
-8.57177734
-9.91638184
-9.99938965
-9.99938965
-9.71984863
-9.22180176
-8.75732422
-8.33557129
-7.94128418
-7.55615234
-7.18383789
-6.80053711
-6.32019043
-5.52551270
-4.02893066
-1.50878906
 1.93481445
 5.59020996
 8.72314453
 9.99938965
 9.99938965
 9.99938965
 9.99938965
 9.99938965
 9.99938965
 9.99938965
 9.86694336
 8.24707031
 5.27709961
 1.20605469
-2.85034180
-6.24084473
-8.29040527
-9.28771973
-9.61730957
-9.49890137
-9.15161133
-8.73046875
-8.29345703
-7.86254883
-7.43957520
-7.00012207
-6.48803711
-5.78369141
-4.73266602
-3.23913574
-1.32751465
 0.95336914
 3.49975586
 6.14135742
 8.59436035
 9.99938965
 9.99938965
 9.99938965
 9.99938965
 9.99938965
 9.99938965
 9.99938965
 9.99938965
 9.54772949
 7.58911133
 4.83276367
 1.42089844
-2.21984863
-5.41748047
-7.71789551
-9.08020020
-9.72290039
-9.84558105
-9.62585449
-9.24072266
-8.80432129
-8.36425781
-7.91137695
-7.39929199
-6.68945313
-5.52612305
-3.60412598
-0.80322266
 2.45727539
 5.64453125
 8.19152832
 9.78759766
 9.99938965
 9.99938965
 9.99938965
 9.99938965
 9.99938965
 9.87304688
 9.07531738
 7.87963867
 6.15112305
 3.69018555
 0.52001953
-2.98461914
-6.15051270
-8.39294434
-9.65881348
-9.99938965
-9.99938965
-9.92675781
-9.53918457
-9.10461426
-8.67248535
-8.25134277
-7.82226563
-7.34252930
-6.74682617
-5.94177246
-4.82299805
-3.29528809
-1.30554199
 1.17187500
 3.99658203
 6.85180664
 9.30236816
 9.99938965
 9.99938965
 9.99938965
 9.99938965
 9.99938965
 9.76318359
 7.69226074
 4.64904785
 1.25244141
-2.07885742
-4.91821289
-6.88598633
-8.04199219
-8.68713379
-8.93615723
-8.88977051
-8.65234375
-8.31115723
-7.93273926
-7.53601074
-7.12890625
-6.67236328
-6.07604980
-5.17578125
-3.75610352
-1.71142578
 0.83435059
 3.55773926
 6.04309082
 8.01818848
 9.40795898
 9.99938965
 9.99938965
 9.99938965
 9.99938965
 9.73876953
 8.87207031
 7.74291992
 6.32873535
 4.61547852
 2.64587402
 0.52124023
-1.68151855
-3.75610352
-5.53283691
-6.88903809
-7.79174805
-8.29223633
-8.46862793
-8.39477539
-8.14025879
-7.75817871
-7.26318359
-6.63146973
-5.80444336
-4.70581055
-3.30322266
-1.59790039
 0.50018311
 2.50000000
 4.68444824
 6.73950195
 8.51928711
 9.80590820
 9.99938965
 9.99938965
 9.99938965
 9.99938965
 9.67102051
 8.12011719
 6.16699219
 3.92822266
 1.57043457
-0.61309814
-2.53173828
-4.05212402
-5.23681641
-6.06445313
-6.55090332
-6.74865723
-6.71569824
-6.49902344
-6.12304688
-5.62377930
-5.00183105
-4.25598145
-3.36242676
-2.28210449
-0.98083496
 0.62866211
 2.31811523
 4.16320801
 5.92407227
 7.44689941
 8.63464355
 9.38232422
 9.70703125
 9.71801758
 9.23767090
 8.24157715
 6.85668945
 5.22888184
 3.48266602
 1.76635742
 0.26336670
-1.20605469
-2.63488770
-4.03259277
-5.26550293
-6.20727539
-6.80664063
-7.09533691
-7.12341309
-6.92382813
-6.51000977
-5.90515137
-5.12695313
-4.19799805
-3.16040039
-2.05993652
-0.96679688
 0.13336182
 0.95825195
 1.69982910
 2.23388672
 2.57690430
 2.85095215
 3.06335449
 3.20800781
 3.30749512
 3.41003418
 3.53027344
 3.65722656
 3.72802734
 3.65539551
 3.33190918
 2.68676758
 1.72607422
 0.50354004
-0.78552246
-2.09167480
-3.30749512
-4.34936523
-5.19592285
-5.83374023
-6.27807617
-6.55273438
-6.67297363
-6.66381836
-6.52160645
-6.24328613
-5.81237793
-5.20141602
-4.38964844
-3.38134766
-2.20520020
-0.91491699
 0.54534912
 1.65771484
 2.76977539
 3.67309570
 4.34448242
 4.73205566
 4.90234375
 4.78576660
 4.34692383
 3.64013672
 2.73193359
 1.68151855
 0.52673340
-0.49224854
-1.58020020
-2.61291504
-3.54248047
-4.30603027
-4.87060547
-5.24780273
-5.45837402
-5.51391602
-5.42968750
-5.19836426
-4.79736328
-4.19311523
-3.35205078
-2.26501465
-0.98327637
 0.61950684
 1.78649902
 3.06152344
 4.18212891
 5.13793945
 5.93750000
 6.55700684
 6.97082520
 7.21923828
 7.22290039
 6.90490723
 6.28356934
 5.43823242
 4.45678711
 3.43688965
 2.45788574
 1.52038574
 0.62377930
-0.10864258
-0.81420898
-1.25122070
-1.51306152
-1.63879395
-1.67724609
-1.66503906
-1.62109375
-1.53808594
-1.40625000
-1.20239258
-0.89660645
-0.46875000
 0.39154053
 0.78796387
 1.61376953
 2.51098633
 3.41796875
 4.28100586
 5.05920410
 5.72631836
 6.24938965
 6.57043457
 6.64733887
 6.37329102
 5.76354980
 4.92431641
 3.96301270
 2.99499512
 2.10632324
 1.27746582
 0.41229248
-0.46081543
-1.43554688
-2.36022949
-3.20678711
-3.94531250
-4.55993652
-5.04943848
-5.39733887
-5.58532715
-5.59692383
-5.42663574
-5.06408691
-4.50439453
-3.74633789
-2.81738281
-1.76757813
-0.68115234
 0.52551270
 1.31591797
 2.14050293
 2.82287598
 3.34594727
 3.67126465
 3.80310059
 3.61145020
 3.03039551
 2.10754395
 0.95825195
-0.37292480
-1.49719238
-2.55065918
-3.44604492
-4.24255371
-4.92614746
-5.48156738
-5.89111328
-6.15295410
-6.28967285
-6.31164551
-6.23596191
-6.06384277
-5.80139160
-5.44616699
-4.98901367
-4.43176270
-3.76953125
-3.01391602
-2.18505859
-1.30310059
-0.37017822
 0.49652100
 1.42333984
 2.25646973
 2.96142578
 3.51867676
 3.93859863
 4.20471191
 4.21569824
 3.86047363
 3.16406250
 2.23937988
 1.22192383
 0.24993896
-0.61157227
-1.34338379
-2.02758789
-2.66052246
-3.21533203
-3.65783691
-3.96118164
-4.13269043
-4.17236328
-4.09301758
-3.90258789
-3.60229492
-3.18542480
-2.64587402
-1.97326660
-1.17675781
-0.10650635
 0.67810059
 1.65100098
 2.58605957
 3.44360352
 4.19555664
 4.79064941
 5.20385742
 5.47851563
 5.54504395
 5.33935547
 4.88098145
 4.23828125
 3.51379395
 2.81738281
 2.20153809
 1.64550781
 1.10961914
 0.57678223
 0.15045166
-0.35278320
-0.82214355
-1.15478516
-1.38427734
-1.50878906
-1.52343750
-1.42639160
-1.22375488
-0.92224121
-0.52795410
 0.17211914
 0.48583984
 1.06811523
 1.66503906
 2.23449707
 2.74963379
 3.18725586
 3.54187012
 3.78845215
 3.86596680
 3.74389648
 3.45336914
 3.06152344
 2.63549805
 2.21862793
 1.80786133
 1.36474609
 0.87036133
 0.34698486
-0.18768311
-0.76477051
-1.28662109
-1.78588867
-2.26623535
-2.73376465
-3.17504883
-3.57238770
-3.89587402
-4.12719727
-4.24499512
-4.25048828
-4.13940430
-3.91967773
-3.60351563
-3.19458008
-2.70690918
-2.15637207
-1.56188965
-0.94970703
-0.36987305
 0.03051758
 0.63842773
 1.01013184
 1.27563477
 1.37878418
 1.25793457
 0.92651367
 0.46752930
-0.02166748
-0.43701172
-0.75256348
-1.00463867
-1.22497559
-1.43737793
-1.66137695
-1.89697266
-2.14111328
-2.37670898
-2.57995605
-2.73254395
-2.81311035
-2.81066895
-2.72216797
-2.55187988
-2.29614258
-1.95739746
-1.54724121
-1.06506348
-0.52185059
 0.20080566
 0.69091797
 1.31225586
 1.89453125
 2.41333008
 2.84362793
 3.17321777
 3.35388184
 3.31237793
 3.03405762
 2.58483887
 2.06787109
 1.58508301
 1.19323730
 0.88012695
 0.59631348
 0.33721924
 0.07415771
-0.20904541
-0.48950195
-0.69396973
-0.84350586
-0.92895508
-0.95397949
-0.92285156
-0.83984375
-0.71044922
-0.53588867
-0.30853271
-0.03234863
 0.26367188
 0.59387207
 0.96618652
 1.35803223
 1.75964355
 2.15515137
 2.54028320
 2.90527344
 3.23547363
 3.51379395
 3.71887207
 3.82568359
 3.81835938
 3.69873047
 3.47412109
 3.16650391
 2.79663086
 2.38708496
 1.95251465
 1.51062012
 1.07299805
 0.65917969
 0.35034180
 0.11352539
-0.20477295
-0.43457031
-0.51452637
-0.50842285
-0.42785645
-0.26214600
-0.06561279
 0.13397217
 0.39794922
 0.65917969
 0.91674805
 1.16027832
 1.36779785
 1.52648926
 1.61865234
 1.64062500
 1.59179688
 1.48925781
 1.35253906
 1.19323730
 1.02783203
 0.85388184
 0.67504883
 0.47668457
 0.26428223
-0.00122070
-0.29846191
-0.62133789
-0.99243164
-1.38610840
-1.77917480
-2.14050293
-2.44201660
-2.66174316
-2.78259277
-2.79785156
-2.71545410
-2.54089355
-2.29187012
-1.98364258
-1.63330078
-1.25000000
-0.84960938
-0.44860840
-0.14923096
 0.22796631
 0.63171387
 0.89111328
 1.05895996
 1.11694336
 1.08032227
 0.98571777
 0.87646484
 0.77880859
 0.68847656
 0.59753418
 0.47424316
 0.30761719
 0.08972168
-0.14984131
-0.38787842
-0.63293457
-0.89172363
-1.13891602
-1.36657715
-1.57287598
-1.74377441
-1.87316895
-1.95068359
-1.96716309
-1.91833496
-1.80358887
-1.62475586
-1.38000488
-1.08459473
-0.73974609
-0.31005859
 0.12390137
 0.47729492
 0.89355469
 1.28601074
 1.63513184
 1.91223145
 2.07519531
 2.09472656
 1.96411133
 1.72241211
 1.42395020
 1.11511230
 0.81787109
 0.53588867
 0.27313232
 0.00213623
-0.29968262
-0.57128906
-0.80200195
-0.99487305
-1.13952637
-1.23352051
-1.27502441
-1.26220703
-1.19812012
-1.08642578
-0.92773438
-0.72692871
-0.49133301
-0.21118164
 0.06286621
 0.36407471
 0.68481445
 1.00158691
 1.30981445
 1.59362793
 1.83776855
 2.02270508
 2.12890625
 2.13928223
 2.05688477
 1.88415527
 1.64123535
 1.34216309
 1.00341797
 0.63842773
 0.28747559
-0.04394531
-0.45410156
-0.75805664
-1.01257324
-1.21215820
-1.35620117
-1.44653320
-1.48315430
-1.47216797
-1.41479492
-1.31042480
-1.16882324
-0.99182129
-0.78857422
-0.57067871
-0.36682129
-0.19287109
-0.00518799
 0.22155762
 0.43090820
 0.56091309
 0.65551758
 0.71044922
 0.72448730
 0.69396973
 0.62194824
 0.51025391
 0.35644531
 0.20599365
-0.01312256
-0.26458740
-0.52307129
-0.77697754
-1.02844238
-1.26281738
-1.46911621
-1.64306641
-1.77429199
-1.85546875
-1.89025879
-1.87194824
-1.80725098
-1.69677734
-1.55761719
-1.38854980
-1.21948242
-1.04736328
-0.89538574
-0.77392578
-0.69335938
-0.65002441
-0.63598633
-0.64941406
-0.67443848
-0.70983887
-0.75134277
-0.79650879
-0.85083008
-0.91125488
-0.97961426
-1.05468750
-1.12976074
-1.20361328
-1.27563477
-1.33972168
-1.39160156
-1.42395020
-1.43249512
-1.41357422
-1.36779785
-1.29028320
-1.18896484
-1.05773926
-0.90332031
-0.72753906
-0.53161621
-0.37231445
-0.21972656
-0.00915527
 0.26977539
 0.54382324
 0.72448730
 0.87402344
 0.98266602
 1.04614258
 1.06567383
 1.04248047
 0.98876953
 0.91247559
 0.82214355
 0.72570801
 0.62927246
 0.53161621
 0.43823242
 0.34973145
 0.28869629
 0.20233154
 0.11627197
 0.03021240
-0.05920410
-0.15258789
-0.24841309
-0.33935547
-0.43090820
-0.50842285
-0.56640625
-0.59936523
-0.59997559
-0.56152344
-0.48767090
-0.37658691
-0.26184082
-0.11016846
 0.05676270
 0.26824951
 0.48767090
 0.66345215
 0.81909180
 0.94543457
 1.04431152
 1.10595703
 1.14013672
 1.15661621
 1.15783691
 1.15051270
 1.13891602
 1.12243652
 1.09924316
 1.06750488
 1.02722168
 0.98632813
 0.94543457
 0.91552734
 0.89355469
 0.87829590
 0.86425781
 0.84655762
 0.81970215
 0.77880859
 0.72570801
 0.66833496
 0.61218262
 0.56030273
 0.51635742
 0.48339844
 0.46264648
 0.44921875
 0.44189453
 0.43640137
 0.42846680
 0.41381836
 0.38635254
 0.34118652
 0.26153564
 0.17425537
 0.07324219
-0.03479004
-0.14404297
-0.25054932
-0.35461426
-0.45776367
-0.55053711
-0.63293457
-0.69702148
-0.74890137
-0.77575684
-0.78063965
-0.76660156
-0.73547363
-0.69335938
-0.64086914
-0.58532715
-0.52429199
-0.46569824
-0.40283203
-0.34118652
-0.29785156
-0.24932861
-0.21118164
-0.18218994
-0.15930176
-0.13946533
-0.12207031
-0.10833740
-0.09796143
-0.09094238
-0.08636475
-0.08422852
-0.08453369
-0.08972168
-0.10375977
-0.12969971
-0.16906738
-0.22094727
-0.28106689
-0.33569336
-0.39550781
-0.44555664
-0.48217773
-0.50048828
-0.50109863
-0.48767090
-0.45959473
-0.42175293
-0.37048340
-0.33020020
-0.28320313
-0.21606445
-0.14343262
-0.06866455
 0.00579834
 0.07812500
 0.14617920
 0.20935059
 0.26672363
 0.30883789
 0.33935547
 0.36376953
 0.38574219
 0.40527344
 0.42053223
 0.43823242
 0.45532227
 0.47058105
 0.48339844
 0.49621582
 0.50048828
 0.50415039
 0.50415039
 0.50781250
 0.50720215
 0.51574707
 0.52734375
 0.54382324
 0.57189941
 0.61218262
 0.66223145
 0.72509766
 0.79895020
 0.88623047
 0.98144531
 1.07360840
 1.15356445
 1.21582031
 1.24572754
 1.24328613
 1.20361328
 1.13281250
 1.04370117
 0.94116211
 0.83312988
 0.72326660
 0.61157227
 0.49865723
 0.38330078
 0.28656006
 0.16906738
 0.05554199
-0.05126953
-0.15350342
-0.25482178
-0.35705566
-0.45349121
-0.53833008
-0.60852051
-0.65551758
-0.68481445
-0.69030762
-0.67687988
-0.64392090
-0.59692383
-0.53161621
-0.44311523
-0.33935547
-0.24780273
-0.12512207
-0.00183105
 0.11291504
 0.21240234
 0.35461426
 0.40161133
 0.41381836
 0.39123535
 0.33447266
 0.29968262
 0.19256592
 0.05493164
-0.10131836
-0.27252197
-0.42846680
-0.56884766
-0.70190430
-0.83007813
-0.94543457
-1.05407715
-1.14746094
-1.22558594
-1.28540039
-1.32568359
-1.34643555
-1.35131836
-1.33789063
-1.31408691
-1.27685547
-1.22436523
-1.16027832
-1.08703613
-1.00708008
-0.92651367
-0.85021973
-0.78308105
-0.72998047
-0.69335938
-0.66772461
-0.65368652
-0.65002441
-0.65795898
-0.67382813
-0.70129395
-0.73486328
-0.77636719
-0.81604004
-0.85144043
-0.87524414
-0.88012695
-0.86425781
-0.82214355
-0.75195313
-0.65551758
-0.53527832
-0.39428711
-0.31829834
-0.17608643
-0.03021240
 0.11077881
 0.35766602
 0.47302246
 0.56823730
 0.64636230
 0.70251465
 0.74829102
 0.78186035
 0.81176758
 0.83679199
 0.85571289
 0.87280273
 0.87768555
 0.87463379
 0.85388184
 0.81909180
 0.76782227
 0.70556641
 0.63415527
 0.55908203
 0.48645020
 0.41992188
 0.36193848
 0.32348633
 0.29846191
 0.28167725
 0.27954102
 0.29113770
 0.32287598
 0.37231445
 0.43273926
 0.50354004
 0.57983398
 0.65429688
 0.72387695
 0.78125000
 0.82031250
 0.83618164
 0.82153320
 0.78430176
 0.71655273
 0.62622070
 0.52001953
 0.40527344
 0.28991699
 0.18035889
 0.07324219
-0.02288818
-0.10864258
-0.18371582
-0.24658203
-0.30242920
-0.34179688
-0.36132813
-0.36926270
-0.35949707
-0.33752441
-0.31341553
-0.27343750
-0.22247314
-0.16326904
-0.09765625
-0.02838135
 0.04028320
 0.10528564
 0.16296387
 0.20965576
 0.24139404
 0.25604248
 0.25604248
 0.23040771
 0.17211914
 0.08392334
-0.02807617
-0.15716553
-0.28991699
-0.42053223
-0.55847168
-0.69641113
-0.82641602
-0.94970703
-1.05895996
-1.15173340
-1.22619629
-1.27990723
-1.30920410
-1.31835938
-1.30187988
-1.26464844
-1.21032715
-1.14196777
-1.06689453
-0.98327637
-0.90270996
-0.82397461
-0.74523926
-0.67260742
-0.60363770
-0.53344727
-0.46447754
-0.39733887
-0.33081055
-0.32714844
-0.26824951
-0.21575928
-0.17303467
-0.14007568
-0.11840820
-0.11016846
-0.11505127
-0.12939453
-0.14526367
-0.15289307
-0.14526367
-0.12176514
-0.08422852
-0.02960205
 0.04547119
 0.14007568
 0.27130127
 0.41870117
 0.54992676
 0.68176270
 0.80871582
 0.92773438
 1.03393555
 1.12426758
 1.19079590
 1.23718262
 1.26281738
 1.26525879
 1.25854492
 1.24145508
 1.21948242
 1.19812012
 1.17675781
 1.16027832
 1.13830566
 1.11816406
 1.08947754
 1.05773926
 1.01440430
 0.96801758
 0.91735840
 0.86486816
 0.81115723
 0.76171875
 0.71228027
 0.66650391
 0.63049316
 0.60668945
 0.59448242
 0.59448242
 0.60668945
 0.62805176
 0.65429688
 0.68603516
 0.71777344
 0.74829102
 0.77026367
 0.78613281
 0.79467773
 0.79650879
 0.79223633
 0.77941895
 0.76904297
 0.75927734
 0.74951172
 0.74279785
 0.74279785
 0.74401855
 0.75073242
 0.76171875
 0.77758789
 0.79101563
 0.80932617
 0.82580566
 0.83679199
 0.84350586
 0.83923340
 0.81848145
 0.78063965
 0.72143555
 0.64758301
 0.56457520
 0.47607422
 0.38818359
 0.30822754
 0.23590088
 0.16510010
 0.10681152
 0.06317139
 0.03295898
 0.01556396
 0.00885010
 0.01007080
 0.01678467
 0.02563477
 0.03417969
 0.03997803
 0.04150391
 0.03692627
 0.02105713
-0.01098633
-0.06011963
-0.12054443
-0.18707275
-0.25299072
-0.31097412
-0.36987305
-0.43029785
-0.49194336
-0.54992676
-0.60852051
-0.66406250
-0.72082520
-0.77575684
-0.82336426
-0.86425781
-0.89904785
-0.92468262
-0.93994141
-0.94177246
-0.93444824
-0.91064453
-0.87524414
-0.82397461
-0.76171875
-0.68542480
-0.60180664
-0.51269531
-0.41809082
-0.36041260
-0.31677246
-0.23803711
-0.16754150
-0.10955811
-0.06561279
-0.03540039
-0.01861572
-0.02380371
-0.05706787
-0.11474609
-0.18615723
-0.28137207
-0.35949707
-0.40954590
-0.45349121
-0.48706055
-0.51147461
-0.52429199
-0.52795410
-0.52001953
-0.49987793
-0.46875000
-0.42663574
-0.37597656
-0.32714844
-0.27313232
-0.19439697
-0.10711670
-0.01403809
 0.08026123
 0.17364502
 0.28320313
 0.38146973
 0.44799805
 0.49865723
 0.53771973
 0.55969238
 0.56396484
 0.54809570
 0.50964355
 0.45410156
 0.38330078
 0.31524658
 0.23437500
 0.14526367
 0.06927490
 0.00396729
-0.05004883
-0.09094238
-0.11566162
-0.12390137
-0.11749268
-0.09796143
-0.06713867
-0.02716064
 0.01861572
 0.06835938
 0.12054443
 0.17425537
 0.22888184
 0.28320313
 0.34362793
 0.38513184
 0.42053223
 0.45166016
 0.47119141
 0.47973633
 0.47241211
 0.44799805
 0.40405273
 0.34118652
 0.25421143
 0.14923096
 0.03906250
-0.07049561
-0.17883301
-0.28778076
-0.39550781
-0.50048828
-0.59143066
-0.66955566
-0.72937012
-0.77392578
-0.79589844
-0.80078125
-0.78857422
-0.76171875
-0.72509766
-0.68115234
-0.63598633
-0.58532715
-0.53771973
-0.49377441
-0.45471191
-0.42297363
-0.40405273
-0.39062500
-0.38879395
-0.39489746
-0.40649414
-0.42846680
-0.45654297
-0.49194336
-0.53466797
-0.58593750
-0.63476563
-0.68725586
-0.73730469
-0.78491211
-0.82519531
-0.85815430
-0.88134766
-0.89355469
-0.89294434
-0.87646484
-0.83862305
-0.78979492
-0.72143555
-0.63720703
-0.54199219
-0.43518066
-0.36010742
-0.28717041
-0.17089844
-0.05249023
 0.06286621
 0.17211914
 0.34729004
 0.42968750
 0.49743652
 0.54687500
 0.58044434
 0.59753418
 0.59936523
 0.59204102
 0.57006836
 0.54443359
 0.51391602
 0.48217773
 0.44860840
 0.41870117
 0.39184570
 0.36560059
 0.34545898
 0.32958984
 0.31860352
 0.31433105
 0.31372070
 0.31738281
 0.32409668
 0.33569336
 0.35461426
 0.37597656
 0.40649414
 0.44311523
 0.48645020
 0.53588867
 0.58654785
 0.63476563
 0.67565918
 0.70617676
 0.72631836
 0.72692871
 0.71228027
 0.68359375
 0.63842773
 0.57983398
 0.50720215
 0.42846680
 0.34484863
 0.26062012
 0.17181396
 0.08422852
 0.00152588
-0.07507324
-0.14465332
-0.20721436
-0.26153564
-0.31311035
-0.35705566
-0.38818359
-0.41809082
-0.44189453
-0.46447754
-0.48400879
-0.49865723
-0.50720215
-0.50964355
-0.50781250
-0.49865723
-0.48278809
-0.46386719
-0.44311523
-0.41870117
-0.39550781
-0.37353516
-0.35583496
-0.34118652
-0.33569336
-0.33752441
-0.35034180
-0.36987305
-0.40222168
-0.44494629
-0.49438477
-0.54260254
-0.58898926
-0.63232422
-0.66406250
-0.68847656
-0.70190430
-0.70434570
-0.70129395
-0.68847656
-0.67138672
-0.64636230
-0.62072754
-0.59631348
-0.57128906
-0.54870605
-0.52795410
-0.50659180
-0.48645020
-0.46386719
-0.44250488
-0.42114258
-0.40222168
-0.38208008
-0.36682129
-0.35156250
-0.33264160
-0.31280518
-0.29327393
-0.27709961
-0.26367188
-0.25573730
-0.25482178
-0.26214600
-0.27679443
-0.29510498
-0.31372070
-0.32836914
-0.33996582
-0.34484863
-0.34057617
-0.32775879
-0.30273438
-0.27374268
-0.23681641
-0.19287109
-0.14343262
-0.08941650
-0.03173828
 0.02838135
 0.09063721
 0.15380859
 0.21636963
 0.27709961
 0.32836914
 0.37414551
 0.41687012
 0.45349121
 0.48339844
 0.51025391
 0.53161621
 0.54931641
 0.55664063
 0.55786133
 0.54870605
 0.53039551
 0.50476074
 0.46691895
 0.42724609
 0.38208008
 0.33569336
 0.28625488
 0.23712158
 0.19104004
 0.15014648
 0.11566162
 0.08789063
 0.06683350
 0.05340576
 0.04821777
 0.05157471
 0.06378174
 0.08514404
 0.11535645
 0.15380859
 0.19958496
 0.25146484
 0.33813477
 0.39550781
 0.44433594
 0.49011230
 0.52612305
 0.55236816
 0.57312012
 0.58410645
 0.58593750
 0.57617188
 0.56030273
 0.53771973
 0.50842285
 0.47668457
 0.44067383
 0.40771484
 0.37536621
 0.34484863
 0.32104492
 0.30059814
 0.28320313
 0.27191162
 0.26580811
 0.26428223
 0.26672363
 0.27282715
 0.28259277
 0.29632568
 0.31738281
 0.34545898
 0.37719727
 0.41076660
 0.44921875
 0.49011230
 0.52307129
 0.55175781
 0.57067871
 0.57739258
 0.57128906
 0.55358887
 0.52612305
 0.48339844
 0.43029785
 0.37048340
 0.30487061
 0.24017334
 0.17639160
 0.11230469
 0.04913330
-0.01190186
-0.06988525
-0.12420654
-0.17456055
-0.22094727
-0.26306152
-0.29998779
-0.33691406
-0.36254883
-0.38452148
-0.39306641
-0.39550781
-0.39184570
-0.37719727
-0.35522461
-0.32653809
-0.30914307
-0.27648926
-0.24139404
-0.20629883
-0.17395020
-0.14739990
-0.12847900
-0.11871338
-0.12451172
-0.15228271
-0.20019531
-0.26184082
-0.33630371
-0.39428711
-0.45654297
-0.51757813
-0.57373047
-0.62683105
-0.67565918
-0.71716309
-0.74890137
-0.77209473
-0.78674316
-0.78918457
-0.78247070
-0.77209473
-0.75500488
-0.73242188
-0.70556641
-0.67504883
-0.63537598
-0.59082031
-0.54199219
-0.48706055
-0.42907715
-0.36926270
-0.33782959
-0.30761719
-0.25543213
-0.20599365
-0.16143799
-0.12176514
-0.08789063
-0.06317139
-0.04638672
-0.03692627
-0.03662109
-0.04455566
-0.05737305
-0.07019043
-0.07843018
-0.07965088
-0.07537842
-0.06591797
-0.05157471
-0.03295898
-0.01007080
 0.01617432
 0.04516602
 0.07659912
 0.11016846
 0.14526367
 0.18157959
 0.21850586
 0.25512695
 0.29022217
 0.32470703
 0.34790039
 0.37231445
 0.39184570
 0.40954590
 0.42541504
 0.43579102
 0.44128418
 0.44128418
 0.43518066
 0.42236328
 0.40161133
 0.37231445
 0.33813477
 0.29602051
 0.25207520
 0.20477295
 0.15563965
 0.10711670
 0.06103516
 0.01800537
-0.02075195
-0.05523682
-0.08575439
-0.11199951
-0.13458252
-0.15258789
