-0.00061035
-0.00030518
-0.00030518
-0.00030518
-0.00030518
 0.00000000
 0.00000000
-0.00030518
-0.00061035
-0.00030518
 0.00000000
 0.00030518
 0.00000000
 0.00000000
-0.00061035
-0.00061035
-0.00061035
 0.00000000
 0.00030518
 0.00000000
-0.00030518
-0.00030518
-0.00030518
-0.00030518
-0.00030518
-0.00030518
-0.00030518
-0.00030518
-0.00061035
-0.00061035
-0.00061035
-0.00061035
-0.00030518
-0.00030518
-0.00030518
-0.00030518
-0.00030518
 0.00000000
-0.00030518
-0.00030518
 0.00000000
-0.00030518
-0.00061035
-0.00061035
-0.00030518
 0.00000000
-0.00030518
-0.00061035
-0.00061035
-0.00030518
-0.00030518
-0.00061035
-0.00061035
-0.00030518
-0.00030518
-0.00030518
-0.00061035
-0.00030518
-0.00030518
-0.00030518
-0.00030518
-0.00030518
-0.00030518
-0.00061035
-0.00061035
-0.00061035
-0.00030518
 0.00030518
 0.00061035
 0.00030518
-0.00030518
-0.00030518
-0.00061035
-0.00061035
-0.00091553
-0.00030518
-0.00030518
-0.00061035
-0.00030518
-0.00061035
-0.00061035
-0.00030518
-0.00030518
-0.00061035
-0.00030518
-0.00030518
-0.00061035
-0.00061035
-0.00030518
 0.00000000
 0.00000000
 0.00000000
-0.00061035
-0.00091553
-0.00061035
 0.00000000
 0.00488281
 0.02716064
 0.07812500
 0.13946533
 0.15808105
 0.03845215
-0.21484375
-0.45867920
-0.54565430
-0.43792725
-0.16265869
 0.20141602
 0.56701660
 0.58380127
 0.24230957
 0.02349854
 0.08789063
 0.30883789
 0.46386719
 0.23803711
-0.10040283
-0.41412354
-0.59295654
-0.87280273
-1.20239258
-1.13616943
-0.62530518
-0.12207031
 0.34729004
 0.87402344
 1.32446289
 1.37084961
 0.76690674
-0.01068115
-0.70220947
-0.81176758
-0.68420410
-0.66741943
-0.68206787
-0.19256592
 0.48889160
 1.03973389
 1.29699707
 1.16149902
 0.55419922
-0.44250488
-1.07788086
-1.01928711
-0.51513672
 0.28167725
 0.99395752
 1.40991211
 1.19384766
 0.51788330
-0.19989014
-0.86059570
-1.06903076
-0.88836670
-0.62042236
-0.37261963
 0.10314941
 0.72143555
 1.08398438
 0.70526123
 0.10437012
 0.00701904
-0.07598877
-0.14984131
 0.06072998
 0.50140381
 0.75408936
 0.46081543
-0.02075195
-0.53985596
-1.01593018
-1.11633301
-0.64453125
-0.04699707
 0.25726318
 0.62744141
 0.75256348
 0.64758301
 0.51788330
 0.52185059
 0.33966064
-0.19500732
-0.54107666
-0.39703369
-0.09063721
-0.00793457
 0.02532959
 0.02838135
-0.09368896
-0.37841797
-0.50445557
-0.09613037
 0.39489746
 0.62164307
 0.07507324
-0.22888184
-0.03265381
 0.13000488
 0.15136719
 0.09002686
-0.07934570
-0.37841797
-0.57678223
-0.51483154
-0.19653320
 0.04394531
 0.09277344
 0.07080078
 0.07171631
 0.06500244
 0.04577637
 0.12115479
 0.27099609
 0.19226074
-0.16906738
-0.52886963
-0.56457520
-0.41961670
-0.30090332
-0.16845703
-0.03509521
 0.12420654
 0.33477783
 0.51330566
 0.49438477
 0.25817871
-0.00854492
-0.29449463
-0.53283691
-0.69793701
-0.67779541
-0.39978027
-0.09552002
 0.05279541
 0.10192871
 0.12084961
 0.13641357
 0.13641357
 0.14465332
 0.18249512
 0.14282227
-0.12634277
-0.41473389
-0.37689209
-0.13702393
-0.06835938
-0.13244629
-0.14404297
-0.02532959
 0.09857178
 0.11474609
 0.11383057
 0.18737793
 0.24963379
 0.15472412
 0.00122070
 0.03631592
 0.18402100
 0.31677246
 0.22644043
 0.08148193
-0.05371094
-0.15960693
-0.19134521
-0.13977051
-0.08453369
-0.10406494
-0.16326904
-0.16326904
-0.05859375
 0.10070801
 0.28503418
 0.40039063
 0.37811279
 0.30975342
 0.13488770
-0.02655029
-0.10803223
-0.19500732
-0.32836914
-0.44830322
-0.46630859
-0.34271240
-0.12695313
 0.18737793
 0.53375244
 0.65246582
 0.53588867
 0.36926270
 0.19866943
-0.05371094
-0.25665283
-0.37536621
-0.39184570
-0.34576416
-0.26123047
-0.08758545
 0.10894775
 0.27709961
 0.36651611
 0.39093018
 0.40130615
 0.33782959
 0.19226074
 0.05828857
-0.00457764
-0.07873535
-0.18798828
-0.25573730
-0.26214600
-0.24810791
-0.20355225
-0.09338379
 0.06103516
 0.17089844
 0.20385742
 0.20446777
 0.21118164
 0.20874023
 0.11535645
-0.05401611
-0.16815186
-0.20050049
-0.19500732
-0.15167236
-0.06835938
 0.02471924
 0.08911133
 0.10772705
 0.08605957
 0.04058838
 0.00854492
-0.01586914
-0.04455566
-0.05950928
-0.06744385
-0.08789063
-0.10375977
-0.08483887
-0.04364014
-0.00427246
 0.02014160
 0.01708984
-0.00457764
 0.00366211
 0.04882813
 0.08819580
 0.08819580
 0.04699707
 0.02380371
 0.04028320
 0.05950928
 0.05218506
 0.00366211
-0.06835938
-0.14312744
-0.18737793
-0.15960693
-0.05767822
 0.06622314
 0.14526367
 0.16784668
 0.15441895
 0.11016846
 0.05371094
 0.00640869
-0.02349854
-0.05371094
-0.11383057
-0.18737793
-0.21789551
-0.20416260
-0.17364502
-0.13183594
-0.07141113
 0.00152588
 0.06408691
 0.10681152
 0.12390137
 0.09857178
 0.03479004
-0.02655029
-0.04852295
-0.03906250
-0.02593994
-0.03021240
-0.03997803
-0.01800537
 0.03479004
 0.10040283
 0.17211914
 0.24169922
 0.29144287
 0.28869629
 0.20507813
 0.08758545
-0.00457764
-0.06286621
-0.10314941
-0.12908936
-0.14587402
-0.15014648
-0.13244629
-0.09002686
-0.02838135
 0.04333496
 0.11474609
 0.17547607
 0.21484375
 0.20416260
 0.12298584
-0.00122070
-0.12603760
-0.22094727
-0.27099609
-0.28350830
-0.27404785
-0.24200439
-0.18005371
-0.08758545
 0.01831055
 0.11962891
 0.20172119
 0.25085449
 0.25054932
 0.17944336
 0.08514404
 0.01586914
-0.04241943
-0.11047363
-0.17608643
-0.21820068
-0.22430420
-0.18615723
-0.10223389
 0.01037598
 0.11627197
 0.19378662
 0.23956299
 0.25482178
 0.23559570
 0.19592285
 0.15045166
 0.09521484
 0.02685547
-0.05218506
-0.12969971
-0.18218994
-0.19226074
-0.16723633
-0.12084961
-0.06256104
 0.00701904
 0.08850098
 0.17364502
 0.24658203
 0.29785156
 0.30914307
 0.25451660
 0.15869141
 0.06591797
-0.01617432
-0.09643555
-0.16693115
-0.21484375
-0.23223877
-0.21789551
-0.17669678
-0.11749268
-0.04974365
 0.01983643
 0.08789063
 0.15136719
 0.20355225
 0.22552490
 0.17822266
 0.06256104
-0.07781982
-0.20568848
-0.31555176
-0.38513184
-0.39703369
-0.35797119
-0.29632568
-0.20812988
-0.10620117
-0.00579834
 0.08972168
 0.16998291
 0.23803711
 0.29113770
 0.30883789
 0.25970459
 0.15563965
 0.03570557
-0.08178711
-0.18554688
-0.25360107
-0.27587891
-0.25787354
-0.20568848
-0.12634277
-0.02868652
 0.07598877
 0.17181396
 0.23712158
 0.26947021
 0.25054932
 0.17578125
 0.07843018
-0.01647949
-0.11199951
-0.19958496
-0.26123047
-0.28686523
-0.27618408
-0.23132324
-0.15380859
-0.05065918
 0.06439209
 0.17425537
 0.26214600
 0.31280518
 0.32043457
 0.26306152
 0.16052246
 0.05004883
-0.05676270
-0.15991211
-0.24566650
-0.30883789
-0.33996582
-0.33447266
-0.29052734
-0.20416260
-0.08178711
 0.05859375
 0.19226074
 0.29907227
 0.33325195
 0.33752441
 0.26580811
 0.14312744
 0.03112793
-0.06408691
-0.15319824
-0.22705078
-0.27893066
-0.30395508
-0.29418945
-0.24597168
-0.15899658
-0.04058838
 0.08911133
 0.21026611
 0.30303955
 0.33020020
 0.34271240
 0.27832031
 0.16662598
 0.06286621
-0.02746582
-0.10559082
-0.15502930
-0.16815186
-0.14709473
-0.09307861
-0.01190186
 0.08026123
 0.16479492
 0.22735596
 0.26123047
 0.25207520
 0.20263672
 0.14739990
 0.10101318
 0.04913330
-0.01098633
-0.06835938
-0.11322021
-0.13854980
-0.13946533
-0.11413574
-0.06774902
-0.00762939
 0.05645752
 0.11322021
 0.15319824
 0.16235352
 0.13854980
 0.11169434
 0.09826660
 0.08575439
 0.06011963
 0.01770020
-0.03234863
-0.07781982
-0.10864258
-0.11779785
-0.10375977
-0.07141113
-0.02868652
 0.01770020
 0.06011963
 0.08636475
 0.07751465
 0.03479004
-0.01800537
-0.06988525
-0.12329102
-0.17303467
-0.20996094
-0.22857666
-0.22735596
-0.20568848
-0.16571045
-0.11291504
-0.05462646
 0.00000000
 0.04302979
 0.06225586
 0.04913330
 0.02105713
-0.00244141
-0.02502441
-0.05493164
-0.08880615
-0.11657715
-0.12786865
-0.11749268
-0.08819580
-0.04333496
 0.01190186
 0.07141113
 0.12908936
 0.17852783
 0.20965576
 0.20507813
 0.16418457
 0.10772705
 0.05157471
-0.00183105
-0.04486084
-0.06774902
-0.06347656
-0.03540039
 0.01159668
 0.07263184
 0.13946533
 0.20111084
 0.24871826
 0.27008057
 0.25146484
 0.20751953
 0.15808105
 0.09735107
 0.01647949
-0.07385254
-0.15655518
-0.22125244
-0.25787354
-0.26214600
-0.23468018
-0.17944336
-0.10345459
-0.01678467
 0.06622314
 0.12878418
 0.16876221
 0.17517090
 0.14099121
 0.08911133
 0.03692627
-0.01983643
-0.08026123
-0.13214111
-0.16296387
-0.16723633
-0.14373779
-0.09582520
-0.02777100
 0.05584717
 0.14526367
 0.22583008
 0.28656006
 0.32287598
 0.31005859
 0.24444580
 0.16052246
 0.08361816
 0.01098633
-0.05126953
-0.09277344
-0.11108398
-0.10803223
-0.08697510
-0.05187988
-0.00762939
 0.04272461
 0.09429932
 0.14007568
 0.16784668
 0.15869141
 0.11108398
 0.04119873
-0.03845215
-0.12268066
-0.19927979
-0.25329590
-0.27770996
-0.27313232
-0.24383545
-0.19683838
-0.13824463
-0.07659912
-0.02136230
 0.02075195
 0.03723145
 0.01464844
-0.03295898
-0.08361816
-0.13641357
-0.19439697
-0.24963379
-0.29022217
-0.30883789
-0.29907227
-0.26428223
-0.20690918
-0.13214111
-0.05096436
 0.02319336
 0.07965088
 0.11413574
 0.11016846
 0.06774902
 0.01708984
-0.02288818
-0.05554199
-0.07751465
-0.08361816
-0.07324219
-0.04974365
-0.01708984
 0.02349854
 0.06927490
 0.11871338
 0.16754150
 0.20874023
 0.23010254
 0.21911621
 0.18157959
 0.13397217
 0.08605957
 0.04150391
 0.00579834
-0.01586914
-0.02075195
-0.00946045
 0.01495361
 0.04913330
 0.08758545
 0.12268066
 0.14526367
 0.14862061
 0.13671875
 0.11840820
 0.09613037
 0.06683350
 0.03143311
-0.00579834
-0.03601074
-0.05310059
-0.05401611
-0.04089355
-0.01617432
 0.01556396
 0.05065918
 0.08514404
 0.11505127
 0.13397217
 0.13702393
 0.12145996
 0.09094238
 0.05340576
 0.01556396
-0.01678467
-0.04089355
-0.05584717
-0.06134033
-0.05615234
-0.03875732
-0.01007080
 0.02655029
 0.06561279
 0.09918213
 0.11566162
 0.10772705
 0.08087158
 0.04791260
 0.01434326
-0.01770020
-0.04272461
-0.05493164
-0.05340576
-0.03875732
-0.01434326
 0.01403809
 0.04180908
 0.06561279
 0.08483887
 0.10070801
 0.11199951
 0.11535645
 0.10528564
 0.07934570
 0.04150391
-0.00213623
-0.04516602
-0.08270264
-0.10742188
-0.11413574
-0.10131836
-0.07049561
-0.02777100
 0.01953125
 0.06195068
 0.08728027
 0.07965088
 0.04302979
-0.00091553
-0.04241943
-0.08300781
-0.12054443
-0.14831543
-0.16235352
-0.16418457
-0.15777588
-0.14739990
-0.13336182
-0.11688232
-0.09582520
-0.07049561
-0.04608154
-0.03082275
-0.03326416
-0.05493164
-0.08789063
-0.12390137
-0.15747070
-0.18280029
-0.19500732
-0.18981934
-0.16784668
-0.13122559
-0.08544922
-0.03723145
 0.00579834
 0.03112793
 0.02532959
-0.00244141
-0.02838135
-0.04547119
-0.05615234
-0.06134033
-0.06011963
-0.05401611
-0.04394531
-0.03204346
-0.02166748
-0.01281738
-0.00396729
 0.00885010
 0.02746582
 0.04760742
 0.06408691
 0.07049561
 0.06103516
 0.03875732
 0.01342773
-0.00762939
-0.02075195
-0.02349854
-0.01678467
-0.00183105
 0.01983643
 0.04669189
 0.07568359
 0.10284424
 0.12207031
 0.12939453
 0.12573242
 0.11505127
 0.09948730
 0.08056641
 0.05798340
 0.03173828
 0.00518799
-0.01678467
-0.02990723
-0.03326416
-0.02655029
-0.01251221
 0.00701904
 0.02929688
 0.05310059
 0.07507324
 0.08972168
 0.09063721
 0.07537842
 0.04730225
 0.01434326
-0.01739502
-0.04425049
-0.06408691
-0.07446289
-0.07354736
-0.06134033
-0.03906250
-0.00915527
 0.02349854
 0.05187988
 0.07049561
 0.07537842
 0.07141113
 0.06500244
 0.05767822
 0.04669189
 0.02990723
 0.00946045
-0.00946045
-0.02258301
-0.02777100
-0.02471924
-0.01373291
 0.00427246
 0.02746582
 0.05462646
 0.08300781
 0.10742188
 0.11993408
 0.11535645
 0.09521484
 0.06805420
 0.04028320
 0.01525879
-0.00427246
-0.01647949
-0.01983643
-0.01495361
-0.00335693
 0.01251221
 0.03021240
 0.04638672
 0.05920410
 0.06896973
 0.07446289
 0.07415771
 0.06530762
 0.04608154
 0.01708984
-0.01770020
-0.05218506
-0.07965088
-0.09643555
-0.10162354
-0.09552002
-0.07904053
-0.05523682
-0.02807617
-0.00335693
 0.01342773
 0.01647949
 0.00671387
-0.01068115
-0.03051758
-0.05096436
-0.07049561
-0.08758545
-0.10192871
-0.11138916
-0.11352539
-0.10528564
-0.08636475
-0.05706787
-0.02075195
 0.01892090
 0.05767822
 0.08880615
 0.10467529
 0.10040283
 0.07934570
 0.04943848
 0.01647949
-0.01434326
-0.03753662
-0.04821777
-0.04455566
-0.02807617
 0.00030518
 0.03692627
 0.07720947
 0.11535645
 0.14495850
 0.15808105
 0.15228271
 0.13244629
 0.10406494
 0.06958008
 0.03051758
-0.00885010
-0.04241943
-0.06622314
-0.07751465
-0.07629395
-0.06225586
-0.03875732
-0.01129150
 0.01403809
 0.03021240
 0.03265381
 0.02136230
 0.00122070
-0.02532959
-0.05706787
-0.08972168
-0.11810303
-0.13763428
-0.14404297
-0.13610840
-0.11413574
-0.08178711
-0.04394531
-0.00488281
 0.02929688
 0.05126953
 0.05676270
 0.04913330
 0.03479004
 0.01708984
-0.00396729
-0.02655029
-0.04791260
-0.06561279
-0.07720947
-0.08087158
-0.07598877
-0.06164551
-0.03875732
-0.01037598
 0.01892090
 0.04364014
 0.05737305
 0.05737305
 0.04455566
 0.02349854
-0.00152588
-0.02655029
-0.04882813
-0.06317139
-0.06774902
-0.06134033
-0.04516602
-0.02075195
 0.00915527
 0.03997803
 0.06713867
 0.08575439
 0.09185791
 0.08728027
 0.07446289
 0.05493164
 0.02990723
 0.00183105
-0.02593994
-0.04943848
-0.06561279
-0.07263184
-0.06866455
-0.05432129
-0.03265381
-0.00640869
 0.01953125
 0.04089355
 0.05340576
 0.05645752
 0.05218506
 0.04241943
 0.02838135
 0.01129150
-0.00671387
-0.02197266
-0.03204346
-0.03509521
-0.03051758
-0.01892090
-0.00305176
 0.01586914
 0.03540039
 0.05279541
 0.06622314
 0.07324219
 0.07232666
 0.06286621
 0.04638672
 0.02471924
 0.00274658
-0.01495361
-0.02685547
-0.03173828
-0.02899170
-0.02075195
-0.00976563
 0.00152588
 0.01159668
 0.01983643
 0.02624512
 0.03082275
 0.03326416
 0.03143311
 0.02441406
 0.01281738
-0.00122070
-0.01525879
-0.02563477
-0.02960205
-0.02563477
-0.01556396
 0.00030518
 0.01983643
 0.03997803
 0.05828857
 0.07110596
 0.07781982
 0.07873535
 0.07598877
 0.07141113
 0.06591797
 0.05950928
 0.05340576
 0.04821777
 0.04425049
 0.04028320
 0.03570557
 0.03051758
 0.02593994
 0.02380371
 0.02502441
 0.02899170
 0.03204346
 0.03021240
 0.02044678
 0.00305176
-0.01983643
-0.04211426
-0.06225586
-0.07720947
-0.08728027
-0.09307861
-0.09552002
-0.09552002
-0.09307861
-0.08850098
-0.08117676
-0.07232666
-0.06286621
-0.05432129
-0.04821777
-0.04455566
-0.04455566
-0.04669189
-0.05035400
-0.05401611
-0.05523682
-0.05401611
-0.05065918
-0.04577637
-0.04058838
-0.03601074
-0.03112793
-0.02532959
-0.01922607
-0.01403809
-0.01098633
-0.00976563
-0.01007080
-0.00976563
-0.00671387
-0.00122070
 0.00579834
 0.01281738
 0.01892090
 0.02441406
 0.03051758
 0.03784180
 0.04669189
 0.05523682
 0.06164551
 0.06500244
 0.06469727
 0.06195068
 0.05737305
 0.05096436
 0.04302979
 0.03509521
 0.02746582
 0.02075195
 0.01495361
 0.00976563
 0.00640869
 0.00579834
 0.00762939
 0.01159668
 0.01586914
 0.01739502
 0.01525879
 0.00976563
 0.00213623
-0.00610352
-0.01525879
-0.02502441
-0.03662109
-0.04913330
-0.06042480
-0.06805420
-0.06927490
-0.06500244
-0.05584717
-0.04425049
-0.03265381
-0.02319336
-0.01678467
-0.01403809
-0.01342773
-0.01495361
-0.01647949
-0.01861572
-0.01983643
-0.02197266
-0.02319336
-0.02410889
-0.02410889
-0.02319336
-0.02014160
-0.01464844
-0.00671387
 0.00244141
 0.01251221
 0.02349854
 0.03356934
 0.04089355
 0.04516602
 0.04486084
 0.04119873
 0.03570557
 0.03021240
 0.02655029
 0.02441406
 0.02502441
 0.02746582
 0.02990723
 0.03082275
 0.03051758
 0.02838135
 0.02624512
 0.02441406
 0.02288818
 0.01983643
 0.01434326
 0.00579834
-0.00549316
-0.01770020
-0.02807617
-0.03509521
-0.03875732
-0.03997803
-0.04089355
-0.04150391
-0.04211426
-0.04119873
-0.03875732
-0.03570557
-0.03417969
-0.03479004
-0.03845215
-0.04364014
-0.04913330
-0.05310059
-0.05462646
-0.05432129
-0.05187988
-0.04699707
-0.03967285
-0.02990723
-0.01861572
-0.00518799
 0.00762939
 0.01892090
 0.02868652
 0.03601074
 0.04028320
 0.04180908
 0.04241943
 0.04150391
 0.03906250
 0.03570557
 0.03234863
 0.02929688
 0.02746582
 0.02807617
 0.03326416
 0.04302979
 0.05584717
 0.07019043
 0.08117676
 0.08544922
 0.08178711
 0.07263184
 0.06103516
 0.05035400
 0.04180908
 0.03540039
 0.02990723
 0.02563477
 0.02227783
 0.02105713
 0.02227783
 0.02593994
 0.02990723
 0.03265381
 0.03265381
 0.03021240
 0.02563477
 0.01922607
 0.01159668
 0.00122070
-0.01220703
-0.02716064
-0.04119873
-0.05187988
-0.05889893
-0.06103516
-0.05950928
-0.05462646
-0.04760742
-0.03967285
-0.03326416
-0.03143311
-0.03448486
-0.04028320
-0.04638672
-0.05096436
-0.05310059
-0.05371094
-0.05523682
-0.05737305
-0.05981445
-0.05981445
-0.05523682
-0.04638672
-0.03509521
-0.02319336
-0.01434326
-0.00885010
-0.00701904
-0.00671387
-0.00701904
-0.00823975
-0.01129150
-0.01556396
-0.01953125
-0.02105713
-0.01861572
-0.01342773
-0.00579834
 0.00366211
 0.01434326
 0.02532959
 0.03631592
 0.04455566
 0.04913330
 0.05004883
 0.04882813
 0.04730225
 0.04547119
 0.04455566
 0.04302979
 0.04211426
 0.04241943
 0.04486084
 0.05004883
 0.05737305
 0.06561279
 0.07293701
 0.07659912
 0.07629395
 0.07263184
 0.06652832
 0.05859375
 0.05035400
 0.04150391
 0.03265381
 0.02349854
 0.01403809
 0.00488281
-0.00244141
-0.00671387
-0.00671387
-0.00396729
 0.00030518
 0.00396729
 0.00488281
 0.00213623
-0.00274658
-0.00823975
-0.01312256
-0.01770020
-0.02136230
-0.02441406
-0.02563477
-0.02410889
-0.01922607
-0.01220703
-0.00457764
 0.00244141
 0.00793457
 0.01190186
 0.01525879
 0.01800537
 0.02014160
 0.02197266
 0.02288818
 0.02319336
 0.02380371
 0.02502441
 0.02624512
 0.02685547
 0.02746582
 0.02899170
 0.03204346
 0.03662109
 0.04241943
 0.04730225
 0.04791260
 0.04455566
 0.03845215
 0.03173828
 0.02624512
 0.02227783
 0.01770020
 0.01220703
 0.00549316
-0.00183105
-0.00793457
-0.01190186
-0.01373291
-0.01403809
-0.01403809
-0.01556396
-0.01983643
-0.02532959
-0.03143311
-0.03814697
-0.04486084
-0.05126953
-0.05615234
-0.05950928
-0.06225586
-0.06439209
-0.06652832
-0.06927490
-0.07171631
-0.07263184
-0.07293701
-0.07324219
-0.07354736
-0.07415771
-0.07537842
-0.07720947
-0.07812500
-0.07720947
-0.07476807
-0.07171631
-0.06835938
-0.06347656
-0.05645752
-0.04821777
-0.03997803
-0.03326416
-0.02868652
-0.02593994
-0.02532959
-0.02532959
-0.02563477
-0.02502441
-0.02258301
-0.01861572
-0.01281738
-0.00640869
-0.00122070
 0.00274658
 0.00671387
 0.01129150
 0.01647949
 0.02197266
 0.02563477
 0.02563477
 0.02319336
 0.01983643
 0.01617432
 0.01312256
 0.01129150
 0.01007080
 0.00854492
 0.00671387
 0.00579834
 0.00610352
 0.00885010
 0.01342773
 0.01831055
 0.02227783
 0.02410889
 0.02380371
 0.02166748
 0.01739502
 0.01159668
 0.00579834
 0.00183105
-0.00122070
-0.00305176
-0.00396729
-0.00457764
-0.00396729
-0.00183105
 0.00152588
 0.00549316
 0.01007080
 0.01281738
 0.01312256
 0.01159668
 0.00915527
 0.00671387
 0.00396729
 0.00030518
-0.00427246
-0.00793457
-0.00976563
-0.00976563
-0.00671387
-0.00091553
 0.00701904
 0.01586914
 0.02410889
 0.03112793
 0.03570557
 0.03875732
 0.03997803
 0.03906250
 0.03692627
 0.03417969
 0.03173828
 0.02960205
 0.02716064
 0.02471924
 0.02471924
 0.02746582
 0.03326416
 0.04028320
 0.04577637
 0.04791260
 0.04638672
 0.04241943
 0.03784180
 0.03326416
 0.02899170
 0.02349854
 0.01708984
 0.00946045
 0.00274658
-0.00213623
-0.00457764
-0.00366211
-0.00030518
 0.00488281
 0.01129150
 0.01739502
 0.02166748
 0.02288818
 0.02105713
 0.01708984
 0.01159668
 0.00396729
-0.00518799
-0.01434326
-0.02288818
-0.02990723
-0.03295898
-0.03234863
-0.02868652
-0.02319336
-0.01678467
-0.01159668
-0.00671387
-0.00274658
 0.00091553
 0.00427246
 0.00640869
 0.00640869
 0.00396729
-0.00152588
-0.00915527
-0.01617432
-0.02166748
-0.02349854
-0.02075195
-0.01525879
-0.00793457
-0.00030518
 0.00579834
 0.01007080
 0.01159668
 0.01068115
 0.00823975
 0.00427246
-0.00061035
-0.00701904
-0.01312256
-0.01831055
-0.02105713
-0.02197266
-0.02105713
-0.01892090
-0.01556396
-0.01220703
-0.00854492
-0.00366211
 0.00122070
 0.00549316
 0.00762939
 0.00732422
 0.00488281
 0.00183105
-0.00183105
-0.00457764
-0.00610352
-0.00549316
-0.00305176
 0.00061035
 0.00427246
 0.00793457
 0.01068115
 0.01281738
 0.01403809
 0.01342773
 0.01129150
 0.00793457
 0.00305176
-0.00305176
-0.00854492
-0.01251221
-0.01525879
-0.01586914
-0.01464844
-0.01220703
-0.00885010
-0.00579834
-0.00396729
-0.00305176
-0.00305176
-0.00335693
-0.00427246
-0.00579834
-0.00885010
-0.01281738
-0.01800537
-0.02319336
-0.02655029
-0.02807617
-0.02746582
-0.02532959
-0.02258301
-0.01922607
-0.01495361
-0.00946045
-0.00274658
 0.00396729
 0.00915527
 0.01159668
 0.01159668
 0.00976563
 0.00732422
 0.00457764
 0.00244141
 0.00030518
-0.00061035
 0.00000000
 0.00183105
 0.00488281
 0.00915527
 0.01373291
 0.01892090
 0.02441406
 0.02899170
 0.03173828
 0.03143311
 0.02807617
 0.02258301
 0.01495361
 0.00732422
 0.00000000
-0.00579834
-0.01007080
-0.01220703
-0.01342773
-0.01342773
-0.01098633
-0.00701904
-0.00091553
 0.00457764
 0.00823975
 0.00885010
 0.00701904
 0.00366211
-0.00061035
-0.00579834
-0.01129150
-0.01708984
-0.02258301
-0.02624512
-0.02746582
-0.02563477
-0.02166748
-0.01556396
-0.00793457
 0.00030518
 0.00762939
 0.01312256
 0.01586914
 0.01647949
 0.01403809
 0.00946045
 0.00274658
-0.00457764
-0.01068115
-0.01434326
-0.01525879
-0.01251221
-0.00610352
 0.00274658
 0.01281738
 0.02227783
 0.02990723
 0.03601074
 0.03967285
 0.04119873
 0.04028320
 0.03662109
 0.02960205
 0.02136230
 0.01281738
 0.00610352
 0.00183105
 0.00030518
 0.00152588
 0.00518799
 0.01037598
 0.01647949
 0.02166748
 0.02593994
 0.02838135
 0.02868652
 0.02593994
 0.02014160
 0.01159668
 0.00213623
-0.00762939
-0.01617432
-0.02166748
-0.02227783
-0.01861572
-0.01129150
-0.00213623
 0.00732422
 0.01586914
 0.02258301
 0.02624512
 0.02685547
 0.02441406
 0.01861572
 0.00946045
-0.00091553
-0.01007080
-0.01678467
-0.01983643
-0.01922607
-0.01647949
-0.01190186
-0.00671387
-0.00122070
 0.00396729
 0.00823975
 0.00976563
 0.00762939
 0.00244141
-0.00488281
-0.01342773
-0.02227783
-0.02990723
-0.03570557
-0.03845215
-0.03753662
-0.03326416
-0.02624512
-0.01861572
-0.01220703
-0.00671387
-0.00213623
 0.00122070
 0.00335693
 0.00366211
 0.00030518
-0.00762939
-0.01708984
-0.02441406
-0.02838135
-0.03021240
-0.03021240
-0.02929688
-0.02716064
-0.02288818
-0.01708984
-0.00976563
-0.00183105
 0.00457764
 0.00671387
 0.00457764
-0.00091553
-0.00915527
-0.01800537
-0.02685547
-0.03356934
-0.03723145
-0.03692627
-0.03387451
-0.02868652
-0.02197266
-0.01403809
-0.00610352
 0.00183105
 0.00915527
 0.01495361
 0.01708984
 0.01464844
 0.00854492
 0.00030518
-0.00762939
-0.01403809
-0.01831055
-0.02075195
-0.02105713
-0.02014160
-0.01831055
-0.01556396
-0.01220703
-0.00823975
-0.00427246
-0.00213623
-0.00244141
-0.00488281
-0.00946045
-0.01586914
-0.02227783
-0.02777100
-0.03234863
-0.03479004
-0.03509521
-0.03326416
-0.02838135
-0.02136230
-0.01281738
-0.00305176
 0.00579834
 0.01251221
 0.01617432
 0.01708984
 0.01556396
 0.01190186
 0.00762939
 0.00335693
 0.00000000
-0.00213623
-0.00244141
-0.00061035
 0.00305176
 0.00885010
 0.01647949
 0.02502441
 0.03295898
 0.03875732
 0.04089355
 0.03997803
 0.03662109
 0.03234863
 0.02838135
 0.02502441
 0.02227783
 0.02136230
 0.02227783
 0.02471924
 0.02838135
 0.03326416
 0.03845215
 0.04364014
 0.04852295
 0.05279541
 0.05523682
 0.05493164
 0.05065918
 0.04241943
 0.03234863
 0.02227783
 0.01373291
 0.00823975
 0.00518799
 0.00366211
 0.00335693
 0.00549316
 0.00915527
 0.01373291
 0.01770020
 0.02044678
 0.02136230
 0.02014160
 0.01739502
 0.01342773
 0.00854492
 0.00335693
-0.00122070
-0.00549316
-0.00793457
-0.00762939
-0.00488281
-0.00030518
 0.00549316
 0.01159668
 0.01678467
 0.02044678
 0.02258301
 0.02258301
 0.02105713
 0.01708984
 0.01068115
 0.00274658
-0.00488281
-0.01129150
-0.01525879
-0.01708984
-0.01708984
-0.01647949
-0.01434326
-0.01068115
-0.00671387
-0.00335693
-0.00274658
-0.00427246
-0.00732422
-0.01098633
-0.01464844
-0.01892090
-0.02349854
-0.02868652
-0.03295898
-0.03479004
-0.03356934
-0.02990723
-0.02502441
-0.01922607
-0.01373291
-0.00885010
-0.00579834
-0.00549316
-0.00762939
-0.01190186
-0.01739502
-0.02288818
-0.02807617
-0.03143311
-0.03295898
-0.03204346
-0.02868652
-0.02380371
-0.01739502
-0.01007080
-0.00213623
 0.00549316
 0.01098633
 0.01464844
 0.01647949
 0.01647949
 0.01525879
 0.01159668
 0.00732422
 0.00305176
 0.00061035
 0.00061035
 0.00366211
 0.00854492
 0.01403809
 0.02075195
 0.02777100
 0.03448486
 0.03936768
 0.04211426
 0.04180908
 0.03753662
 0.03051758
 0.02197266
 0.01312256
 0.00549316
 0.00000000
-0.00244141
-0.00213623
 0.00000000
 0.00396729
 0.00946045
 0.01495361
 0.01953125
 0.02288818
 0.02471924
 0.02502441
 0.02349854
 0.01922607
 0.01312256
 0.00488281
-0.00305176
-0.00915527
-0.01220703
-0.01190186
-0.00854492
-0.00366211
 0.00183105
 0.00793457
 0.01251221
 0.01586914
 0.01739502
 0.01647949
 0.01312256
 0.00793457
 0.00152588
-0.00488281
-0.01068115
-0.01525879
-0.01892090
-0.02105713
-0.02197266
-0.02166748
-0.01953125
-0.01495361
-0.00946045
-0.00366211
 0.00030518
 0.00122070
-0.00122070
-0.00732422
-0.01556396
-0.02471924
-0.03295898
-0.03906250
-0.04241943
-0.04333496
-0.04211426
-0.03967285
-0.03631592
-0.03265381
-0.02807617
-0.02288818
-0.01708984
-0.01281738
-0.01098633
-0.01312256
-0.01922607
-0.02716064
-0.03448486
-0.04058838
-0.04364014
-0.04425049
-0.04211426
-0.03906250
-0.03417969
-0.02838135
-0.02227783
-0.01586914
-0.01007080
-0.00518799
-0.00244141
-0.00122070
-0.00183105
-0.00427246
-0.00762939
-0.01068115
-0.01312256
-0.01434326
-0.01373291
-0.01190186
-0.00823975
-0.00335693
 0.00305176
 0.01007080
 0.01617432
 0.02044678
 0.02258301
 0.02258301
 0.02014160
 0.01586914
 0.01129150
 0.00640869
 0.00213623
-0.00122070
-0.00274658
-0.00244141
-0.00091553
 0.00183105
 0.00610352
 0.01098633
 0.01525879
 0.01831055
 0.01831055
 0.01586914
 0.01251221
 0.00946045
 0.00610352
 0.00335693
 0.00061035
-0.00183105
-0.00457764
-0.00671387
-0.00701904
-0.00488281
 0.00000000
 0.00579834
 0.01159668
 0.01647949
 0.01953125
 0.02044678
 0.01922607
 0.01586914
 0.01190186
 0.00762939
 0.00396729
 0.00213623
 0.00183105
 0.00305176
 0.00457764
 0.00579834
 0.00762939
 0.01098633
 0.01495361
 0.01953125
 0.02410889
 0.02685547
 0.02746582
 0.02624512
 0.02319336
 0.01892090
 0.01342773
 0.00762939
 0.00213623
-0.00183105
-0.00366211
-0.00274658
 0.00000000
 0.00396729
 0.00640869
 0.00701904
 0.00701904
 0.00671387
 0.00610352
 0.00549316
 0.00274658
-0.00122070
-0.00640869
-0.01129150
-0.01495361
-0.01739502
-0.01892090
-0.01953125
-0.01922607
-0.01800537
-0.01495361
-0.01068115
-0.00610352
-0.00274658
-0.00122070
-0.00213623
-0.00427246
-0.00732422
-0.01068115
-0.01403809
-0.01739502
-0.01922607
-0.01953125
-0.01770020
-0.01403809
-0.00915527
-0.00335693
 0.00244141
 0.00854492
 0.01373291
 0.01678467
 0.01739502
 0.01617432
 0.01434326
 0.01068115
 0.00701904
 0.00335693
 0.00091553
 0.00061035
 0.00183105
 0.00457764
 0.00823975
 0.01281738
 0.01708984
 0.02136230
 0.02410889
 0.02624512
 0.02624512
 0.02441406
 0.02136230
 0.01739502
 0.01251221
 0.00762939
 0.00305176
-0.00030518
-0.00274658
-0.00457764
-0.00457764
-0.00244141
 0.00122070
 0.00579834
 0.00946045
 0.01129150
 0.01159668
 0.01068115
 0.00854492
 0.00518799
 0.00152588
-0.00244141
-0.00610352
-0.00915527
-0.01068115
-0.01068115
-0.00915527
-0.00671387
-0.00427246
-0.00152588
 0.00152588
 0.00427246
 0.00579834
 0.00610352
 0.00488281
 0.00274658
 0.00000000
-0.00274658
-0.00549316
-0.00793457
-0.00915527
-0.00946045
-0.00854492
-0.00671387
-0.00457764
-0.00274658
-0.00152588
-0.00091553
-0.00061035
-0.00061035
-0.00091553
-0.00061035
-0.00091553
-0.00213623
-0.00427246
-0.00701904
-0.00915527
-0.01037598
-0.01037598
-0.00854492
-0.00549316
-0.00244141
 0.00000000
 0.00213623
 0.00396729
 0.00488281
 0.00488281
 0.00427246
 0.00244141
-0.00030518
-0.00335693
-0.00732422
-0.01068115
-0.01312256
-0.01373291
-0.01281738
-0.01037598
-0.00701904
-0.00366211
 0.00030518
 0.00366211
 0.00640869
 0.00762939
 0.00762939
 0.00671387
 0.00488281
 0.00213623
-0.00152588
-0.00488281
-0.00793457
-0.01007080
-0.01037598
-0.00885010
-0.00610352
-0.00213623
 0.00183105
 0.00488281
 0.00701904
 0.00762939
 0.00640869
 0.00427246
 0.00122070
-0.00183105
-0.00518799
-0.00823975
-0.01129150
-0.01281738
-0.01312256
-0.01281738
-0.01068115
-0.00701904
-0.00183105
 0.00396729
 0.00946045
 0.01403809
 0.01708984
 0.01861572
 0.01800537
 0.01525879
 0.01129150
 0.00671387
 0.00244141
-0.00030518
-0.00061035
 0.00061035
 0.00366211
 0.00732422
 0.01129150
 0.01525879
 0.01922607
 0.02288818
 0.02563477
 0.02593994
 0.02410889
 0.01983643
 0.01342773
 0.00610352
-0.00091553
-0.00701904
-0.01098633
-0.01251221
-0.01159668
-0.00854492
-0.00427246
 0.00030518
 0.00427246
 0.00701904
 0.00854492
 0.00854492
 0.00701904
 0.00396729
-0.00030518
-0.00488281
-0.00885010
-0.01190186
-0.01373291
-0.01403809
-0.01312256
-0.01159668
-0.00946045
-0.00640869
-0.00335693
 0.00030518
 0.00244141
 0.00305176
 0.00213623
 0.00030518
-0.00244141
-0.00579834
-0.00885010
-0.01190186
-0.01464844
-0.01556396
-0.01495361
-0.01251221
-0.00854492
-0.00396729
 0.00000000
 0.00396729
 0.00762939
 0.01037598
 0.01129150
 0.01068115
 0.00885010
 0.00579834
 0.00244141
-0.00030518
-0.00213623
-0.00305176
-0.00274658
-0.00122070
 0.00122070
 0.00366211
 0.00671387
 0.00915527
 0.01068115
 0.01068115
 0.00885010
 0.00579834
 0.00244141
-0.00061035
-0.00396729
-0.00701904
-0.00946045
-0.01098633
-0.01159668
-0.01037598
-0.00854492
-0.00579834
-0.00274658
 0.00000000
 0.00244141
 0.00366211
 0.00366211
 0.00274658
 0.00152588
-0.00030518
-0.00274658
-0.00427246
-0.00518799
-0.00518799
-0.00427246
-0.00274658
-0.00061035
 0.00122070
 0.00305176
 0.00488281
 0.00701904
 0.00854492
 0.00915527
 0.00915527
 0.00793457
 0.00579834
 0.00335693
 0.00122070
-0.00091553
-0.00244141
-0.00366211
-0.00396729
-0.00305176
-0.00152588
 0.00000000
 0.00091553
 0.00152588
 0.00152588
 0.00213623
 0.00244141
 0.00244141
 0.00213623
 0.00000000
-0.00366211
-0.00732422
-0.01068115
-0.01220703
-0.01190186
-0.01098633
-0.01007080
-0.00946045
-0.00854492
-0.00762939
-0.00701904
-0.00701904
-0.00793457
-0.00976563
-0.01281738
-0.01617432
-0.01922607
-0.02258301
-0.02532959
-0.02746582
-0.02838135
-0.02807617
-0.02624512
-0.02349854
-0.02044678
-0.01831055
-0.01678467
-0.01586914
-0.01556396
-0.01586914
-0.01708984
-0.01953125
-0.02197266
-0.02441406
-0.02624512
-0.02746582
-0.02746582
-0.02624512
-0.02410889
-0.02166748
-0.01892090
-0.01678467
-0.01434326
-0.01190186
-0.01068115
-0.01037598
-0.01098633
-0.01220703
-0.01403809
-0.01617432
-0.01800537
-0.01892090
-0.01983643
-0.01892090
-0.01739502
-0.01434326
-0.01037598
-0.00488281
 0.00091553
 0.00579834
 0.00976563
 0.01190186
 0.01281738
 0.01281738
 0.01129150
 0.00915527
 0.00732422
 0.00640869
 0.00671387
 0.00854492
 0.01098633
 0.01373291
 0.01617432
 0.01892090
 0.02227783
 0.02563477
 0.02807617
 0.02960205
 0.02990723
 0.02838135
 0.02624512
 0.02380371
 0.02197266
 0.02044678
 0.01953125
 0.01953125
 0.02075195
 0.02288818
 0.02532959
 0.02685547
 0.02777100
 0.02807617
 0.02807617
 0.02838135
 0.02899170
 0.02960205
 0.02960205
 0.02990723
 0.02960205
 0.02899170
 0.02838135
 0.02807617
 0.02716064
 0.02624512
 0.02502441
 0.02349854
 0.02258301
 0.02258301
 0.02288818
 0.02319336
 0.02258301
 0.02105713
 0.01892090
 0.01739502
 0.01586914
 0.01373291
 0.01098633
 0.00762939
 0.00579834
 0.00488281
 0.00457764
 0.00427246
 0.00396729
 0.00396729
 0.00488281
 0.00610352
 0.00793457
 0.00946045
 0.01037598
 0.00976563
 0.00762939
 0.00610352
 0.00457764
 0.00305176
 0.00152588
-0.00061035
-0.00213623
-0.00427246
-0.00549316
-0.00610352
-0.00610352
-0.00549316
-0.00488281
-0.00457764
-0.00427246
-0.00366211
-0.00366211
-0.00518799
-0.00823975
-0.01159668
-0.01434326
-0.01586914
-0.01678467
-0.01678467
-0.01678467
-0.01647949
-0.01586914
-0.01495361
-0.01281738
-0.01037598
-0.00793457
-0.00671387
-0.00671387
-0.00762939
-0.00885010
-0.01037598
-0.01220703
-0.01342773
-0.01464844
-0.01495361
-0.01464844
-0.01342773
-0.01190186
-0.01007080
-0.00885010
-0.00793457
-0.00732422
-0.00640869
-0.00640869
-0.00671387
-0.00671387
-0.00701904
-0.00823975
-0.00915527
-0.00976563
-0.01037598
-0.00976563
-0.00793457
-0.00549316
-0.00274658
-0.00061035
 0.00183105
 0.00427246
 0.00610352
 0.00732422
 0.00701904
 0.00610352
 0.00488281
 0.00366211
 0.00274658
 0.00213623
 0.00152588
 0.00091553
 0.00000000
-0.00030518
-0.00091553
-0.00122070
-0.00091553
-0.00061035
-0.00061035
-0.00183105
-0.00366211
-0.00549316
-0.00701904
-0.00823975
-0.01007080
-0.01129150
-0.01159668
-0.01098633
-0.00915527
-0.00732422
-0.00518799
-0.00305176
-0.00152588
-0.00122070
-0.00122070
-0.00091553
 0.00000000
 0.00122070
 0.00213623
 0.00122070
-0.00061035
-0.00213623
-0.00335693
-0.00366211
-0.00335693
-0.00274658
-0.00213623
-0.00152588
 0.00000000
 0.00183105
 0.00396729
 0.00518799
 0.00518799
 0.00396729
 0.00213623
 0.00061035
-0.00091553
-0.00274658
-0.00488281
-0.00640869
-0.00732422
-0.00762939
-0.00671387
-0.00488281
-0.00305176
-0.00122070
 0.00030518
 0.00183105
 0.00274658
 0.00335693
 0.00244141
 0.00000000
-0.00396729
-0.00885010
-0.01251221
-0.01464844
-0.01495361
-0.01495361
-0.01464844
-0.01403809
-0.01342773
-0.01220703
-0.01037598
-0.00793457
-0.00640869
-0.00579834
-0.00701904
-0.00885010
-0.01098633
-0.01342773
-0.01495361
-0.01525879
-0.01495361
-0.01373291
-0.01098633
-0.00823975
-0.00579834
-0.00427246
-0.00244141
 0.00000000
 0.00213623
 0.00396729
 0.00457764
 0.00427246
 0.00305176
 0.00152588
-0.00030518
-0.00183105
-0.00244141
-0.00213623
-0.00091553
 0.00000000
 0.00091553
 0.00274658
 0.00457764
 0.00640869
 0.00732422
 0.00671387
 0.00518799
 0.00427246
 0.00427246
 0.00427246
 0.00427246
 0.00366211
 0.00305176
 0.00335693
 0.00427246
 0.00549316
 0.00671387
 0.00854492
 0.01007080
 0.01129150
 0.01190186
 0.01190186
 0.01129150
 0.01007080
 0.00854492
 0.00671387
 0.00549316
 0.00457764
 0.00457764
 0.00488281
 0.00518799
 0.00549316
 0.00549316
 0.00488281
 0.00366211
 0.00274658
 0.00183105
 0.00122070
 0.00091553
 0.00091553
 0.00030518
-0.00030518
-0.00122070
-0.00213623
-0.00274658
-0.00274658
-0.00244141
-0.00183105
-0.00061035
 0.00030518
 0.00091553
 0.00122070
 0.00152588
 0.00152588
 0.00183105
 0.00183105
 0.00122070
 0.00030518
-0.00122070
-0.00274658
-0.00366211
-0.00427246
-0.00488281
-0.00518799
-0.00457764
-0.00366211
-0.00213623
-0.00061035
 0.00091553
 0.00274658
 0.00427246
 0.00579834
 0.00610352
 0.00579834
 0.00366211
 0.00122070
-0.00091553
-0.00213623
-0.00213623
-0.00122070
 0.00000000
 0.00122070
 0.00274658
 0.00427246
 0.00549316
 0.00701904
 0.00854492
 0.01037598
 0.01129150
 0.01159668
 0.01007080
 0.00762939
 0.00457764
 0.00091553
-0.00274658
-0.00579834
-0.00732422
-0.00762939
-0.00610352
-0.00427246
-0.00213623
-0.00030518
 0.00152588
 0.00305176
 0.00396729
 0.00427246
 0.00366211
 0.00335693
 0.00274658
 0.00244141
 0.00122070
-0.00061035
-0.00244141
-0.00396729
-0.00488281
-0.00366211
-0.00091553
 0.00213623
 0.00518799
 0.00762939
 0.00854492
 0.00854492
 0.00793457
 0.00701904
 0.00549316
 0.00427246
 0.00274658
 0.00122070
 0.00030518
-0.00030518
-0.00030518
-0.00030518
 0.00000000
 0.00091553
 0.00183105
 0.00305176
 0.00335693
 0.00274658
 0.00213623
 0.00152588
 0.00030518
-0.00152588
-0.00396729
-0.00640869
-0.00793457
-0.00823975
-0.00762939
-0.00671387
-0.00549316
-0.00396729
-0.00213623
-0.00183105
-0.00244141
-0.00427246
-0.00579834
-0.00671387
-0.00732422
-0.00823975
-0.01007080
-0.01129150
-0.01281738
-0.01373291
-0.01403809
-0.01312256
-0.01159668
-0.01007080
-0.00854492
-0.00701904
-0.00640869
-0.00579834
-0.00549316
-0.00579834
-0.00640869
-0.00610352
-0.00610352
-0.00640869
-0.00701904
-0.00823975
-0.00885010
-0.00946045
-0.00915527
-0.00823975
-0.00671387
-0.00488281
-0.00305176
-0.00091553
 0.00213623
 0.00518799
 0.00732422
 0.00823975
 0.00823975
 0.00732422
 0.00579834
 0.00366211
 0.00213623
 0.00091553
 0.00061035
 0.00030518
 0.00000000
 0.00000000
 0.00061035
 0.00213623
 0.00427246
 0.00610352
 0.00793457
 0.00885010
 0.00854492
 0.00823975
 0.00732422
 0.00610352
 0.00427246
 0.00274658
 0.00213623
 0.00183105
 0.00244141
 0.00305176
 0.00396729
 0.00488281
 0.00640869
 0.00793457
 0.00976563
 0.01068115
 0.01190186
 0.01342773
 0.01403809
 0.01434326
 0.01342773
 0.01190186
 0.01007080
 0.00793457
 0.00579834
 0.00457764
 0.00396729
 0.00366211
 0.00427246
 0.00549316
 0.00732422
 0.00885010
 0.01007080
 0.01098633
 0.01190186
 0.01312256
 0.01403809
 0.01373291
 0.01129150
 0.00793457
 0.00457764
 0.00183105
 0.00030518
-0.00030518
 0.00000000
 0.00152588
 0.00305176
 0.00366211
 0.00427246
 0.00457764
 0.00549316
 0.00610352
 0.00610352
 0.00579834
 0.00457764
 0.00335693
 0.00122070
-0.00183105
-0.00457764
-0.00701904
-0.00854492
-0.00854492
-0.00793457
-0.00701904
-0.00610352
-0.00610352
-0.00701904
-0.00793457
-0.00854492
-0.00885010
-0.00885010
-0.00915527
-0.01007080
-0.01159668
-0.01281738
-0.01403809
-0.01464844
-0.01525879
-0.01525879
-0.01403809
-0.01281738
-0.01068115
-0.00793457
-0.00549316
-0.00366211
-0.00305176
-0.00335693
-0.00427246
-0.00579834
-0.00762939
-0.00885010
-0.01007080
-0.01129150
-0.01251221
-0.01342773
-0.01342773
-0.01220703
-0.01007080
-0.00701904
-0.00305176
 0.00000000
 0.00183105
 0.00152588
-0.00061035
-0.00427246
-0.00854492
-0.01251221
-0.01495361
-0.01525879
-0.01464844
-0.01251221
-0.00946045
-0.00671387
-0.00396729
-0.00122070
 0.00213623
 0.00488281
 0.00701904
 0.00701904
 0.00610352
 0.00457764
 0.00183105
-0.00213623
-0.00549316
-0.00762939
-0.00854492
-0.00915527
-0.00823975
-0.00579834
-0.00305176
 0.00000000
 0.00244141
 0.00335693
 0.00244141
 0.00061035
-0.00152588
-0.00305176
-0.00488281
-0.00579834
-0.00640869
-0.00671387
-0.00762939
-0.00854492
-0.00854492
-0.00793457
-0.00610352
-0.00396729
-0.00213623
-0.00091553
 0.00000000
 0.00000000
-0.00091553
-0.00244141
-0.00396729
-0.00549316
-0.00671387
-0.00762939
-0.00762939
-0.00793457
-0.00823975
-0.00823975
-0.00823975
-0.00762939
-0.00640869
-0.00579834
-0.00488281
-0.00488281
-0.00549316
-0.00610352
-0.00701904
-0.00701904
-0.00701904
-0.00701904
-0.00732422
-0.00732422
-0.00701904
-0.00549316
-0.00335693
-0.00152588
 0.00091553
 0.00244141
 0.00274658
 0.00305176
 0.00305176
 0.00305176
 0.00335693
 0.00305176
 0.00213623
 0.00122070
 0.00091553
 0.00030518
 0.00091553
 0.00213623
 0.00366211
 0.00488281
 0.00549316
 0.00518799
 0.00488281
 0.00457764
 0.00457764
 0.00396729
 0.00366211
 0.00396729
 0.00457764
 0.00457764
 0.00396729
 0.00305176
 0.00274658
 0.00335693
 0.00488281
 0.00701904
 0.00854492
 0.00976563
 0.01007080
 0.01037598
 0.01068115
 0.01098633
 0.01129150
 0.01159668
 0.01068115
 0.00885010
 0.00732422
 0.00640869
 0.00518799
 0.00488281
 0.00579834
 0.00732422
 0.00915527
 0.01129150
 0.01373291
 0.01617432
 0.01770020
 0.01861572
 0.01892090
 0.01831055
 0.01739502
 0.01617432
 0.01495361
 0.01312256
 0.01220703
 0.01129150
 0.01159668
 0.01220703
 0.01373291
 0.01556396
 0.01678467
 0.01739502
 0.01770020
 0.01800537
 0.01861572
 0.01861572
 0.01770020
 0.01617432
 0.01342773
 0.01007080
 0.00762939
 0.00579834
 0.00427246
 0.00366211
 0.00335693
 0.00305176
 0.00213623
 0.00183105
 0.00244141
 0.00366211
 0.00457764
 0.00488281
 0.00488281
 0.00488281
 0.00396729
 0.00274658
 0.00122070
-0.00122070
-0.00366211
-0.00488281
-0.00549316
-0.00518799
-0.00488281
-0.00457764
-0.00457764
-0.00488281
-0.00549316
-0.00549316
-0.00549316
-0.00579834
-0.00671387
-0.00762939
-0.00885010
-0.00976563
-0.01007080
-0.00946045
-0.00946045
-0.01007080
-0.01068115
-0.01068115
-0.00946045
-0.00854492
-0.00854492
-0.00946045
-0.01037598
-0.01129150
-0.01190186
-0.01220703
-0.01220703
-0.01129150
-0.01037598
-0.00976563
-0.00915527
-0.00823975
-0.00701904
-0.00640869
-0.00610352
-0.00640869
-0.00701904
-0.00762939
-0.00854492
-0.00946045
-0.01007080
-0.01098633
-0.01159668
-0.01190186
-0.01190186
-0.01159668
-0.01068115
-0.00946045
-0.00854492
-0.00793457
-0.00762939
-0.00732422
-0.00762939
-0.00762939
-0.00701904
-0.00579834
-0.00488281
-0.00427246
-0.00366211
-0.00305176
-0.00244141
-0.00213623
-0.00213623
-0.00244141
-0.00244141
-0.00274658
-0.00274658
-0.00244141
-0.00183105
-0.00122070
-0.00152588
-0.00213623
-0.00274658
-0.00274658
-0.00213623
-0.00091553
 0.00030518
 0.00091553
 0.00091553
 0.00061035
 0.00030518
 0.00061035
 0.00030518
 0.00030518
 0.00061035
 0.00091553
 0.00152588
 0.00274658
 0.00335693
 0.00366211
 0.00427246
 0.00488281
 0.00549316
 0.00549316
 0.00610352
 0.00701904
 0.00793457
 0.00854492
 0.00793457
 0.00701904
 0.00549316
 0.00396729
 0.00244141
 0.00061035
-0.00091553
-0.00244141
-0.00335693
-0.00366211
-0.00335693
-0.00244141
-0.00122070
-0.00061035
 0.00030518
 0.00091553
 0.00152588
 0.00213623
 0.00183105
 0.00030518
-0.00183105
-0.00427246
-0.00610352
-0.00701904
-0.00732422
-0.00732422
-0.00732422
-0.00701904
-0.00579834
-0.00396729
-0.00183105
 0.00000000
 0.00091553
 0.00091553
 0.00000000
-0.00183105
-0.00335693
-0.00518799
-0.00701904
-0.00885010
-0.01068115
-0.01129150
-0.01098633
-0.00976563
-0.00823975
-0.00640869
-0.00457764
-0.00305176
-0.00183105
-0.00122070
-0.00152588
-0.00274658
-0.00457764
-0.00579834
-0.00640869
-0.00732422
-0.00823975
-0.00915527
-0.00976563
-0.00946045
-0.00732422
-0.00488281
-0.00213623
 0.00030518
 0.00152588
 0.00213623
 0.00122070
-0.00030518
-0.00244141
-0.00488281
-0.00732422
-0.00946045
-0.01037598
-0.01007080
-0.00915527
-0.00823975
-0.00701904
-0.00549316
-0.00427246
-0.00274658
-0.00091553
 0.00061035
 0.00152588
 0.00152588
 0.00152588
 0.00091553
 0.00061035
 0.00000000
 0.00030518
 0.00091553
 0.00213623
 0.00396729
 0.00640869
 0.00946045
 0.01159668
 0.01220703
 0.01159668
 0.01007080
 0.00854492
 0.00793457
 0.00732422
 0.00610352
 0.00488281
 0.00396729
 0.00366211
 0.00396729
 0.00488281
 0.00610352
 0.00732422
 0.00885010
 0.01037598
 0.01098633
 0.01220703
 0.01251221
 0.01220703
 0.01098633
 0.00823975
 0.00549316
 0.00366211
 0.00244141
 0.00152588
 0.00030518
 0.00000000
 0.00061035
 0.00244141
 0.00457764
 0.00701904
 0.00854492
 0.00976563
 0.01007080
 0.00915527
 0.00793457
 0.00579834
 0.00305176
 0.00000000
-0.00335693
-0.00671387
-0.00885010
-0.00946045
-0.00854492
-0.00701904
-0.00488281
-0.00213623
 0.00061035
 0.00274658
 0.00457764
 0.00579834
 0.00610352
 0.00488281
 0.00274658
 0.00030518
-0.00213623
-0.00488281
-0.00671387
-0.00793457
-0.00823975
-0.00762939
-0.00518799
-0.00244141
-0.00061035
 0.00091553
 0.00122070
 0.00122070
 0.00091553
 0.00030518
-0.00061035
-0.00213623
-0.00427246
-0.00610352
-0.00762939
-0.00885010
-0.01007080
-0.01068115
-0.01068115
-0.01007080
-0.00823975
-0.00610352
-0.00427246
-0.00335693
-0.00274658
-0.00213623
-0.00183105
-0.00213623
-0.00244141
-0.00335693
-0.00427246
-0.00488281
-0.00579834
-0.00549316
-0.00457764
-0.00396729
-0.00396729
-0.00396729
-0.00396729
-0.00305176
-0.00244141
-0.00213623
-0.00183105
-0.00244141
-0.00335693
-0.00457764
-0.00488281
-0.00488281
-0.00488281
-0.00457764
-0.00396729
-0.00244141
 0.00000000
 0.00244141
 0.00457764
 0.00549316
 0.00579834
 0.00518799
 0.00396729
 0.00335693
 0.00305176
 0.00366211
 0.00366211
 0.00335693
 0.00366211
 0.00396729
 0.00488281
 0.00640869
 0.00793457
 0.00915527
 0.01007080
 0.01037598
 0.01068115
 0.01007080
 0.00915527
 0.00793457
 0.00610352
 0.00427246
 0.00244141
 0.00122070
 0.00030518
 0.00000000
 0.00030518
 0.00213623
 0.00427246
 0.00671387
 0.00854492
 0.00976563
 0.01068115
 0.01098633
 0.01007080
 0.00885010
 0.00732422
 0.00579834
 0.00427246
 0.00244141
 0.00152588
 0.00061035
 0.00061035
 0.00152588
 0.00335693
 0.00640869
 0.00854492
 0.00976563
 0.01037598
 0.01037598
 0.00976563
 0.00823975
 0.00549316
 0.00183105
-0.00152588
-0.00366211
-0.00457764
-0.00488281
-0.00427246
-0.00274658
-0.00061035
 0.00122070
 0.00366211
 0.00610352
 0.00793457
 0.00854492
 0.00793457
 0.00610352
 0.00457764
 0.00305176
 0.00091553
-0.00152588
-0.00427246
-0.00640869
-0.00732422
-0.00732422
-0.00549316
-0.00305176
 0.00000000
 0.00213623
 0.00335693
 0.00488281
 0.00579834
 0.00518799
 0.00366211
 0.00122070
-0.00244141
-0.00610352
-0.00915527
-0.01098633
-0.01220703
-0.01281738
-0.01281738
-0.01251221
-0.01098633
-0.00854492
-0.00518799
-0.00213623
 0.00030518
 0.00183105
 0.00152588
 0.00030518
-0.00183105
-0.00335693
-0.00518799
-0.00732422
-0.00915527
-0.01037598
-0.01098633
-0.01068115
-0.01007080
-0.00915527
-0.00854492
-0.00732422
-0.00610352
-0.00488281
-0.00457764
-0.00488281
-0.00610352
-0.00793457
-0.00946045
-0.01007080
-0.01068115
-0.01129150
-0.01190186
-0.01251221
-0.01220703
-0.01098633
-0.00976563
-0.00885010
-0.00823975
-0.00762939
-0.00701904
-0.00701904
-0.00732422
-0.00762939
-0.00762939
-0.00762939
-0.00793457
-0.00946045
-0.01068115
-0.01098633
-0.01068115
-0.00885010
-0.00671387
-0.00488281
-0.00335693
-0.00213623
-0.00183105
-0.00213623
-0.00335693
-0.00518799
-0.00640869
-0.00732422
-0.00793457
-0.00854492
-0.00885010
-0.00946045
-0.00946045
-0.00885010
-0.00671387
-0.00427246
-0.00183105
-0.00030518
 0.00061035
 0.00000000
-0.00152588
-0.00335693
-0.00457764
-0.00518799
-0.00640869
-0.00732422
-0.00732422
-0.00640869
-0.00549316
-0.00488281
-0.00396729
-0.00274658
-0.00122070
 0.00000000
 0.00030518
 0.00000000
-0.00091553
-0.00213623
-0.00335693
-0.00457764
-0.00518799
-0.00518799
-0.00488281
-0.00457764
-0.00396729
-0.00274658
-0.00122070
 0.00000000
 0.00122070
 0.00152588
 0.00122070
 0.00061035
 0.00000000
-0.00061035
-0.00091553
-0.00122070
-0.00183105
-0.00152588
-0.00122070
-0.00030518
 0.00152588
 0.00366211
 0.00579834
 0.00732422
 0.00854492
 0.00946045
 0.00946045
 0.00885010
 0.00762939
 0.00701904
 0.00610352
 0.00518799
 0.00396729
 0.00244141
 0.00213623
 0.00274658
 0.00396729
 0.00610352
 0.00885010
 0.01098633
 0.01281738
 0.01373291
 0.01373291
 0.01312256
 0.01190186
 0.01037598
 0.00915527
 0.00823975
 0.00732422
 0.00640869
 0.00579834
 0.00610352
 0.00732422
 0.00885010
 0.01037598
 0.01220703
 0.01403809
 0.01434326
 0.01373291
 0.01312256
 0.01190186
 0.01037598
 0.00915527
 0.00793457
 0.00671387
 0.00610352
 0.00579834
 0.00610352
 0.00640869
 0.00701904
 0.00762939
 0.00823975
 0.00854492
 0.00885010
 0.00854492
 0.00732422
 0.00671387
 0.00579834
 0.00427246
 0.00244141
 0.00122070
 0.00091553
 0.00122070
 0.00183105
 0.00274658
 0.00427246
 0.00518799
 0.00579834
 0.00610352
 0.00610352
 0.00610352
 0.00579834
 0.00518799
 0.00457764
 0.00396729
 0.00274658
 0.00122070
-0.00061035
-0.00152588
-0.00152588
-0.00122070
 0.00030518
 0.00183105
 0.00335693
 0.00488281
 0.00549316
 0.00549316
 0.00457764
 0.00335693
 0.00152588
-0.00030518
-0.00183105
-0.00274658
-0.00305176
-0.00305176
-0.00366211
-0.00427246
-0.00457764
-0.00427246
-0.00305176
-0.00183105
-0.00030518
 0.00030518
 0.00061035
 0.00091553
 0.00000000
-0.00152588
-0.00335693
-0.00518799
-0.00579834
-0.00671387
-0.00671387
-0.00549316
-0.00457764
-0.00396729
-0.00335693
-0.00274658
-0.00274658
-0.00213623
-0.00183105
-0.00183105
-0.00274658
-0.00366211
-0.00518799
-0.00671387
-0.00823975
-0.00915527
-0.00915527
-0.00854492
-0.00732422
-0.00518799
-0.00244141
-0.00030518
 0.00091553
 0.00152588
 0.00122070
 0.00091553
 0.00030518
-0.00061035
-0.00183105
-0.00335693
-0.00427246
-0.00488281
-0.00518799
-0.00518799
-0.00488281
-0.00366211
-0.00244141
-0.00183105
-0.00061035
 0.00091553
 0.00213623
 0.00274658
 0.00213623
 0.00030518
-0.00183105
-0.00457764
-0.00671387
-0.00793457
-0.00823975
-0.00854492
-0.00793457
-0.00701904
-0.00549316
-0.00427246
-0.00335693
-0.00213623
-0.00061035
 0.00091553
 0.00213623
 0.00244141
 0.00152588
-0.00030518
-0.00274658
-0.00549316
-0.00762939
-0.00854492
-0.00854492
-0.00762939
-0.00671387
-0.00579834
-0.00488281
-0.00427246
-0.00335693
-0.00213623
-0.00122070
-0.00061035
-0.00061035
-0.00091553
-0.00213623
-0.00366211
-0.00457764
-0.00579834
-0.00671387
-0.00732422
-0.00762939
-0.00671387
-0.00518799
-0.00366211
-0.00244141
-0.00122070
 0.00000000
 0.00030518
 0.00061035
 0.00000000
-0.00122070
-0.00213623
-0.00335693
-0.00427246
-0.00488281
-0.00488281
-0.00579834
-0.00701904
-0.00762939
-0.00732422
-0.00640869
-0.00457764
-0.00274658
-0.00183105
-0.00152588
-0.00183105
-0.00305176
-0.00457764
-0.00549316
-0.00640869
-0.00671387
-0.00640869
-0.00640869
-0.00732422
-0.00793457
-0.00701904
-0.00579834
-0.00427246
-0.00274658
-0.00152588
-0.00030518
 0.00030518
 0.00030518
 0.00061035
 0.00061035
 0.00061035
 0.00030518
-0.00061035
-0.00122070
-0.00183105
-0.00213623
-0.00183105
-0.00061035
 0.00061035
 0.00183105
 0.00274658
 0.00274658
 0.00244141
 0.00183105
 0.00183105
 0.00213623
 0.00213623
 0.00274658
 0.00274658
 0.00274658
 0.00274658
 0.00274658
 0.00274658
 0.00396729
 0.00518799
 0.00579834
 0.00610352
 0.00579834
 0.00518799
 0.00396729
 0.00305176
 0.00305176
 0.00305176
 0.00366211
 0.00366211
 0.00396729
 0.00396729
 0.00427246
 0.00488281
 0.00549316
 0.00579834
 0.00549316
 0.00488281
 0.00366211
 0.00274658
 0.00244141
 0.00183105
 0.00061035
 0.00030518
 0.00061035
 0.00152588
 0.00183105
 0.00244141
 0.00335693
 0.00457764
 0.00518799
 0.00610352
 0.00701904
 0.00762939
 0.00701904
 0.00549316
 0.00427246
 0.00396729
 0.00366211
 0.00335693
 0.00305176
 0.00274658
 0.00244141
 0.00274658
 0.00244141
 0.00244141
 0.00274658
 0.00244141
 0.00183105
 0.00152588
 0.00061035
-0.00061035
-0.00091553
-0.00091553
-0.00091553
-0.00030518
-0.00030518
-0.00061035
-0.00122070
-0.00122070
-0.00030518
 0.00061035
 0.00122070
 0.00183105
 0.00152588
 0.00152588
 0.00091553
 0.00030518
-0.00061035
-0.00122070
-0.00152588
-0.00152588
-0.00152588
-0.00152588
-0.00122070
-0.00061035
 0.00030518
 0.00091553
 0.00122070
 0.00152588
 0.00091553
 0.00000000
-0.00122070
-0.00274658
-0.00396729
-0.00488281
-0.00579834
-0.00640869
-0.00671387
-0.00518799
-0.00305176
-0.00091553
 0.00091553
 0.00244141
 0.00366211
 0.00396729
 0.00305176
 0.00122070
-0.00091553
-0.00305176
-0.00518799
-0.00640869
-0.00640869
-0.00640869
-0.00549316
-0.00427246
-0.00305176
-0.00183105
-0.00030518
 0.00122070
 0.00244141
 0.00274658
 0.00152588
-0.00091553
-0.00305176
-0.00488281
-0.00640869
-0.00762939
-0.00854492
-0.00885010
-0.00823975
-0.00640869
-0.00457764
-0.00244141
 0.00000000
 0.00213623
 0.00305176
 0.00335693
 0.00274658
 0.00183105
 0.00091553
-0.00091553
-0.00274658
-0.00488281
-0.00640869
-0.00701904
-0.00732422
-0.00671387
-0.00518799
-0.00274658
 0.00000000
 0.00274658
 0.00427246
 0.00488281
 0.00488281
 0.00335693
 0.00152588
-0.00061035
-0.00213623
-0.00366211
-0.00457764
-0.00549316
-0.00640869
-0.00610352
-0.00457764
-0.00183105
 0.00183105
 0.00488281
 0.00732422
 0.00823975
 0.00823975
 0.00701904
 0.00518799
 0.00244141
-0.00091553
-0.00366211
-0.00549316
-0.00671387
-0.00701904
-0.00579834
-0.00335693
 0.00000000
 0.00305176
 0.00549316
 0.00732422
 0.00885010
 0.00946045
 0.00946045
 0.00854492
 0.00640869
 0.00396729
 0.00122070
-0.00122070
-0.00305176
-0.00427246
-0.00366211
-0.00183105
 0.00122070
 0.00457764
 0.00762939
 0.01037598
 0.01159668
 0.01159668
 0.01129150
 0.01098633
 0.01037598
 0.00885010
 0.00671387
 0.00427246
 0.00183105
 0.00030518
 0.00091553
 0.00274658
 0.00518799
 0.00762939
 0.01007080
 0.01190186
 0.01373291
 0.01434326
 0.01434326
 0.01373291
 0.01220703
 0.01037598
 0.00823975
 0.00549316
 0.00305176
 0.00061035
-0.00061035
-0.00061035
 0.00091553
 0.00305176
 0.00518799
 0.00762939
 0.00946045
 0.01098633
 0.01190186
 0.01159668
 0.01007080
 0.00701904
 0.00335693
 0.00030518
-0.00244141
-0.00457764
-0.00549316
-0.00488281
-0.00396729
-0.00305176
-0.00122070
 0.00000000
 0.00122070
 0.00274658
 0.00396729
 0.00427246
 0.00366211
 0.00152588
-0.00091553
-0.00427246
-0.00732422
-0.01037598
-0.01190186
-0.01220703
-0.01098633
-0.00976563
-0.00823975
-0.00640869
-0.00518799
-0.00396729
-0.00244141
-0.00183105
-0.00213623
-0.00366211
-0.00579834
-0.00762939
-0.00976563
-0.01190186
-0.01342773
-0.01464844
-0.01464844
-0.01342773
-0.01220703
-0.01068115
-0.00915527
-0.00701904
-0.00518799
-0.00396729
-0.00366211
-0.00396729
-0.00518799
-0.00701904
-0.00915527
-0.01098633
-0.01251221
-0.01373291
-0.01403809
-0.01434326
-0.01403809
-0.01220703
-0.00915527
-0.00610352
-0.00396729
-0.00274658
-0.00213623
-0.00213623
-0.00335693
-0.00457764
-0.00671387
-0.00854492
-0.01007080
-0.01068115
-0.01098633
-0.01098633
-0.01068115
-0.00946045
-0.00762939
-0.00488281
-0.00183105
 0.00091553
 0.00274658
 0.00366211
 0.00305176
 0.00183105
 0.00061035
-0.00091553
-0.00244141
-0.00396729
-0.00488281
-0.00427246
-0.00335693
-0.00152588
 0.00091553
 0.00396729
 0.00640869
 0.00762939
 0.00762939
 0.00762939
 0.00762939
 0.00732422
 0.00640869
 0.00549316
 0.00396729
 0.00244141
 0.00122070
 0.00091553
 0.00091553
 0.00183105
 0.00366211
 0.00518799
 0.00701904
 0.00823975
 0.00885010
 0.00885010
 0.00823975
 0.00732422
 0.00610352
 0.00518799
 0.00427246
 0.00305176
 0.00183105
 0.00061035
-0.00030518
-0.00061035
 0.00030518
 0.00183105
 0.00366211
 0.00518799
 0.00610352
 0.00610352
 0.00549316
 0.00457764
 0.00396729
 0.00305176
 0.00183105
 0.00061035
-0.00030518
-0.00183105
-0.00274658
-0.00305176
-0.00244141
-0.00122070
-0.00030518
 0.00061035
 0.00152588
 0.00244141
 0.00244141
 0.00213623
 0.00091553
 0.00000000
-0.00152588
-0.00244141
-0.00305176
-0.00366211
-0.00427246
-0.00396729
-0.00366211
-0.00305176
-0.00244141
-0.00183105
-0.00122070
-0.00091553
-0.00061035
-0.00030518
 0.00000000
 0.00000000
 0.00030518
-0.00061035
-0.00152588
-0.00335693
-0.00488281
-0.00579834
-0.00549316
-0.00457764
-0.00305176
-0.00183105
-0.00061035
-0.00030518
 0.00030518
 0.00122070
 0.00213623
 0.00274658
 0.00335693
 0.00335693
 0.00305176
 0.00274658
 0.00091553
-0.00091553
-0.00274658
-0.00396729
-0.00427246
-0.00335693
-0.00152588
 0.00000000
 0.00122070
 0.00213623
 0.00335693
 0.00396729
 0.00427246
 0.00396729
 0.00366211
 0.00305176
 0.00274658
 0.00213623
 0.00122070
 0.00030518
-0.00030518
-0.00030518
 0.00061035
 0.00183105
 0.00244141
 0.00366211
 0.00549316
 0.00732422
 0.00762939
 0.00701904
 0.00549316
 0.00366211
 0.00244141
 0.00122070
 0.00122070
 0.00152588
 0.00244141
 0.00274658
 0.00274658
 0.00213623
 0.00244141
 0.00366211
 0.00488281
 0.00579834
 0.00671387
 0.00671387
 0.00610352
 0.00457764
 0.00366211
 0.00244141
 0.00152588
 0.00061035
 0.00000000
-0.00030518
 0.00030518
 0.00091553
 0.00122070
 0.00183105
 0.00274658
 0.00335693
 0.00427246
 0.00427246
 0.00396729
 0.00396729
 0.00335693
 0.00183105
 0.00061035
 0.00000000
-0.00091553
-0.00152588
-0.00213623
-0.00213623
-0.00152588
 0.00000000
 0.00152588
 0.00274658
 0.00335693
 0.00305176
 0.00244141
 0.00091553
 0.00000000
-0.00091553
-0.00183105
-0.00244141
-0.00305176
-0.00274658
-0.00274658
-0.00244141
-0.00183105
-0.00030518
 0.00122070
 0.00244141
 0.00335693
 0.00335693
 0.00244141
 0.00152588
 0.00030518
-0.00122070
-0.00274658
-0.00427246
-0.00457764
-0.00457764
-0.00427246
-0.00396729
-0.00305176
-0.00152588
 0.00000000
 0.00152588
 0.00305176
 0.00457764
 0.00488281
 0.00457764
 0.00305176
 0.00152588
 0.00000000
-0.00183105
-0.00335693
-0.00396729
-0.00427246
-0.00366211
-0.00244141
-0.00030518
 0.00244141
 0.00427246
 0.00610352
 0.00701904
 0.00732422
 0.00762939
 0.00701904
 0.00549316
 0.00335693
 0.00061035
-0.00122070
-0.00274658
-0.00305176
-0.00305176
-0.00244141
-0.00122070
 0.00030518
 0.00213623
 0.00366211
 0.00518799
 0.00640869
 0.00671387
 0.00610352
 0.00488281
 0.00335693
 0.00152588
-0.00091553
-0.00213623
-0.00305176
-0.00274658
-0.00183105
-0.00091553
 0.00061035
 0.00213623
 0.00335693
 0.00396729
 0.00366211
 0.00335693
 0.00183105
 0.00000000
-0.00122070
-0.00213623
-0.00305176
-0.00335693
-0.00335693
-0.00274658
-0.00152588
-0.00030518
 0.00091553
 0.00152588
 0.00183105
 0.00183105
 0.00152588
 0.00091553
-0.00030518
-0.00122070
-0.00274658
-0.00427246
-0.00518799
-0.00549316
-0.00549316
-0.00488281
-0.00427246
-0.00335693
-0.00213623
-0.00183105
-0.00152588
-0.00152588
-0.00183105
-0.00274658
-0.00396729
-0.00549316
-0.00671387
-0.00732422
-0.00793457
-0.00854492
-0.00885010
-0.00854492
-0.00793457
-0.00701904
-0.00549316
-0.00396729
-0.00244141
-0.00183105
-0.00152588
-0.00244141
-0.00335693
-0.00396729
-0.00488281
-0.00610352
-0.00732422
-0.00762939
-0.00671387
-0.00579834
-0.00457764
-0.00335693
-0.00213623
-0.00091553
 0.00061035
 0.00183105
 0.00305176
 0.00244141
 0.00152588
 0.00030518
-0.00091553
-0.00213623
-0.00335693
-0.00396729
-0.00396729
-0.00335693
-0.00274658
-0.00183105
 0.00000000
 0.00183105
 0.00274658
 0.00366211
 0.00366211
 0.00335693
 0.00335693
 0.00335693
 0.00305176
 0.00213623
 0.00091553
-0.00030518
-0.00183105
-0.00274658
-0.00274658
-0.00152588
 0.00030518
 0.00152588
 0.00274658
 0.00366211
 0.00396729
 0.00396729
 0.00427246
 0.00396729
 0.00305176
 0.00213623
 0.00152588
 0.00061035
-0.00030518
-0.00183105
-0.00244141
-0.00305176
-0.00305176
-0.00274658
-0.00244141
-0.00213623
-0.00122070
-0.00061035
 0.00000000
 0.00000000
-0.00030518
-0.00061035
-0.00061035
-0.00122070
-0.00213623
-0.00274658
-0.00305176
-0.00305176
-0.00274658
-0.00274658
-0.00305176
-0.00305176
-0.00244141
-0.00183105
-0.00152588
-0.00152588
-0.00183105
-0.00274658
-0.00427246
-0.00549316
-0.00549316
-0.00488281
-0.00427246
-0.00366211
-0.00366211
-0.00396729
-0.00396729
-0.00427246
-0.00427246
-0.00396729
-0.00335693
-0.00274658
-0.00183105
-0.00152588
-0.00183105
-0.00274658
-0.00305176
-0.00305176
-0.00274658
-0.00213623
-0.00152588
-0.00061035
 0.00000000
-0.00030518
-0.00061035
-0.00091553
-0.00122070
-0.00213623
-0.00274658
-0.00274658
-0.00274658
-0.00335693
-0.00335693
-0.00305176
-0.00213623
-0.00091553
 0.00000000
 0.00091553
 0.00152588
 0.00213623
 0.00274658
 0.00305176
 0.00305176
 0.00305176
 0.00213623
 0.00061035
-0.00030518
-0.00030518
 0.00000000
 0.00091553
 0.00183105
 0.00244141
 0.00305176
 0.00366211
 0.00457764
 0.00610352
 0.00762939
 0.00793457
 0.00793457
 0.00762939
 0.00671387
 0.00549316
 0.00427246
 0.00335693
 0.00244141
 0.00244141
 0.00366211
 0.00549316
 0.00732422
 0.00915527
 0.01037598
 0.01129150
 0.01220703
 0.01281738
 0.01251221
 0.01098633
 0.00915527
 0.00701904
 0.00457764
 0.00305176
 0.00274658
 0.00305176
 0.00396729
 0.00488281
 0.00610352
 0.00793457
 0.01007080
 0.01098633
 0.01159668
 0.01159668
 0.01007080
 0.00762939
 0.00549316
 0.00396729
 0.00213623
 0.00061035
 0.00030518
 0.00030518
 0.00061035
 0.00152588
 0.00274658
 0.00366211
 0.00488281
 0.00640869
 0.00823975
 0.00946045
 0.00885010
 0.00732422
 0.00518799
 0.00274658
 0.00030518
-0.00152588
-0.00213623
-0.00183105
-0.00061035
 0.00030518
 0.00122070
 0.00183105
 0.00213623
 0.00305176
 0.00366211
 0.00427246
 0.00488281
 0.00457764
 0.00396729
 0.00244141
 0.00061035
-0.00091553
-0.00183105
-0.00274658
-0.00335693
-0.00335693
-0.00244141
-0.00061035
 0.00091553
 0.00244141
 0.00366211
 0.00396729
 0.00335693
 0.00244141
 0.00091553
-0.00091553
-0.00274658
-0.00427246
-0.00549316
-0.00610352
-0.00610352
-0.00579834
-0.00457764
-0.00305176
-0.00213623
-0.00122070
 0.00030518
 0.00091553
 0.00061035
-0.00061035
-0.00213623
-0.00396729
-0.00640869
-0.00793457
-0.00915527
-0.00885010
-0.00823975
-0.00732422
-0.00610352
-0.00457764
-0.00274658
-0.00091553
 0.00091553
 0.00152588
 0.00061035
-0.00091553
-0.00274658
-0.00457764
-0.00610352
-0.00701904
-0.00793457
-0.00823975
-0.00793457
-0.00823975
-0.00793457
-0.00701904
-0.00549316
-0.00427246
-0.00305176
-0.00183105
-0.00122070
-0.00152588
-0.00244141
-0.00457764
-0.00671387
-0.00793457
-0.00885010
-0.00946045
-0.01007080
-0.01007080
-0.00854492
-0.00671387
-0.00427246
-0.00213623
 0.00000000
 0.00091553
 0.00061035
-0.00030518
-0.00183105
-0.00335693
-0.00488281
-0.00640869
-0.00762939
-0.00885010
-0.00915527
-0.00885010
-0.00823975
-0.00640869
-0.00396729
-0.00152588
 0.00030518
 0.00061035
 0.00030518
-0.00122070
-0.00274658
-0.00518799
-0.00732422
-0.00885010
-0.00885010
-0.00854492
-0.00762939
-0.00671387
-0.00549316
-0.00396729
-0.00244141
-0.00030518
 0.00091553
 0.00183105
 0.00183105
 0.00061035
-0.00091553
-0.00183105
-0.00305176
-0.00457764
-0.00549316
-0.00640869
-0.00640869
-0.00549316
-0.00366211
-0.00152588
-0.00030518
 0.00061035
 0.00122070
 0.00152588
 0.00183105
 0.00183105
 0.00122070
-0.00030518
-0.00152588
-0.00213623
-0.00213623
-0.00213623
-0.00213623
-0.00183105
-0.00091553
 0.00091553
 0.00274658
 0.00396729
 0.00518799
 0.00579834
 0.00549316
 0.00488281
 0.00396729
 0.00335693
 0.00274658
 0.00152588
 0.00122070
 0.00122070
 0.00091553
 0.00122070
 0.00183105
 0.00305176
 0.00427246
 0.00518799
 0.00579834
 0.00701904
 0.00762939
 0.00762939
 0.00671387
 0.00518799
 0.00305176
 0.00061035
-0.00030518
-0.00030518
 0.00061035
 0.00152588
 0.00244141
 0.00396729
 0.00549316
 0.00671387
 0.00762939
 0.00885010
 0.00946045
 0.00946045
 0.00854492
 0.00671387
 0.00396729
 0.00183105
-0.00030518
-0.00183105
-0.00213623
-0.00091553
 0.00152588
 0.00396729
 0.00579834
 0.00701904
 0.00793457
 0.00793457
 0.00732422
 0.00701904
 0.00610352
 0.00427246
 0.00274658
 0.00122070
-0.00030518
-0.00122070
-0.00183105
-0.00183105
-0.00091553
 0.00091553
 0.00274658
 0.00457764
 0.00610352
 0.00701904
 0.00732422
 0.00701904
 0.00518799
 0.00274658
 0.00091553
-0.00061035
-0.00152588
-0.00213623
-0.00244141
-0.00213623
-0.00152588
-0.00030518
 0.00061035
 0.00183105
 0.00335693
 0.00457764
 0.00549316
 0.00579834
 0.00488281
 0.00366211
 0.00122070
-0.00122070
-0.00366211
-0.00549316
-0.00671387
-0.00640869
-0.00488281
-0.00305176
-0.00122070
 0.00061035
 0.00244141
 0.00396729
 0.00579834
 0.00732422
 0.00701904
 0.00579834
 0.00396729
 0.00213623
 0.00000000
-0.00274658
-0.00518799
-0.00671387
-0.00640869
-0.00488281
-0.00244141
 0.00061035
 0.00305176
 0.00518799
 0.00640869
 0.00701904
 0.00640869
 0.00549316
 0.00396729
 0.00213623
 0.00061035
-0.00061035
-0.00152588
-0.00244141
-0.00305176
-0.00244141
-0.00091553
 0.00152588
 0.00396729
 0.00610352
 0.00762939
 0.00823975
 0.00823975
 0.00762939
 0.00640869
 0.00427246
 0.00152588
-0.00091553
-0.00274658
-0.00366211
-0.00335693
-0.00274658
-0.00183105
-0.00061035
 0.00152588
 0.00335693
 0.00488281
 0.00549316
 0.00518799
 0.00427246
 0.00274658
 0.00091553
-0.00183105
-0.00396729
-0.00579834
-0.00640869
-0.00610352
-0.00549316
-0.00427246
-0.00213623
 0.00000000
 0.00213623
 0.00335693
 0.00366211
 0.00335693
 0.00274658
 0.00183105
 0.00061035
-0.00122070
-0.00366211
-0.00640869
-0.00823975
-0.00854492
-0.00823975
-0.00701904
-0.00518799
-0.00335693
-0.00152588
-0.00061035
 0.00000000
 0.00000000
-0.00091553
-0.00213623
-0.00366211
-0.00488281
-0.00610352
-0.00732422
-0.00823975
-0.00885010
-0.00854492
-0.00793457
-0.00640869
-0.00457764
-0.00244141
-0.00091553
-0.00030518
 0.00000000
-0.00061035
-0.00152588
-0.00244141
-0.00366211
-0.00488281
-0.00610352
-0.00732422
-0.00762939
-0.00701904
-0.00518799
-0.00396729
-0.00305176
-0.00244141
-0.00183105
-0.00152588
-0.00152588
-0.00213623
-0.00305176
-0.00396729
-0.00488281
-0.00640869
-0.00701904
-0.00732422
-0.00732422
-0.00671387
-0.00549316
-0.00366211
-0.00213623
-0.00061035
 0.00030518
 0.00091553
 0.00183105
 0.00244141
 0.00244141
 0.00183105
 0.00061035
-0.00061035
-0.00152588
-0.00274658
-0.00335693
-0.00366211
-0.00274658
-0.00152588
 0.00000000
 0.00091553
 0.00152588
 0.00213623
 0.00244141
 0.00274658
 0.00274658
 0.00244141
 0.00213623
 0.00122070
 0.00030518
-0.00030518
-0.00061035
-0.00030518
 0.00000000
 0.00061035
 0.00122070
 0.00213623
 0.00335693
 0.00427246
 0.00488281
 0.00518799
 0.00488281
 0.00457764
 0.00366211
 0.00305176
 0.00244141
 0.00152588
 0.00030518
 0.00030518
 0.00061035
 0.00122070
 0.00152588
 0.00183105
 0.00213623
 0.00244141
 0.00213623
 0.00183105
 0.00152588
 0.00122070
 0.00030518
-0.00030518
-0.00122070
-0.00213623
-0.00244141
-0.00305176
-0.00274658
-0.00183105
-0.00122070
-0.00061035
 0.00030518
 0.00122070
 0.00183105
 0.00152588
 0.00091553
 0.00061035
-0.00030518
-0.00030518
-0.00061035
-0.00091553
-0.00183105
-0.00183105
-0.00122070
-0.00061035
-0.00030518
 0.00000000
 0.00000000
 0.00000000
-0.00030518
-0.00091553
-0.00122070
-0.00091553
-0.00091553
-0.00183105
-0.00274658
-0.00366211
-0.00396729
-0.00335693
-0.00244141
-0.00183105
-0.00091553
-0.00030518
 0.00000000
-0.00030518
-0.00030518
-0.00030518
-0.00030518
-0.00030518
-0.00091553
-0.00091553
-0.00091553
-0.00122070
-0.00091553
-0.00061035
-0.00061035
 0.00000000
 0.00000000
-0.00030518
-0.00030518
-0.00030518
-0.00091553
-0.00183105
-0.00274658
-0.00305176
-0.00305176
-0.00305176
-0.00305176
-0.00244141
-0.00122070
 0.00030518
 0.00091553
 0.00122070
 0.00091553
 0.00091553
 0.00122070
 0.00152588
 0.00152588
 0.00091553
 0.00122070
 0.00091553
 0.00091553
 0.00091553
 0.00091553
 0.00152588
 0.00274658
 0.00427246
 0.00488281
 0.00457764
 0.00457764
 0.00488281
 0.00427246
 0.00396729
 0.00305176
 0.00274658
 0.00244141
 0.00244141
 0.00244141
 0.00213623
 0.00122070
 0.00061035
 0.00091553
 0.00183105
 0.00244141
 0.00274658
 0.00335693
 0.00366211
 0.00396729
 0.00427246
 0.00427246
 0.00396729
 0.00396729
 0.00366211
 0.00305176
 0.00213623
 0.00152588
 0.00152588
 0.00244141
 0.00366211
 0.00427246
 0.00427246
 0.00457764
 0.00518799
 0.00579834
 0.00579834
 0.00518799
 0.00427246
 0.00274658
 0.00183105
 0.00122070
 0.00061035
 0.00030518
 0.00000000
-0.00091553
-0.00122070
-0.00061035
 0.00061035
 0.00152588
 0.00213623
 0.00244141
 0.00274658
 0.00305176
 0.00274658
 0.00213623
 0.00183105
 0.00061035
-0.00030518
-0.00061035
-0.00091553
-0.00091553
-0.00061035
-0.00030518
 0.00000000
 0.00061035
 0.00091553
 0.00091553
 0.00183105
 0.00244141
 0.00213623
 0.00122070
 0.00000000
-0.00152588
-0.00244141
-0.00335693
-0.00366211
-0.00366211
-0.00366211
-0.00305176
-0.00244141
-0.00091553
 0.00030518
 0.00091553
 0.00061035
 0.00000000
-0.00091553
-0.00152588
-0.00152588
-0.00183105
-0.00213623
-0.00274658
-0.00274658
-0.00274658
-0.00213623
-0.00122070
-0.00061035
 0.00030518
 0.00122070
 0.00183105
 0.00183105
 0.00122070
 0.00030518
-0.00091553
-0.00183105
-0.00213623
-0.00244141
-0.00213623
-0.00183105
-0.00122070
-0.00091553
-0.00091553
-0.00091553
-0.00091553
-0.00030518
 0.00030518
 0.00091553
 0.00152588
 0.00122070
 0.00061035
 0.00030518
 0.00030518
 0.00000000
 0.00000000
 0.00030518
 0.00061035
 0.00091553
 0.00091553
 0.00091553
 0.00122070
 0.00152588
 0.00213623
 0.00274658
 0.00305176
 0.00305176
 0.00274658
 0.00213623
 0.00122070
 0.00030518
-0.00061035
-0.00122070
-0.00122070
-0.00122070
-0.00122070
-0.00061035
-0.00030518
 0.00000000
 0.00091553
 0.00122070
 0.00152588
 0.00183105
 0.00152588
 0.00122070
 0.00061035
 0.00000000
-0.00061035
-0.00091553
-0.00061035
-0.00030518
 0.00000000
 0.00030518
 0.00061035
 0.00122070
 0.00152588
 0.00183105
 0.00183105
 0.00091553
 0.00000000
-0.00061035
-0.00122070
-0.00152588
-0.00183105
-0.00244141
-0.00335693
-0.00396729
-0.00488281
-0.00549316
-0.00549316
-0.00488281
-0.00366211
-0.00274658
-0.00244141
-0.00213623
-0.00183105
-0.00213623
-0.00244141
-0.00213623
-0.00213623
-0.00274658
-0.00396729
-0.00427246
-0.00457764
-0.00488281
-0.00488281
-0.00457764
-0.00396729
-0.00366211
-0.00274658
-0.00183105
-0.00122070
-0.00061035
-0.00061035
-0.00122070
-0.00183105
-0.00213623
-0.00305176
-0.00396729
-0.00427246
-0.00427246
-0.00427246
-0.00366211
-0.00335693
-0.00274658
-0.00183105
-0.00091553
-0.00030518
 0.00000000
 0.00000000
 0.00030518
-0.00030518
-0.00152588
-0.00244141
-0.00305176
-0.00274658
-0.00244141
-0.00213623
-0.00183105
-0.00091553
-0.00061035
-0.00030518
 0.00000000
 0.00091553
 0.00091553
 0.00061035
 0.00000000
-0.00061035
-0.00091553
-0.00122070
-0.00183105
-0.00274658
-0.00305176
-0.00244141
-0.00152588
-0.00091553
-0.00030518
 0.00030518
 0.00030518
 0.00000000
 0.00000000
 0.00030518
 0.00030518
 0.00030518
 0.00000000
-0.00061035
-0.00122070
-0.00122070
-0.00061035
 0.00000000
 0.00061035
 0.00091553
 0.00091553
 0.00152588
 0.00244141
 0.00305176
 0.00335693
 0.00274658
 0.00213623
 0.00152588
 0.00091553
 0.00091553
 0.00061035
 0.00030518
-0.00091553
-0.00152588
-0.00183105
-0.00122070
-0.00030518
 0.00030518
 0.00061035
 0.00091553
 0.00152588
 0.00183105
 0.00213623
 0.00244141
 0.00213623
 0.00152588
 0.00091553
 0.00061035
 0.00030518
 0.00000000
-0.00030518
 0.00000000
 0.00000000
 0.00030518
 0.00061035
 0.00152588
 0.00152588
 0.00183105
 0.00152588
 0.00183105
 0.00213623
 0.00213623
 0.00213623
 0.00152588
 0.00061035
 0.00000000
-0.00030518
-0.00030518
-0.00061035
-0.00061035
 0.00000000
 0.00061035
 0.00122070
 0.00183105
 0.00244141
 0.00274658
 0.00274658
 0.00244141
 0.00244141
 0.00244141
 0.00274658
 0.00305176
 0.00305176
 0.00274658
 0.00244141
 0.00244141
 0.00213623
 0.00213623
 0.00305176
 0.00396729
 0.00457764
 0.00518799
 0.00549316
 0.00579834
 0.00610352
 0.00549316
 0.00457764
 0.00305176
 0.00213623
 0.00183105
 0.00213623
 0.00213623
 0.00213623
 0.00213623
 0.00274658
 0.00335693
 0.00366211
 0.00427246
 0.00427246
 0.00427246
 0.00427246
 0.00457764
 0.00396729
 0.00335693
 0.00244141
 0.00152588
 0.00030518
-0.00030518
-0.00030518
 0.00000000
 0.00000000
 0.00091553
 0.00152588
 0.00213623
 0.00244141
 0.00244141
 0.00213623
 0.00152588
 0.00061035
-0.00030518
-0.00091553
-0.00152588
-0.00183105
-0.00183105
-0.00183105
-0.00213623
-0.00213623
-0.00122070
-0.00061035
 0.00000000
 0.00000000
 0.00000000
 0.00030518
 0.00061035
 0.00030518
-0.00061035
-0.00152588
-0.00274658
-0.00396729
-0.00427246
-0.00366211
-0.00305176
-0.00274658
-0.00213623
-0.00213623
-0.00183105
-0.00152588
-0.00091553
-0.00091553
-0.00152588
-0.00274658
-0.00396729
-0.00396729
-0.00366211
-0.00427246
-0.00518799
-0.00610352
-0.00579834
-0.00457764
-0.00335693
-0.00183105
-0.00091553
-0.00091553
-0.00122070
-0.00152588
-0.00213623
-0.00305176
-0.00457764
-0.00549316
-0.00579834
-0.00549316
-0.00518799
-0.00427246
-0.00335693
-0.00244141
-0.00152588
-0.00061035
 0.00000000
-0.00030518
-0.00091553
-0.00183105
-0.00244141
-0.00274658
-0.00366211
-0.00427246
-0.00396729
-0.00335693
-0.00305176
-0.00244141
-0.00183105
-0.00061035
 0.00061035
 0.00152588
 0.00244141
 0.00274658
 0.00244141
 0.00213623
 0.00213623
 0.00183105
 0.00183105
 0.00122070
 0.00091553
 0.00091553
 0.00091553
 0.00122070
 0.00183105
 0.00274658
 0.00335693
 0.00396729
 0.00457764
 0.00518799
 0.00549316
 0.00488281
 0.00427246
 0.00396729
 0.00396729
 0.00396729
 0.00335693
 0.00274658
 0.00244141
 0.00274658
 0.00335693
 0.00427246
 0.00549316
 0.00610352
 0.00640869
 0.00610352
 0.00610352
 0.00579834
 0.00518799
 0.00427246
 0.00427246
 0.00396729
 0.00366211
 0.00366211
 0.00335693
 0.00335693
 0.00335693
 0.00366211
 0.00396729
 0.00457764
 0.00488281
 0.00457764
 0.00427246
 0.00366211
 0.00305176
 0.00274658
 0.00213623
 0.00183105
 0.00152588
 0.00091553
 0.00000000
 0.00000000
 0.00030518
 0.00091553
 0.00122070
 0.00183105
 0.00183105
 0.00213623
 0.00274658
 0.00244141
 0.00213623
 0.00152588
 0.00152588
 0.00152588
 0.00091553
 0.00030518
-0.00030518
-0.00061035
-0.00061035
-0.00091553
-0.00030518
 0.00000000
-0.00061035
-0.00122070
-0.00152588
-0.00122070
-0.00091553
-0.00122070
-0.00152588
-0.00183105
-0.00244141
-0.00305176
-0.00366211
-0.00396729
-0.00396729
-0.00366211
-0.00305176
-0.00213623
-0.00183105
-0.00122070
-0.00122070
-0.00091553
-0.00091553
-0.00122070
-0.00183105
-0.00244141
-0.00274658
-0.00305176
-0.00366211
-0.00427246
-0.00396729
-0.00366211
-0.00335693
-0.00305176
-0.00244141
-0.00152588
-0.00122070
-0.00152588
-0.00122070
-0.00122070
-0.00152588
-0.00213623
-0.00305176
-0.00366211
-0.00396729
-0.00366211
-0.00366211
-0.00335693
-0.00305176
-0.00244141
-0.00213623
-0.00152588
-0.00122070
-0.00061035
-0.00061035
-0.00061035
-0.00122070
-0.00183105
-0.00213623
-0.00244141
-0.00305176
-0.00305176
-0.00305176
-0.00305176
-0.00213623
-0.00091553
-0.00061035
-0.00091553
-0.00122070
-0.00122070
-0.00091553
-0.00122070
-0.00183105
-0.00244141
-0.00274658
-0.00305176
-0.00335693
-0.00305176
-0.00274658
-0.00305176
-0.00305176
-0.00274658
-0.00213623
-0.00122070
-0.00061035
 0.00000000
 0.00030518
 0.00000000
-0.00030518
-0.00122070
-0.00152588
-0.00183105
-0.00213623
-0.00213623
-0.00274658
-0.00335693
-0.00366211
-0.00335693
-0.00274658
-0.00244141
-0.00183105
-0.00152588
-0.00091553
-0.00030518
-0.00030518
-0.00061035
-0.00183105
-0.00335693
-0.00396729
-0.00366211
-0.00335693
-0.00244141
-0.00183105
-0.00091553
 0.00030518
 0.00122070
 0.00183105
 0.00183105
 0.00213623
 0.00213623
 0.00183105
 0.00152588
 0.00152588
 0.00122070
 0.00061035
 0.00000000
 0.00000000
 0.00030518
 0.00091553
 0.00152588
 0.00213623
 0.00274658
 0.00335693
 0.00335693
 0.00335693
 0.00305176
 0.00274658
 0.00274658
 0.00305176
 0.00335693
 0.00305176
 0.00274658
 0.00213623
 0.00213623
 0.00213623
 0.00213623
 0.00244141
 0.00366211
 0.00488281
 0.00579834
 0.00640869
 0.00640869
 0.00640869
 0.00610352
 0.00579834
 0.00488281
 0.00366211
 0.00274658
 0.00213623
 0.00183105
 0.00213623
 0.00244141
 0.00305176
 0.00366211
 0.00457764
 0.00488281
 0.00518799
 0.00518799
 0.00549316
 0.00518799
 0.00457764
 0.00396729
 0.00305176
 0.00244141
 0.00213623
 0.00183105
 0.00152588
 0.00152588
 0.00183105
 0.00213623
 0.00305176
 0.00366211
 0.00396729
 0.00396729
 0.00366211
 0.00335693
 0.00305176
 0.00244141
 0.00152588
 0.00122070
 0.00091553
 0.00000000
 0.00000000
 0.00030518
 0.00061035
 0.00061035
 0.00091553
 0.00091553
 0.00122070
 0.00122070
 0.00122070
 0.00152588
 0.00183105
 0.00122070
 0.00030518
-0.00030518
-0.00061035
-0.00091553
-0.00091553
-0.00091553
-0.00091553
-0.00091553
 0.00000000
 0.00061035
 0.00030518
 0.00030518
 0.00061035
 0.00061035
 0.00030518
 0.00000000
-0.00091553
-0.00091553
-0.00091553
-0.00122070
-0.00152588
-0.00152588
-0.00152588
-0.00152588
-0.00122070
-0.00091553
-0.00061035
-0.00030518
-0.00061035
-0.00061035
-0.00061035
-0.00091553
-0.00091553
-0.00061035
 0.00000000
 0.00030518
 0.00030518
 0.00061035
 0.00061035
 0.00091553
 0.00152588
 0.00183105
 0.00183105
 0.00213623
 0.00244141
 0.00244141
 0.00213623
 0.00183105
 0.00183105
 0.00213623
 0.00274658
 0.00274658
 0.00213623
 0.00183105
 0.00091553
 0.00091553
 0.00122070
 0.00183105
 0.00183105
 0.00244141
 0.00274658
 0.00305176
 0.00305176
 0.00305176
 0.00305176
 0.00274658
 0.00274658
 0.00213623
 0.00122070
 0.00091553
 0.00091553
 0.00061035
 0.00030518
 0.00061035
 0.00061035
 0.00122070
 0.00183105
 0.00183105
 0.00183105
 0.00183105
 0.00152588
 0.00152588
 0.00122070
 0.00030518
-0.00030518
-0.00091553
-0.00091553
-0.00091553
-0.00091553
-0.00061035
-0.00091553
-0.00122070
-0.00091553
-0.00030518
-0.00030518
-0.00061035
-0.00152588
-0.00274658
-0.00335693
-0.00335693
-0.00305176
-0.00335693
-0.00366211
-0.00396729
-0.00427246
-0.00396729
-0.00366211
-0.00305176
-0.00244141
-0.00244141
-0.00274658
-0.00305176
-0.00396729
-0.00488281
-0.00518799
-0.00518799
-0.00518799
-0.00488281
-0.00488281
-0.00457764
-0.00427246
-0.00427246
-0.00427246
-0.00488281
-0.00579834
-0.00640869
-0.00671387
-0.00671387
-0.00671387
-0.00640869
-0.00640869
-0.00640869
-0.00610352
-0.00579834
-0.00488281
-0.00427246
-0.00427246
-0.00396729
-0.00366211
-0.00335693
-0.00335693
-0.00396729
-0.00457764
-0.00549316
-0.00579834
-0.00610352
-0.00610352
-0.00518799
-0.00427246
-0.00335693
-0.00183105
-0.00122070
-0.00091553
-0.00061035
-0.00061035
-0.00091553
-0.00122070
-0.00183105
-0.00213623
-0.00213623
-0.00183105
-0.00152588
-0.00122070
-0.00091553
-0.00091553
-0.00091553
 0.00000000
 0.00122070
 0.00183105
 0.00213623
 0.00213623
 0.00152588
 0.00122070
 0.00091553
 0.00061035
 0.00091553
 0.00122070
 0.00183105
 0.00274658
 0.00366211
 0.00457764
 0.00488281
 0.00518799
 0.00549316
 0.00549316
 0.00518799
 0.00518799
 0.00518799
 0.00518799
 0.00427246
 0.00305176
 0.00274658
 0.00274658
 0.00335693
 0.00366211
 0.00396729
 0.00396729
 0.00457764
 0.00518799
 0.00549316
 0.00518799
 0.00488281
 0.00488281
 0.00488281
 0.00488281
 0.00488281
 0.00457764
 0.00427246
 0.00366211
 0.00335693
 0.00274658
 0.00274658
 0.00305176
 0.00305176
 0.00335693
 0.00366211
 0.00396729
 0.00427246
 0.00366211
 0.00335693
 0.00305176
 0.00305176
 0.00274658
 0.00244141
 0.00213623
 0.00183105
 0.00152588
 0.00091553
 0.00030518
-0.00030518
-0.00030518
 0.00030518
 0.00122070
 0.00244141
 0.00305176
 0.00335693
 0.00305176
 0.00244141
 0.00152588
 0.00091553
 0.00030518
-0.00030518
-0.00061035
-0.00030518
-0.00030518
-0.00061035
-0.00091553
-0.00061035
 0.00000000
 0.00091553
 0.00091553
 0.00122070
 0.00122070
 0.00091553
 0.00030518
 0.00000000
-0.00030518
-0.00061035
-0.00091553
-0.00183105
-0.00213623
-0.00183105
-0.00122070
-0.00061035
 0.00000000
 0.00000000
 0.00000000
 0.00061035
 0.00091553
 0.00061035
 0.00030518
 0.00000000
 0.00000000
-0.00061035
-0.00122070
-0.00152588
-0.00152588
-0.00152588
-0.00091553
 0.00000000
 0.00091553
 0.00183105
 0.00152588
 0.00122070
 0.00152588
 0.00183105
 0.00152588
 0.00122070
 0.00061035
 0.00000000
 0.00000000
-0.00030518
-0.00061035
-0.00091553
-0.00030518
 0.00091553
 0.00213623
 0.00244141
 0.00244141
 0.00244141
 0.00244141
 0.00183105
 0.00152588
 0.00091553
 0.00061035
 0.00030518
-0.00030518
-0.00061035
-0.00030518
 0.00030518
 0.00122070
 0.00183105
 0.00183105
 0.00213623
 0.00244141
 0.00244141
 0.00213623
 0.00122070
 0.00030518
-0.00061035
-0.00122070
-0.00183105
-0.00183105
-0.00183105
-0.00122070
-0.00061035
-0.00061035
-0.00030518
 0.00000000
 0.00091553
 0.00091553
 0.00030518
-0.00030518
-0.00061035
-0.00122070
-0.00122070
-0.00152588
-0.00183105
-0.00183105
-0.00183105
-0.00152588
-0.00122070
-0.00122070
-0.00091553
-0.00061035
-0.00061035
-0.00061035
-0.00091553
-0.00091553
-0.00061035
-0.00030518
-0.00061035
-0.00091553
-0.00061035
-0.00061035
-0.00091553
-0.00183105
-0.00183105
-0.00183105
-0.00122070
-0.00091553
-0.00091553
-0.00091553
-0.00061035
-0.00030518
 0.00000000
 0.00030518
 0.00000000
-0.00061035
-0.00061035
-0.00061035
-0.00030518
-0.00030518
 0.00000000
 0.00000000
 0.00030518
 0.00091553
 0.00183105
 0.00274658
 0.00305176
 0.00274658
 0.00274658
 0.00274658
 0.00305176
 0.00274658
 0.00213623
 0.00152588
 0.00091553
 0.00091553
 0.00091553
 0.00152588
 0.00213623
 0.00274658
 0.00305176
 0.00305176
 0.00335693
 0.00335693
 0.00335693
 0.00335693
 0.00335693
 0.00274658
 0.00244141
 0.00244141
 0.00213623
 0.00213623
 0.00213623
 0.00183105
 0.00152588
 0.00152588
 0.00183105
 0.00213623
 0.00244141
 0.00244141
 0.00244141
 0.00213623
 0.00213623
 0.00183105
 0.00152588
 0.00091553
 0.00061035
 0.00000000
 0.00000000
 0.00000000
 0.00000000
 0.00000000
 0.00030518
 0.00061035
 0.00061035
 0.00061035
 0.00030518
 0.00000000
 0.00030518
 0.00000000
-0.00091553
-0.00152588
-0.00152588
-0.00213623
-0.00274658
-0.00366211
-0.00366211
-0.00305176
-0.00244141
-0.00213623
-0.00183105
-0.00152588
-0.00152588
-0.00183105
-0.00213623
-0.00244141
-0.00305176
-0.00366211
-0.00488281
-0.00549316
-0.00579834
-0.00549316
-0.00579834
-0.00640869
-0.00640869
-0.00610352
-0.00518799
-0.00457764
-0.00396729
-0.00335693
-0.00305176
-0.00335693
-0.00335693
-0.00366211
-0.00457764
-0.00518799
-0.00579834
-0.00579834
-0.00579834
-0.00610352
-0.00579834
-0.00488281
-0.00457764
-0.00427246
-0.00366211
-0.00335693
-0.00335693
-0.00335693
-0.00274658
-0.00213623
-0.00213623
-0.00305176
-0.00335693
-0.00396729
-0.00366211
-0.00335693
-0.00335693
-0.00335693
-0.00274658
-0.00183105
-0.00122070
-0.00091553
-0.00091553
-0.00091553
-0.00122070
-0.00122070
-0.00122070
-0.00091553
-0.00122070
-0.00152588
-0.00122070
-0.00122070
-0.00091553
-0.00030518
 0.00061035
 0.00122070
 0.00183105
 0.00244141
 0.00335693
 0.00396729
 0.00396729
 0.00366211
 0.00366211
 0.00335693
 0.00305176
 0.00244141
 0.00213623
 0.00152588
 0.00183105
 0.00213623
 0.00244141
 0.00274658
 0.00335693
 0.00366211
 0.00366211
 0.00366211
 0.00366211
 0.00366211
 0.00366211
 0.00396729
 0.00396729
 0.00396729
 0.00366211
 0.00366211
 0.00396729
 0.00396729
 0.00366211
 0.00366211
 0.00366211
 0.00366211
 0.00366211
 0.00396729
 0.00396729
 0.00396729
 0.00366211
 0.00335693
 0.00305176
 0.00244141
 0.00213623
 0.00183105
 0.00213623
 0.00213623
 0.00213623
 0.00244141
 0.00274658
 0.00274658
 0.00274658
 0.00274658
 0.00305176
 0.00274658
 0.00244141
 0.00244141
 0.00274658
 0.00305176
 0.00305176
 0.00305176
 0.00274658
 0.00274658
 0.00274658
 0.00274658
 0.00274658
 0.00244141
 0.00213623
 0.00183105
 0.00122070
 0.00061035
 0.00000000
 0.00000000
 0.00030518
 0.00091553
 0.00152588
 0.00213623
 0.00213623
 0.00152588
 0.00122070
 0.00091553
 0.00061035
 0.00030518
 0.00000000
-0.00030518
-0.00061035
-0.00091553
-0.00122070
-0.00091553
-0.00061035
 0.00000000
 0.00030518
 0.00091553
 0.00122070
 0.00183105
 0.00213623
 0.00213623
 0.00152588
 0.00122070
 0.00030518
 0.00000000
-0.00061035
-0.00061035
-0.00061035
-0.00061035
-0.00030518
 0.00000000
 0.00091553
 0.00122070
 0.00152588
 0.00152588
 0.00183105
 0.00152588
 0.00152588
 0.00152588
 0.00091553
 0.00061035
-0.00030518
-0.00091553
-0.00122070
-0.00122070
-0.00061035
 0.00030518
 0.00122070
 0.00183105
 0.00183105
 0.00183105
 0.00152588
 0.00152588
 0.00091553
 0.00091553
 0.00061035
 0.00061035
 0.00061035
 0.00030518
 0.00000000
-0.00030518
-0.00061035
-0.00061035
-0.00030518
 0.00030518
 0.00061035
 0.00061035
 0.00061035
 0.00061035
 0.00091553
 0.00061035
 0.00030518
 0.00000000
-0.00030518
-0.00030518
-0.00091553
-0.00152588
-0.00152588
-0.00183105
-0.00152588
-0.00122070
-0.00061035
-0.00030518
 0.00000000
 0.00030518
 0.00061035
 0.00030518
-0.00030518
-0.00122070
-0.00213623
-0.00274658
-0.00305176
-0.00274658
-0.00244141
-0.00213623
-0.00274658
-0.00305176
-0.00305176
-0.00274658
-0.00213623
-0.00152588
-0.00122070
-0.00152588
-0.00183105
-0.00213623
-0.00244141
-0.00274658
-0.00366211
-0.00366211
-0.00335693
-0.00244141
-0.00183105
-0.00152588
-0.00152588
-0.00122070
-0.00122070
-0.00152588
-0.00152588
-0.00152588
-0.00152588
-0.00122070
-0.00152588
-0.00183105
-0.00274658
-0.00335693
-0.00366211
-0.00335693
-0.00335693
-0.00335693
-0.00305176
-0.00213623
-0.00152588
-0.00091553
-0.00030518
-0.00061035
-0.00122070
-0.00152588
-0.00152588
-0.00152588
-0.00122070
-0.00152588
-0.00152588
-0.00183105
-0.00183105
-0.00152588
-0.00122070
-0.00061035
-0.00030518
-0.00030518
-0.00061035
-0.00061035
-0.00061035
-0.00091553
-0.00091553
-0.00091553
-0.00091553
-0.00091553
-0.00122070
-0.00183105
-0.00213623
-0.00244141
-0.00244141
-0.00213623
-0.00183105
-0.00183105
-0.00152588
-0.00122070
-0.00061035
-0.00030518
 0.00030518
 0.00061035
 0.00061035
 0.00061035
 0.00030518
-0.00030518
-0.00061035
-0.00122070
-0.00091553
-0.00122070
-0.00122070
-0.00122070
-0.00122070
-0.00091553
-0.00030518
-0.00030518
 0.00000000
 0.00000000
 0.00030518
 0.00030518
 0.00000000
-0.00061035
-0.00091553
-0.00122070
-0.00122070
-0.00152588
-0.00152588
-0.00213623
-0.00183105
-0.00183105
-0.00213623
-0.00183105
-0.00122070
-0.00091553
-0.00091553
-0.00061035
-0.00030518
-0.00030518
-0.00030518
-0.00091553
-0.00122070
-0.00122070
-0.00091553
-0.00091553
-0.00091553
-0.00091553
-0.00091553
-0.00091553
-0.00061035
-0.00030518
 0.00000000
 0.00030518
 0.00030518
 0.00061035
 0.00000000
-0.00030518
 0.00000000
-0.00030518
-0.00030518
-0.00061035
-0.00091553
-0.00061035
 0.00000000
 0.00030518
 0.00061035
 0.00091553
 0.00091553
 0.00122070
 0.00122070
 0.00183105
 0.00244141
 0.00274658
 0.00274658
 0.00305176
 0.00244141
 0.00183105
 0.00183105
 0.00244141
 0.00244141
 0.00274658
 0.00305176
 0.00335693
 0.00305176
 0.00305176
 0.00305176
 0.00274658
 0.00213623
 0.00183105
 0.00122070
 0.00152588
 0.00152588
 0.00122070
 0.00122070
 0.00183105
 0.00213623
 0.00213623
 0.00213623
 0.00244141
 0.00244141
 0.00274658
 0.00244141
 0.00183105
 0.00152588
 0.00091553
 0.00030518
 0.00030518
 0.00030518
 0.00091553
 0.00122070
 0.00152588
 0.00152588
 0.00213623
 0.00244141
 0.00244141
 0.00244141
 0.00244141
 0.00244141
 0.00244141
 0.00213623
 0.00152588
 0.00061035
-0.00030518
-0.00091553
-0.00122070
-0.00152588
-0.00122070
-0.00152588
-0.00152588
-0.00122070
-0.00030518
 0.00122070
 0.00183105
 0.00152588
 0.00091553
 0.00061035
 0.00000000
-0.00061035
-0.00152588
-0.00213623
-0.00274658
-0.00274658
-0.00244141
-0.00183105
-0.00122070
-0.00061035
 0.00000000
 0.00030518
 0.00061035
 0.00030518
 0.00000000
-0.00061035
-0.00122070
-0.00183105
-0.00244141
-0.00335693
-0.00396729
-0.00427246
-0.00427246
-0.00335693
-0.00305176
-0.00274658
-0.00244141
-0.00183105
-0.00152588
-0.00152588
-0.00152588
-0.00152588
-0.00183105
-0.00152588
-0.00152588
-0.00122070
-0.00152588
-0.00183105
-0.00183105
-0.00183105
-0.00122070
-0.00091553
-0.00091553
-0.00091553
-0.00091553
-0.00091553
-0.00122070
-0.00122070
-0.00061035
 0.00000000
 0.00000000
-0.00030518
-0.00030518
-0.00061035
-0.00061035
-0.00030518
 0.00000000
 0.00000000
 0.00000000
 0.00000000
 0.00000000
-0.00030518
 0.00030518
 0.00061035
 0.00061035
 0.00030518
 0.00000000
 0.00030518
 0.00061035
 0.00061035
 0.00000000
-0.00030518
 0.00000000
 0.00061035
 0.00122070
 0.00122070
 0.00122070
 0.00122070
 0.00091553
 0.00030518
 0.00030518
 0.00030518
 0.00000000
 0.00000000
 0.00030518
 0.00030518
 0.00061035
 0.00091553
 0.00122070
 0.00122070
 0.00122070
 0.00061035
 0.00061035
 0.00091553
 0.00061035
 0.00030518
 0.00000000
 0.00000000
-0.00061035
-0.00061035
-0.00091553
-0.00061035
 0.00000000
 0.00030518
 0.00061035
 0.00122070
 0.00152588
 0.00152588
 0.00152588
 0.00122070
 0.00061035
 0.00000000
-0.00030518
-0.00030518
-0.00061035
-0.00091553
-0.00122070
-0.00152588
-0.00152588
-0.00183105
-0.00213623
-0.00152588
-0.00091553
-0.00030518
-0.00061035
-0.00061035
-0.00030518
-0.00030518
-0.00091553
-0.00183105
-0.00274658
-0.00274658
-0.00244141
-0.00244141
-0.00244141
-0.00213623
-0.00183105
-0.00152588
-0.00122070
-0.00091553
-0.00091553
-0.00061035
-0.00061035
-0.00061035
-0.00122070
-0.00152588
-0.00213623
-0.00274658
-0.00305176
-0.00335693
-0.00305176
-0.00305176
-0.00274658
-0.00213623
-0.00122070
-0.00122070
-0.00152588
-0.00213623
-0.00213623
-0.00244141
-0.00274658
-0.00274658
-0.00335693
-0.00335693
-0.00274658
-0.00213623
-0.00213623
-0.00213623
-0.00152588
-0.00061035
 0.00030518
 0.00061035
 0.00030518
-0.00030518
-0.00061035
-0.00122070
