 0.00030518
 0.00030518
 0.00000000
 0.00030518
 0.00030518
 0.00000000
 0.00000000
 0.00030518
 0.00030518
 0.00030518
 0.00030518
 0.00030518
 0.00030518
 0.00030518
 0.00030518
 0.00030518
 0.00000000
 0.00000000
-0.00030518
 0.00000000
 0.00000000
 0.00000000
-0.00030518
-0.00030518
 0.00000000
 0.00000000
-0.00030518
-0.00030518
 0.00030518
 0.00030518
 0.00030518
 0.00030518
 0.00030518
 0.00000000
 0.00000000
 0.00000000
-0.00030518
-0.00061035
-0.00030518
 0.00000000
 0.00000000
-0.00030518
-0.00030518
 0.00000000
-0.00030518
-0.00030518
-0.00030518
 0.00000000
 0.00000000
 0.00000000
-0.00030518
-0.00030518
 0.00000000
 0.00000000
-0.00030518
-0.00030518
 0.00000000
 0.00030518
 0.00030518
 0.00000000
 0.00000000
-0.00030518
-0.00030518
 0.00000000
 0.00030518
 0.00000000
 0.00000000
 0.00000000
 0.00000000
-0.00061035
-0.00061035
-0.00030518
 0.00000000
 0.00000000
 0.00030518
 0.00061035
 0.00030518
-0.00030518
 0.00000000
 0.00030518
 0.00061035
 0.00030518
 0.00000000
 0.00030518
 0.00000000
-0.00061035
-0.00030518
 0.00000000
 0.00030518
 0.00091553
 0.00244141
 0.00549316
 0.01129150
 0.01800537
 0.02197266
 0.01617432
-0.00640869
-0.04730225
-0.09155273
-0.11444092
-0.10131836
-0.06591797
-0.02990723
-0.00091553
 0.02593994
 0.05401611
 0.08758545
 0.13977051
 0.20385742
 0.22155762
 0.08605957
-0.12145996
-0.22857666
-0.21667480
-0.14801025
-0.06774902
-0.01556396
 0.00335693
 0.01770020
 0.04028320
 0.06805420
 0.09887695
 0.12603760
 0.13824463
 0.12817383
 0.09918213
 0.04241943
-0.06103516
-0.19378662
-0.29541016
-0.32165527
-0.23590088
-0.09490967
 0.04882813
 0.15350342
 0.22125244
 0.24688721
 0.21148682
 0.11566162
 0.03173828
 0.00061035
-0.01037598
-0.02624512
-0.05279541
-0.07720947
-0.09307861
-0.09490967
-0.07995605
-0.06805420
-0.08666992
-0.10803223
-0.06286621
 0.04943848
 0.18646240
 0.35827637
 0.34851074
 0.24505615
 0.04028320
-0.15319824
-0.24047852
-0.23406982
-0.16418457
-0.06134033
 0.02655029
 0.07476807
 0.08941650
 0.07690430
 0.03479004
-0.00061035
 0.00946045
 0.06256104
 0.13671875
 0.19134521
 0.19042969
 0.09796143
-0.05523682
-0.19561768
-0.26611328
-0.26824951
-0.21423340
-0.12329102
-0.01678467
 0.08422852
 0.15625000
 0.18493652
 0.17089844
 0.11230469
 0.04547119
 0.00000000
-0.02532959
-0.03143311
-0.01922607
 0.00122070
 0.01037598
-0.01922607
-0.08850098
-0.14617920
-0.15197754
-0.11108398
-0.03845215
 0.04638672
 0.12390137
 0.17639160
 0.19226074
 0.14984131
 0.06530762
-0.01037598
-0.05493164
-0.08300781
-0.10101318
-0.10864258
-0.10437012
-0.08728027
-0.05859375
-0.02349854
 0.01068115
 0.04058838
 0.06683350
 0.08514404
 0.08087158
 0.04547119
 0.00061035
-0.03143311
-0.04638672
-0.04486084
-0.03265381
-0.02471924
-0.03723145
-0.06835938
-0.09338379
-0.09155273
-0.06103516
-0.00885010
 0.05401611
 0.11505127
 0.16235352
 0.17761230
 0.12969971
 0.02777100
-0.08972168
-0.19317627
-0.26000977
-0.26519775
-0.20294189
-0.08483887
 0.04791260
 0.13977051
 0.15319824
 0.05981445
-0.11901855
-0.27496338
-0.32928467
-0.25268555
-0.11657715
 0.05676270
 0.22460938
 0.34393311
 0.31005859
 0.20996094
 0.02899170
-0.13153076
-0.19104004
-0.16876221
-0.09033203
 0.01373291
 0.10711670
 0.16479492
 0.18096924
 0.16265869
 0.11993408
 0.09460449
 0.09643555
 0.10437012
 0.10070801
 0.06958008
 0.01190186
-0.05798340
-0.12390137
-0.17456055
-0.19470215
-0.17333984
-0.11047363
-0.01464844
 0.09094238
 0.17852783
 0.22705078
 0.21484375
 0.12512207
 0.00549316
-0.08331299
-0.12695313
-0.14129639
-0.13488770
-0.11840820
-0.10131836
-0.08544922
-0.06530762
-0.03143311
 0.01770020
 0.07781982
 0.14007568
 0.19195557
 0.21240234
 0.16784668
 0.06988525
-0.03509521
-0.11505127
-0.16510010
-0.18157959
-0.16967773
-0.13977051
-0.10040283
-0.05615234
-0.00823975
 0.04364014
 0.09948730
 0.15686035
 0.21087646
 0.24963379
 0.24719238
 0.19104004
 0.10681152
 0.02166748
-0.05828857
-0.12481689
-0.16296387
-0.16235352
-0.12542725
-0.06134033
 0.01647949
 0.09063721
 0.14282227
 0.16174316
 0.12847900
 0.06164551
 0.00732422
-0.02380371
-0.04699707
-0.06988525
-0.09643555
-0.12908936
-0.16418457
-0.19378662
-0.20782471
-0.19897461
-0.16540527
-0.10986328
-0.03662109
 0.04272461
 0.11077881
 0.15380859
 0.15625000
 0.10894775
 0.04943848
 0.01281738
-0.00885010
-0.02838135
-0.04943848
-0.07202148
-0.09185791
-0.10101318
-0.09094238
-0.05767822
-0.00366211
 0.06469727
 0.13549805
 0.19348145
 0.22155762
 0.19165039
 0.11138916
 0.03143311
-0.01861572
-0.04486084
-0.04882813
-0.03448486
-0.01068115
 0.01037598
 0.01678467
 0.00610352
-0.00610352
-0.00366211
 0.01678467
 0.04882813
 0.08270264
 0.10559082
 0.10070801
 0.06561279
 0.01953125
-0.02197266
-0.05676270
-0.08087158
-0.09063721
-0.08361816
-0.06225586
-0.03326416
-0.00549316
 0.01190186
 0.01251221
 0.00335693
-0.00091553
 0.00762939
 0.02624512
 0.04760742
 0.06103516
 0.05645752
 0.03204346
 0.00091553
-0.02471924
-0.03936768
-0.03997803
-0.02563477
 0.00091553
 0.03387451
 0.06347656
 0.07690430
 0.06225586
 0.02868652
-0.00091553
-0.01403809
-0.00885010
 0.01098633
 0.03723145
 0.05828857
 0.05920410
 0.03265381
-0.00671387
-0.04119873
-0.06195068
-0.06744385
-0.05462646
-0.02532959
 0.01495361
 0.05767822
 0.09033203
 0.09338379
 0.05401611
-0.00549316
-0.05737305
-0.09185791
-0.10620117
-0.09948730
-0.07659912
-0.04760742
-0.02258301
-0.01373291
-0.02624512
-0.04821777
-0.06164551
-0.05950928
-0.04028320
-0.00671387
 0.03570557
 0.07690430
 0.10223389
 0.08972168
 0.03936768
-0.01770020
-0.05920410
-0.08148193
-0.08300781
-0.06408691
-0.03051758
 0.00946045
 0.04455566
 0.05981445
 0.04241943
 0.00488281
-0.02624512
-0.04180908
-0.04302979
-0.03204346
-0.01342773
 0.00366211
 0.00793457
-0.00793457
-0.04028320
-0.07354736
-0.09521484
-0.10009766
-0.08575439
-0.05432129
-0.01190186
 0.03326416
 0.07141113
 0.08697510
 0.06591797
 0.02166748
-0.02105713
-0.05340576
-0.07507324
-0.08239746
-0.07446289
-0.05584717
-0.03265381
-0.01220703
-0.00061035
 0.00000000
-0.00366211
-0.00366211
 0.00305176
 0.01617432
 0.03356934
 0.05004883
 0.05920410
 0.05493164
 0.03692627
 0.01190186
-0.01159668
-0.02716064
-0.03051758
-0.02075195
-0.00030518
 0.02655029
 0.05462646
 0.07781982
 0.09033203
 0.08972168
 0.07751465
 0.05798340
 0.03479004
 0.01220703
-0.00518799
-0.01312256
-0.01159668
-0.00396729
 0.00427246
 0.00976563
 0.01007080
 0.00732422
 0.00610352
 0.00976563
 0.01800537
 0.02960205
 0.04180908
 0.05065918
 0.05065918
 0.03906250
 0.01708984
-0.00915527
-0.03356934
-0.05096436
-0.05676270
-0.05035400
-0.03417969
-0.01251221
 0.00854492
 0.02319336
 0.02807617
 0.02380371
 0.01434326
 0.00335693
-0.00671387
-0.01403809
-0.01647949
-0.01373291
-0.00793457
-0.00244141
-0.00030518
-0.00183105
-0.00518799
-0.00549316
 0.00061035
 0.01434326
 0.03295898
 0.05187988
 0.06530762
 0.06774902
 0.05615234
 0.03387451
 0.00793457
-0.01617432
-0.03509521
-0.04608154
-0.04699707
-0.03875732
-0.02380371
-0.00488281
 0.01312256
 0.02716064
 0.03326416
 0.03051758
 0.02105713
 0.00946045
-0.00152588
-0.01098633
-0.01861572
-0.02349854
-0.02685547
-0.02899170
-0.03082275
-0.03173828
-0.03082275
-0.02532959
-0.01403809
 0.00274658
 0.02197266
 0.03906250
 0.04791260
 0.04425049
 0.02838135
 0.00518799
-0.01922607
-0.04150391
-0.05889893
-0.06927490
-0.07202148
-0.06683350
-0.05493164
-0.03906250
-0.02166748
-0.00488281
 0.00854492
 0.01861572
 0.02563477
 0.03112793
 0.03356934
 0.03143311
 0.02349854
 0.01007080
-0.00671387
-0.02441406
-0.03875732
-0.04577637
-0.04364014
-0.03173828
-0.01129150
 0.01434326
 0.04028320
 0.06042480
 0.06958008
 0.06561279
 0.05035400
 0.02838135
 0.00427246
-0.01983643
-0.03997803
-0.05462646
-0.06042480
-0.05737305
-0.04669189
-0.03051758
-0.01251221
 0.00457764
 0.01831055
 0.02868652
 0.03570557
 0.03906250
 0.03753662
 0.02960205
 0.01525879
-0.00305176
-0.02166748
-0.03753662
-0.04821777
-0.05157471
-0.04699707
-0.03570557
-0.01892090
 0.00000000
 0.01770020
 0.03173828
 0.03936768
 0.03967285
 0.03509521
 0.02593994
 0.01342773
-0.00061035
-0.01434326
-0.02655029
-0.03448486
-0.03692627
-0.03448486
-0.02685547
-0.01525879
-0.00152588
 0.01312256
 0.02746582
 0.03875732
 0.04547119
 0.04608154
 0.03997803
 0.02868652
 0.01434326
 0.00000000
-0.01190186
-0.01892090
-0.02197266
-0.02136230
-0.01739502
-0.01068115
-0.00122070
 0.00946045
 0.02014160
 0.02929688
 0.03448486
 0.03448486
 0.02868652
 0.01983643
 0.00823975
-0.00396729
-0.01434326
-0.02105713
-0.02319336
-0.02044678
-0.01403809
-0.00427246
 0.01098633
 0.03479004
 0.06896973
 0.10772705
 0.13488770
 0.10559082
-0.03814697
-0.27069092
-0.50170898
-0.63781738
-0.58868408
-0.39733887
-0.17456055
 0.06256104
 0.30609131
 0.36346436
 0.35583496
 0.52734375
 0.84106445
 0.96282959
 0.56945801
-0.08270264
-0.60882568
-0.75439453
-0.66589355
-0.47698975
-0.38452148
-0.47027588
-0.53344727
-0.34027100
 0.02960205
 0.38604736
 0.70220947
 0.84259033
 0.78155518
 0.59234619
 0.39062500
 0.16082764
-0.15716553
-0.45318604
-0.64941406
-0.64239502
-0.45898438
-0.24993896
-0.05126953
 0.09704590
 0.17089844
 0.19378662
 0.23498535
 0.32623291
 0.47271729
 0.54199219
 0.42816162
 0.16906738
-0.20599365
-0.51025391
-0.53741455
-0.36468506
-0.21331787
-0.17517090
-0.17028809
-0.08270264
 0.14221191
 0.43395996
 0.71289063
 0.77239990
 0.53314209
 0.25207520
-0.03570557
-0.19683838
-0.23071289
-0.20568848
-0.17425537
-0.19409180
-0.27709961
-0.35461426
-0.24627686
-0.00915527
 0.34393311
 0.63323975
 0.71685791
 0.58563232
 0.36651611
 0.17242432
-0.08697510
-0.29052734
-0.42388916
-0.44830322
-0.36865234
-0.29510498
-0.25024414
-0.23956299
-0.22491455
-0.17089844
-0.04455566
 0.18096924
 0.46051025
 0.59112549
 0.53985596
 0.37902832
 0.21942139
-0.02838135
-0.21697998
-0.35583496
-0.39733887
-0.41198730
-0.41107178
-0.35522461
-0.22155762
-0.01647949
 0.21087646
 0.42083740
 0.44067383
 0.37048340
 0.34515381
 0.26306152
 0.13977051
-0.00701904
-0.17028809
-0.31005859
-0.39489746
-0.40344238
-0.35552979
-0.30334473
-0.22674561
-0.14190674
-0.03082275
 0.11108398
 0.23925781
 0.31005859
 0.28991699
 0.17395020
 0.02288818
-0.08056641
-0.12329102
-0.15777588
-0.23284912
-0.35156250
-0.46478271
-0.49041748
-0.38208008
-0.20812988
-0.01464844
 0.13366699
 0.21911621
 0.25421143
 0.26977539
 0.28930664
 0.32318115
 0.29541016
 0.08453369
-0.24688721
-0.57769775
-0.76446533
-0.70892334
-0.44006348
-0.10711670
 0.24017334
 0.47180176
 0.40893555
 0.22308350
 0.01220703
-0.23986816
-0.44219971
-0.56518555
-0.56701660
-0.43792725
-0.26855469
-0.11993408
-0.03997803
-0.01678467
 0.00061035
 0.04913330
 0.13580322
 0.25512695
 0.36010742
 0.34088135
 0.30731201
 0.23834229
 0.20507813
 0.20233154
 0.18585205
 0.12847900
 0.04943848
-0.00518799
-0.01373291
 0.01617432
 0.06317139
 0.09796143
 0.10040283
 0.06866455
 0.06225586
 0.12786865
 0.25878906
 0.42358398
 0.44525146
 0.34667969
 0.18371582
-0.00823975
-0.13244629
-0.17456055
-0.16296387
-0.11627197
-0.05523682
-0.00183105
 0.02380371
 0.00671387
-0.06530762
-0.13580322
-0.14709473
-0.10681152
-0.03326416
 0.05187988
 0.12481689
 0.16418457
 0.15594482
 0.08789063
 0.00061035
-0.06317139
-0.10711670
-0.13610840
-0.12969971
-0.07141113
 0.04638672
 0.22247314
 0.42755127
 0.51391602
 0.49926758
 0.40649414
 0.31341553
 0.16571045
 0.04730225
-0.02197266
-0.07049561
-0.11199951
-0.15106201
-0.17791748
-0.17639160
-0.13763428
-0.06439209
 0.03295898
 0.13397217
 0.21728516
 0.26367188
 0.24078369
 0.11260986
-0.07659912
-0.24230957
-0.35430908
-0.38421631
-0.35522461
-0.32623291
-0.31951904
-0.32592773
-0.33264160
-0.28991699
-0.22125244
-0.12786865
-0.03051758
 0.04455566
 0.08422852
 0.06988525
 0.00732422
-0.05371094
-0.08117676
-0.09063721
-0.09613037
-0.10437012
-0.12298584
-0.14984131
-0.16693115
-0.15075684
-0.09307861
 0.00701904
 0.13580322
 0.28472900
 0.37506104
 0.36163330
 0.31921387
 0.18646240
 0.02532959
-0.07659912
-0.11840820
-0.11749268
-0.08483887
-0.03173828
 0.03173828
 0.09918213
 0.16418457
 0.22064209
 0.25848389
 0.24963379
 0.18371582
 0.09368896
 0.00915527
-0.06652832
-0.12695313
-0.15930176
-0.16204834
-0.14343262
-0.11505127
-0.08361816
-0.05187988
-0.01464844
 0.03601074
 0.10253906
 0.18035889
 0.25421143
 0.30303955
 0.29785156
 0.21850586
 0.10864258
 0.01922607
-0.04486084
-0.08972168
-0.10864258
-0.09613037
-0.05401611
 0.01373291
 0.09857178
 0.18554688
 0.25695801
 0.30029297
 0.29968262
 0.24353027
 0.16632080
 0.10284424
 0.04943848
-0.00579834
-0.06439209
-0.12023926
-0.15869141
-0.16143799
-0.11993408
-0.03234863
 0.08850098
 0.21270752
 0.34027100
 0.35003662
 0.33813477
 0.24353027
 0.09094238
-0.04943848
-0.15289307
-0.23010254
-0.27404785
-0.28503418
-0.27282715
-0.24780273
-0.21697998
-0.18402100
-0.14831543
-0.10925293
-0.06835938
-0.03204346
-0.01403809
-0.03051758
-0.07751465
-0.13122559
-0.17761230
-0.21362305
-0.23681641
-0.24230957
-0.22644043
-0.18859863
-0.13122559
-0.05798340
 0.02319336
 0.09735107
 0.15136719
 0.17700195
 0.15625000
 0.10223389
 0.04577637
-0.01007080
-0.07598877
-0.14160156
-0.18829346
-0.20629883
-0.19714355
-0.16845703
-0.12878418
-0.08544922
-0.04302979
-0.00671387
 0.01861572
 0.03082275
 0.03448486
 0.03509521
 0.03692627
 0.03967285
 0.03845215
 0.02624512
-0.00366211
-0.05004883
-0.09979248
-0.13763428
-0.15319824
-0.14495850
-0.11596680
-0.07171631
-0.01861572
 0.03692627
 0.08972168
 0.13275146
 0.15258789
 0.13610840
 0.09277344
 0.04272461
-0.00671387
-0.05310059
-0.08972168
-0.11260986
-0.12023926
-0.11230469
-0.08789063
-0.04669189
 0.00854492
 0.07293701
 0.13793945
 0.19439697
 0.23223877
 0.23284912
 0.19317627
 0.13977051
 0.08880615
 0.03509521
-0.01739502
-0.05615234
-0.07507324
-0.07507324
-0.05889893
-0.02960205
 0.01068115
 0.05950928
 0.11383057
 0.16906738
 0.21789551
 0.24627686
 0.23529053
 0.18676758
 0.12603760
 0.06896973
 0.01708984
-0.02349854
-0.04699707
-0.05157471
-0.03997803
-0.01617432
 0.01556396
 0.04821777
 0.07446289
 0.08636475
 0.08056641
 0.06011963
 0.02716064
-0.01953125
-0.07965088
-0.14373779
-0.19744873
-0.22827148
-0.23040771
-0.20568848
-0.15869141
-0.09643555
-0.02807617
 0.03448486
 0.08483887
 0.11810303
 0.12176514
 0.10192871
 0.07965088
 0.05889893
 0.03173828
-0.00152588
-0.03417969
-0.06195068
-0.08239746
-0.09277344
-0.09063721
-0.07598877
-0.05035400
-0.01831055
 0.01342773
 0.03662109
 0.04394531
 0.03387451
 0.01586914
-0.00518799
-0.02990723
-0.05798340
-0.08575439
-0.10650635
-0.11383057
-0.10528564
-0.08209229
-0.04852295
-0.01037598
 0.02777100
 0.06072998
 0.08483887
 0.09979248
 0.10375977
 0.09490967
 0.07202148
 0.03967285
 0.00366211
-0.02960205
-0.05462646
-0.06927490
-0.07293701
-0.06683350
-0.05310059
-0.03387451
-0.01281738
 0.00640869
 0.01983643
 0.02502441
 0.02258301
 0.01617432
 0.00885010
 0.00366211
 0.00122070
 0.00183105
 0.00549316
 0.01342773
 0.02563477
 0.03997803
 0.05279541
 0.05859375
 0.05371094
 0.04180908
 0.02929688
 0.02166748
 0.02075195
 0.02471924
 0.02838135
 0.02777100
 0.02075195
 0.01098633
 0.00274658
-0.00091553
 0.00061035
 0.00488281
 0.01037598
 0.01556396
 0.01983643
 0.02258301
 0.02258301
 0.01770020
 0.00701904
-0.00671387
-0.01892090
-0.02441406
-0.02197266
-0.01251221
-0.00183105
 0.00518799
 0.00579834
 0.00335693
 0.00122070
 0.00244141
 0.00610352
 0.00885010
 0.00762939
 0.00274658
-0.00244141
-0.00518799
-0.00671387
-0.00976563
-0.01678467
-0.02624512
-0.03356934
-0.03326416
-0.02349854
-0.00579834
 0.01525879
 0.03509521
 0.05126953
 0.06134033
 0.06530762
 0.06347656
 0.05310059
 0.03479004
 0.01281738
-0.00610352
-0.01708984
-0.01953125
-0.01586914
-0.01068115
-0.00823975
-0.00854492
-0.00854492
-0.00610352
-0.00244141
-0.00061035
-0.00457764
-0.01647949
-0.03204346
-0.04577637
-0.05371094
-0.05767822
-0.06072998
-0.06561279
-0.07110596
-0.07232666
-0.06439209
-0.04638672
-0.02136230
 0.00579834
 0.02899170
 0.04333496
 0.04730225
 0.04425049
 0.03631592
 0.02227783
 0.00183105
-0.02136230
-0.04089355
-0.05249023
-0.05462646
-0.04791260
-0.03448486
-0.01708984
 0.00244141
 0.02288818
 0.04302979
 0.05798340
 0.06164551
 0.05065918
 0.02838135
 0.00427246
-0.01342773
-0.02288818
-0.02624512
-0.02624512
-0.02441406
-0.01953125
-0.00762939
 0.01342773
 0.04364014
 0.07812500
 0.10955811
 0.12908936
 0.13061523
 0.11871338
 0.10223389
 0.08422852
 0.06317139
 0.03814697
 0.01159668
-0.00976563
-0.02166748
-0.02288818
-0.01556396
-0.00335693
 0.00976563
 0.02075195
 0.02899170
 0.03601074
 0.04119873
 0.04180908
 0.03417969
 0.01983643
 0.00091553
-0.01708984
-0.03173828
-0.04180908
-0.04852295
-0.05126953
-0.04974365
-0.04302979
-0.02868652
-0.00885010
 0.01312256
 0.03143311
 0.04028320
 0.03723145
 0.02655029
 0.01281738
-0.00030518
-0.01312256
-0.02471924
-0.03417969
-0.03845215
-0.03417969
-0.02044678
-0.00030518
 0.02227783
 0.04180908
 0.05432129
 0.05950928
 0.06072998
 0.06103516
 0.05920410
 0.05035400
 0.03356934
 0.01190186
-0.00946045
-0.02746582
-0.04058838
-0.04882813
-0.05279541
-0.05187988
-0.04425049
-0.03051758
-0.01190186
 0.00610352
 0.01586914
 0.01037598
-0.01007080
-0.03662109
-0.05950928
-0.07507324
-0.08209229
-0.08392334
-0.08331299
-0.08087158
-0.07537842
-0.06561279
-0.05096436
-0.03387451
-0.01831055
-0.00671387
-0.00030518
 0.00183105
 0.00152588
-0.00274658
-0.01342773
-0.03082275
-0.05126953
-0.06927490
-0.08087158
-0.08392334
-0.07904053
-0.06744385
-0.05310059
-0.03753662
-0.02258301
-0.00946045
-0.00030518
 0.00366211
 0.00122070
-0.00549316
-0.01251221
-0.01770020
-0.01953125
-0.01922607
-0.01831055
-0.01892090
-0.01983643
-0.01953125
-0.01708984
-0.01220703
-0.00610352
-0.00213623
-0.00274658
-0.00823975
-0.01647949
-0.02502441
-0.03326416
-0.04211426
-0.05249023
-0.06164551
-0.06683350
-0.06561279
-0.05706787
-0.04302979
-0.02624512
-0.00976563
 0.00366211
 0.01281738
 0.01739502
 0.01953125
 0.01831055
 0.01281738
 0.00396729
-0.00610352
-0.01403809
-0.01708984
-0.01434326
-0.00671387
 0.00488281
 0.01770020
 0.03143311
 0.04455566
 0.05706787
 0.06835938
 0.07659912
 0.08117676
 0.07995605
 0.07446289
 0.06561279
 0.05584717
 0.04699707
 0.04028320
 0.03753662
 0.03967285
 0.04791260
 0.06103516
 0.07629395
 0.09033203
 0.10009766
 0.10314941
 0.09979248
 0.09307861
 0.08392334
 0.07293701
 0.05950928
 0.04364014
 0.02685547
 0.01220703
 0.00305176
 0.00030518
 0.00274658
 0.00946045
 0.01861572
 0.02899170
 0.03875732
 0.04669189
 0.05249023
 0.05371094
 0.04943848
 0.03967285
 0.02655029
 0.01342773
 0.00183105
-0.00671387
-0.01159668
-0.01281738
-0.01068115
-0.00549316
 0.00122070
 0.00793457
 0.01281738
 0.01342773
 0.00915527
 0.00030518
-0.01159668
-0.02441406
-0.03601074
-0.04547119
-0.05279541
-0.05706787
-0.05706787
-0.05157471
-0.04180908
-0.02899170
-0.01556396
-0.00396729
 0.00305176
 0.00488281
 0.00244141
-0.00366211
-0.01312256
-0.02532959
-0.03997803
-0.05554199
-0.06927490
-0.07873535
-0.08239746
-0.08026123
-0.07354736
-0.06500244
-0.05645752
-0.04913330
-0.04241943
-0.03723145
-0.03387451
-0.03448486
-0.03784180
-0.04364014
-0.05035400
-0.05676270
-0.06164551
-0.06256104
-0.05981445
-0.05279541
-0.04211426
-0.02746582
-0.01037598
 0.00762939
 0.02380371
 0.03540039
 0.04211426
 0.04486084
 0.04547119
 0.04516602
 0.04364014
 0.04058838
 0.03662109
 0.03265381
 0.03021240
 0.03021240
 0.03173828
 0.03448486
 0.03723145
 0.03967285
 0.04333496
 0.04791260
 0.05187988
 0.05310059
 0.05004883
 0.04241943
 0.03143311
 0.02136230
 0.01434326
 0.01037598
 0.00885010
 0.00854492
 0.00946045
 0.01159668
 0.01586914
 0.02227783
 0.02929688
 0.03570557
 0.03906250
 0.03814697
 0.03387451
 0.02777100
 0.02075195
 0.01342773
 0.00640869
 0.00061035
-0.00366211
-0.00549316
-0.00457764
-0.00091553
 0.00518799
 0.01312256
 0.02105713
 0.02868652
 0.03509521
 0.03997803
 0.04333496
 0.04333496
 0.04028320
 0.03601074
 0.03173828
 0.02807617
 0.02563477
 0.02349854
 0.02197266
 0.02075195
 0.02136230
 0.02441406
 0.02929688
 0.03356934
 0.03601074
 0.03570557
 0.03234863
 0.02716064
 0.02136230
 0.01586914
 0.01037598
 0.00366211
-0.00457764
-0.01312256
-0.02014160
-0.02563477
-0.02929688
-0.03021240
-0.03021240
-0.03051758
-0.03143311
-0.03265381
-0.03479004
-0.03784180
-0.04150391
-0.04669189
-0.05310059
-0.05920410
-0.06378174
-0.06652832
-0.06713867
-0.06683350
-0.06561279
-0.06378174
-0.06134033
-0.05798340
-0.05554199
-0.05371094
-0.05371094
-0.05493164
-0.05706787
-0.05828857
-0.05828857
-0.05737305
-0.05584717
-0.05462646
-0.05432129
-0.05279541
-0.04974365
-0.04394531
-0.03631592
-0.02807617
-0.02075195
-0.01647949
-0.01556396
-0.01586914
-0.01678467
-0.01647949
-0.01525879
-0.01312256
-0.00976563
-0.00579834
-0.00152588
 0.00274658
 0.00610352
 0.00854492
 0.01068115
 0.01190186
 0.01312256
 0.01434326
 0.01495361
 0.01373291
 0.01159668
 0.00854492
 0.00640869
 0.00610352
 0.00732422
 0.00915527
 0.01159668
 0.01373291
 0.01434326
 0.01556396
 0.01800537
 0.02105713
 0.02288818
 0.02258301
 0.02075195
 0.01800537
 0.01617432
 0.01617432
 0.01892090
 0.02258301
 0.02532959
 0.02655029
 0.02624512
 0.02593994
 0.02716064
 0.02990723
 0.03295898
 0.03417969
 0.03265381
 0.02899170
 0.02502441
 0.02166748
 0.02044678
 0.02075195
 0.02136230
 0.02197266
 0.02166748
 0.02014160
 0.01800537
 0.01556396
 0.01281738
 0.00976563
 0.00640869
 0.00244141
-0.00183105
-0.00732422
-0.01434326
-0.02136230
-0.02716064
-0.03021240
-0.03082275
-0.02899170
-0.02624512
-0.02319336
-0.02044678
-0.01800537
-0.01525879
-0.01342773
-0.01190186
-0.01129150
-0.01220703
-0.01403809
-0.01556396
-0.01586914
-0.01464844
-0.01251221
-0.01098633
-0.01037598
-0.00976563
-0.00885010
-0.00762939
-0.00579834
-0.00305176
-0.00091553
 0.00000000
-0.00061035
-0.00213623
-0.00396729
-0.00488281
-0.00488281
-0.00366211
-0.00213623
-0.00122070
 0.00030518
 0.00183105
 0.00274658
 0.00305176
 0.00396729
 0.00518799
 0.00671387
 0.00823975
 0.00915527
 0.00915527
 0.00854492
 0.00762939
 0.00701904
 0.00732422
 0.00823975
 0.01037598
 0.01281738
 0.01434326
 0.01464844
 0.01373291
 0.01220703
 0.01190186
 0.01281738
 0.01464844
 0.01556396
 0.01525879
 0.01403809
 0.01281738
 0.01159668
 0.01068115
 0.01037598
 0.01007080
 0.00946045
 0.00946045
 0.01037598
 0.01220703
 0.01525879
 0.01800537
 0.01983643
 0.02075195
 0.02105713
 0.02105713
 0.02075195
 0.02014160
 0.02014160
 0.02044678
 0.02044678
 0.01953125
 0.01800537
 0.01586914
 0.01434326
 0.01312256
 0.01251221
 0.01312256
 0.01434326
 0.01617432
 0.01800537
 0.01892090
 0.01922607
 0.01983643
 0.02105713
 0.02288818
 0.02410889
 0.02349854
 0.02166748
 0.01953125
 0.01647949
 0.01281738
 0.00976563
 0.00732422
 0.00488281
 0.00152588
-0.00213623
-0.00732422
-0.01159668
-0.01464844
-0.01739502
-0.02044678
-0.02288818
-0.02502441
-0.02624512
-0.02746582
-0.02716064
-0.02563477
-0.02380371
-0.02136230
-0.01892090
-0.01678467
-0.01495361
-0.01342773
-0.01159668
-0.01007080
-0.00976563
-0.01007080
-0.01007080
-0.01007080
-0.00946045
-0.00793457
-0.00610352
-0.00457764
-0.00335693
-0.00244141
-0.00213623
-0.00244141
-0.00335693
-0.00457764
-0.00610352
-0.00732422
-0.00762939
-0.00793457
-0.00915527
-0.01129150
-0.01373291
-0.01586914
-0.01739502
-0.01831055
-0.01861572
-0.01800537
-0.01647949
-0.01464844
-0.01312256
-0.01251221
-0.01190186
-0.01251221
-0.01312256
-0.01434326
-0.01525879
-0.01586914
-0.01586914
-0.01495361
-0.01342773
-0.01190186
-0.01068115
-0.00976563
-0.00823975
-0.00701904
-0.00518799
-0.00457764
-0.00457764
-0.00488281
-0.00579834
-0.00793457
-0.01098633
-0.01403809
-0.01647949
-0.01739502
-0.01678467
-0.01464844
-0.01190186
-0.00976563
-0.00793457
-0.00610352
-0.00457764
-0.00305176
-0.00122070
 0.00030518
 0.00152588
 0.00183105
 0.00213623
 0.00274658
 0.00244141
 0.00213623
 0.00305176
 0.00488281
 0.00732422
 0.00915527
 0.01037598
 0.01159668
 0.01312256
 0.01403809
 0.01403809
 0.01342773
 0.01220703
 0.01098633
 0.01007080
 0.01007080
 0.01037598
 0.01037598
 0.01098633
 0.01190186
 0.01312256
 0.01525879
 0.01770020
 0.01922607
 0.02014160
 0.02105713
 0.02166748
 0.02258301
 0.02319336
 0.02319336
 0.02319336
 0.02319336
 0.02349854
 0.02502441
 0.02716064
 0.02990723
 0.03204346
 0.03295898
 0.03234863
 0.03143311
 0.03082275
 0.03021240
 0.02929688
 0.02777100
 0.02441406
 0.01983643
 0.01464844
 0.01007080
 0.00671387
 0.00427246
 0.00244141
 0.00122070
 0.00030518
-0.00152588
-0.00457764
-0.00793457
-0.01037598
-0.01312256
-0.01617432
-0.01831055
-0.01983643
-0.02014160
-0.01953125
-0.01861572
-0.01770020
-0.01678467
-0.01525879
-0.01403809
-0.01251221
-0.01159668
-0.01098633
-0.01159668
-0.01281738
-0.01556396
-0.01922607
-0.02288818
-0.02563477
-0.02807617
-0.02990723
-0.03082275
-0.03051758
-0.02899170
-0.02655029
-0.02441406
-0.02258301
-0.02197266
-0.02258301
-0.02410889
-0.02593994
-0.02746582
-0.02868652
-0.02960205
-0.03021240
-0.03021240
-0.02960205
-0.02716064
-0.02288818
-0.01739502
-0.01159668
-0.00732422
-0.00427246
-0.00244141
-0.00030518
 0.00091553
 0.00061035
-0.00091553
-0.00366211
-0.00640869
-0.00793457
-0.00854492
-0.00793457
-0.00671387
-0.00518799
-0.00366211
-0.00183105
-0.00061035
 0.00030518
 0.00061035
 0.00030518
-0.00091553
-0.00183105
-0.00244141
-0.00335693
-0.00396729
-0.00427246
-0.00396729
-0.00274658
-0.00030518
 0.00335693
 0.00762939
 0.01129150
 0.01312256
 0.01312256
 0.01159668
 0.00976563
 0.00793457
 0.00579834
 0.00335693
 0.00122070
-0.00061035
-0.00183105
-0.00152588
 0.00030518
 0.00335693
 0.00732422
 0.01068115
 0.01342773
 0.01464844
 0.01525879
 0.01556396
 0.01556396
 0.01525879
 0.01373291
 0.01129150
 0.00823975
 0.00579834
 0.00488281
 0.00579834
 0.00854492
 0.01251221
 0.01617432
 0.01831055
 0.01892090
 0.01800537
 0.01678467
 0.01525879
 0.01281738
 0.01037598
 0.00762939
 0.00457764
 0.00213623
 0.00091553
 0.00061035
 0.00152588
 0.00305176
 0.00518799
 0.00762939
 0.00946045
 0.01068115
 0.01129150
 0.01129150
 0.01098633
 0.00946045
 0.00610352
 0.00213623
-0.00213623
-0.00610352
-0.00915527
-0.01037598
-0.00946045
-0.00732422
-0.00549316
-0.00396729
-0.00366211
-0.00396729
-0.00427246
-0.00427246
-0.00335693
-0.00274658
-0.00335693
-0.00549316
-0.00823975
-0.01068115
-0.01220703
-0.01220703
-0.01068115
-0.00854492
-0.00640869
-0.00366211
-0.00030518
 0.00213623
 0.00427246
 0.00488281
 0.00427246
 0.00213623
-0.00061035
-0.00427246
-0.00854492
-0.01220703
-0.01434326
-0.01525879
-0.01434326
-0.01251221
-0.01037598
-0.00762939
-0.00457764
-0.00091553
 0.00274658
 0.00610352
 0.00823975
 0.00854492
 0.00701904
 0.00366211
-0.00061035
-0.00427246
-0.00671387
-0.00793457
-0.00793457
-0.00732422
-0.00579834
-0.00335693
 0.00000000
 0.00427246
 0.00885010
 0.01220703
 0.01434326
 0.01525879
 0.01464844
 0.01312256
 0.01129150
 0.00915527
 0.00732422
 0.00701904
 0.00762939
 0.00915527
 0.01159668
 0.01495361
 0.01953125
 0.02563477
 0.03112793
 0.03509521
 0.03723145
 0.03753662
 0.03601074
 0.03265381
 0.02838135
 0.02502441
 0.02166748
 0.01892090
 0.01708984
 0.01617432
 0.01647949
 0.01861572
 0.02166748
 0.02563477
 0.02868652
 0.03112793
 0.03173828
 0.03082275
 0.02868652
 0.02532959
 0.02075195
 0.01525879
 0.01007080
 0.00579834
 0.00305176
 0.00152588
 0.00030518
 0.00000000
 0.00122070
 0.00335693
 0.00610352
 0.00823975
 0.00885010
 0.00762939
 0.00488281
 0.00152588
-0.00183105
-0.00549316
-0.00946045
-0.01342773
-0.01770020
-0.02075195
-0.02197266
-0.02136230
-0.01892090
-0.01525879
-0.01098633
-0.00762939
-0.00549316
-0.00427246
-0.00518799
-0.00671387
-0.00915527
-0.01281738
-0.01739502
-0.02136230
-0.02441406
-0.02655029
-0.02746582
-0.02624512
-0.02380371
-0.02014160
-0.01586914
-0.01159668
-0.00885010
-0.00671387
-0.00640869
-0.00793457
-0.01068115
-0.01403809
-0.01800537
-0.02258301
-0.02685547
-0.02990723
-0.03173828
-0.03234863
-0.03143311
-0.02899170
-0.02593994
-0.02258301
-0.02014160
-0.01892090
-0.01892090
-0.01953125
-0.02075195
-0.02288818
-0.02685547
-0.03204346
-0.03723145
-0.04058838
-0.04180908
-0.04028320
-0.03631592
-0.03173828
-0.02685547
-0.02166748
-0.01770020
-0.01434326
-0.01129150
-0.00946045
-0.00854492
-0.00946045
-0.01159668
-0.01464844
-0.01831055
-0.02166748
-0.02319336
-0.02288818
-0.02014160
-0.01617432
-0.01098633
-0.00549316
-0.00061035
 0.00366211
 0.00671387
 0.00823975
 0.00793457
 0.00579834
 0.00213623
-0.00305176
-0.00762939
-0.01098633
-0.01190186
-0.01129150
-0.00946045
-0.00671387
-0.00396729
-0.00061035
 0.00366211
 0.00762939
 0.01098633
 0.01342773
 0.01434326
 0.01281738
 0.00854492
 0.00305176
-0.00274658
-0.00762939
-0.01129150
-0.01251221
-0.01190186
-0.00915527
-0.00610352
-0.00213623
 0.00152588
 0.00457764
 0.00640869
 0.00732422
 0.00701904
 0.00488281
 0.00091553
-0.00396729
-0.00854492
-0.01220703
-0.01434326
-0.01434326
-0.01312256
-0.00946045
-0.00457764
 0.00183105
 0.00823975
 0.01434326
 0.01953125
 0.02349854
 0.02471924
 0.02319336
 0.01922607
 0.01464844
 0.01007080
 0.00701904
 0.00518799
 0.00457764
 0.00579834
 0.00915527
 0.01312256
 0.01800537
 0.02380371
 0.02899170
 0.03326416
 0.03570557
 0.03631592
 0.03417969
 0.02960205
 0.02380371
 0.01892090
 0.01556396
 0.01312256
 0.01251221
 0.01403809
 0.01678467
 0.02075195
 0.02655029
 0.03417969
 0.04150391
 0.04638672
 0.04882813
 0.04913330
 0.04669189
 0.04272461
 0.03784180
 0.03265381
 0.02777100
 0.02349854
 0.02044678
 0.01922607
 0.01892090
 0.01953125
 0.02105713
 0.02410889
 0.02716064
 0.02960205
 0.02990723
 0.02838135
 0.02471924
 0.01953125
 0.01281738
 0.00640869
 0.00061035
-0.00427246
-0.00823975
-0.01007080
-0.01037598
-0.00885010
-0.00518799
 0.00000000
 0.00427246
 0.00732422
 0.00823975
 0.00762939
 0.00579834
 0.00305176
-0.00091553
-0.00518799
-0.00976563
-0.01464844
-0.01861572
-0.02075195
-0.02105713
-0.01953125
-0.01647949
-0.01281738
-0.00885010
-0.00579834
-0.00427246
-0.00427246
-0.00610352
-0.00915527
-0.01342773
-0.01770020
-0.02166748
-0.02563477
-0.02929688
-0.03051758
-0.03051758
-0.02777100
-0.02380371
-0.01922607
-0.01464844
-0.01068115
-0.00823975
-0.00762939
-0.00793457
-0.00915527
-0.01190186
-0.01617432
-0.02105713
-0.02532959
-0.02899170
-0.03112793
-0.03173828
-0.03112793
-0.02899170
-0.02593994
-0.02288818
-0.02014160
-0.01800537
-0.01708984
-0.01770020
-0.01983643
-0.02227783
-0.02563477
-0.02929688
-0.03234863
-0.03356934
-0.03387451
-0.03234863
-0.02960205
-0.02471924
-0.01983643
-0.01464844
-0.01007080
-0.00579834
-0.00213623
 0.00000000
 0.00091553
 0.00091553
 0.00091553
 0.00061035
-0.00030518
-0.00122070
-0.00152588
-0.00061035
 0.00183105
 0.00549316
 0.01037598
 0.01525879
 0.01983643
 0.02349854
 0.02563477
 0.02685547
 0.02624512
 0.02471924
 0.02288818
 0.02075195
 0.01831055
 0.01647949
 0.01586914
 0.01678467
 0.01892090
 0.02136230
 0.02471924
 0.02807617
 0.03112793
 0.03387451
 0.03631592
 0.03814697
 0.03906250
 0.03906250
 0.03784180
 0.03570557
 0.03326416
 0.03112793
 0.02899170
 0.02777100
 0.02807617
 0.02899170
 0.03021240
 0.03112793
 0.03204346
 0.03204346
 0.03143311
 0.03021240
 0.02838135
 0.02624512
 0.02319336
 0.01861572
 0.01403809
 0.00946045
 0.00549316
 0.00274658
 0.00122070
 0.00091553
 0.00122070
 0.00183105
 0.00213623
 0.00335693
 0.00488281
 0.00549316
 0.00457764
 0.00213623
-0.00122070
-0.00457764
-0.00762939
-0.01037598
-0.01342773
-0.01617432
-0.01708984
-0.01708984
-0.01647949
-0.01556396
-0.01464844
-0.01403809
-0.01342773
-0.01251221
-0.01281738
-0.01403809
-0.01617432
-0.01892090
-0.02258301
-0.02593994
-0.02868652
-0.03051758
-0.03143311
-0.03204346
-0.03265381
-0.03234863
-0.03143311
-0.02960205
-0.02777100
-0.02655029
-0.02655029
-0.02685547
-0.02716064
-0.02807617
-0.02960205
-0.03112793
-0.03295898
-0.03448486
-0.03479004
-0.03448486
-0.03326416
-0.03204346
-0.02990723
-0.02777100
-0.02563477
-0.02319336
-0.02197266
-0.02136230
-0.02227783
-0.02349854
-0.02532959
-0.02685547
-0.02746582
-0.02777100
-0.02807617
-0.02838135
-0.02807617
-0.02655029
-0.02441406
-0.02227783
-0.01953125
-0.01678467
-0.01434326
-0.01251221
-0.01129150
-0.01068115
-0.00976563
-0.00915527
-0.00854492
-0.00793457
-0.00732422
-0.00701904
-0.00579834
-0.00396729
-0.00091553
 0.00213623
 0.00488281
 0.00793457
 0.01037598
 0.01220703
 0.01312256
 0.01312256
 0.01281738
 0.01159668
 0.01068115
 0.00976563
 0.00946045
 0.00915527
 0.00915527
 0.00976563
 0.01129150
 0.01373291
 0.01617432
 0.01861572
 0.02014160
 0.02105713
 0.02166748
 0.02166748
 0.02105713
 0.02075195
 0.02044678
 0.01983643
 0.01861572
 0.01800537
 0.01800537
 0.01861572
 0.01983643
 0.02105713
 0.02197266
 0.02258301
 0.02288818
 0.02258301
 0.02227783
 0.02166748
 0.02044678
 0.01861572
 0.01617432
 0.01373291
 0.01220703
 0.01220703
 0.01251221
 0.01281738
 0.01312256
 0.01373291
 0.01403809
 0.01464844
 0.01525879
 0.01556396
 0.01556396
 0.01556396
 0.01586914
 0.01556396
 0.01525879
 0.01434326
 0.01403809
 0.01434326
 0.01464844
 0.01464844
 0.01434326
 0.01434326
 0.01434326
 0.01403809
 0.01403809
 0.01342773
 0.01281738
 0.01129150
 0.01007080
 0.00854492
 0.00671387
 0.00427246
 0.00244141
 0.00122070
 0.00091553
 0.00091553
 0.00091553
 0.00091553
 0.00122070
 0.00122070
 0.00152588
 0.00122070
 0.00091553
 0.00000000
-0.00061035
-0.00091553
-0.00091553
-0.00061035
-0.00030518
-0.00030518
-0.00061035
-0.00122070
-0.00183105
-0.00183105
-0.00183105
-0.00183105
-0.00183105
-0.00244141
-0.00335693
-0.00518799
-0.00793457
-0.01037598
-0.01281738
-0.01403809
-0.01495361
-0.01525879
-0.01556396
-0.01525879
-0.01525879
-0.01556396
-0.01617432
-0.01678467
-0.01678467
-0.01617432
-0.01586914
-0.01556396
-0.01495361
-0.01403809
-0.01342773
-0.01342773
-0.01312256
-0.01220703
-0.01129150
-0.01068115
-0.00976563
-0.00915527
-0.00823975
-0.00762939
-0.00762939
-0.00823975
-0.00915527
-0.01007080
-0.01098633
-0.01190186
-0.01251221
-0.01220703
-0.01129150
-0.01068115
-0.01007080
-0.00946045
-0.00915527
-0.00854492
-0.00701904
-0.00610352
-0.00549316
-0.00518799
-0.00518799
-0.00518799
-0.00488281
-0.00457764
-0.00427246
-0.00335693
-0.00152588
 0.00061035
 0.00274658
 0.00457764
 0.00610352
 0.00732422
 0.00854492
 0.00915527
 0.00854492
 0.00762939
 0.00640869
 0.00518799
 0.00457764
 0.00366211
 0.00305176
 0.00396729
 0.00518799
 0.00610352
 0.00671387
 0.00701904
 0.00823975
 0.00915527
 0.00946045
 0.01007080
 0.00976563
 0.00885010
 0.00854492
 0.00762939
 0.00701904
 0.00671387
 0.00762939
 0.00885010
 0.01098633
 0.01281738
 0.01342773
 0.01373291
 0.01403809
 0.01434326
 0.01434326
 0.01342773
 0.01251221
 0.01098633
 0.00946045
 0.00732422
 0.00640869
 0.00579834
 0.00579834
 0.00610352
 0.00610352
 0.00610352
 0.00640869
 0.00640869
 0.00671387
 0.00762939
 0.00762939
 0.00701904
 0.00579834
 0.00396729
 0.00183105
 0.00000000
-0.00122070
-0.00183105
-0.00152588
-0.00061035
 0.00030518
 0.00122070
 0.00152588
 0.00213623
 0.00244141
 0.00274658
 0.00183105
 0.00061035
-0.00152588
-0.00396729
-0.00640869
-0.00854492
-0.01007080
-0.01068115
-0.01068115
-0.01098633
-0.01159668
-0.01159668
-0.01129150
-0.01007080
-0.00885010
-0.00793457
-0.00823975
-0.00976563
-0.01068115
-0.01220703
-0.01342773
-0.01434326
-0.01464844
-0.01464844
-0.01434326
-0.01342773
-0.01251221
-0.01159668
-0.01037598
-0.00915527
-0.00823975
-0.00732422
-0.00732422
-0.00732422
-0.00823975
-0.00976563
-0.01190186
-0.01312256
-0.01373291
-0.01403809
-0.01434326
-0.01403809
-0.01342773
-0.01281738
-0.01190186
-0.01037598
-0.00823975
-0.00701904
-0.00671387
-0.00762939
-0.00885010
-0.00976563
-0.00915527
-0.00885010
-0.00823975
-0.00793457
-0.00701904
-0.00579834
-0.00396729
-0.00183105
 0.00061035
 0.00274658
 0.00488281
 0.00640869
 0.00762939
 0.00762939
 0.00732422
 0.00701904
 0.00640869
 0.00579834
 0.00488281
 0.00488281
 0.00610352
 0.00701904
 0.00793457
 0.00885010
 0.01037598
 0.01159668
 0.01312256
 0.01373291
 0.01373291
 0.01281738
 0.01037598
 0.00793457
 0.00549316
 0.00366211
 0.00274658
 0.00244141
 0.00244141
 0.00244141
 0.00396729
 0.00640869
 0.00885010
 0.01007080
 0.01007080
 0.00976563
 0.00976563
 0.00946045
 0.00823975
 0.00671387
 0.00457764
 0.00244141
 0.00000000
-0.00183105
-0.00244141
-0.00183105
-0.00030518
 0.00122070
 0.00183105
 0.00213623
 0.00274658
 0.00335693
 0.00274658
 0.00122070
-0.00091553
-0.00396729
-0.00671387
-0.00823975
-0.00885010
-0.00915527
-0.00885010
-0.00793457
-0.00701904
-0.00640869
-0.00518799
-0.00335693
-0.00122070
 0.00030518
 0.00091553
 0.00000000
-0.00122070
-0.00305176
-0.00518799
-0.00640869
-0.00671387
-0.00640869
-0.00579834
-0.00488281
-0.00427246
-0.00366211
-0.00274658
-0.00152588
 0.00000000
 0.00091553
 0.00091553
 0.00000000
-0.00122070
-0.00274658
-0.00488281
-0.00610352
-0.00640869
-0.00671387
-0.00640869
-0.00549316
-0.00457764
-0.00305176
-0.00122070
 0.00091553
 0.00244141
 0.00396729
 0.00457764
 0.00457764
 0.00396729
 0.00305176
 0.00274658
 0.00213623
 0.00122070
 0.00030518
 0.00030518
 0.00061035
 0.00061035
 0.00122070
 0.00213623
 0.00335693
 0.00427246
 0.00549316
 0.00518799
 0.00396729
 0.00152588
-0.00091553
-0.00274658
-0.00366211
-0.00427246
-0.00457764
-0.00488281
-0.00427246
-0.00396729
-0.00335693
-0.00122070
 0.00091553
 0.00274658
 0.00427246
 0.00579834
 0.00671387
 0.00640869
 0.00549316
 0.00518799
 0.00518799
 0.00488281
 0.00427246
 0.00335693
 0.00305176
 0.00366211
 0.00457764
 0.00579834
 0.00671387
 0.00793457
 0.00915527
 0.00915527
 0.00885010
 0.00823975
 0.00732422
 0.00610352
 0.00488281
 0.00396729
 0.00274658
 0.00183105
 0.00152588
 0.00122070
 0.00213623
 0.00396729
 0.00579834
 0.00762939
 0.00946045
 0.01007080
 0.01098633
 0.01129150
 0.01068115
 0.01037598
 0.01007080
 0.00915527
 0.00762939
 0.00610352
 0.00518799
 0.00457764
 0.00518799
 0.00549316
 0.00549316
 0.00488281
 0.00396729
 0.00366211
 0.00335693
 0.00335693
 0.00335693
 0.00244141
 0.00091553
-0.00152588
-0.00335693
-0.00427246
-0.00488281
-0.00457764
-0.00396729
-0.00305176
-0.00183105
-0.00030518
 0.00122070
 0.00213623
 0.00305176
 0.00366211
 0.00427246
 0.00457764
 0.00457764
 0.00366211
 0.00305176
 0.00213623
 0.00152588
 0.00091553
 0.00122070
 0.00152588
 0.00183105
 0.00213623
 0.00274658
 0.00305176
 0.00305176
 0.00274658
 0.00183105
 0.00091553
-0.00030518
-0.00183105
-0.00335693
-0.00488281
-0.00518799
-0.00488281
-0.00396729
-0.00366211
-0.00305176
-0.00183105
-0.00122070
-0.00030518
 0.00061035
 0.00122070
 0.00152588
 0.00213623
 0.00213623
 0.00183105
 0.00030518
-0.00122070
-0.00305176
-0.00396729
-0.00427246
-0.00427246
-0.00396729
-0.00457764
-0.00610352
-0.00762939
-0.00854492
-0.00854492
-0.00854492
-0.00915527
-0.01007080
-0.01159668
-0.01342773
-0.01464844
-0.01556396
-0.01647949
-0.01708984
-0.01739502
-0.01739502
-0.01617432
-0.01464844
-0.01281738
-0.01129150
-0.01037598
-0.01007080
-0.01037598
-0.01037598
-0.01037598
-0.01098633
-0.01159668
-0.01220703
-0.01251221
-0.01281738
-0.01342773
-0.01434326
-0.01525879
-0.01617432
-0.01586914
-0.01525879
-0.01434326
-0.01342773
-0.01312256
-0.01373291
-0.01556396
-0.01739502
-0.01800537
-0.01861572
-0.01892090
-0.01922607
-0.01861572
-0.01770020
-0.01617432
-0.01403809
-0.01220703
-0.01037598
-0.00854492
-0.00732422
-0.00640869
-0.00549316
-0.00457764
-0.00427246
-0.00427246
-0.00457764
-0.00518799
-0.00579834
-0.00671387
-0.00701904
-0.00640869
-0.00518799
-0.00366211
-0.00183105
-0.00122070
-0.00030518
 0.00000000
-0.00030518
-0.00061035
-0.00030518
 0.00000000
 0.00061035
 0.00061035
 0.00030518
 0.00000000
 0.00030518
 0.00152588
 0.00366211
 0.00671387
 0.01037598
 0.01312256
 0.01495361
 0.01617432
 0.01770020
 0.01953125
 0.02105713
 0.02197266
 0.02197266
 0.02105713
 0.02075195
 0.02044678
 0.02044678
 0.02136230
 0.02258301
 0.02349854
 0.02380371
 0.02441406
 0.02593994
 0.02685547
 0.02685547
 0.02685547
 0.02746582
 0.02716064
 0.02624512
 0.02532959
 0.02410889
 0.02319336
 0.02349854
 0.02471924
 0.02593994
 0.02716064
 0.02807617
 0.02899170
 0.02960205
 0.02990723
 0.03051758
 0.03051758
 0.02990723
 0.02868652
 0.02746582
 0.02502441
 0.02288818
 0.02075195
 0.01922607
 0.01800537
 0.01739502
 0.01678467
 0.01556396
 0.01373291
 0.01220703
 0.01159668
 0.01129150
 0.00976563
 0.00732422
 0.00427246
 0.00152588
-0.00091553
-0.00335693
-0.00579834
-0.00762939
-0.00885010
-0.00915527
-0.00915527
-0.00915527
-0.00915527
-0.00946045
-0.00976563
-0.01007080
-0.01037598
-0.01190186
-0.01403809
-0.01647949
-0.01800537
-0.01922607
-0.01953125
-0.02044678
-0.02105713
-0.02197266
-0.02258301
-0.02349854
-0.02441406
-0.02441406
-0.02380371
-0.02410889
-0.02563477
-0.02716064
-0.02838135
-0.02899170
-0.02990723
-0.03112793
-0.03143311
-0.03112793
-0.03051758
-0.02929688
-0.02746582
-0.02532959
-0.02349854
-0.02197266
-0.02105713
-0.02044678
-0.02014160
-0.01983643
-0.01953125
-0.01892090
-0.01861572
-0.01831055
-0.01800537
-0.01770020
-0.01739502
-0.01647949
-0.01556396
-0.01434326
-0.01342773
-0.01281738
-0.01190186
-0.01068115
-0.01007080
-0.01007080
-0.01007080
-0.00946045
-0.00885010
-0.00885010
-0.00823975
-0.00732422
-0.00549316
-0.00366211
-0.00213623
-0.00030518
 0.00122070
 0.00335693
 0.00488281
 0.00640869
 0.00762939
 0.00854492
 0.00946045
 0.01037598
 0.01190186
 0.01251221
 0.01281738
 0.01281738
 0.01312256
 0.01312256
 0.01312256
 0.01373291
 0.01464844
 0.01525879
 0.01525879
 0.01525879
 0.01556396
 0.01586914
 0.01556396
 0.01525879
 0.01495361
 0.01434326
 0.01373291
 0.01342773
 0.01312256
 0.01281738
 0.01342773
 0.01434326
 0.01525879
 0.01586914
 0.01647949
 0.01647949
 0.01678467
 0.01708984
 0.01800537
 0.01831055
 0.01800537
 0.01770020
 0.01678467
 0.01556396
 0.01464844
 0.01373291
 0.01312256
 0.01220703
 0.01159668
 0.01098633
 0.01007080
 0.00946045
 0.00854492
 0.00762939
 0.00640869
 0.00518799
 0.00427246
 0.00335693
 0.00213623
 0.00122070
 0.00000000
-0.00061035
-0.00061035
-0.00030518
 0.00000000
-0.00030518
-0.00030518
-0.00030518
-0.00030518
 0.00000000
 0.00000000
-0.00061035
-0.00183105
-0.00274658
-0.00335693
-0.00396729
-0.00427246
-0.00457764
-0.00549316
-0.00610352
-0.00610352
-0.00610352
-0.00640869
-0.00640869
-0.00640869
-0.00671387
-0.00732422
-0.00732422
-0.00823975
-0.00915527
-0.01007080
-0.01098633
-0.01129150
-0.01098633
-0.01037598
-0.01007080
-0.01007080
-0.00976563
-0.00946045
-0.00854492
-0.00793457
-0.00732422
-0.00640869
-0.00610352
-0.00610352
-0.00671387
-0.00701904
-0.00701904
-0.00671387
-0.00610352
-0.00640869
-0.00671387
-0.00671387
-0.00610352
-0.00518799
-0.00488281
-0.00457764
-0.00427246
-0.00488281
-0.00549316
-0.00610352
-0.00640869
-0.00640869
-0.00640869
-0.00640869
-0.00549316
-0.00427246
-0.00366211
-0.00396729
-0.00366211
-0.00244141
-0.00152588
-0.00061035
 0.00000000
 0.00061035
 0.00091553
 0.00061035
 0.00030518
 0.00030518
 0.00061035
 0.00122070
 0.00152588
 0.00183105
 0.00183105
 0.00152588
 0.00152588
 0.00152588
 0.00183105
 0.00152588
 0.00091553
 0.00061035
 0.00061035
 0.00000000
-0.00091553
-0.00122070
-0.00091553
-0.00030518
 0.00030518
 0.00091553
 0.00152588
 0.00183105
 0.00213623
 0.00305176
 0.00366211
 0.00488281
 0.00518799
 0.00518799
 0.00488281
 0.00488281
 0.00579834
 0.00610352
 0.00610352
 0.00640869
 0.00671387
 0.00732422
 0.00762939
 0.00762939
 0.00823975
 0.00854492
 0.00823975
 0.00732422
 0.00640869
 0.00579834
 0.00518799
 0.00457764
 0.00427246
 0.00427246
 0.00457764
 0.00488281
 0.00457764
 0.00488281
 0.00518799
 0.00518799
 0.00549316
 0.00549316
 0.00610352
 0.00671387
 0.00671387
 0.00946045
 0.03173828
 0.08575439
 0.12939453
 0.06561279
-0.21484375
-0.61218262
-1.06506348
-1.47949219
-1.63238525
-1.45751953
-1.14929199
-0.88531494
-0.40924072
 0.57067871
 1.59118652
 2.39776611
 2.24548340
 0.82031250
-0.51483154
-0.92590332
-0.32379150
 0.77239990
 1.69860840
 1.83135986
 0.66650391
-0.90972900
-1.77215576
-1.81304932
-1.22894287
 0.00671387
 1.01928711
 1.67449951
 1.68518066
 1.06140137
 0.49682617
 0.35003662
 0.19653320
-0.05706787
-0.00701904
 0.37322998
 0.82122803
 0.91796875
 0.22369385
-0.67413330
-1.40075684
-1.76757813
-1.54174805
-0.46203613
 0.89141846
 1.91345215
 2.29370117
 1.82861328
 0.93292236
 0.39154053
 0.16174316
-0.17517090
-0.47088623
-0.85083008
-1.08428955
-0.93627930
-0.51574707
-0.31036377
-0.24139404
 0.10314941
 0.45928955
 0.60943604
 0.32379150
 0.19409180
 0.31646729
 0.30242920
 0.05584717
-0.23101807
-0.51116943
-0.74707031
-0.83404541
-0.57769775
-0.28167725
-0.33447266
-0.42968750
-0.22521973
 0.37017822
 0.86883545
 1.12884521
 0.95397949
 0.65216064
 0.39245605
-0.02105713
-0.51452637
-0.91278076
-1.10290527
-1.15722656
-1.20361328
-1.28326416
-1.14746094
-0.62133789
 0.25115967
 0.85937500
 1.34124756
 1.35864258
 0.96221924
 0.51452637
 0.22308350
-0.18280029
-0.53100586
-0.85266113
-0.99334717
-0.88348389
-0.68389893
-0.62591553
-0.74645996
-0.74157715
-0.41717529
-0.01495361
 0.26947021
 0.49194336
 0.62927246
 0.76049805
 0.69976807
 0.37109375
 0.00793457
-0.36193848
-0.61950684
-0.86853027
-1.06964111
-1.04980469
-0.74645996
-0.25726318
 0.24597168
 0.67565918
 0.74951172
 0.50262451
 0.33233643
 0.43151855
 0.52825928
 0.24688721
-0.23315430
-0.54199219
-0.53833008
-0.47119141
-0.45043945
-0.38970947
-0.16448975
 0.14404297
 0.48828125
 0.66406250
 0.62500000
 0.53527832
 0.50384521
 0.42358398
 0.21972656
 0.06835938
 0.00488281
-0.05462646
-0.15441895
-0.24017334
-0.24017334
-0.19439697
-0.12176514
 0.01373291
 0.24169922
 0.51177979
 0.67779541
 0.71228027
 0.69610596
 0.65399170
 0.48217773
 0.14617920
-0.08636475
-0.15747070
-0.13153076
-0.07019043
-0.02685547
-0.03356934
-0.07537842
-0.11596680
-0.10589600
-0.03082275
 0.10040283
 0.29571533
 0.46630859
 0.50750732
 0.41625977
 0.27191162
 0.01312256
-0.16235352
-0.17578125
-0.14678955
-0.18096924
-0.24536133
-0.24047852
-0.15625000
-0.07659912
-0.03204346
 0.00213623
 0.03082275
 0.03204346
 0.01770020
 0.02746582
 0.03784180
-0.00396729
-0.09399414
-0.16174316
-0.18676758
-0.18768311
-0.15838623
-0.08148193
 0.02197266
 0.08087158
 0.04272461
-0.08453369
-0.16418457
-0.13305664
-0.04608154
 0.04180908
 0.09460449
 0.10040283
 0.06286621
 0.00488281
-0.05432129
-0.10437012
-0.09002686
 0.00915527
 0.12756348
 0.18585205
 0.18066406
 0.13488770
 0.07324219
 0.02044678
-0.01495361
-0.02197266
-0.00488281
 0.02166748
 0.06011963
 0.11383057
 0.16662598
 0.18646240
 0.13854980
 0.06958008
 0.02990723
-0.02288818
-0.14678955
-0.28320313
-0.35766602
-0.34637451
-0.31890869
-0.29815674
-0.26306152
-0.20843506
-0.14587402
-0.08819580
-0.03143311
 0.03143311
 0.10437012
 0.17822266
 0.22399902
 0.20324707
 0.11596680
 0.01739502
-0.08178711
-0.20812988
-0.32745361
-0.39062500
-0.36895752
-0.31097412
-0.22155762
-0.07476807
 0.09796143
 0.23620605
 0.32501221
 0.32836914
 0.27862549
 0.15472412
-0.00579834
-0.12878418
-0.19256592
-0.21820068
-0.22308350
-0.20294189
-0.14678955
-0.05371094
 0.06103516
 0.17700195
 0.28320313
 0.35095215
 0.37292480
 0.35736084
 0.31799316
 0.23559570
 0.16754150
 0.09582520
-0.00854492
-0.12268066
-0.20507813
-0.24169922
-0.23162842
-0.17669678
-0.08728027
 0.01312256
 0.10955811
 0.19592285
 0.25390625
 0.27404785
 0.22918701
 0.13183594
 0.01647949
-0.10498047
-0.21972656
-0.28503418
-0.28656006
-0.24169922
-0.17242432
-0.09063721
 0.00152588
 0.08972168
 0.14617920
 0.16693115
 0.14465332
 0.10589600
 0.08422852
 0.05798340
-0.00579834
-0.09674072
-0.17608643
-0.23254395
-0.27252197
-0.28533936
-0.25390625
-0.17822266
-0.07812500
 0.02288818
 0.11901855
 0.20782471
 0.27008057
 0.29754639
 0.27252197
 0.20690918
 0.12847900
 0.04486084
-0.03814697
-0.09521484
-0.12207031
-0.13153076
-0.12603760
-0.09918213
-0.04699707
 0.02868652
 0.12023926
 0.21453857
 0.29327393
 0.32196045
 0.32196045
 0.22857666
 0.10437012
 0.00335693
-0.06774902
-0.11840820
-0.15228271
-0.16937256
-0.16510010
-0.13671875
-0.09002686
-0.03479004
 0.01922607
 0.06988525
 0.11566162
 0.14770508
 0.14770508
 0.10711670
 0.04394531
-0.02197266
-0.08941650
-0.15441895
-0.20355225
-0.22979736
-0.23590088
-0.22338867
-0.19226074
-0.14160156
-0.07263184
 0.00915527
 0.09094238
 0.15350342
 0.18157959
 0.14709473
 0.05432129
-0.05004883
-0.13397217
-0.19775391
-0.23651123
-0.24902344
-0.23742676
-0.20294189
-0.14739990
-0.07659912
 0.00213623
 0.07934570
 0.14953613
 0.20812988
 0.24475098
 0.23651123
 0.18341064
 0.12207031
 0.07080078
 0.02075195
-0.02441406
-0.05249023
-0.06011963
-0.05371094
-0.03692627
-0.01098633
 0.02471924
 0.06927490
 0.11810303
 0.16418457
 0.19439697
 0.19104004
 0.15014648
 0.09002686
 0.02227783
-0.04882813
-0.11199951
-0.15441895
-0.17150879
-0.15808105
-0.11260986
-0.04089355
 0.04302979
 0.11962891
 0.17425537
 0.19744873
 0.16998291
 0.10864258
 0.06042480
 0.03814697
 0.02258301
 0.00183105
-0.02441406
-0.04394531
-0.04882813
-0.04150391
-0.02532959
-0.00457764
 0.01708984
 0.03662109
 0.05187988
 0.05676270
 0.04364014
 0.01190186
-0.02838135
-0.06500244
-0.09338379
-0.11352539
-0.12298584
-0.11871338
-0.10101318
-0.07324219
-0.04028320
-0.00305176
 0.03601074
 0.07385254
 0.10345459
 0.11596680
 0.10742188
 0.08087158
 0.04150391
-0.00854492
-0.06134033
-0.10772705
-0.14007568
-0.15380859
-0.14343262
-0.10955811
-0.05676270
 0.01007080
 0.08239746
 0.14709473
 0.19256592
 0.19836426
 0.14678955
 0.06835938
-0.00061035
-0.05706787
-0.10253906
-0.12786865
-0.12786865
-0.10498047
-0.06591797
-0.01861572
 0.02960205
 0.07263184
 0.10437012
 0.11474609
 0.10345459
 0.07873535
 0.04699707
 0.00823975
-0.03692627
-0.08178711
-0.11505127
-0.12878418
-0.12115479
-0.09429932
-0.05279541
-0.00213623
 0.05126953
 0.10162354
 0.14099121
 0.15472412
 0.13183594
 0.08026123
 0.01647949
-0.05187988
-0.11993408
-0.17700195
-0.21331787
-0.22460938
-0.21026611
-0.17364502
-0.12023926
-0.05401611
 0.01617432
 0.07904053
 0.12847900
 0.15350342
 0.13336182
 0.07690430
 0.01495361
-0.04241943
-0.09948730
-0.15014648
-0.18218994
-0.18951416
-0.17303467
-0.13732910
-0.08728027
-0.02655029
 0.03784180
 0.09887695
 0.15136719
 0.18646240
 0.18890381
 0.15686035
 0.11077881
 0.06195068
 0.00732422
-0.04547119
-0.08483887
-0.10437012
-0.10528564
-0.09033203
-0.06256104
-0.02624512
 0.01403809
 0.05523682
 0.09124756
 0.11352539
 0.11291504
 0.08666992
 0.04211426
-0.01159668
-0.06622314
-0.11260986
-0.14312744
-0.15228271
-0.13946533
-0.10681152
-0.05981445
-0.00427246
 0.05249023
 0.10375977
 0.14099121
 0.14739990
 0.11962891
 0.07904053
 0.04150391
 0.00274658
-0.03448486
-0.06103516
-0.07080078
-0.06347656
-0.04028320
-0.00518799
 0.03662109
 0.07934570
 0.11566162
 0.13824463
 0.14129639
 0.12878418
 0.10528564
 0.07080078
 0.02532959
-0.02532959
-0.07141113
-0.10375977
-0.11657715
-0.10894775
-0.08392334
-0.04638672
-0.00213623
 0.04272461
 0.08392334
 0.11535645
 0.13244629
 0.13580322
 0.13061523
 0.11749268
 0.09429932
 0.06195068
 0.02685547
-0.00427246
-0.02563477
-0.03356934
-0.02624512
-0.00701904
 0.01922607
 0.04730225
 0.07019043
 0.08178711
 0.07904053
 0.06500244
 0.04241943
 0.01342773
-0.02136230
-0.05981445
-0.09582520
-0.12268066
-0.13458252
-0.12969971
-0.10925293
-0.07690430
-0.03723145
 0.00427246
 0.04211426
 0.07049561
 0.08544922
 0.08636475
 0.07720947
 0.05828857
 0.02929688
-0.00946045
-0.05187988
-0.09063721
-0.11962891
-0.13458252
-0.13366699
-0.11657715
-0.08605957
-0.04791260
-0.00793457
 0.02655029
 0.04547119
 0.04089355
 0.01922607
-0.00762939
-0.03662109
-0.06866455
-0.10040283
-0.12603760
-0.14129639
-0.14404297
-0.13458252
-0.11352539
-0.08422852
-0.05004883
-0.01556396
 0.01525879
 0.03753662
 0.05004883
 0.05187988
 0.04364014
 0.02532959
-0.00122070
-0.03143311
-0.06042480
-0.08209229
-0.09094238
-0.08514404
-0.06622314
-0.03662109
-0.00122070
 0.03601074
 0.06927490
 0.09246826
 0.10223389
 0.09796143
 0.08392334
 0.06408691
 0.03906250
 0.01098633
-0.01708984
-0.03997803
-0.05401611
-0.05676270
-0.04760742
-0.02746582
 0.00152588
 0.03601074
 0.07049561
 0.10009766
 0.11810303
 0.12298584
 0.11627197
 0.10131836
 0.07995605
 0.05432129
 0.02777100
 0.00396729
-0.01312256
-0.02014160
-0.01617432
-0.00274658
 0.01922607
 0.04638672
 0.07629395
 0.10284424
 0.12176514
 0.12847900
 0.12145996
 0.10284424
 0.07598877
 0.04394531
 0.01068115
-0.02075195
-0.04577637
-0.06072998
-0.06317139
-0.05249023
-0.03112793
-0.00244141
 0.02990723
 0.06103516
 0.08422852
 0.09368896
 0.08819580
 0.07171631
 0.04821777
 0.01983643
-0.01098633
-0.04089355
-0.06530762
-0.07995605
-0.08239746
-0.07232666
-0.05126953
-0.02258301
 0.01007080
 0.04089355
 0.06347656
 0.07110596
 0.06134033
 0.03723145
 0.00518799
-0.03082275
-0.06591797
-0.09582520
-0.11749268
-0.13122559
-0.13610840
-0.13000488
-0.11230469
-0.08422852
-0.04943848
-0.01190186
 0.02105713
 0.04028320
 0.03936768
 0.02136230
-0.00457764
-0.03356934
-0.06408691
-0.09185791
-0.11260986
-0.12237549
-0.11901855
-0.10314941
-0.07659912
-0.04180908
-0.00335693
 0.03356934
 0.06195068
 0.07354736
 0.06591797
 0.04577637
 0.02014160
-0.00793457
-0.03601074
-0.06042480
-0.07598877
-0.07934570
-0.06988525
-0.04913330
-0.01922607
 0.01678467
 0.05554199
 0.09094238
 0.11627197
 0.12268066
 0.10742188
 0.07751465
 0.04028320
 0.00091553
-0.03570557
-0.06500244
-0.08361816
-0.09033203
-0.08300781
-0.06286621
-0.03204346
 0.00610352
 0.04760742
 0.08605957
 0.11322021
 0.11810303
 0.10223389
 0.07659912
 0.04760742
 0.01586914
-0.01525879
-0.03967285
-0.05340576
-0.05462646
-0.04302979
-0.01983643
 0.01159668
 0.04791260
 0.08514404
 0.11810303
 0.14160156
 0.15075684
 0.14526367
 0.12786865
 0.10284424
 0.07263184
 0.04150391
 0.01434326
-0.00366211
-0.01068115
-0.00579834
 0.00946045
 0.03448486
 0.06591797
 0.09887695
 0.12634277
 0.14038086
 0.13519287
 0.11322021
 0.08361816
 0.05035400
 0.01647949
-0.01525879
-0.04089355
-0.05798340
-0.06500244
-0.06195068
-0.04913330
-0.02777100
-0.00061035
 0.02777100
 0.05157471
 0.06500244
 0.06347656
 0.04852295
 0.02380371
-0.00732422
-0.04211426
-0.07720947
-0.10894775
-0.13153076
-0.14251709
-0.14099121
-0.12847900
-0.10772705
-0.08056641
-0.05218506
-0.02807617
-0.01434326
-0.01373291
-0.02349854
-0.04119873
-0.06530762
-0.09185791
-0.11688232
-0.13580322
-0.14678955
-0.14709473
-0.13702393
-0.11749268
-0.08972168
-0.05584717
-0.01983643
 0.01312256
 0.03631592
 0.04364014
 0.03570557
 0.01831055
-0.00457764
-0.03082275
-0.05706787
-0.07965088
-0.09460449
-0.09918213
-0.09307861
-0.07751465
-0.05340576
-0.02441406
 0.00579834
 0.03204346
 0.04974365
 0.05462646
 0.04852295
 0.03479004
 0.01434326
-0.01007080
-0.03417969
-0.05462646
-0.06713867
-0.07049561
-0.06317139
-0.04638672
-0.02166748
 0.00854492
 0.04089355
 0.07110596
 0.09399414
 0.10528564
 0.10406494
 0.09338379
 0.07507324
 0.05249023
 0.02838135
 0.00640869
-0.00946045
-0.01708984
-0.01556396
-0.00549316
 0.01068115
 0.03173828
 0.05371094
 0.07202148
 0.08300781
 0.08422852
 0.07629395
 0.06072998
 0.03997803
 0.01678467
-0.00579834
-0.02471924
-0.03631592
-0.03936768
-0.03356934
-0.02044678
-0.00122070
 0.02166748
 0.04608154
 0.06744385
 0.08331299
 0.09063721
 0.08880615
 0.07873535
 0.06164551
 0.04058838
 0.01831055
-0.00183105
-0.01525879
-0.02044678
-0.01800537
-0.00793457
 0.00762939
 0.02593994
 0.04394531
 0.05828857
 0.06591797
 0.06561279
 0.05859375
 0.04608154
 0.02899170
 0.00946045
-0.00976563
-0.02593994
-0.03662109
-0.04028320
-0.03692627
-0.02716064
-0.01251221
 0.00518799
 0.02288818
 0.03814697
 0.04730225
 0.04943848
 0.04394531
 0.03173828
 0.01434326
-0.00671387
-0.02746582
-0.04455566
-0.05645752
-0.06317139
-0.06347656
-0.05828857
-0.04852295
-0.03662109
-0.02410889
-0.01281738
-0.00549316
-0.00457764
-0.01159668
-0.02410889
-0.03967285
-0.05706787
-0.07385254
-0.08697510
-0.09521484
-0.09704590
-0.09216309
-0.08087158
-0.06500244
-0.04608154
-0.02746582
-0.01037598
 0.00274658
 0.01068115
 0.01281738
 0.00976563
 0.00274658
-0.00701904
-0.01739502
-0.02532959
-0.02960205
-0.02929688
-0.02410889
-0.01434326
-0.00030518
 0.01586914
 0.03204346
 0.04669189
 0.05859375
 0.06591797
 0.06774902
 0.06378174
 0.05493164
 0.04302979
 0.03112793
 0.02044678
 0.01190186
 0.00671387
 0.00640869
 0.01037598
 0.01831055
 0.02929688
 0.04180908
 0.05340576
 0.06225586
 0.06652832
 0.06591797
 0.06072998
 0.05126953
 0.03875732
 0.02502441
 0.01129150
 0.00000000
-0.00610352
-0.00732422
-0.00335693
 0.00488281
 0.01556396
 0.02746582
 0.03753662
 0.04486084
 0.04882813
 0.04882813
 0.04486084
 0.03753662
 0.02746582
 0.01647949
 0.00640869
-0.00061035
-0.00396729
-0.00427246
-0.00030518
 0.00701904
 0.01678467
 0.02746582
 0.03875732
 0.04882813
 0.05554199
 0.05798340
 0.05523682
 0.04760742
 0.03570557
 0.02227783
 0.00854492
-0.00305176
-0.01190186
-0.01739502
-0.01953125
-0.01800537
-0.01403809
-0.00854492
-0.00427246
-0.00244141
-0.00366211
-0.00762939
-0.01525879
-0.02655029
-0.03997803
-0.05432129
-0.06713867
-0.07781982
-0.08544922
-0.08911133
-0.08758545
-0.08209229
-0.07385254
-0.06439209
-0.05493164
-0.04730225
-0.04241943
-0.04028320
-0.04211426
-0.04760742
-0.05645752
-0.06561279
-0.07385254
-0.07995605
-0.08331299
-0.08300781
-0.07965088
-0.07263184
-0.06225586
-0.05004883
-0.03692627
-0.02655029
-0.01983643
-0.01708984
-0.01739502
-0.02105713
-0.02807617
-0.03631592
-0.04455566
-0.05187988
-0.05615234
-0.05584717
-0.05126953
-0.04272461
-0.03173828
-0.01922607
-0.00671387
 0.00427246
 0.01342773
 0.01983643
 0.02258301
 0.02166748
 0.01739502
 0.01129150
 0.00518799
 0.00000000
-0.00244141
-0.00244141
 0.00030518
 0.00579834
 0.01342773
 0.02258301
 0.03173828
 0.03875732
 0.04302979
 0.04455566
 0.04272461
 0.03814697
 0.03204346
 0.02532959
 0.01892090
 0.01495361
 0.01281738
 0.01342773
 0.01647949
 0.02288818
 0.03143311
 0.04058838
 0.04821777
 0.05401611
 0.05737305
 0.05828857
 0.05737305
 0.05493164
 0.05035400
 0.04455566
 0.03784180
 0.03204346
 0.02807617
 0.02532959
 0.02502441
 0.02777100
 0.03265381
 0.03814697
 0.04272461
 0.04608154
 0.04730225
 0.04547119
 0.04089355
 0.03448486
 0.02655029
 0.01800537
 0.00976563
 0.00305176
-0.00274658
-0.00671387
-0.00976563
-0.01159668
-0.01037598
-0.00701904
-0.00274658
 0.00152588
 0.00427246
 0.00518799
 0.00457764
 0.00244141
-0.00152588
-0.00793457
-0.01495361
-0.02136230
-0.02685547
-0.03051758
-0.03173828
-0.03021240
-0.02624512
-0.02166748
-0.01586914
-0.01098633
-0.00793457
-0.00701904
-0.00793457
-0.00976563
-0.01281738
-0.01708984
-0.02227783
-0.02624512
-0.02929688
-0.03051758
-0.03051758
-0.02838135
-0.02441406
-0.01831055
-0.01129150
-0.00366211
 0.00427246
 0.01098633
 0.01464844
 0.01586914
 0.01586914
 0.01403809
 0.01190186
 0.01007080
 0.00854492
 0.00823975
 0.00915527
 0.01098633
 0.01464844
 0.01922607
 0.02441406
 0.02929688
 0.03356934
 0.03692627
 0.03906250
 0.03906250
 0.03784180
 0.03570557
 0.03143311
 0.02593994
 0.02105713
 0.01861572
 0.01800537
 0.01861572
 0.02044678
 0.02410889
 0.02868652
 0.03326416
 0.03753662
 0.03997803
 0.04028320
 0.03784180
 0.03265381
 0.02593994
 0.01831055
 0.01037598
 0.00335693
-0.00335693
-0.00885010
-0.01312256
-0.01586914
-0.01647949
-0.01586914
-0.01434326
-0.01312256
-0.01251221
-0.01281738
-0.01464844
-0.01861572
-0.02380371
-0.02990723
-0.03570557
-0.03997803
-0.04211426
-0.04241943
-0.04119873
-0.03875732
-0.03479004
-0.02899170
-0.02288818
-0.01678467
-0.01098633
-0.00671387
-0.00396729
-0.00244141
-0.00213623
-0.00335693
-0.00549316
-0.00701904
-0.00671387
-0.00457764
-0.00122070
 0.00305176
 0.00823975
 0.01403809
 0.02014160
 0.02471924
 0.02777100
 0.02838135
 0.02746582
 0.02502441
 0.02075195
 0.01525879
 0.00915527
 0.00274658
-0.00244141
-0.00610352
-0.00823975
-0.00854492
-0.00701904
-0.00427246
-0.00091553
 0.00244141
 0.00488281
 0.00457764
 0.00244141
-0.00183105
-0.00762939
-0.01373291
-0.01953125
-0.02410889
-0.02746582
-0.02899170
-0.02899170
-0.02777100
-0.02563477
-0.02166748
-0.01647949
-0.01068115
-0.00488281
-0.00122070
 0.00000000
-0.00061035
-0.00244141
-0.00579834
-0.00976563
-0.01251221
-0.01434326
-0.01403809
-0.01251221
-0.00976563
-0.00549316
-0.00061035
 0.00427246
 0.00854492
 0.01190186
 0.01434326
 0.01586914
 0.01617432
 0.01525879
 0.01342773
 0.01129150
 0.00885010
 0.00671387
 0.00518799
 0.00427246
 0.00427246
 0.00518799
 0.00671387
 0.00854492
 0.01037598
 0.01129150
 0.01159668
 0.01098633
 0.00946045
 0.00732422
 0.00518799
 0.00305176
 0.00061035
-0.00091553
-0.00152588
-0.00122070
-0.00091553
 0.00091553
 0.00335693
 0.00549316
 0.00793457
 0.00946045
 0.01007080
 0.01007080
 0.00885010
 0.00701904
 0.00457764
 0.00213623
-0.00061035
-0.00335693
-0.00518799
-0.00579834
-0.00549316
-0.00396729
-0.00183105
 0.00000000
 0.00152588
 0.00305176
 0.00396729
 0.00427246
 0.00396729
 0.00274658
 0.00091553
-0.00091553
-0.00244141
-0.00366211
-0.00488281
-0.00518799
-0.00396729
-0.00213623
 0.00061035
 0.00366211
 0.00701904
 0.00946045
 0.01098633
 0.01098633
 0.01007080
 0.00885010
 0.00671387
 0.00427246
 0.00152588
-0.00122070
-0.00396729
-0.00610352
-0.00732422
-0.00732422
-0.00671387
-0.00610352
-0.00579834
-0.00579834
-0.00579834
-0.00640869
-0.00732422
-0.00885010
-0.01068115
-0.01281738
-0.01464844
-0.01586914
-0.01617432
-0.01617432
-0.01556396
-0.01403809
-0.01159668
-0.00915527
-0.00762939
-0.00671387
-0.00671387
-0.00732422
-0.00885010
-0.01068115
-0.01312256
-0.01556396
-0.01708984
-0.01861572
-0.01983643
-0.02014160
-0.01922607
-0.01739502
-0.01464844
-0.01190186
-0.00946045
-0.00732422
-0.00549316
-0.00366211
-0.00274658
-0.00305176
-0.00335693
-0.00335693
-0.00335693
-0.00305176
-0.00305176
-0.00183105
 0.00061035
 0.00396729
 0.00854492
 0.01312256
 0.01678467
 0.01953125
 0.02075195
 0.02105713
 0.02075195
 0.02014160
 0.01922607
 0.01922607
 0.01892090
 0.01922607
 0.01953125
 0.01922607
 0.01861572
 0.01892090
 0.01922607
 0.01953125
 0.02075195
 0.02105713
 0.02075195
 0.02044678
 0.01983643
 0.01861572
 0.01678467
 0.01495361
 0.01312256
 0.01098633
 0.00915527
 0.00732422
 0.00640869
 0.00610352
 0.00610352
 0.00610352
 0.00640869
 0.00610352
 0.00518799
 0.00305176
-0.00030518
-0.00427246
-0.00793457
-0.01159668
-0.01525879
-0.01922607
-0.02258301
-0.02563477
-0.02899170
-0.03173828
-0.03234863
-0.03204346
-0.03112793
-0.03051758
-0.03021240
-0.02990723
-0.02990723
-0.02929688
-0.02960205
-0.02960205
-0.02960205
-0.02990723
-0.02990723
-0.02990723
-0.02899170
-0.02716064
-0.02441406
-0.02166748
-0.01861572
-0.01586914
-0.01373291
-0.01220703
-0.01037598
-0.00793457
-0.00549316
-0.00274658
-0.00061035
 0.00152588
 0.00244141
 0.00335693
 0.00427246
 0.00518799
 0.00640869
 0.00732422
 0.00854492
 0.01037598
 0.01220703
 0.01373291
 0.01464844
 0.01525879
 0.01525879
 0.01556396
 0.01556396
 0.01617432
 0.01647949
 0.01617432
 0.01586914
 0.01525879
 0.01495361
 0.01495361
 0.01464844
 0.01403809
 0.01312256
 0.01190186
 0.01098633
 0.00976563
 0.00823975
 0.00701904
 0.00579834
 0.00396729
 0.00183105
 0.00030518
-0.00061035
-0.00122070
-0.00183105
-0.00183105
-0.00183105
-0.00183105
-0.00183105
-0.00122070
 0.00000000
 0.00091553
 0.00183105
 0.00305176
 0.00396729
 0.00488281
 0.00518799
 0.00549316
 0.00610352
 0.00701904
 0.00823975
 0.00946045
 0.01068115
 0.01159668
 0.01342773
 0.01556396
 0.01739502
 0.01892090
 0.02044678
 0.02166748
 0.02258301
 0.02319336
 0.02349854
 0.02380371
 0.02380371
 0.02380371
 0.02380371
 0.02380371
 0.02380371
 0.02288818
 0.02136230
 0.01983643
 0.01953125
 0.01892090
 0.01861572
 0.01800537
 0.01647949
 0.01403809
 0.01129150
 0.00854492
 0.00579834
 0.00244141
-0.00030518
-0.00274658
-0.00488281
-0.00793457
-0.01037598
-0.01220703
-0.01373291
-0.01556396
-0.01770020
-0.01953125
-0.02044678
-0.02075195
-0.02044678
-0.02044678
-0.02075195
-0.02105713
-0.02136230
-0.02105713
-0.02044678
-0.02014160
-0.02014160
-0.01953125
-0.01861572
-0.01800537
-0.01770020
-0.01831055
-0.01922607
-0.01983643
-0.02014160
-0.02014160
-0.01983643
-0.01892090
-0.01708984
-0.01495361
-0.01312256
-0.01098633
-0.00915527
-0.00732422
-0.00549316
-0.00396729
-0.00335693
-0.00274658
-0.00244141
-0.00122070
 0.00000000
 0.00152588
 0.00274658
 0.00427246
 0.00579834
 0.00732422
 0.00885010
 0.01007080
 0.01098633
 0.01098633
 0.01068115
 0.01007080
 0.00885010
 0.00671387
 0.00427246
 0.00213623
 0.00000000
-0.00213623
-0.00366211
-0.00427246
-0.00488281
-0.00549316
-0.00640869
-0.00732422
-0.00793457
-0.00854492
-0.00976563
-0.01068115
-0.01159668
-0.01220703
-0.01251221
-0.01281738
-0.01312256
-0.01373291
-0.01342773
-0.01281738
-0.01159668
-0.01007080
-0.00854492
-0.00701904
-0.00549316
-0.00457764
-0.00396729
-0.00427246
-0.00518799
-0.00610352
-0.00671387
-0.00732422
-0.00793457
-0.00793457
-0.00762939
-0.00732422
-0.00732422
-0.00701904
-0.00610352
-0.00488281
-0.00366211
-0.00305176
-0.00213623
-0.00213623
-0.00213623
-0.00213623
-0.00183105
-0.00091553
 0.00000000
 0.00091553
 0.00213623
 0.00396729
 0.00579834
 0.00793457
 0.00946045
 0.01098633
 0.01190186
 0.01190186
 0.01190186
 0.01190186
 0.01159668
 0.01129150
 0.01037598
 0.00915527
 0.00793457
 0.00762939
 0.00762939
 0.00762939
 0.00701904
 0.00640869
 0.00488281
 0.00335693
 0.00244141
 0.00091553
-0.00030518
-0.00122070
-0.00274658
-0.00396729
-0.00488281
-0.00579834
-0.00640869
-0.00732422
-0.00823975
-0.00854492
-0.00823975
-0.00793457
-0.00793457
-0.00793457
-0.00762939
-0.00854492
-0.00946045
-0.01007080
-0.01007080
-0.00976563
-0.00946045
-0.00885010
-0.00762939
-0.00610352
-0.00396729
-0.00244141
-0.00122070
-0.00030518
 0.00030518
 0.00061035
 0.00152588
 0.00305176
 0.00427246
 0.00579834
 0.00671387
 0.00671387
 0.00701904
 0.00793457
 0.00946045
 0.01098633
 0.01281738
 0.01403809
 0.01434326
 0.01403809
 0.01373291
 0.01342773
 0.01312256
 0.01251221
 0.01190186
 0.01190186
 0.01159668
 0.01098633
 0.01037598
 0.01007080
 0.01007080
 0.01037598
 0.01068115
 0.01098633
 0.01098633
 0.01037598
 0.00915527
 0.00671387
 0.00488281
 0.00335693
 0.00244141
 0.00213623
 0.00244141
 0.00274658
 0.00335693
 0.00427246
 0.00488281
 0.00518799
 0.00579834
 0.00579834
 0.00579834
 0.00579834
 0.00518799
 0.00488281
 0.00488281
 0.00457764
 0.00366211
 0.00305176
 0.00305176
 0.00457764
 0.00671387
 0.00885010
 0.01068115
 0.01190186
 0.01251221
 0.01251221
 0.01220703
 0.01129150
 0.01037598
 0.00946045
 0.00915527
 0.00885010
 0.00854492
 0.00885010
 0.00915527
 0.00915527
 0.00885010
 0.00854492
 0.00854492
 0.00823975
 0.00762939
 0.00610352
 0.00366211
 0.00091553
-0.00183105
-0.00457764
-0.00671387
-0.00915527
-0.01098633
-0.01251221
-0.01312256
-0.01342773
-0.01373291
-0.01434326
-0.01464844
-0.01464844
-0.01525879
-0.01617432
-0.01678467
-0.01770020
-0.01831055
-0.01953125
-0.02044678
-0.02044678
-0.01953125
-0.01770020
-0.01556396
-0.01281738
-0.01068115
-0.00823975
-0.00579834
-0.00427246
-0.00366211
-0.00366211
-0.00366211
-0.00427246
-0.00457764
-0.00518799
-0.00518799
-0.00488281
-0.00427246
-0.00335693
-0.00152588
 0.00122070
 0.00457764
 0.00793457
 0.01007080
 0.01159668
 0.01251221
 0.01312256
 0.01251221
 0.01190186
 0.01159668
 0.01190186
 0.01159668
 0.01129150
 0.01220703
 0.01342773
 0.01464844
 0.01586914
 0.01708984
 0.01861572
 0.01953125
 0.01983643
 0.01922607
 0.01708984
 0.01464844
 0.01159668
 0.00793457
 0.00427246
 0.00122070
-0.00061035
-0.00091553
-0.00091553
-0.00061035
-0.00061035
-0.00091553
-0.00061035
-0.00030518
 0.00000000
 0.00000000
 0.00000000
-0.00030518
-0.00152588
-0.00335693
-0.00518799
-0.00671387
-0.00762939
-0.00762939
-0.00640869
-0.00427246
-0.00152588
 0.00152588
 0.00427246
 0.00579834
 0.00640869
 0.00671387
 0.00640869
 0.00549316
 0.00427246
 0.00274658
 0.00091553
-0.00061035
-0.00244141
-0.00427246
-0.00488281
-0.00518799
-0.00457764
-0.00335693
-0.00152588
 0.00000000
 0.00091553
 0.00030518
-0.00152588
-0.00366211
-0.00518799
-0.00701904
-0.00915527
-0.01068115
-0.01159668
-0.01190186
-0.01129150
-0.01037598
-0.00915527
-0.00823975
-0.00732422
-0.00671387
-0.00671387
-0.00701904
-0.00793457
-0.00976563
-0.01190186
-0.01495361
-0.01770020
-0.02014160
-0.02227783
-0.02410889
-0.02441406
-0.02380371
-0.02319336
-0.02258301
-0.02197266
-0.02166748
-0.02136230
-0.02136230
-0.02105713
-0.02166748
-0.02258301
-0.02319336
-0.02349854
-0.02319336
-0.02288818
-0.02227783
-0.02105713
-0.01892090
-0.01617432
-0.01281738
-0.00946045
-0.00579834
-0.00305176
-0.00122070
-0.00030518
 0.00061035
 0.00122070
 0.00122070
 0.00091553
 0.00091553
 0.00091553
 0.00122070
 0.00122070
 0.00152588
 0.00274658
 0.00457764
 0.00732422
 0.01037598
 0.01251221
 0.01342773
 0.01312256
 0.01220703
 0.01159668
 0.01068115
 0.00946045
 0.00823975
 0.00762939
 0.00701904
 0.00671387
 0.00701904
 0.00793457
 0.00976563
 0.01190186
 0.01403809
 0.01586914
 0.01708984
 0.01770020
 0.01770020
 0.01647949
 0.01464844
 0.01251221
 0.01007080
 0.00823975
 0.00762939
 0.00701904
 0.00701904
 0.00701904
 0.00793457
 0.00976563
 0.01098633
 0.01220703
 0.01251221
 0.01251221
 0.01220703
 0.01098633
 0.00885010
 0.00610352
 0.00305176
 0.00030518
-0.00152588
-0.00274658
-0.00305176
-0.00244141
-0.00122070
 0.00030518
 0.00183105
 0.00366211
 0.00488281
 0.00518799
 0.00518799
 0.00427246
 0.00274658
 0.00152588
 0.00000000
-0.00152588
-0.00335693
-0.00488281
-0.00579834
-0.00579834
-0.00488281
-0.00305176
-0.00122070
 0.00061035
 0.00152588
 0.00213623
 0.00213623
 0.00122070
-0.00030518
-0.00213623
-0.00396729
-0.00640869
-0.00823975
-0.00915527
-0.00885010
-0.00762939
-0.00610352
-0.00488281
-0.00335693
-0.00213623
-0.00030518
 0.00152588
 0.00274658
 0.00305176
 0.00213623
 0.00091553
-0.00061035
-0.00244141
-0.00335693
-0.00396729
-0.00396729
-0.00335693
-0.00152588
 0.00122070
 0.00396729
 0.00579834
 0.00732422
 0.00823975
 0.00915527
 0.00976563
 0.00915527
 0.00823975
 0.00640869
 0.00488281
 0.00335693
 0.00183105
 0.00091553
 0.00091553
 0.00213623
 0.00396729
 0.00579834
 0.00732422
 0.00915527
 0.01159668
 0.01342773
 0.01434326
 0.01403809
 0.01312256
 0.01190186
 0.01098633
 0.00976563
 0.00854492
 0.00793457
 0.00854492
 0.00915527
 0.01037598
 0.01159668
 0.01312256
 0.01464844
 0.01586914
 0.01617432
 0.01586914
 0.01525879
 0.01342773
 0.01098633
 0.00823975
 0.00610352
 0.00488281
 0.00396729
 0.00305176
 0.00213623
 0.00183105
 0.00213623
 0.00244141
 0.00335693
 0.00427246
 0.00427246
 0.00457764
 0.00335693
 0.00122070
-0.00122070
-0.00335693
-0.00488281
-0.00640869
-0.00762939
-0.00823975
-0.00854492
-0.00823975
-0.00762939
-0.00701904
-0.00640869
-0.00640869
-0.00610352
-0.00579834
-0.00579834
-0.00640869
-0.00732422
-0.00885010
-0.01037598
-0.01190186
-0.01373291
-0.01464844
-0.01495361
-0.01403809
-0.01251221
-0.01129150
-0.00976563
-0.00823975
-0.00701904
-0.00610352
-0.00579834
-0.00579834
-0.00671387
-0.00762939
-0.00823975
-0.00915527
-0.00946045
-0.01007080
-0.01068115
-0.01159668
-0.01159668
-0.01007080
-0.00762939
-0.00579834
-0.00396729
-0.00274658
-0.00244141
-0.00335693
-0.00488281
-0.00640869
-0.00762939
-0.00854492
-0.00915527
-0.01037598
-0.01098633
-0.01098633
-0.01007080
-0.00885010
-0.00671387
-0.00518799
-0.00457764
-0.00427246
-0.00396729
-0.00396729
-0.00457764
-0.00579834
-0.00762939
-0.00885010
-0.00976563
-0.01068115
-0.01098633
-0.01037598
-0.00915527
-0.00701904
-0.00396729
-0.00122070
 0.00152588
 0.00274658
 0.00335693
 0.00366211
 0.00335693
 0.00274658
 0.00244141
 0.00213623
 0.00183105
 0.00152588
 0.00183105
 0.00305176
 0.00488281
 0.00640869
 0.00885010
 0.01129150
 0.01342773
 0.01495361
 0.01525879
 0.01495361
 0.01434326
 0.01342773
 0.01190186
 0.01007080
 0.00823975
 0.00671387
 0.00549316
 0.00457764
 0.00427246
 0.00549316
 0.00732422
 0.00854492
 0.00915527
 0.00885010
 0.00854492
 0.00793457
 0.00701904
 0.00518799
 0.00335693
 0.00122070
-0.00091553
-0.00244141
-0.00366211
-0.00457764
-0.00518799
-0.00488281
-0.00396729
-0.00244141
-0.00061035
 0.00091553
 0.00183105
 0.00213623
 0.00183105
 0.00091553
 0.00000000
-0.00152588
-0.00274658
-0.00366211
-0.00457764
-0.00457764
-0.00335693
-0.00213623
-0.00091553
 0.00030518
 0.00152588
 0.00244141
 0.00396729
 0.00549316
 0.00610352
 0.00640869
 0.00549316
 0.00396729
 0.00244141
 0.00122070
 0.00091553
 0.00152588
 0.00274658
 0.00427246
 0.00549316
 0.00732422
 0.00823975
 0.00976563
 0.01129150
 0.01251221
 0.01281738
 0.01251221
 0.01159668
 0.01037598
 0.00823975
 0.00610352
 0.00457764
 0.00305176
 0.00244141
 0.00213623
 0.00244141
 0.00305176
 0.00396729
 0.00488281
 0.00518799
 0.00518799
 0.00457764
 0.00305176
 0.00152588
 0.00030518
-0.00061035
-0.00213623
-0.00396729
-0.00549316
-0.00640869
-0.00671387
-0.00610352
-0.00518799
-0.00366211
-0.00213623
-0.00061035
 0.00061035
 0.00061035
 0.00030518
-0.00122070
-0.00274658
-0.00396729
-0.00488281
-0.00579834
-0.00671387
-0.00762939
-0.00823975
-0.00854492
-0.00854492
-0.00823975
-0.00762939
-0.00671387
-0.00579834
-0.00549316
-0.00549316
-0.00640869
-0.00793457
-0.01007080
-0.01190186
-0.01342773
-0.01434326
-0.01495361
-0.01525879
-0.01495361
-0.01403809
-0.01281738
-0.01190186
-0.01068115
-0.01007080
-0.00946045
-0.00915527
-0.00946045
-0.01007080
-0.01068115
-0.01159668
-0.01251221
-0.01342773
-0.01373291
-0.01373291
-0.01312256
-0.01220703
-0.01098633
-0.00976563
-0.00854492
-0.00732422
-0.00640869
-0.00640869
-0.00579834
-0.00579834
-0.00640869
-0.00762939
-0.00823975
-0.00823975
-0.00793457
-0.00732422
-0.00610352
-0.00427246
-0.00213623
 0.00030518
 0.00274658
 0.00427246
 0.00518799
 0.00610352
 0.00732422
 0.00793457
 0.00793457
 0.00793457
 0.00762939
 0.00762939
 0.00823975
 0.00885010
 0.00976563
 0.01068115
 0.01129150
 0.01190186
 0.01312256
 0.01495361
 0.01647949
 0.01708984
 0.01708984
 0.01678467
 0.01586914
 0.01495361
 0.01434326
 0.01373291
 0.01281738
 0.01312256
 0.01373291
 0.01434326
 0.01556396
 0.01586914
 0.01556396
 0.01586914
 0.01678467
 0.01678467
 0.01647949
 0.01617432
 0.01556396
 0.01464844
 0.01342773
 0.01190186
 0.01007080
 0.00854492
 0.00732422
 0.00579834
 0.00488281
 0.00457764
 0.00427246
 0.00396729
 0.00366211
 0.00274658
 0.00183105
 0.00030518
-0.00213623
-0.00396729
-0.00549316
-0.00640869
-0.00732422
-0.00885010
-0.01068115
-0.01190186
-0.01220703
-0.01220703
-0.01220703
-0.01251221
-0.01251221
-0.01220703
-0.01251221
-0.01281738
-0.01342773
-0.01373291
-0.01464844
-0.01586914
-0.01739502
-0.01831055
-0.01831055
-0.01831055
-0.01800537
-0.01678467
-0.01556396
-0.01464844
-0.01342773
-0.01190186
-0.01159668
-0.01190186
-0.01190186
-0.01220703
-0.01220703
-0.01281738
-0.01342773
-0.01373291
-0.01403809
-0.01342773
-0.01220703
-0.01098633
-0.00946045
-0.00762939
-0.00579834
-0.00457764
-0.00396729
-0.00366211
-0.00274658
-0.00213623
-0.00244141
-0.00274658
-0.00274658
-0.00335693
-0.00366211
-0.00396729
-0.00366211
-0.00305176
-0.00213623
-0.00030518
 0.00122070
 0.00244141
 0.00335693
 0.00427246
 0.00518799
 0.00549316
 0.00488281
 0.00488281
 0.00488281
 0.00427246
 0.00427246
 0.00427246
 0.00488281
 0.00579834
 0.00701904
 0.00823975
 0.00915527
 0.01037598
 0.01129150
 0.01251221
 0.01342773
 0.01373291
 0.01342773
 0.01220703
 0.01007080
 0.00854492
 0.00732422
 0.00671387
 0.00610352
 0.00640869
 0.00762939
 0.00854492
 0.00946045
 0.01007080
 0.01007080
 0.01037598
 0.01007080
 0.00946045
 0.00854492
 0.00701904
 0.00518799
 0.00396729
 0.00244141
 0.00091553
-0.00030518
-0.00030518
-0.00061035
-0.00061035
-0.00030518
 0.00030518
 0.00091553
 0.00122070
 0.00091553
-0.00091553
-0.00305176
-0.00518799
-0.00732422
-0.00915527
-0.01068115
-0.01159668
-0.01220703
-0.01220703
-0.01190186
-0.01190186
-0.01190186
-0.01190186
-0.01190186
-0.01159668
-0.01068115
-0.01037598
-0.01068115
-0.01159668
-0.01251221
-0.01342773
-0.01495361
-0.01617432
-0.01617432
-0.01525879
-0.01434326
-0.01251221
-0.01129150
-0.01007080
-0.00885010
-0.00701904
-0.00610352
-0.00640869
-0.00701904
-0.00732422
-0.00732422
-0.00732422
-0.00762939
-0.00793457
-0.00854492
-0.00793457
-0.00701904
-0.00610352
-0.00457764
-0.00335693
-0.00213623
-0.00091553
 0.00000000
 0.00030518
-0.00030518
-0.00122070
-0.00244141
-0.00305176
-0.00335693
-0.00335693
-0.00305176
-0.00183105
-0.00061035
 0.00091553
 0.00213623
 0.00396729
 0.00488281
 0.00579834
 0.00640869
 0.00701904
 0.00671387
 0.00640869
 0.00549316
 0.00396729
 0.00274658
 0.00183105
 0.00152588
 0.00183105
 0.00213623
 0.00305176
 0.00427246
 0.00549316
 0.00640869
 0.00671387
 0.00671387
 0.00671387
 0.00671387
 0.00579834
 0.00518799
 0.00457764
 0.00396729
 0.00335693
 0.00335693
 0.00427246
 0.00549316
 0.00671387
 0.00793457
 0.00915527
 0.01037598
 0.01129150
 0.01220703
 0.01251221
 0.01220703
 0.01129150
 0.01037598
 0.00976563
 0.00915527
 0.00915527
 0.00976563
 0.01037598
 0.01068115
 0.01129150
 0.01251221
 0.01312256
 0.01312256
 0.01342773
 0.01342773
 0.01312256
 0.01251221
 0.01129150
 0.01037598
 0.00946045
 0.00854492
 0.00793457
 0.00762939
 0.00762939
 0.00823975
 0.00976563
 0.01068115
 0.01129150
 0.01220703
 0.01342773
 0.01434326
 0.01434326
 0.01312256
 0.01129150
 0.01037598
 0.00915527
 0.00823975
 0.00701904
 0.00610352
 0.00579834
 0.00610352
 0.00640869
 0.00610352
 0.00579834
 0.00640869
 0.00671387
 0.00671387
 0.00549316
 0.00488281
 0.00366211
 0.00152588
-0.00091553
-0.00244141
-0.00396729
-0.00518799
-0.00549316
-0.00518799
-0.00457764
-0.00366211
-0.00244141
-0.00122070
-0.00061035
-0.00061035
-0.00061035
-0.00122070
-0.00213623
-0.00366211
-0.00518799
-0.00671387
-0.00885010
-0.01007080
-0.01068115
-0.01098633
-0.01129150
-0.01129150
-0.01098633
-0.01007080
-0.00946045
-0.00915527
-0.00976563
-0.01037598
-0.01098633
-0.01251221
-0.01403809
-0.01525879
-0.01617432
-0.01708984
-0.01770020
-0.01739502
-0.01647949
-0.01586914
-0.01464844
-0.01342773
-0.01190186
-0.01098633
-0.01037598
-0.01068115
-0.01159668
-0.01312256
-0.01403809
-0.01434326
-0.01495361
-0.01556396
-0.01586914
-0.01617432
-0.01556396
-0.01525879
-0.01403809
-0.01281738
-0.01129150
-0.00946045
-0.00885010
-0.00946045
-0.01037598
-0.01129150
-0.01220703
-0.01281738
-0.01281738
-0.01251221
-0.01190186
-0.01129150
-0.01037598
-0.00885010
-0.00671387
-0.00427246
-0.00244141
-0.00061035
 0.00061035
 0.00183105
 0.00244141
 0.00274658
 0.00274658
 0.00244141
 0.00244141
 0.00274658
 0.00335693
 0.00366211
 0.00457764
 0.00610352
 0.00823975
 0.01007080
 0.01098633
 0.01190186
 0.01251221
 0.01251221
 0.01251221
 0.01251221
 0.01190186
 0.01129150
 0.01068115
 0.01037598
 0.01007080
 0.00976563
 0.01007080
 0.01098633
 0.01220703
 0.01342773
 0.01464844
 0.01586914
 0.01617432
 0.01556396
 0.01495361
 0.01403809
 0.01281738
 0.01159668
 0.01037598
 0.00915527
 0.00793457
 0.00701904
 0.00671387
 0.00671387
 0.00701904
 0.00640869
 0.00579834
 0.00579834
 0.00549316
 0.00457764
 0.00335693
 0.00183105
 0.00091553
-0.00061035
-0.00183105
-0.00335693
-0.00457764
-0.00549316
-0.00549316
-0.00579834
-0.00579834
-0.00579834
-0.00610352
-0.00671387
-0.00732422
-0.00854492
-0.00915527
-0.00976563
-0.01098633
-0.01190186
-0.01342773
-0.01464844
-0.01556396
-0.01647949
-0.01647949
-0.01586914
-0.01556396
-0.01586914
-0.01617432
-0.01647949
-0.01647949
-0.01647949
-0.01708984
-0.01770020
-0.01800537
-0.01770020
-0.01831055
-0.01861572
-0.01861572
-0.01831055
-0.01708984
-0.01586914
-0.01495361
-0.01403809
-0.01342773
-0.01220703
-0.01159668
-0.01098633
-0.01129150
-0.01129150
-0.01068115
-0.00976563
-0.00946045
-0.00946045
-0.00885010
-0.00793457
-0.00701904
-0.00579834
-0.00457764
-0.00396729
-0.00305176
-0.00244141
-0.00152588
-0.00030518
 0.00061035
 0.00152588
 0.00213623
 0.00213623
 0.00213623
 0.00274658
 0.00396729
 0.00549316
 0.00640869
 0.00762939
 0.00946045
 0.01068115
 0.01190186
 0.01281738
 0.01403809
 0.01525879
 0.01617432
 0.01647949
 0.01617432
 0.01556396
 0.01495361
 0.01495361
 0.01525879
 0.01525879
 0.01525879
 0.01556396
 0.01586914
 0.01617432
 0.01617432
 0.01647949
 0.01647949
 0.01617432
 0.01647949
 0.01647949
 0.01647949
 0.01617432
 0.01586914
 0.01525879
 0.01464844
 0.01403809
 0.01373291
 0.01342773
 0.01251221
 0.01190186
 0.01190186
 0.01190186
 0.01190186
 0.01190186
 0.01190186
 0.01129150
 0.01007080
 0.00854492
 0.00762939
 0.00701904
 0.00610352
 0.00518799
 0.00396729
 0.00305176
 0.00213623
 0.00122070
 0.00030518
 0.00000000
-0.00030518
-0.00030518
-0.00091553
-0.00213623
-0.00244141
-0.00244141
-0.00244141
-0.00274658
-0.00274658
-0.00274658
-0.00274658
-0.00305176
-0.00335693
-0.00305176
-0.00244141
-0.00213623
-0.00244141
-0.00305176
-0.00366211
-0.00396729
-0.00427246
-0.00427246
-0.00396729
-0.00396729
-0.00335693
-0.00366211
-0.00427246
-0.00457764
-0.00427246
-0.00427246
-0.00488281
-0.00488281
-0.00488281
-0.00457764
-0.00488281
-0.00518799
-0.00518799
-0.00488281
-0.00488281
-0.00488281
-0.00549316
-0.00549316
-0.00549316
-0.00518799
-0.00518799
-0.00518799
-0.00488281
-0.00457764
-0.00396729
-0.00366211
-0.00335693
-0.00366211
-0.00274658
-0.00213623
-0.00152588
-0.00122070
-0.00152588
-0.00152588
-0.00183105
-0.00213623
-0.00305176
-0.00305176
-0.00305176
-0.00305176
-0.00305176
-0.00305176
-0.00274658
-0.00274658
-0.00183105
-0.00091553
 0.00061035
 0.00152588
 0.00152588
 0.00091553
 0.00061035
 0.00061035
 0.00061035
 0.00061035
 0.00061035
 0.00030518
 0.00091553
 0.00122070
 0.00152588
 0.00213623
 0.00335693
 0.00427246
 0.00518799
 0.00518799
 0.00518799
 0.00488281
 0.00427246
 0.00305176
 0.00244141
 0.00213623
 0.00183105
 0.00122070
 0.00030518
-0.00030518
-0.00030518
-0.00061035
-0.00061035
-0.00061035
-0.00030518
-0.00061035
-0.00061035
-0.00091553
-0.00091553
-0.00122070
-0.00152588
-0.00183105
-0.00213623
-0.00244141
-0.00244141
-0.00244141
-0.00244141
-0.00213623
-0.00244141
-0.00213623
-0.00244141
-0.00213623
-0.00183105
-0.00183105
-0.00213623
-0.00244141
-0.00305176
-0.00366211
-0.00396729
-0.00457764
-0.00518799
-0.00579834
-0.00579834
-0.00488281
-0.00427246
-0.00335693
-0.00213623
-0.00122070
-0.00091553
-0.00030518
 0.00000000
-0.00030518
-0.00091553
-0.00122070
-0.00152588
-0.00152588
-0.00122070
-0.00122070
-0.00091553
 0.00000000
 0.00061035
 0.00122070
 0.00244141
 0.00366211
 0.00427246
 0.00457764
 0.00427246
 0.00396729
 0.00366211
 0.00305176
 0.00274658
 0.00183105
 0.00091553
 0.00061035
 0.00061035
 0.00061035
 0.00091553
 0.00091553
 0.00122070
 0.00183105
 0.00122070
 0.00091553
 0.00122070
 0.00122070
 0.00091553
 0.00030518
-0.00061035
-0.00213623
-0.00335693
-0.00427246
-0.00396729
-0.00335693
-0.00335693
-0.00335693
-0.00366211
-0.00366211
-0.00305176
-0.00305176
-0.00305176
-0.00335693
-0.00366211
-0.00427246
-0.00518799
-0.00640869
-0.00762939
-0.00823975
-0.00854492
-0.00793457
-0.00732422
-0.00671387
-0.00640869
-0.00610352
-0.00579834
-0.00549316
-0.00488281
-0.00457764
-0.00457764
-0.00488281
-0.00549316
-0.00549316
-0.00549316
-0.00579834
-0.00640869
-0.00671387
-0.00610352
-0.00518799
-0.00396729
-0.00274658
-0.00122070
-0.00030518
 0.00000000
 0.00030518
-0.00030518
-0.00061035
-0.00091553
-0.00122070
-0.00152588
-0.00183105
-0.00183105
-0.00183105
-0.00152588
-0.00183105
-0.00152588
-0.00091553
-0.00030518
 0.00091553
 0.00152588
 0.00183105
 0.00183105
 0.00091553
-0.00061035
-0.00122070
-0.00122070
-0.00091553
-0.00122070
-0.00152588
-0.00122070
-0.00091553
 0.00061035
 0.00183105
 0.00274658
 0.00366211
 0.00427246
 0.00427246
 0.00488281
 0.00518799
 0.00549316
 0.00518799
 0.00457764
 0.00366211
 0.00305176
 0.00274658
 0.00335693
 0.00396729
 0.00488281
 0.00579834
 0.00671387
 0.00732422
 0.00793457
 0.00854492
 0.00823975
 0.00793457
 0.00732422
 0.00701904
 0.00671387
 0.00640869
 0.00610352
 0.00610352
 0.00640869
 0.00701904
 0.00732422
 0.00762939
 0.00854492
 0.00915527
 0.00946045
 0.00976563
 0.00946045
 0.00885010
 0.00732422
 0.00640869
 0.00579834
 0.00488281
 0.00366211
 0.00244141
 0.00213623
 0.00183105
 0.00183105
 0.00183105
 0.00213623
 0.00244141
 0.00305176
 0.00274658
 0.00274658
 0.00244141
 0.00183105
 0.00030518
-0.00091553
-0.00274658
-0.00396729
-0.00457764
-0.00488281
-0.00488281
-0.00457764
-0.00427246
-0.00457764
-0.00366211
-0.00244141
-0.00183105
-0.00152588
-0.00152588
-0.00244141
-0.00335693
-0.00427246
-0.00457764
-0.00549316
-0.00610352
-0.00701904
-0.00701904
-0.00671387
-0.00579834
-0.00488281
-0.00396729
-0.00335693
-0.00274658
-0.00244141
-0.00213623
-0.00274658
-0.00335693
-0.00396729
-0.00427246
-0.00427246
-0.00427246
-0.00427246
-0.00396729
-0.00274658
-0.00122070
 0.00030518
 0.00122070
 0.00183105
 0.00244141
 0.00274658
 0.00213623
 0.00183105
 0.00122070
 0.00030518
-0.00030518
-0.00122070
-0.00122070
-0.00091553
-0.00061035
 0.00030518
 0.00152588
 0.00274658
 0.00396729
 0.00427246
 0.00427246
 0.00457764
 0.00457764
 0.00366211
 0.00244141
 0.00152588
 0.00091553
 0.00061035
 0.00091553
 0.00152588
 0.00183105
 0.00213623
 0.00274658
 0.00366211
 0.00396729
 0.00427246
 0.00396729
 0.00427246
 0.00457764
 0.00427246
 0.00335693
 0.00213623
 0.00152588
 0.00091553
 0.00030518
 0.00030518
 0.00061035
 0.00152588
 0.00183105
 0.00244141
 0.00305176
 0.00335693
 0.00305176
 0.00274658
 0.00244141
 0.00213623
 0.00183105
 0.00183105
 0.00183105
 0.00091553
 0.00000000
 0.00000000
 0.00030518
 0.00091553
 0.00183105
 0.00305176
 0.00305176
 0.00366211
 0.00396729
 0.00396729
 0.00305176
 0.00213623
 0.00152588
 0.00091553
 0.00030518
-0.00091553
-0.00183105
-0.00213623
-0.00213623
-0.00213623
-0.00244141
-0.00213623
-0.00152588
-0.00122070
-0.00091553
-0.00152588
-0.00213623
-0.00305176
-0.00366211
-0.00488281
-0.00610352
-0.00701904
-0.00701904
-0.00610352
-0.00549316
-0.00488281
-0.00457764
-0.00427246
-0.00396729
-0.00366211
-0.00396729
-0.00427246
-0.00396729
-0.00396729
-0.00396729
-0.00457764
-0.00579834
-0.00640869
-0.00671387
-0.00732422
-0.00701904
-0.00671387
-0.00610352
-0.00579834
-0.00518799
-0.00488281
-0.00396729
-0.00396729
-0.00396729
-0.00427246
-0.00457764
-0.00427246
-0.00457764
-0.00457764
-0.00427246
-0.00427246
-0.00427246
-0.00427246
-0.00396729
-0.00366211
-0.00366211
-0.00274658
-0.00213623
-0.00183105
-0.00244141
-0.00274658
-0.00366211
-0.00457764
-0.00549316
-0.00549316
-0.00549316
-0.00457764
-0.00427246
-0.00457764
-0.00549316
-0.00610352
-0.00610352
-0.00579834
-0.00549316
-0.00549316
-0.00549316
-0.00549316
-0.00518799
-0.00518799
-0.00549316
-0.00610352
-0.00640869
-0.00610352
-0.00549316
-0.00518799
-0.00518799
-0.00488281
-0.00427246
-0.00305176
-0.00244141
-0.00274658
-0.00274658
-0.00213623
-0.00122070
-0.00122070
-0.00183105
-0.00213623
-0.00274658
-0.00244141
-0.00183105
-0.00183105
-0.00152588
-0.00152588
-0.00091553
-0.00061035
-0.00061035
-0.00030518
 0.00000000
