 0.00000000
 0.00000000
 0.00030518
 0.00061035
 0.00030518
 0.00000000
-0.00030518
 0.00000000
 0.00030518
 0.00030518
 0.00030518
 0.00061035
 0.00061035
 0.00030518
 0.00030518
 0.00000000
 0.00000000
 0.00000000
 0.00000000
 0.00000000
 0.00000000
 0.00000000
-0.00030518
-0.00030518
-0.00030518
 0.00000000
 0.00030518
 0.00061035
 0.00061035
 0.00000000
-0.00061035
-0.00030518
 0.00000000
 0.00000000
 0.00000000
-0.00030518
 0.00000000
 0.00000000
 0.00000000
 0.00000000
 0.00000000
 0.00000000
 0.00000000
 0.00000000
 0.00000000
-0.00030518
 0.00000000
 0.00030518
 0.00030518
 0.00000000
 0.00000000
 0.00030518
 0.00061035
 0.00030518
 0.00030518
 0.00000000
 0.00000000
 0.00030518
 0.00061035
 0.00061035
-0.00030518
-0.00061035
-0.00030518
 0.00000000
 0.00030518
 0.00000000
 0.00000000
-0.00030518
 0.00000000
 0.00030518
 0.00000000
 0.00030518
 0.00030518
 0.00030518
 0.00030518
 0.00061035
 0.00061035
 0.00061035
 0.00030518
 0.00000000
 0.00030518
 0.00030518
 0.00030518
-0.00030518
-0.00091553
-0.00091553
-0.00030518
 0.00030518
 0.00030518
 0.00000000
 0.00000000
 0.00000000
 0.00030518
 0.00030518
 0.00061035
 0.00213623
 0.00946045
 0.02441406
 0.04333496
 0.05462646
 0.03967285
-0.02288818
-0.14312744
-0.27984619
-0.35156250
-0.26000977
-0.06408691
 0.10803223
 0.17150879
 0.16510010
 0.16448975
 0.17761230
 0.17364502
 0.10559082
-0.00762939
-0.08514404
-0.09338379
-0.04791260
 0.01281738
 0.02014160
-0.06835938
-0.20965576
-0.27313232
-0.18981934
-0.04089355
 0.12176514
 0.26550293
 0.25360107
 0.21087646
 0.15380859
 0.10009766
-0.00396729
-0.14038086
-0.21209717
-0.22064209
-0.18493652
-0.09460449
 0.03051758
 0.12939453
 0.16418457
 0.12695313
 0.01373291
-0.09796143
-0.10070801
 0.01403809
 0.15350342
 0.19927979
 0.14099121
 0.03601074
-0.04943848
-0.11535645
-0.16876221
-0.17608643
-0.14587402
-0.09887695
-0.02838135
 0.06500244
 0.13671875
 0.15930176
 0.12664795
 0.04547119
-0.05706787
-0.11993408
-0.10314941
-0.02105713
 0.06774902
 0.10284424
 0.07263184
-0.01281738
-0.08972168
-0.09918213
-0.05340576
 0.01831055
 0.09246826
 0.17028809
 0.25878906
 0.32714844
 0.29937744
 0.10070801
-0.12908936
-0.22521973
-0.17639160
-0.04638672
 0.11810303
 0.30334473
 0.29144287
 0.12512207
-0.14434814
-0.44372559
-0.57250977
-0.55267334
-0.38269043
-0.14007568
 0.08361816
 0.29449463
 0.30731201
 0.25482178
 0.12176514
-0.08911133
-0.23956299
-0.25543213
-0.19317627
-0.10864258
-0.03173828
 0.02471924
 0.04089355
 0.01770020
-0.01647949
 0.01281738
 0.10589600
 0.20721436
 0.26763916
 0.27038574
 0.17974854
 0.01922607
-0.11688232
-0.16784668
-0.16937256
-0.14678955
-0.10620117
-0.05371094
-0.00122070
 0.04486084
 0.08544922
 0.11566162
 0.12542725
 0.11047363
 0.08880615
 0.06744385
 0.03356934
-0.01586914
-0.06195068
-0.09765625
-0.12115479
-0.12176514
-0.09429932
-0.05340576
-0.01312256
 0.02716064
 0.06958008
 0.10498047
 0.10711670
 0.05401611
-0.01953125
-0.06561279
-0.07781982
-0.06225586
-0.02502441
 0.02227783
 0.06500244
 0.08239746
 0.03356934
-0.08056641
-0.18249512
-0.20629883
-0.16326904
-0.08361816
 0.00183105
 0.07751465
 0.13519287
 0.17486572
 0.20385742
 0.21087646
 0.18005371
 0.10772705
 0.02044678
-0.04425049
-0.07965088
-0.09582520
-0.09826660
-0.09002686
-0.07781982
-0.06500244
-0.03784180
 0.01525879
 0.08819580
 0.16479492
 0.22827148
 0.26489258
 0.24047852
 0.14160156
 0.01892090
-0.07385254
-0.13153076
-0.15991211
-0.16540527
-0.15777588
-0.13977051
-0.10711670
-0.06225586
-0.01312256
 0.03662109
 0.08972168
 0.14862061
 0.20690918
 0.24291992
 0.20965576
 0.09582520
-0.03417969
-0.12084961
-0.15991211
-0.16204834
-0.14312744
-0.11810303
-0.09246826
-0.06683350
-0.04272461
-0.01861572
 0.01129150
 0.04791260
 0.08331299
 0.10253906
 0.09185791
 0.05523682
 0.00427246
-0.05767822
-0.12603760
-0.18737793
-0.22674561
-0.22766113
-0.18493652
-0.10833740
-0.02319336
 0.04516602
 0.08758545
 0.10253906
 0.08544922
 0.05859375
 0.05004883
 0.05340576
 0.05401611
 0.04028320
 0.00976563
-0.03234863
-0.07812500
-0.11627197
-0.12969971
-0.11047363
-0.06195068
 0.00671387
 0.08178711
 0.14617920
 0.18432617
 0.17486572
 0.10772705
 0.02929688
-0.01556396
-0.03265381
-0.04089355
-0.05401611
-0.07720947
-0.09948730
-0.10620117
-0.09552002
-0.06958008
-0.03173828
 0.01464844
 0.06286621
 0.10498047
 0.12664795
 0.11535645
 0.08209229
 0.04669189
 0.01281738
-0.02136230
-0.05218506
-0.07415771
-0.09002686
-0.10406494
-0.11413574
-0.10925293
-0.07995605
-0.02746582
 0.03997803
 0.10803223
 0.16052246
 0.18249512
 0.15197754
 0.08666992
 0.02532959
-0.02197266
-0.06469727
-0.10375977
-0.13305664
-0.14892578
-0.14678955
-0.12359619
-0.08148193
-0.02777100
 0.02929688
 0.08483887
 0.13671875
 0.18218994
 0.21057129
 0.20629883
 0.16265869
 0.09277344
 0.01342773
-0.06134033
-0.12084961
-0.15655518
-0.16235352
-0.13671875
-0.08270264
-0.00732422
 0.07537842
 0.14770508
 0.19317627
 0.19897461
 0.15289307
 0.08972168
 0.04791260
 0.01983643
-0.00701904
-0.03448486
-0.06011963
-0.08026123
-0.09124756
-0.08605957
-0.05950928
-0.01281738
 0.04791260
 0.11077881
 0.16296387
 0.18920898
 0.16601563
 0.10375977
 0.03906250
-0.01739502
-0.07568359
-0.13061523
-0.16937256
-0.18341064
-0.17333984
-0.14129639
-0.09338379
-0.03631592
 0.02227783
 0.07507324
 0.11474609
 0.12756348
 0.10681152
 0.07293701
 0.04302979
 0.01342773
-0.02044678
-0.05584717
-0.08728027
-0.11077881
-0.12084961
-0.11260986
-0.08666992
-0.04699707
 0.00183105
 0.05371094
 0.10162354
 0.13427734
 0.13610840
 0.10925293
 0.07659912
 0.04486084
 0.00732422
-0.03631592
-0.07629395
-0.10314941
-0.11230469
-0.10101318
-0.07080078
-0.02563477
 0.02838135
 0.08422852
 0.13366699
 0.16632080
 0.16693115
 0.13793945
 0.09979248
 0.05706787
 0.00335693
-0.05523682
-0.10498047
-0.13732910
-0.15014648
-0.14465332
-0.12268066
-0.08666992
-0.03997803
 0.01159668
 0.06134033
 0.10070801
 0.11169434
 0.08636475
 0.04333496
 0.00518799
-0.02685547
-0.05584717
-0.08056641
-0.09765625
-0.10467529
-0.09857178
-0.07751465
-0.04058838
 0.00671387
 0.05767822
 0.10314941
 0.13214111
 0.13061523
 0.10498047
 0.07537842
 0.04638672
 0.01312256
-0.02288818
-0.05432129
-0.07537842
-0.08453369
-0.08270264
-0.07263184
-0.05493164
-0.03173828
-0.00488281
 0.02349854
 0.05004883
 0.06744385
 0.06866455
 0.05096436
 0.02105713
-0.01220703
-0.04455566
-0.07232666
-0.09368896
-0.10620117
-0.10772705
-0.09490967
-0.06805420
-0.02990723
 0.01373291
 0.05462646
 0.08239746
 0.08514404
 0.06622314
 0.04425049
 0.02685547
 0.00976563
-0.01007080
-0.03173828
-0.05096436
-0.06256104
-0.06530762
-0.05920410
-0.04577637
-0.02655029
-0.00427246
 0.01861572
 0.03967285
 0.05371094
 0.05615234
 0.04455566
 0.02319336
-0.00061035
-0.02075195
-0.03417969
-0.04180908
-0.04516602
-0.04486084
-0.03875732
-0.02532959
-0.00274658
 0.02624512
 0.05554199
 0.07720947
 0.08300781
 0.07324219
 0.05767822
 0.04333496
 0.03051758
 0.01464844
-0.00640869
-0.03051758
-0.05126953
-0.06164551
-0.05889893
-0.04364014
-0.01983643
 0.00762939
 0.03234863
 0.04974365
 0.05676270
 0.05493164
 0.04608154
 0.03051758
 0.00915527
-0.01373291
-0.03234863
-0.04486084
-0.05096436
-0.05065918
-0.04425049
-0.02990723
-0.00823975
 0.01922607
 0.04760742
 0.07080078
 0.08117676
 0.07507324
 0.05706787
 0.03662109
 0.01831055
 0.00152588
-0.01617432
-0.03570557
-0.05554199
-0.06958008
-0.07385254
-0.06591797
-0.04791260
-0.02410889
-0.00061035
 0.01708984
 0.02685547
 0.02868652
 0.02532959
 0.01708984
 0.00396729
-0.01342773
-0.03326416
-0.05096436
-0.06256104
-0.06713867
-0.06469727
-0.05615234
-0.04302979
-0.02502441
-0.00274658
 0.02136230
 0.04272461
 0.05523682
 0.05584717
 0.04669189
 0.03295898
 0.01800537
 0.00366211
-0.00946045
-0.01983643
-0.02624512
-0.02624512
-0.01861572
-0.00396729
 0.01525879
 0.03448486
 0.04791260
 0.05310059
 0.05065918
 0.04425049
 0.03662109
 0.02807617
 0.01739502
 0.00396729
-0.01068115
-0.02380371
-0.03204346
-0.03479004
-0.03326416
-0.02960205
-0.02471924
-0.01953125
-0.01312256
-0.00549316
 0.00213623
 0.00732422
 0.00854492
 0.00579834
 0.00122070
-0.00335693
-0.00701904
-0.00885010
-0.01037598
-0.01220703
-0.01434326
-0.01464844
-0.01220703
-0.00671387
 0.00061035
 0.00732422
 0.01129150
 0.01281738
 0.01342773
 0.01434326
 0.01495361
 0.01525879
 0.01495361
 0.01342773
 0.01159668
 0.01129150
 0.01373291
 0.01831055
 0.02288818
 0.02593994
 0.02716064
 0.02685547
 0.02655029
 0.02624512
 0.02563477
 0.02441406
 0.02288818
 0.02258301
 0.02502441
 0.02929688
 0.03356934
 0.03448486
 0.03021240
 0.02105713
 0.01007080
 0.00091553
-0.00335693
-0.00274658
 0.00091553
 0.00457764
 0.00610352
 0.00579834
 0.00579834
 0.00823975
 0.01220703
 0.01617432
 0.01831055
 0.01708984
 0.01251221
 0.00640869
-0.00091553
-0.00885010
-0.01708984
-0.02410889
-0.02899170
-0.02990723
-0.02746582
-0.02288818
-0.01800537
-0.01373291
-0.00946045
-0.00457764
 0.00091553
 0.00671387
 0.01098633
 0.01159668
 0.00793457
 0.00213623
-0.00366211
-0.00701904
-0.00823975
-0.00885010
-0.01007080
-0.01220703
-0.01403809
-0.01312256
-0.00793457
 0.00000000
 0.00854492
 0.01495361
 0.01647949
 0.01373291
 0.00823975
 0.00152588
-0.00457764
-0.01068115
-0.01708984
-0.02258301
-0.02716064
-0.03021240
-0.03143311
-0.02960205
-0.02502441
-0.01861572
-0.01159668
-0.00366211
 0.00244141
 0.00518799
 0.00335693
-0.00274658
-0.01037598
-0.01708984
-0.02166748
-0.02349854
-0.02319336
-0.02197266
-0.02136230
-0.02044678
-0.01770020
-0.01190186
-0.00366211
 0.00427246
 0.00976563
 0.01068115
 0.00640869
-0.00122070
-0.00854492
-0.01525879
-0.02166748
-0.02716064
-0.03112793
-0.03204346
-0.02960205
-0.02288818
-0.01373291
-0.00396729
 0.00549316
 0.01220703
 0.01586914
 0.01617432
 0.01373291
 0.00885010
 0.00122070
-0.00732422
-0.01434326
-0.01800537
-0.01800537
-0.01495361
-0.00976563
-0.00366211
 0.00244141
 0.00854492
 0.01495361
 0.02105713
 0.02655029
 0.02868652
 0.02655029
 0.02014160
 0.01037598
 0.00061035
-0.00762939
-0.01342773
-0.01647949
-0.01617432
-0.01251221
-0.00488281
 0.00518799
 0.01586914
 0.02563477
 0.03234863
 0.03601074
 0.03631592
 0.03387451
 0.02868652
 0.02136230
 0.01220703
 0.00183105
-0.00793457
-0.01464844
-0.01678467
-0.01464844
-0.00976563
-0.00335693
 0.00335693
 0.01007080
 0.01678467
 0.02288818
 0.02746582
 0.02807617
 0.02349854
 0.01434326
 0.00305176
-0.00823975
-0.01770020
-0.02319336
-0.02471924
-0.02166748
-0.01556396
-0.00762939
 0.00091553
 0.00854492
 0.01464844
 0.01800537
 0.01861572
 0.01617432
 0.01129150
 0.00457764
-0.00244141
-0.01007080
-0.01739502
-0.02227783
-0.02319336
-0.02075195
-0.01464844
-0.00701904
 0.00000000
 0.00518799
 0.00854492
 0.01129150
 0.01312256
 0.01312256
 0.01129150
 0.00701904
 0.00030518
-0.00762939
-0.01495361
-0.01953125
-0.02105713
-0.01922607
-0.01495361
-0.00976563
-0.00396729
 0.00183105
 0.00610352
 0.00854492
 0.00854492
 0.00549316
 0.00122070
-0.00427246
-0.01007080
-0.01586914
-0.01983643
-0.02197266
-0.02166748
-0.01892090
-0.01342773
-0.00488281
 0.00427246
 0.01342773
 0.02044678
 0.02471924
 0.02685547
 0.02746582
 0.02624512
 0.02197266
 0.01525879
 0.00640869
-0.00305176
-0.01007080
-0.01373291
-0.01342773
-0.01068115
-0.00579834
-0.00061035
 0.00427246
 0.00762939
 0.00823975
 0.00671387
 0.00366211
-0.00152588
-0.00793457
-0.01434326
-0.01922607
-0.02227783
-0.02319336
-0.02105713
-0.01617432
-0.00915527
 0.00000000
 0.00976563
 0.01892090
 0.02624512
 0.02960205
 0.02929688
 0.02624512
 0.02136230
 0.01586914
 0.01037598
 0.00518799
 0.00091553
-0.00213623
-0.00213623
 0.00030518
 0.00579834
 0.01251221
 0.01922607
 0.02441406
 0.02716064
 0.02624512
 0.02349854
 0.01922607
 0.01342773
 0.00640869
-0.00122070
-0.00732422
-0.01190186
-0.01373291
-0.01373291
-0.01190186
-0.00823975
-0.00305176
 0.00305176
 0.00854492
 0.01220703
 0.01373291
 0.01281738
 0.00885010
 0.00274658
-0.00366211
-0.00976563
-0.01495361
-0.01922607
-0.02136230
-0.02166748
-0.02014160
-0.01647949
-0.01098633
-0.00518799
 0.00061035
 0.00427246
 0.00610352
 0.00518799
 0.00122070
-0.00427246
-0.01098633
-0.01708984
-0.02166748
-0.02441406
-0.02471924
-0.02288818
-0.01953125
-0.01434326
-0.00854492
-0.00305176
 0.00152588
 0.00579834
 0.00885010
 0.00976563
 0.00885010
 0.00671387
 0.00335693
-0.00061035
-0.00366211
-0.00488281
-0.00366211
-0.00122070
 0.00091553
 0.00366211
 0.00579834
 0.00762939
 0.00854492
 0.00885010
 0.00762939
 0.00488281
 0.00030518
-0.00549316
-0.01129150
-0.01678467
-0.02044678
-0.02197266
-0.02136230
-0.01892090
-0.01434326
-0.00915527
-0.00366211
 0.00030518
 0.00274658
 0.00427246
 0.00488281
 0.00427246
 0.00274658
 0.00091553
-0.00152588
-0.00335693
-0.00396729
-0.00274658
-0.00061035
 0.00183105
 0.00396729
 0.00579834
 0.00671387
 0.00701904
 0.00671387
 0.00579834
 0.00366211
 0.00091553
-0.00274658
-0.00701904
-0.01129150
-0.01373291
-0.01434326
-0.01281738
-0.00915527
-0.00427246
 0.00061035
 0.00488281
 0.00793457
 0.00915527
 0.00854492
 0.00701904
 0.00518799
 0.00274658
 0.00000000
-0.00274658
-0.00457764
-0.00518799
-0.00518799
-0.00427246
-0.00213623
 0.00061035
 0.00427246
 0.00701904
 0.00823975
 0.00793457
 0.00549316
 0.00152588
-0.00335693
-0.00762939
-0.01159668
-0.01434326
-0.01586914
-0.01556396
-0.01342773
-0.00976563
-0.00518799
 0.00000000
 0.00488281
 0.00976563
 0.01312256
 0.01403809
 0.01281738
 0.01007080
 0.00701904
 0.00335693
-0.00091553
-0.00335693
-0.00457764
-0.00427246
-0.00183105
 0.00213623
 0.00701904
 0.01190186
 0.01586914
 0.01861572
 0.01983643
 0.01953125
 0.01800537
 0.01434326
 0.00915527
 0.00366211
-0.00152588
-0.00518799
-0.00732422
-0.00701904
-0.00427246
 0.00030518
 0.00579834
 0.01190186
 0.01708984
 0.02075195
 0.02258301
 0.02319336
 0.02105713
 0.01708984
 0.01129150
 0.00457764
-0.00091553
-0.00488281
-0.00701904
-0.00732422
-0.00488281
-0.00061035
 0.00457764
 0.00976563
 0.01495361
 0.01831055
 0.01953125
 0.01800537
 0.01495361
 0.01068115
 0.00518799
-0.00091553
-0.00701904
-0.01159668
-0.01403809
-0.01373291
-0.01129150
-0.00732422
-0.00244141
 0.00213623
 0.00640869
 0.00976563
 0.01159668
 0.01098633
 0.00885010
 0.00427246
-0.00213623
-0.00946045
-0.01617432
-0.02136230
-0.02380371
-0.02410889
-0.02166748
-0.01708984
-0.01098633
-0.00457764
 0.00122070
 0.00518799
 0.00732422
 0.00671387
 0.00427246
 0.00030518
-0.00457764
-0.01037598
-0.01617432
-0.02105713
-0.02441406
-0.02471924
-0.02258301
-0.01831055
-0.01281738
-0.00640869
-0.00030518
 0.00427246
 0.00732422
 0.00854492
 0.00762939
 0.00488281
 0.00061035
-0.00518799
-0.01068115
-0.01525879
-0.01831055
-0.02014160
-0.01922607
-0.01586914
-0.01068115
-0.00427246
 0.00152588
 0.00640869
 0.00976563
 0.01068115
 0.00946045
 0.00579834
 0.00061035
-0.00488281
-0.01037598
-0.01556396
-0.01922607
-0.02105713
-0.02075195
-0.01861572
-0.01373291
-0.00793457
-0.00213623
 0.00305176
 0.00671387
 0.00885010
 0.00854492
 0.00640869
 0.00244141
-0.00244141
-0.00793457
-0.01281738
-0.01617432
-0.01770020
-0.01708984
-0.01403809
-0.00946045
-0.00366211
 0.00213623
 0.00762939
 0.01159668
 0.01373291
 0.01373291
 0.01159668
 0.00793457
 0.00396729
-0.00030518
-0.00427246
-0.00701904
-0.00854492
-0.00762939
-0.00457764
-0.00030518
 0.00549316
 0.01190186
 0.01831055
 0.02258301
 0.02532959
 0.02593994
 0.02441406
 0.02105713
 0.01708984
 0.01312256
 0.00915527
 0.00549316
 0.00274658
 0.00213623
 0.00335693
 0.00671387
 0.01098633
 0.01586914
 0.01953125
 0.02258301
 0.02410889
 0.02349854
 0.02044678
 0.01586914
 0.01037598
 0.00488281
 0.00000000
-0.00488281
-0.00793457
-0.00885010
-0.00762939
-0.00457764
-0.00030518
 0.00457764
 0.00946045
 0.01373291
 0.01556396
 0.01525879
 0.01312256
 0.00976563
 0.00549316
 0.00122070
-0.00335693
-0.00701904
-0.00976563
-0.01037598
-0.00915527
-0.00610352
-0.00213623
 0.00244141
 0.00671387
 0.01007080
 0.01190186
 0.01251221
 0.01159668
 0.00885010
 0.00549316
 0.00152588
-0.00274658
-0.00640869
-0.00915527
-0.01098633
-0.01098633
-0.00946045
-0.00640869
-0.00274658
 0.00122070
 0.00366211
 0.00457764
 0.00427246
 0.00305176
 0.00061035
-0.00244141
-0.00610352
-0.01007080
-0.01403809
-0.01708984
-0.01831055
-0.01831055
-0.01678467
-0.01403809
-0.01068115
-0.00701904
-0.00366211
-0.00061035
 0.00091553
 0.00030518
-0.00152588
-0.00457764
-0.00762939
-0.01037598
-0.01281738
-0.01434326
-0.01464844
-0.01373291
-0.01220703
-0.00976563
-0.00701904
-0.00427246
-0.00183105
 0.00000000
 0.00091553
 0.00091553
 0.00030518
-0.00122070
-0.00366211
-0.00671387
-0.00946045
-0.01037598
-0.01007080
-0.00885010
-0.00610352
-0.00274658
 0.00030518
 0.00274658
 0.00427246
 0.00518799
 0.00610352
 0.00610352
 0.00518799
 0.00427246
 0.00305176
 0.00152588
 0.00000000
-0.00122070
-0.00152588
-0.00091553
 0.00091553
 0.00366211
 0.00640869
 0.00885010
 0.01037598
 0.01129150
 0.01159668
 0.01098633
 0.01037598
 0.00915527
 0.00762939
 0.00610352
 0.00488281
 0.00427246
 0.00396729
 0.00488281
 0.00640869
 0.00793457
 0.00976563
 0.01098633
 0.01190186
 0.01312256
 0.01312256
 0.01220703
 0.01068115
 0.00823975
 0.00549316
 0.00274658
 0.00000000
-0.00183105
-0.00274658
-0.00305176
-0.00305176
-0.00366211
-0.00396729
-0.00396729
-0.00427246
-0.00427246
-0.00488281
-0.00549316
-0.00610352
-0.00701904
-0.00885010
-0.01037598
-0.01037598
-0.01007080
-0.00946045
-0.00885010
-0.00793457
-0.00671387
-0.00579834
-0.00518799
-0.00488281
-0.00335693
-0.00244141
-0.00274658
-0.00396729
-0.00488281
-0.00549316
-0.00610352
-0.00610352
-0.00549316
-0.00488281
-0.00427246
-0.00366211
-0.00244141
-0.00183105
-0.00183105
-0.00183105
-0.00183105
-0.00183105
-0.00183105
-0.00183105
-0.00244141
-0.00274658
-0.00274658
-0.00274658
-0.00244141
-0.00183105
-0.00061035
 0.00061035
 0.00091553
 0.00061035
 0.00000000
 0.00030518
 0.00000000
-0.00030518
-0.00152588
-0.00305176
-0.00457764
-0.00610352
-0.00610352
-0.00610352
-0.00610352
-0.00579834
-0.00518799
-0.00579834
-0.00610352
-0.00640869
-0.00732422
-0.00793457
-0.00793457
-0.00793457
-0.00854492
-0.00854492
-0.00854492
-0.00793457
-0.00701904
-0.00579834
-0.00366211
-0.00152588
 0.00091553
 0.00244141
 0.00305176
 0.00335693
 0.00335693
 0.00366211
 0.00366211
 0.00335693
 0.00335693
 0.00305176
 0.00335693
 0.00366211
 0.00457764
 0.00549316
 0.00701904
 0.00793457
 0.00915527
 0.01007080
 0.01037598
 0.00976563
 0.00885010
 0.00762939
 0.00671387
 0.00518799
 0.00396729
 0.00274658
 0.00213623
 0.00183105
 0.00244141
 0.00366211
 0.00488281
 0.00579834
 0.00671387
 0.00671387
 0.00640869
 0.00579834
 0.00518799
 0.00427246
 0.00305176
 0.00122070
-0.00061035
-0.00213623
-0.00335693
-0.00366211
-0.00366211
-0.00274658
-0.00122070
 0.00061035
 0.00183105
 0.00274658
 0.00305176
 0.00366211
 0.00366211
 0.00305176
 0.00183105
 0.00000000
-0.00152588
-0.00213623
-0.00183105
-0.00091553
 0.00091553
 0.00305176
 0.00610352
 0.00854492
 0.01068115
 0.01220703
 0.01342773
 0.01373291
 0.01342773
 0.01251221
 0.01098633
 0.00885010
 0.00640869
 0.00457764
 0.00366211
 0.00335693
 0.00366211
 0.00427246
 0.00610352
 0.00793457
 0.00946045
 0.01068115
 0.01129150
 0.01068115
 0.00885010
 0.00701904
 0.00427246
 0.00122070
-0.00152588
-0.00335693
-0.00396729
-0.00396729
-0.00305176
-0.00122070
 0.00091553
 0.00335693
 0.00518799
 0.00640869
 0.00732422
 0.00762939
 0.00732422
 0.00640869
 0.00457764
 0.00152588
-0.00213623
-0.00457764
-0.00610352
-0.00671387
-0.00640869
-0.00549316
-0.00396729
-0.00213623
-0.00030518
 0.00091553
 0.00152588
 0.00152588
 0.00091553
-0.00091553
-0.00335693
-0.00610352
-0.00885010
-0.01129150
-0.01220703
-0.01220703
-0.01129150
-0.00915527
-0.00671387
-0.00457764
-0.00183105
 0.00061035
 0.00274658
 0.00366211
 0.00366211
 0.00274658
 0.00091553
-0.00244141
-0.00518799
-0.00762939
-0.00854492
-0.00854492
-0.00823975
-0.00762939
-0.00671387
-0.00457764
-0.00274658
-0.00152588
-0.00030518
 0.00030518
 0.00030518
-0.00122070
-0.00427246
-0.00793457
-0.01129150
-0.01342773
-0.01525879
-0.01556396
-0.01525879
-0.01373291
-0.01159668
-0.00915527
-0.00640869
-0.00457764
-0.00335693
-0.00274658
-0.00274658
-0.00335693
-0.00457764
-0.00701904
-0.00976563
-0.01190186
-0.01342773
-0.01403809
-0.01312256
-0.01159668
-0.00976563
-0.00701904
-0.00427246
-0.00152588
 0.00030518
 0.00122070
 0.00183105
 0.00152588
 0.00030518
-0.00091553
-0.00244141
-0.00396729
-0.00549316
-0.00610352
-0.00579834
-0.00427246
-0.00152588
 0.00152588
 0.00488281
 0.00885010
 0.01220703
 0.01434326
 0.01556396
 0.01525879
 0.01373291
 0.01190186
 0.00915527
 0.00671387
 0.00488281
 0.00366211
 0.00366211
 0.00427246
 0.00518799
 0.00671387
 0.00946045
 0.01220703
 0.01403809
 0.01495361
 0.01525879
 0.01495361
 0.01312256
 0.01037598
 0.00671387
 0.00366211
 0.00122070
-0.00030518
-0.00061035
-0.00061035
 0.00030518
 0.00183105
 0.00396729
 0.00610352
 0.00823975
 0.00915527
 0.00946045
 0.00915527
 0.00793457
 0.00640869
 0.00427246
 0.00122070
-0.00152588
-0.00366211
-0.00518799
-0.00579834
-0.00518799
-0.00335693
-0.00183105
 0.00030518
 0.00244141
 0.00427246
 0.00488281
 0.00457764
 0.00305176
 0.00122070
-0.00091553
-0.00274658
-0.00488281
-0.00671387
-0.00762939
-0.00823975
-0.00793457
-0.00671387
-0.00427246
-0.00152588
 0.00122070
 0.00366211
 0.00518799
 0.00579834
 0.00549316
 0.00427246
 0.00213623
-0.00030518
-0.00244141
-0.00427246
-0.00640869
-0.00732422
-0.00762939
-0.00701904
-0.00549316
-0.00366211
-0.00244141
-0.00152588
-0.00091553
-0.00061035
-0.00122070
-0.00213623
-0.00366211
-0.00640869
-0.00885010
-0.01129150
-0.01281738
-0.01342773
-0.01342773
-0.01281738
-0.01190186
-0.01007080
-0.00762939
-0.00488281
-0.00305176
-0.00152588
-0.00122070
-0.00091553
-0.00183105
-0.00305176
-0.00488281
-0.00579834
-0.00671387
-0.00762939
-0.00793457
-0.00732422
-0.00549316
-0.00305176
-0.00091553
 0.00122070
 0.00274658
 0.00427246
 0.00518799
 0.00579834
 0.00549316
 0.00427246
 0.00274658
 0.00122070
-0.00030518
-0.00183105
-0.00183105
-0.00122070
-0.00030518
 0.00122070
 0.00335693
 0.00610352
 0.00823975
 0.01007080
 0.01129150
 0.01220703
 0.01159668
 0.01068115
 0.00946045
 0.00762939
 0.00579834
 0.00396729
 0.00244141
 0.00152588
 0.00122070
 0.00152588
 0.00244141
 0.00427246
 0.00579834
 0.00732422
 0.00885010
 0.00946045
 0.00976563
 0.00946045
 0.00854492
 0.00701904
 0.00488281
 0.00274658
 0.00122070
 0.00061035
 0.00061035
 0.00061035
 0.00122070
 0.00274658
 0.00457764
 0.00640869
 0.00793457
 0.00885010
 0.00854492
 0.00762939
 0.00671387
 0.00518799
 0.00305176
 0.00030518
-0.00183105
-0.00305176
-0.00366211
-0.00396729
-0.00396729
-0.00335693
-0.00183105
 0.00000000
 0.00122070
 0.00213623
 0.00244141
 0.00244141
 0.00213623
 0.00091553
-0.00122070
-0.00335693
-0.00518799
-0.00640869
-0.00701904
-0.00762939
-0.00732422
-0.00610352
-0.00427246
-0.00274658
-0.00152588
-0.00030518
 0.00091553
 0.00091553
-0.00030518
-0.00152588
-0.00305176
-0.00457764
-0.00640869
-0.00823975
-0.01007080
-0.01129150
-0.01098633
-0.01007080
-0.00915527
-0.00793457
-0.00610352
-0.00457764
-0.00335693
-0.00244141
-0.00183105
-0.00213623
-0.00366211
-0.00579834
-0.00793457
-0.00946045
-0.01007080
-0.01037598
-0.01037598
-0.00976563
-0.00854492
-0.00701904
-0.00488281
-0.00244141
-0.00030518
 0.00061035
 0.00091553
 0.00091553
 0.00061035
-0.00061035
-0.00274658
-0.00488281
-0.00671387
-0.00762939
-0.00762939
-0.00701904
-0.00549316
-0.00366211
-0.00122070
 0.00122070
 0.00366211
 0.00579834
 0.00671387
 0.00701904
 0.00671387
 0.00549316
 0.00427246
 0.00244141
 0.00122070
 0.00030518
 0.00030518
 0.00091553
 0.00183105
 0.00396729
 0.00671387
 0.00915527
 0.01098633
 0.01312256
 0.01495361
 0.01556396
 0.01464844
 0.01251221
 0.01068115
 0.00885010
 0.00701904
 0.00518799
 0.00366211
 0.00335693
 0.00396729
 0.00518799
 0.00610352
 0.00793457
 0.00946045
 0.01098633
 0.01159668
 0.01190186
 0.01129150
 0.01007080
 0.00793457
 0.00518799
 0.00244141
 0.00000000
-0.00183105
-0.00244141
-0.00213623
-0.00091553
 0.00091553
 0.00274658
 0.00488281
 0.00701904
 0.00885010
 0.00946045
 0.00946045
 0.00823975
 0.00579834
 0.00366211
 0.00122070
-0.00122070
-0.00335693
-0.00427246
-0.00427246
-0.00366211
-0.00244141
 0.00000000
 0.00274658
 0.00518799
 0.00671387
 0.00793457
 0.00793457
 0.00671387
 0.00488281
 0.00274658
-0.00030518
-0.00274658
-0.00457764
-0.00549316
-0.00579834
-0.00549316
-0.00396729
-0.00152588
 0.00091553
 0.00335693
 0.00518799
 0.00640869
 0.00701904
 0.00610352
 0.00427246
 0.00152588
-0.00152588
-0.00457764
-0.00671387
-0.00854492
-0.00946045
-0.00915527
-0.00823975
-0.00671387
-0.00518799
-0.00305176
-0.00091553
 0.00030518
 0.00061035
 0.00000000
-0.00122070
-0.00335693
-0.00549316
-0.00793457
-0.01007080
-0.01129150
-0.01190186
-0.01190186
-0.01068115
-0.00854492
-0.00610352
-0.00335693
-0.00061035
 0.00122070
 0.00213623
 0.00244141
 0.00152588
-0.00030518
-0.00183105
-0.00366211
-0.00549316
-0.00732422
-0.00823975
-0.00793457
-0.00732422
-0.00610352
-0.00396729
-0.00183105
 0.00000000
 0.00183105
 0.00305176
 0.00305176
 0.00213623
 0.00091553
-0.00152588
-0.00396729
-0.00579834
-0.00762939
-0.00854492
-0.00885010
-0.00823975
-0.00671387
-0.00427246
-0.00213623
 0.00000000
 0.00213623
 0.00396729
 0.00488281
 0.00396729
 0.00274658
 0.00122070
-0.00091553
-0.00335693
-0.00549316
-0.00671387
-0.00732422
-0.00701904
-0.00579834
-0.00457764
-0.00244141
-0.00061035
 0.00152588
 0.00274658
 0.00366211
 0.00335693
 0.00213623
 0.00030518
-0.00183105
-0.00427246
-0.00610352
-0.00732422
-0.00793457
-0.00823975
-0.00732422
-0.00610352
-0.00396729
-0.00122070
 0.00122070
 0.00335693
 0.00488281
 0.00457764
 0.00396729
 0.00244141
 0.00091553
-0.00091553
-0.00335693
-0.00549316
-0.00640869
-0.00640869
-0.00579834
-0.00457764
-0.00274658
-0.00061035
 0.00122070
 0.00305176
 0.00457764
 0.00518799
 0.00488281
 0.00366211
 0.00213623
 0.00000000
-0.00244141
-0.00396729
-0.00488281
-0.00488281
-0.00366211
-0.00213623
-0.00030518
 0.00183105
 0.00457764
 0.00732422
 0.00915527
 0.00976563
 0.00946045
 0.00823975
 0.00671387
 0.00488281
 0.00305176
 0.00122070
-0.00061035
-0.00183105
-0.00183105
-0.00091553
 0.00030518
 0.00244141
 0.00488281
 0.00671387
 0.00793457
 0.00854492
 0.00823975
 0.00732422
 0.00579834
 0.00366211
 0.00122070
-0.00091553
-0.00213623
-0.00305176
-0.00305176
-0.00244141
-0.00091553
 0.00122070
 0.00335693
 0.00518799
 0.00732422
 0.00885010
 0.00885010
 0.00823975
 0.00732422
 0.00610352
 0.00457764
 0.00213623
 0.00030518
-0.00091553
-0.00122070
-0.00091553
 0.00000000
 0.00152588
 0.00366211
 0.00518799
 0.00610352
 0.00671387
 0.00701904
 0.00701904
 0.00640869
 0.00488281
 0.00244141
 0.00030518
-0.00152588
-0.00244141
-0.00335693
-0.00366211
-0.00335693
-0.00213623
-0.00030518
 0.00152588
 0.00366211
 0.00488281
 0.00488281
 0.00396729
 0.00274658
 0.00152588
-0.00030518
-0.00274658
-0.00488281
-0.00671387
-0.00762939
-0.00823975
-0.00793457
-0.00732422
-0.00610352
-0.00396729
-0.00213623
-0.00091553
 0.00030518
 0.00030518
 0.00000000
-0.00122070
-0.00274658
-0.00457764
-0.00579834
-0.00732422
-0.00854492
-0.00885010
-0.00762939
-0.00579834
-0.00335693
-0.00122070
 0.00091553
 0.00305176
 0.00427246
 0.00457764
 0.00457764
 0.00427246
 0.00305176
 0.00122070
 0.00030518
-0.00091553
-0.00213623
-0.00274658
-0.00244141
-0.00152588
 0.00000000
 0.00213623
 0.00427246
 0.00610352
 0.00701904
 0.00762939
 0.00732422
 0.00671387
 0.00518799
 0.00366211
 0.00244141
 0.00122070
-0.00030518
-0.00122070
-0.00091553
 0.00000000
 0.00091553
 0.00213623
 0.00366211
 0.00518799
 0.00640869
 0.00732422
 0.00732422
 0.00610352
 0.00488281
 0.00366211
 0.00213623
 0.00061035
-0.00061035
-0.00122070
-0.00122070
-0.00122070
-0.00061035
 0.00030518
 0.00152588
 0.00335693
 0.00457764
 0.00518799
 0.00488281
 0.00427246
 0.00396729
 0.00305176
 0.00152588
 0.00000000
-0.00152588
-0.00274658
-0.00305176
-0.00213623
-0.00152588
-0.00030518
 0.00122070
 0.00244141
 0.00305176
 0.00396729
 0.00488281
 0.00488281
 0.00457764
 0.00335693
 0.00152588
-0.00061035
-0.00213623
-0.00305176
-0.00396729
-0.00427246
-0.00427246
-0.00366211
-0.00274658
-0.00183105
-0.00091553
-0.00030518
 0.00000000
-0.00030518
-0.00061035
-0.00152588
-0.00244141
-0.00427246
-0.00579834
-0.00701904
-0.00823975
-0.00885010
-0.00823975
-0.00732422
-0.00640869
-0.00518799
-0.00366211
-0.00305176
-0.00244141
-0.00213623
-0.00213623
-0.00274658
-0.00396729
-0.00518799
-0.00671387
-0.00793457
-0.00885010
-0.00915527
-0.00854492
-0.00793457
-0.00671387
-0.00549316
-0.00396729
-0.00305176
-0.00183105
-0.00122070
-0.00061035
-0.00122070
-0.00244141
-0.00335693
-0.00396729
-0.00457764
-0.00488281
-0.00518799
-0.00457764
-0.00457764
-0.00335693
-0.00213623
-0.00061035
 0.00091553
 0.00213623
 0.00305176
 0.00305176
 0.00274658
 0.00213623
 0.00091553
-0.00061035
-0.00152588
-0.00244141
-0.00274658
-0.00274658
-0.00244141
-0.00152588
-0.00030518
 0.00122070
 0.00274658
 0.00366211
 0.00396729
 0.00366211
 0.00305176
 0.00213623
 0.00122070
 0.00091553
 0.00000000
-0.00061035
-0.00122070
-0.00122070
-0.00061035
 0.00000000
 0.00061035
 0.00152588
 0.00335693
 0.00457764
 0.00518799
 0.00518799
 0.00549316
 0.00518799
 0.00396729
 0.00244141
 0.00091553
 0.00030518
-0.00030518
-0.00061035
-0.00091553
-0.00030518
 0.00061035
 0.00152588
 0.00244141
 0.00305176
 0.00396729
 0.00427246
 0.00457764
 0.00427246
 0.00366211
 0.00244141
 0.00122070
 0.00030518
 0.00000000
 0.00000000
-0.00061035
-0.00061035
 0.00030518
 0.00152588
 0.00305176
 0.00457764
 0.00549316
 0.00579834
 0.00579834
 0.00579834
 0.00549316
 0.00457764
 0.00366211
 0.00274658
 0.00183105
 0.00122070
 0.00061035
 0.00091553
 0.00152588
 0.00213623
 0.00335693
 0.00396729
 0.00457764
 0.00518799
 0.00518799
 0.00518799
 0.00488281
 0.00396729
 0.00274658
 0.00152588
 0.00091553
-0.00030518
-0.00091553
-0.00091553
-0.00061035
 0.00000000
 0.00091553
 0.00183105
 0.00274658
 0.00335693
 0.00335693
 0.00305176
 0.00274658
 0.00213623
 0.00091553
-0.00030518
-0.00122070
-0.00244141
-0.00366211
-0.00457764
-0.00488281
-0.00427246
-0.00366211
-0.00274658
-0.00244141
-0.00213623
-0.00183105
-0.00183105
-0.00213623
-0.00274658
-0.00335693
-0.00366211
-0.00457764
-0.00518799
-0.00579834
-0.00610352
-0.00640869
-0.00579834
-0.00488281
-0.00366211
-0.00244141
-0.00183105
-0.00122070
-0.00091553
-0.00030518
-0.00030518
-0.00091553
-0.00183105
-0.00274658
-0.00335693
-0.00335693
-0.00396729
-0.00427246
-0.00457764
-0.00427246
-0.00335693
-0.00244141
-0.00213623
-0.00152588
-0.00091553
-0.00122070
-0.00122070
-0.00122070
-0.00152588
-0.00183105
-0.00274658
-0.00396729
-0.00457764
-0.00488281
-0.00457764
-0.00366211
-0.00274658
-0.00213623
-0.00183105
-0.00122070
-0.00030518
 0.00000000
 0.00000000
-0.00030518
-0.00061035
-0.00122070
-0.00213623
-0.00305176
-0.00366211
-0.00396729
-0.00427246
-0.00396729
-0.00335693
-0.00274658
-0.00152588
-0.00091553
 0.00030518
 0.00061035
 0.00091553
 0.00061035
 0.00030518
 0.00000000
-0.00030518
-0.00061035
-0.00061035
-0.00030518
 0.00000000
 0.00000000
 0.00061035
 0.00183105
 0.00305176
 0.00396729
 0.00427246
 0.00488281
 0.00549316
 0.00549316
 0.00518799
 0.00457764
 0.00366211
 0.00335693
 0.00305176
 0.00305176
 0.00274658
 0.00244141
 0.00183105
 0.00152588
 0.00183105
 0.00244141
 0.00335693
 0.00335693
 0.00366211
 0.00366211
 0.00335693
 0.00305176
 0.00213623
 0.00183105
 0.00152588
 0.00122070
 0.00091553
 0.00091553
 0.00122070
 0.00152588
 0.00213623
 0.00274658
 0.00274658
 0.00305176
 0.00366211
 0.00366211
 0.00335693
 0.00305176
 0.00244141
 0.00183105
 0.00122070
 0.00122070
 0.00091553
 0.00061035
 0.00000000
 0.00000000
 0.00061035
 0.00091553
 0.00091553
 0.00122070
 0.00152588
 0.00152588
 0.00152588
 0.00091553
 0.00061035
 0.00061035
 0.00061035
 0.00000000
-0.00030518
-0.00061035
-0.00061035
 0.00000000
 0.00061035
 0.00122070
 0.00152588
 0.00183105
 0.00152588
 0.00122070
 0.00061035
 0.00061035
 0.00061035
 0.00000000
-0.00061035
-0.00122070
-0.00213623
-0.00244141
-0.00274658
-0.00274658
-0.00274658
-0.00244141
-0.00213623
-0.00213623
-0.00183105
-0.00183105
-0.00183105
-0.00213623
-0.00244141
-0.00274658
-0.00335693
-0.00335693
-0.00396729
-0.00396729
-0.00427246
-0.00396729
-0.00396729
-0.00366211
-0.00305176
-0.00244141
-0.00244141
-0.00213623
-0.00152588
-0.00152588
-0.00213623
-0.00244141
-0.00244141
-0.00274658
-0.00305176
-0.00335693
-0.00335693
-0.00305176
-0.00274658
-0.00244141
-0.00244141
-0.00213623
-0.00122070
-0.00091553
-0.00061035
-0.00061035
-0.00061035
 0.00000000
 0.00000000
-0.00030518
-0.00061035
-0.00061035
-0.00061035
-0.00061035
-0.00030518
 0.00030518
 0.00122070
 0.00244141
 0.00305176
 0.00274658
 0.00213623
 0.00213623
 0.00213623
 0.00213623
 0.00122070
 0.00091553
 0.00091553
 0.00091553
 0.00061035
 0.00030518
-0.00030518
-0.00030518
-0.00030518
 0.00000000
 0.00061035
 0.00152588
 0.00183105
 0.00213623
 0.00213623
 0.00183105
 0.00152588
 0.00152588
 0.00152588
 0.00183105
 0.00183105
 0.00183105
 0.00213623
 0.00274658
 0.00274658
 0.00274658
 0.00274658
 0.00305176
 0.00305176
 0.00335693
 0.00335693
 0.00366211
 0.00366211
 0.00335693
 0.00274658
 0.00274658
 0.00244141
 0.00183105
 0.00152588
 0.00122070
 0.00152588
 0.00183105
 0.00152588
 0.00152588
 0.00213623
 0.00213623
 0.00213623
 0.00213623
 0.00183105
 0.00152588
 0.00152588
 0.00122070
 0.00061035
 0.00000000
-0.00030518
-0.00091553
-0.00122070
-0.00122070
-0.00152588
-0.00122070
-0.00122070
-0.00091553
-0.00061035
-0.00122070
-0.00213623
-0.00244141
-0.00244141
-0.00244141
-0.00274658
-0.00335693
-0.00366211
-0.00427246
-0.00427246
-0.00488281
-0.00488281
-0.00457764
-0.00488281
-0.00488281
-0.00488281
-0.00427246
-0.00396729
-0.00427246
-0.00488281
-0.00488281
-0.00488281
-0.00457764
-0.00488281
-0.00518799
-0.00518799
-0.00518799
-0.00518799
-0.00488281
-0.00457764
-0.00457764
-0.00396729
-0.00366211
-0.00305176
-0.00274658
-0.00274658
-0.00305176
-0.00335693
-0.00366211
-0.00335693
-0.00305176
-0.00274658
-0.00305176
-0.00335693
-0.00335693
-0.00335693
-0.00305176
-0.00213623
-0.00152588
-0.00091553
-0.00091553
-0.00091553
-0.00061035
-0.00061035
-0.00030518
 0.00000000
-0.00030518
 0.00000000
 0.00030518
 0.00030518
 0.00091553
 0.00122070
 0.00152588
 0.00213623
 0.00305176
 0.00305176
 0.00244141
 0.00244141
 0.00244141
 0.00244141
 0.00244141
 0.00274658
 0.00305176
 0.00305176
 0.00305176
 0.00274658
 0.00244141
 0.00274658
 0.00335693
 0.00427246
 0.00427246
 0.00396729
 0.00396729
 0.00427246
 0.00427246
 0.00457764
 0.00457764
 0.00457764
 0.00396729
 0.00366211
 0.00366211
 0.00396729
 0.00457764
 0.00427246
 0.00457764
 0.00457764
 0.00427246
 0.00457764
 0.00427246
 0.00396729
 0.00396729
 0.00366211
 0.00366211
 0.00335693
 0.00305176
 0.00244141
 0.00244141
 0.00213623
 0.00152588
 0.00122070
 0.00152588
 0.00122070
 0.00091553
 0.00030518
 0.00091553
 0.00122070
 0.00091553
 0.00091553
 0.00061035
 0.00061035
 0.00030518
 0.00000000
-0.00030518
-0.00061035
-0.00061035
-0.00061035
-0.00061035
-0.00061035
-0.00122070
-0.00152588
-0.00122070
-0.00122070
-0.00122070
-0.00122070
-0.00183105
-0.00213623
-0.00244141
-0.00274658
-0.00274658
-0.00305176
-0.00366211
-0.00366211
-0.00305176
-0.00335693
-0.00427246
-0.00457764
-0.00427246
-0.00366211
-0.00305176
-0.00244141
-0.00274658
-0.00366211
-0.00427246
-0.00366211
-0.00335693
-0.00305176
-0.00305176
-0.00305176
-0.00305176
-0.00305176
-0.00335693
-0.00335693
-0.00335693
-0.00366211
-0.00366211
-0.00366211
-0.00305176
-0.00305176
-0.00305176
-0.00335693
-0.00335693
-0.00305176
-0.00274658
-0.00274658
-0.00274658
-0.00274658
-0.00305176
-0.00305176
-0.00274658
-0.00213623
-0.00183105
-0.00183105
-0.00183105
-0.00152588
-0.00122070
-0.00122070
-0.00091553
-0.00061035
-0.00030518
-0.00030518
-0.00030518
-0.00030518
-0.00030518
-0.00061035
-0.00061035
 0.00000000
 0.00000000
-0.00030518
-0.00030518
-0.00061035
-0.00030518
 0.00000000
 0.00000000
-0.00030518
-0.00061035
-0.00091553
-0.00061035
-0.00061035
-0.00061035
-0.00030518
-0.00030518
 0.00000000
 0.00061035
 0.00091553
 0.00030518
 0.00000000
 0.00030518
 0.00091553
 0.00091553
 0.00061035
 0.00061035
 0.00091553
 0.00122070
 0.00122070
 0.00091553
 0.00122070
 0.00152588
 0.00183105
 0.00152588
 0.00152588
 0.00152588
 0.00152588
 0.00183105
 0.00244141
 0.00274658
 0.00244141
 0.00213623
 0.00244141
 0.00244141
 0.00213623
 0.00213623
 0.00183105
 0.00213623
 0.00213623
 0.00152588
 0.00122070
 0.00122070
 0.00152588
 0.00152588
 0.00183105
 0.00274658
 0.00274658
 0.00274658
 0.00244141
 0.00213623
 0.00183105
 0.00152588
 0.00091553
 0.00030518
 0.00030518
 0.00061035
 0.00061035
 0.00061035
 0.00030518
 0.00061035
 0.00061035
 0.00030518
 0.00030518
 0.00000000
-0.00061035
-0.00091553
-0.00122070
-0.00152588
-0.00152588
-0.00152588
-0.00152588
-0.00152588
-0.00183105
-0.00152588
-0.00152588
-0.00122070
-0.00061035
-0.00030518
 0.00000000
 0.00000000
-0.00030518
-0.00061035
-0.00061035
-0.00061035
-0.00061035
-0.00061035
-0.00061035
 0.00000000
 0.00030518
 0.00000000
-0.00030518
 0.00000000
 0.00000000
-0.00030518
-0.00030518
-0.00030518
-0.00030518
-0.00061035
-0.00061035
-0.00091553
-0.00152588
-0.00183105
-0.00183105
-0.00213623
-0.00183105
-0.00152588
-0.00122070
-0.00091553
-0.00061035
-0.00061035
-0.00061035
-0.00091553
-0.00091553
-0.00091553
-0.00061035
-0.00061035
-0.00091553
-0.00122070
-0.00152588
-0.00122070
-0.00122070
-0.00122070
-0.00091553
-0.00061035
-0.00030518
-0.00030518
-0.00030518
-0.00061035
-0.00061035
-0.00091553
-0.00061035
-0.00091553
-0.00091553
-0.00091553
-0.00061035
-0.00061035
-0.00061035
-0.00030518
-0.00061035
-0.00061035
-0.00030518
 0.00000000
 0.00030518
 0.00061035
 0.00030518
 0.00000000
 0.00000000
 0.00030518
 0.00061035
 0.00061035
 0.00091553
 0.00122070
 0.00152588
 0.00122070
 0.00061035
 0.00030518
 0.00030518
 0.00030518
 0.00061035
 0.00091553
 0.00061035
 0.00091553
 0.00030518
 0.00000000
 0.00000000
 0.00000000
 0.00000000
 0.00030518
 0.00030518
 0.00061035
 0.00061035
 0.00061035
 0.00030518
 0.00061035
 0.00091553
 0.00091553
 0.00091553
 0.00061035
 0.00091553
 0.00122070
 0.00091553
 0.00091553
 0.00091553
 0.00091553
 0.00091553
 0.00091553
 0.00122070
 0.00122070
 0.00122070
 0.00152588
 0.00152588
 0.00152588
 0.00091553
 0.00061035
 0.00061035
 0.00061035
 0.00030518
-0.00030518
-0.00091553
-0.00061035
 0.00000000
 0.00061035
 0.00061035
 0.00000000
 0.00000000
 0.00000000
-0.00030518
-0.00030518
-0.00030518
-0.00030518
-0.00091553
-0.00152588
-0.00122070
-0.00091553
-0.00091553
-0.00122070
-0.00183105
-0.00152588
-0.00091553
-0.00091553
-0.00122070
-0.00122070
-0.00183105
-0.00183105
-0.00183105
-0.00183105
-0.00213623
-0.00213623
-0.00244141
-0.00305176
-0.00305176
-0.00274658
-0.00244141
-0.00244141
-0.00305176
-0.00305176
-0.00244141
-0.00213623
-0.00213623
-0.00274658
-0.00305176
-0.00335693
-0.00305176
-0.00244141
-0.00274658
-0.00274658
-0.00213623
-0.00213623
-0.00213623
-0.00213623
-0.00213623
-0.00213623
-0.00244141
-0.00244141
-0.00274658
-0.00305176
-0.00305176
-0.00244141
-0.00244141
-0.00274658
-0.00274658
-0.00274658
-0.00274658
-0.00274658
-0.00213623
-0.00152588
-0.00122070
-0.00152588
-0.00152588
-0.00183105
-0.00152588
-0.00152588
-0.00122070
-0.00091553
-0.00091553
-0.00061035
-0.00030518
-0.00030518
-0.00030518
 0.00000000
 0.00030518
 0.00030518
 0.00030518
 0.00061035
 0.00152588
 0.00213623
 0.00244141
 0.00213623
 0.00183105
 0.00152588
 0.00122070
 0.00122070
 0.00122070
 0.00122070
 0.00122070
 0.00152588
 0.00183105
 0.00183105
 0.00213623
 0.00274658
 0.00274658
 0.00244141
 0.00213623
 0.00183105
 0.00183105
 0.00213623
 0.00183105
 0.00152588
 0.00091553
 0.00091553
 0.00091553
 0.00122070
 0.00183105
 0.00183105
 0.00213623
 0.00213623
 0.00152588
 0.00152588
 0.00152588
 0.00183105
 0.00122070
 0.00091553
 0.00030518
 0.00000000
-0.00061035
-0.00061035
-0.00030518
 0.00030518
 0.00061035
 0.00122070
 0.00122070
 0.00091553
 0.00061035
 0.00061035
 0.00061035
 0.00061035
 0.00000000
 0.00000000
 0.00000000
 0.00000000
 0.00000000
 0.00000000
 0.00000000
 0.00030518
 0.00061035
 0.00030518
 0.00030518
 0.00030518
 0.00061035
 0.00030518
 0.00030518
-0.00030518
-0.00091553
-0.00122070
-0.00122070
-0.00152588
-0.00152588
-0.00152588
-0.00152588
-0.00122070
-0.00122070
-0.00122070
-0.00122070
-0.00091553
-0.00091553
-0.00122070
-0.00152588
-0.00152588
-0.00152588
-0.00183105
-0.00213623
-0.00244141
-0.00244141
-0.00213623
-0.00183105
-0.00183105
-0.00183105
-0.00122070
-0.00061035
-0.00061035
-0.00091553
-0.00122070
-0.00122070
-0.00122070
-0.00183105
-0.00213623
-0.00183105
-0.00183105
-0.00152588
-0.00152588
-0.00152588
-0.00152588
-0.00091553
-0.00030518
-0.00030518
-0.00030518
 0.00000000
-0.00030518
-0.00061035
-0.00061035
-0.00030518
 0.00000000
-0.00061035
-0.00091553
-0.00091553
-0.00030518
 0.00000000
 0.00061035
 0.00061035
 0.00061035
 0.00061035
 0.00030518
 0.00091553
 0.00122070
 0.00091553
 0.00061035
 0.00061035
 0.00061035
 0.00030518
 0.00000000
 0.00000000
 0.00000000
 0.00000000
 0.00000000
 0.00030518
 0.00061035
 0.00122070
 0.00152588
 0.00122070
 0.00091553
 0.00061035
 0.00030518
 0.00030518
 0.00030518
 0.00000000
 0.00000000
 0.00000000
 0.00000000
 0.00000000
 0.00000000
 0.00030518
 0.00091553
 0.00122070
 0.00122070
 0.00091553
 0.00030518
 0.00030518
 0.00030518
 0.00030518
-0.00030518
-0.00030518
-0.00030518
-0.00061035
-0.00061035
-0.00030518
 0.00000000
 0.00000000
 0.00000000
-0.00030518
 0.00000000
-0.00030518
-0.00030518
 0.00030518
 0.00030518
-0.00030518
-0.00030518
-0.00061035
-0.00091553
-0.00091553
-0.00091553
-0.00061035
-0.00061035
-0.00091553
-0.00061035
 0.00000000
 0.00061035
 0.00030518
 0.00000000
 0.00000000
 0.00061035
 0.00091553
 0.00061035
 0.00000000
-0.00030518
 0.00000000
 0.00000000
-0.00030518
-0.00030518
 0.00000000
 0.00030518
 0.00030518
 0.00000000
 0.00000000
 0.00030518
 0.00091553
 0.00061035
 0.00061035
 0.00030518
 0.00030518
 0.00000000
-0.00030518
-0.00061035
-0.00030518
 0.00000000
 0.00061035
 0.00091553
 0.00091553
 0.00091553
 0.00122070
 0.00152588
 0.00122070
 0.00122070
 0.00122070
 0.00091553
 0.00030518
 0.00000000
 0.00000000
 0.00000000
-0.00061035
-0.00061035
-0.00030518
 0.00000000
 0.00030518
 0.00000000
 0.00030518
 0.00061035
 0.00061035
 0.00061035
 0.00000000
 0.00030518
 0.00061035
 0.00030518
-0.00030518
-0.00061035
-0.00030518
 0.00030518
 0.00030518
 0.00000000
 0.00000000
 0.00061035
 0.00122070
 0.00122070
 0.00091553
 0.00061035
 0.00061035
 0.00030518
 0.00061035
 0.00030518
-0.00030518
-0.00030518
-0.00061035
-0.00030518
 0.00000000
 0.00030518
 0.00000000
 0.00000000
-0.00030518
-0.00061035
-0.00030518
 0.00000000
 0.00000000
-0.00030518
-0.00030518
-0.00091553
-0.00122070
-0.00122070
-0.00152588
-0.00152588
-0.00152588
-0.00152588
-0.00122070
-0.00122070
-0.00091553
-0.00030518
-0.00061035
-0.00122070
-0.00152588
-0.00152588
-0.00183105
-0.00183105
-0.00213623
-0.00244141
-0.00244141
-0.00244141
-0.00213623
-0.00213623
-0.00213623
-0.00183105
-0.00183105
-0.00183105
-0.00183105
-0.00183105
-0.00152588
-0.00152588
-0.00183105
-0.00183105
-0.00183105
-0.00213623
-0.00183105
-0.00183105
-0.00152588
-0.00152588
-0.00122070
-0.00091553
-0.00091553
-0.00061035
-0.00030518
-0.00030518
-0.00091553
-0.00122070
-0.00152588
-0.00152588
-0.00152588
-0.00183105
-0.00213623
-0.00183105
-0.00152588
-0.00122070
-0.00122070
-0.00122070
-0.00122070
-0.00091553
-0.00061035
-0.00061035
-0.00091553
-0.00091553
-0.00091553
-0.00030518
-0.00061035
-0.00061035
-0.00061035
-0.00061035
-0.00061035
-0.00030518
 0.00000000
 0.00000000
-0.00030518
-0.00030518
 0.00000000
 0.00030518
 0.00061035
 0.00030518
 0.00000000
 0.00030518
 0.00030518
 0.00030518
 0.00000000
 0.00000000
 0.00000000
 0.00000000
 0.00000000
 0.00061035
 0.00091553
 0.00061035
 0.00030518
 0.00030518
 0.00122070
 0.00122070
 0.00061035
 0.00030518
 0.00030518
 0.00061035
 0.00091553
 0.00152588
 0.00122070
 0.00091553
 0.00061035
 0.00030518
 0.00061035
 0.00091553
 0.00122070
 0.00122070
 0.00091553
 0.00091553
 0.00061035
 0.00091553
 0.00091553
 0.00061035
 0.00000000
 0.00000000
 0.00000000
-0.00030518
 0.00000000
 0.00000000
 0.00000000
-0.00030518
-0.00061035
-0.00061035
-0.00030518
-0.00030518
-0.00030518
-0.00030518
-0.00030518
-0.00030518
-0.00030518
-0.00061035
-0.00030518
-0.00030518
-0.00061035
-0.00122070
-0.00091553
-0.00061035
-0.00061035
-0.00122070
-0.00122070
-0.00122070
-0.00122070
-0.00122070
-0.00091553
-0.00061035
-0.00061035
-0.00091553
-0.00122070
-0.00122070
-0.00152588
-0.00213623
-0.00183105
-0.00183105
-0.00152588
-0.00122070
-0.00122070
-0.00122070
-0.00122070
-0.00152588
-0.00152588
-0.00091553
-0.00061035
-0.00030518
-0.00030518
 0.00000000
 0.00000000
-0.00061035
-0.00061035
-0.00030518
 0.00030518
 0.00000000
-0.00030518
 0.00000000
 0.00030518
 0.00061035
 0.00061035
 0.00061035
 0.00091553
 0.00091553
 0.00091553
 0.00122070
 0.00122070
 0.00122070
 0.00091553
 0.00061035
 0.00061035
 0.00091553
 0.00091553
 0.00091553
 0.00091553
 0.00152588
 0.00213623
 0.00213623
 0.00183105
 0.00152588
 0.00152588
 0.00152588
 0.00152588
 0.00122070
 0.00152588
 0.00183105
 0.00122070
 0.00091553
 0.00122070
 0.00122070
 0.00122070
 0.00122070
 0.00152588
 0.00183105
 0.00152588
 0.00122070
 0.00152588
 0.00152588
 0.00152588
 0.00152588
 0.00152588
 0.00122070
 0.00061035
 0.00030518
 0.00061035
 0.00091553
 0.00122070
 0.00091553
 0.00122070
 0.00152588
 0.00152588
 0.00152588
 0.00183105
 0.00183105
 0.00183105
 0.00183105
 0.00152588
 0.00122070
 0.00091553
 0.00030518
 0.00030518
 0.00000000
 0.00030518
 0.00030518
 0.00061035
 0.00030518
 0.00061035
 0.00030518
 0.00000000
 0.00000000
 0.00000000
-0.00030518
-0.00061035
-0.00061035
-0.00091553
-0.00091553
-0.00091553
-0.00152588
-0.00183105
-0.00152588
-0.00152588
-0.00091553
-0.00061035
-0.00061035
-0.00030518
 0.00000000
-0.00030518
-0.00091553
-0.00091553
-0.00091553
-0.00122070
-0.00152588
-0.00152588
-0.00183105
-0.00183105
-0.00213623
-0.00213623
-0.00183105
-0.00122070
-0.00091553
-0.00061035
-0.00091553
-0.00122070
-0.00122070
-0.00122070
-0.00152588
-0.00183105
-0.00213623
-0.00213623
-0.00183105
-0.00183105
-0.00152588
-0.00122070
-0.00091553
-0.00122070
-0.00122070
-0.00091553
-0.00091553
-0.00091553
-0.00122070
-0.00122070
-0.00152588
-0.00152588
-0.00183105
-0.00152588
-0.00122070
-0.00091553
-0.00091553
-0.00122070
-0.00122070
-0.00091553
-0.00091553
-0.00061035
-0.00091553
-0.00122070
-0.00152588
-0.00183105
-0.00152588
-0.00091553
-0.00061035
-0.00061035
-0.00091553
-0.00152588
-0.00152588
-0.00122070
-0.00122070
-0.00061035
-0.00030518
 0.00000000
 0.00000000
 0.00030518
 0.00030518
-0.00030518
-0.00061035
-0.00091553
-0.00091553
-0.00091553
-0.00061035
-0.00030518
-0.00061035
-0.00030518
 0.00030518
 0.00061035
 0.00061035
 0.00061035
 0.00091553
 0.00061035
 0.00091553
 0.00061035
 0.00061035
 0.00030518
 0.00000000
-0.00030518
 0.00000000
 0.00000000
 0.00030518
 0.00030518
 0.00061035
 0.00091553
 0.00091553
 0.00091553
 0.00061035
 0.00091553
 0.00122070
 0.00091553
 0.00030518
 0.00030518
 0.00030518
 0.00000000
-0.00030518
-0.00030518
 0.00030518
 0.00061035
 0.00091553
 0.00091553
 0.00122070
 0.00183105
 0.00183105
 0.00183105
 0.00152588
 0.00122070
 0.00061035
 0.00030518
 0.00000000
-0.00061035
-0.00061035
-0.00061035
-0.00030518
 0.00000000
 0.00030518
 0.00030518
 0.00061035
 0.00061035
 0.00030518
 0.00030518
 0.00061035
 0.00000000
-0.00030518
-0.00061035
-0.00091553
-0.00091553
-0.00061035
-0.00061035
-0.00061035
-0.00061035
-0.00061035
-0.00030518
 0.00000000
 0.00000000
 0.00030518
 0.00061035
 0.00030518
 0.00000000
-0.00061035
-0.00122070
-0.00122070
-0.00091553
-0.00122070
-0.00183105
-0.00152588
-0.00091553
-0.00061035
-0.00091553
-0.00061035
 0.00000000
 0.00030518
 0.00000000
-0.00030518
-0.00030518
-0.00030518
-0.00061035
-0.00122070
-0.00152588
-0.00122070
-0.00091553
-0.00091553
-0.00061035
-0.00061035
-0.00030518
-0.00030518
 0.00000000
 0.00000000
 0.00000000
 0.00000000
-0.00030518
-0.00061035
-0.00061035
-0.00091553
-0.00122070
-0.00122070
-0.00152588
-0.00152588
-0.00152588
-0.00122070
-0.00091553
-0.00030518
-0.00030518
-0.00030518
-0.00030518
-0.00030518
 0.00000000
-0.00030518
-0.00091553
-0.00122070
-0.00122070
-0.00122070
-0.00122070
-0.00122070
-0.00091553
-0.00030518
 0.00000000
 0.00000000
 0.00000000
 0.00000000
 0.00030518
 0.00030518
 0.00030518
 0.00000000
-0.00030518
-0.00030518
-0.00030518
-0.00061035
-0.00061035
-0.00061035
-0.00030518
-0.00030518
-0.00061035
-0.00030518
-0.00030518
 0.00000000
 0.00061035
 0.00061035
 0.00061035
 0.00061035
 0.00061035
 0.00061035
 0.00061035
 0.00030518
-0.00030518
 0.00000000
 0.00030518
 0.00061035
 0.00061035
 0.00061035
 0.00061035
 0.00061035
 0.00030518
 0.00000000
 0.00000000
 0.00000000
 0.00030518
 0.00030518
 0.00030518
-0.00030518
-0.00091553
-0.00091553
-0.00061035
-0.00061035
-0.00030518
 0.00000000
 0.00030518
 0.00030518
 0.00000000
-0.00030518
 0.00000000
 0.00000000
 0.00030518
 0.00000000
 0.00000000
 0.00000000
 0.00000000
-0.00030518
-0.00030518
-0.00030518
 0.00000000
-0.00030518
-0.00030518
 0.00000000
 0.00061035
 0.00091553
 0.00061035
 0.00030518
 0.00030518
 0.00030518
-0.00030518
-0.00061035
-0.00061035
-0.00061035
-0.00061035
-0.00030518
-0.00030518
-0.00030518
 0.00000000
-0.00030518
 0.00000000
 0.00030518
 0.00030518
 0.00061035
 0.00061035
 0.00030518
 0.00000000
-0.00030518
-0.00091553
-0.00122070
-0.00122070
-0.00122070
-0.00122070
-0.00061035
-0.00030518
-0.00061035
-0.00122070
-0.00122070
-0.00152588
-0.00152588
-0.00122070
-0.00091553
-0.00122070
-0.00152588
-0.00152588
-0.00152588
-0.00183105
-0.00244141
-0.00213623
-0.00183105
-0.00152588
-0.00122070
-0.00122070
-0.00091553
-0.00091553
-0.00061035
-0.00061035
-0.00091553
-0.00152588
-0.00152588
-0.00122070
-0.00091553
-0.00122070
-0.00122070
-0.00122070
-0.00122070
-0.00122070
-0.00122070
-0.00152588
-0.00091553
-0.00061035
-0.00061035
-0.00091553
-0.00122070
-0.00091553
-0.00030518
-0.00030518
-0.00061035
-0.00061035
 0.00000000
 0.00000000
 0.00000000
-0.00030518
-0.00030518
-0.00030518
-0.00030518
 0.00000000
 0.00030518
 0.00061035
 0.00061035
 0.00061035
 0.00091553
 0.00122070
 0.00122070
 0.00091553
 0.00091553
 0.00061035
 0.00061035
 0.00091553
 0.00091553
 0.00061035
 0.00061035
 0.00061035
 0.00091553
 0.00122070
 0.00152588
 0.00152588
 0.00122070
 0.00091553
 0.00091553
 0.00122070
 0.00122070
 0.00152588
 0.00152588
 0.00152588
 0.00152588
 0.00122070
 0.00152588
 0.00183105
 0.00183105
 0.00183105
 0.00152588
 0.00122070
 0.00152588
 0.00183105
 0.00183105
 0.00152588
 0.00091553
 0.00122070
 0.00183105
 0.00213623
 0.00183105
 0.00152588
 0.00152588
 0.00152588
 0.00152588
 0.00183105
 0.00152588
 0.00122070
 0.00091553
 0.00091553
 0.00122070
 0.00122070
 0.00061035
 0.00030518
 0.00000000
-0.00030518
 0.00000000
 0.00030518
 0.00061035
 0.00122070
 0.00061035
 0.00000000
 0.00000000
 0.00030518
 0.00030518
 0.00000000
-0.00030518
-0.00061035
-0.00091553
-0.00091553
-0.00091553
-0.00061035
-0.00030518
-0.00061035
-0.00091553
-0.00091553
-0.00091553
-0.00122070
-0.00091553
-0.00091553
-0.00091553
-0.00152588
-0.00183105
-0.00213623
-0.00152588
-0.00152588
-0.00183105
-0.00183105
-0.00152588
-0.00152588
-0.00183105
-0.00183105
-0.00152588
-0.00122070
-0.00091553
-0.00122070
-0.00122070
-0.00122070
-0.00122070
-0.00152588
-0.00152588
-0.00122070
-0.00122070
-0.00091553
-0.00122070
-0.00152588
-0.00122070
-0.00061035
-0.00061035
-0.00122070
-0.00122070
-0.00091553
-0.00061035
-0.00030518
-0.00030518
 0.00000000
-0.00061035
-0.00091553
-0.00122070
-0.00122070
-0.00061035
-0.00030518
 0.00000000
 0.00030518
 0.00030518
 0.00030518
 0.00030518
 0.00061035
 0.00091553
 0.00030518
 0.00000000
 0.00030518
 0.00000000
 0.00000000
 0.00030518
 0.00030518
 0.00000000
 0.00000000
 0.00030518
 0.00030518
 0.00000000
 0.00030518
 0.00091553
 0.00152588
 0.00091553
 0.00030518
 0.00030518
 0.00091553
 0.00122070
 0.00061035
 0.00000000
 0.00000000
 0.00061035
 0.00061035
 0.00061035
 0.00030518
 0.00030518
 0.00000000
 0.00000000
 0.00061035
 0.00091553
 0.00061035
 0.00030518
 0.00061035
 0.00030518
 0.00030518
 0.00030518
 0.00030518
 0.00030518
 0.00030518
 0.00030518
 0.00030518
 0.00030518
 0.00061035
 0.00091553
 0.00061035
 0.00000000
-0.00030518
 0.00000000
 0.00061035
 0.00061035
 0.00000000
-0.00030518
-0.00030518
-0.00061035
-0.00091553
-0.00122070
-0.00122070
-0.00122070
-0.00152588
-0.00122070
-0.00061035
-0.00030518
-0.00030518
-0.00091553
-0.00122070
-0.00122070
-0.00091553
-0.00091553
-0.00122070
-0.00091553
-0.00122070
-0.00122070
-0.00122070
-0.00152588
-0.00183105
-0.00183105
-0.00152588
-0.00091553
-0.00091553
-0.00091553
-0.00152588
-0.00122070
-0.00091553
-0.00091553
-0.00122070
-0.00122070
-0.00152588
-0.00183105
-0.00183105
-0.00152588
-0.00091553
-0.00061035
-0.00061035
-0.00030518
 0.00000000
 0.00030518
 0.00000000
-0.00030518
-0.00030518
 0.00000000
 0.00030518
 0.00000000
-0.00061035
-0.00091553
-0.00091553
-0.00122070
-0.00152588
-0.00091553
 0.00000000
 0.00030518
 0.00030518
 0.00030518
 0.00000000
-0.00061035
-0.00061035
-0.00030518
 0.00030518
 0.00030518
 0.00000000
-0.00061035
-0.00091553
-0.00091553
-0.00091553
-0.00061035
-0.00030518
-0.00030518
 0.00000000
 0.00030518
 0.00030518
 0.00030518
 0.00061035
 0.00061035
 0.00061035
 0.00000000
-0.00030518
-0.00061035
-0.00061035
-0.00030518
-0.00030518
 0.00030518
 0.00030518
 0.00000000
-0.00030518
 0.00000000
 0.00061035
 0.00091553
 0.00091553
 0.00000000
 0.00000000
 0.00000000
-0.00061035
-0.00061035
-0.00030518
 0.00000000
 0.00000000
 0.00000000
 0.00030518
 0.00061035
 0.00061035
 0.00061035
 0.00030518
 0.00000000
 0.00030518
 0.00030518
 0.00030518
-0.00030518
-0.00030518
 0.00000000
 0.00000000
 0.00030518
 0.00030518
 0.00000000
 0.00000000
-0.00030518
-0.00061035
-0.00030518
 0.00000000
 0.00061035
 0.00061035
 0.00000000
-0.00030518
-0.00030518
-0.00030518
-0.00061035
-0.00091553
-0.00122070
-0.00122070
-0.00061035
-0.00030518
-0.00030518
-0.00030518
-0.00061035
-0.00030518
-0.00030518
-0.00061035
-0.00030518
-0.00030518
-0.00030518
-0.00091553
-0.00122070
-0.00122070
-0.00122070
-0.00122070
-0.00091553
-0.00091553
-0.00122070
-0.00091553
-0.00061035
-0.00061035
-0.00061035
-0.00061035
-0.00061035
-0.00091553
-0.00122070
-0.00122070
-0.00091553
-0.00061035
-0.00091553
-0.00122070
-0.00152588
-0.00122070
-0.00061035
-0.00030518
-0.00030518
-0.00030518
-0.00061035
-0.00061035
-0.00061035
 0.00000000
 0.00030518
 0.00000000
-0.00061035
-0.00061035
-0.00061035
-0.00061035
-0.00030518
-0.00030518
-0.00030518
-0.00061035
-0.00030518
 0.00030518
 0.00030518
 0.00030518
 0.00061035
 0.00000000
-0.00061035
-0.00061035
-0.00061035
-0.00061035
-0.00061035
-0.00061035
-0.00030518
-0.00030518
-0.00030518
 0.00000000
 0.00030518
 0.00030518
 0.00061035
 0.00061035
 0.00061035
 0.00061035
 0.00061035
 0.00030518
-0.00030518
-0.00030518
 0.00000000
 0.00000000
 0.00030518
 0.00061035
 0.00030518
 0.00030518
 0.00000000
 0.00030518
 0.00061035
 0.00061035
 0.00061035
 0.00030518
-0.00030518
-0.00030518
 0.00030518
 0.00061035
 0.00030518
-0.00030518
-0.00030518
 0.00030518
 0.00061035
 0.00091553
 0.00091553
 0.00061035
 0.00061035
 0.00061035
 0.00091553
 0.00091553
 0.00091553
 0.00061035
 0.00061035
 0.00061035
 0.00000000
 0.00030518
 0.00030518
 0.00030518
 0.00030518
 0.00000000
 0.00000000
 0.00030518
 0.00061035
 0.00091553
 0.00061035
 0.00000000
 0.00000000
-0.00030518
-0.00030518
-0.00030518
 0.00030518
 0.00030518
 0.00000000
-0.00030518
-0.00030518
-0.00030518
-0.00030518
-0.00061035
-0.00030518
 0.00000000
-0.00030518
-0.00030518
-0.00061035
-0.00061035
-0.00061035
-0.00061035
-0.00061035
 0.00000000
 0.00030518
 0.00000000
 0.00000000
 0.00000000
-0.00030518
-0.00030518
-0.00061035
-0.00061035
-0.00030518
-0.00030518
-0.00030518
-0.00030518
-0.00030518
-0.00061035
-0.00061035
-0.00061035
-0.00061035
-0.00061035
-0.00030518
 0.00000000
 0.00000000
-0.00030518
-0.00030518
-0.00061035
-0.00061035
-0.00030518
 0.00000000
 0.00030518
 0.00000000
-0.00030518
 0.00000000
 0.00000000
-0.00030518
-0.00030518
 0.00000000
 0.00000000
-0.00061035
-0.00061035
-0.00091553
-0.00091553
-0.00061035
-0.00061035
-0.00091553
-0.00061035
-0.00030518
-0.00061035
-0.00091553
-0.00122070
-0.00091553
-0.00030518
 0.00000000
 0.00000000
 0.00000000
-0.00030518
-0.00061035
-0.00061035
-0.00030518
-0.00030518
 0.00000000
-0.00030518
-0.00030518
 0.00000000
 0.00000000
 0.00000000
-0.00030518
-0.00030518
 0.00030518
 0.00061035
 0.00030518
 0.00000000
-0.00030518
-0.00030518
-0.00061035
-0.00091553
-0.00091553
-0.00091553
-0.00061035
-0.00030518
 0.00000000
-0.00061035
-0.00091553
-0.00122070
-0.00122070
-0.00091553
-0.00061035
-0.00030518
-0.00030518
-0.00061035
-0.00061035
-0.00122070
-0.00122070
-0.00152588
-0.00091553
-0.00122070
-0.00091553
-0.00030518
-0.00061035
-0.00061035
-0.00061035
-0.00091553
-0.00122070
-0.00091553
-0.00091553
-0.00091553
-0.00061035
-0.00061035
-0.00091553
-0.00122070
-0.00122070
-0.00091553
-0.00061035
-0.00091553
-0.00091553
-0.00061035
-0.00030518
-0.00061035
-0.00061035
-0.00091553
-0.00061035
-0.00061035
-0.00061035
-0.00061035
-0.00091553
-0.00061035
-0.00061035
-0.00030518
-0.00061035
-0.00061035
-0.00061035
-0.00091553
-0.00061035
-0.00030518
-0.00030518
-0.00061035
-0.00091553
-0.00061035
 0.00000000
-0.00030518
-0.00061035
-0.00061035
-0.00030518
 0.00000000
 0.00000000
-0.00061035
-0.00091553
-0.00091553
-0.00061035
-0.00061035
-0.00030518
-0.00061035
-0.00030518
-0.00030518
-0.00030518
-0.00030518
-0.00030518
-0.00030518
-0.00030518
-0.00030518
 0.00000000
 0.00000000
 0.00000000
-0.00030518
-0.00061035
-0.00030518
-0.00061035
-0.00061035
-0.00061035
-0.00061035
-0.00061035
-0.00061035
-0.00061035
-0.00091553
-0.00061035
-0.00030518
-0.00061035
-0.00061035
-0.00030518
 0.00000000
 0.00000000
-0.00030518
-0.00061035
-0.00061035
-0.00061035
-0.00061035
-0.00061035
-0.00061035
-0.00091553
-0.00030518
 0.00000000
 0.00000000
 0.00000000
 0.00030518
 0.00000000
-0.00030518
-0.00061035
-0.00030518
 0.00000000
 0.00030518
 0.00030518
 0.00000000
-0.00030518
-0.00061035
 0.00000000
 0.00061035
 0.00061035
 0.00000000
-0.00030518
-0.00030518
 0.00030518
 0.00061035
 0.00030518
 0.00030518
 0.00030518
 0.00030518
 0.00000000
 0.00000000
-0.00030518
 0.00030518
 0.00061035
 0.00030518
 0.00000000
 0.00000000
 0.00000000
 0.00030518
 0.00030518
 0.00030518
 0.00000000
-0.00030518
 0.00000000
 0.00030518
 0.00030518
 0.00030518
 0.00000000
-0.00030518
-0.00030518
-0.00030518
-0.00030518
 0.00000000
 0.00000000
 0.00030518
 0.00030518
 0.00000000
-0.00030518
 0.00000000
 0.00030518
 0.00000000
-0.00030518
-0.00061035
-0.00061035
-0.00030518
 0.00000000
 0.00030518
 0.00000000
-0.00061035
-0.00030518
 0.00000000
 0.00030518
 0.00030518
 0.00030518
 0.00000000
-0.00061035
-0.00091553
-0.00030518
-0.00030518
-0.00030518
-0.00061035
-0.00061035
-0.00061035
-0.00030518
 0.00000000
 0.00000000
-0.00030518
-0.00061035
-0.00061035
 0.00000000
 0.00000000
 0.00000000
-0.00030518
-0.00030518
-0.00061035
-0.00061035
-0.00061035
-0.00061035
-0.00061035
-0.00030518
-0.00030518
 0.00030518
 0.00091553
 0.00061035
 0.00000000
-0.00030518
-0.00030518
-0.00030518
-0.00061035
-0.00030518
-0.00030518
-0.00030518
 0.00000000
 0.00000000
 0.00000000
-0.00030518
-0.00030518
-0.00030518
-0.00061035
-0.00030518
 0.00030518
 0.00030518
 0.00000000
-0.00030518
-0.00030518
-0.00030518
-0.00030518
-0.00030518
-0.00030518
-0.00030518
 0.00000000
 0.00000000
 0.00000000
 0.00000000
-0.00030518
 0.00000000
 0.00061035
 0.00091553
 0.00061035
 0.00000000
 0.00030518
 0.00030518
 0.00000000
 0.00000000
 0.00000000
 0.00030518
 0.00030518
 0.00000000
-0.00030518
 0.00030518
 0.00061035
 0.00091553
 0.00091553
 0.00091553
 0.00091553
 0.00091553
 0.00091553
 0.00061035
 0.00030518
 0.00061035
 0.00061035
 0.00061035
 0.00030518
 0.00000000
 0.00000000
 0.00000000
 0.00000000
 0.00061035
 0.00091553
 0.00061035
 0.00030518
 0.00030518
 0.00030518
 0.00030518
 0.00000000
 0.00000000
 0.00000000
 0.00030518
 0.00000000
 0.00000000
-0.00030518
-0.00061035
-0.00061035
-0.00030518
-0.00030518
-0.00030518
 0.00000000
 0.00030518
 0.00061035
 0.00061035
 0.00000000
-0.00030518
-0.00061035
-0.00091553
-0.00061035
 0.00000000
 0.00030518
 0.00000000
-0.00030518
-0.00030518
 0.00000000
-0.00030518
-0.00030518
-0.00061035
-0.00030518
 0.00030518
 0.00030518
 0.00000000
-0.00061035
-0.00122070
-0.00152588
-0.00122070
-0.00152588
-0.00122070
-0.00091553
-0.00061035
-0.00061035
-0.00091553
-0.00122070
-0.00091553
-0.00091553
-0.00091553
-0.00091553
-0.00061035
-0.00030518
-0.00061035
-0.00091553
-0.00122070
-0.00122070
-0.00122070
-0.00152588
-0.00183105
-0.00122070
-0.00061035
-0.00061035
-0.00061035
-0.00061035
-0.00030518
 0.00000000
 0.00000000
-0.00030518
-0.00061035
-0.00091553
-0.00091553
-0.00091553
-0.00122070
-0.00122070
-0.00091553
-0.00091553
-0.00091553
-0.00061035
-0.00030518
-0.00030518
-0.00061035
-0.00030518
 0.00000000
 0.00030518
 0.00000000
 0.00000000
-0.00030518
-0.00030518
 0.00000000
-0.00030518
 0.00000000
 0.00000000
 0.00000000
 0.00000000
 0.00000000
 0.00030518
 0.00030518
 0.00030518
 0.00061035
 0.00061035
 0.00030518
 0.00030518
 0.00000000
 0.00000000
 0.00061035
 0.00061035
 0.00000000
 0.00000000
 0.00000000
 0.00030518
 0.00000000
 0.00030518
 0.00000000
-0.00061035
-0.00030518
 0.00000000
 0.00030518
 0.00061035
 0.00061035
 0.00091553
 0.00122070
 0.00122070
 0.00122070
 0.00091553
 0.00091553
 0.00061035
 0.00000000
 0.00000000
 0.00000000
 0.00000000
 0.00030518
 0.00030518
 0.00061035
 0.00061035
 0.00061035
 0.00061035
 0.00061035
 0.00061035
 0.00030518
-0.00030518
-0.00061035
-0.00030518
 0.00000000
 0.00000000
 0.00000000
 0.00000000
-0.00030518
-0.00030518
 0.00000000
 0.00030518
 0.00061035
 0.00061035
 0.00000000
-0.00061035
-0.00061035
-0.00061035
-0.00061035
-0.00091553
-0.00061035
-0.00030518
-0.00061035
-0.00061035
-0.00061035
-0.00030518
-0.00030518
-0.00061035
-0.00091553
-0.00061035
-0.00061035
-0.00091553
-0.00091553
-0.00091553
-0.00122070
-0.00152588
-0.00152588
-0.00183105
-0.00183105
-0.00183105
-0.00183105
-0.00091553
-0.00061035
-0.00061035
-0.00091553
-0.00091553
-0.00091553
-0.00061035
-0.00122070
-0.00122070
-0.00122070
-0.00152588
-0.00152588
-0.00152588
-0.00122070
-0.00091553
-0.00122070
-0.00122070
-0.00091553
-0.00030518
-0.00030518
-0.00061035
-0.00061035
-0.00061035
 0.00000000
 0.00000000
-0.00061035
-0.00091553
-0.00091553
-0.00091553
-0.00061035
-0.00030518
 0.00000000
 0.00030518
 0.00000000
 0.00030518
 0.00030518
 0.00030518
 0.00030518
 0.00030518
 0.00030518
 0.00030518
 0.00030518
 0.00000000
-0.00030518
-0.00030518
 0.00000000
 0.00000000
 0.00061035
 0.00091553
 0.00122070
 0.00152588
 0.00122070
 0.00091553
 0.00091553
 0.00061035
 0.00030518
 0.00000000
 0.00030518
 0.00061035
 0.00061035
 0.00061035
 0.00030518
 0.00061035
 0.00091553
 0.00122070
 0.00122070
 0.00152588
 0.00183105
 0.00183105
 0.00152588
 0.00091553
 0.00091553
 0.00091553
 0.00061035
 0.00091553
 0.00091553
 0.00061035
 0.00061035
 0.00030518
 0.00061035
 0.00122070
 0.00152588
 0.00152588
 0.00122070
 0.00152588
 0.00152588
 0.00152588
 0.00152588
 0.00122070
 0.00061035
 0.00091553
 0.00091553
 0.00091553
 0.00061035
 0.00030518
 0.00030518
 0.00091553
 0.00152588
 0.00213623
 0.00213623
 0.00152588
 0.00091553
 0.00030518
 0.00061035
 0.00122070
 0.00122070
 0.00091553
 0.00000000
-0.00061035
-0.00030518
 0.00000000
 0.00030518
 0.00061035
 0.00061035
 0.00061035
 0.00061035
 0.00091553
 0.00122070
 0.00122070
 0.00091553
 0.00030518
 0.00000000
-0.00030518
-0.00061035
-0.00061035
-0.00030518
-0.00030518
-0.00061035
-0.00061035
-0.00030518
 0.00000000
 0.00000000
 0.00030518
 0.00030518
 0.00030518
 0.00030518
 0.00000000
-0.00030518
-0.00061035
-0.00061035
-0.00091553
-0.00061035
-0.00030518
-0.00030518
-0.00030518
-0.00030518
-0.00030518
-0.00061035
-0.00061035
 0.00000000
 0.00000000
 0.00000000
-0.00030518
-0.00030518
 0.00000000
 0.00030518
-0.00030518
-0.00091553
-0.00122070
-0.00091553
-0.00030518
-0.00061035
-0.00061035
-0.00061035
-0.00030518
-0.00030518
 0.00030518
 0.00061035
 0.00030518
-0.00030518
-0.00061035
-0.00061035
-0.00061035
-0.00091553
-0.00061035
-0.00061035
-0.00061035
-0.00061035
-0.00030518
 0.00000000
 0.00030518
 0.00061035
 0.00091553
 0.00091553
 0.00061035
 0.00000000
 0.00000000
-0.00030518
-0.00061035
-0.00061035
-0.00061035
-0.00061035
-0.00061035
-0.00061035
-0.00030518
-0.00030518
 0.00000000
 0.00030518
 0.00061035
 0.00030518
 0.00061035
 0.00061035
 0.00030518
 0.00030518
 0.00030518
 0.00000000
-0.00030518
-0.00030518
-0.00030518
-0.00030518
-0.00061035
-0.00030518
 0.00000000
 0.00030518
 0.00091553
 0.00061035
-0.00030518
-0.00030518
 0.00030518
 0.00030518
 0.00030518
 0.00000000
-0.00030518
-0.00061035
-0.00030518
 0.00000000
 0.00000000
 0.00030518
 0.00061035
 0.00030518
 0.00030518
 0.00030518
 0.00061035
 0.00091553
 0.00091553
 0.00030518
-0.00030518
-0.00061035
-0.00061035
-0.00061035
-0.00061035
-0.00061035
 0.00000000
 0.00030518
 0.00000000
-0.00030518
-0.00030518
 0.00000000
 0.00000000
 0.00000000
 0.00000000
 0.00000000
 0.00030518
 0.00000000
-0.00030518
-0.00091553
-0.00091553
-0.00061035
-0.00061035
-0.00030518
 0.00000000
 0.00030518
 0.00000000
 0.00000000
 0.00000000
 0.00000000
-0.00030518
-0.00091553
-0.00091553
-0.00061035
 0.00000000
-0.00030518
-0.00061035
-0.00091553
-0.00122070
-0.00061035
-0.00030518
 0.00000000
 0.00000000
-0.00030518
-0.00030518
 0.00000000
 0.00030518
 0.00000000
-0.00061035
-0.00061035
-0.00061035
-0.00091553
-0.00061035
-0.00061035
-0.00061035
-0.00030518
 0.00000000
 0.00000000
-0.00030518
 0.00000000
 0.00030518
 0.00091553
 0.00061035
 0.00000000
-0.00030518
-0.00061035
-0.00061035
-0.00061035
-0.00061035
-0.00030518
 0.00030518
 0.00030518
 0.00030518
 0.00091553
 0.00122070
 0.00091553
 0.00061035
 0.00061035
 0.00061035
 0.00061035
 0.00061035
 0.00000000
-0.00061035
-0.00061035
 0.00000000
 0.00030518
 0.00030518
 0.00000000
 0.00030518
 0.00061035
 0.00061035
 0.00061035
 0.00091553
 0.00152588
 0.00152588
 0.00122070
 0.00061035
 0.00030518
 0.00091553
 0.00122070
 0.00091553
 0.00091553
 0.00061035
 0.00061035
 0.00030518
 0.00030518
 0.00061035
 0.00061035
 0.00091553
 0.00091553
 0.00091553
 0.00061035
 0.00000000
 0.00000000
 0.00000000
 0.00000000
 0.00000000
 0.00000000
 0.00030518
 0.00030518
 0.00030518
-0.00030518
-0.00030518
 0.00000000
 0.00061035
 0.00091553
 0.00122070
 0.00091553
 0.00061035
 0.00030518
 0.00061035
 0.00030518
-0.00030518
-0.00030518
-0.00030518
 0.00000000
 0.00000000
 0.00061035
 0.00091553
 0.00061035
 0.00061035
 0.00061035
 0.00061035
 0.00061035
 0.00030518
 0.00030518
 0.00000000
 0.00000000
-0.00061035
-0.00061035
-0.00061035
-0.00030518
 0.00000000
 0.00030518
 0.00030518
 0.00030518
 0.00030518
 0.00061035
 0.00030518
-0.00030518
-0.00030518
 0.00000000
 0.00000000
 0.00000000
-0.00061035
-0.00091553
-0.00061035
 0.00000000
-0.00030518
 0.00000000
-0.00030518
 0.00000000
 0.00000000
 0.00000000
-0.00030518
-0.00061035
-0.00091553
-0.00061035
-0.00030518
-0.00030518
-0.00030518
-0.00091553
-0.00122070
-0.00152588
-0.00122070
-0.00030518
 0.00000000
-0.00030518
-0.00030518
-0.00030518
 0.00000000
 0.00000000
 0.00000000
-0.00030518
-0.00061035
-0.00061035
-0.00030518
 0.00000000
 0.00000000
-0.00030518
-0.00030518
 0.00000000
 0.00030518
 0.00030518
 0.00030518
 0.00030518
 0.00030518
 0.00061035
 0.00061035
 0.00061035
 0.00030518
 0.00030518
 0.00030518
 0.00030518
 0.00000000
 0.00000000
-0.00030518
-0.00030518
 0.00000000
 0.00030518
 0.00061035
 0.00061035
 0.00061035
 0.00091553
 0.00122070
 0.00091553
 0.00061035
 0.00061035
 0.00091553
 0.00091553
 0.00061035
 0.00061035
 0.00061035
 0.00061035
 0.00061035
 0.00061035
 0.00061035
 0.00061035
 0.00030518
 0.00030518
 0.00061035
 0.00091553
 0.00061035
 0.00030518
 0.00030518
 0.00000000
 0.00000000
 0.00030518
 0.00030518
 0.00000000
 0.00000000
 0.00030518
 0.00030518
 0.00030518
 0.00030518
 0.00030518
 0.00000000
 0.00000000
 0.00030518
 0.00030518
 0.00000000
 0.00030518
 0.00091553
 0.00091553
 0.00091553
 0.00091553
 0.00061035
 0.00030518
 0.00030518
 0.00000000
-0.00030518
 0.00000000
 0.00000000
 0.00000000
 0.00000000
 0.00030518
 0.00061035
 0.00030518
 0.00000000
 0.00000000
 0.00030518
 0.00030518
 0.00030518
 0.00030518
-0.00030518
-0.00091553
-0.00030518
 0.00030518
 0.00061035
 0.00061035
 0.00030518
 0.00030518
 0.00030518
 0.00061035
 0.00061035
 0.00061035
 0.00061035
 0.00000000
 0.00000000
 0.00000000
 0.00030518
 0.00030518
 0.00000000
-0.00061035
-0.00061035
 0.00000000
 0.00000000
 0.00000000
 0.00000000
 0.00030518
 0.00061035
 0.00061035
 0.00030518
 0.00030518
 0.00030518
 0.00030518
 0.00000000
 0.00000000
 0.00000000
 0.00000000
 0.00000000
 0.00000000
 0.00030518
 0.00030518
 0.00000000
 0.00000000
 0.00030518
 0.00091553
 0.00091553
 0.00030518
-0.00030518
-0.00061035
-0.00030518
 0.00030518
 0.00030518
 0.00030518
 0.00000000
 0.00000000
 0.00000000
 0.00000000
 0.00000000
 0.00030518
 0.00061035
 0.00030518
 0.00000000
 0.00000000
 0.00000000
 0.00030518
 0.00000000
-0.00030518
 0.00000000
 0.00000000
 0.00030518
 0.00030518
 0.00000000
 0.00000000
 0.00030518
 0.00030518
 0.00000000
 0.00000000
 0.00061035
 0.00091553
 0.00061035
 0.00030518
 0.00030518
 0.00061035
 0.00061035
 0.00030518
 0.00030518
 0.00030518
 0.00000000
 0.00000000
 0.00030518
 0.00030518
 0.00000000
 0.00000000
 0.00000000
 0.00000000
 0.00000000
 0.00030518
 0.00030518
 0.00000000
 0.00030518
 0.00030518
 0.00030518
 0.00000000
 0.00000000
 0.00000000
-0.00030518
-0.00061035
-0.00030518
 0.00000000
 0.00061035
 0.00061035
 0.00030518
 0.00030518
 0.00030518
 0.00061035
 0.00030518
 0.00030518
-0.00030518
-0.00061035
-0.00030518
 0.00000000
-0.00030518
-0.00030518
-0.00030518
 0.00000000
-0.00061035
-0.00061035
-0.00061035
-0.00030518
 0.00000000
 0.00030518
 0.00030518
 0.00000000
-0.00030518
-0.00030518
-0.00061035
-0.00061035
-0.00061035
-0.00030518
 0.00000000
 0.00000000
 0.00000000
 0.00030518
 0.00061035
 0.00061035
 0.00030518
 0.00030518
 0.00000000
 0.00000000
-0.00061035
-0.00061035
-0.00061035
-0.00091553
-0.00091553
-0.00091553
-0.00091553
-0.00091553
-0.00061035
 0.00000000
 0.00000000
-0.00030518
-0.00030518
-0.00030518
-0.00030518
-0.00061035
-0.00030518
 0.00000000
-0.00030518
-0.00061035
-0.00091553
-0.00061035
-0.00030518
-0.00061035
-0.00091553
-0.00122070
-0.00061035
 0.00030518
 0.00030518
 0.00030518
-0.00030518
-0.00030518
-0.00061035
-0.00030518
-0.00030518
 0.00000000
 0.00000000
 0.00000000
 0.00000000
 0.00000000
 0.00000000
-0.00030518
 0.00000000
 0.00000000
 0.00030518
 0.00030518
 0.00030518
 0.00030518
 0.00030518
 0.00000000
 0.00000000
 0.00000000
 0.00000000
 0.00061035
 0.00030518
 0.00000000
 0.00000000
 0.00000000
 0.00030518
 0.00061035
 0.00061035
 0.00030518
 0.00000000
-0.00030518
 0.00000000
 0.00000000
 0.00030518
 0.00030518
 0.00000000
 0.00000000
 0.00000000
 0.00030518
 0.00030518
 0.00030518
 0.00030518
 0.00061035
 0.00030518
 0.00030518
 0.00030518
 0.00000000
 0.00030518
 0.00030518
 0.00030518
 0.00000000
 0.00000000
 0.00000000
-0.00030518
 0.00000000
 0.00000000
 0.00000000
 0.00000000
 0.00000000
 0.00030518
 0.00030518
 0.00000000
-0.00030518
-0.00030518
-0.00030518
 0.00000000
 0.00030518
 0.00000000
 0.00030518
 0.00000000
-0.00061035
-0.00091553
-0.00061035
-0.00030518
 0.00000000
 0.00000000
-0.00030518
-0.00061035
-0.00061035
-0.00030518
-0.00030518
-0.00061035
-0.00091553
-0.00091553
-0.00061035
 0.00000000
-0.00030518
-0.00030518
-0.00061035
-0.00030518
 0.00030518
 0.00061035
 0.00061035
 0.00030518
 0.00000000
 0.00000000
 0.00000000
 0.00000000
 0.00000000
-0.00030518
-0.00061035
-0.00061035
-0.00061035
-0.00061035
-0.00030518
 0.00000000
-0.00030518
-0.00030518
 0.00030518
 0.00030518
 0.00000000
 0.00000000
-0.00030518
-0.00030518
-0.00030518
 0.00000000
 0.00030518
 0.00061035
 0.00030518
 0.00000000
 0.00000000
-0.00030518
 0.00000000
 0.00030518
 0.00061035
 0.00061035
 0.00030518
 0.00030518
 0.00061035
 0.00030518
 0.00030518
 0.00000000
 0.00000000
 0.00000000
 0.00030518
 0.00061035
 0.00000000
-0.00061035
-0.00061035
-0.00030518
 0.00030518
 0.00061035
 0.00030518
 0.00030518
 0.00030518
 0.00030518
 0.00030518
-0.00030518
-0.00061035
-0.00030518
 0.00030518
 0.00061035
 0.00061035
 0.00030518
-0.00030518
-0.00030518
-0.00030518
 0.00030518
 0.00061035
 0.00030518
 0.00061035
 0.00061035
 0.00000000
-0.00030518
-0.00030518
-0.00030518
-0.00061035
-0.00061035
-0.00030518
 0.00030518
 0.00061035
 0.00030518
-0.00030518
-0.00030518
 0.00000000
 0.00030518
 0.00030518
 0.00000000
-0.00061035
-0.00061035
-0.00091553
-0.00061035
-0.00030518
 0.00000000
 0.00030518
 0.00061035
 0.00030518
-0.00030518
-0.00061035
 0.00000000
 0.00000000
 0.00000000
 0.00000000
 0.00000000
-0.00030518
-0.00061035
-0.00061035
-0.00030518
-0.00030518
-0.00030518
-0.00030518
-0.00061035
-0.00030518
-0.00030518
-0.00091553
-0.00091553
-0.00030518
 0.00030518
-0.00030518
-0.00091553
-0.00061035
-0.00030518
-0.00030518
-0.00061035
-0.00091553
-0.00061035
-0.00030518
-0.00030518
-0.00030518
-0.00030518
 0.00000000
 0.00061035
 0.00030518
 0.00000000
 0.00000000
 0.00000000
 0.00000000
 0.00000000
 0.00030518
 0.00000000
-0.00061035
-0.00091553
-0.00030518
 0.00000000
 0.00000000
 0.00000000
-0.00030518
-0.00030518
 0.00000000
 0.00030518
 0.00000000
 0.00000000
 0.00030518
 0.00061035
 0.00030518
 0.00000000
 0.00000000
 0.00000000
-0.00030518
-0.00030518
 0.00030518
 0.00030518
 0.00030518
 0.00030518
 0.00061035
 0.00030518
 0.00030518
 0.00061035
 0.00061035
 0.00030518
 0.00030518
 0.00030518
 0.00061035
 0.00061035
 0.00000000
 0.00000000
 0.00000000
 0.00030518
 0.00000000
-0.00061035
-0.00061035
-0.00030518
 0.00030518
 0.00061035
 0.00061035
 0.00030518
 0.00000000
 0.00000000
 0.00000000
 0.00030518
 0.00030518
 0.00000000
 0.00000000
 0.00000000
 0.00000000
-0.00030518
 0.00000000
 0.00030518
 0.00000000
 0.00000000
 0.00030518
 0.00061035
 0.00030518
 0.00061035
 0.00061035
 0.00030518
 0.00000000
-0.00030518
 0.00000000
 0.00000000
 0.00000000
-0.00030518
-0.00061035
-0.00030518
 0.00030518
 0.00000000
 0.00030518
 0.00030518
 0.00000000
-0.00030518
-0.00061035
-0.00030518
 0.00030518
 0.00030518
 0.00000000
-0.00030518
-0.00061035
-0.00030518
 0.00000000
 0.00030518
 0.00000000
-0.00030518
-0.00061035
-0.00030518
-0.00030518
 0.00000000
-0.00030518
-0.00061035
-0.00091553
-0.00091553
-0.00061035
-0.00030518
-0.00061035
-0.00061035
-0.00061035
-0.00091553
-0.00152588
-0.00122070
-0.00091553
-0.00091553
-0.00122070
-0.00122070
-0.00122070
-0.00061035
-0.00061035
-0.00061035
-0.00091553
-0.00061035
-0.00061035
-0.00091553
-0.00091553
-0.00122070
-0.00091553
-0.00091553
-0.00061035
-0.00091553
-0.00091553
-0.00091553
-0.00061035
-0.00061035
-0.00030518
-0.00091553
-0.00091553
-0.00061035
-0.00030518
-0.00061035
-0.00091553
-0.00091553
-0.00091553
-0.00061035
-0.00030518
-0.00030518
-0.00061035
-0.00061035
-0.00030518
 0.00000000
 0.00000000
-0.00030518
-0.00030518
 0.00000000
 0.00000000
-0.00030518
-0.00030518
-0.00030518
-0.00030518
 0.00000000
 0.00000000
-0.00030518
-0.00030518
-0.00030518
-0.00030518
-0.00030518
 0.00030518
 0.00061035
 0.00061035
 0.00030518
 0.00000000
-0.00030518
 0.00000000
-0.00030518
-0.00030518
-0.00030518
 0.00000000
 0.00000000
-0.00030518
-0.00061035
-0.00061035
-0.00030518
 0.00000000
 0.00000000
 0.00000000
-0.00030518
-0.00030518
 0.00000000
 0.00000000
 0.00000000
 0.00000000
-0.00030518
 0.00000000
 0.00000000
 0.00000000
 0.00000000
 0.00030518
 0.00000000
-0.00030518
 0.00000000
 0.00000000
 0.00030518
 0.00000000
 0.00030518
 0.00030518
 0.00000000
 0.00000000
 0.00000000
 0.00000000
 0.00000000
-0.00030518
-0.00030518
-0.00030518
 0.00000000
 0.00030518
 0.00030518
 0.00000000
-0.00030518
-0.00030518
 0.00000000
-0.00030518
-0.00061035
-0.00061035
-0.00061035
-0.00061035
-0.00030518
 0.00000000
 0.00000000
 0.00000000
-0.00030518
-0.00061035
-0.00091553
-0.00061035
 0.00000000
 0.00000000
 0.00000000
-0.00030518
-0.00061035
-0.00091553
-0.00152588
-0.00122070
-0.00091553
-0.00061035
-0.00030518
-0.00030518
-0.00030518
-0.00061035
-0.00061035
-0.00061035
-0.00061035
-0.00091553
-0.00122070
-0.00091553
-0.00091553
-0.00091553
-0.00061035
-0.00061035
-0.00061035
-0.00122070
-0.00152588
-0.00152588
-0.00091553
-0.00030518
 0.00000000
 0.00000000
-0.00030518
-0.00061035
-0.00030518
-0.00030518
-0.00061035
-0.00091553
-0.00091553
-0.00061035
-0.00061035
-0.00061035
-0.00091553
-0.00061035
-0.00030518
 0.00000000
 0.00030518
 0.00030518
 0.00000000
 0.00000000
 0.00000000
 0.00000000
 0.00000000
 0.00000000
 0.00000000
 0.00000000
 0.00030518
 0.00000000
 0.00000000
 0.00000000
 0.00000000
 0.00061035
 0.00122070
 0.00091553
 0.00030518
 0.00000000
 0.00030518
 0.00061035
 0.00061035
 0.00030518
 0.00030518
 0.00030518
 0.00030518
 0.00030518
 0.00091553
 0.00122070
 0.00122070
 0.00091553
 0.00030518
 0.00061035
 0.00061035
 0.00061035
 0.00030518
 0.00030518
 0.00061035
 0.00061035
 0.00061035
 0.00030518
 0.00000000
 0.00030518
 0.00061035
 0.00091553
 0.00061035
 0.00061035
 0.00061035
 0.00091553
 0.00091553
 0.00091553
 0.00030518
-0.00030518
-0.00030518
 0.00000000
 0.00030518
 0.00030518
 0.00061035
 0.00061035
 0.00091553
 0.00091553
 0.00061035
 0.00061035
 0.00030518
 0.00030518
 0.00030518
 0.00061035
 0.00061035
 0.00061035
 0.00030518
 0.00000000
 0.00030518
 0.00000000
 0.00061035
 0.00030518
 0.00000000
 0.00000000
 0.00061035
 0.00061035
 0.00061035
 0.00030518
 0.00000000
 0.00000000
 0.00000000
 0.00000000
 0.00000000
-0.00030518
-0.00030518
-0.00061035
-0.00061035
-0.00061035
-0.00061035
-0.00030518
-0.00030518
-0.00030518
-0.00030518
-0.00061035
-0.00030518
-0.00030518
-0.00061035
-0.00122070
-0.00152588
-0.00091553
-0.00061035
-0.00061035
-0.00091553
-0.00091553
-0.00091553
-0.00122070
-0.00122070
-0.00061035
-0.00061035
-0.00122070
-0.00122070
-0.00091553
-0.00030518
-0.00030518
-0.00091553
-0.00152588
-0.00122070
-0.00061035
-0.00030518
-0.00030518
-0.00091553
-0.00091553
-0.00122070
-0.00122070
-0.00122070
-0.00152588
-0.00152588
-0.00122070
-0.00061035
-0.00030518
-0.00061035
-0.00091553
-0.00122070
-0.00122070
-0.00122070
-0.00091553
-0.00061035
-0.00030518
-0.00030518
-0.00030518
-0.00061035
-0.00061035
-0.00030518
-0.00030518
-0.00030518
-0.00030518
-0.00030518
-0.00061035
-0.00061035
-0.00061035
-0.00091553
-0.00061035
-0.00030518
-0.00030518
-0.00030518
-0.00030518
-0.00061035
-0.00061035
 0.00000000
 0.00030518
 0.00000000
-0.00030518
-0.00030518
-0.00030518
-0.00030518
-0.00030518
 0.00000000
 0.00000000
 0.00000000
 0.00000000
 0.00030518
 0.00061035
 0.00030518
 0.00000000
 0.00030518
 0.00061035
 0.00061035
 0.00030518
 0.00030518
 0.00030518
 0.00030518
 0.00061035
 0.00030518
-0.00030518
-0.00030518
 0.00030518
 0.00061035
 0.00061035
 0.00030518
 0.00000000
 0.00030518
 0.00000000
-0.00030518
-0.00030518
-0.00030518
 0.00000000
 0.00000000
-0.00030518
-0.00030518
-0.00030518
-0.00030518
 0.00000000
-0.00030518
-0.00030518
-0.00030518
 0.00000000
 0.00000000
 0.00000000
-0.00030518
-0.00030518
 0.00000000
 0.00000000
-0.00030518
-0.00091553
-0.00122070
-0.00091553
-0.00091553
-0.00091553
-0.00091553
-0.00091553
-0.00091553
-0.00122070
-0.00091553
-0.00030518
-0.00061035
-0.00091553
-0.00122070
-0.00061035
-0.00061035
-0.00030518
-0.00061035
-0.00091553
-0.00061035
-0.00061035
-0.00122070
-0.00122070
-0.00122070
-0.00091553
-0.00061035
-0.00030518
-0.00061035
-0.00061035
-0.00091553
-0.00061035
-0.00061035
-0.00091553
-0.00122070
-0.00152588
-0.00152588
-0.00122070
-0.00091553
-0.00091553
-0.00061035
-0.00061035
-0.00061035
-0.00091553
-0.00122070
-0.00091553
-0.00061035
-0.00061035
-0.00030518
-0.00061035
-0.00061035
-0.00091553
-0.00061035
-0.00030518
 0.00000000
-0.00030518
-0.00061035
-0.00091553
-0.00061035
-0.00061035
-0.00061035
-0.00091553
-0.00061035
-0.00061035
-0.00091553
-0.00061035
-0.00030518
-0.00030518
-0.00030518
-0.00030518
-0.00061035
-0.00030518
-0.00030518
-0.00030518
-0.00030518
-0.00061035
-0.00061035
 0.00000000
 0.00030518
 0.00000000
-0.00030518
-0.00030518
 0.00030518
 0.00030518
 0.00030518
 0.00000000
 0.00000000
 0.00000000
 0.00000000
 0.00030518
 0.00061035
 0.00030518
-0.00030518
-0.00061035
-0.00061035
-0.00030518
 0.00000000
 0.00000000
 0.00000000
 0.00030518
 0.00061035
 0.00030518
 0.00000000
-0.00030518
-0.00030518
 0.00030518
 0.00030518
 0.00030518
-0.00030518
-0.00061035
-0.00030518
 0.00000000
 0.00030518
 0.00030518
 0.00030518
 0.00030518
 0.00000000
 0.00030518
 0.00030518
 0.00030518
 0.00030518
 0.00030518
 0.00030518
 0.00030518
 0.00061035
 0.00061035
 0.00061035
 0.00030518
 0.00000000
 0.00000000
 0.00000000
-0.00030518
-0.00030518
-0.00030518
 0.00000000
-0.00061035
-0.00061035
 0.00030518
 0.00091553
 0.00061035
 0.00000000
-0.00030518
 0.00000000
-0.00030518
-0.00061035
-0.00061035
-0.00030518
-0.00030518
-0.00030518
 0.00000000
 0.00000000
 0.00000000
-0.00030518
-0.00030518
-0.00030518
-0.00030518
-0.00030518
-0.00061035
-0.00061035
-0.00030518
-0.00061035
-0.00091553
-0.00122070
-0.00091553
-0.00091553
-0.00091553
-0.00091553
-0.00091553
-0.00091553
-0.00122070
-0.00091553
-0.00061035
-0.00030518
-0.00030518
-0.00061035
-0.00091553
-0.00152588
-0.00122070
-0.00122070
-0.00091553
-0.00091553
-0.00061035
-0.00061035
-0.00030518
 0.00000000
-0.00030518
-0.00061035
-0.00061035
-0.00061035
-0.00030518
-0.00030518
-0.00091553
-0.00122070
-0.00122070
-0.00122070
-0.00122070
-0.00091553
 0.00000000
 0.00030518
 0.00030518
 0.00000000
 0.00000000
-0.00030518
 0.00000000
-0.00061035
-0.00091553
-0.00061035
-0.00061035
-0.00091553
-0.00091553
-0.00091553
-0.00061035
-0.00030518
-0.00061035
-0.00030518
 0.00030518
 0.00030518
 0.00000000
-0.00030518
-0.00030518
 0.00000000
 0.00030518
 0.00030518
-0.00030518
-0.00030518
-0.00030518
-0.00061035
-0.00091553
-0.00091553
 0.00000000
 0.00000000
-0.00030518
-0.00030518
 0.00000000
 0.00030518
 0.00030518
 0.00030518
 0.00000000
 0.00000000
-0.00030518
-0.00030518
-0.00030518
-0.00030518
-0.00030518
-0.00061035
-0.00061035
-0.00030518
 0.00000000
 0.00000000
 0.00000000
-0.00061035
-0.00030518
-0.00030518
 0.00030518
 0.00030518
-0.00030518
-0.00091553
-0.00122070
-0.00091553
-0.00030518
 0.00000000
 0.00000000
 0.00000000
-0.00030518
-0.00030518
 0.00000000
 0.00030518
 0.00030518
 0.00000000
 0.00000000
 0.00000000
-0.00030518
-0.00061035
-0.00061035
-0.00061035
-0.00030518
 0.00000000
 0.00000000
-0.00030518
-0.00030518
 0.00000000
 0.00000000
-0.00030518
-0.00030518
-0.00030518
-0.00030518
-0.00030518
-0.00061035
-0.00091553
-0.00091553
-0.00091553
-0.00091553
-0.00122070
-0.00152588
-0.00152588
-0.00091553
-0.00030518
 0.00000000
 0.00000000
-0.00030518
-0.00061035
-0.00091553
-0.00122070
-0.00122070
-0.00122070
-0.00061035
-0.00091553
-0.00152588
-0.00152588
-0.00091553
-0.00061035
-0.00061035
-0.00030518
-0.00061035
-0.00091553
-0.00122070
-0.00122070
-0.00122070
-0.00122070
-0.00091553
-0.00061035
-0.00091553
-0.00122070
-0.00122070
-0.00061035
-0.00061035
-0.00091553
-0.00091553
-0.00030518
 0.00000000
-0.00030518
-0.00061035
-0.00091553
-0.00091553
-0.00091553
-0.00091553
-0.00091553
-0.00091553
-0.00091553
-0.00122070
-0.00122070
-0.00091553
-0.00091553
-0.00091553
-0.00091553
-0.00091553
-0.00061035
-0.00061035
-0.00061035
-0.00091553
-0.00091553
-0.00061035
 0.00000000
-0.00061035
-0.00122070
-0.00091553
-0.00091553
-0.00091553
-0.00061035
-0.00030518
 0.00000000
-0.00030518
-0.00030518
-0.00030518
-0.00030518
-0.00030518
-0.00061035
-0.00030518
-0.00061035
-0.00061035
-0.00091553
-0.00061035
-0.00061035
-0.00061035
-0.00061035
-0.00061035
-0.00030518
-0.00030518
 0.00000000
 0.00000000
 0.00000000
 0.00000000
-0.00030518
-0.00030518
-0.00061035
-0.00030518
-0.00030518
-0.00061035
-0.00091553
-0.00091553
-0.00061035
-0.00030518
 0.00000000
 0.00030518
 0.00061035
 0.00030518
-0.00030518
-0.00030518
 0.00000000
 0.00000000
 0.00000000
-0.00030518
-0.00061035
-0.00061035
-0.00061035
-0.00030518
 0.00000000
-0.00030518
-0.00030518
-0.00030518
 0.00000000
-0.00030518
-0.00061035
-0.00030518
 0.00000000
 0.00000000
 0.00000000
 0.00000000
-0.00030518
-0.00030518
-0.00061035
-0.00061035
-0.00030518
-0.00030518
 0.00030518
 0.00030518
-0.00030518
-0.00061035
-0.00061035
-0.00061035
-0.00030518
-0.00030518
-0.00061035
-0.00091553
-0.00091553
-0.00061035
-0.00091553
-0.00091553
-0.00030518
 0.00000000
 0.00030518
 0.00000000
 0.00000000
-0.00030518
-0.00061035
-0.00030518
-0.00030518
-0.00030518
-0.00030518
-0.00091553
-0.00122070
-0.00091553
-0.00122070
-0.00091553
-0.00061035
-0.00091553
-0.00122070
-0.00091553
-0.00061035
-0.00030518
-0.00030518
-0.00091553
-0.00091553
-0.00091553
-0.00122070
-0.00122070
-0.00122070
-0.00091553
-0.00091553
-0.00091553
-0.00122070
-0.00122070
-0.00091553
-0.00061035
-0.00030518
 0.00000000
-0.00030518
-0.00030518
-0.00061035
-0.00091553
-0.00122070
-0.00091553
-0.00061035
-0.00030518
-0.00061035
-0.00061035
-0.00030518
-0.00061035
-0.00061035
-0.00061035
-0.00061035
-0.00061035
-0.00122070
-0.00122070
-0.00091553
-0.00030518
-0.00030518
-0.00061035
-0.00061035
-0.00091553
-0.00091553
-0.00061035
-0.00061035
-0.00030518
-0.00030518
-0.00030518
 0.00000000
-0.00030518
-0.00091553
-0.00122070
-0.00091553
-0.00030518
-0.00030518
-0.00091553
-0.00122070
-0.00091553
-0.00061035
-0.00061035
-0.00061035
-0.00030518
-0.00030518
-0.00061035
-0.00030518
-0.00030518
-0.00030518
-0.00030518
-0.00030518
-0.00030518
-0.00030518
-0.00061035
-0.00061035
-0.00061035
-0.00061035
-0.00061035
-0.00061035
-0.00030518
 0.00000000
-0.00030518
-0.00061035
-0.00030518
 0.00000000
 0.00000000
-0.00061035
-0.00122070
-0.00122070
-0.00091553
-0.00091553
-0.00091553
-0.00061035
-0.00030518
-0.00030518
-0.00061035
-0.00061035
 0.00000000
 0.00030518
-0.00030518
-0.00061035
-0.00091553
-0.00091553
-0.00091553
-0.00091553
-0.00122070
-0.00091553
-0.00061035
-0.00091553
-0.00061035
-0.00061035
 0.00000000
 0.00000000
 0.00000000
 0.00000000
 0.00000000
 0.00000000
 0.00000000
-0.00030518
-0.00061035
-0.00091553
-0.00061035
-0.00061035
-0.00061035
-0.00030518
 0.00000000
