-0.00030518
-0.00030518
-0.00030518
-0.00061035
-0.00030518
-0.00061035
-0.00061035
-0.00061035
-0.00061035
-0.00061035
-0.00030518
-0.00061035
-0.00061035
-0.00061035
 0.00000000
-0.00030518
-0.00091553
-0.00122070
-0.00091553
-0.00061035
-0.00061035
-0.00061035
 0.00000000
-0.00030518
 0.00000000
-0.00030518
-0.00061035
-0.00061035
-0.00030518
-0.00091553
-0.00091553
-0.00061035
-0.00030518
-0.00030518
-0.00061035
-0.00061035
-0.00061035
-0.00030518
 0.00000000
 0.00000000
-0.00030518
-0.00030518
-0.00030518
-0.00091553
-0.00091553
-0.00091553
-0.00061035
-0.00030518
-0.00030518
-0.00030518
-0.00061035
-0.00061035
-0.00030518
-0.00030518
 0.00000000
 0.00000000
 0.00000000
-0.00030518
-0.00030518
-0.00030518
-0.00030518
-0.00030518
-0.00061035
-0.00091553
-0.00091553
-0.00091553
-0.00091553
-0.00091553
-0.00061035
-0.00061035
-0.00030518
-0.00030518
-0.00030518
-0.00030518
-0.00061035
-0.00091553
-0.00061035
-0.00061035
-0.00030518
 0.00000000
-0.00030518
-0.00091553
-0.00122070
-0.00091553
-0.00061035
 0.00000000
 0.00030518
 0.00000000
-0.00030518
-0.00061035
-0.00091553
-0.00061035
-0.00061035
 0.00000000
 0.00122070
 0.00427246
 0.01312256
 0.03234863
 0.06378174
 0.10437012
 0.14160156
 0.14862061
 0.08850098
-0.01708984
-0.08880615
-0.07354736
 0.03875732
 0.23590088
 0.46203613
 0.49835205
 0.34027100
 0.11230469
-0.06378174
-0.06805420
 0.05798340
 0.22979736
 0.36315918
 0.23315430
 0.04821777
-0.11260986
-0.11566162
 0.02319336
 0.26123047
 0.50201416
 0.58563232
 0.50109863
 0.33660889
 0.15136719
-0.06744385
-0.25665283
-0.39611816
-0.45928955
-0.47607422
-0.48736572
-0.48126221
-0.47241211
-0.44342041
-0.28320313
-0.01342773
 0.24291992
 0.35552979
 0.24841309
 0.08544922
-0.13458252
-0.22705078
-0.23559570
-0.28839111
-0.37292480
-0.43365479
-0.47515869
-0.52886963
-0.48034668
-0.23925781
 0.08483887
 0.49835205
 0.68054199
 0.57159424
 0.28106689
-0.00946045
-0.20477295
-0.23498535
-0.17333984
-0.12664795
-0.16174316
-0.26397705
-0.41473389
-0.51910400
-0.54992676
-0.43975830
-0.28869629
-0.17730713
-0.08911133
-0.04058838
-0.07659912
-0.23437500
-0.43579102
-0.56213379
-0.64941406
-0.67169189
-0.58593750
-0.45684814
-0.39855957
-0.42297363
-0.41229248
-0.27954102
-0.10528564
 0.04180908
 0.12695313
 0.16296387
 0.11932373
 0.00701904
-0.03631592
 0.02532959
 0.07781982
 0.06988525
 0.02593994
-0.03112793
-0.10711670
-0.12603760
-0.00915527
 0.17303467
 0.37689209
 0.37384033
 0.30090332
 0.18859863
 0.03173828
-0.01739502
 0.03112793
 0.07049561
 0.08728027
 0.12329102
 0.16174316
 0.15380859
 0.09735107
 0.08178711
 0.13366699
 0.24200439
 0.40802002
 0.52520752
 0.55755615
 0.48706055
 0.36560059
 0.30517578
 0.25665283
 0.29968262
 0.43579102
 0.60333252
 0.69641113
 0.60455322
 0.33752441
 0.02777100
-0.26428223
-0.42602539
-0.40893555
-0.20019531
 0.09918213
 0.50109863
 0.80627441
 0.96496582
 0.93200684
 0.74523926
 0.49438477
 0.28778076
 0.13610840
 0.07751465
 0.09033203
 0.13427734
 0.16845703
 0.20050049
 0.26123047
 0.34881592
 0.42449951
 0.40374756
 0.30944824
 0.19134521
 0.10345459
 0.09094238
 0.14495850
 0.23773193
 0.36895752
 0.41259766
 0.40405273
 0.34606934
 0.25726318
 0.15197754
 0.12115479
 0.15197754
 0.21606445
 0.29266357
 0.32257080
 0.31646729
 0.27313232
 0.18310547
 0.06988525
-0.06286621
-0.21575928
-0.35736084
-0.45196533
-0.49774170
-0.48156738
-0.37475586
-0.21118164
-0.02288818
 0.12908936
 0.23620605
 0.29174805
 0.27404785
 0.15869141
-0.00427246
-0.12878418
-0.17517090
-0.16998291
-0.13732910
-0.10589600
-0.10040283
-0.12573242
-0.15747070
-0.15319824
-0.11871338
-0.06469727
 0.00518799
 0.06622314
 0.08819580
 0.03875732
-0.06652832
-0.17852783
-0.27954102
-0.39459229
-0.53924561
-0.69488525
-0.80017090
-0.79895020
-0.68908691
-0.51055908
-0.36224365
-0.27069092
-0.19134521
-0.15594482
-0.16479492
-0.22521973
-0.29632568
-0.34362793
-0.38360596
-0.40191650
-0.39703369
-0.38208008
-0.36621094
-0.32379150
-0.26153564
-0.18188477
-0.09826660
-0.01739502
 0.05187988
 0.09857178
 0.09490967
 0.00549316
-0.13153076
-0.24993896
-0.34271240
-0.39245605
-0.43243408
-0.47912598
-0.52490234
-0.53741455
-0.49224854
-0.38452148
-0.28289795
-0.14495850
-0.03479004
 0.02502441
 0.02929688
-0.02685547
-0.09979248
-0.14465332
-0.17181396
-0.20172119
-0.22399902
-0.21759033
-0.17852783
-0.11169434
-0.02563477
 0.06805420
 0.16326904
 0.24993896
 0.31250000
 0.33081055
 0.32928467
 0.28320313
 0.20355225
 0.13641357
 0.07049561
 0.00305176
-0.05432129
-0.08697510
-0.09033203
-0.06652832
-0.01770020
 0.05279541
 0.13275146
 0.19927979
 0.23284912
 0.20477295
 0.11199951
 0.01190186
-0.04486084
-0.05889893
-0.03967285
 0.00335693
 0.05676270
 0.10803223
 0.14831543
 0.16815186
 0.16784668
 0.17700195
 0.21423340
 0.26519775
 0.31433105
 0.32012939
 0.28045654
 0.21240234
 0.17364502
 0.17547607
 0.20080566
 0.23529053
 0.26977539
 0.29815674
 0.31585693
 0.33386230
 0.35827637
 0.38360596
 0.40985107
 0.43212891
 0.44525146
 0.44311523
 0.41778564
 0.36804199
 0.29754639
 0.22399902
 0.15014648
 0.07720947
 0.01739502
-0.01770020
-0.02899170
-0.02136230
 0.00335693
 0.04547119
 0.10162354
 0.16113281
 0.20782471
 0.21636963
 0.15899658
 0.06927490
-0.00183105
-0.04730225
-0.08453369
-0.12420654
-0.16815186
-0.20874023
-0.23681641
-0.24536133
-0.22979736
-0.18829346
-0.12664795
-0.06042480
-0.00762939
 0.02014160
 0.00762939
-0.03417969
-0.07019043
-0.09521484
-0.12634277
-0.16845703
-0.21148682
-0.24993896
-0.28564453
-0.31982422
-0.34149170
-0.34362793
-0.32562256
-0.30090332
-0.27954102
-0.27130127
-0.28076172
-0.30181885
-0.32135010
-0.32775879
-0.31066895
-0.27526855
-0.23284912
-0.19226074
-0.16418457
-0.15747070
-0.16448975
-0.16265869
-0.14984131
-0.13732910
-0.13793945
-0.15319824
-0.17089844
-0.17944336
-0.18096924
-0.18188477
-0.18859863
-0.20477295
-0.22766113
-0.24932861
-0.25848389
-0.24841309
-0.22033691
-0.18005371
-0.13641357
-0.09735107
-0.07324219
-0.07507324
-0.09338379
-0.11077881
-0.12359619
-0.13427734
-0.13885498
-0.12939453
-0.10467529
-0.06866455
-0.02319336
 0.02899170
 0.08728027
 0.14709473
 0.20416260
 0.25085449
 0.27587891
 0.27008057
 0.24963379
 0.23773193
 0.23590088
 0.23651123
 0.23193359
 0.21392822
 0.17974854
 0.13671875
 0.09857178
 0.07568359
 0.07141113
 0.08300781
 0.10589600
 0.13641357
 0.17181396
 0.21148682
 0.25573730
 0.30273438
 0.34606934
 0.36956787
 0.37231445
 0.35888672
 0.34057617
 0.32562256
 0.31738281
 0.31341553
 0.32012939
 0.33172607
 0.34637451
 0.36560059
 0.38482666
 0.40283203
 0.41778564
 0.42755127
 0.43579102
 0.43548584
 0.42449951
 0.39947510
 0.36071777
 0.29968262
 0.23345947
 0.16601563
 0.10803223
 0.06744385
 0.04821777
 0.05065918
 0.07141113
 0.10498047
 0.14678955
 0.19042969
 0.22583008
 0.23773193
 0.21820068
 0.17913818
 0.13946533
 0.10284424
 0.06866455
 0.03692627
 0.01251221
-0.00091553
-0.00183105
 0.01068115
 0.03662109
 0.07141113
 0.10772705
 0.13549805
 0.14160156
 0.12298584
 0.09246826
 0.06225586
 0.03204346
-0.00244141
-0.04241943
-0.08392334
-0.12145996
-0.15045166
-0.16967773
-0.17822266
-0.17517090
-0.16082764
-0.13763428
-0.10894775
-0.07934570
-0.05462646
-0.04302979
-0.05096436
-0.07629395
-0.10864258
-0.14129639
-0.17303467
-0.20202637
-0.22521973
-0.24047852
-0.24505615
-0.23590088
-0.21392822
-0.18249512
-0.14709473
-0.11352539
-0.08880615
-0.07995605
-0.08728027
-0.10437012
-0.12634277
-0.15380859
-0.18524170
-0.21575928
-0.23925781
-0.25085449
-0.24932861
-0.23681641
-0.21759033
-0.19592285
-0.17517090
-0.15594482
-0.13763428
-0.12023926
-0.10803223
-0.10620117
-0.11749268
-0.14007568
-0.16998291
-0.20355225
-0.23803711
-0.26733398
-0.28717041
-0.29266357
-0.28411865
-0.26336670
-0.23376465
-0.20080566
-0.17150879
-0.15380859
-0.15289307
-0.16510010
-0.18218994
-0.19897461
-0.21484375
-0.22766113
-0.23254395
-0.22613525
-0.20812988
-0.18066406
-0.14923096
-0.11871338
-0.09490967
-0.08087158
-0.07446289
-0.06866455
-0.05981445
-0.04943848
-0.03906250
-0.03021240
-0.02136230
-0.01068115
 0.00396729
 0.02166748
 0.04028320
 0.05645752
 0.06805420
 0.07507324
 0.07751465
 0.07751465
 0.07598877
 0.07415771
 0.07171631
 0.06713867
 0.05889893
 0.04730225
 0.03417969
 0.02319336
 0.01861572
 0.02288818
 0.03631592
 0.05798340
 0.08544922
 0.11474609
 0.14099121
 0.15777588
 0.16204834
 0.15411377
 0.13824463
 0.11688232
 0.09216309
 0.06561279
 0.04150391
 0.02380371
 0.01556396
 0.01678467
 0.02624512
 0.04180908
 0.05920410
 0.07446289
 0.08575439
 0.09460449
 0.10162354
 0.10772705
 0.11230469
 0.11413574
 0.11291504
 0.10894775
 0.10345459
 0.10040283
 0.10345459
 0.11383057
 0.13122559
 0.15472412
 0.18096924
 0.20629883
 0.22796631
 0.24139404
 0.24444580
 0.23895264
 0.22705078
 0.20843506
 0.18371582
 0.15502930
 0.12573242
 0.09857178
 0.07659912
 0.06011963
 0.04974365
 0.04425049
 0.04119873
 0.03753662
 0.03112793
 0.01983643
 0.00457764
-0.01373291
-0.03356934
-0.05401611
-0.07507324
-0.09613037
-0.11566162
-0.13244629
-0.14495850
-0.15228271
-0.15411377
-0.15136719
-0.14617920
-0.14038086
-0.13366699
-0.12603760
-0.11627197
-0.10406494
-0.09094238
-0.07904053
-0.07202148
-0.07171631
-0.07751465
-0.08789063
-0.09948730
-0.11047363
-0.11810303
-0.11993408
-0.11566162
-0.10620117
-0.09338379
-0.07995605
-0.06713867
-0.05737305
-0.05126953
-0.04913330
-0.04974365
-0.05401611
-0.06378174
-0.07751465
-0.09399414
-0.11016846
-0.12298584
-0.13092041
-0.13305664
-0.13061523
-0.12451172
-0.11596680
-0.10528564
-0.09338379
-0.08087158
-0.07049561
-0.06469727
-0.06500244
-0.07202148
-0.08422852
-0.09704590
-0.10711670
-0.11291504
-0.11322021
-0.10833740
-0.09918213
-0.08514404
-0.06622314
-0.04394531
-0.01861572
 0.00701904
 0.02990723
 0.04730225
 0.05767822
 0.06286621
 0.06347656
 0.06225586
 0.06072998
 0.06164551
 0.06683350
 0.07690430
 0.09124756
 0.10742188
 0.12359619
 0.13916016
 0.15380859
 0.16784668
 0.18066406
 0.19073486
 0.19531250
 0.19378662
 0.18737793
 0.17944336
 0.17364502
 0.17333984
 0.17913818
 0.18951416
 0.20141602
 0.21148682
 0.21942139
 0.22552490
 0.23101807
 0.23529053
 0.23712158
 0.23498535
 0.22735596
 0.21575928
 0.20324707
 0.19073486
 0.18035889
 0.17333984
 0.16937256
 0.16815186
 0.16845703
 0.17059326
 0.17333984
 0.17456055
 0.17303467
 0.16937256
 0.16387939
 0.15563965
 0.14556885
 0.13305664
 0.11871338
 0.10406494
 0.09368896
 0.09033203
 0.09643555
 0.10986328
 0.12695313
 0.14251709
 0.15258789
 0.15594482
 0.15441895
 0.15045166
 0.14465332
 0.13549805
 0.12329102
 0.10711670
 0.08911133
 0.07019043
 0.05157471
 0.03356934
 0.01617432
-0.00061035
-0.01617432
-0.03021240
-0.04272461
-0.05493164
-0.06805420
-0.08331299
-0.10040283
-0.11932373
-0.13977051
-0.16265869
-0.18829346
-0.21423340
-0.23742676
-0.25604248
-0.26672363
-0.26885986
-0.26397705
-0.25421143
-0.24322510
-0.23315430
-0.22430420
-0.21423340
-0.20141602
-0.18615723
-0.17059326
-0.15686035
-0.14709473
-0.14160156
-0.13763428
-0.13366699
-0.12817383
-0.12145996
-0.11291504
-0.10314941
-0.09338379
-0.08361816
-0.07446289
-0.06713867
-0.06347656
-0.06317139
-0.06652832
-0.07324219
-0.08331299
-0.09643555
-0.11016846
-0.12207031
-0.12939453
-0.13031006
-0.12451172
-0.11383057
-0.10040283
-0.08728027
-0.07690430
-0.06958008
-0.06347656
-0.05706787
-0.05004883
-0.04455566
-0.04241943
-0.04547119
-0.05371094
-0.06439209
-0.07446289
-0.08148193
-0.08514404
-0.08514404
-0.08209229
-0.07751465
-0.07263184
-0.06835938
-0.06469727
-0.06164551
-0.05950928
-0.05798340
-0.05737305
-0.05767822
-0.05859375
-0.05859375
-0.05645752
-0.05035400
-0.03814697
-0.02044678
 0.00122070
 0.02441406
 0.04669189
 0.06652832
 0.08239746
 0.09399414
 0.10284424
 0.10894775
 0.11169434
 0.10986328
 0.10345459
 0.09429932
 0.08544922
 0.07995605
 0.07812500
 0.08026123
 0.08483887
 0.08972168
 0.09429932
 0.09765625
 0.09979248
 0.10070801
 0.09979248
 0.09613037
 0.08911133
 0.07873535
 0.06530762
 0.05096436
 0.03753662
 0.02685547
 0.02075195
 0.02044678
 0.02410889
 0.03082275
 0.03814697
 0.04394531
 0.04760742
 0.04882813
 0.04943848
 0.05035400
 0.05218506
 0.05310059
 0.05249023
 0.04974365
 0.04516602
 0.04150391
 0.04119873
 0.04486084
 0.05249023
 0.06164551
 0.07080078
 0.07781982
 0.08148193
 0.08209229
 0.07934570
 0.07293701
 0.06286621
 0.04943848
 0.03387451
 0.01861572
 0.00488281
-0.00610352
-0.01434326
-0.01831055
-0.01831055
-0.01647949
-0.01373291
-0.01068115
-0.00946045
-0.01068115
-0.01495361
-0.02075195
-0.02655029
-0.03204346
-0.03906250
-0.04821777
-0.05920410
-0.07049561
-0.07965088
-0.08422852
-0.08453369
-0.08087158
-0.07385254
-0.06591797
-0.05889893
-0.05340576
-0.04943848
-0.04791260
-0.04913330
-0.05310059
-0.05950928
-0.06774902
-0.07690430
-0.08575439
-0.09277344
-0.09765625
-0.09979248
-0.09918213
-0.09643555
-0.09185791
-0.08758545
-0.08514404
-0.08514404
-0.08666992
-0.08911133
-0.09155273
-0.09521484
-0.10070801
-0.10833740
-0.11718750
-0.12542725
-0.13122559
-0.13244629
-0.12817383
-0.11932373
-0.10711670
-0.09399414
-0.08178711
-0.07232666
-0.06530762
-0.06134033
-0.05981445
-0.06042480
-0.06317139
-0.06652832
-0.06958008
-0.07171631
-0.07141113
-0.06805420
-0.06072998
-0.05004883
-0.03753662
-0.02563477
-0.01739502
-0.01403809
-0.01495361
-0.01861572
-0.02410889
-0.02990723
-0.03662109
-0.04333496
-0.04913330
-0.05279541
-0.05279541
-0.04760742
-0.03631592
-0.01983643
 0.00030518
 0.02258301
 0.04364014
 0.06195068
 0.07537842
 0.08453369
 0.09063721
 0.09460449
 0.09857178
 0.10253906
 0.10711670
 0.11322021
 0.12298584
 0.13580322
 0.15197754
 0.17150879
 0.19195557
 0.21087646
 0.22491455
 0.23223877
 0.23284912
 0.22888184
 0.22155762
 0.21270752
 0.20355225
 0.19500732
 0.18707275
 0.18066406
 0.17761230
 0.17883301
 0.18463135
 0.19439697
 0.20568848
 0.21545410
 0.22094727
 0.22125244
 0.21575928
 0.20568848
 0.19256592
 0.17791748
 0.16387939
 0.15106201
 0.14129639
 0.13458252
 0.13275146
 0.13549805
 0.14221191
 0.15228271
 0.16387939
 0.17395020
 0.17974854
 0.17913818
 0.17211914
 0.15930176
 0.14343262
 0.12634277
 0.11047363
 0.09674072
 0.08544922
 0.07720947
 0.07232666
 0.07080078
 0.07263184
 0.07720947
 0.08270264
 0.08697510
 0.08758545
 0.08300781
 0.07202148
 0.05554199
 0.03540039
 0.01434326
-0.00579834
-0.02288818
-0.03570557
-0.04425049
-0.04882813
-0.04943848
-0.04699707
-0.04394531
-0.04089355
-0.03967285
-0.04150391
-0.04852295
-0.06042480
-0.07751465
-0.09796143
-0.11932373
-0.13977051
-0.15686035
-0.16876221
-0.17486572
-0.17608643
-0.17333984
-0.16723633
-0.15899658
-0.15014648
-0.14221191
-0.13671875
-0.13488770
-0.13763428
-0.14495850
-0.15686035
-0.16967773
-0.18157959
-0.19104004
-0.19683838
-0.19927979
-0.19714355
-0.19134521
-0.18280029
-0.17303467
-0.16357422
-0.15533447
-0.15014648
-0.14831543
-0.15075684
-0.15716553
-0.16662598
-0.17700195
-0.18707275
-0.19409180
-0.19683838
-0.19561768
-0.19012451
-0.18157959
-0.17120361
-0.16052246
-0.15075684
-0.14190674
-0.13488770
-0.13153076
-0.13214111
-0.13641357
-0.14251709
-0.14831543
-0.15258789
-0.15411377
-0.15136719
-0.14495850
-0.13458252
-0.12084961
-0.10467529
-0.08666992
-0.06835938
-0.05035400
-0.03448486
-0.02136230
-0.01159668
-0.00518799
-0.00183105
-0.00061035
 0.00091553
 0.00366211
 0.00946045
 0.01892090
 0.03173828
 0.04730225
 0.06378174
 0.07965088
 0.09338379
 0.10528564
 0.11505127
 0.12145996
 0.12390137
 0.12237549
 0.11718750
 0.10925293
 0.10009766
 0.09185791
 0.08605957
 0.08270264
 0.08209229
 0.08361816
 0.08728027
 0.09277344
 0.09826660
 0.10223389
 0.10406494
 0.10345459
 0.09948730
 0.09277344
 0.08514404
 0.07598877
 0.06683350
 0.05950928
 0.05432129
 0.05310059
 0.05493164
 0.06042480
 0.06835938
 0.07690430
 0.08422852
 0.08941650
 0.09246826
 0.09368896
 0.09216309
 0.08819580
 0.08239746
 0.07476807
 0.06591797
 0.05828857
 0.05279541
 0.05065918
 0.05157471
 0.05493164
 0.06134033
 0.06866455
 0.07537842
 0.07965088
 0.08178711
 0.08087158
 0.07720947
 0.07019043
 0.06134033
 0.05157471
 0.04150391
 0.03234863
 0.02532959
 0.02014160
 0.01831055
 0.01892090
 0.02105713
 0.02319336
 0.02441406
 0.02349854
 0.01983643
 0.01373291
 0.00488281
-0.00549316
-0.01708984
-0.02899170
-0.04119873
-0.05340576
-0.06439209
-0.07263184
-0.07812500
-0.08056641
-0.08117676
-0.08117676
-0.08087158
-0.08117676
-0.08361816
-0.08758545
-0.09307861
-0.09857178
-0.10375977
-0.10803223
-0.11138916
-0.11322021
-0.11322021
-0.11047363
-0.10498047
-0.09735107
-0.08758545
-0.07690430
-0.06652832
-0.05798340
-0.05187988
-0.04791260
-0.04547119
-0.04455566
-0.04364014
-0.04180908
-0.03906250
-0.03662109
-0.03417969
-0.03051758
-0.02532959
-0.01892090
-0.01190186
-0.00579834
-0.00091553
 0.00183105
 0.00152588
 0.00000000
-0.00305176
-0.00701904
-0.01159668
-0.01708984
-0.02258301
-0.02716064
-0.03021240
-0.03173828
-0.03173828
-0.02990723
-0.02746582
-0.02471924
-0.02197266
-0.01953125
-0.01770020
-0.01678467
-0.01647949
-0.01617432
-0.01495361
-0.01281738
-0.00946045
-0.00396729
 0.00213623
 0.00946045
 0.01739502
 0.02593994
 0.03448486
 0.04180908
 0.04852295
 0.05371094
 0.05676270
 0.05859375
 0.05920410
 0.05981445
 0.06042480
 0.06042480
 0.05981445
 0.06011963
 0.06195068
 0.06469727
 0.06805420
 0.07141113
 0.07324219
 0.07415771
 0.07446289
 0.07354736
 0.07141113
 0.06805420
 0.06439209
 0.06072998
 0.05767822
 0.05584717
 0.05584717
 0.05859375
 0.06347656
 0.06896973
 0.07507324
 0.08056641
 0.08514404
 0.08941650
 0.09277344
 0.09490967
 0.09582520
 0.09521484
 0.09399414
 0.09246826
 0.09124756
 0.09155273
 0.09307861
 0.09552002
 0.09948730
 0.10437012
 0.10925293
 0.11322021
 0.11627197
 0.11749268
 0.11657715
 0.11291504
 0.10742188
 0.10131836
 0.09460449
 0.08758545
 0.08087158
 0.07537842
 0.07141113
 0.06958008
 0.07049561
 0.07202148
 0.07354736
 0.07324219
 0.07110596
 0.06713867
 0.06072998
 0.05310059
 0.04455566
 0.03570557
 0.02563477
 0.01434326
 0.00335693
-0.00579834
-0.01251221
-0.01708984
-0.01953125
-0.01983643
-0.02044678
-0.02227783
-0.02471924
-0.02777100
-0.03173828
-0.03631592
-0.04180908
-0.04821777
-0.05493164
-0.06134033
-0.06561279
-0.06744385
-0.06744385
-0.06530762
-0.06011963
-0.05340576
-0.04669189
-0.04058838
-0.03570557
-0.03326416
-0.03356934
-0.03692627
-0.04211426
-0.04821777
-0.05462646
-0.06134033
-0.06835938
-0.07476807
-0.07934570
-0.08117676
-0.08148193
-0.08117676
-0.08117676
-0.08178711
-0.08392334
-0.08758545
-0.09246826
-0.09857178
-0.10559082
-0.11444092
-0.12390137
-0.13336182
-0.14129639
-0.14678955
-0.14953613
-0.14953613
-0.14739990
-0.14312744
-0.13763428
-0.13183594
-0.12695313
-0.12298584
-0.12084961
-0.12054443
-0.12176514
-0.12329102
-0.12512207
-0.12634277
-0.12603760
-0.12390137
-0.11932373
-0.11230469
-0.10223389
-0.08972168
-0.07568359
-0.06164551
-0.04882813
-0.03753662
-0.02716064
-0.01800537
-0.00976563
-0.00335693
 0.00244141
 0.00762939
 0.01373291
 0.02044678
 0.02868652
 0.03814697
 0.04852295
 0.05950928
 0.07049561
 0.08026123
 0.08789063
 0.09338379
 0.09552002
 0.09521484
 0.09185791
 0.08636475
 0.07965088
 0.07354736
 0.06866455
 0.06500244
 0.06317139
 0.06256104
 0.06317139
 0.06500244
 0.06744385
 0.06958008
 0.07110596
 0.07110596
 0.06896973
 0.06591797
 0.06072998
 0.05493164
 0.04852295
 0.04241943
 0.03784180
 0.03570557
 0.03631592
 0.03936768
 0.04455566
 0.05187988
 0.06103516
 0.06988525
 0.07659912
 0.08026123
 0.08056641
 0.07781982
 0.07232666
 0.06530762
 0.05767822
 0.04974365
 0.04241943
 0.03662109
 0.03326416
 0.03204346
 0.03265381
 0.03540039
 0.04028320
 0.04608154
 0.05004883
 0.05126953
 0.05004883
 0.04577637
 0.03997803
 0.03173828
 0.02227783
 0.01251221
 0.00366211
-0.00427246
-0.01068115
-0.01556396
-0.01892090
-0.02044678
-0.02136230
-0.02258301
-0.02441406
-0.02807617
-0.03417969
-0.04272461
-0.05371094
-0.06622314
-0.07995605
-0.09307861
-0.10406494
-0.11352539
-0.12054443
-0.12420654
-0.12512207
-0.12237549
-0.11749268
-0.11169434
-0.10528564
-0.10009766
-0.09613037
-0.09368896
-0.09277344
-0.09307861
-0.09399414
-0.09521484
-0.09552002
-0.09460449
-0.09124756
-0.08514404
-0.07659912
-0.06652832
-0.05523682
-0.04364014
-0.03265381
-0.02349854
-0.01739502
-0.01403809
-0.01403809
-0.01678467
-0.02136230
-0.02655029
-0.03204346
-0.03753662
-0.04058838
-0.04180908
-0.04058838
-0.03753662
-0.03265381
-0.02624512
-0.01953125
-0.01342773
-0.00854492
-0.00579834
-0.00488281
-0.00549316
-0.00701904
-0.00885010
-0.01037598
-0.01007080
-0.00823975
-0.00396729
 0.00213623
 0.00946045
 0.01861572
 0.02838135
 0.03845215
 0.04791260
 0.05615234
 0.06256104
 0.06561279
 0.06591797
 0.06469727
 0.06256104
 0.06042480
 0.05859375
 0.05767822
 0.05767822
 0.05981445
 0.06347656
 0.06835938
 0.07415771
 0.07995605
 0.08422852
 0.08666992
 0.08758545
 0.08636475
 0.08270264
 0.07720947
 0.07110596
 0.06439209
 0.05859375
 0.05432129
 0.05187988
 0.05157471
 0.05310059
 0.05676270
 0.06195068
 0.06805420
 0.07476807
 0.08056641
 0.08392334
 0.08483887
 0.08392334
 0.08178711
 0.07904053
 0.07507324
 0.07080078
 0.06683350
 0.06469727
 0.06469727
 0.06713867
 0.07110596
 0.07598877
 0.08148193
 0.08728027
 0.09155273
 0.09429932
 0.09552002
 0.09521484
 0.09277344
 0.08850098
 0.08300781
 0.07751465
 0.07324219
 0.07049561
 0.06896973
 0.06896973
 0.07141113
 0.07446289
 0.07843018
 0.08239746
 0.08575439
 0.08789063
 0.08697510
 0.08300781
 0.07720947
 0.07019043
 0.06134033
 0.05218506
 0.04272461
 0.03417969
 0.02716064
 0.02166748
 0.01800537
 0.01556396
 0.01373291
 0.01190186
 0.00946045
 0.00640869
 0.00213623
-0.00335693
-0.01037598
-0.01831055
-0.02685547
-0.03540039
-0.04272461
-0.04791260
-0.05187988
-0.05371094
-0.05340576
-0.05126953
-0.04821777
-0.04486084
-0.04211426
-0.03967285
-0.03845215
-0.03875732
-0.04089355
-0.04425049
-0.04852295
-0.05310059
-0.05798340
-0.06225586
-0.06591797
-0.06805420
-0.06866455
-0.06835938
-0.06713867
-0.06561279
-0.06469727
-0.06408691
-0.06469727
-0.06713867
-0.07110596
-0.07690430
-0.08361816
-0.09063721
-0.09765625
-0.10406494
-0.10925293
-0.11260986
-0.11413574
-0.11413574
-0.11352539
-0.11199951
-0.11016846
-0.10894775
-0.10803223
-0.10772705
-0.10803223
-0.10986328
-0.11260986
-0.11627197
-0.11993408
-0.12237549
-0.12298584
-0.12268066
-0.12145996
-0.11901855
-0.11505127
-0.10955811
-0.10406494
-0.09826660
-0.09246826
-0.08728027
-0.08331299
-0.07995605
-0.07781982
-0.07629395
-0.07446289
-0.07202148
-0.06866455
-0.06408691
-0.05767822
-0.05065918
-0.04333496
-0.03509521
-0.02655029
-0.01800537
-0.00976563
-0.00244141
 0.00366211
 0.00732422
 0.00976563
 0.01098633
 0.01220703
 0.01464844
 0.01739502
 0.02075195
 0.02532959
 0.03021240
 0.03570557
 0.04211426
 0.04882813
 0.05554199
 0.06225586
 0.06805420
 0.07354736
 0.07720947
 0.07934570
 0.08087158
 0.08209229
 0.08300781
 0.08392334
 0.08483887
 0.08666992
 0.08880615
 0.09155273
 0.09399414
 0.09674072
 0.09948730
 0.10131836
 0.10253906
 0.10284424
 0.10162354
 0.09857178
 0.09429932
 0.08941650
 0.08422852
 0.07934570
 0.07476807
 0.07049561
 0.06652832
 0.06317139
 0.06072998
 0.06011963
 0.06011963
 0.06072998
 0.06042480
 0.05889893
 0.05676270
 0.05310059
 0.04821777
 0.04364014
 0.03906250
 0.03448486
 0.02990723
 0.02563477
 0.02258301
 0.02075195
 0.01953125
 0.01861572
 0.01800537
 0.01800537
 0.01739502
 0.01586914
 0.01373291
 0.01007080
 0.00518799
-0.00091553
-0.00762939
-0.01464844
-0.02105713
-0.02746582
-0.03234863
-0.03631592
-0.03784180
-0.03784180
-0.03662109
-0.03509521
-0.03387451
-0.03295898
-0.03265381
-0.03295898
-0.03479004
-0.03692627
-0.03967285
-0.04364014
-0.04882813
-0.05371094
-0.05706787
-0.05920410
-0.05981445
-0.05859375
-0.05554199
-0.05218506
-0.04882813
-0.04638672
-0.04486084
-0.04394531
-0.04394531
-0.04577637
-0.04882813
-0.05371094
-0.05889893
-0.06408691
-0.06805420
-0.07080078
-0.07171631
-0.07141113
-0.06988525
-0.06744385
-0.06408691
-0.06042480
-0.05645752
-0.05218506
-0.04882813
-0.04699707
-0.04638672
-0.04730225
-0.04852295
-0.04913330
-0.04882813
-0.04699707
-0.04394531
-0.03875732
-0.03265381
-0.02532959
-0.01800537
-0.01098633
-0.00427246
 0.00213623
 0.00732422
 0.01129150
 0.01373291
 0.01464844
 0.01373291
 0.01190186
 0.01068115
 0.01037598
 0.01159668
 0.01403809
 0.01739502
 0.02075195
 0.02410889
 0.02807617
 0.03204346
 0.03601074
 0.03875732
 0.04058838
 0.04058838
 0.03906250
 0.03631592
 0.03326416
 0.03143311
 0.03051758
 0.03112793
 0.03265381
 0.03540039
 0.03936768
 0.04394531
 0.04882813
 0.05371094
 0.05798340
 0.06195068
 0.06378174
 0.06347656
 0.06225586
 0.06011963
 0.05767822
 0.05554199
 0.05310059
 0.05157471
 0.05126953
 0.05218506
 0.05401611
 0.05706787
 0.06042480
 0.06408691
 0.06744385
 0.06988525
 0.07141113
 0.07202148
 0.07110596
 0.06866455
 0.06591797
 0.06347656
 0.06225586
 0.06195068
 0.06286621
 0.06408691
 0.06622314
 0.06958008
 0.07385254
 0.07720947
 0.08026123
 0.08239746
 0.08331299
 0.08239746
 0.08026123
 0.07690430
 0.07202148
 0.06622314
 0.06042480
 0.05462646
 0.04913330
 0.04425049
 0.04058838
 0.03784180
 0.03570557
 0.03417969
 0.03265381
 0.03051758
 0.02807617
 0.02502441
 0.02044678
 0.01434326
 0.00823975
 0.00305176
-0.00122070
-0.00518799
-0.00885010
-0.01129150
-0.01220703
-0.01251221
-0.01220703
-0.01129150
-0.00976563
-0.00823975
-0.00793457
-0.00854492
-0.01037598
-0.01312256
-0.01708984
-0.02227783
-0.02746582
-0.03234863
-0.03692627
-0.04058838
-0.04272461
-0.04394531
-0.04455566
-0.04486084
-0.04486084
-0.04455566
-0.04516602
-0.04638672
-0.04882813
-0.05126953
-0.05371094
-0.05676270
-0.05981445
-0.06286621
-0.06500244
-0.06591797
-0.06561279
-0.06439209
-0.06225586
-0.05920410
-0.05584717
-0.05279541
-0.05035400
-0.04882813
-0.04852295
-0.04943848
-0.05065918
-0.05218506
-0.05371094
-0.05584717
-0.05798340
-0.05920410
-0.05950928
-0.05889893
-0.05859375
-0.05798340
-0.05676270
-0.05523682
-0.05401611
-0.05371094
-0.05401611
-0.05462646
-0.05554199
-0.05767822
-0.06011963
-0.06225586
-0.06317139
-0.06347656
-0.06286621
-0.06072998
-0.05828857
-0.05523682
-0.05157471
-0.04821777
-0.04455566
-0.04150391
-0.03875732
-0.03662109
-0.03540039
-0.03479004
-0.03417969
-0.03356934
-0.03204346
-0.02990723
-0.02807617
-0.02563477
-0.02319336
-0.01983643
-0.01678467
-0.01312256
-0.00976563
-0.00671387
-0.00335693
-0.00061035
 0.00152588
 0.00274658
 0.00366211
 0.00457764
 0.00671387
 0.00976563
 0.01312256
 0.01708984
 0.02136230
 0.02624512
 0.03082275
 0.03540039
 0.03967285
 0.04333496
 0.04608154
 0.04791260
 0.04913330
 0.04913330
 0.04791260
 0.04669189
 0.04577637
 0.04394531
 0.04272461
 0.04241943
 0.04241943
 0.04302979
 0.04455566
 0.04516602
 0.04547119
 0.04608154
 0.04669189
 0.04638672
 0.04547119
 0.04364014
 0.04150391
 0.03906250
 0.03692627
 0.03509521
 0.03356934
 0.03234863
 0.03204346
 0.03234863
 0.03295898
 0.03417969
 0.03509521
 0.03540039
 0.03509521
 0.03387451
 0.03204346
 0.03021240
 0.02716064
 0.02288818
 0.01831055
 0.01312256
 0.00854492
 0.00457764
 0.00122070
-0.00183105
-0.00427246
-0.00640869
-0.00762939
-0.00885010
-0.00976563
-0.01068115
-0.01220703
-0.01434326
-0.01678467
-0.01922607
-0.02166748
-0.02349854
-0.02502441
-0.02624512
-0.02655029
-0.02624512
-0.02532959
-0.02349854
-0.02105713
-0.01831055
-0.01647949
-0.01586914
-0.01586914
-0.01708984
-0.01892090
-0.02075195
-0.02380371
-0.02746582
-0.03112793
-0.03356934
-0.03570557
-0.03753662
-0.03875732
-0.03906250
-0.03814697
-0.03753662
-0.03753662
-0.03784180
-0.03845215
-0.03936768
-0.04089355
-0.04241943
-0.04394531
-0.04547119
-0.04669189
-0.04730225
-0.04669189
-0.04486084
-0.04211426
-0.03875732
-0.03479004
-0.03051758
-0.02655029
-0.02288818
-0.02044678
-0.01831055
-0.01708984
-0.01708984
-0.01770020
-0.01800537
-0.01861572
-0.01861572
-0.01800537
-0.01586914
-0.01251221
-0.00854492
-0.00457764
-0.00061035
 0.00396729
 0.00854492
 0.01251221
 0.01617432
 0.01983643
 0.02227783
 0.02441406
 0.02593994
 0.02777100
 0.02990723
 0.03295898
 0.03662109
 0.04119873
 0.04638672
 0.05187988
 0.05737305
 0.06164551
 0.06500244
 0.06744385
 0.06866455
 0.06927490
 0.06866455
 0.06713867
 0.06500244
 0.06286621
 0.06072998
 0.05889893
 0.05798340
 0.05798340
 0.05859375
 0.06011963
 0.06256104
 0.06439209
 0.06622314
 0.06744385
 0.06805420
 0.06713867
 0.06530762
 0.06347656
 0.06195068
 0.06072998
 0.05950928
 0.05889893
 0.05950928
 0.06103516
 0.06317139
 0.06561279
 0.06927490
 0.07202148
 0.07415771
 0.07598877
 0.07629395
 0.07537842
 0.07324219
 0.07049561
 0.06652832
 0.06195068
 0.05645752
 0.05065918
 0.04577637
 0.04150391
 0.03814697
 0.03540039
 0.03326416
 0.03143311
 0.02899170
 0.02624512
 0.02349854
 0.01953125
 0.01525879
 0.01098633
 0.00640869
 0.00122070
-0.00396729
-0.00885010
-0.01312256
-0.01617432
-0.01800537
-0.01861572
-0.01892090
-0.01861572
-0.01831055
-0.01831055
-0.01831055
-0.01983643
-0.02227783
-0.02502441
-0.02868652
-0.03295898
-0.03753662
-0.04211426
-0.04638672
-0.04974365
-0.05218506
-0.05401611
-0.05493164
-0.05554199
-0.05554199
-0.05554199
-0.05584717
-0.05615234
-0.05676270
-0.05767822
-0.05920410
-0.06072998
-0.06225586
-0.06378174
-0.06561279
-0.06591797
-0.06530762
-0.06378174
-0.06225586
-0.06042480
-0.05828857
-0.05584717
-0.05401611
-0.05279541
-0.05218506
-0.05187988
-0.05249023
-0.05432129
-0.05645752
-0.05828857
-0.05920410
-0.06042480
-0.06072998
-0.05981445
-0.05859375
-0.05706787
-0.05523682
-0.05279541
-0.05004883
-0.04760742
-0.04516602
-0.04364014
-0.04302979
-0.04241943
-0.04211426
-0.04180908
-0.04119873
-0.04028320
-0.03875732
-0.03570557
-0.03204346
-0.02807617
-0.02441406
-0.02044678
-0.01647949
-0.01251221
-0.00946045
-0.00732422
-0.00640869
-0.00610352
-0.00671387
-0.00793457
-0.00823975
-0.00793457
-0.00793457
-0.00762939
-0.00610352
-0.00427246
-0.00183105
 0.00061035
 0.00305176
 0.00579834
 0.00732422
 0.00823975
 0.00885010
 0.00946045
 0.00915527
 0.00854492
 0.00854492
 0.00885010
 0.00976563
 0.01068115
 0.01220703
 0.01495361
 0.01831055
 0.02136230
 0.02441406
 0.02716064
 0.02929688
 0.03082275
 0.03143311
 0.03112793
 0.03082275
 0.03021240
 0.02990723
 0.02960205
 0.02960205
 0.02929688
 0.02960205
 0.03021240
 0.03204346
 0.03479004
 0.03753662
 0.03997803
 0.04180908
 0.04302979
 0.04333496
 0.04364014
 0.04333496
 0.04272461
 0.04150391
 0.04089355
 0.04058838
 0.04089355
 0.04180908
 0.04272461
 0.04302979
 0.04333496
 0.04333496
 0.04333496
 0.04302979
 0.04150391
 0.03936768
 0.03723145
 0.03417969
 0.03082275
 0.02655029
 0.02319336
 0.02014160
 0.01708984
 0.01434326
 0.01190186
 0.01007080
 0.00793457
 0.00671387
 0.00549316
 0.00366211
 0.00152588
-0.00091553
-0.00274658
-0.00488281
-0.00732422
-0.01007080
-0.01281738
-0.01556396
-0.01800537
-0.01892090
-0.01892090
-0.01861572
-0.01861572
-0.01892090
-0.01861572
-0.01831055
-0.01831055
-0.01861572
-0.01892090
-0.02014160
-0.02197266
-0.02349854
-0.02502441
-0.02716064
-0.02899170
-0.03112793
-0.03265381
-0.03448486
-0.03570557
-0.03662109
-0.03723145
-0.03784180
-0.03784180
-0.03845215
-0.03906250
-0.04028320
-0.04211426
-0.04364014
-0.04486084
-0.04608154
-0.04730225
-0.04852295
-0.04943848
-0.04974365
-0.04974365
-0.04943848
-0.04913330
-0.04852295
-0.04760742
-0.04699707
-0.04699707
-0.04669189
-0.04669189
-0.04699707
-0.04730225
-0.04791260
-0.04882813
-0.04852295
-0.04821777
-0.04760742
-0.04638672
-0.04455566
-0.04211426
-0.03875732
-0.03570557
-0.03234863
-0.02868652
-0.02502441
-0.02136230
-0.01770020
-0.01434326
-0.01098633
-0.00854492
-0.00610352
-0.00274658
 0.00122070
 0.00518799
 0.00915527
 0.01342773
 0.01770020
 0.02197266
 0.02624512
 0.03021240
 0.03356934
 0.03570557
 0.03723145
 0.03845215
 0.03936768
 0.04028320
 0.04089355
 0.04150391
 0.04272461
 0.04394531
 0.04608154
 0.04852295
 0.05096436
 0.05401611
 0.05767822
 0.06103516
 0.06469727
 0.06774902
 0.06958008
 0.07080078
 0.07202148
 0.07293701
 0.07385254
 0.07476807
 0.07568359
 0.07720947
 0.07873535
 0.08026123
 0.08148193
 0.08270264
 0.08392334
 0.08575439
 0.08697510
 0.08728027
 0.08666992
 0.08514404
 0.08270264
 0.07995605
 0.07659912
 0.07293701
 0.06896973
 0.06530762
 0.06256104
 0.05981445
 0.05737305
 0.05523682
 0.05401611
 0.05310059
 0.05126953
 0.04882813
 0.04608154
 0.04364014
 0.04089355
 0.03784180
 0.03326416
 0.02929688
 0.02593994
 0.02288818
 0.02014160
 0.01739502
 0.01495361
 0.01312256
 0.01159668
 0.00976563
 0.00823975
 0.00640869
 0.00366211
 0.00030518
-0.00396729
-0.00762939
-0.01190186
-0.01586914
-0.02014160
-0.02441406
-0.02777100
-0.03051758
-0.03234863
-0.03356934
-0.03448486
-0.03540039
-0.03631592
-0.03662109
-0.03753662
-0.03875732
-0.04028320
-0.04180908
-0.04364014
-0.04608154
-0.04791260
-0.04882813
-0.04943848
-0.04943848
-0.04943848
-0.04913330
-0.04821777
-0.04699707
-0.04638672
-0.04608154
-0.04608154
-0.04669189
-0.04760742
-0.04943848
-0.05187988
-0.05432129
-0.05676270
-0.05828857
-0.05920410
-0.05981445
-0.06042480
-0.05950928
-0.05798340
-0.05645752
-0.05462646
-0.05279541
-0.05157471
-0.05035400
-0.04913330
-0.04821777
-0.04760742
-0.04699707
-0.04638672
-0.04577637
-0.04455566
-0.04272461
-0.03997803
-0.03601074
-0.03234863
-0.02868652
-0.02471924
-0.02044678
-0.01739502
-0.01434326
-0.01251221
-0.01220703
-0.01251221
-0.01342773
-0.01495361
-0.01556396
-0.01617432
-0.01617432
-0.01525879
-0.01434326
-0.01342773
-0.01159668
-0.00915527
-0.00671387
-0.00427246
-0.00213623
 0.00000000
 0.00091553
 0.00183105
 0.00183105
 0.00183105
 0.00183105
 0.00244141
 0.00335693
 0.00396729
 0.00579834
 0.00823975
 0.01068115
 0.01342773
 0.01586914
 0.01739502
 0.01892090
 0.01983643
 0.01953125
 0.01831055
 0.01678467
 0.01556396
 0.01464844
 0.01373291
 0.01251221
 0.01190186
 0.01190186
 0.01251221
 0.01403809
 0.01556396
 0.01678467
 0.01770020
 0.01922607
 0.02014160
 0.02014160
 0.01922607
 0.01800537
 0.01647949
 0.01495361
 0.01373291
 0.01251221
 0.01159668
 0.01129150
 0.01159668
 0.01281738
 0.01403809
 0.01617432
 0.01800537
 0.01922607
 0.01953125
 0.01861572
 0.01739502
 0.01586914
 0.01434326
 0.01251221
 0.01037598
 0.00793457
 0.00610352
 0.00488281
 0.00457764
 0.00549316
 0.00671387
 0.00854492
 0.01007080
 0.01159668
 0.01281738
 0.01312256
 0.01281738
 0.01220703
 0.01159668
 0.01068115
 0.00885010
 0.00701904
 0.00610352
 0.00579834
 0.00579834
 0.00610352
 0.00610352
 0.00640869
 0.00671387
 0.00701904
 0.00671387
 0.00610352
 0.00457764
 0.00274658
 0.00091553
-0.00122070
-0.00396729
-0.00701904
-0.00976563
-0.01129150
-0.01220703
-0.01312256
-0.01312256
-0.01251221
-0.01159668
-0.01129150
-0.01068115
-0.01037598
-0.01068115
-0.01190186
-0.01312256
-0.01403809
-0.01525879
-0.01617432
-0.01678467
-0.01678467
-0.01647949
-0.01556396
-0.01464844
-0.01373291
-0.01251221
-0.01129150
-0.01037598
-0.01007080
-0.00976563
-0.01037598
-0.01098633
-0.01220703
-0.01373291
-0.01464844
-0.01617432
-0.01708984
-0.01770020
-0.01708984
-0.01586914
-0.01403809
-0.01251221
-0.01159668
-0.01068115
-0.00915527
-0.00823975
-0.00793457
-0.00793457
-0.00854492
-0.00915527
-0.00976563
-0.01007080
-0.00976563
-0.00885010
-0.00732422
-0.00579834
-0.00427246
-0.00244141
 0.00000000
 0.00244141
 0.00488281
 0.00579834
 0.00640869
 0.00671387
 0.00671387
 0.00610352
 0.00549316
 0.00488281
 0.00488281
 0.00518799
 0.00579834
 0.00732422
 0.00915527
 0.01190186
 0.01464844
 0.01800537
 0.02105713
 0.02380371
 0.02655029
 0.02838135
 0.02960205
 0.03051758
 0.03112793
 0.03173828
 0.03234863
 0.03326416
 0.03448486
 0.03540039
 0.03723145
 0.03845215
 0.03967285
 0.04028320
 0.04089355
 0.04119873
 0.04119873
 0.04058838
 0.03906250
 0.03662109
 0.03448486
 0.03204346
 0.02929688
 0.02716064
 0.02502441
 0.02349854
 0.02258301
 0.02227783
 0.02197266
 0.02197266
 0.02197266
 0.02197266
 0.02197266
 0.02105713
 0.01983643
 0.01800537
 0.01617432
 0.01464844
 0.01281738
 0.01098633
 0.01037598
 0.00946045
 0.00885010
 0.00793457
 0.00793457
 0.00823975
 0.00823975
 0.00793457
 0.00762939
 0.00640869
 0.00427246
 0.00183105
-0.00030518
-0.00335693
-0.00640869
-0.00915527
-0.01159668
-0.01342773
-0.01464844
-0.01556396
-0.01617432
-0.01647949
-0.01617432
-0.01617432
-0.01617432
-0.01647949
-0.01770020
-0.01892090
-0.02044678
-0.02227783
-0.02380371
-0.02532959
-0.02655029
-0.02807617
-0.02929688
-0.02960205
-0.02960205
-0.02899170
-0.02807617
-0.02807617
-0.02807617
-0.02807617
-0.02868652
-0.02990723
-0.03143311
-0.03326416
-0.03479004
-0.03631592
-0.03723145
-0.03784180
-0.03784180
-0.03753662
-0.03601074
-0.03417969
-0.03204346
-0.02990723
-0.02777100
-0.02593994
-0.02410889
-0.02197266
-0.02044678
-0.01892090
-0.01770020
-0.01647949
-0.01525879
-0.01464844
-0.01342773
-0.01190186
-0.01037598
-0.00854492
-0.00701904
-0.00549316
-0.00396729
-0.00305176
-0.00244141
-0.00274658
-0.00305176
-0.00366211
-0.00457764
-0.00671387
-0.00885010
-0.00976563
-0.01037598
-0.01068115
-0.01037598
-0.00915527
-0.00823975
-0.00732422
-0.00579834
-0.00427246
-0.00244141
-0.00061035
 0.00030518
 0.00152588
 0.00244141
 0.00305176
 0.00335693
 0.00396729
 0.00396729
 0.00457764
 0.00549316
 0.00640869
 0.00732422
 0.00823975
 0.00946045
 0.01007080
 0.01007080
 0.01007080
 0.01007080
 0.00854492
 0.00732422
 0.00610352
 0.00518799
 0.00427246
 0.00305176
 0.00305176
 0.00274658
 0.00244141
 0.00213623
 0.00244141
 0.00366211
 0.00488281
 0.00640869
 0.00701904
 0.00732422
 0.00732422
 0.00701904
 0.00671387
 0.00671387
 0.00671387
 0.00640869
 0.00671387
 0.00701904
 0.00701904
 0.00671387
 0.00671387
 0.00671387
 0.00640869
 0.00549316
 0.00427246
 0.00305176
 0.00152588
-0.00030518
-0.00213623
-0.00366211
-0.00549316
-0.00640869
-0.00732422
-0.00823975
-0.00885010
-0.00946045
-0.00915527
-0.00854492
-0.00732422
-0.00640869
-0.00579834
-0.00549316
-0.00518799
-0.00518799
-0.00518799
-0.00488281
-0.00488281
-0.00488281
-0.00518799
-0.00579834
-0.00610352
-0.00610352
-0.00610352
-0.00610352
-0.00671387
-0.00762939
-0.00915527
-0.01037598
-0.01159668
-0.01251221
-0.01373291
-0.01525879
-0.01647949
-0.01739502
-0.01831055
-0.01861572
-0.01861572
-0.01770020
-0.01647949
-0.01495361
-0.01342773
-0.01251221
-0.01190186
-0.01129150
-0.01098633
-0.01068115
-0.01007080
-0.00976563
-0.00915527
-0.00885010
-0.00915527
-0.00854492
-0.00793457
-0.00762939
-0.00732422
-0.00701904
-0.00640869
-0.00579834
-0.00518799
-0.00518799
-0.00579834
-0.00610352
-0.00640869
-0.00671387
-0.00671387
-0.00701904
-0.00701904
-0.00610352
-0.00457764
-0.00335693
-0.00213623
-0.00030518
 0.00183105
 0.00366211
 0.00579834
 0.00793457
 0.00946045
 0.01068115
 0.01220703
 0.01373291
 0.01525879
 0.01647949
 0.01770020
 0.01861572
 0.01953125
 0.01983643
 0.02014160
 0.02075195
 0.02075195
 0.02136230
 0.02166748
 0.02166748
 0.02136230
 0.02075195
 0.02014160
 0.01922607
 0.01831055
 0.01770020
 0.01708984
 0.01678467
 0.01708984
 0.01739502
 0.01770020
 0.01800537
 0.01831055
 0.01892090
 0.01953125
 0.02014160
 0.02044678
 0.02105713
 0.02136230
 0.02166748
 0.02227783
 0.02288818
 0.02349854
 0.02380371
 0.02380371
 0.02410889
 0.02471924
 0.02502441
 0.02502441
 0.02532959
 0.02593994
 0.02593994
 0.02502441
 0.02471924
 0.02410889
 0.02288818
 0.02136230
 0.02014160
 0.01953125
 0.01892090
 0.01800537
 0.01708984
 0.01647949
 0.01647949
 0.01647949
 0.01678467
 0.01708984
 0.01739502
 0.01708984
 0.01678467
 0.01617432
 0.01495361
 0.01403809
 0.01281738
 0.01220703
 0.01129150
 0.01068115
 0.01007080
 0.00885010
 0.00762939
 0.00671387
 0.00549316
 0.00427246
 0.00305176
 0.00213623
 0.00122070
 0.00000000
-0.00122070
-0.00244141
-0.00366211
-0.00457764
-0.00549316
-0.00610352
-0.00732422
-0.00762939
-0.00793457
-0.00854492
-0.00854492
-0.00854492
-0.00823975
-0.00762939
-0.00732422
-0.00732422
-0.00671387
-0.00671387
-0.00701904
-0.00762939
-0.00823975
-0.00915527
-0.01007080
-0.01098633
-0.01159668
-0.01190186
-0.01251221
-0.01281738
-0.01373291
-0.01525879
-0.01617432
-0.01678467
-0.01708984
-0.01861572
-0.02014160
-0.02166748
-0.02227783
-0.02319336
-0.02441406
-0.02563477
-0.02685547
-0.02777100
-0.02899170
-0.02960205
-0.02929688
-0.02868652
-0.02807617
-0.02838135
-0.02868652
-0.02899170
-0.02960205
-0.02960205
-0.02929688
-0.02929688
-0.02960205
-0.02929688
-0.02868652
-0.02807617
-0.02777100
-0.02746582
-0.02716064
-0.02655029
-0.02563477
-0.02441406
-0.02258301
-0.02136230
-0.02075195
-0.02014160
-0.01953125
-0.01953125
-0.01922607
-0.01861572
-0.01770020
-0.01708984
-0.01647949
-0.01647949
-0.01617432
-0.01556396
-0.01495361
-0.01434326
-0.01342773
-0.01251221
-0.01129150
-0.01037598
-0.00976563
-0.00946045
-0.00885010
-0.00793457
-0.00793457
-0.00793457
-0.00854492
-0.00823975
-0.00823975
-0.00762939
-0.00732422
-0.00671387
-0.00640869
-0.00610352
-0.00518799
-0.00427246
-0.00335693
-0.00244141
-0.00183105
-0.00122070
 0.00000000
 0.00091553
 0.00152588
 0.00183105
 0.00183105
 0.00213623
 0.00274658
 0.00396729
 0.00518799
 0.00671387
 0.00793457
 0.00946045
 0.01098633
 0.01251221
 0.01373291
 0.01495361
 0.01617432
 0.01739502
 0.01861572
 0.01922607
 0.01922607
 0.01892090
 0.01892090
 0.01892090
 0.01922607
 0.01953125
 0.01983643
 0.02014160
 0.02014160
 0.01983643
 0.01953125
 0.01922607
 0.01922607
 0.01922607
 0.01892090
 0.01831055
 0.01739502
 0.01647949
 0.01586914
 0.01556396
 0.01617432
 0.01708984
 0.01708984
 0.01678467
 0.01647949
 0.01647949
 0.01678467
 0.01647949
 0.01586914
 0.01495361
 0.01403809
 0.01281738
 0.01129150
 0.00976563
 0.00915527
 0.00885010
 0.00915527
 0.00915527
 0.00885010
 0.00854492
 0.00793457
 0.00732422
 0.00671387
 0.00579834
 0.00488281
 0.00366211
 0.00213623
 0.00061035
-0.00122070
-0.00244141
-0.00244141
-0.00213623
-0.00152588
-0.00091553
 0.00000000
 0.00091553
 0.00152588
 0.00152588
 0.00183105
 0.00213623
 0.00152588
 0.00061035
-0.00061035
-0.00244141
-0.00427246
-0.00579834
-0.00610352
-0.00640869
-0.00671387
-0.00671387
-0.00671387
-0.00671387
-0.00671387
-0.00732422
-0.00701904
-0.00762939
-0.00854492
-0.00946045
-0.01037598
-0.01098633
-0.01159668
-0.01190186
-0.01190186
-0.01129150
-0.01007080
-0.00823975
-0.00671387
-0.00518799
-0.00396729
-0.00274658
-0.00183105
-0.00122070
-0.00122070
-0.00152588
-0.00213623
-0.00305176
-0.00366211
-0.00396729
-0.00366211
-0.00305176
-0.00244141
-0.00213623
-0.00183105
-0.00213623
-0.00213623
-0.00183105
-0.00152588
-0.00152588
-0.00183105
-0.00244141
-0.00335693
-0.00396729
-0.00427246
-0.00427246
-0.00457764
-0.00427246
-0.00366211
-0.00244141
-0.00122070
 0.00000000
 0.00061035
 0.00122070
 0.00122070
 0.00152588
 0.00122070
 0.00091553
 0.00030518
-0.00030518
-0.00061035
-0.00091553
-0.00061035
 0.00000000
 0.00030518
 0.00091553
 0.00213623
 0.00244141
 0.00244141
 0.00244141
 0.00244141
 0.00213623
 0.00152588
 0.00091553
 0.00030518
-0.00030518
-0.00030518
-0.00030518
 0.00000000
 0.00030518
 0.00152588
 0.00274658
 0.00427246
 0.00579834
 0.00762939
 0.00854492
 0.00885010
 0.00854492
 0.00823975
 0.00823975
 0.00762939
 0.00701904
 0.00579834
 0.00488281
 0.00427246
 0.00396729
 0.00427246
 0.00457764
 0.00427246
 0.00457764
 0.00488281
 0.00488281
 0.00457764
 0.00396729
 0.00274658
 0.00183105
 0.00122070
 0.00091553
 0.00061035
 0.00061035
 0.00061035
 0.00061035
 0.00152588
 0.00335693
 0.00488281
 0.00640869
 0.00793457
 0.00915527
 0.01007080
 0.01037598
 0.01129150
 0.01220703
 0.01220703
 0.01220703
 0.01190186
 0.01098633
 0.01037598
 0.01037598
 0.01068115
 0.01159668
 0.01159668
 0.01129150
 0.01129150
 0.01098633
 0.01037598
 0.00976563
 0.00885010
 0.00762939
 0.00579834
 0.00396729
 0.00213623
 0.00091553
 0.00000000
 0.00000000
 0.00000000
 0.00030518
 0.00061035
 0.00122070
 0.00152588
 0.00152588
 0.00152588
 0.00122070
 0.00061035
-0.00030518
-0.00183105
-0.00366211
-0.00518799
-0.00671387
-0.00823975
-0.00915527
-0.00976563
-0.01037598
-0.01068115
-0.01068115
-0.01037598
-0.01068115
-0.01068115
-0.01129150
-0.01281738
-0.01403809
-0.01556396
-0.01708984
-0.01831055
-0.01892090
-0.01953125
-0.01983643
-0.02014160
-0.01953125
-0.01861572
-0.01708984
-0.01556396
-0.01403809
-0.01281738
-0.01220703
-0.01220703
-0.01220703
-0.01220703
-0.01281738
-0.01373291
-0.01434326
-0.01434326
-0.01403809
-0.01403809
-0.01373291
-0.01312256
-0.01251221
-0.01159668
-0.01007080
-0.00823975
-0.00732422
-0.00701904
-0.00671387
-0.00701904
-0.00732422
-0.00732422
-0.00793457
-0.00885010
-0.00976563
-0.00976563
-0.00915527
-0.00793457
-0.00701904
-0.00640869
-0.00579834
-0.00488281
-0.00396729
-0.00366211
-0.00366211
-0.00366211
-0.00427246
-0.00488281
-0.00549316
-0.00640869
-0.00732422
-0.00793457
-0.00762939
-0.00762939
-0.00701904
-0.00610352
-0.00518799
-0.00427246
-0.00335693
-0.00274658
-0.00183105
-0.00152588
-0.00152588
-0.00183105
-0.00213623
-0.00244141
-0.00244141
-0.00305176
-0.00305176
-0.00274658
-0.00152588
-0.00030518
 0.00091553
 0.00122070
 0.00183105
 0.00305176
 0.00457764
 0.00579834
 0.00610352
 0.00579834
 0.00457764
 0.00396729
 0.00305176
 0.00213623
 0.00122070
 0.00030518
-0.00030518
-0.00030518
 0.00030518
 0.00091553
 0.00152588
 0.00183105
 0.00244141
 0.00305176
 0.00274658
 0.00244141
 0.00213623
 0.00152588
 0.00061035
-0.00061035
-0.00122070
-0.00183105
-0.00213623
-0.00213623
-0.00244141
-0.00183105
-0.00091553
 0.00000000
 0.00091553
 0.00152588
 0.00183105
 0.00213623
 0.00244141
 0.00152588
 0.00061035
 0.00000000
-0.00091553
-0.00122070
-0.00091553
-0.00061035
-0.00030518
 0.00061035
 0.00122070
 0.00244141
 0.00396729
 0.00488281
 0.00549316
 0.00610352
 0.00701904
 0.00762939
 0.00823975
 0.00823975
 0.00793457
 0.00793457
 0.00823975
 0.00885010
 0.00915527
 0.00976563
 0.01068115
 0.01129150
 0.01159668
 0.01159668
 0.01159668
 0.01220703
 0.01190186
 0.01159668
 0.01098633
 0.01037598
 0.01007080
 0.01037598
 0.01037598
 0.01037598
 0.01068115
 0.01098633
 0.01190186
 0.01281738
 0.01312256
 0.01312256
 0.01251221
 0.01220703
 0.01129150
 0.01068115
 0.00976563
 0.00915527
 0.00885010
 0.00885010
 0.00885010
 0.00854492
 0.00854492
 0.00885010
 0.00915527
 0.00946045
 0.00976563
 0.01037598
 0.01068115
 0.01037598
 0.00946045
 0.00823975
 0.00701904
 0.00610352
 0.00549316
 0.00488281
 0.00457764
 0.00427246
 0.00396729
 0.00335693
 0.00305176
 0.00335693
 0.00396729
 0.00427246
 0.00427246
 0.00396729
 0.00366211
 0.00366211
 0.00366211
 0.00366211
 0.00305176
 0.00274658
 0.00244141
 0.00213623
 0.00183105
 0.00213623
 0.00244141
 0.00274658
 0.00244141
 0.00183105
 0.00122070
 0.00061035
-0.00030518
-0.00122070
-0.00244141
-0.00305176
-0.00366211
-0.00396729
-0.00396729
-0.00427246
-0.00427246
-0.00366211
-0.00335693
-0.00335693
-0.00305176
-0.00244141
-0.00183105
-0.00122070
-0.00122070
-0.00152588
-0.00122070
-0.00061035
-0.00061035
-0.00061035
-0.00030518
 0.00030518
 0.00030518
 0.00122070
 0.00274658
 0.00396729
 0.00427246
 0.00457764
 0.00457764
 0.00457764
 0.00427246
 0.00335693
 0.00335693
 0.00244141
 0.00122070
-0.00030518
-0.00152588
-0.00244141
-0.00335693
-0.00396729
-0.00366211
-0.00366211
-0.00366211
-0.00427246
-0.00518799
-0.00549316
-0.00549316
-0.00610352
-0.00671387
-0.00762939
-0.00793457
-0.00823975
-0.00823975
-0.00854492
-0.00885010
-0.00854492
-0.00823975
-0.00762939
-0.00732422
-0.00671387
-0.00640869
-0.00610352
-0.00579834
-0.00579834
-0.00579834
-0.00610352
-0.00671387
-0.00762939
-0.00793457
-0.00793457
-0.00793457
-0.00762939
-0.00793457
-0.00793457
-0.00793457
-0.00823975
-0.00885010
-0.00946045
-0.01068115
-0.01190186
-0.01312256
-0.01464844
-0.01586914
-0.01678467
-0.01739502
-0.01770020
-0.01800537
-0.01831055
-0.01800537
-0.01739502
-0.01678467
-0.01617432
-0.01617432
-0.01647949
-0.01678467
-0.01678467
-0.01739502
-0.01770020
-0.01800537
-0.01800537
-0.01770020
-0.01739502
-0.01678467
-0.01556396
-0.01403809
-0.01281738
-0.01159668
-0.01007080
-0.00793457
-0.00671387
-0.00579834
-0.00518799
-0.00457764
-0.00396729
-0.00335693
-0.00274658
-0.00213623
-0.00152588
-0.00091553
 0.00061035
 0.00213623
 0.00305176
 0.00396729
 0.00518799
 0.00610352
 0.00549316
 0.00488281
 0.00488281
 0.00488281
 0.00427246
 0.00396729
 0.00305176
 0.00244141
 0.00152588
 0.00152588
 0.00091553
 0.00091553
 0.00091553
 0.00061035
 0.00091553
 0.00122070
 0.00122070
 0.00091553
 0.00030518
-0.00030518
-0.00061035
-0.00061035
 0.00000000
 0.00030518
 0.00061035
 0.00122070
 0.00274658
 0.00427246
 0.00579834
 0.00701904
 0.00823975
 0.00946045
 0.01037598
 0.01190186
 0.01220703
 0.01220703
 0.01190186
 0.01190186
 0.01159668
 0.01129150
 0.01129150
 0.01159668
 0.01190186
 0.01220703
 0.01190186
 0.01159668
 0.01159668
 0.01129150
 0.01098633
 0.01037598
 0.00946045
 0.00823975
 0.00701904
 0.00579834
 0.00488281
 0.00366211
 0.00274658
 0.00213623
 0.00213623
 0.00244141
 0.00274658
 0.00274658
 0.00274658
 0.00244141
 0.00305176
 0.00305176
 0.00305176
 0.00274658
 0.00213623
 0.00213623
 0.00122070
 0.00061035
 0.00000000
-0.00030518
-0.00061035
-0.00030518
-0.00030518
-0.00061035
-0.00061035
 0.00030518
 0.00122070
 0.00183105
 0.00152588
 0.00122070
 0.00091553
 0.00061035
 0.00061035
 0.00061035
 0.00091553
 0.00091553
 0.00152588
 0.00213623
 0.00274658
 0.00335693
 0.00366211
 0.00396729
 0.00427246
 0.00457764
 0.00488281
 0.00488281
 0.00457764
 0.00457764
 0.00396729
 0.00335693
 0.00305176
 0.00274658
 0.00274658
 0.00335693
 0.00305176
 0.00274658
 0.00244141
 0.00244141
 0.00274658
 0.00305176
 0.00274658
 0.00244141
 0.00244141
 0.00183105
 0.00122070
 0.00091553
 0.00061035
 0.00061035
 0.00030518
 0.00030518
 0.00000000
 0.00000000
 0.00030518
 0.00091553
 0.00091553
 0.00152588
 0.00183105
 0.00183105
 0.00122070
 0.00061035
 0.00061035
 0.00061035
-0.00061035
-0.00183105
-0.00274658
-0.00305176
-0.00335693
-0.00396729
-0.00457764
-0.00488281
-0.00488281
-0.00457764
-0.00396729
-0.00335693
-0.00335693
-0.00305176
-0.00274658
-0.00244141
-0.00244141
-0.00274658
-0.00305176
-0.00335693
-0.00305176
-0.00274658
-0.00244141
-0.00213623
-0.00183105
-0.00183105
-0.00152588
-0.00122070
-0.00091553
-0.00061035
-0.00061035
-0.00091553
-0.00152588
-0.00213623
-0.00274658
-0.00396729
-0.00396729
-0.00366211
-0.00335693
-0.00305176
-0.00274658
-0.00274658
-0.00274658
-0.00213623
-0.00152588
-0.00122070
-0.00091553
-0.00030518
 0.00030518
 0.00122070
 0.00213623
 0.00274658
 0.00335693
 0.00396729
 0.00427246
 0.00549316
 0.00701904
 0.00823975
 0.00885010
 0.00885010
 0.00915527
 0.00915527
 0.00946045
 0.00946045
 0.00915527
 0.00885010
 0.00854492
 0.00854492
 0.00854492
 0.00854492
 0.00823975
 0.00793457
 0.00762939
 0.00762939
 0.00762939
 0.00762939
 0.00762939
 0.00732422
 0.00762939
 0.00793457
 0.00732422
 0.00671387
 0.00610352
 0.00610352
 0.00640869
 0.00610352
 0.00579834
 0.00579834
 0.00610352
 0.00610352
 0.00579834
 0.00549316
 0.00488281
 0.00457764
 0.00427246
 0.00366211
 0.00305176
 0.00305176
 0.00244141
 0.00152588
 0.00122070
 0.00061035
-0.00030518
-0.00061035
-0.00122070
-0.00122070
-0.00122070
-0.00091553
-0.00091553
-0.00091553
-0.00122070
-0.00152588
-0.00183105
-0.00244141
-0.00244141
-0.00213623
-0.00213623
-0.00213623
-0.00244141
-0.00305176
-0.00335693
-0.00396729
-0.00457764
-0.00579834
-0.00640869
-0.00671387
-0.00762939
-0.00854492
-0.00976563
-0.01098633
-0.01190186
-0.01220703
-0.01342773
-0.01434326
-0.01434326
-0.01434326
-0.01464844
-0.01556396
-0.01647949
-0.01678467
-0.01708984
-0.01708984
-0.01739502
-0.01800537
-0.01922607
-0.01983643
-0.01922607
-0.01861572
-0.01831055
-0.01770020
-0.01678467
-0.01556396
-0.01403809
-0.01281738
-0.01159668
-0.01068115
-0.00946045
-0.00885010
-0.00885010
-0.00885010
-0.00823975
-0.00823975
-0.00854492
-0.00823975
-0.00762939
-0.00732422
-0.00793457
-0.00823975
-0.00793457
-0.00762939
-0.00732422
-0.00671387
-0.00671387
-0.00732422
-0.00762939
-0.00793457
-0.00793457
-0.00854492
-0.00915527
-0.00854492
-0.00793457
-0.00793457
-0.00762939
-0.00701904
-0.00640869
-0.00610352
-0.00549316
-0.00488281
-0.00427246
-0.00366211
-0.00335693
-0.00305176
-0.00335693
-0.00366211
-0.00335693
-0.00274658
-0.00244141
-0.00152588
-0.00091553
 0.00000000
 0.00091553
 0.00213623
 0.00305176
 0.00366211
 0.00396729
 0.00457764
 0.00488281
 0.00518799
 0.00579834
 0.00579834
 0.00579834
 0.00579834
 0.00610352
 0.00671387
 0.00732422
 0.00793457
 0.00854492
 0.00915527
 0.00915527
 0.00976563
 0.01037598
 0.01068115
 0.01098633
 0.01098633
 0.01068115
 0.01007080
 0.01007080
 0.00976563
 0.00915527
 0.00823975
 0.00793457
 0.00732422
 0.00671387
 0.00671387
 0.00671387
 0.00640869
 0.00640869
 0.00640869
 0.00640869
 0.00640869
 0.00640869
 0.00610352
 0.00610352
 0.00671387
 0.00671387
 0.00671387
 0.00671387
 0.00701904
 0.00793457
 0.00823975
 0.00854492
 0.00946045
 0.01068115
 0.01159668
 0.01129150
 0.01098633
 0.01068115
 0.01068115
 0.01037598
 0.01037598
 0.01037598
 0.01007080
 0.01007080
 0.00976563
 0.00915527
 0.00854492
 0.00823975
 0.00762939
 0.00701904
 0.00640869
 0.00610352
 0.00579834
 0.00518799
 0.00427246
 0.00396729
 0.00366211
 0.00335693
 0.00335693
 0.00305176
 0.00335693
 0.00335693
 0.00366211
 0.00366211
 0.00396729
 0.00335693
 0.00366211
 0.00366211
 0.00335693
 0.00244141
 0.00244141
 0.00183105
 0.00122070
 0.00122070
 0.00091553
 0.00122070
 0.00122070
 0.00152588
 0.00152588
 0.00183105
 0.00213623
 0.00213623
 0.00244141
 0.00244141
 0.00213623
 0.00122070
 0.00061035
 0.00000000
-0.00030518
-0.00091553
-0.00183105
-0.00213623
-0.00183105
-0.00183105
-0.00183105
-0.00152588
-0.00122070
-0.00091553
-0.00061035
-0.00030518
-0.00061035
-0.00061035
-0.00091553
-0.00091553
-0.00122070
-0.00152588
-0.00213623
-0.00274658
-0.00244141
-0.00244141
-0.00274658
-0.00274658
-0.00274658
-0.00244141
-0.00244141
-0.00213623
-0.00183105
-0.00152588
-0.00183105
-0.00244141
-0.00244141
-0.00274658
-0.00213623
-0.00152588
-0.00152588
-0.00183105
-0.00183105
-0.00122070
-0.00061035
 0.00000000
 0.00030518
 0.00030518
 0.00030518
 0.00061035
 0.00091553
 0.00091553
 0.00061035
 0.00091553
 0.00152588
 0.00152588
 0.00122070
 0.00091553
 0.00091553
 0.00122070
 0.00122070
 0.00122070
 0.00122070
 0.00091553
 0.00061035
 0.00061035
 0.00091553
 0.00091553
 0.00091553
 0.00122070
 0.00091553
 0.00091553
 0.00122070
 0.00122070
 0.00152588
 0.00152588
 0.00183105
 0.00152588
 0.00152588
 0.00152588
 0.00152588
 0.00122070
 0.00091553
 0.00122070
 0.00122070
 0.00122070
 0.00091553
 0.00030518
-0.00030518
-0.00091553
-0.00122070
-0.00091553
-0.00030518
 0.00030518
 0.00061035
 0.00030518
-0.00030518
-0.00030518
 0.00030518
 0.00061035
 0.00091553
 0.00030518
-0.00030518
-0.00030518
-0.00061035
-0.00091553
-0.00183105
-0.00213623
-0.00213623
-0.00213623
-0.00274658
-0.00274658
-0.00244141
-0.00183105
-0.00122070
-0.00122070
-0.00213623
-0.00274658
-0.00366211
-0.00488281
-0.00579834
-0.00640869
-0.00732422
-0.00793457
-0.00823975
-0.00854492
-0.00885010
-0.00854492
-0.00823975
-0.00762939
-0.00701904
-0.00671387
-0.00701904
-0.00732422
-0.00762939
-0.00793457
-0.00823975
-0.00885010
-0.00915527
-0.00976563
-0.00976563
-0.00976563
-0.00976563
-0.00946045
-0.00915527
-0.00885010
-0.00793457
-0.00732422
-0.00671387
-0.00671387
-0.00671387
-0.00701904
-0.00701904
-0.00732422
-0.00793457
-0.00793457
-0.00793457
-0.00823975
-0.00823975
-0.00793457
-0.00640869
-0.00488281
-0.00396729
-0.00335693
-0.00244141
-0.00183105
-0.00152588
-0.00152588
-0.00122070
-0.00122070
-0.00091553
-0.00122070
-0.00122070
-0.00152588
-0.00183105
-0.00122070
-0.00030518
 0.00061035
 0.00122070
 0.00122070
 0.00122070
 0.00152588
 0.00183105
 0.00152588
 0.00061035
 0.00000000
-0.00030518
-0.00030518
-0.00030518
-0.00030518
 0.00000000
 0.00061035
 0.00122070
 0.00183105
 0.00244141
 0.00366211
 0.00457764
 0.00457764
 0.00488281
 0.00518799
 0.00518799
 0.00518799
 0.00518799
 0.00549316
 0.00579834
 0.00610352
 0.00671387
 0.00701904
 0.00823975
 0.00946045
 0.01007080
 0.01037598
 0.01129150
 0.01190186
 0.01190186
 0.01129150
 0.01068115
 0.01068115
 0.01037598
 0.01007080
 0.00946045
 0.00915527
 0.00885010
 0.00854492
 0.00793457
 0.00762939
 0.00762939
 0.00823975
 0.00823975
 0.00823975
 0.00732422
 0.00671387
 0.00671387
 0.00640869
 0.00640869
 0.00579834
 0.00549316
 0.00488281
 0.00427246
 0.00396729
 0.00396729
 0.00427246
 0.00427246
 0.00366211
 0.00366211
 0.00335693
 0.00305176
 0.00244141
 0.00213623
 0.00213623
 0.00122070
 0.00030518
-0.00091553
-0.00152588
-0.00152588
-0.00183105
-0.00213623
-0.00213623
-0.00183105
-0.00152588
-0.00091553
-0.00122070
-0.00122070
-0.00122070
-0.00122070
-0.00152588
-0.00183105
-0.00244141
-0.00305176
-0.00366211
-0.00396729
-0.00427246
-0.00457764
-0.00488281
-0.00549316
-0.00549316
-0.00518799
-0.00488281
-0.00518799
-0.00549316
-0.00518799
-0.00549316
-0.00671387
-0.00732422
-0.00732422
-0.00762939
-0.00823975
-0.00823975
-0.00793457
-0.00793457
-0.00732422
-0.00701904
-0.00640869
-0.00549316
-0.00488281
-0.00396729
-0.00335693
-0.00274658
-0.00244141
-0.00183105
-0.00122070
-0.00030518
 0.00000000
 0.00030518
 0.00122070
 0.00213623
 0.00274658
 0.00366211
 0.00457764
 0.00457764
 0.00488281
 0.00518799
 0.00549316
 0.00488281
 0.00457764
 0.00396729
 0.00335693
 0.00244141
 0.00183105
 0.00183105
 0.00183105
 0.00183105
 0.00152588
 0.00152588
 0.00183105
 0.00152588
 0.00183105
 0.00213623
 0.00274658
 0.00274658
 0.00274658
 0.00244141
 0.00244141
 0.00274658
 0.00274658
 0.00305176
 0.00366211
 0.00427246
 0.00518799
 0.00610352
 0.00640869
 0.00671387
 0.00732422
 0.00793457
 0.00793457
 0.00793457
 0.00793457
 0.00823975
 0.00823975
 0.00793457
 0.00762939
 0.00701904
 0.00610352
 0.00579834
 0.00610352
 0.00640869
 0.00671387
 0.00671387
 0.00671387
 0.00732422
 0.00762939
 0.00762939
 0.00732422
 0.00640869
 0.00610352
 0.00579834
 0.00549316
 0.00488281
 0.00427246
 0.00335693
 0.00244141
 0.00244141
 0.00274658
 0.00305176
 0.00305176
 0.00274658
 0.00274658
 0.00274658
 0.00305176
 0.00335693
 0.00305176
 0.00244141
 0.00152588
 0.00091553
 0.00061035
 0.00061035
 0.00030518
 0.00030518
 0.00030518
 0.00122070
 0.00152588
 0.00152588
 0.00183105
 0.00244141
 0.00305176
 0.00366211
 0.00335693
 0.00244141
 0.00183105
 0.00183105
 0.00152588
 0.00091553
 0.00030518
 0.00061035
 0.00091553
 0.00091553
 0.00091553
 0.00091553
 0.00061035
 0.00030518
 0.00000000
-0.00091553
-0.00152588
-0.00244141
-0.00335693
-0.00427246
-0.00579834
-0.00762939
-0.00885010
-0.00946045
-0.00946045
-0.00976563
-0.00946045
-0.00976563
-0.00976563
-0.00976563
-0.00976563
-0.01007080
-0.01037598
-0.01068115
-0.01098633
-0.01098633
-0.01129150
-0.01190186
-0.01220703
-0.01251221
-0.01220703
-0.01159668
-0.01129150
-0.01068115
-0.01037598
-0.00976563
-0.00976563
-0.00946045
-0.00946045
-0.00976563
-0.01007080
-0.01098633
-0.01190186
-0.01220703
-0.01190186
-0.01220703
-0.01220703
-0.01190186
-0.01159668
-0.01190186
-0.01220703
-0.01190186
-0.01159668
-0.01159668
-0.01190186
-0.01281738
-0.01312256
-0.01220703
-0.01251221
-0.01281738
-0.01342773
-0.01312256
-0.01251221
-0.01190186
-0.01098633
-0.01037598
-0.01007080
-0.00976563
-0.00915527
-0.00793457
-0.00701904
-0.00640869
-0.00610352
-0.00579834
-0.00549316
-0.00488281
-0.00427246
-0.00396729
-0.00335693
-0.00274658
-0.00183105
-0.00152588
-0.00091553
-0.00091553
-0.00061035
 0.00000000
 0.00061035
 0.00091553
 0.00122070
 0.00091553
 0.00061035
 0.00152588
 0.00274658
 0.00335693
 0.00335693
 0.00396729
 0.00457764
 0.00549316
 0.00610352
 0.00701904
 0.00793457
 0.00823975
 0.00885010
 0.00946045
 0.01007080
 0.01037598
 0.01037598
 0.01098633
 0.01159668
 0.01251221
 0.01312256
 0.01342773
 0.01373291
 0.01434326
 0.01495361
 0.01556396
 0.01556396
 0.01617432
 0.01617432
 0.01617432
 0.01617432
 0.01556396
 0.01556396
 0.01556396
 0.01525879
 0.01464844
 0.01373291
 0.01312256
 0.01281738
 0.01281738
 0.01251221
 0.01251221
 0.01190186
 0.01159668
 0.01129150
 0.01098633
 0.01068115
 0.00946045
 0.00854492
 0.00854492
 0.00885010
 0.00885010
 0.00823975
 0.00793457
 0.00762939
 0.00793457
 0.00823975
 0.00823975
 0.00793457
 0.00762939
 0.00701904
 0.00701904
 0.00701904
 0.00671387
 0.00610352
 0.00549316
 0.00488281
 0.00427246
 0.00427246
 0.00396729
 0.00335693
 0.00305176
 0.00274658
 0.00213623
 0.00152588
 0.00152588
 0.00061035
-0.00030518
-0.00061035
-0.00091553
-0.00152588
-0.00213623
-0.00274658
-0.00305176
-0.00366211
-0.00427246
-0.00457764
-0.00457764
-0.00488281
-0.00518799
-0.00549316
-0.00549316
-0.00579834
-0.00579834
-0.00549316
-0.00579834
-0.00579834
-0.00549316
-0.00518799
-0.00457764
-0.00396729
-0.00396729
-0.00335693
-0.00335693
-0.00335693
-0.00335693
-0.00335693
-0.00335693
-0.00305176
-0.00274658
-0.00244141
-0.00213623
-0.00183105
-0.00183105
-0.00183105
-0.00152588
-0.00122070
-0.00061035
-0.00030518
 0.00030518
 0.00091553
 0.00122070
 0.00122070
 0.00152588
 0.00244141
 0.00274658
 0.00274658
 0.00244141
 0.00213623
 0.00183105
 0.00152588
 0.00091553
 0.00061035
 0.00030518
 0.00030518
-0.00030518
-0.00122070
-0.00152588
-0.00183105
-0.00183105
-0.00244141
-0.00274658
-0.00274658
-0.00244141
-0.00274658
-0.00335693
-0.00396729
-0.00427246
-0.00457764
-0.00427246
-0.00396729
-0.00396729
-0.00335693
-0.00274658
-0.00213623
-0.00152588
-0.00122070
-0.00061035
 0.00030518
 0.00091553
 0.00122070
 0.00152588
 0.00122070
 0.00152588
 0.00183105
 0.00122070
 0.00061035
 0.00030518
 0.00061035
 0.00061035
 0.00030518
 0.00030518
 0.00000000
-0.00030518
-0.00091553
-0.00152588
-0.00213623
-0.00335693
-0.00427246
-0.00518799
-0.00549316
-0.00549316
-0.00579834
-0.00579834
-0.00579834
-0.00579834
-0.00579834
-0.00549316
-0.00518799
-0.00488281
-0.00457764
-0.00396729
-0.00335693
-0.00274658
-0.00244141
-0.00213623
-0.00152588
-0.00152588
-0.00122070
-0.00091553
-0.00091553
-0.00061035
 0.00030518
 0.00091553
 0.00061035
 0.00030518
 0.00000000
 0.00000000
-0.00061035
-0.00091553
-0.00122070
-0.00152588
-0.00183105
-0.00244141
-0.00244141
-0.00274658
-0.00274658
-0.00274658
-0.00305176
-0.00305176
-0.00305176
-0.00274658
-0.00244141
-0.00213623
-0.00183105
-0.00183105
-0.00183105
-0.00152588
-0.00152588
-0.00183105
-0.00183105
-0.00152588
-0.00061035
-0.00030518
 0.00000000
 0.00000000
-0.00030518
-0.00061035
-0.00030518
-0.00030518
-0.00061035
-0.00061035
-0.00091553
-0.00122070
-0.00152588
-0.00183105
-0.00213623
-0.00213623
-0.00244141
-0.00244141
-0.00152588
-0.00061035
-0.00061035
-0.00122070
-0.00122070
-0.00122070
-0.00122070
-0.00122070
-0.00152588
-0.00244141
-0.00274658
-0.00244141
-0.00274658
-0.00274658
-0.00305176
-0.00335693
-0.00366211
-0.00335693
-0.00335693
-0.00396729
-0.00427246
-0.00488281
-0.00488281
-0.00488281
-0.00488281
-0.00518799
-0.00579834
-0.00610352
-0.00640869
-0.00640869
-0.00610352
-0.00640869
-0.00579834
-0.00488281
-0.00427246
-0.00396729
-0.00366211
-0.00335693
-0.00305176
-0.00274658
-0.00213623
-0.00183105
-0.00183105
-0.00152588
-0.00152588
-0.00122070
-0.00061035
 0.00030518
 0.00122070
 0.00183105
 0.00213623
 0.00244141
 0.00305176
 0.00366211
 0.00366211
 0.00335693
 0.00305176
 0.00244141
 0.00244141
 0.00244141
 0.00213623
 0.00183105
 0.00152588
 0.00152588
 0.00183105
 0.00213623
 0.00244141
 0.00274658
 0.00335693
 0.00366211
 0.00366211
 0.00366211
 0.00335693
 0.00366211
 0.00396729
 0.00396729
 0.00366211
 0.00335693
 0.00305176
 0.00366211
 0.00427246
 0.00457764
 0.00488281
 0.00579834
 0.00671387
 0.00701904
 0.00671387
 0.00671387
 0.00701904
 0.00732422
 0.00732422
 0.00762939
 0.00762939
 0.00793457
 0.00793457
 0.00793457
 0.00793457
 0.00762939
 0.00793457
 0.00762939
 0.00732422
 0.00732422
 0.00701904
 0.00732422
 0.00640869
 0.00579834
 0.00549316
 0.00549316
 0.00579834
 0.00518799
 0.00457764
 0.00427246
 0.00396729
 0.00366211
 0.00335693
 0.00305176
 0.00274658
 0.00274658
 0.00213623
 0.00213623
 0.00183105
 0.00122070
 0.00091553
 0.00030518
-0.00030518
-0.00091553
-0.00122070
-0.00122070
-0.00122070
-0.00122070
-0.00122070
-0.00122070
-0.00122070
-0.00152588
-0.00213623
-0.00244141
-0.00244141
-0.00274658
-0.00305176
-0.00366211
-0.00366211
-0.00366211
-0.00366211
-0.00366211
-0.00366211
-0.00335693
-0.00366211
-0.00427246
-0.00457764
-0.00427246
-0.00427246
-0.00427246
-0.00488281
-0.00579834
-0.00579834
-0.00549316
-0.00549316
-0.00549316
-0.00518799
-0.00488281
-0.00457764
-0.00427246
-0.00366211
-0.00305176
-0.00213623
-0.00183105
-0.00122070
-0.00061035
-0.00061035
-0.00030518
 0.00000000
 0.00061035
 0.00152588
 0.00213623
 0.00244141
 0.00274658
 0.00366211
 0.00457764
 0.00549316
 0.00579834
 0.00579834
 0.00610352
 0.00640869
 0.00610352
 0.00549316
 0.00488281
 0.00488281
 0.00488281
 0.00457764
 0.00396729
 0.00335693
 0.00305176
 0.00305176
 0.00274658
 0.00244141
 0.00244141
 0.00274658
 0.00305176
 0.00335693
 0.00305176
 0.00274658
 0.00274658
 0.00213623
 0.00183105
 0.00152588
 0.00122070
 0.00091553
 0.00122070
 0.00152588
 0.00183105
 0.00183105
 0.00213623
 0.00244141
 0.00305176
 0.00305176
 0.00305176
 0.00335693
 0.00335693
 0.00335693
 0.00335693
 0.00305176
 0.00244141
 0.00183105
 0.00213623
 0.00274658
 0.00274658
 0.00305176
 0.00305176
 0.00335693
 0.00305176
 0.00305176
 0.00305176
 0.00305176
 0.00244141
 0.00213623
 0.00213623
 0.00183105
 0.00091553
 0.00030518
 0.00000000
-0.00091553
-0.00152588
-0.00244141
-0.00305176
-0.00305176
-0.00335693
-0.00366211
-0.00396729
-0.00427246
-0.00488281
-0.00518799
-0.00579834
-0.00701904
-0.00732422
-0.00762939
-0.00793457
-0.00823975
-0.00854492
-0.00854492
-0.00854492
-0.00854492
-0.00854492
-0.00854492
-0.00823975
-0.00793457
-0.00701904
-0.00640869
-0.00579834
-0.00579834
-0.00610352
-0.00610352
-0.00610352
-0.00610352
-0.00579834
-0.00518799
-0.00457764
-0.00427246
-0.00457764
-0.00427246
-0.00427246
-0.00427246
-0.00396729
-0.00366211
-0.00396729
-0.00488281
-0.00518799
-0.00518799
-0.00549316
-0.00579834
-0.00610352
-0.00640869
-0.00640869
-0.00640869
-0.00671387
-0.00701904
-0.00640869
-0.00579834
-0.00457764
-0.00457764
-0.00488281
-0.00518799
-0.00518799
-0.00488281
-0.00457764
-0.00427246
-0.00427246
-0.00366211
-0.00366211
-0.00427246
-0.00457764
-0.00366211
-0.00305176
-0.00244141
-0.00183105
-0.00183105
-0.00213623
-0.00244141
-0.00274658
-0.00305176
-0.00396729
-0.00427246
-0.00427246
-0.00457764
-0.00518799
-0.00549316
-0.00518799
-0.00427246
-0.00396729
-0.00366211
-0.00274658
-0.00213623
-0.00152588
-0.00122070
-0.00122070
-0.00091553
-0.00122070
-0.00091553
-0.00091553
-0.00091553
-0.00091553
-0.00091553
-0.00061035
 0.00000000
 0.00061035
 0.00091553
 0.00061035
 0.00061035
 0.00091553
 0.00122070
 0.00122070
 0.00122070
 0.00122070
 0.00122070
 0.00091553
 0.00061035
 0.00030518
 0.00000000
 0.00000000
 0.00000000
 0.00030518
 0.00091553
 0.00091553
 0.00091553
 0.00122070
 0.00152588
 0.00213623
 0.00244141
 0.00274658
 0.00305176
 0.00396729
 0.00427246
 0.00457764
 0.00457764
 0.00457764
 0.00457764
 0.00518799
 0.00579834
 0.00579834
 0.00610352
 0.00610352
 0.00671387
 0.00671387
 0.00671387
 0.00701904
 0.00732422
 0.00762939
 0.00793457
 0.00823975
 0.00793457
 0.00793457
 0.00762939
 0.00793457
 0.00793457
 0.00793457
 0.00762939
 0.00762939
 0.00793457
 0.00823975
 0.00793457
 0.00793457
 0.00762939
 0.00762939
 0.00762939
 0.00762939
 0.00762939
 0.00762939
 0.00762939
 0.00732422
 0.00671387
 0.00671387
 0.00671387
 0.00671387
 0.00701904
 0.00701904
 0.00671387
 0.00671387
 0.00640869
 0.00640869
 0.00640869
 0.00579834
 0.00579834
 0.00549316
 0.00518799
 0.00488281
 0.00488281
 0.00518799
 0.00518799
 0.00518799
 0.00549316
 0.00579834
 0.00549316
 0.00518799
 0.00488281
 0.00396729
 0.00274658
 0.00183105
 0.00122070
 0.00030518
 0.00030518
-0.00030518
-0.00091553
-0.00152588
-0.00213623
-0.00274658
-0.00335693
-0.00366211
-0.00396729
-0.00427246
-0.00518799
-0.00610352
-0.00671387
-0.00732422
-0.00793457
-0.00854492
-0.00915527
-0.00946045
-0.00976563
-0.00946045
-0.00915527
-0.00885010
-0.00885010
-0.00823975
-0.00762939
-0.00701904
-0.00701904
-0.00671387
-0.00640869
-0.00671387
-0.00671387
-0.00640869
-0.00640869
-0.00610352
-0.00579834
-0.00518799
-0.00488281
-0.00396729
-0.00274658
-0.00183105
-0.00183105
-0.00152588
-0.00152588
-0.00122070
-0.00122070
-0.00122070
-0.00122070
-0.00213623
-0.00244141
-0.00244141
-0.00244141
-0.00213623
-0.00183105
-0.00122070
-0.00091553
-0.00061035
-0.00030518
 0.00000000
 0.00061035
 0.00091553
 0.00030518
 0.00061035
 0.00030518
 0.00000000
 0.00000000
 0.00000000
-0.00030518
-0.00061035
-0.00030518
 0.00030518
 0.00091553
 0.00122070
 0.00152588
 0.00183105
 0.00244141
 0.00305176
 0.00305176
 0.00244141
 0.00183105
 0.00213623
 0.00213623
 0.00213623
 0.00244141
 0.00305176
 0.00366211
 0.00427246
 0.00488281
 0.00579834
 0.00640869
 0.00732422
 0.00793457
 0.00854492
 0.00854492
 0.00823975
 0.00793457
 0.00823975
 0.00823975
 0.00762939
 0.00701904
 0.00610352
 0.00579834
 0.00579834
 0.00518799
 0.00457764
 0.00457764
 0.00396729
 0.00305176
 0.00183105
 0.00122070
 0.00091553
 0.00030518
-0.00061035
-0.00152588
-0.00213623
-0.00274658
-0.00305176
-0.00366211
-0.00396729
-0.00396729
-0.00396729
-0.00427246
-0.00457764
-0.00427246
-0.00396729
-0.00427246
-0.00488281
-0.00488281
-0.00518799
-0.00518799
-0.00579834
-0.00579834
-0.00457764
-0.00396729
-0.00366211
-0.00366211
-0.00396729
-0.00366211
-0.00305176
-0.00305176
-0.00305176
-0.00335693
-0.00366211
-0.00396729
-0.00427246
-0.00457764
-0.00518799
-0.00488281
-0.00488281
-0.00488281
-0.00457764
-0.00427246
-0.00427246
-0.00427246
-0.00427246
-0.00427246
-0.00366211
-0.00335693
-0.00366211
-0.00427246
-0.00488281
-0.00518799
-0.00518799
-0.00518799
-0.00579834
-0.00610352
-0.00610352
-0.00579834
-0.00579834
-0.00579834
-0.00579834
-0.00549316
-0.00518799
-0.00518799
-0.00488281
-0.00549316
-0.00579834
-0.00518799
-0.00518799
-0.00549316
-0.00549316
-0.00488281
-0.00427246
-0.00366211
-0.00335693
-0.00274658
-0.00183105
-0.00091553
-0.00061035
-0.00091553
-0.00152588
-0.00213623
-0.00213623
-0.00183105
-0.00122070
-0.00091553
-0.00122070
-0.00122070
-0.00122070
-0.00122070
-0.00152588
-0.00152588
-0.00152588
-0.00152588
-0.00183105
-0.00213623
-0.00274658
-0.00305176
-0.00366211
-0.00366211
-0.00335693
-0.00305176
-0.00305176
-0.00305176
-0.00305176
-0.00305176
-0.00244141
-0.00213623
-0.00183105
-0.00183105
-0.00152588
-0.00122070
-0.00091553
-0.00091553
-0.00122070
-0.00122070
-0.00122070
-0.00091553
-0.00030518
 0.00030518
 0.00030518
 0.00030518
 0.00030518
 0.00061035
 0.00091553
 0.00152588
 0.00183105
 0.00183105
 0.00152588
 0.00152588
 0.00122070
 0.00152588
 0.00152588
 0.00122070
 0.00122070
 0.00122070
 0.00091553
 0.00122070
 0.00152588
 0.00183105
 0.00183105
 0.00183105
 0.00213623
 0.00244141
 0.00274658
 0.00244141
 0.00213623
 0.00274658
 0.00274658
 0.00244141
 0.00274658
 0.00305176
 0.00396729
 0.00396729
 0.00427246
 0.00488281
 0.00518799
 0.00579834
 0.00640869
 0.00671387
 0.00701904
 0.00732422
 0.00823975
 0.00854492
 0.00854492
 0.00823975
 0.00823975
 0.00823975
 0.00793457
 0.00854492
 0.00915527
 0.00946045
 0.00915527
 0.00915527
 0.00915527
 0.00946045
 0.00885010
 0.00854492
 0.00823975
 0.00793457
 0.00793457
 0.00732422
 0.00671387
 0.00579834
 0.00518799
 0.00457764
 0.00396729
 0.00335693
 0.00305176
 0.00274658
 0.00244141
 0.00244141
 0.00213623
 0.00152588
 0.00091553
 0.00061035
 0.00030518
-0.00030518
-0.00061035
-0.00091553
-0.00122070
-0.00152588
-0.00091553
-0.00091553
-0.00122070
-0.00091553
-0.00091553
-0.00122070
-0.00061035
-0.00030518
-0.00030518
-0.00061035
-0.00152588
-0.00213623
-0.00274658
-0.00335693
-0.00335693
-0.00366211
-0.00366211
-0.00366211
-0.00366211
-0.00396729
-0.00427246
-0.00427246
-0.00427246
-0.00427246
-0.00488281
-0.00518799
-0.00579834
-0.00610352
-0.00640869
-0.00640869
-0.00640869
-0.00671387
-0.00640869
-0.00640869
-0.00640869
-0.00610352
-0.00488281
-0.00427246
-0.00396729
-0.00396729
-0.00366211
-0.00274658
-0.00213623
-0.00244141
-0.00274658
-0.00244141
-0.00183105
-0.00183105
-0.00152588
-0.00122070
-0.00061035
 0.00000000
 0.00000000
 0.00061035
 0.00122070
 0.00122070
 0.00122070
 0.00152588
 0.00152588
 0.00091553
 0.00000000
-0.00030518
-0.00061035
 0.00000000
 0.00000000
 0.00000000
 0.00061035
 0.00122070
 0.00152588
 0.00183105
 0.00244141
 0.00305176
 0.00335693
 0.00335693
 0.00335693
 0.00335693
 0.00305176
 0.00274658
 0.00244141
 0.00213623
 0.00183105
 0.00244141
 0.00274658
 0.00305176
 0.00335693
 0.00305176
 0.00305176
 0.00335693
 0.00335693
 0.00305176
 0.00274658
 0.00213623
 0.00183105
 0.00183105
 0.00122070
 0.00030518
-0.00030518
 0.00000000
-0.00030518
 0.00000000
-0.00030518
 0.00000000
 0.00000000
 0.00000000
 0.00000000
 0.00000000
 0.00000000
-0.00061035
-0.00091553
-0.00122070
-0.00183105
-0.00274658
-0.00335693
-0.00366211
-0.00396729
-0.00457764
-0.00457764
-0.00518799
-0.00579834
-0.00579834
-0.00579834
-0.00640869
-0.00671387
-0.00732422
-0.00793457
-0.00793457
-0.00823975
-0.00885010
-0.00976563
-0.01007080
-0.00946045
-0.00885010
-0.00854492
-0.00793457
-0.00793457
-0.00732422
-0.00701904
-0.00732422
-0.00732422
-0.00732422
-0.00701904
-0.00701904
-0.00701904
-0.00732422
-0.00762939
-0.00732422
-0.00671387
-0.00640869
-0.00579834
-0.00579834
-0.00549316
-0.00549316
-0.00549316
-0.00488281
-0.00488281
-0.00488281
-0.00488281
-0.00488281
-0.00579834
-0.00640869
-0.00640869
-0.00579834
-0.00518799
-0.00488281
-0.00427246
-0.00366211
-0.00305176
-0.00274658
-0.00244141
-0.00183105
-0.00091553
-0.00091553
-0.00061035
-0.00030518
 0.00000000
 0.00000000
 0.00000000
-0.00030518
-0.00061035
 0.00000000
 0.00061035
 0.00061035
 0.00122070
 0.00213623
 0.00274658
 0.00335693
 0.00335693
 0.00335693
 0.00366211
 0.00427246
 0.00427246
 0.00427246
 0.00427246
 0.00396729
 0.00396729
 0.00366211
 0.00366211
 0.00396729
 0.00457764
 0.00518799
 0.00579834
 0.00610352
 0.00610352
 0.00671387
 0.00732422
 0.00762939
 0.00732422
 0.00701904
 0.00671387
 0.00640869
 0.00610352
 0.00549316
 0.00518799
 0.00457764
 0.00427246
 0.00396729
 0.00335693
 0.00335693
 0.00366211
 0.00366211
 0.00335693
 0.00244141
 0.00213623
 0.00152588
 0.00091553
 0.00030518
 0.00030518
 0.00000000
-0.00030518
-0.00061035
-0.00061035
-0.00030518
 0.00000000
 0.00030518
 0.00061035
 0.00091553
 0.00122070
 0.00122070
 0.00091553
 0.00061035
 0.00030518
 0.00030518
 0.00000000
 0.00000000
-0.00061035
-0.00061035
-0.00030518
 0.00030518
 0.00122070
 0.00152588
 0.00213623
 0.00274658
 0.00305176
 0.00274658
 0.00274658
 0.00274658
 0.00244141
 0.00244141
 0.00183105
 0.00122070
 0.00091553
 0.00122070
 0.00122070
 0.00152588
 0.00122070
 0.00122070
 0.00213623
 0.00244141
 0.00244141
 0.00244141
 0.00213623
 0.00183105
 0.00091553
 0.00000000
 0.00000000
 0.00030518
 0.00030518
-0.00030518
-0.00091553
-0.00061035
-0.00030518
-0.00061035
-0.00122070
-0.00152588
-0.00091553
 0.00000000
 0.00000000
-0.00091553
-0.00152588
-0.00183105
-0.00122070
-0.00091553
-0.00091553
-0.00061035
-0.00030518
 0.00030518
 0.00152588
 0.00244141
 0.00274658
 0.00305176
 0.00335693
 0.00366211
 0.00366211
 0.00366211
 0.00335693
 0.00305176
 0.00274658
 0.00244141
 0.00213623
 0.00152588
 0.00122070
 0.00091553
 0.00061035
 0.00030518
 0.00030518
 0.00061035
 0.00030518
 0.00000000
-0.00061035
-0.00091553
-0.00091553
-0.00122070
-0.00244141
-0.00335693
-0.00457764
-0.00457764
-0.00427246
-0.00427246
-0.00457764
-0.00488281
-0.00488281
-0.00427246
-0.00427246
-0.00488281
-0.00488281
-0.00427246
-0.00427246
-0.00427246
-0.00457764
-0.00488281
-0.00488281
-0.00427246
-0.00396729
-0.00335693
-0.00244141
-0.00183105
-0.00152588
-0.00152588
-0.00122070
-0.00061035
 0.00000000
 0.00000000
-0.00030518
-0.00030518
-0.00030518
 0.00000000
 0.00000000
 0.00000000
 0.00030518
 0.00030518
 0.00061035
 0.00122070
 0.00183105
 0.00183105
 0.00183105
 0.00152588
 0.00152588
 0.00152588
 0.00152588
 0.00091553
 0.00000000
-0.00061035
-0.00061035
-0.00030518
 0.00000000
-0.00030518
-0.00030518
-0.00030518
 0.00000000
 0.00030518
 0.00030518
 0.00061035
 0.00061035
 0.00030518
 0.00091553
 0.00091553
 0.00122070
 0.00091553
 0.00091553
 0.00122070
 0.00213623
 0.00274658
 0.00305176
 0.00335693
 0.00335693
 0.00396729
 0.00427246
 0.00457764
 0.00457764
 0.00427246
 0.00427246
 0.00396729
 0.00396729
 0.00396729
 0.00366211
 0.00335693
 0.00335693
 0.00335693
 0.00335693
 0.00274658
 0.00213623
 0.00213623
 0.00152588
 0.00091553
 0.00030518
-0.00030518
-0.00061035
-0.00152588
-0.00244141
-0.00274658
-0.00274658
-0.00305176
-0.00366211
-0.00366211
-0.00366211
-0.00366211
-0.00396729
-0.00396729
-0.00427246
-0.00457764
-0.00518799
-0.00549316
-0.00579834
-0.00579834
-0.00579834
-0.00579834
-0.00549316
-0.00549316
-0.00579834
-0.00610352
-0.00579834
-0.00518799
-0.00518799
-0.00488281
-0.00457764
-0.00488281
-0.00488281
-0.00518799
-0.00549316
-0.00549316
-0.00549316
-0.00488281
-0.00488281
-0.00549316
-0.00549316
-0.00549316
-0.00610352
-0.00610352
-0.00610352
-0.00549316
-0.00549316
-0.00549316
-0.00610352
-0.00610352
-0.00610352
-0.00610352
-0.00610352
-0.00640869
-0.00640869
-0.00671387
-0.00640869
-0.00610352
-0.00518799
-0.00488281
-0.00427246
-0.00427246
-0.00427246
-0.00335693
-0.00335693
-0.00366211
-0.00335693
-0.00274658
-0.00244141
-0.00213623
-0.00152588
-0.00122070
-0.00122070
-0.00061035
 0.00000000
 0.00030518
 0.00091553
 0.00183105
 0.00244141
 0.00305176
 0.00366211
 0.00457764
 0.00488281
 0.00518799
 0.00579834
 0.00640869
 0.00671387
 0.00671387
 0.00640869
 0.00640869
 0.00671387
 0.00732422
 0.00762939
 0.00762939
 0.00732422
 0.00762939
 0.00793457
 0.00762939
 0.00732422
 0.00701904
 0.00671387
 0.00640869
 0.00610352
 0.00518799
 0.00457764
 0.00427246
 0.00396729
 0.00396729
 0.00396729
 0.00366211
 0.00366211
 0.00396729
 0.00396729
 0.00366211
 0.00335693
 0.00305176
 0.00305176
 0.00305176
 0.00305176
 0.00274658
 0.00152588
 0.00061035
 0.00091553
 0.00091553
 0.00061035
 0.00030518
 0.00030518
 0.00030518
 0.00061035
 0.00091553
 0.00091553
 0.00091553
 0.00091553
 0.00091553
 0.00122070
 0.00091553
 0.00061035
 0.00061035
 0.00061035
 0.00061035
 0.00061035
 0.00061035
 0.00061035
 0.00061035
 0.00091553
 0.00091553
 0.00091553
 0.00122070
 0.00091553
 0.00091553
 0.00091553
 0.00030518
-0.00061035
-0.00122070
-0.00183105
-0.00183105
-0.00213623
-0.00244141
-0.00274658
-0.00335693
-0.00366211
-0.00335693
-0.00366211
-0.00427246
-0.00427246
-0.00488281
-0.00457764
-0.00396729
-0.00427246
-0.00457764
-0.00457764
-0.00488281
-0.00457764
-0.00396729
-0.00335693
-0.00244141
-0.00183105
-0.00152588
-0.00122070
-0.00122070
-0.00091553
-0.00030518
 0.00000000
 0.00061035
 0.00122070
 0.00152588
 0.00152588
 0.00122070
 0.00183105
 0.00244141
 0.00244141
 0.00244141
 0.00244141
 0.00244141
 0.00244141
 0.00305176
 0.00335693
 0.00305176
 0.00244141
 0.00213623
 0.00213623
 0.00244141
 0.00274658
 0.00274658
 0.00244141
 0.00213623
 0.00183105
 0.00152588
 0.00152588
 0.00152588
 0.00122070
 0.00091553
 0.00091553
 0.00122070
 0.00152588
 0.00152588
 0.00122070
 0.00061035
 0.00030518
 0.00000000
 0.00000000
 0.00000000
-0.00030518
-0.00061035
-0.00091553
-0.00122070
-0.00122070
-0.00152588
-0.00122070
-0.00061035
-0.00061035
-0.00061035
-0.00091553
-0.00091553
-0.00091553
-0.00091553
-0.00091553
-0.00061035
-0.00030518
-0.00091553
-0.00122070
-0.00122070
-0.00122070
-0.00122070
-0.00091553
-0.00061035
-0.00030518
 0.00000000
 0.00000000
 0.00000000
 0.00000000
-0.00030518
-0.00030518
-0.00061035
-0.00122070
-0.00152588
-0.00213623
-0.00274658
-0.00305176
-0.00305176
-0.00305176
-0.00244141
-0.00213623
-0.00152588
-0.00122070
-0.00091553
-0.00091553
-0.00091553
-0.00030518
-0.00030518
-0.00061035
-0.00030518
-0.00030518
-0.00030518
-0.00061035
-0.00061035
 0.00000000
 0.00061035
 0.00091553
 0.00122070
 0.00152588
 0.00213623
 0.00274658
 0.00274658
 0.00183105
 0.00152588
 0.00152588
 0.00122070
 0.00030518
 0.00000000
-0.00061035
-0.00061035
-0.00091553
-0.00091553
-0.00091553
-0.00091553
-0.00061035
-0.00061035
-0.00030518
-0.00061035
-0.00091553
-0.00122070
-0.00122070
-0.00152588
-0.00183105
-0.00183105
-0.00152588
-0.00122070
-0.00122070
-0.00122070
-0.00061035
 0.00000000
 0.00030518
 0.00061035
 0.00091553
 0.00091553
 0.00030518
 0.00000000
-0.00030518
-0.00122070
-0.00122070
-0.00183105
-0.00244141
-0.00305176
-0.00335693
-0.00335693
-0.00335693
-0.00305176
-0.00244141
-0.00183105
-0.00122070
-0.00091553
-0.00152588
-0.00213623
-0.00274658
-0.00335693
-0.00366211
-0.00457764
-0.00518799
-0.00518799
-0.00518799
-0.00518799
-0.00518799
-0.00518799
-0.00488281
-0.00488281
-0.00427246
-0.00427246
-0.00427246
-0.00427246
-0.00427246
-0.00427246
-0.00457764
-0.00549316
-0.00579834
-0.00549316
-0.00549316
-0.00518799
-0.00488281
-0.00457764
-0.00396729
-0.00305176
-0.00244141
-0.00213623
-0.00183105
-0.00152588
-0.00122070
-0.00122070
-0.00152588
-0.00152588
-0.00213623
-0.00244141
-0.00274658
-0.00213623
-0.00152588
-0.00122070
-0.00061035
 0.00000000
 0.00061035
 0.00152588
 0.00183105
 0.00213623
 0.00244141
 0.00274658
 0.00305176
 0.00244141
 0.00244141
 0.00274658
 0.00305176
 0.00335693
 0.00366211
 0.00427246
 0.00518799
 0.00610352
 0.00671387
 0.00671387
 0.00701904
 0.00732422
 0.00732422
 0.00701904
 0.00671387
 0.00671387
 0.00671387
 0.00610352
 0.00579834
 0.00579834
 0.00579834
 0.00671387
 0.00701904
 0.00640869
 0.00610352
 0.00579834
 0.00610352
 0.00579834
 0.00549316
 0.00488281
 0.00427246
 0.00366211
 0.00335693
 0.00305176
 0.00274658
 0.00213623
 0.00183105
 0.00183105
 0.00244141
 0.00274658
 0.00274658
 0.00244141
 0.00244141
 0.00305176
 0.00305176
 0.00274658
 0.00213623
 0.00152588
 0.00091553
 0.00061035
 0.00091553
 0.00061035
 0.00061035
 0.00030518
 0.00030518
 0.00061035
 0.00152588
 0.00183105
 0.00152588
 0.00091553
 0.00030518
 0.00000000
 0.00000000
-0.00061035
-0.00183105
-0.00274658
-0.00335693
-0.00366211
-0.00366211
-0.00335693
-0.00335693
-0.00335693
-0.00396729
-0.00396729
-0.00335693
-0.00305176
-0.00335693
-0.00396729
-0.00457764
-0.00488281
-0.00579834
-0.00640869
-0.00671387
-0.00640869
-0.00579834
-0.00579834
-0.00579834
-0.00488281
-0.00366211
-0.00305176
-0.00213623
-0.00183105
-0.00183105
-0.00152588
-0.00183105
-0.00274658
-0.00335693
-0.00335693
-0.00274658
-0.00274658
-0.00274658
-0.00274658
-0.00244141
-0.00183105
-0.00091553
 0.00000000
 0.00061035
 0.00061035
 0.00030518
 0.00030518
 0.00030518
 0.00030518
 0.00000000
 0.00000000
 0.00000000
 0.00030518
 0.00061035
 0.00122070
 0.00122070
 0.00183105
 0.00244141
 0.00335693
 0.00427246
 0.00457764
 0.00457764
 0.00457764
 0.00427246
 0.00396729
 0.00366211
 0.00274658
 0.00213623
 0.00213623
 0.00244141
 0.00274658
 0.00305176
 0.00335693
 0.00366211
 0.00427246
 0.00488281
 0.00488281
 0.00518799
 0.00488281
 0.00457764
 0.00427246
 0.00335693
 0.00335693
 0.00274658
 0.00244141
 0.00183105
 0.00152588
 0.00152588
 0.00152588
 0.00183105
 0.00183105
 0.00213623
 0.00244141
 0.00213623
 0.00183105
 0.00122070
 0.00061035
 0.00000000
-0.00061035
-0.00122070
-0.00152588
-0.00213623
-0.00213623
-0.00274658
-0.00274658
-0.00244141
-0.00213623
-0.00152588
-0.00183105
-0.00213623
-0.00213623
-0.00213623
-0.00244141
-0.00244141
-0.00244141
-0.00244141
-0.00244141
-0.00213623
-0.00152588
-0.00152588
-0.00183105
-0.00122070
-0.00030518
 0.00000000
 0.00030518
 0.00061035
 0.00030518
 0.00000000
-0.00061035
-0.00091553
-0.00122070
-0.00152588
-0.00213623
-0.00274658
-0.00305176
-0.00305176
-0.00274658
-0.00274658
-0.00305176
-0.00305176
-0.00305176
-0.00305176
-0.00305176
-0.00366211
-0.00366211
-0.00366211
-0.00366211
-0.00366211
-0.00396729
-0.00427246
-0.00427246
-0.00396729
-0.00366211
-0.00366211
-0.00335693
-0.00244141
-0.00183105
-0.00152588
-0.00152588
-0.00183105
-0.00122070
-0.00091553
-0.00091553
-0.00091553
-0.00091553
-0.00091553
-0.00030518
-0.00061035
-0.00091553
-0.00061035
 0.00000000
 0.00061035
 0.00122070
 0.00091553
 0.00061035
 0.00061035
 0.00061035
 0.00000000
-0.00030518
 0.00000000
-0.00030518
 0.00000000
 0.00000000
-0.00061035
-0.00091553
-0.00091553
-0.00061035
 0.00000000
 0.00030518
 0.00030518
 0.00000000
 0.00000000
-0.00030518
-0.00061035
-0.00061035
-0.00152588
-0.00213623
-0.00244141
-0.00183105
-0.00183105
-0.00213623
-0.00183105
-0.00183105
-0.00183105
-0.00183105
-0.00152588
-0.00152588
-0.00091553
-0.00030518
-0.00030518
-0.00061035
-0.00122070
-0.00122070
-0.00122070
-0.00122070
-0.00152588
-0.00183105
-0.00091553
-0.00061035
-0.00061035
-0.00091553
-0.00091553
-0.00061035
-0.00091553
-0.00122070
-0.00122070
-0.00091553
-0.00091553
-0.00061035
-0.00061035
-0.00091553
-0.00061035
 0.00000000
 0.00030518
 0.00061035
 0.00061035
 0.00091553
 0.00122070
 0.00122070
 0.00122070
 0.00183105
 0.00183105
 0.00183105
 0.00213623
 0.00183105
 0.00183105
 0.00183105
 0.00213623
 0.00274658
 0.00335693
 0.00335693
 0.00335693
 0.00335693
 0.00366211
 0.00366211
 0.00305176
 0.00274658
 0.00305176
 0.00335693
 0.00305176
 0.00244141
 0.00244141
 0.00274658
 0.00366211
 0.00396729
 0.00396729
 0.00366211
 0.00427246
 0.00488281
 0.00518799
 0.00518799
 0.00518799
 0.00518799
 0.00518799
 0.00488281
 0.00488281
 0.00427246
 0.00396729
 0.00396729
 0.00396729
 0.00396729
 0.00366211
 0.00335693
 0.00335693
 0.00366211
 0.00366211
 0.00305176
 0.00213623
 0.00183105
 0.00183105
 0.00152588
 0.00122070
 0.00091553
 0.00061035
 0.00030518
-0.00030518
-0.00091553
-0.00122070
-0.00091553
-0.00061035
 0.00000000
-0.00030518
-0.00061035
-0.00122070
-0.00152588
-0.00183105
-0.00213623
-0.00213623
-0.00244141
-0.00274658
-0.00305176
-0.00305176
-0.00335693
-0.00396729
-0.00427246
-0.00427246
-0.00427246
-0.00396729
-0.00427246
-0.00457764
-0.00457764
-0.00488281
-0.00518799
-0.00518799
-0.00457764
-0.00457764
-0.00457764
-0.00457764
-0.00427246
-0.00396729
-0.00366211
-0.00305176
-0.00335693
-0.00335693
-0.00305176
-0.00213623
-0.00183105
-0.00213623
-0.00244141
-0.00244141
-0.00244141
-0.00305176
-0.00305176
-0.00305176
-0.00274658
-0.00244141
-0.00274658
-0.00274658
-0.00244141
-0.00213623
-0.00213623
-0.00183105
-0.00152588
-0.00152588
-0.00183105
-0.00213623
-0.00183105
-0.00152588
-0.00152588
-0.00152588
-0.00152588
-0.00091553
-0.00030518
 0.00030518
 0.00030518
 0.00061035
 0.00122070
 0.00152588
 0.00183105
 0.00244141
 0.00274658
 0.00274658
 0.00305176
 0.00335693
 0.00396729
 0.00427246
 0.00457764
 0.00488281
 0.00518799
 0.00518799
 0.00518799
 0.00518799
 0.00549316
 0.00579834
 0.00579834
 0.00610352
 0.00610352
 0.00579834
 0.00549316
 0.00518799
 0.00457764
 0.00427246
 0.00427246
 0.00427246
 0.00396729
 0.00366211
 0.00335693
 0.00305176
 0.00274658
 0.00244141
 0.00213623
 0.00152588
