 0.00061035
 0.00061035
 0.00061035
 0.00061035
 0.00030518
 0.00030518
 0.00061035
 0.00091553
 0.00091553
 0.00091553
 0.00030518
-0.00030518
-0.00030518
 0.00030518
 0.00091553
 0.00152588
 0.00183105
 0.00152588
 0.00152588
 0.00152588
 0.00152588
 0.00183105
 0.00183105
 0.00152588
 0.00091553
 0.00030518
 0.00000000
 0.00000000
 0.00000000
-0.00030518
 0.00000000
 0.00030518
 0.00030518
 0.00000000
-0.00030518
 0.00000000
 0.00000000
-0.00030518
-0.00061035
-0.00061035
-0.00091553
-0.00091553
-0.00091553
-0.00091553
-0.00061035
-0.00061035
-0.00030518
 0.00000000
 0.00030518
 0.00061035
 0.00091553
 0.00091553
 0.00061035
 0.00061035
 0.00030518
 0.00030518
 0.00030518
 0.00000000
 0.00000000
-0.00030518
-0.00061035
-0.00091553
-0.00152588
-0.00152588
-0.00122070
-0.00152588
-0.00152588
-0.00152588
-0.00152588
-0.00152588
-0.00183105
-0.00213623
-0.00183105
-0.00183105
-0.00213623
-0.00213623
-0.00213623
-0.00213623
-0.00244141
-0.00244141
-0.00244141
-0.00213623
-0.00213623
-0.00213623
-0.00274658
-0.00305176
-0.00061035
-0.00030518
-0.00030518
 0.00030518
 0.00061035
 0.00091553
 0.00152588
 0.00213623
 0.00335693
 0.00579834
 0.01159668
 0.02288818
 0.04119873
 0.06591797
 0.09307861
 0.11535645
 0.12268066
 0.10528564
 0.06713867
 0.02777100
 0.00488281
 0.00549316
 0.03631592
 0.10314941
 0.19775391
 0.31341553
 0.33843994
 0.27770996
 0.09399414
-0.11840820
-0.27069092
-0.34667969
-0.34118652
-0.30090332
-0.23773193
-0.13702393
-0.01251221
 0.10345459
 0.18707275
 0.25512695
 0.31250000
 0.33996582
 0.32257080
 0.23742676
 0.09155273
-0.08880615
-0.27069092
-0.40985107
-0.46386719
-0.45104980
-0.39337158
-0.31097412
-0.18310547
 0.01464844
 0.23986816
 0.42755127
 0.43426514
 0.33843994
 0.23040771
 0.11352539
 0.04699707
 0.00183105
-0.05859375
-0.16174316
-0.27191162
-0.33233643
-0.32012939
-0.28533936
-0.22796631
-0.12725830
-0.01464844
 0.07263184
 0.14801025
 0.23803711
 0.31677246
 0.30914307
 0.16815186
-0.02655029
-0.20477295
-0.33905029
-0.38513184
-0.34545898
-0.28961182
-0.22949219
-0.15502930
-0.07354736
-0.00091553
 0.06835938
 0.13031006
 0.16204834
 0.12542725
 0.05065918
 0.00671387
-0.02471924
-0.11108398
-0.25115967
-0.36437988
-0.40527344
-0.36865234
-0.30487061
-0.20050049
-0.05523682
 0.07690430
 0.16418457
 0.21026611
 0.22644043
 0.19866943
 0.14739990
 0.09552002
 0.01129150
-0.10864258
-0.18615723
-0.18951416
-0.15625000
-0.11932373
-0.07873535
-0.02807617
 0.02258301
 0.06744385
 0.11291504
 0.17089844
 0.24566650
 0.36010742
 0.42175293
 0.39947510
 0.27343750
 0.02197266
-0.25726318
-0.46356201
-0.51574707
-0.40588379
-0.18768311
 0.03143311
 0.15899658
 0.15594482
 0.04455566
-0.12084961
-0.20111084
-0.13885498
 0.04150391
 0.33599854
 0.59448242
 0.70068359
 0.61889648
 0.41748047
 0.23681641
 0.06378174
 0.00213623
-0.00579834
-0.00793457
-0.02197266
-0.05126953
-0.08697510
-0.09307861
-0.04486084
 0.06378174
 0.23193359
 0.43304443
 0.52673340
 0.53527832
 0.49987793
 0.47973633
 0.50781250
 0.56121826
 0.57586670
 0.50201416
 0.33691406
 0.15136719
 0.01312256
-0.07873535
-0.12969971
-0.13183594
-0.08300781
-0.00366211
 0.06652832
 0.10223389
 0.10833740
 0.09216309
 0.06988525
 0.03936768
-0.03082275
-0.14251709
-0.25360107
-0.35003662
-0.41748047
-0.45837402
-0.45410156
-0.37597656
-0.26428223
-0.10131836
 0.05187988
 0.15411377
 0.19378662
 0.16876221
 0.09002686
 0.00000000
-0.08239746
-0.17120361
-0.26031494
-0.33325195
-0.37109375
-0.36651611
-0.32318115
-0.25939941
-0.18615723
-0.13061523
-0.09552002
-0.06591797
-0.02288818
 0.04364014
 0.12115479
 0.18768311
 0.22155762
 0.19409180
 0.10833740
 0.00854492
-0.07995605
-0.16204834
-0.21972656
-0.23162842
-0.19622803
-0.12054443
-0.01953125
 0.08178711
 0.16418457
 0.22186279
 0.25665283
 0.25787354
 0.22003174
 0.16510010
 0.09979248
 0.00396729
-0.11352539
-0.21118164
-0.26550293
-0.28564453
-0.28778076
-0.28076172
-0.26367188
-0.23437500
-0.19042969
-0.13153076
-0.06011963
 0.01556396
 0.07843018
 0.11077881
 0.08361816
-0.00762939
-0.11413574
-0.19775391
-0.26916504
-0.33905029
-0.38482666
-0.40496826
-0.39581299
-0.36712646
-0.33294678
-0.30151367
-0.25878906
-0.20446777
-0.13305664
-0.03936768
 0.06652832
 0.16052246
 0.22460938
 0.24261475
 0.20202637
 0.12817383
 0.07171631
 0.04333496
 0.03417969
 0.04730225
 0.08850098
 0.15655518
 0.24291992
 0.35278320
 0.39001465
 0.38269043
 0.35034180
 0.31555176
 0.26641846
 0.19897461
 0.10803223
 0.02166748
-0.02563477
-0.02929688
 0.00030518
 0.05126953
 0.10986328
 0.15747070
 0.18005371
 0.15594482
 0.09277344
 0.02990723
-0.02075195
-0.07690430
-0.14404297
-0.20965576
-0.25573730
-0.27526855
-0.27130127
-0.25115967
-0.22003174
-0.18249512
-0.14099121
-0.09887695
-0.05767822
-0.02044678
 0.00823975
 0.02288818
 0.02258301
 0.01190186
-0.01129150
-0.05432129
-0.11077881
-0.15625000
-0.17456055
-0.16021729
-0.11199951
-0.02655029
 0.08911133
 0.21392822
 0.34698486
 0.39459229
 0.38482666
 0.33996582
 0.23498535
 0.09399414
-0.00915527
-0.07843018
-0.10742188
-0.09399414
-0.04516602
 0.03051758
 0.12115479
 0.21667480
 0.30364990
 0.36315918
 0.40252686
 0.41809082
 0.41137695
 0.37536621
 0.30517578
 0.21118164
 0.10711670
 0.00518799
-0.08178711
-0.14984131
-0.19622803
-0.21759033
-0.21148682
-0.18096924
-0.13427734
-0.08087158
-0.03143311
 0.00274658
 0.00000000
-0.04882813
-0.11779785
-0.18035889
-0.23803711
-0.29357910
-0.33691406
-0.36071777
-0.36224365
-0.34088135
-0.30731201
-0.25848389
-0.19683838
-0.12939453
-0.06622314
-0.01647949
 0.01251221
 0.00762939
-0.02227783
-0.05187988
-0.07904053
-0.11352539
-0.15747070
-0.20446777
-0.24383545
-0.26519775
-0.26031494
-0.22888184
-0.17333984
-0.10009766
-0.02075195
 0.04455566
 0.07995605
 0.06500244
-0.00183105
-0.07446289
-0.11810303
-0.14099121
-0.14923096
-0.14282227
-0.12359619
-0.09307861
-0.05462646
-0.01220703
 0.03143311
 0.07171631
 0.10498047
 0.12847900
 0.14526367
 0.15960693
 0.16998291
 0.17089844
 0.15930176
 0.13854980
 0.11627197
 0.09857178
 0.08972168
 0.09307861
 0.11077881
 0.14129639
 0.17944336
 0.21850586
 0.24688721
 0.24627686
 0.20690918
 0.14312744
 0.07415771
 0.00823975
-0.04791260
-0.08697510
-0.10620117
-0.10894775
-0.09796143
-0.07659912
-0.04425049
-0.00335693
 0.04211426
 0.08544922
 0.11779785
 0.12786865
 0.11413574
 0.08850098
 0.05828857
 0.02227783
-0.01678467
-0.05065918
-0.07171631
-0.07537842
-0.05920410
-0.02288818
 0.03143311
 0.10070801
 0.17974854
 0.25848389
 0.32196045
 0.35308838
 0.35400391
 0.32775879
 0.28015137
 0.23040771
 0.19256592
 0.16510010
 0.15197754
 0.15441895
 0.17181396
 0.20050049
 0.23742676
 0.27862549
 0.31738281
 0.34088135
 0.34545898
 0.32684326
 0.28442383
 0.23986816
 0.19195557
 0.14282227
 0.09613037
 0.05615234
 0.02746582
 0.01434326
 0.01861572
 0.03936768
 0.07263184
 0.11169434
 0.14770508
 0.16784668
 0.15869141
 0.11993408
 0.06317139
-0.00610352
-0.08514404
-0.16387939
-0.22888184
-0.27099609
-0.28656006
-0.27648926
-0.24353027
-0.19348145
-0.13183594
-0.06805420
-0.01159668
 0.02960205
 0.04150391
 0.01068115
-0.04272461
-0.09521484
-0.14617920
-0.19958496
-0.24871826
-0.28594971
-0.30578613
-0.30456543
-0.28076172
-0.23620605
-0.17364502
-0.09796143
-0.02044678
 0.04486084
 0.09002686
 0.10192871
 0.06469727
 0.00030518
-0.06103516
-0.11474609
-0.16113281
-0.18981934
-0.19226074
-0.16998291
-0.12878418
-0.07507324
-0.01617432
 0.03997803
 0.08666992
 0.11352539
 0.10711670
 0.07415771
 0.03356934
-0.01068115
-0.06561279
-0.12786865
-0.18859863
-0.24047852
-0.27923584
-0.30120850
-0.30364990
-0.28594971
-0.25207520
-0.20599365
-0.15411377
-0.10375977
-0.06347656
-0.04760742
-0.07232666
-0.12512207
-0.18280029
-0.23925781
-0.29235840
-0.33416748
-0.34576416
-0.32623291
-0.28900146
-0.23132324
-0.16113281
-0.08789063
-0.02319336
 0.02807617
 0.06164551
 0.06286621
 0.03417969
-0.00213623
-0.03753662
-0.07720947
-0.11688232
-0.14739990
-0.16143799
-0.15594482
-0.13153076
-0.09002686
-0.03509521
 0.02990723
 0.09826660
 0.16265869
 0.21606445
 0.25115967
 0.25207520
 0.22308350
 0.18646240
 0.15045166
 0.11199951
 0.07751465
 0.05737305
 0.05706787
 0.07720947
 0.11413574
 0.16113281
 0.21209717
 0.26000977
 0.29510498
 0.30487061
 0.28656006
 0.25177002
 0.20599365
 0.14831543
 0.08270264
 0.01861572
-0.03448486
-0.07080078
-0.08850098
-0.08697510
-0.06835938
-0.03509521
 0.00732422
 0.05432129
 0.09887695
 0.13366699
 0.14678955
 0.13244629
 0.09826660
 0.05340576
 0.00061035
-0.05737305
-0.11016846
-0.14770508
-0.16418457
-0.15838623
-0.13214111
-0.09094238
-0.04058838
 0.01190186
 0.05920410
 0.09277344
 0.09918213
 0.07843018
 0.04699707
 0.01251221
-0.02960205
-0.07629395
-0.11566162
-0.13885498
-0.14282227
-0.12573242
-0.08972168
-0.03753662
 0.02624512
 0.09582520
 0.16143799
 0.21545410
 0.24688721
 0.23498535
 0.18432617
 0.12359619
 0.06469727
 0.00183105
-0.05889893
-0.10498047
-0.13061523
-0.13397217
-0.11810303
-0.08697510
-0.04577637
-0.00122070
 0.03906250
 0.06652832
 0.07110596
 0.05523682
 0.03173828
 0.00488281
-0.02685547
-0.06225586
-0.09674072
-0.12481689
-0.14190674
-0.14556885
-0.13488770
-0.11077881
-0.07568359
-0.03387451
 0.01068115
 0.05096436
 0.07843018
 0.08148193
 0.06072998
 0.02777100
-0.01037598
-0.05249023
-0.09155273
-0.11962891
-0.13153076
-0.12481689
-0.10040283
-0.06103516
-0.01129150
 0.04302979
 0.09643555
 0.14190674
 0.16784668
 0.16143799
 0.13214111
 0.09826660
 0.06378174
 0.02685547
-0.00823975
-0.03417969
-0.04608154
-0.04241943
-0.02319336
 0.00885010
 0.05004883
 0.09552002
 0.14038086
 0.17700195
 0.19561768
 0.19134521
 0.16998291
 0.13946533
 0.10192871
 0.05798340
 0.01525879
-0.01983643
-0.04241943
-0.04882813
-0.03753662
-0.01098633
 0.02807617
 0.07293701
 0.11749268
 0.15350342
 0.16906738
 0.15808105
 0.12969971
 0.09613037
 0.05828857
 0.01556396
-0.02532959
-0.05920410
-0.08239746
-0.09246826
-0.08819580
-0.06958008
-0.03906250
 0.00000000
 0.04364014
 0.08514404
 0.11718750
 0.12878418
 0.11535645
 0.08544922
 0.04760742
 0.00396729
-0.04211426
-0.08300781
-0.11230469
-0.12664795
-0.12451172
-0.10589600
-0.07385254
-0.03265381
 0.01220703
 0.05493164
 0.08666992
 0.09643555
 0.08331299
 0.05828857
 0.02899170
-0.00396729
-0.03936768
-0.07141113
-0.09429932
-0.10528564
-0.10253906
-0.08605957
-0.05737305
-0.02014160
 0.02105713
 0.06134033
 0.09460449
 0.11230469
 0.10986328
 0.09124756
 0.06256104
 0.02624512
-0.01495361
-0.05401611
-0.08392334
-0.10040283
-0.10162354
-0.08850098
-0.06195068
-0.02593994
 0.01495361
 0.05432129
 0.08331299
 0.09094238
 0.07537842
 0.04638672
 0.01373291
-0.02105713
-0.05615234
-0.08605957
-0.10650635
-0.11566162
-0.11199951
-0.09582520
-0.06866455
-0.03234863
 0.00915527
 0.05187988
 0.08911133
 0.11230469
 0.11352539
 0.09490967
 0.06439209
 0.02532959
-0.01892090
-0.06286621
-0.09918213
-0.12207031
-0.12878418
-0.11962891
-0.09674072
-0.06347656
-0.02441406
 0.01464844
 0.04638672
 0.06317139
 0.06042480
 0.04241943
 0.01586914
-0.01464844
-0.04638672
-0.07507324
-0.09735107
-0.11047363
-0.11260986
-0.10223389
-0.08056641
-0.04913330
-0.01068115
 0.03082275
 0.06958008
 0.09857178
 0.10833740
 0.09765625
 0.07324219
 0.04150391
 0.00488281
-0.03326416
-0.06622314
-0.08911133
-0.09857178
-0.09277344
-0.07354736
-0.04272461
-0.00457764
 0.03570557
 0.07232666
 0.09674072
 0.10101318
 0.08605957
 0.05920410
 0.02655029
-0.01037598
-0.04821777
-0.08117676
-0.10467529
-0.11657715
-0.11535645
-0.10223389
-0.07904053
-0.04913330
-0.01617432
 0.01525879
 0.03906250
 0.04943848
 0.04364014
 0.02410889
-0.00549316
-0.03997803
-0.07537842
-0.10681152
-0.12908936
-0.13916016
-0.13519287
-0.11779785
-0.08911133
-0.05249023
-0.01251221
 0.02532959
 0.05340576
 0.06347656
 0.05401611
 0.03295898
 0.00610352
-0.02532959
-0.05828857
-0.08575439
-0.10375977
-0.10894775
-0.10131836
-0.08117676
-0.05004883
-0.01129150
 0.03204346
 0.07476807
 0.11230469
 0.13763428
 0.14556885
 0.13824463
 0.12145996
 0.09887695
 0.07324219
 0.04852295
 0.03051758
 0.02258301
 0.02502441
 0.03845215
 0.06042480
 0.08819580
 0.11749268
 0.14312744
 0.15869141
 0.15960693
 0.14556885
 0.11962891
 0.08514404
 0.04547119
 0.00457764
-0.03295898
-0.06164551
-0.07995605
-0.08666992
-0.08331299
-0.07232666
-0.05554199
-0.03723145
-0.02044678
-0.01007080
-0.00823975
-0.01617432
-0.03387451
-0.05889893
-0.08880615
-0.12054443
-0.14862061
-0.16906738
-0.17852783
-0.17578125
-0.16082764
-0.13580322
-0.10345459
-0.06774902
-0.03295898
-0.00488281
 0.00946045
 0.00793457
-0.00457764
-0.02319336
-0.04547119
-0.06805420
-0.08605957
-0.09552002
-0.09429932
-0.08209229
-0.06011963
-0.03082275
 0.00335693
 0.03967285
 0.07385254
 0.10223389
 0.12084961
 0.12908936
 0.12725830
 0.11657715
 0.09887695
 0.07751465
 0.05584717
 0.03845215
 0.02838135
 0.02838135
 0.03875732
 0.05767822
 0.08300781
 0.11169434
 0.13885498
 0.15899658
 0.16845703
 0.16479492
 0.15014648
 0.12786865
 0.10009766
 0.07019043
 0.04150391
 0.01800537
 0.00244141
-0.00396729
-0.00213623
 0.00701904
 0.02075195
 0.03723145
 0.05279541
 0.06469727
 0.07080078
 0.06866455
 0.05828857
 0.04028320
 0.01647949
-0.01037598
-0.03692627
-0.05889893
-0.07476807
-0.08178711
-0.07995605
-0.06927490
-0.05218506
-0.03143311
-0.01007080
 0.00732422
 0.01678467
 0.01617432
 0.00396729
-0.01739502
-0.04394531
-0.07232666
-0.09979248
-0.12268066
-0.13732910
-0.14221191
-0.13732910
-0.12390137
-0.10284424
-0.07781982
-0.05096436
-0.02563477
-0.00457764
 0.00976563
 0.01647949
 0.01586914
 0.00915527
-0.00183105
-0.01464844
-0.02655029
-0.03356934
-0.03387451
-0.02593994
-0.00946045
 0.01434326
 0.04302979
 0.07385254
 0.10162354
 0.12237549
 0.13183594
 0.13031006
 0.11932373
 0.10192871
 0.08026123
 0.05645752
 0.03417969
 0.01617432
 0.00457764
 0.00030518
 0.00274658
 0.01098633
 0.02349854
 0.03723145
 0.04974365
 0.05828857
 0.06164551
 0.05798340
 0.04791260
 0.03326416
 0.01464844
-0.00610352
-0.02655029
-0.04425049
-0.05584717
-0.05981445
-0.05554199
-0.04394531
-0.02716064
-0.00793457
 0.01129150
 0.02685547
 0.03601074
 0.03814697
 0.03326416
 0.02319336
 0.01007080
-0.00488281
-0.01831055
-0.02777100
-0.03112793
-0.02685547
-0.01556396
 0.00152588
 0.02288818
 0.04577637
 0.06744385
 0.08483887
 0.09643555
 0.10162354
 0.10101318
 0.09490967
 0.08392334
 0.06988525
 0.05493164
 0.04150391
 0.03204346
 0.02746582
 0.02868652
 0.03601074
 0.04699707
 0.06042480
 0.07293701
 0.08239746
 0.08575439
 0.08270264
 0.07324219
 0.05828857
 0.03845215
 0.01495361
-0.00915527
-0.03082275
-0.04791260
-0.05889893
-0.06256104
-0.05920410
-0.05187988
-0.04272461
-0.03265381
-0.02441406
-0.01861572
-0.01708984
-0.01922607
-0.02471924
-0.03265381
-0.04333496
-0.05584717
-0.06683350
-0.07568359
-0.08178711
-0.08239746
-0.07781982
-0.06896973
-0.05767822
-0.04669189
-0.03753662
-0.03143311
-0.02960205
-0.03234863
-0.04058838
-0.05340576
-0.06866455
-0.08483887
-0.09979248
-0.11016846
-0.11566162
-0.11505127
-0.11016846
-0.10131836
-0.08972168
-0.07781982
-0.06744385
-0.06011963
-0.05615234
-0.05554199
-0.05798340
-0.06286621
-0.06958008
-0.07720947
-0.08453369
-0.09063721
-0.09399414
-0.09368896
-0.08911133
-0.08056641
-0.06866455
-0.05493164
-0.04119873
-0.03021240
-0.02288818
-0.01953125
-0.02044678
-0.02563477
-0.03540039
-0.04699707
-0.05798340
-0.06652832
-0.07110596
-0.07080078
-0.06652832
-0.05889893
-0.04852295
-0.03662109
-0.02532959
-0.01556396
-0.00854492
-0.00396729
-0.00244141
-0.00244141
-0.00427246
-0.00701904
-0.01037598
-0.01373291
-0.01617432
-0.01678467
-0.01495361
-0.00976563
-0.00183105
 0.00793457
 0.01922607
 0.02990723
 0.03875732
 0.04394531
 0.04699707
 0.04730225
 0.04425049
 0.03967285
 0.03509521
 0.03234863
 0.03204346
 0.03479004
 0.04150391
 0.05035400
 0.06103516
 0.07232666
 0.08392334
 0.09521484
 0.10528564
 0.11352539
 0.11962891
 0.12359619
 0.12603760
 0.12664795
 0.12603760
 0.12390137
 0.12115479
 0.11840820
 0.11596680
 0.11383057
 0.11322021
 0.11352539
 0.11444092
 0.11444092
 0.11291504
 0.10894775
 0.10162354
 0.09155273
 0.07934570
 0.06591797
 0.05096436
 0.03601074
 0.02227783
 0.01098633
 0.00183105
-0.00488281
-0.00946045
-0.01190186
-0.01190186
-0.01098633
-0.00885010
-0.00762939
-0.00701904
-0.00732422
-0.00762939
-0.00885010
-0.01068115
-0.01434326
-0.01892090
-0.02441406
-0.03051758
-0.03540039
-0.03906250
-0.04058838
-0.04089355
-0.03997803
-0.03753662
-0.03356934
-0.02929688
-0.02624512
-0.02441406
-0.02380371
-0.02441406
-0.02624512
-0.02807617
-0.03021240
-0.03143311
-0.03234863
-0.03265381
-0.03204346
-0.03021240
-0.02746582
-0.02471924
-0.02166748
-0.01770020
-0.01373291
-0.00915527
-0.00488281
-0.00122070
 0.00091553
 0.00152588
-0.00061035
-0.00488281
-0.01007080
-0.01556396
-0.01983643
-0.02319336
-0.02532959
-0.02563477
-0.02471924
-0.02258301
-0.02105713
-0.02014160
-0.01983643
-0.02044678
-0.02136230
-0.02227783
-0.02380371
-0.02563477
-0.02746582
-0.02899170
-0.02990723
-0.02960205
-0.02807617
-0.02532959
-0.02105713
-0.01464844
-0.00762939
 0.00000000
 0.00762939
 0.01464844
 0.02075195
 0.02532959
 0.02807617
 0.02929688
 0.02868652
 0.02716064
 0.02563477
 0.02441406
 0.02532959
 0.02807617
 0.03356934
 0.04028320
 0.04730225
 0.05371094
 0.05889893
 0.06256104
 0.06500244
 0.06561279
 0.06408691
 0.06103516
 0.05737305
 0.05310059
 0.04882813
 0.04486084
 0.04180908
 0.03997803
 0.03967285
 0.04058838
 0.04272461
 0.04608154
 0.04943848
 0.05249023
 0.05432129
 0.05493164
 0.05371094
 0.05065918
 0.04577637
 0.03814697
 0.03021240
 0.02227783
 0.01525879
 0.01007080
 0.00823975
 0.00885010
 0.01098633
 0.01342773
 0.01556396
 0.01708984
 0.01708984
 0.01617432
 0.01403809
 0.01068115
 0.00640869
 0.00183105
-0.00274658
-0.00610352
-0.00854492
-0.01007080
-0.00915527
-0.00701904
-0.00396729
 0.00061035
 0.00518799
 0.00885010
 0.01129150
 0.01190186
 0.01037598
 0.00671387
 0.00091553
-0.00732422
-0.01617432
-0.02502441
-0.03204346
-0.03601074
-0.03784180
-0.03692627
-0.03417969
-0.02990723
-0.02563477
-0.02258301
-0.02166748
-0.02319336
-0.02593994
-0.02990723
-0.03479004
-0.04089355
-0.04699707
-0.05187988
-0.05554199
-0.05798340
-0.05767822
-0.05493164
-0.05035400
-0.04486084
-0.03906250
-0.03265381
-0.02685547
-0.02380371
-0.02349854
-0.02563477
-0.02990723
-0.03601074
-0.04333496
-0.05065918
-0.05676270
-0.06042480
-0.06072998
-0.05767822
-0.05157471
-0.04425049
-0.03631592
-0.02899170
-0.02349854
-0.02044678
-0.01983643
-0.02197266
-0.02532959
-0.02960205
-0.03448486
-0.03936768
-0.04364014
-0.04638672
-0.04730225
-0.04547119
-0.04119873
-0.03479004
-0.02685547
-0.01800537
-0.00976563
-0.00305176
 0.00122070
 0.00335693
 0.00305176
 0.00061035
-0.00335693
-0.00793457
-0.01251221
-0.01464844
-0.01403809
-0.01129150
-0.00671387
-0.00061035
 0.00701904
 0.01464844
 0.02075195
 0.02471924
 0.02593994
 0.02471924
 0.02105713
 0.01586914
 0.00946045
 0.00335693
-0.00244141
-0.00762939
-0.01159668
-0.01373291
-0.01342773
-0.01068115
-0.00640869
-0.00152588
 0.00335693
 0.00701904
 0.00885010
 0.00793457
 0.00488281
-0.00061035
-0.00732422
-0.01525879
-0.02319336
-0.03082275
-0.03631592
-0.03967285
-0.03997803
-0.03784180
-0.03479004
-0.03051758
-0.02593994
-0.02197266
-0.01983643
-0.01953125
-0.02105713
-0.02380371
-0.02655029
-0.02960205
-0.03234863
-0.03479004
-0.03540039
-0.03356934
-0.02960205
-0.02227783
-0.01312256
-0.00274658
 0.00793457
 0.01861572
 0.02746582
 0.03387451
 0.03814697
 0.04058838
 0.04119873
 0.04028320
 0.03906250
 0.03814697
 0.03814697
 0.03967285
 0.04302979
 0.04882813
 0.05645752
 0.06561279
 0.07385254
 0.08056641
 0.08483887
 0.08636475
 0.08483887
 0.08056641
 0.07446289
 0.06683350
 0.05798340
 0.04943848
 0.04241943
 0.03753662
 0.03417969
 0.03326416
 0.03387451
 0.03631592
 0.03967285
 0.04333496
 0.04577637
 0.04516602
 0.04150391
 0.03509521
 0.02685547
 0.01708984
 0.00610352
-0.00427246
-0.01464844
-0.02288818
-0.02838135
-0.03082275
-0.03021240
-0.02746582
-0.02319336
-0.01953125
-0.01678467
-0.01586914
-0.01617432
-0.01831055
-0.02288818
-0.02899170
-0.03509521
-0.04058838
-0.04516602
-0.04730225
-0.04730225
-0.04455566
-0.03906250
-0.03112793
-0.02075195
-0.01007080
-0.00091553
 0.00610352
 0.01129150
 0.01403809
 0.01403809
 0.01251221
 0.00946045
 0.00579834
 0.00183105
-0.00152588
-0.00305176
-0.00213623
 0.00061035
 0.00610352
 0.01251221
 0.01983643
 0.02563477
 0.02899170
 0.02929688
 0.02716064
 0.02258301
 0.01647949
 0.00915527
 0.00152588
-0.00549316
-0.01098633
-0.01434326
-0.01556396
-0.01403809
-0.01007080
-0.00488281
 0.00061035
 0.00640869
 0.01190186
 0.01525879
 0.01617432
 0.01434326
 0.01068115
 0.00518799
-0.00061035
-0.00640869
-0.01159668
-0.01495361
-0.01647949
-0.01525879
-0.01251221
-0.00823975
-0.00244141
 0.00305176
 0.00671387
 0.00823975
 0.00701904
 0.00396729
-0.00061035
-0.00610352
-0.01220703
-0.01708984
-0.02105713
-0.02319336
-0.02319336
-0.02044678
-0.01586914
-0.00946045
-0.00183105
 0.00610352
 0.01312256
 0.01922607
 0.02349854
 0.02532959
 0.02471924
 0.02166748
 0.01831055
 0.01464844
 0.01098633
 0.00915527
 0.00885010
 0.01037598
 0.01373291
 0.01861572
 0.02441406
 0.02990723
 0.03479004
 0.03814697
 0.03967285
 0.03906250
 0.03631592
 0.03112793
 0.02471924
 0.01831055
 0.01312256
 0.01007080
 0.00854492
 0.00854492
 0.00976563
 0.01312256
 0.01800537
 0.02380371
 0.02929688
 0.03356934
 0.03570557
 0.03540039
 0.03295898
 0.02868652
 0.02319336
 0.01708984
 0.01098633
 0.00549316
 0.00152588
-0.00061035
-0.00091553
 0.00091553
 0.00396729
 0.00762939
 0.01129150
 0.01403809
 0.01586914
 0.01495361
 0.01220703
 0.00732422
 0.00152588
-0.00488281
-0.01068115
-0.01556396
-0.01983643
-0.02288818
-0.02441406
-0.02410889
-0.02197266
-0.01892090
-0.01495361
-0.01159668
-0.00915527
-0.00854492
-0.00976563
-0.01342773
-0.01892090
-0.02563477
-0.03234863
-0.03875732
-0.04486084
-0.04913330
-0.05157471
-0.05187988
-0.05035400
-0.04760742
-0.04425049
-0.04150391
-0.03906250
-0.03784180
-0.03845215
-0.04119873
-0.04547119
-0.05035400
-0.05645752
-0.06225586
-0.06683350
-0.06988525
-0.07080078
-0.06988525
-0.06713867
-0.06286621
-0.05767822
-0.05218506
-0.04699707
-0.04333496
-0.04119873
-0.04089355
-0.04180908
-0.04455566
-0.04760742
-0.05035400
-0.05310059
-0.05432129
-0.05310059
-0.05096436
-0.04699707
-0.04119873
-0.03479004
-0.02807617
-0.02136230
-0.01586914
-0.01159668
-0.00915527
-0.00793457
-0.00762939
-0.00885010
-0.01037598
-0.01068115
-0.00946045
-0.00671387
-0.00274658
 0.00274658
 0.00946045
 0.01708984
 0.02410889
 0.03051758
 0.03570557
 0.03997803
 0.04272461
 0.04394531
 0.04302979
 0.04119873
 0.03875732
 0.03601074
 0.03417969
 0.03326416
 0.03448486
 0.03723145
 0.04150391
 0.04608154
 0.05065918
 0.05493164
 0.05767822
 0.05859375
 0.05828857
 0.05584717
 0.05157471
 0.04608154
 0.04058838
 0.03509521
 0.02990723
 0.02563477
 0.02319336
 0.02227783
 0.02258301
 0.02380371
 0.02593994
 0.02838135
 0.02990723
 0.03082275
 0.02990723
 0.02746582
 0.02380371
 0.01892090
 0.01342773
 0.00885010
 0.00518799
 0.00213623
 0.00061035
 0.00122070
 0.00305176
 0.00610352
 0.01007080
 0.01464844
 0.01861572
 0.02227783
 0.02502441
 0.02624512
 0.02563477
 0.02380371
 0.02166748
 0.01983643
 0.01770020
 0.01617432
 0.01617432
 0.01739502
 0.02014160
 0.02349854
 0.02685547
 0.03051758
 0.03387451
 0.03631592
 0.03692627
 0.03631592
 0.03417969
 0.03021240
 0.02471924
 0.01861572
 0.01312256
 0.00854492
 0.00427246
 0.00122070
 0.00000000
-0.00030518
 0.00030518
 0.00091553
 0.00183105
 0.00213623
 0.00122070
-0.00122070
-0.00518799
-0.01068115
-0.01678467
-0.02349854
-0.03021240
-0.03631592
-0.04119873
-0.04455566
-0.04730225
-0.04821777
-0.04760742
-0.04638672
-0.04547119
-0.04425049
-0.04364014
-0.04455566
-0.04699707
-0.05126953
-0.05615234
-0.06195068
-0.06713867
-0.07171631
-0.07476807
-0.07690430
-0.07751465
-0.07690430
-0.07415771
-0.06988525
-0.06530762
-0.06042480
-0.05584717
-0.05279541
-0.05157471
-0.05126953
-0.05157471
-0.05249023
-0.05401611
-0.05584717
-0.05676270
-0.05645752
-0.05493164
-0.05187988
-0.04760742
-0.04211426
-0.03601074
-0.02899170
-0.02319336
-0.01892090
-0.01556396
-0.01434326
-0.01464844
-0.01586914
-0.01770020
-0.01861572
-0.01892090
-0.01861572
-0.01678467
-0.01403809
-0.00976563
-0.00335693
 0.00427246
 0.01190186
 0.01922607
 0.02532959
 0.03021240
 0.03295898
 0.03479004
 0.03540039
 0.03509521
 0.03509521
 0.03540039
 0.03631592
 0.03814697
 0.04180908
 0.04669189
 0.05340576
 0.06103516
 0.06927490
 0.07751465
 0.08514404
 0.09124756
 0.09490967
 0.09674072
 0.09735107
 0.09674072
 0.09521484
 0.09307861
 0.09185791
 0.09094238
 0.09124756
 0.09277344
 0.09552002
 0.09948730
 0.10345459
 0.10711670
 0.10955811
 0.11016846
 0.10894775
 0.10559082
 0.10009766
 0.09338379
 0.08514404
 0.07629395
 0.06805420
 0.06072998
 0.05523682
 0.05126953
 0.04882813
 0.04760742
 0.04730225
 0.04699707
 0.04638672
 0.04425049
 0.04180908
 0.03784180
 0.03204346
 0.02502441
 0.01708984
 0.00854492
 0.00000000
-0.00762939
-0.01403809
-0.01892090
-0.02197266
-0.02319336
-0.02319336
-0.02227783
-0.02197266
-0.02227783
-0.02410889
-0.02746582
-0.03204346
-0.03784180
-0.04455566
-0.05096436
-0.05676270
-0.06195068
-0.06530762
-0.06683350
-0.06622314
-0.06378174
-0.06042480
-0.05615234
-0.05096436
-0.04638672
-0.04302979
-0.04119873
-0.04058838
-0.04089355
-0.04272461
-0.04577637
-0.04882813
-0.05096436
-0.05249023
-0.05249023
-0.05004883
-0.04669189
-0.04302979
-0.03814697
-0.03326416
-0.02929688
-0.02746582
-0.02746582
-0.02868652
-0.03112793
-0.03509521
-0.04028320
-0.04516602
-0.04913330
-0.05249023
-0.05432129
-0.05432129
-0.05279541
-0.05035400
-0.04669189
-0.04272461
-0.03875732
-0.03570557
-0.03417969
-0.03479004
-0.03662109
-0.03997803
-0.04425049
-0.04852295
-0.05249023
-0.05584717
-0.05767822
-0.05676270
-0.05432129
-0.05126953
-0.04730225
-0.04272461
-0.03875732
-0.03570557
-0.03356934
-0.03295898
-0.03295898
-0.03417969
-0.03570557
-0.03784180
-0.03967285
-0.04089355
-0.03997803
-0.03723145
-0.03234863
-0.02624512
-0.01861572
-0.01037598
-0.00213623
 0.00488281
 0.01068115
 0.01495361
 0.01770020
 0.01861572
 0.01892090
 0.01892090
 0.01892090
 0.01983643
 0.02166748
 0.02410889
 0.02777100
 0.03295898
 0.03875732
 0.04486084
 0.05004883
 0.05462646
 0.05828857
 0.06011963
 0.06011963
 0.05798340
 0.05462646
 0.05004883
 0.04547119
 0.04180908
 0.03997803
 0.03875732
 0.03906250
 0.03997803
 0.04272461
 0.04608154
 0.04943848
 0.05187988
 0.05371094
 0.05371094
 0.05126953
 0.04699707
 0.04089355
 0.03509521
 0.02807617
 0.02136230
 0.01617432
 0.01251221
 0.01007080
 0.00946045
 0.01037598
 0.01190186
 0.01312256
 0.01434326
 0.01495361
 0.01495361
 0.01312256
 0.00946045
 0.00427246
-0.00122070
-0.00671387
-0.01190186
-0.01556396
-0.01708984
-0.01708984
-0.01525879
-0.01220703
-0.00793457
-0.00274658
 0.00213623
 0.00671387
 0.00946045
 0.01007080
 0.00885010
 0.00640869
 0.00305176
-0.00091553
-0.00457764
-0.00732422
-0.00885010
-0.00915527
-0.00823975
-0.00610352
-0.00274658
 0.00030518
 0.00396729
 0.00640869
 0.00762939
 0.00701904
 0.00457764
 0.00061035
-0.00396729
-0.00915527
-0.01464844
-0.01953125
-0.02258301
-0.02441406
-0.02502441
-0.02349854
-0.02044678
-0.01739502
-0.01403809
-0.01159668
-0.01037598
-0.01037598
-0.01220703
-0.01617432
-0.02075195
-0.02593994
-0.03112793
-0.03570557
-0.03906250
-0.04089355
-0.04119873
-0.04058838
-0.03784180
-0.03417969
-0.03021240
-0.02655029
-0.02380371
-0.02227783
-0.02227783
-0.02410889
-0.02593994
-0.02838135
-0.03082275
-0.03295898
-0.03356934
-0.03326416
-0.03051758
-0.02624512
-0.02075195
-0.01403809
-0.00732422
-0.00061035
 0.00518799
 0.01007080
 0.01312256
 0.01434326
 0.01403809
 0.01342773
 0.01251221
 0.01159668
 0.01098633
 0.01159668
 0.01342773
 0.01678467
 0.02136230
 0.02655029
 0.03204346
 0.03662109
 0.04119873
 0.04455566
 0.04638672
 0.04669189
 0.04547119
 0.04302979
 0.04028320
 0.03784180
 0.03570557
 0.03479004
 0.03540039
 0.03692627
 0.03997803
 0.04364014
 0.04730225
 0.05004883
 0.05187988
 0.05279541
 0.05249023
 0.05035400
 0.04699707
 0.04211426
 0.03662109
 0.03051758
 0.02532959
 0.02136230
 0.01831055
 0.01647949
 0.01617432
 0.01739502
 0.01892090
 0.02014160
 0.02075195
 0.02075195
 0.01983643
 0.01708984
 0.01342773
 0.00885010
 0.00427246
-0.00030518
-0.00366211
-0.00610352
-0.00793457
-0.00823975
-0.00701904
-0.00457764
-0.00183105
 0.00152588
 0.00457764
 0.00671387
 0.00732422
 0.00640869
 0.00457764
 0.00122070
-0.00213623
-0.00579834
-0.00915527
-0.01159668
-0.01281738
-0.01312256
-0.01159668
-0.00946045
-0.00701904
-0.00427246
-0.00122070
 0.00122070
 0.00213623
 0.00122070
-0.00122070
-0.00457764
-0.00762939
-0.01098633
-0.01464844
-0.01739502
-0.01953125
-0.01953125
-0.01861572
-0.01708984
-0.01464844
-0.01220703
-0.01007080
-0.00854492
-0.00885010
-0.01037598
-0.01342773
-0.01708984
-0.02166748
-0.02563477
-0.02960205
-0.03356934
-0.03723145
-0.03906250
-0.03875732
-0.03784180
-0.03601074
-0.03326416
-0.03051758
-0.02899170
-0.02807617
-0.02838135
-0.02960205
-0.03173828
-0.03417969
-0.03692627
-0.03967285
-0.04180908
-0.04302979
-0.04241943
-0.04028320
-0.03662109
-0.03204346
-0.02716064
-0.02227783
-0.01770020
-0.01373291
-0.01098633
-0.00946045
-0.00854492
-0.00854492
-0.00885010
-0.00946045
-0.00915527
-0.00854492
-0.00732422
-0.00518799
-0.00152588
 0.00274658
 0.00732422
 0.01190186
 0.01586914
 0.01922607
 0.02075195
 0.02136230
 0.02075195
 0.01922607
 0.01678467
 0.01373291
 0.01159668
 0.01037598
 0.00946045
 0.00946045
 0.01068115
 0.01220703
 0.01403809
 0.01617432
 0.01800537
 0.01922607
 0.01983643
 0.01953125
 0.01739502
 0.01434326
 0.01098633
 0.00823975
 0.00549316
 0.00305176
 0.00122070
 0.00061035
 0.00152588
 0.00274658
 0.00457764
 0.00671387
 0.00885010
 0.01037598
 0.01129150
 0.01098633
 0.01007080
 0.00793457
 0.00549316
 0.00213623
-0.00091553
-0.00244141
-0.00366211
-0.00427246
-0.00366211
-0.00183105
 0.00091553
 0.00366211
 0.00610352
 0.00793457
 0.00946045
 0.01007080
 0.00976563
 0.00915527
 0.00732422
 0.00488281
 0.00274658
 0.00122070
 0.00000000
-0.00091553
-0.00091553
 0.00030518
 0.00183105
 0.00366211
 0.00579834
 0.00762939
 0.00854492
 0.00854492
 0.00671387
 0.00366211
 0.00000000
-0.00366211
-0.00701904
-0.01037598
-0.01281738
-0.01434326
-0.01556396
-0.01586914
-0.01586914
-0.01495361
-0.01373291
-0.01251221
-0.01190186
-0.01281738
-0.01434326
-0.01586914
-0.01831055
-0.02136230
-0.02441406
-0.02716064
-0.02899170
-0.02990723
-0.03021240
-0.03021240
-0.02929688
-0.02746582
-0.02502441
-0.02258301
-0.02075195
-0.02014160
-0.02044678
-0.02075195
-0.02166748
-0.02349854
-0.02532959
-0.02655029
-0.02655029
-0.02593994
-0.02441406
-0.02197266
-0.01831055
-0.01464844
-0.01068115
-0.00701904
-0.00335693
-0.00030518
 0.00183105
 0.00335693
 0.00457764
 0.00488281
 0.00488281
 0.00488281
 0.00518799
 0.00579834
 0.00701904
 0.00946045
 0.01342773
 0.01739502
 0.02166748
 0.02502441
 0.02838135
 0.03082275
 0.03204346
 0.03265381
 0.03234863
 0.03143311
 0.02990723
 0.02838135
 0.02716064
 0.02624512
 0.02563477
 0.02563477
 0.02624512
 0.02746582
 0.02929688
 0.03112793
 0.03204346
 0.03326416
 0.03417969
 0.03387451
 0.03265381
 0.03082275
 0.02838135
 0.02593994
 0.02380371
 0.02197266
 0.02075195
 0.02044678
 0.02105713
 0.02166748
 0.02258301
 0.02349854
 0.02380371
 0.02441406
 0.02471924
 0.02441406
 0.02319336
 0.02044678
 0.01831055
 0.01617432
 0.01434326
 0.01281738
 0.01129150
 0.01068115
 0.01129150
 0.01220703
 0.01312256
 0.01434326
 0.01586914
 0.01678467
 0.01678467
 0.01678467
 0.01617432
 0.01464844
 0.01342773
 0.01220703
 0.01007080
 0.00762939
 0.00579834
 0.00457764
 0.00396729
 0.00305176
 0.00305176
 0.00305176
 0.00305176
 0.00274658
 0.00152588
-0.00061035
-0.00335693
-0.00640869
-0.01007080
-0.01373291
-0.01770020
-0.02166748
-0.02471924
-0.02716064
-0.02929688
-0.03051758
-0.03112793
-0.03112793
-0.03112793
-0.03112793
-0.03112793
-0.03082275
-0.03173828
-0.03295898
-0.03417969
-0.03601074
-0.03814697
-0.04028320
-0.04241943
-0.04394531
-0.04455566
-0.04455566
-0.04425049
-0.04364014
-0.04211426
-0.04058838
-0.03997803
-0.03875732
-0.03784180
-0.03784180
-0.03814697
-0.03845215
-0.03875732
-0.03936768
-0.03936768
-0.03936768
-0.03784180
-0.03631592
-0.03417969
-0.03204346
-0.02899170
-0.02593994
-0.02288818
-0.02044678
-0.01831055
-0.01647949
-0.01464844
-0.01312256
-0.01190186
-0.01159668
-0.01129150
-0.01037598
-0.00946045
-0.00823975
-0.00671387
-0.00457764
-0.00274658
-0.00061035
 0.00152588
 0.00305176
 0.00366211
 0.00396729
 0.00427246
 0.00427246
 0.00396729
 0.00305176
 0.00183105
 0.00183105
 0.00183105
 0.00213623
 0.00305176
 0.00457764
 0.00610352
 0.00762939
 0.00976563
 0.01159668
 0.01342773
 0.01434326
 0.01525879
 0.01617432
 0.01678467
 0.01678467
 0.01678467
 0.01708984
 0.01708984
 0.01708984
 0.01770020
 0.01922607
 0.02044678
 0.02258301
 0.02471924
 0.02655029
 0.02838135
 0.02990723
 0.03082275
 0.03112793
 0.03112793
 0.03082275
 0.03082275
 0.03021240
 0.03021240
 0.03051758
 0.03082275
 0.03143311
 0.03265381
 0.03356934
 0.03448486
 0.03540039
 0.03601074
 0.03601074
 0.03570557
 0.03509521
 0.03448486
 0.03295898
 0.03112793
 0.02899170
 0.02685547
 0.02502441
 0.02349854
 0.02197266
 0.02075195
 0.01953125
 0.01800537
 0.01708984
 0.01556396
 0.01373291
 0.01190186
 0.00976563
 0.00732422
 0.00518799
 0.00274658
 0.00000000
-0.00335693
-0.00610352
-0.00762939
-0.00915527
-0.01007080
-0.01037598
-0.00976563
-0.00915527
-0.00946045
-0.01007080
-0.01037598
-0.01068115
-0.01159668
-0.01342773
-0.01434326
-0.01586914
-0.01708984
-0.01861572
-0.02044678
-0.02227783
-0.02288818
-0.02258301
-0.02227783
-0.02227783
-0.02166748
-0.02166748
-0.02166748
-0.02166748
-0.02227783
-0.02319336
-0.02410889
-0.02563477
-0.02746582
-0.02868652
-0.02960205
-0.02990723
-0.02990723
-0.03021240
-0.03021240
-0.02960205
-0.02838135
-0.02716064
-0.02655029
-0.02624512
-0.02624512
-0.02624512
-0.02624512
-0.02655029
-0.02716064
-0.02868652
-0.03021240
-0.03143311
-0.03173828
-0.03173828
-0.03143311
-0.03173828
-0.03143311
-0.03082275
-0.03051758
-0.02990723
-0.02960205
-0.02929688
-0.02960205
-0.03051758
-0.03082275
-0.03082275
-0.03051758
-0.03051758
-0.03051758
-0.03021240
-0.02868652
-0.02655029
-0.02410889
-0.02288818
-0.02136230
-0.01953125
-0.01739502
-0.01586914
-0.01464844
-0.01373291
-0.01251221
-0.01159668
-0.01098633
-0.00976563
-0.00823975
-0.00671387
-0.00488281
-0.00274658
 0.00000000
 0.00244141
 0.00488281
 0.00732422
 0.01007080
 0.01220703
 0.01403809
 0.01586914
 0.01708984
 0.01800537
 0.01922607
 0.02105713
 0.02319336
 0.02502441
 0.02655029
 0.02807617
 0.02990723
 0.03234863
 0.03540039
 0.03723145
 0.03875732
 0.04089355
 0.04272461
 0.04364014
 0.04394531
 0.04394531
 0.04364014
 0.04241943
 0.04119873
 0.04028320
 0.03967285
 0.03967285
 0.03936768
 0.03906250
 0.03906250
 0.03906250
 0.03875732
 0.03875732
 0.03845215
 0.03753662
 0.03601074
 0.03417969
 0.03295898
 0.03112793
 0.02929688
 0.02807617
 0.02716064
 0.02655029
 0.02624512
 0.02624512
 0.02624512
 0.02685547
 0.02746582
 0.02777100
 0.02807617
 0.02807617
 0.02807617
 0.02777100
 0.02685547
 0.02563477
 0.02471924
 0.02349854
 0.02227783
 0.02166748
 0.02136230
 0.02136230
 0.02136230
 0.02197266
 0.02227783
 0.02319336
 0.02349854
 0.02349854
 0.02319336
 0.02319336
 0.02258301
 0.02105713
 0.01983643
 0.01922607
 0.01861572
 0.01770020
 0.01708984
 0.01647949
 0.01617432
 0.01617432
 0.01617432
 0.01525879
 0.01434326
 0.01312256
 0.01159668
 0.00976563
 0.00793457
 0.00549316
 0.00274658
 0.00000000
-0.00305176
-0.00518799
-0.00762939
-0.01037598
-0.01220703
-0.01342773
-0.01464844
-0.01617432
-0.01770020
-0.01861572
-0.01953125
-0.02105713
-0.02319336
-0.02532959
-0.02685547
-0.02838135
-0.02960205
-0.03051758
-0.03143311
-0.03173828
-0.03143311
-0.03051758
-0.02960205
-0.02868652
-0.02807617
-0.03173828
-0.04486084
-0.05767822
-0.05523682
-0.05004883
-0.06072998
-0.08605957
-0.09704590
-0.07751465
-0.02838135
 0.02868652
 0.05096436
 0.00305176
-0.07934570
-0.09216309
-0.01800537
 0.06683350
 0.07080078
-0.01495361
-0.07568359
-0.03295898
 0.00732422
-0.02685547
-0.12603760
-0.17242432
-0.11474609
-0.01464844
 0.06164551
 0.09429932
 0.07568359
 0.00366211
-0.05950928
-0.06591797
-0.02075195
 0.05157471
 0.11566162
 0.13244629
 0.08209229
 0.01831055
 0.02380371
 0.04364014
-0.00762939
-0.11657715
-0.15106201
-0.09735107
-0.02624512
 0.01556396
 0.03906250
 0.07415771
 0.10742188
 0.09094238
 0.01739502
-0.04150391
-0.04669189
-0.02380371
-0.00549316
-0.02105713
-0.07171631
-0.08331299
-0.03295898
 0.00518799
-0.02197266
-0.09002686
-0.09460449
-0.03051758
 0.03265381
 0.06225586
 0.06683350
 0.06195068
 0.05950928
 0.02868652
-0.04302979
-0.07720947
-0.04882813
-0.01403809
-0.01831055
-0.05584717
-0.06591797
-0.01678467
 0.04333496
 0.06439209
 0.03265381
-0.00640869
 0.01281738
 0.05218506
 0.06286621
 0.03204346
 0.00579834
 0.02288818
 0.03906250
 0.01068115
-0.04608154
-0.04943848
-0.01464844
 0.00030518
-0.02136230
-0.05126953
-0.03723145
 0.00549316
 0.03417969
 0.02960205
 0.00732422
 0.01007080
 0.02746582
 0.03112793
 0.02044678
 0.01556396
 0.01647949
 0.00579834
-0.01464844
-0.01190186
 0.02075195
 0.05218506
 0.05187988
 0.00762939
-0.03570557
-0.04150391
-0.02685547
-0.01129150
-0.00793457
-0.01983643
-0.02441406
-0.01007080
 0.00701904
 0.01312256
 0.01007080
 0.01037598
 0.01159668
 0.00518799
-0.00274658
-0.00213623
 0.00640869
 0.01007080
-0.00183105
-0.02624512
-0.04974365
-0.05706787
-0.03601074
 0.00518799
 0.04180908
 0.05432129
 0.03601074
 0.01617432
 0.01525879
 0.02258301
 0.02471924
 0.01678467
 0.00671387
 0.00396729
 0.00823975
 0.01434326
 0.01434326
 0.00366211
-0.00885010
-0.01098633
-0.00640869
-0.00213623
 0.00701904
 0.02624512
 0.04425049
 0.04333496
 0.02410889
 0.01556396
 0.02685547
 0.03753662
 0.03112793
 0.01129150
-0.00244141
-0.00946045
-0.01800537
-0.02410889
-0.01953125
-0.00640869
 0.00579834
 0.01434326
 0.02410889
 0.03723145
 0.04821777
 0.05126953
 0.04394531
 0.02777100
 0.00671387
-0.01495361
-0.03112793
-0.03875732
-0.03631592
-0.02532959
-0.01098633
-0.00061035
 0.00518799
 0.01098633
 0.01708984
 0.02014160
 0.02105713
 0.02471924
 0.03082275
 0.03143311
 0.02288818
 0.01525879
 0.01373291
 0.01159668
 0.00152588
-0.01403809
-0.02410889
-0.02319336
-0.01251221
 0.00213623
 0.01434326
 0.01953125
 0.01708984
 0.01342773
 0.01770020
 0.02777100
 0.03234863
 0.02166748
 0.00244141
-0.01098633
-0.01464844
-0.01464844
-0.01708984
-0.02319336
-0.02899170
-0.02868652
-0.02136230
-0.01098633
-0.00183105
 0.00915527
 0.02441406
 0.03814697
 0.03936768
 0.02502441
 0.00854492
-0.00244141
-0.01464844
-0.03540039
-0.06072998
-0.07568359
-0.07232666
-0.05706787
-0.04211426
-0.03356934
-0.02868652
-0.02044678
-0.01037598
 0.00000000
 0.01098633
 0.02166748
 0.02471924
 0.01312256
-0.01129150
-0.03479004
-0.04943848
-0.05859375
-0.06652832
-0.07232666
-0.07019043
-0.05828857
-0.03936768
-0.01770020
 0.00366211
 0.02075195
 0.02929688
 0.02655029
 0.01678467
 0.00793457
 0.00091553
-0.00946045
-0.02624512
-0.04425049
-0.05523682
-0.05584717
-0.04791260
-0.03479004
-0.01983643
-0.00610352
 0.00610352
 0.01953125
 0.03448486
 0.04699707
 0.05065918
 0.04333496
 0.02868652
 0.00946045
-0.01098633
-0.02685547
-0.03387451
-0.03326416
-0.02838135
-0.01861572
-0.00274658
 0.01983643
 0.04364014
 0.06134033
 0.06927490
 0.06805420
 0.06256104
 0.05401611
 0.04272461
 0.02899170
 0.01403809
 0.00000000
-0.01098633
-0.01647949
-0.01464844
-0.00549316
 0.00885010
 0.02502441
 0.03753662
 0.04241943
 0.04150391
 0.03814697
 0.03448486
 0.02838135
 0.01708984
 0.00305176
-0.00732422
-0.01159668
-0.01190186
-0.01129150
-0.00915527
-0.00396729
 0.00396729
 0.01220703
 0.02075195
 0.02990723
 0.03906250
 0.04425049
 0.04364014
 0.03967285
 0.03570557
 0.03082275
 0.02380371
 0.01434326
 0.00457764
-0.00305176
-0.00762939
-0.00885010
-0.00732422
-0.00396729
 0.00122070
 0.00671387
 0.01129150
 0.01556396
 0.01983643
 0.02349854
 0.02258301
 0.01464844
 0.00244141
-0.00915527
-0.01708984
-0.02227783
-0.02532959
-0.02685547
-0.02593994
-0.02227783
-0.01556396
-0.00762939
-0.00030518
 0.00518799
 0.00946045
 0.01068115
 0.00701904
-0.00183105
-0.01373291
-0.02624512
-0.03814697
-0.04821777
-0.05310059
-0.05004883
-0.04058838
-0.02868652
-0.01647949
-0.00579834
 0.00213623
 0.00549316
 0.00427246
 0.00000000
-0.00518799
-0.01281738
-0.02349854
-0.03631592
-0.04943848
-0.06072998
-0.06866455
-0.07141113
-0.06805420
-0.05859375
-0.04455566
-0.02685547
-0.00793457
 0.01007080
 0.02166748
 0.02319336
 0.01495361
 0.00213623
-0.01220703
-0.02777100
-0.04211426
-0.05096436
-0.05310059
-0.05065918
-0.04425049
-0.03479004
-0.02258301
-0.00885010
 0.00518799
 0.01800537
 0.02838135
 0.03540039
 0.03753662
 0.03265381
 0.02166748
 0.00640869
-0.00915527
-0.02197266
-0.02929688
-0.03143311
-0.02746582
-0.01922607
-0.00885010
 0.00244141
 0.01342773
 0.02349854
 0.03173828
 0.03601074
 0.03417969
 0.02563477
 0.01281738
-0.00152588
-0.01525879
-0.02593994
-0.03265381
-0.03448486
-0.02990723
-0.01922607
-0.00396729
 0.01434326
 0.03326416
 0.05126953
 0.06530762
 0.07385254
 0.07843018
 0.08148193
 0.08544922
 0.08697510
 0.07720947
 0.04455566
-0.01800537
-0.10406494
-0.19165039
-0.24383545
-0.23895264
-0.18005371
-0.08728027
 0.01647949
 0.11871338
 0.20874023
 0.26794434
 0.29541016
 0.28594971
 0.24230957
 0.18371582
 0.13519287
 0.09887695
 0.04669189
-0.04730225
-0.15716553
-0.24078369
-0.28869629
-0.29449463
-0.25177002
-0.16479492
-0.04425049
 0.09857178
 0.25268555
 0.38787842
 0.43395996
 0.38909912
 0.30548096
 0.14678955
-0.00427246
-0.09368896
-0.14495850
-0.17028809
-0.17517090
-0.16387939
-0.14831543
-0.14404297
-0.14648438
-0.11779785
-0.04608154
 0.05920410
 0.18096924
 0.32073975
 0.36285400
 0.33813477
 0.22125244
 0.03692627
-0.13458252
-0.23864746
-0.28350830
-0.28198242
-0.24383545
-0.16876221
-0.06744385
 0.03295898
 0.11566162
 0.17486572
 0.21789551
 0.23132324
 0.20538330
 0.17242432
 0.15441895
 0.12451172
 0.05554199
-0.04119873
-0.14038086
-0.22460938
-0.26855469
-0.25817871
-0.20019531
-0.10650635
 0.00915527
 0.12817383
 0.22979736
 0.29541016
 0.31127930
 0.25177002
 0.13244629
 0.00976563
-0.08422852
-0.15441895
-0.19470215
-0.20996094
-0.21179199
-0.20019531
-0.16876221
-0.11474609
-0.03906250
 0.05187988
 0.13854980
 0.19958496
 0.22094727
 0.18402100
 0.10040283
 0.00671387
-0.07324219
-0.14251709
-0.20172119
-0.25177002
-0.28076172
-0.27557373
-0.23864746
-0.17578125
-0.08941650
 0.01129150
 0.10925293
 0.18768311
 0.23681641
 0.24505615
 0.18066406
 0.06866455
-0.02807617
-0.09155273
-0.14007568
-0.18096924
-0.21392822
-0.23773193
-0.24932861
-0.24322510
-0.21697998
-0.17578125
-0.12573242
-0.06958008
-0.00946045
 0.04791260
 0.09552002
 0.12268066
 0.11688232
 0.08331299
 0.03631592
-0.01342773
-0.05371094
-0.06683350
-0.04791260
-0.00457764
 0.05035400
 0.10101318
 0.13366699
 0.12756348
 0.07934570
 0.02105713
-0.02471924
-0.05767822
-0.07537842
-0.07629395
-0.06591797
-0.04913330
-0.03082275
-0.01647949
-0.00671387
 0.00396729
 0.01953125
 0.03509521
 0.04272461
 0.03448486
 0.01068115
-0.02136230
-0.05096436
-0.06927490
-0.07293701
-0.06683350
-0.05615234
-0.04058838
-0.01739502
 0.01525879
 0.05584717
 0.09979248
 0.13946533
 0.16082764
 0.14862061
 0.11413574
 0.08209229
 0.06164551
 0.05035400
 0.04699707
 0.04882813
 0.05096436
 0.04730225
 0.03387451
 0.01342773
-0.00640869
-0.01647949
-0.01342773
-0.00122070
 0.01129150
 0.01495361
 0.00457764
-0.01739502
-0.04364014
-0.06713867
-0.08361816
-0.09002686
-0.08605957
-0.07080078
-0.04577637
-0.01190186
 0.02838135
 0.07293701
 0.11657715
 0.14984131
 0.15472412
 0.11901855
 0.05767822
-0.00396729
-0.05371094
-0.08819580
-0.10375977
-0.10192871
-0.08728027
-0.06347656
-0.03356934
-0.00122070
 0.02868652
 0.05371094
 0.07293701
 0.08514404
 0.08911133
 0.08636475
 0.07781982
 0.06347656
 0.04516602
 0.02532959
 0.00518799
-0.01159668
-0.01983643
-0.01708984
-0.00579834
 0.01007080
 0.02624512
 0.03997803
 0.04913330
 0.05065918
 0.04180908
 0.02197266
-0.00640869
-0.03753662
-0.06378174
-0.08178711
-0.09277344
-0.09857178
-0.10162354
-0.09887695
-0.08605957
-0.06164551
-0.02838135
 0.00671387
 0.03631592
 0.05096436
 0.04669189
 0.03356934
 0.02197266
 0.01434326
 0.00915527
 0.00732422
 0.01098633
 0.01831055
 0.02868652
 0.03967285
 0.05035400
 0.06103516
 0.07202148
 0.08392334
 0.09582520
 0.10437012
 0.10559082
 0.09552002
 0.07537842
 0.05126953
 0.03112793
 0.02044678
 0.02044678
 0.03021240
 0.04821777
 0.07049561
 0.09216309
 0.10833740
 0.11444092
 0.10711670
 0.08789063
 0.06103516
 0.02990723
-0.00061035
-0.02777100
-0.04943848
-0.06469727
-0.07446289
-0.08148193
-0.08636475
-0.08911133
-0.08758545
-0.07995605
-0.06378174
-0.03967285
-0.01068115
 0.01678467
 0.03509521
 0.03479004
 0.01312256
-0.02380371
-0.06835938
-0.11352539
-0.15411377
-0.18310547
-0.19561768
-0.19012451
-0.16754150
-0.13000488
-0.08056641
-0.02288818
 0.03875732
 0.09674072
 0.14251709
 0.16052246
 0.13702393
 0.09216309
 0.05462646
 0.02563477
 0.00030518
-0.01708984
-0.02227783
-0.01373291
 0.00640869
 0.03601074
 0.06988525
 0.10284424
 0.13031006
 0.14770508
 0.15533447
 0.15441895
 0.14129639
 0.11108398
 0.06256104
 0.00274658
-0.05737305
-0.10742188
-0.13885498
-0.14739990
-0.13488770
-0.10650635
-0.06744385
-0.02410889
 0.01678467
 0.04516602
 0.04882813
 0.02655029
-0.00823975
-0.04699707
-0.08880615
-0.13031006
-0.16693115
-0.19409180
-0.20629883
-0.19989014
-0.17211914
-0.12451172
-0.06042480
 0.01403809
 0.08636475
 0.14404297
 0.17852783
 0.16845703
 0.11474609
 0.04943848
-0.00915527
-0.06683350
-0.11840820
-0.15167236
-0.15869141
-0.13916016
-0.09857178
-0.04241943
 0.02197266
 0.08666992
 0.14434814
 0.19012451
 0.21209717
 0.19836426
 0.15960693
 0.11383057
 0.06256104
 0.00457764
-0.05035400
-0.09246826
-0.11718750
-0.12268066
-0.10620117
-0.06988525
-0.01708984
 0.04608154
 0.11077881
 0.16662598
 0.20294189
 0.19927979
 0.15197754
 0.08819580
 0.02441406
-0.04608154
-0.12054443
-0.18371582
-0.22186279
-0.22735596
-0.20172119
-0.14862061
-0.07476807
 0.00946045
 0.09033203
 0.15136719
 0.18707275
 0.17730713
 0.11444092
 0.03265381
-0.04150391
-0.11108398
-0.17242432
-0.21484375
-0.23223877
-0.22491455
-0.19500732
-0.14617920
-0.08117676
-0.00610352
 0.06958008
 0.13275146
 0.17639160
 0.18310547
 0.14068604
 0.07568359
 0.01770020
-0.03540039
-0.08483887
-0.12115479
-0.13641357
-0.12725830
-0.09582520
-0.04608154
 0.01586914
 0.08178711
 0.14251709
 0.19134521
 0.21728516
 0.20416260
 0.16204834
 0.11260986
 0.05798340
-0.00488281
-0.06652832
-0.11383057
-0.13946533
-0.14160156
-0.12207031
-0.08300781
-0.02960205
 0.03295898
 0.09674072
 0.15197754
 0.18859863
 0.18554688
 0.14007568
 0.08056641
 0.02624512
-0.02655029
-0.07751465
-0.11840820
-0.14068604
-0.14129639
-0.11993408
-0.08087158
-0.02868652
 0.02868652
 0.08270264
 0.12481689
 0.14038086
 0.11932373
 0.07720947
 0.03295898
-0.01556396
-0.07171631
-0.12603760
-0.16693115
-0.18798828
-0.18615723
-0.16296387
-0.12115479
-0.06652832
-0.00610352
 0.05065918
 0.09338379
 0.10559082
 0.07781982
 0.04302979
 0.03387451
 0.03997803
 0.03936768
 0.01281738
-0.03601074
-0.07629395
-0.09124756
-0.08087158
-0.04638672
 0.00732422
 0.06774902
 0.12023926
 0.15563965
 0.15777588
 0.12176514
 0.07415771
 0.03356934
-0.00183105
-0.02655029
-0.03204346
-0.02319336
-0.01464844
-0.02075195
-0.04089355
-0.05584717
-0.04730225
-0.01434326
 0.03326416
 0.08422852
 0.12878418
 0.15289307
 0.13946533
 0.09613037
 0.04577637
-0.00396729
-0.05584717
-0.10589600
-0.14373779
-0.15319824
-0.12725830
-0.07965088
-0.03021240
 0.00488281
 0.01281738
-0.01495361
-0.04150391
-0.03173828
-0.00183105
 0.02380371
 0.02563477
-0.00915527
-0.06225586
-0.11016846
-0.14617920
-0.16723633
-0.16967773
-0.15350342
-0.11718750
-0.06286621
 0.00030518
 0.05950928
 0.10375977
 0.11596680
 0.08392334
 0.03997803
 0.01983643
 0.02014160
 0.02410889
 0.01983643
 0.00579834
-0.00915527
-0.01678467
-0.01617432
-0.00701904
 0.01007080
 0.03479004
 0.06378174
 0.09460449
 0.12298584
 0.13977051
 0.13397217
 0.10253906
 0.05981445
 0.01892090
-0.01251221
-0.03173828
-0.03997803
-0.04028320
-0.03448486
-0.02166748
-0.00305176
 0.01831055
 0.03814697
 0.05279541
 0.06042480
 0.06042480
 0.05584717
 0.04486084
 0.02502441
-0.00122070
-0.02990723
-0.05981445
-0.08758545
-0.10437012
-0.10375977
-0.08453369
-0.05187988
-0.01220703
 0.02960205
 0.07019043
 0.10528564
 0.12664795
 0.12145996
 0.08605957
 0.03723145
-0.00549316
-0.03387451
-0.04455566
-0.03936768
-0.02105713
 0.00396729
 0.02960205
 0.04821777
 0.05950928
 0.06744385
 0.07751465
 0.09124756
 0.10772705
 0.12329102
 0.13275146
 0.13275146
 0.12054443
 0.09613037
 0.06347656
 0.02960205
 0.00030518
-0.02136230
-0.03448486
-0.03692627
-0.02532959
-0.00091553
 0.03112793
 0.06408691
 0.09246826
 0.10894775
 0.10620117
 0.08544922
 0.05218506
 0.00762939
-0.04364014
-0.09063721
-0.12481689
-0.14068604
-0.13732910
-0.11718750
-0.08392334
-0.04364014
-0.00122070
 0.03784180
 0.06744385
 0.08056641
 0.07507324
 0.05462646
 0.02380371
-0.01403809
-0.05279541
-0.08453369
-0.10375977
-0.11047363
-0.10620117
-0.09155273
-0.06652832
-0.03326416
 0.00427246
 0.04150391
 0.07110596
 0.08544922
 0.08148193
 0.06866455
 0.05310059
 0.03326416
 0.00671387
-0.02410889
-0.05401611
-0.07751465
-0.09002686
-0.09063721
-0.07995605
-0.05950928
-0.02929688
 0.00793457
 0.04791260
 0.08453369
 0.10864258
 0.10894775
 0.08514404
 0.04943848
 0.01098633
-0.02685547
-0.06164551
-0.09033203
-0.11047363
-0.11962891
-0.11688232
-0.09918213
-0.06744385
-0.02624512
 0.01739502
 0.05401611
 0.07202148
 0.06378174
 0.03997803
 0.01281738
-0.01647949
-0.05004883
-0.08361816
-0.10955811
-0.12268066
-0.12207031
-0.11108398
-0.09185791
-0.06713867
-0.03784180
-0.00488281
 0.03143311
 0.06469727
 0.08514404
 0.08178711
 0.05432129
 0.01556396
-0.02380371
-0.06072998
-0.09216309
-0.11322021
-0.11810303
-0.10498047
-0.07415771
-0.02990723
 0.01983643
 0.06744385
 0.10223389
 0.11016846
 0.09063721
 0.06591797
 0.04821777
 0.03112793
 0.01007080
-0.01434326
-0.03631592
-0.05279541
-0.06072998
-0.05981445
-0.05004883
-0.03173828
-0.00610352
 0.02288818
 0.05126953
 0.07049561
 0.07324219
 0.05737305
 0.02899170
-0.00122070
-0.02746582
-0.04821777
-0.06256104
-0.06988525
-0.07171631
-0.06835938
-0.05981445
-0.04455566
-0.02319336
 0.00152588
 0.02532959
 0.04364014
 0.05462646
 0.05828857
 0.05493164
 0.04333496
 0.02380371
-0.00183105
-0.02807617
-0.05004883
-0.06225586
-0.06286621
-0.05249023
-0.03479004
-0.01312256
 0.00793457
 0.02593994
 0.03997803
 0.05065918
 0.05493164
 0.04974365
 0.03356934
 0.00976563
-0.01617432
-0.04119873
-0.06164551
-0.07659912
-0.08392334
-0.08209229
-0.06927490
-0.04638672
-0.01739502
 0.01159668
 0.03356934
 0.04425049
 0.04486084
 0.04150391
 0.03723145
 0.03021240
 0.01800537
 0.00152588
-0.01556396
-0.02777100
-0.03234863
-0.02838135
-0.01678467
 0.00030518
 0.02044678
 0.04150391
 0.06225586
 0.08087158
 0.09368896
 0.09582520
 0.08575439
 0.06683350
 0.04547119
 0.02532959
 0.00854492
-0.00457764
-0.01403809
-0.01861572
-0.01464844
-0.00122070
 0.02014160
 0.04547119
 0.06927490
 0.08605957
 0.09124756
 0.08514404
 0.07263184
 0.05584717
 0.03509521
 0.01251221
-0.00823975
-0.02380371
-0.03082275
-0.02746582
-0.01434326
 0.00610352
 0.03021240
 0.05462646
 0.07598877
 0.09216309
 0.10131836
 0.10162354
 0.09185791
 0.07141113
 0.04486084
 0.01770020
-0.00488281
-0.02014160
-0.02716064
-0.02593994
-0.01770020
-0.00335693
 0.01617432
 0.03723145
 0.05523682
 0.06683350
 0.06927490
 0.06286621
 0.05096436
 0.03540039
 0.01708984
-0.00274658
-0.02319336
-0.04180908
-0.05432129
-0.05798340
-0.05218506
-0.03753662
-0.01770020
 0.00366211
 0.02166748
 0.03265381
 0.03540039
 0.02990723
 0.01586914
-0.00610352
-0.03387451
-0.06347656
-0.08758545
-0.10162354
-0.10528564
-0.09979248
-0.08728027
-0.06958008
-0.04882813
-0.02899170
-0.01159668
 0.00030518
 0.00579834
 0.00457764
-0.00213623
-0.01373291
-0.02838135
-0.04394531
-0.05889893
-0.07080078
-0.07690430
-0.07598877
-0.06652832
-0.04913330
-0.02624512
-0.00183105
 0.02044678
 0.03662109
 0.04425049
 0.04486084
 0.03967285
 0.02899170
 0.01342773
-0.00518799
-0.02227783
-0.03570557
-0.04272461
-0.04272461
-0.03631592
-0.02502441
-0.01007080
 0.00762939
 0.02532959
 0.04028320
 0.05096436
 0.05493164
 0.05065918
 0.03814697
 0.01892090
-0.00396729
-0.02685547
-0.04669189
-0.05981445
-0.06439209
-0.06042480
-0.04882813
-0.03295898
-0.01617432
-0.00122070
 0.00946045
 0.01464844
 0.01464844
 0.00946045
-0.00030518
-0.01342773
-0.02868652
-0.04394531
-0.05554199
-0.06195068
-0.06103516
-0.05371094
-0.04150391
-0.02593994
-0.00946045
 0.00671387
 0.02075195
 0.03082275
 0.03570557
 0.03417969
 0.02593994
 0.01251221
-0.00305176
-0.01922607
-0.03265381
-0.04058838
-0.04180908
-0.03601074
-0.02441406
-0.00885010
 0.00915527
 0.02685547
 0.04150391
 0.05065918
 0.05401611
 0.05187988
 0.04577637
 0.03601074
 0.02349854
 0.01007080
-0.00091553
-0.00762939
-0.00885010
-0.00488281
 0.00366211
 0.01617432
 0.03051758
 0.04486084
 0.05798340
 0.06683350
 0.07019043
 0.06591797
 0.05493164
 0.03906250
 0.01953125
-0.00061035
-0.01800537
-0.03082275
-0.03662109
-0.03662109
-0.03051758
-0.01983643
-0.00549316
 0.00946045
 0.02319336
 0.03326416
 0.03814697
 0.03723145
 0.03112793
 0.02166748
 0.00976563
-0.00396729
-0.01617432
-0.02471924
-0.02899170
-0.02746582
-0.01983643
-0.00762939
 0.00732422
 0.02227783
 0.03570557
 0.04486084
 0.04821777
 0.04486084
 0.03570557
 0.02197266
 0.00549316
-0.01068115
-0.02502441
-0.03601074
-0.04211426
-0.04333496
-0.03906250
-0.02929688
-0.01586914
-0.00030518
 0.01495361
 0.02716064
 0.03387451
 0.03448486
 0.02868652
 0.01800537
 0.00396729
-0.01159668
-0.02624512
-0.03814697
-0.04608154
-0.04821777
-0.04547119
-0.03753662
-0.02532959
-0.01190186
 0.00091553
 0.01098633
 0.01708984
 0.01800537
 0.01342773
 0.00366211
-0.01007080
-0.02624512
-0.04333496
-0.05798340
-0.06805420
-0.07293701
-0.07171631
-0.06500244
-0.05371094
-0.03967285
-0.02410889
-0.01007080
-0.00030518
 0.00396729
 0.00274658
-0.00366211
-0.01403809
-0.02624512
-0.03906250
-0.05065918
-0.05950928
-0.06378174
-0.06286621
-0.05645752
-0.04577637
-0.03204346
-0.01647949
-0.00152588
 0.01068115
 0.01892090
 0.02197266
 0.02075195
 0.01586914
 0.00762939
-0.00305176
-0.01403809
-0.02319336
-0.02838135
-0.02929688
-0.02593994
-0.01831055
-0.00762939
 0.00488281
 0.01800537
 0.02929688
 0.03692627
 0.03997803
 0.03845215
 0.03265381
 0.02319336
 0.01220703
 0.00122070
-0.00793457
-0.01373291
-0.01464844
-0.01037598
-0.00152588
 0.01159668
 0.02624512
 0.04119873
 0.05462646
 0.06408691
 0.06896973
 0.06805420
 0.06225586
 0.05279541
 0.04058838
 0.02716064
 0.01495361
 0.00610352
 0.00213623
 0.00396729
 0.01129150
 0.02349854
 0.03845215
 0.05432129
 0.06866455
 0.07934570
 0.08483887
 0.08514404
 0.07965088
 0.06927490
 0.05493164
 0.03936768
 0.02502441
 0.01403809
 0.00701904
 0.00518799
 0.00793457
 0.01556396
 0.02685547
 0.04028320
 0.05340576
 0.06408691
 0.07080078
 0.07141113
 0.06622314
 0.05584717
 0.04180908
 0.02593994
 0.01037598
-0.00274658
-0.01159668
-0.01464844
-0.01190186
-0.00396729
 0.00762939
 0.02136230
 0.03479004
 0.04547119
 0.05218506
 0.05371094
 0.04974365
 0.03967285
 0.02471924
 0.00793457
-0.00976563
-0.02532959
-0.03723145
-0.04394531
-0.04486084
-0.04028320
-0.03143311
-0.01922607
-0.00671387
 0.00457764
 0.01129150
 0.01281738
 0.00823975
-0.00183105
-0.01556396
-0.03112793
-0.04730225
-0.06134033
-0.07141113
-0.07659912
-0.07598877
-0.06866455
-0.05645752
-0.04150391
-0.02563477
-0.01098633
 0.00000000
 0.00579834
 0.00549316
-0.00061035
-0.01190186
-0.02563477
-0.03967285
-0.05249023
-0.06225586
-0.06713867
-0.06530762
-0.05798340
-0.04638672
-0.03143311
-0.01495361
 0.00091553
 0.01373291
 0.02166748
 0.02380371
 0.02044678
 0.01251221
 0.00122070
-0.01190186
-0.02441406
-0.03509521
-0.04211426
-0.04394531
-0.04119873
-0.03387451
-0.02258301
-0.00976563
 0.00244141
 0.01190186
 0.01770020
 0.01861572
 0.01464844
 0.00640869
-0.00518799
-0.01861572
-0.03173828
-0.04333496
-0.05065918
-0.05249023
-0.04913330
-0.04150391
-0.02960205
-0.01495361
-0.00061035
 0.01251221
 0.02197266
 0.02593994
 0.02410889
 0.01770020
 0.00793457
-0.00366211
-0.01495361
-0.02532959
-0.03326416
-0.03723145
-0.03662109
-0.03143311
-0.02136230
-0.00854492
 0.00457764
 0.01678467
 0.02655029
 0.03173828
 0.03143311
 0.02655029
 0.01800537
 0.00640869
-0.00732422
-0.02014160
-0.02990723
-0.03509521
-0.03540039
-0.03021240
-0.02014160
-0.00732422
 0.00701904
 0.02105713
 0.03265381
 0.03967285
 0.04180908
 0.03753662
 0.02868652
 0.01770020
 0.00610352
-0.00579834
-0.01739502
-0.02502441
-0.02746582
-0.02441406
-0.01678467
-0.00579834
 0.00762939
 0.02105713
 0.03265381
 0.04089355
 0.04364014
 0.04058838
 0.03387451
 0.02319336
 0.01068115
-0.00183105
-0.01342773
-0.02136230
-0.02502441
-0.02349854
-0.01739502
-0.00732422
 0.00518799
 0.01800537
 0.02960205
 0.03753662
 0.04150391
 0.03997803
 0.03448486
 0.02502441
 0.01342773
 0.00091553
-0.01037598
-0.01953125
-0.02502441
-0.02593994
-0.02197266
-0.01403809
-0.00335693
 0.00885010
 0.02014160
 0.02929688
 0.03356934
 0.03356934
 0.02960205
 0.02227783
 0.01251221
 0.00213623
-0.00732422
-0.01464844
-0.01861572
-0.01739502
-0.01190186
-0.00335693
 0.00823975
 0.02105713
 0.03234863
 0.04089355
 0.04608154
 0.04669189
 0.04241943
 0.03417969
 0.02258301
 0.01007080
-0.00274658
-0.01342773
-0.02075195
-0.02410889
-0.02410889
-0.01983643
-0.01251221
-0.00274658
 0.00701904
 0.01525879
 0.02044678
 0.02166748
 0.01831055
 0.01129150
 0.00122070
-0.00976563
-0.02044678
-0.02899170
-0.03509521
-0.03784180
-0.03570557
-0.03021240
-0.02166748
-0.01068115
 0.00091553
 0.01159668
 0.01861572
 0.02197266
 0.02105713
 0.01617432
 0.00793457
-0.00244141
-0.01342773
-0.02349854
-0.03051758
-0.03387451
-0.03295898
-0.02838135
-0.02075195
-0.01068115
 0.00030518
 0.01007080
 0.01739502
 0.02136230
 0.02197266
 0.01861572
 0.01159668
 0.00274658
-0.00701904
-0.01586914
-0.02319336
-0.02777100
-0.02899170
-0.02593994
-0.01953125
-0.01037598
 0.00061035
 0.01068115
 0.01831055
 0.02227783
 0.02319336
 0.01953125
 0.01251221
 0.00366211
-0.00640869
-0.01647949
-0.02471924
-0.03021240
-0.03265381
-0.03234863
-0.02838135
-0.02227783
-0.01495361
-0.00732422
-0.00091553
 0.00305176
 0.00366211
 0.00152588
-0.00396729
-0.01159668
-0.02044678
-0.02868652
-0.03509521
-0.03875732
-0.03875732
-0.03448486
-0.02716064
-0.01770020
-0.00701904
 0.00427246
 0.01495361
 0.02380371
 0.02899170
 0.02990723
 0.02807617
 0.02349854
 0.01770020
 0.01159668
 0.00701904
 0.00396729
 0.00335693
 0.00579834
 0.01129150
 0.01953125
 0.02899170
 0.03875732
 0.04760742
 0.05432129
 0.05859375
 0.05920410
 0.05645752
 0.05035400
 0.04241943
 0.03417969
 0.02624512
 0.01983643
 0.01617432
 0.01586914
 0.01831055
 0.02288818
 0.02960205
 0.03662109
 0.04364014
 0.04882813
 0.05157471
 0.05096436
 0.04669189
 0.03997803
 0.03143311
 0.02166748
 0.01190186
 0.00396729
-0.00183105
-0.00549316
-0.00579834
-0.00366211
 0.00000000
 0.00488281
 0.01007080
 0.01464844
 0.01739502
 0.01831055
 0.01647949
 0.01190186
 0.00579834
-0.00091553
-0.00793457
-0.01434326
-0.01892090
-0.02105713
-0.01983643
-0.01647949
-0.01129150
-0.00488281
 0.00152588
 0.00701904
 0.01129150
 0.01281738
 0.01129150
 0.00671387
 0.00000000
-0.00732422
-0.01495361
-0.02166748
-0.02716064
-0.03112793
-0.03234863
-0.03082275
-0.02655029
-0.02075195
-0.01556396
-0.01068115
-0.00732422
-0.00610352
-0.00701904
-0.00976563
-0.01434326
-0.02105713
-0.02868652
-0.03662109
-0.04272461
-0.04638672
-0.04791260
-0.04669189
-0.04272461
-0.03723145
-0.03143311
-0.02593994
-0.02136230
-0.01861572
-0.01800537
-0.01983643
-0.02349854
-0.02838135
-0.03356934
-0.03875732
-0.04302979
-0.04455566
-0.04486084
-0.04302979
-0.03906250
-0.03265381
-0.02532959
-0.01800537
-0.01190186
-0.00671387
-0.00366211
-0.00274658
-0.00457764
-0.00854492
-0.01373291
-0.01922607
-0.02380371
-0.02716064
-0.02838135
-0.02746582
-0.02441406
-0.01953125
-0.01342773
-0.00671387
-0.00091553
 0.00274658
 0.00518799
 0.00549316
 0.00305176
-0.00152588
-0.00671387
-0.01251221
-0.01800537
-0.02227783
-0.02410889
-0.02410889
-0.02197266
-0.01800537
-0.01281738
-0.00640869
 0.00000000
 0.00457764
 0.00732422
 0.00793457
 0.00701904
 0.00396729
-0.00061035
-0.00579834
-0.01007080
-0.01403809
-0.01617432
-0.01586914
-0.01312256
-0.00823975
-0.00122070
 0.00671387
 0.01434326
 0.02105713
 0.02532959
 0.02716064
 0.02685547
 0.02532959
 0.02166748
 0.01678467
 0.01190186
 0.00732422
 0.00427246
 0.00335693
 0.00457764
 0.00762939
 0.01159668
 0.01617432
 0.02136230
 0.02624512
 0.02990723
 0.03173828
 0.03021240
 0.02655029
 0.02136230
 0.01525879
 0.00885010
 0.00274658
-0.00152588
-0.00427246
-0.00549316
-0.00427246
-0.00122070
 0.00305176
 0.00762939
 0.01190186
 0.01556396
 0.01770020
 0.01708984
 0.01434326
 0.00976563
 0.00518799
 0.00000000
-0.00457764
-0.00823975
-0.01007080
-0.01007080
-0.00823975
-0.00457764
-0.00030518
 0.00366211
 0.00793457
 0.01190186
 0.01434326
 0.01495361
 0.01342773
 0.01098633
 0.00701904
 0.00244141
-0.00244141
-0.00610352
-0.00823975
-0.00854492
-0.00701904
-0.00335693
 0.00183105
 0.00701904
 0.01220703
 0.01647949
 0.01922607
 0.02044678
 0.01983643
 0.01770020
 0.01434326
 0.00976563
 0.00549316
 0.00213623
-0.00030518
-0.00122070
-0.00061035
 0.00183105
 0.00549316
 0.01007080
 0.01434326
 0.01800537
 0.02044678
 0.02136230
 0.02075195
 0.01892090
 0.01647949
 0.01220703
 0.00762939
 0.00396729
 0.00091553
-0.00122070
-0.00122070
 0.00091553
 0.00427246
 0.00885010
 0.01373291
 0.01800537
 0.02166748
 0.02380371
 0.02471924
 0.02319336
 0.02105713
 0.01861572
 0.01556396
 0.01220703
 0.00976563
 0.00823975
 0.00823975
 0.00885010
 0.01098633
 0.01373291
 0.01739502
 0.02075195
 0.02319336
 0.02471924
 0.02471924
 0.02349854
 0.02075195
 0.01708984
 0.01281738
 0.00823975
 0.00457764
 0.00152588
 0.00061035
 0.00122070
 0.00274658
 0.00488281
 0.00732422
 0.00976563
 0.01098633
 0.01159668
 0.01098633
 0.01007080
 0.00701904
 0.00305176
-0.00091553
-0.00488281
-0.00854492
-0.01068115
-0.01190186
-0.01220703
-0.01129150
-0.00946045
-0.00732422
-0.00549316
-0.00366211
-0.00244141
-0.00213623
-0.00274658
-0.00457764
-0.00793457
-0.01159668
-0.01495361
-0.01770020
-0.01983643
-0.02136230
-0.02136230
-0.01983643
-0.01708984
-0.01403809
-0.01068115
-0.00732422
-0.00427246
-0.00183105
-0.00122070
-0.00213623
-0.00396729
-0.00640869
-0.00885010
-0.01129150
-0.01312256
-0.01403809
-0.01403809
-0.01251221
-0.01068115
-0.00823975
-0.00579834
-0.00274658
-0.00091553
 0.00000000
 0.00000000
-0.00091553
-0.00244141
-0.00427246
-0.00701904
-0.01007080
-0.01159668
-0.01281738
-0.01281738
-0.01129150
-0.00885010
-0.00549316
-0.00152588
 0.00183105
 0.00488281
 0.00701904
 0.00793457
 0.00732422
 0.00640869
 0.00518799
 0.00335693
 0.00152588
 0.00000000
-0.00061035
-0.00061035
 0.00000000
 0.00152588
 0.00335693
 0.00579834
 0.00793457
 0.00946045
 0.01037598
 0.01098633
 0.01068115
 0.00976563
 0.00823975
 0.00610352
 0.00366211
 0.00213623
 0.00091553
 0.00122070
 0.00213623
 0.00305176
 0.00427246
 0.00579834
 0.00732422
 0.00823975
 0.00823975
 0.00762939
 0.00640869
 0.00457764
 0.00244141
 0.00000000
-0.00274658
-0.00488281
-0.00640869
-0.00701904
-0.00671387
-0.00640869
-0.00518799
-0.00366211
-0.00274658
-0.00213623
-0.00183105
-0.00183105
-0.00213623
-0.00305176
-0.00488281
-0.00671387
-0.00823975
-0.00946045
-0.00946045
-0.00885010
-0.00762939
-0.00610352
-0.00488281
-0.00305176
-0.00122070
 0.00122070
 0.00335693
 0.00396729
 0.00396729
 0.00305176
 0.00122070
-0.00030518
-0.00213623
-0.00396729
-0.00518799
-0.00518799
-0.00457764
-0.00335693
-0.00213623
-0.00122070
-0.00030518
 0.00030518
 0.00061035
 0.00061035
 0.00000000
-0.00091553
-0.00183105
-0.00305176
-0.00457764
-0.00579834
-0.00610352
-0.00610352
-0.00579834
-0.00488281
-0.00396729
-0.00213623
 0.00000000
 0.00122070
 0.00183105
 0.00183105
 0.00122070
 0.00030518
-0.00091553
-0.00244141
-0.00427246
-0.00579834
-0.00579834
-0.00579834
-0.00518799
-0.00427246
-0.00335693
-0.00305176
-0.00244141
-0.00213623
-0.00152588
-0.00152588
-0.00244141
-0.00396729
-0.00610352
-0.00762939
-0.00915527
-0.01007080
-0.01098633
-0.01159668
-0.01098633
-0.01037598
-0.00915527
-0.00823975
-0.00671387
-0.00549316
-0.00488281
-0.00457764
-0.00518799
-0.00579834
-0.00701904
-0.00793457
-0.00885010
-0.00946045
-0.01007080
-0.01007080
-0.00976563
-0.00885010
-0.00762939
-0.00610352
-0.00518799
-0.00457764
-0.00396729
-0.00366211
-0.00396729
-0.00518799
-0.00671387
-0.00732422
-0.00793457
-0.00854492
-0.00854492
-0.00793457
-0.00701904
-0.00610352
-0.00518799
-0.00396729
-0.00274658
-0.00122070
-0.00030518
 0.00000000
-0.00061035
-0.00152588
-0.00244141
-0.00366211
-0.00457764
-0.00549316
-0.00579834
-0.00549316
-0.00549316
-0.00518799
-0.00427246
-0.00335693
-0.00274658
-0.00244141
-0.00244141
-0.00305176
-0.00335693
-0.00427246
-0.00549316
-0.00640869
-0.00732422
-0.00762939
-0.00701904
-0.00579834
-0.00457764
-0.00274658
-0.00061035
 0.00091553
 0.00244141
 0.00396729
 0.00457764
 0.00518799
 0.00549316
 0.00579834
 0.00579834
 0.00518799
 0.00488281
 0.00457764
 0.00488281
 0.00610352
 0.00762939
 0.00915527
 0.01037598
 0.01190186
 0.01342773
 0.01403809
 0.01403809
 0.01373291
 0.01342773
 0.01312256
 0.01220703
 0.01098633
 0.01007080
 0.00976563
 0.01007080
 0.01068115
 0.01190186
 0.01281738
 0.01403809
 0.01525879
 0.01678467
 0.01770020
 0.01831055
 0.01770020
 0.01678467
 0.01556396
 0.01464844
 0.01342773
 0.01220703
 0.01129150
 0.01098633
 0.01129150
 0.01220703
 0.01373291
 0.01525879
 0.01617432
 0.01708984
 0.01770020
 0.01800537
 0.01770020
 0.01617432
 0.01464844
 0.01312256
 0.01159668
 0.01068115
 0.00946045
 0.00854492
 0.00885010
 0.00946045
 0.01068115
 0.01220703
 0.01342773
 0.01434326
 0.01495361
 0.01495361
 0.01464844
 0.01342773
 0.01159668
 0.00946045
 0.00732422
 0.00549316
 0.00396729
 0.00274658
 0.00244141
 0.00274658
 0.00396729
 0.00518799
 0.00640869
 0.00732422
 0.00823975
 0.00823975
 0.00762939
 0.00640869
 0.00427246
 0.00183105
-0.00030518
-0.00213623
-0.00396729
-0.00518799
-0.00579834
-0.00579834
-0.00488281
-0.00366211
-0.00244141
-0.00122070
 0.00000000
 0.00091553
 0.00091553
 0.00030518
-0.00122070
-0.00335693
-0.00518799
-0.00671387
-0.00854492
-0.00946045
-0.01007080
-0.00976563
-0.00885010
-0.00762939
-0.00640869
-0.00579834
-0.00549316
-0.00488281
-0.00427246
-0.00518799
-0.00671387
-0.00915527
-0.01159668
-0.01373291
-0.01525879
-0.01647949
-0.01770020
-0.01800537
-0.01739502
-0.01586914
-0.01464844
-0.01373291
-0.01281738
-0.01251221
-0.01220703
-0.01312256
-0.01464844
-0.01678467
-0.01892090
-0.02075195
-0.02227783
-0.02380371
-0.02410889
-0.02349854
-0.02258301
-0.02105713
-0.01922607
-0.01770020
-0.01617432
-0.01525879
-0.01495361
-0.01556396
-0.01739502
-0.01892090
-0.02044678
-0.02227783
-0.02349854
-0.02410889
-0.02441406
-0.02410889
-0.02288818
-0.02075195
-0.01800537
-0.01556396
-0.01312256
-0.01129150
-0.01007080
-0.01007080
-0.01098633
-0.01220703
-0.01403809
-0.01556396
-0.01678467
-0.01800537
-0.01831055
-0.01770020
-0.01617432
-0.01342773
-0.01068115
-0.00823975
-0.00610352
-0.00396729
-0.00213623
-0.00091553
-0.00122070
-0.00244141
-0.00396729
-0.00488281
-0.00579834
-0.00640869
-0.00640869
-0.00579834
-0.00457764
-0.00244141
 0.00000000
 0.00274658
 0.00518799
 0.00762939
 0.00885010
 0.00946045
 0.01007080
 0.00946045
 0.00854492
 0.00732422
 0.00671387
 0.00610352
 0.00579834
 0.00640869
 0.00793457
 0.01007080
 0.01220703
 0.01434326
 0.01647949
 0.01892090
 0.02044678
 0.02105713
 0.02075195
 0.02014160
 0.01861572
 0.01678467
 0.01525879
 0.01403809
 0.01312256
 0.01281738
 0.01373291
 0.01464844
 0.01647949
 0.01892090
 0.02075195
 0.02227783
 0.02319336
 0.02319336
 0.02288818
 0.02166748
 0.01953125
 0.01678467
 0.01373291
 0.01220703
 0.01098633
 0.01007080
 0.00976563
 0.01007080
 0.01159668
 0.01312256
 0.01464844
 0.01586914
 0.01647949
 0.01617432
 0.01495361
 0.01403809
 0.01220703
 0.00976563
 0.00732422
 0.00488281
 0.00335693
 0.00274658
 0.00274658
 0.00305176
 0.00366211
 0.00396729
 0.00518799
 0.00640869
 0.00701904
 0.00640869
 0.00549316
 0.00396729
 0.00152588
-0.00122070
-0.00366211
-0.00579834
-0.00732422
-0.00854492
-0.00885010
-0.00854492
-0.00793457
-0.00671387
-0.00518799
-0.00366211
-0.00305176
-0.00274658
-0.00305176
-0.00427246
-0.00640869
-0.00915527
-0.01190186
-0.01464844
-0.01708984
-0.01831055
-0.01861572
-0.01831055
-0.01708984
-0.01556396
-0.01342773
-0.01129150
-0.00946045
-0.00823975
-0.00823975
-0.00854492
-0.00976563
-0.01129150
-0.01312256
-0.01525879
-0.01708984
-0.01739502
-0.01678467
-0.01495361
-0.01312256
-0.01068115
-0.00762939
-0.00427246
-0.00152588
 0.00061035
 0.00244141
 0.00274658
 0.00213623
 0.00091553
-0.00091553
-0.00335693
-0.00457764
-0.00518799
-0.00488281
-0.00457764
-0.00305176
-0.00122070
 0.00122070
 0.00427246
 0.00701904
 0.00915527
 0.01037598
 0.01037598
 0.01007080
 0.00946045
 0.00854492
 0.00701904
 0.00518799
 0.00396729
 0.00335693
 0.00366211
 0.00488281
 0.00732422
 0.01068115
 0.01464844
 0.01708984
 0.01831055
 0.01892090
 0.01892090
 0.01831055
 0.01708984
 0.01525879
 0.01342773
 0.01129150
 0.01007080
 0.01037598
 0.01129150
 0.01251221
 0.01373291
 0.01525879
 0.01739502
 0.01953125
 0.02044678
 0.02105713
 0.02136230
 0.02136230
 0.01983643
 0.01739502
 0.01495361
 0.01251221
 0.01037598
 0.00915527
 0.00854492
 0.00946045
 0.01159668
 0.01464844
 0.01739502
 0.01831055
 0.01861572
 0.01770020
 0.01678467
 0.01556396
 0.01373291
 0.01129150
 0.00885010
 0.00640869
 0.00396729
 0.00183105
 0.00000000
-0.00122070
-0.00091553
 0.00061035
 0.00213623
 0.00305176
 0.00457764
 0.00579834
 0.00549316
 0.00366211
 0.00152588
-0.00061035
-0.00305176
-0.00549316
-0.00762939
-0.00915527
-0.00946045
-0.00915527
-0.00885010
-0.00793457
-0.00671387
-0.00579834
-0.00427246
-0.00366211
-0.00335693
-0.00396729
-0.00518799
-0.00732422
-0.00976563
-0.01251221
-0.01525879
-0.01708984
-0.01861572
-0.01922607
-0.01892090
-0.01800537
-0.01708984
-0.01617432
-0.01525879
-0.01495361
-0.01495361
-0.01556396
-0.01678467
-0.01800537
-0.02014160
-0.02258301
-0.02471924
-0.02624512
-0.02716064
-0.02685547
-0.02563477
-0.02410889
-0.02227783
-0.02014160
-0.01861572
-0.01708984
-0.01617432
-0.01586914
-0.01586914
-0.01678467
-0.01800537
-0.01892090
-0.02014160
-0.02136230
-0.02166748
-0.02166748
-0.02075195
-0.01892090
-0.01678467
-0.01403809
-0.01190186
-0.01007080
-0.00854492
-0.00793457
-0.00732422
-0.00762939
-0.00823975
-0.00946045
-0.01037598
-0.01037598
-0.01037598
-0.00976563
-0.00915527
-0.00732422
-0.00518799
-0.00305176
-0.00091553
 0.00091553
 0.00305176
 0.00488281
 0.00610352
 0.00549316
 0.00427246
 0.00305176
 0.00213623
 0.00091553
 0.00030518
 0.00000000
 0.00091553
 0.00183105
 0.00335693
 0.00488281
 0.00671387
 0.00854492
 0.00976563
 0.01098633
 0.01190186
 0.01159668
 0.01068115
 0.00946045
 0.00854492
 0.00793457
 0.00671387
 0.00640869
 0.00671387
 0.00701904
 0.00793457
 0.00946045
 0.01159668
 0.01312256
 0.01403809
 0.01464844
 0.01464844
 0.01342773
 0.01220703
 0.01098633
 0.00946045
 0.00823975
 0.00671387
 0.00610352
 0.00579834
 0.00579834
 0.00610352
 0.00701904
 0.00793457
 0.00885010
 0.00946045
 0.01037598
 0.01098633
 0.01068115
 0.00946045
 0.00823975
 0.00732422
 0.00579834
 0.00457764
 0.00274658
 0.00152588
 0.00122070
 0.00183105
 0.00213623
 0.00274658
 0.00366211
 0.00518799
 0.00610352
 0.00610352
 0.00579834
 0.00549316
 0.00427246
 0.00244141
 0.00091553
-0.00061035
-0.00183105
-0.00305176
-0.00366211
-0.00396729
-0.00366211
-0.00274658
-0.00152588
-0.00091553
-0.00030518
-0.00061035
-0.00091553
-0.00183105
-0.00335693
-0.00427246
-0.00518799
-0.00579834
-0.00701904
-0.00823975
-0.00854492
-0.00762939
-0.00671387
-0.00579834
-0.00457764
-0.00305176
-0.00183105
-0.00030518
 0.00000000
 0.00000000
-0.00061035
-0.00091553
-0.00183105
-0.00305176
-0.00366211
-0.00366211
-0.00366211
-0.00366211
-0.00244141
-0.00122070
 0.00030518
 0.00152588
 0.00274658
 0.00335693
 0.00366211
 0.00366211
 0.00335693
 0.00274658
 0.00213623
 0.00091553
 0.00030518
-0.00091553
-0.00122070
-0.00091553
 0.00030518
 0.00091553
 0.00183105
 0.00274658
 0.00427246
 0.00518799
 0.00549316
 0.00488281
 0.00366211
 0.00274658
 0.00183105
 0.00091553
-0.00030518
-0.00183105
-0.00305176
-0.00335693
-0.00305176
-0.00213623
-0.00152588
-0.00061035
 0.00000000
 0.00030518
 0.00030518
 0.00030518
-0.00030518
-0.00122070
-0.00244141
-0.00366211
-0.00457764
-0.00579834
-0.00610352
-0.00579834
-0.00518799
-0.00427246
-0.00305176
-0.00152588
 0.00000000
 0.00122070
 0.00183105
 0.00244141
 0.00183105
 0.00122070
 0.00091553
 0.00030518
-0.00061035
-0.00183105
-0.00213623
-0.00244141
-0.00244141
-0.00183105
-0.00030518
 0.00122070
 0.00274658
 0.00396729
 0.00427246
 0.00457764
 0.00457764
 0.00457764
 0.00335693
 0.00183105
 0.00061035
-0.00030518
-0.00061035
-0.00091553
-0.00122070
-0.00122070
-0.00030518
 0.00152588
 0.00305176
 0.00396729
 0.00488281
 0.00549316
 0.00549316
 0.00549316
 0.00518799
 0.00396729
 0.00213623
 0.00061035
-0.00061035
-0.00152588
-0.00244141
-0.00244141
-0.00213623
-0.00183105
-0.00152588
-0.00091553
-0.00030518
 0.00061035
 0.00061035
 0.00030518
-0.00061035
-0.00152588
-0.00305176
-0.00457764
-0.00549316
-0.00610352
-0.00610352
-0.00610352
-0.00610352
-0.00549316
-0.00457764
-0.00335693
-0.00244141
-0.00152588
-0.00122070
-0.00122070
-0.00152588
-0.00213623
-0.00366211
-0.00457764
-0.00549316
-0.00640869
-0.00701904
-0.00732422
-0.00701904
-0.00640869
-0.00518799
-0.00457764
-0.00396729
-0.00335693
-0.00335693
-0.00305176
-0.00274658
-0.00305176
-0.00427246
-0.00518799
-0.00549316
-0.00549316
-0.00579834
-0.00579834
-0.00518799
-0.00396729
-0.00244141
-0.00091553
 0.00061035
 0.00213623
 0.00305176
 0.00366211
 0.00396729
 0.00427246
 0.00396729
 0.00335693
 0.00213623
 0.00091553
 0.00030518
 0.00000000
-0.00091553
-0.00091553
-0.00030518
 0.00091553
 0.00183105
 0.00244141
 0.00244141
 0.00274658
 0.00274658
 0.00213623
 0.00122070
 0.00030518
-0.00061035
-0.00122070
-0.00122070
-0.00091553
-0.00122070
-0.00122070
-0.00030518
 0.00091553
 0.00152588
 0.00213623
 0.00335693
 0.00457764
 0.00518799
 0.00518799
 0.00457764
 0.00396729
 0.00274658
 0.00122070
 0.00030518
 0.00000000
 0.00030518
 0.00091553
 0.00183105
 0.00274658
 0.00366211
 0.00457764
 0.00518799
 0.00579834
 0.00640869
 0.00671387
 0.00701904
 0.00610352
 0.00518799
 0.00427246
 0.00427246
 0.00366211
 0.00335693
 0.00427246
 0.00518799
 0.00640869
 0.00793457
 0.00885010
 0.01007080
 0.01098633
 0.01129150
 0.01129150
 0.01068115
 0.00976563
 0.00854492
 0.00732422
 0.00549316
 0.00396729
 0.00274658
 0.00244141
 0.00213623
 0.00213623
 0.00213623
 0.00244141
 0.00213623
 0.00213623
 0.00183105
 0.00183105
 0.00122070
 0.00061035
 0.00000000
-0.00152588
-0.00274658
-0.00335693
-0.00427246
-0.00488281
-0.00549316
-0.00549316
-0.00518799
-0.00427246
-0.00396729
-0.00366211
-0.00366211
-0.00366211
-0.00335693
-0.00396729
-0.00488281
-0.00579834
-0.00640869
-0.00671387
-0.00762939
-0.00885010
-0.00915527
-0.00946045
-0.00946045
-0.00915527
-0.00885010
-0.00854492
-0.00885010
-0.00946045
-0.00976563
-0.01007080
-0.01068115
-0.01159668
-0.01251221
-0.01312256
-0.01312256
-0.01312256
-0.01251221
-0.01159668
-0.01129150
-0.01098633
-0.01068115
-0.01007080
-0.00976563
-0.00915527
-0.00885010
-0.00854492
-0.00823975
-0.00823975
-0.00885010
-0.00976563
-0.01007080
-0.01007080
-0.00946045
-0.00854492
-0.00793457
-0.00732422
-0.00640869
-0.00549316
-0.00427246
-0.00366211
-0.00305176
-0.00274658
-0.00244141
-0.00274658
-0.00274658
-0.00244141
-0.00152588
-0.00061035
 0.00000000
 0.00061035
 0.00213623
 0.00396729
 0.00518799
 0.00579834
 0.00701904
 0.00823975
 0.00946045
 0.01007080
 0.01037598
 0.01037598
 0.01037598
 0.01098633
 0.01159668
 0.01190186
 0.01220703
 0.01220703
 0.01251221
 0.01373291
 0.01464844
 0.01525879
 0.01586914
 0.01647949
 0.01678467
 0.01739502
 0.01739502
 0.01708984
 0.01678467
 0.01647949
 0.01647949
 0.01647949
 0.01678467
 0.01708984
 0.01770020
 0.01831055
 0.01892090
 0.01983643
 0.02044678
 0.02075195
 0.02136230
 0.02197266
 0.02166748
 0.02105713
 0.02075195
 0.01983643
 0.01861572
 0.01770020
 0.01678467
 0.01647949
 0.01525879
 0.01464844
 0.01464844
 0.01434326
 0.01403809
 0.01403809
 0.01403809
 0.01342773
 0.01251221
 0.01129150
 0.01068115
 0.01007080
 0.00976563
 0.00885010
 0.00762939
 0.00671387
 0.00640869
 0.00579834
 0.00518799
 0.00518799
 0.00549316
 0.00549316
 0.00518799
 0.00488281
 0.00457764
 0.00366211
 0.00274658
 0.00183105
 0.00061035
-0.00030518
-0.00183105
-0.00305176
-0.00366211
-0.00427246
-0.00518799
-0.00518799
-0.00579834
-0.00640869
-0.00640869
-0.00671387
-0.00793457
-0.00915527
-0.00946045
-0.00976563
-0.01068115
-0.01220703
-0.01373291
-0.01434326
-0.01464844
-0.01495361
-0.01464844
-0.01434326
-0.01403809
-0.01403809
-0.01464844
-0.01495361
-0.01586914
-0.01708984
-0.01831055
-0.01922607
-0.01983643
-0.02075195
-0.02166748
-0.02288818
-0.02319336
-0.02319336
-0.02349854
-0.02410889
-0.02441406
-0.02441406
-0.02410889
-0.02410889
-0.02380371
-0.02410889
-0.02471924
-0.02532959
-0.02624512
-0.02624512
-0.02563477
-0.02532959
-0.02502441
-0.02441406
-0.02349854
-0.02258301
-0.02166748
-0.02044678
-0.01892090
-0.01800537
-0.01708984
-0.01617432
-0.01586914
-0.01525879
-0.01495361
-0.01525879
-0.01525879
-0.01495361
-0.01464844
-0.01403809
-0.01281738
-0.01220703
-0.01098633
-0.01007080
-0.00885010
-0.00793457
-0.00701904
-0.00640869
-0.00579834
-0.00518799
-0.00488281
-0.00457764
-0.00396729
-0.00305176
-0.00213623
-0.00122070
-0.00030518
 0.00091553
 0.00213623
 0.00335693
 0.00457764
 0.00549316
 0.00640869
 0.00701904
 0.00762939
 0.00823975
 0.00915527
 0.00976563
 0.01037598
 0.01037598
 0.01068115
 0.01129150
 0.01159668
 0.01190186
 0.01220703
 0.01281738
 0.01312256
 0.01373291
 0.01373291
 0.01373291
 0.01373291
 0.01403809
 0.01434326
 0.01434326
 0.01464844
 0.01525879
 0.01556396
 0.01586914
 0.01678467
 0.01739502
 0.01770020
 0.01831055
 0.01861572
 0.01861572
 0.01861572
 0.01861572
 0.01800537
 0.01739502
 0.01647949
 0.01617432
 0.01556396
 0.01464844
 0.01403809
 0.01373291
 0.01312256
 0.01281738
 0.01251221
 0.01159668
 0.01068115
 0.00946045
 0.00823975
 0.00732422
 0.00610352
 0.00518799
 0.00427246
 0.00305176
 0.00213623
 0.00152588
 0.00152588
 0.00091553
 0.00030518
 0.00000000
-0.00030518
-0.00061035
-0.00091553
-0.00122070
-0.00152588
-0.00183105
-0.00213623
-0.00305176
-0.00335693
-0.00427246
-0.00488281
-0.00579834
-0.00610352
-0.00610352
-0.00610352
-0.00640869
-0.00701904
-0.00701904
-0.00732422
-0.00701904
-0.00732422
-0.00793457
-0.00854492
-0.00885010
-0.00946045
-0.01007080
-0.01037598
-0.01037598
-0.01037598
-0.01068115
-0.01098633
-0.01098633
-0.01098633
-0.01098633
-0.01098633
-0.01037598
-0.00976563
-0.00976563
-0.01007080
-0.01037598
-0.01098633
-0.01129150
-0.01129150
-0.01098633
-0.01098633
-0.01098633
-0.01098633
-0.01068115
-0.01068115
-0.01098633
-0.01068115
-0.01068115
-0.00976563
-0.00946045
-0.00915527
-0.00885010
-0.00885010
-0.00946045
-0.00946045
-0.00915527
-0.00854492
-0.00762939
-0.00732422
-0.00671387
-0.00610352
-0.00488281
-0.00396729
-0.00305176
-0.00274658
-0.00244141
-0.00213623
-0.00183105
-0.00152588
-0.00091553
-0.00061035
-0.00030518
-0.00030518
-0.00030518
 0.00030518
 0.00122070
 0.00244141
 0.00335693
 0.00427246
 0.00518799
 0.00579834
 0.00640869
 0.00671387
 0.00732422
 0.00762939
 0.00793457
 0.00854492
 0.00885010
 0.00915527
 0.01007080
 0.01129150
 0.01220703
 0.01281738
 0.01373291
 0.01495361
 0.01647949
 0.01739502
 0.01800537
 0.01831055
 0.01861572
 0.01892090
 0.01922607
 0.01892090
 0.01892090
 0.01861572
 0.01861572
 0.01922607
 0.01953125
 0.01892090
 0.01892090
 0.01953125
 0.01953125
 0.01922607
 0.01922607
 0.01922607
 0.01922607
 0.01861572
 0.01739502
 0.01586914
 0.01525879
 0.01464844
 0.01403809
 0.01312256
 0.01251221
 0.01190186
 0.01220703
 0.01220703
 0.01190186
 0.01129150
 0.01098633
 0.01068115
 0.01007080
 0.00946045
 0.00854492
 0.00762939
 0.00671387
 0.00610352
 0.00488281
 0.00396729
 0.00335693
 0.00274658
 0.00244141
 0.00213623
 0.00183105
 0.00152588
 0.00122070
 0.00030518
-0.00061035
-0.00152588
-0.00213623
-0.00335693
-0.00427246
-0.00457764
-0.00457764
-0.00457764
-0.00488281
-0.00488281
-0.00518799
-0.00518799
-0.00457764
-0.00457764
-0.00488281
-0.00488281
-0.00518799
-0.00549316
-0.00610352
-0.00701904
-0.00762939
-0.00793457
-0.00885010
-0.00915527
-0.00946045
-0.01007080
-0.01068115
-0.01068115
-0.01007080
-0.01037598
-0.01068115
-0.01098633
-0.01159668
-0.01190186
-0.01281738
-0.01373291
-0.01434326
-0.01464844
-0.01464844
-0.01495361
-0.01525879
-0.01525879
-0.01525879
-0.01464844
-0.01403809
-0.01342773
-0.01373291
-0.01403809
-0.01403809
-0.01434326
-0.01464844
-0.01495361
-0.01495361
-0.01495361
-0.01495361
-0.01464844
-0.01495361
-0.01525879
-0.01464844
-0.01373291
-0.01312256
-0.01281738
-0.01220703
-0.01159668
-0.01129150
-0.01098633
-0.01129150
-0.01129150
-0.01129150
-0.01129150
-0.01129150
-0.01098633
-0.01037598
-0.00915527
-0.00823975
-0.00732422
-0.00701904
-0.00610352
-0.00549316
-0.00457764
-0.00366211
-0.00305176
-0.00274658
-0.00213623
-0.00244141
-0.00213623
-0.00213623
-0.00183105
-0.00122070
-0.00061035
-0.00030518
 0.00030518
 0.00091553
 0.00152588
 0.00244141
 0.00274658
 0.00305176
 0.00274658
 0.00305176
 0.00366211
 0.00396729
 0.00366211
 0.00366211
 0.00457764
 0.00579834
 0.00640869
 0.00701904
 0.00793457
 0.00915527
 0.00976563
 0.01007080
 0.01037598
 0.01007080
 0.00976563
 0.00976563
 0.00976563
 0.00976563
 0.00946045
 0.00854492
 0.00823975
 0.00823975
 0.00823975
 0.00885010
 0.00915527
 0.00946045
 0.00976563
 0.00946045
 0.00976563
 0.00976563
 0.00915527
 0.00793457
 0.00671387
 0.00579834
 0.00488281
 0.00396729
 0.00366211
 0.00366211
 0.00335693
 0.00335693
 0.00335693
 0.00366211
 0.00396729
 0.00396729
 0.00427246
 0.00427246
 0.00427246
 0.00427246
 0.00366211
 0.00305176
 0.00213623
 0.00183105
 0.00122070
 0.00122070
 0.00122070
 0.00122070
 0.00091553
 0.00122070
 0.00183105
 0.00183105
 0.00183105
 0.00183105
 0.00152588
 0.00122070
 0.00122070
 0.00091553
 0.00030518
 0.00000000
 0.00000000
 0.00000000
 0.00000000
 0.00030518
 0.00091553
 0.00183105
 0.00274658
 0.00305176
 0.00305176
 0.00335693
 0.00335693
 0.00396729
 0.00396729
 0.00335693
 0.00244141
 0.00213623
 0.00213623
 0.00244141
 0.00244141
 0.00244141
 0.00274658
 0.00366211
 0.00427246
 0.00427246
 0.00457764
 0.00488281
 0.00549316
 0.00579834
 0.00549316
 0.00549316
 0.00549316
 0.00518799
 0.00457764
 0.00396729
 0.00457764
 0.00549316
 0.00640869
 0.00671387
 0.00701904
 0.00732422
 0.00823975
 0.00915527
 0.00976563
 0.00976563
 0.00946045
 0.00915527
 0.00823975
 0.00732422
 0.00671387
 0.00610352
 0.00579834
 0.00549316
 0.00488281
 0.00488281
 0.00549316
 0.00640869
 0.00640869
 0.00610352
 0.00579834
 0.00549316
 0.00518799
 0.00457764
 0.00335693
 0.00244141
 0.00213623
 0.00152588
 0.00061035
 0.00030518
 0.00030518
 0.00000000
 0.00030518
 0.00061035
 0.00091553
 0.00122070
 0.00183105
 0.00244141
 0.00213623
 0.00122070
 0.00000000
-0.00122070
-0.00183105
-0.00274658
-0.00305176
-0.00335693
-0.00305176
-0.00274658
-0.00213623
-0.00152588
-0.00152588
-0.00122070
-0.00122070
-0.00122070
-0.00091553
-0.00152588
-0.00244141
-0.00335693
-0.00427246
-0.00488281
-0.00549316
-0.00610352
-0.00579834
-0.00518799
-0.00457764
-0.00366211
-0.00305176
-0.00274658
-0.00213623
-0.00183105
-0.00183105
-0.00244141
-0.00366211
-0.00457764
-0.00549316
-0.00640869
-0.00701904
-0.00762939
-0.00793457
-0.00823975
-0.00762939
-0.00671387
-0.00579834
-0.00518799
-0.00518799
-0.00579834
-0.00549316
-0.00579834
-0.00610352
-0.00671387
-0.00762939
-0.00854492
-0.00915527
-0.00976563
-0.00976563
-0.00976563
-0.00946045
-0.00915527
-0.00823975
-0.00762939
-0.00701904
-0.00671387
-0.00671387
-0.00671387
-0.00701904
-0.00762939
-0.00793457
-0.00823975
-0.00885010
-0.00976563
-0.00976563
-0.00915527
-0.00854492
-0.00793457
-0.00701904
-0.00640869
-0.00610352
-0.00579834
-0.00579834
-0.00518799
-0.00518799
-0.00518799
-0.00549316
-0.00610352
-0.00610352
-0.00640869
-0.00671387
-0.00640869
-0.00549316
-0.00427246
-0.00335693
-0.00244141
-0.00152588
-0.00061035
 0.00030518
 0.00061035
 0.00122070
 0.00152588
 0.00122070
 0.00091553
 0.00091553
 0.00061035
 0.00061035
 0.00122070
 0.00213623
 0.00305176
 0.00335693
 0.00366211
 0.00427246
 0.00457764
 0.00518799
 0.00549316
 0.00518799
 0.00488281
 0.00457764
 0.00427246
 0.00427246
 0.00427246
 0.00488281
 0.00488281
 0.00488281
 0.00518799
 0.00549316
 0.00579834
 0.00579834
 0.00579834
 0.00579834
 0.00610352
 0.00579834
 0.00518799
 0.00488281
 0.00427246
 0.00366211
 0.00305176
 0.00274658
 0.00274658
 0.00274658
 0.00305176
 0.00305176
 0.00305176
 0.00366211
 0.00396729
 0.00396729
 0.00335693
 0.00274658
 0.00183105
 0.00091553
 0.00030518
-0.00061035
-0.00122070
-0.00213623
-0.00274658
-0.00305176
-0.00274658
-0.00244141
-0.00244141
-0.00213623
-0.00183105
-0.00152588
-0.00152588
-0.00183105
-0.00274658
-0.00305176
-0.00305176
-0.00366211
-0.00427246
-0.00488281
-0.00549316
-0.00579834
-0.00610352
-0.00610352
-0.00610352
-0.00549316
-0.00518799
-0.00457764
-0.00457764
-0.00518799
-0.00549316
-0.00579834
-0.00610352
-0.00671387
-0.00732422
-0.00762939
-0.00793457
-0.00793457
-0.00762939
-0.00732422
-0.00671387
-0.00579834
-0.00518799
-0.00488281
-0.00457764
-0.00427246
-0.00427246
-0.00457764
-0.00457764
-0.00518799
-0.00610352
-0.00610352
-0.00549316
-0.00488281
-0.00518799
-0.00518799
-0.00457764
-0.00427246
-0.00396729
-0.00396729
-0.00335693
-0.00305176
-0.00305176
-0.00335693
-0.00396729
-0.00396729
-0.00396729
-0.00366211
-0.00335693
-0.00335693
-0.00305176
-0.00274658
-0.00213623
-0.00152588
-0.00091553
-0.00030518
 0.00030518
 0.00030518
 0.00030518
 0.00030518
 0.00061035
 0.00061035
 0.00030518
 0.00030518
 0.00061035
 0.00122070
 0.00183105
 0.00244141
 0.00305176
 0.00396729
