-0.00091553
-0.00122070
-0.00091553
-0.00030518
 0.00000000
-0.00030518
-0.00091553
-0.00122070
-0.00091553
-0.00061035
-0.00030518
 0.00000000
-0.00030518
-0.00061035
-0.00061035
-0.00030518
-0.00030518
-0.00061035
-0.00061035
-0.00061035
-0.00091553
-0.00061035
-0.00030518
 0.00030518
 0.00030518
-0.00030518
 0.00000000
 0.00000000
 0.00061035
 0.00122070
 0.00152588
 0.00061035
-0.00152588
-0.00457764
-0.00701904
-0.00732422
-0.00488281
-0.00030518
 0.00396729
 0.00549316
 0.00122070
-0.00549316
-0.00793457
-0.00427246
-0.00061035
 0.00030518
 0.00518799
 0.01342773
 0.01251221
 0.00061035
-0.00701904
-0.00549316
-0.00549316
-0.00701904
-0.00244141
 0.00762939
 0.01342773
 0.00885010
-0.00061035
-0.00549316
-0.00335693
 0.00152588
 0.00213623
-0.00335693
-0.00671387
-0.00152588
 0.00915527
 0.01434326
 0.00671387
-0.00579834
-0.01037598
-0.00732422
-0.00152588
 0.00488281
 0.00671387
 0.00091553
-0.00518799
-0.00274658
 0.00427246
 0.00762939
 0.00457764
-0.00152588
-0.00732422
-0.00854492
-0.00183105
 0.01007080
 0.01678467
 0.01037598
-0.00457764
-0.01312256
-0.00946045
-0.00122070
 0.00335693
 0.00244141
 0.00000000
 0.00183105
 0.01068115
 0.02624512
 0.04455566
 0.06256104
 0.07781982
 0.08911133
 0.09552002
 0.09704590
 0.10070801
 0.11260986
 0.12725830
 0.13305664
 0.11474609
 0.06347656
 0.00000000
-0.03295898
-0.01983643
 0.01892090
 0.05065918
 0.04119873
-0.05279541
-0.18920898
-0.26031494
-0.23040771
-0.13275146
-0.02166748
 0.05310059
 0.07659912
 0.05462646
-0.00915527
-0.05981445
-0.06317139
-0.06011963
-0.08544922
-0.12573242
-0.12237549
-0.08148193
-0.04150391
-0.02014160
-0.02960205
-0.07507324
-0.10284424
-0.06988525
 0.00000000
 0.06195068
 0.09033203
 0.08728027
 0.05767822
 0.02593994
 0.01098633
 0.00823975
-0.01068115
-0.06439209
-0.10650635
-0.09063721
-0.03997803
 0.01251221
 0.04943848
 0.05798340
 0.00946045
-0.07324219
-0.12298584
-0.12908936
-0.11444092
-0.08331299
-0.04516602
-0.02197266
-0.03845215
-0.07965088
-0.09735107
-0.08392334
-0.05828857
-0.02960205
-0.00213623
 0.02685547
 0.05249023
 0.05645752
 0.02014160
-0.03997803
-0.09277344
-0.12176514
-0.12176514
-0.09887695
-0.06774902
-0.03967285
-0.01861572
-0.00701904
-0.00152588
 0.00793457
 0.03295898
 0.06622314
 0.08850098
 0.08636475
 0.07293701
 0.07629395
 0.09735107
 0.11962891
 0.12207031
 0.08789063
 0.03784180
 0.00915527
 0.00976563
 0.02258301
 0.02868652
 0.01098633
-0.02716064
-0.06011963
-0.07293701
-0.06317139
-0.03723145
-0.00671387
 0.01983643
 0.03814697
 0.05065918
 0.06195068
 0.07537842
 0.09399414
 0.11383057
 0.12664795
 0.12512207
 0.10894775
 0.07843018
 0.03784180
-0.00274658
-0.03417969
-0.05432129
-0.06408691
-0.06011963
-0.03997803
-0.01098633
 0.01159668
 0.01129150
-0.01739502
-0.05126953
-0.06530762
-0.05279541
-0.02105713
 0.01586914
 0.04608154
 0.06561279
 0.08941650
 0.13763428
 0.20416260
 0.26824951
 0.30303955
 0.26123047
 0.13427734
-0.00366211
-0.07843018
-0.08056641
-0.02471924
 0.06622314
 0.15319824
 0.19683838
 0.16906738
 0.04882813
-0.10772705
-0.21697998
-0.25512695
-0.23559570
-0.15960693
-0.04333496
 0.08209229
 0.18157959
 0.22766113
 0.21118164
 0.12542725
 0.01617432
-0.06713867
-0.13183594
-0.20507813
-0.27709961
-0.32562256
-0.32012939
-0.26641846
-0.16479492
-0.02197266
 0.12847900
 0.25604248
 0.32165527
 0.31707764
 0.23071289
 0.09643555
-0.02197266
-0.09765625
-0.14739990
-0.16632080
-0.14862061
-0.10070801
-0.03051758
 0.05279541
 0.13458252
 0.19317627
 0.20996094
 0.15625000
 0.06347656
 0.00335693
-0.00122070
 0.02349854
 0.05767822
 0.08392334
 0.08300781
 0.04455566
 0.00000000
-0.02349854
-0.02716064
-0.01495361
 0.01464844
 0.06164551
 0.12329102
 0.19317627
 0.26031494
 0.30853271
 0.30578613
 0.21331787
 0.05889893
-0.10192871
-0.23742676
-0.35614014
-0.40740967
-0.39550781
-0.32867432
-0.22552490
-0.08636475
 0.04852295
 0.14373779
 0.17700195
 0.13122559
 0.00640869
-0.13031006
-0.21514893
-0.25634766
-0.27465820
-0.27526855
-0.25909424
-0.22613525
-0.17700195
-0.11322021
-0.03662109
 0.04638672
 0.12084961
 0.17395020
 0.19531250
 0.16845703
 0.11291504
 0.06378174
 0.02532959
-0.01464844
-0.05279541
-0.07507324
-0.07080078
-0.04058838
 0.01037598
 0.07507324
 0.14373779
 0.20507813
 0.25115967
 0.27069092
 0.25451660
 0.22369385
 0.19439697
 0.15228271
 0.07690430
-0.03295898
-0.15716553
-0.26641846
-0.35125732
-0.37078857
-0.33874512
-0.28472900
-0.20324707
-0.11535645
-0.03997803
 0.00518799
 0.01373291
-0.03051758
-0.10009766
-0.15075684
-0.17852783
-0.19927979
-0.22033691
-0.24414063
-0.26916504
-0.28930664
-0.29663086
-0.28198242
-0.24108887
-0.17639160
-0.09277344
-0.00488281
 0.06896973
 0.11322021
 0.11596680
 0.06866455
 0.00762939
-0.03234863
-0.05798340
-0.07904053
-0.09490967
-0.10101318
-0.09277344
-0.06561279
-0.01983643
 0.04333496
 0.12268066
 0.21362305
 0.30944824
 0.37384033
 0.39123535
 0.36285400
 0.29785156
 0.18646240
 0.08575439
 0.00396729
-0.05554199
-0.08636475
-0.08819580
-0.06439209
-0.01739502
 0.05157471
 0.13671875
 0.22552490
 0.29907227
 0.32958984
 0.32592773
 0.28808594
 0.18280029
 0.07110596
-0.04180908
-0.15838623
-0.26031494
-0.33599854
-0.36102295
-0.33294678
-0.26763916
-0.15960693
-0.02471924
 0.11260986
 0.22918701
 0.30700684
 0.33142090
 0.28137207
 0.16174316
 0.02746582
-0.07873535
-0.16479492
-0.23040771
-0.26763916
-0.27435303
-0.25238037
-0.20538330
-0.13519287
-0.04699707
 0.05065918
 0.14434814
 0.21850586
 0.27313232
 0.30029297
 0.27893066
 0.21514893
 0.13824463
 0.06042480
-0.01617432
-0.07629395
-0.10498047
-0.09796143
-0.05920410
 0.00549316
 0.08728027
 0.17333984
 0.24810791
 0.30059814
 0.32348633
 0.29479980
 0.22583008
 0.14770508
 0.06958008
-0.01403809
-0.09552002
-0.16052246
-0.20141602
-0.21240234
-0.19195557
-0.14251709
-0.06835938
 0.01892090
 0.10223389
 0.16113281
 0.18463135
 0.15075684
 0.07110596
-0.00885010
-0.07049561
-0.12451172
-0.16906738
-0.19409180
-0.19409180
-0.17059326
-0.12695313
-0.06958008
-0.00640869
 0.05218506
 0.09887695
 0.12145996
 0.10375977
 0.05798340
 0.00823975
-0.04150391
-0.09613037
-0.14862061
-0.18890381
-0.21270752
-0.21789551
-0.20477295
-0.17486572
-0.12969971
-0.07202148
-0.00671387
 0.05859375
 0.11505127
 0.15136719
 0.14617920
 0.09613037
 0.03356934
-0.02197266
-0.07415771
-0.12054443
-0.15106201
-0.15808105
-0.13916016
-0.09643555
-0.03295898
 0.04638672
 0.13092041
 0.20568848
 0.26031494
 0.28564453
 0.25970459
 0.19500732
 0.12725830
 0.06713867
 0.00976563
-0.03692627
-0.06378174
-0.06805420
-0.05340576
-0.02441406
 0.01281738
 0.05401611
 0.09460449
 0.13031006
 0.15716553
 0.16906738
 0.16235352
 0.13519287
 0.09033203
 0.03356934
-0.02563477
-0.07843018
-0.11627197
-0.13458252
-0.13153076
-0.10772705
-0.06683350
-0.01556396
 0.03936768
 0.08941650
 0.12420654
 0.12695313
 0.09399414
 0.04669189
-0.00091553
-0.05157471
-0.10406494
-0.14892578
-0.17791748
-0.18768311
-0.17639160
-0.14648438
-0.10162354
-0.04730225
 0.01037598
 0.06408691
 0.10559082
 0.12084961
 0.09826660
 0.05401611
 0.00946045
-0.03204346
-0.06988525
-0.09643555
-0.10437012
-0.09338379
-0.06561279
-0.02532959
 0.02502441
 0.08026123
 0.13549805
 0.18432617
 0.21545410
 0.21453857
 0.18463135
 0.14556885
 0.10437012
 0.05767822
 0.01007080
-0.02929688
-0.05554199
-0.06652832
-0.06195068
-0.04425049
-0.01770020
 0.01190186
 0.03814697
 0.05432129
 0.05584717
 0.04333496
 0.02105713
-0.00885010
-0.04455566
-0.08331299
-0.11840820
-0.14556885
-0.16235352
-0.16754150
-0.16174316
-0.14648438
-0.12268066
-0.09307861
-0.06134033
-0.03326416
-0.01586914
-0.01647949
-0.03509521
-0.06469727
-0.09979248
-0.13641357
-0.16937256
-0.19317627
-0.20324707
-0.19744873
-0.17578125
-0.14099121
-0.09643555
-0.04669189
 0.00335693
 0.04821777
 0.07843018
 0.08483887
 0.07110596
 0.05157471
 0.03234863
 0.01159668
-0.00640869
-0.01678467
-0.01586914
-0.00427246
 0.01647949
 0.04455566
 0.07629395
 0.10742188
 0.13458252
 0.15350342
 0.16174316
 0.15899658
 0.14678955
 0.12573242
 0.09826660
 0.06744385
 0.03662109
 0.00854492
-0.01434326
-0.02960205
-0.03540039
-0.03082275
-0.01678467
 0.00457764
 0.02960205
 0.05432129
 0.07324219
 0.08209229
 0.07812500
 0.06347656
 0.04089355
 0.01281738
-0.01770020
-0.04669189
-0.07080078
-0.08636475
-0.09094238
-0.08453369
-0.06744385
-0.04150391
-0.00976563
 0.02288818
 0.05157471
 0.06927490
 0.07202148
 0.06011963
 0.03814697
 0.01159668
-0.01708984
-0.04516602
-0.06652832
-0.07873535
-0.08056641
-0.07141113
-0.05187988
-0.02502441
 0.00579834
 0.03601074
 0.06042480
 0.07476807
 0.07751465
 0.07141113
 0.05950928
 0.04302979
 0.02288818
 0.00274658
-0.01495361
-0.02685547
-0.03082275
-0.02502441
-0.00915527
 0.01495361
 0.04455566
 0.07537842
 0.10223389
 0.11840820
 0.12054443
 0.10803223
 0.08544922
 0.05493164
 0.02014160
-0.01556396
-0.04821777
-0.07385254
-0.08972168
-0.09490967
-0.08941650
-0.07537842
-0.05554199
-0.03417969
-0.01525879
-0.00305176
-0.00030518
-0.00793457
-0.02410889
-0.04486084
-0.06866455
-0.09246826
-0.11352539
-0.12847900
-0.13488770
-0.13214111
-0.12023926
-0.10101318
-0.07537842
-0.04699707
-0.01831055
 0.00610352
 0.02258301
 0.02807617
 0.02349854
 0.01098633
-0.00732422
-0.02929688
-0.05187988
-0.07110596
-0.08453369
-0.09002686
-0.08697510
-0.07507324
-0.05584717
-0.03204346
-0.00762939
 0.01403809
 0.02960205
 0.03814697
 0.04028320
 0.03784180
 0.03173828
 0.02288818
 0.01342773
 0.00579834
 0.00061035
 0.00030518
 0.00457764
 0.01464844
 0.03021240
 0.04974365
 0.07080078
 0.09002686
 0.10467529
 0.11108398
 0.10803223
 0.09735107
 0.08056641
 0.06011963
 0.03753662
 0.01464844
-0.00671387
-0.02349854
-0.03509521
-0.04058838
-0.03936768
-0.03234863
-0.02227783
-0.01098633
-0.00091553
 0.00610352
 0.00885010
 0.00610352
-0.00183105
-0.01281738
-0.02532959
-0.03723145
-0.04730225
-0.05310059
-0.05401611
-0.04913330
-0.03997803
-0.02655029
-0.01098633
 0.00549316
 0.02136230
 0.03448486
 0.04302979
 0.04608154
 0.04455566
 0.03875732
 0.03051758
 0.02197266
 0.01434326
 0.00946045
 0.00823975
 0.01159668
 0.01983643
 0.03326416
 0.05035400
 0.06805420
 0.08422852
 0.09765625
 0.10650635
 0.11016846
 0.10772705
 0.10009766
 0.08880615
 0.07415771
 0.05859375
 0.04394531
 0.03234863
 0.02502441
 0.02349854
 0.02716064
 0.03540039
 0.04608154
 0.05706787
 0.06683350
 0.07171631
 0.07049561
 0.06317139
 0.05126953
 0.03662109
 0.02136230
 0.00671387
-0.00610352
-0.01617432
-0.02288818
-0.02471924
-0.02197266
-0.01556396
-0.00610352
 0.00366211
 0.01159668
 0.01586914
 0.01586914
 0.01098633
 0.00183105
-0.00976563
-0.02227783
-0.03356934
-0.04272461
-0.04791260
-0.04821777
-0.04302979
-0.03326416
-0.02044678
-0.00579834
 0.00885010
 0.02227783
 0.03356934
 0.03936768
 0.03875732
 0.03234863
 0.02197266
 0.00946045
-0.00244141
-0.01312256
-0.02105713
-0.02532959
-0.02471924
-0.01983643
-0.01098633
 0.00122070
 0.01312256
 0.02258301
 0.02807617
 0.02899170
 0.02502441
 0.01708984
 0.00549316
-0.00762939
-0.02136230
-0.03448486
-0.04455566
-0.05126953
-0.05462646
-0.05493164
-0.05218506
-0.04730225
-0.04058838
-0.03356934
-0.02777100
-0.02502441
-0.02655029
-0.03265381
-0.04302979
-0.05676270
-0.07202148
-0.08666992
-0.09918213
-0.10864258
-0.11413574
-0.11596680
-0.11383057
-0.10833740
-0.10040283
-0.09185791
-0.08483887
-0.07995605
-0.07843018
-0.07995605
-0.08300781
-0.08728027
-0.09124756
-0.09338379
-0.09399414
-0.09155273
-0.08483887
-0.07385254
-0.05950928
-0.04272461
-0.02380371
-0.00488281
 0.01190186
 0.02502441
 0.03265381
 0.03479004
 0.03234863
 0.02624512
 0.01892090
 0.01159668
 0.00640869
 0.00335693
 0.00396729
 0.00854492
 0.01617432
 0.02563477
 0.03601074
 0.04608154
 0.05432129
 0.06011963
 0.06164551
 0.05859375
 0.05249023
 0.04455566
 0.03570557
 0.02655029
 0.01770020
 0.01037598
 0.00579834
 0.00427246
 0.00610352
 0.01068115
 0.01800537
 0.02593994
 0.03265381
 0.03753662
 0.03936768
 0.03753662
 0.03204346
 0.02288818
 0.01220703
 0.00152588
-0.00671387
-0.01251221
-0.01434326
-0.01190186
-0.00549316
 0.00335693
 0.01434326
 0.02532959
 0.03540039
 0.04455566
 0.05065918
 0.05310059
 0.05187988
 0.04821777
 0.04333496
 0.03784180
 0.03265381
 0.02868652
 0.02746582
 0.02929688
 0.03387451
 0.04058838
 0.04882813
 0.05706787
 0.06469727
 0.06988525
 0.07232666
 0.07202148
 0.06958008
 0.06500244
 0.05859375
 0.05187988
 0.04547119
 0.04058838
 0.03784180
 0.03784180
 0.04028320
 0.04455566
 0.05004883
 0.05645752
 0.06195068
 0.06683350
 0.06866455
 0.06713867
 0.06225586
 0.05401611
 0.04364014
 0.03204346
 0.02136230
 0.01190186
 0.00366211
-0.00305176
-0.00732422
-0.00976563
-0.01129150
-0.01159668
-0.01190186
-0.01312256
-0.01525879
-0.01892090
-0.02441406
-0.03204346
-0.04150391
-0.05249023
-0.06347656
-0.07324219
-0.07965088
-0.08270264
-0.08300781
-0.08087158
-0.07690430
-0.07202148
-0.06713867
-0.06317139
-0.06011963
-0.05859375
-0.05859375
-0.06072998
-0.06408691
-0.06713867
-0.06958008
-0.06927490
-0.06378174
-0.04821777
-0.01647949
 0.03417969
 0.10040283
 0.16937256
 0.22033691
 0.21270752
 0.09979248
-0.03417969
-0.05615234
 0.04669189
 0.22430420
 0.41473389
 0.40069580
 0.17608643
-0.09704590
-0.31799316
-0.34271240
-0.27526855
-0.20477295
-0.08789063
 0.05615234
 0.16906738
 0.21148682
 0.19042969
 0.07110596
-0.13763428
-0.32897949
-0.38848877
-0.25390625
-0.07812500
 0.04028320
 0.05889893
-0.02716064
-0.18859863
-0.34942627
-0.31005859
-0.25390625
-0.20080566
-0.10192871
 0.03875732
 0.13641357
 0.14862061
 0.10803223
 0.04852295
-0.04608154
-0.18005371
-0.24993896
-0.20111084
-0.06469727
 0.10894775
 0.31341553
 0.31860352
 0.13885498
-0.08026123
-0.21881104
-0.26580811
-0.28656006
-0.26031494
-0.17425537
-0.07995605
-0.03021240
-0.02624512
-0.07629395
-0.16418457
-0.21453857
-0.17700195
-0.07354736
 0.04302979
 0.12786865
 0.16784668
 0.14282227
 0.01739502
-0.12268066
-0.15380859
-0.10040283
-0.04211426
-0.00915527
 0.00549316
 0.01464844
 0.03540039
 0.09216309
 0.17089844
 0.23345947
 0.24047852
 0.16845703
 0.09002686
 0.06225586
 0.07415771
 0.11413574
 0.17364502
 0.21484375
 0.19470215
 0.10986328
 0.05798340
 0.08758545
 0.15960693
 0.23254395
 0.26611328
 0.22583008
 0.10528564
-0.00762939
-0.06134033
-0.07781982
-0.06500244
-0.01800537
 0.05310059
 0.11291504
 0.12634277
 0.07629395
 0.00640869
-0.02502441
-0.01647949
 0.01586914
 0.06286621
 0.10589600
 0.12634277
 0.10375977
 0.04241943
-0.02838135
-0.07354736
-0.06622314
-0.00488281
 0.08422852
 0.15930176
 0.19042969
 0.16174316
 0.08422852
 0.05004883
 0.09002686
 0.14434814
 0.16845703
 0.16387939
 0.16082764
 0.19958496
 0.26000977
 0.29724121
 0.17517090
-0.10070801
-0.42327881
-0.60638428
-0.57373047
-0.34362793
-0.03692627
 0.33569336
 0.54382324
 0.46020508
 0.18188477
-0.15655518
-0.45227051
-0.53802490
-0.48858643
-0.35003662
-0.16906738
 0.06439209
 0.32501221
 0.47668457
 0.46142578
 0.32501221
 0.14556885
-0.02929688
-0.10864258
-0.13427734
-0.14770508
-0.14404297
-0.10101318
 0.00183105
 0.16723633
 0.40649414
 0.48461914
 0.38085938
 0.16967773
-0.11627197
-0.39459229
-0.44067383
-0.35156250
-0.20446777
-0.05401611
 0.06927490
 0.15319824
 0.20172119
 0.23498535
 0.24780273
 0.23406982
 0.19470215
 0.12603760
 0.02868652
-0.06530762
-0.11657715
-0.11657715
-0.07537842
-0.00732422
 0.06164551
 0.10253906
 0.10498047
 0.06683350
 0.02563477
 0.01098633
 0.01068115
 0.01464844
 0.02380371
 0.03479004
 0.03784180
 0.01892090
-0.03448486
-0.11871338
-0.20812988
-0.28106689
-0.33966064
-0.36468506
-0.35308838
-0.29724121
-0.19836426
-0.05737305
 0.10620117
 0.29235840
 0.44433594
 0.50628662
 0.45257568
 0.31250000
 0.09918213
-0.12817383
-0.28625488
-0.38055420
-0.41290283
-0.42297363
-0.40863037
-0.35461426
-0.26611328
-0.12817383
 0.02136230
 0.14495850
 0.22033691
 0.23071289
 0.14923096
 0.00976563
-0.12115479
-0.21331787
-0.29541016
-0.37536621
-0.44616699
-0.50933838
-0.54473877
-0.53222656
-0.47332764
-0.37536621
-0.29968262
-0.18768311
-0.07080078
 0.04577637
 0.14190674
 0.19622803
 0.20629883
 0.14953613
 0.04974365
-0.04943848
-0.13885498
-0.22064209
-0.27008057
-0.26641846
-0.20446777
-0.08636475
 0.06195068
 0.20416260
 0.34271240
 0.35156250
 0.33599854
 0.23986816
 0.09094238
-0.03204346
-0.10986328
-0.16448975
-0.19866943
-0.21301270
-0.21057129
-0.19195557
-0.15289307
-0.08819580
 0.00671387
 0.12542725
 0.25451660
 0.36224365
 0.38269043
 0.33996582
 0.25604248
 0.08209229
-0.06896973
-0.17364502
-0.23834229
-0.25787354
-0.23986816
-0.19561768
-0.13336182
-0.05706787
 0.03143311
 0.12847900
 0.22766113
 0.32440186
 0.40222168
 0.45074463
 0.46813965
 0.43273926
 0.33752441
 0.18493652
 0.02288818
-0.11840820
-0.20782471
-0.22735596
-0.17242432
-0.04180908
 0.15075684
 0.42999268
 0.62866211
 0.75164795
 0.76782227
 0.68634033
 0.53436279
 0.34545898
 0.14739990
-0.03082275
-0.18188477
-0.30517578
-0.39001465
-0.43701172
-0.43762207
-0.38360596
-0.29418945
-0.15838623
 0.00976563
 0.17425537
 0.32562256
 0.38116455
 0.35247803
 0.31738281
 0.15533447
-0.03234863
-0.19165039
-0.33203125
-0.42694092
-0.46356201
-0.45227051
-0.40100098
-0.32562256
-0.22460938
-0.09155273
 0.04394531
 0.16601563
 0.25665283
 0.31188965
 0.33599854
 0.30364990
 0.21270752
 0.08483887
-0.06744385
-0.23712158
-0.39855957
-0.51177979
-0.55206299
-0.50567627
-0.38146973
-0.24200439
-0.05004883
 0.13916016
 0.32775879
 0.42327881
 0.43487549
 0.37322998
 0.27954102
 0.08453369
-0.10192871
-0.25604248
-0.38543701
-0.45196533
-0.45928955
-0.39947510
-0.30548096
-0.16479492
 0.00183105
 0.15930176
 0.29144287
 0.34912109
 0.34179688
 0.30822754
 0.17639160
 0.02258301
-0.11993408
-0.25970459
-0.38513184
-0.45654297
-0.46295166
-0.40008545
-0.30395508
-0.16723633
-0.00396729
 0.15441895
 0.29602051
 0.37597656
 0.38299561
 0.34484863
 0.29113770
 0.16113281
 0.05065918
-0.03784180
-0.10498047
-0.14068604
-0.14190674
-0.11199951
-0.05218506
 0.03753662
 0.15197754
 0.29022217
 0.40863037
 0.46875000
 0.47332764
 0.41839600
 0.32653809
 0.18615723
 0.03356934
-0.11749268
-0.25207520
-0.35430908
-0.38513184
-0.34637451
-0.26641846
-0.14343262
 0.00000000
 0.14099121
 0.25970459
 0.33264160
 0.33325195
 0.32623291
 0.21881104
 0.09094238
-0.01739502
-0.11199951
-0.19134521
-0.23986816
-0.24963379
-0.22094727
-0.15411377
-0.05035400
 0.08178711
 0.22460938
 0.38085938
 0.45776367
 0.47393799
 0.42297363
 0.32989502
 0.18280029
 0.02227783
-0.11810303
-0.23651123
-0.31921387
-0.34332275
-0.31005859
-0.24108887
-0.13305664
-0.00427246
 0.12512207
 0.23773193
 0.31005859
 0.32470703
 0.32165527
 0.22613525
 0.10040283
-0.01403809
-0.11627197
-0.20080566
-0.25054932
-0.25817871
-0.22430420
-0.15136719
-0.04577637
 0.07720947
 0.19683838
 0.29449463
 0.33264160
 0.33874512
 0.28686523
 0.15838623
 0.02197266
-0.09887695
-0.21240234
-0.30975342
-0.37322998
-0.39367676
-0.37200928
-0.32104492
-0.24749756
-0.14739990
-0.04241943
 0.05096436
 0.11322021
 0.13824463
 0.10528564
 0.01892090
-0.07934570
-0.16052246
-0.23162842
-0.28472900
-0.31158447
-0.29968262
-0.26184082
-0.19805908
-0.11199951
-0.01342773
 0.08514404
 0.16479492
 0.21636963
 0.23284912
 0.19287109
 0.11474609
 0.03601074
-0.03479004
-0.10223389
-0.15655518
-0.18829346
-0.19531250
-0.17761230
-0.13763428
-0.07781982
-0.00152588
 0.08117676
 0.15411377
 0.20599365
 0.22247314
 0.18035889
 0.09613037
 0.00793457
-0.07293701
-0.14984131
-0.21209717
-0.24780273
-0.25512695
-0.23620605
-0.19531250
-0.13671875
-0.06500244
 0.00976563
 0.07507324
 0.12420654
 0.14373779
 0.11352539
 0.04852295
-0.01708984
-0.07446289
-0.12756348
-0.17059326
-0.19470215
-0.19836426
-0.18218994
-0.14831543
-0.09887695
-0.03723145
 0.03143311
 0.09979248
 0.15869141
 0.19989014
 0.20538330
 0.16632080
 0.10864258
 0.05493164
 0.00274658
-0.04608154
-0.08300781
-0.10040283
-0.09521484
-0.06713867
-0.01953125
 0.04455566
 0.11901855
 0.19439697
 0.25878906
 0.30334473
 0.30548096
 0.25115967
 0.17089844
 0.09735107
 0.03265381
-0.02319336
-0.06134033
-0.07537842
-0.06622314
-0.03601074
 0.01190186
 0.07324219
 0.14312744
 0.21148682
 0.26824951
 0.30090332
 0.28503418
 0.22094727
 0.14221191
 0.06713867
-0.00854492
-0.07751465
-0.12725830
-0.15167236
-0.15045166
-0.12725830
-0.08636475
-0.03387451
 0.02288818
 0.07720947
 0.12268066
 0.14709473
 0.13580322
 0.09674072
 0.05035400
 0.00152588
-0.05004883
-0.09826660
-0.13427734
-0.15411377
-0.15502930
-0.13580322
-0.09857178
-0.04730225
 0.01251221
 0.07324219
 0.12512207
 0.15472412
 0.13946533
 0.08361816
 0.01983643
-0.03784180
-0.09429932
-0.14587402
-0.18402100
-0.20416260
-0.20568848
-0.18981934
-0.15899658
-0.11749268
-0.06896973
-0.01922607
 0.02655029
 0.05950928
 0.06622314
 0.04272461
 0.00244141
-0.04364014
-0.09155273
-0.13641357
-0.16784668
-0.18096924
-0.17425537
-0.15045166
-0.11291504
-0.06530762
-0.01220703
 0.04058838
 0.08758545
 0.11810303
 0.11749268
 0.08850098
 0.04852295
 0.00610352
-0.03967285
-0.08392334
-0.11840820
-0.13824463
-0.13977051
-0.12268066
-0.09002686
-0.04669189
 0.00213623
 0.04943848
 0.08605957
 0.09887695
 0.08178711
 0.04913330
 0.01373291
-0.02471924
-0.06561279
-0.10162354
-0.12512207
-0.13244629
-0.12420654
-0.10131836
-0.06744385
-0.02563477
 0.01983643
 0.06500244
 0.10345459
 0.12573242
 0.12298584
 0.09826660
 0.06347656
 0.02502441
-0.01373291
-0.04730225
-0.06988525
-0.07965088
-0.07629395
-0.06164551
-0.03814697
-0.00762939
 0.02624512
 0.05889893
 0.08361816
 0.09429932
 0.08880615
 0.07110596
 0.04547119
 0.01312256
-0.02288818
-0.05706787
-0.08239746
-0.09429932
-0.08972168
-0.06927490
-0.03631592
 0.00457764
 0.04882813
 0.09033203
 0.12207031
 0.13610840
 0.13092041
 0.11230469
 0.08666992
 0.05462646
 0.02044678
-0.00671387
-0.02197266
-0.02319336
-0.01129150
 0.01281738
 0.04516602
 0.08239746
 0.11993408
 0.15197754
 0.17028809
 0.16967773
 0.15289307
 0.12664795
 0.09521484
 0.06164551
 0.02899170
 0.00091553
-0.01953125
-0.02899170
-0.02563477
-0.00915527
 0.01831055
 0.05279541
 0.08850098
 0.11840820
 0.13519287
 0.13488770
 0.11901855
 0.09155273
 0.05493164
 0.01251221
-0.02777100
-0.05889893
-0.07568359
-0.07598877
-0.06164551
-0.03570557
-0.00152588
 0.03631592
 0.07324219
 0.10467529
 0.12542725
 0.13214111
 0.12634277
 0.11199951
 0.09124756
 0.06683350
 0.04119873
 0.01800537
-0.00030518
-0.01098633
-0.01342773
-0.00640869
 0.00885010
 0.02929688
 0.05035400
 0.06652832
 0.07171631
 0.06317139
 0.04364014
 0.01678467
-0.01525879
-0.04974365
-0.08239746
-0.10711670
-0.12115479
-0.12237549
-0.11260986
-0.09307861
-0.06805420
-0.04119873
-0.01586914
 0.00427246
 0.01800537
 0.02349854
 0.02136230
 0.01159668
-0.00427246
-0.02197266
-0.03784180
-0.05096436
-0.05889893
-0.06072998
-0.05676270
-0.04669189
-0.03112793
-0.01190186
 0.00762939
 0.02288818
 0.02868652
 0.02349854
 0.00915527
-0.01037598
-0.03387451
-0.05859375
-0.08148193
-0.09948730
-0.10833740
-0.10711670
-0.09735107
-0.08117676
-0.06134033
-0.03997803
-0.02105713
-0.00549316
 0.00671387
 0.01434326
 0.01647949
 0.01220703
 0.00152588
-0.01403809
-0.03082275
-0.04760742
-0.06256104
-0.07324219
-0.07812500
-0.07751465
-0.07141113
-0.05981445
-0.04669189
-0.03570557
-0.03082275
-0.03326416
-0.04425049
-0.06072998
-0.07995605
-0.09887695
-0.11505127
-0.12695313
-0.13305664
-0.13275146
-0.12603760
-0.11260986
-0.09368896
-0.07080078
-0.04638672
-0.02410889
-0.00640869
 0.00427246
 0.00854492
 0.00640869
-0.00091553
-0.01129150
-0.02227783
-0.03143311
-0.03723145
-0.03753662
-0.03265381
-0.02319336
-0.01098633
 0.00274658
 0.01556396
 0.02655029
 0.03326416
 0.03417969
 0.02868652
 0.01800537
 0.00335693
-0.01159668
-0.02563477
-0.03723145
-0.04425049
-0.04577637
-0.04150391
-0.03234863
-0.01861572
-0.00152588
 0.01617432
 0.03234863
 0.04394531
 0.05096436
 0.05371094
 0.05249023
 0.04821777
 0.04241943
 0.03601074
 0.03051758
 0.02716064
 0.02716064
 0.03112793
 0.03906250
 0.05035400
 0.06195068
 0.07293701
 0.08148193
 0.08605957
 0.08697510
 0.08453369
 0.07904053
 0.07141113
 0.06195068
 0.05279541
 0.04608154
 0.04180908
 0.03997803
 0.04028320
 0.04272461
 0.04638672
 0.05004883
 0.05310059
 0.05493164
 0.05432129
 0.05004883
 0.04302979
 0.03417969
 0.02410889
 0.01464844
 0.00701904
 0.00091553
-0.00244141
-0.00335693
-0.00213623
 0.00183105
 0.00793457
 0.01525879
 0.02319336
 0.03082275
 0.03723145
 0.04180908
 0.04516602
 0.04669189
 0.04608154
 0.04302979
 0.03845215
 0.03326416
 0.02807617
 0.02441406
 0.02227783
 0.02105713
 0.02014160
 0.01983643
 0.01922607
 0.01800537
 0.01495361
 0.00946045
 0.00091553
-0.01007080
-0.02197266
-0.03479004
-0.04760742
-0.05950928
-0.06927490
-0.07659912
-0.08148193
-0.08331299
-0.08178711
-0.07812500
-0.07354736
-0.06805420
-0.06256104
-0.05584717
-0.04913330
-0.04272461
-0.03845215
-0.03601074
-0.03631592
-0.03875732
-0.04150391
-0.04211426
-0.04028320
-0.03540039
-0.02838135
-0.01983643
-0.01068115
-0.00183105
 0.00579834
 0.01098633
 0.01312256
 0.01251221
 0.00946045
 0.00518799
 0.00091553
-0.00335693
-0.00701904
-0.01068115
-0.01342773
-0.01434326
-0.01251221
-0.00793457
-0.00122070
 0.00701904
 0.01586914
 0.02441406
 0.03143311
 0.03692627
 0.04028320
 0.04089355
 0.03875732
 0.03479004
 0.03082275
 0.02929688
 0.03051758
 0.03448486
 0.03967285
 0.04455566
 0.04821777
 0.04913330
 0.04791260
 0.04516602
 0.04089355
 0.03540039
 0.02807617
 0.01922607
 0.00946045
-0.00061035
-0.00976563
-0.01770020
-0.02319336
-0.02685547
-0.02716064
-0.02441406
-0.01892090
-0.01190186
-0.00366211
 0.00488281
 0.01281738
 0.01922607
 0.02441406
 0.02807617
 0.03143311
 0.03479004
 0.03814697
 0.04119873
 0.04516602
 0.04974365
 0.05432129
 0.05859375
 0.06256104
 0.06622314
 0.06927490
 0.07202148
 0.07354736
 0.07324219
 0.07110596
 0.06591797
 0.05889893
 0.05065918
 0.04272461
 0.03540039
 0.02960205
 0.02532959
 0.02227783
 0.01892090
 0.01617432
 0.01373291
 0.01251221
 0.01220703
 0.01312256
 0.01434326
 0.01647949
 0.01922607
 0.02227783
 0.02502441
 0.02746582
 0.02929688
 0.03112793
 0.03326416
 0.03601074
 0.03936768
 0.04211426
 0.04486084
 0.04638672
 0.04730225
 0.04760742
 0.04699707
 0.04516602
 0.04180908
 0.03662109
 0.03051758
 0.02380371
 0.01708984
 0.01007080
 0.00305176
-0.00518799
-0.01434326
-0.02410889
-0.03326416
-0.04211426
-0.04882813
-0.05432129
-0.05859375
-0.06134033
-0.06286621
-0.06256104
-0.06134033
-0.06011963
-0.05920410
-0.05828857
-0.05798340
-0.05737305
-0.05676270
-0.05706787
-0.05737305
-0.05737305
-0.05645752
-0.05554199
-0.05371094
-0.05249023
-0.05126953
-0.05065918
-0.05096436
-0.05218506
-0.05340576
-0.05432129
-0.05523682
-0.05706787
-0.06072998
-0.06530762
-0.07049561
-0.07598877
-0.08117676
-0.08422852
-0.08453369
-0.08178711
-0.07659912
-0.06958008
-0.06195068
-0.05493164
-0.04913330
-0.04516602
-0.04272461
-0.04211426
-0.04241943
-0.04272461
-0.04241943
-0.04089355
-0.03875732
-0.03662109
-0.03570557
-0.03479004
-0.03387451
-0.03265381
-0.03173828
-0.02990723
-0.02838135
-0.02746582
-0.02868652
-0.03112793
-0.03540039
-0.04150391
-0.04882813
-0.05523682
-0.06011963
-0.06256104
-0.06225586
-0.05950928
-0.05493164
-0.04821777
-0.04089355
-0.03417969
-0.02807617
-0.02258301
-0.01800537
-0.01464844
-0.01220703
-0.01037598
-0.00915527
-0.00762939
-0.00579834
-0.00366211
-0.00183105
-0.00091553
 0.00091553
 0.00366211
 0.00701904
 0.01129150
 0.01586914
 0.02014160
 0.02349854
 0.02593994
 0.02624512
 0.02441406
 0.02105713
 0.01647949
 0.01251221
 0.01068115
 0.01037598
 0.01129150
 0.01403809
 0.01831055
 0.02349854
 0.02899170
 0.03326416
 0.03631592
 0.03723145
 0.03784180
 0.03784180
 0.03753662
 0.03692627
 0.03601074
 0.03448486
 0.03295898
 0.03082275
 0.02868652
 0.02655029
 0.02532959
 0.02471924
 0.02593994
 0.02807617
 0.03051758
 0.03265381
 0.03326416
 0.03295898
 0.03082275
 0.02838135
 0.02563477
 0.02349854
 0.02227783
 0.02136230
 0.02166748
 0.02349854
 0.02716064
 0.03143311
 0.03631592
 0.04180908
 0.04669189
 0.05126953
 0.05462646
 0.05767822
 0.05950928
 0.05981445
 0.05981445
 0.05920410
 0.05828857
 0.05798340
 0.05889893
 0.06011963
 0.06225586
 0.06530762
 0.06896973
 0.07324219
 0.07812500
 0.08300781
 0.08666992
 0.08880615
 0.08789063
 0.08514404
 0.08087158
 0.07537842
 0.06988525
 0.06408691
 0.05859375
 0.05371094
 0.04943848
 0.04699707
 0.04577637
 0.04638672
 0.04730225
 0.04699707
 0.04608154
 0.04455566
 0.04241943
 0.03906250
 0.03509521
 0.03112793
 0.02685547
 0.02227783
 0.01770020
 0.01281738
 0.00823975
 0.00396729
 0.00152588
 0.00061035
 0.00061035
 0.00152588
 0.00152588
 0.00000000
-0.00335693
-0.00946045
-0.01770020
-0.02563477
-0.03387451
-0.04150391
-0.04791260
-0.05371094
-0.05859375
-0.06134033
-0.06164551
-0.06072998
-0.05889893
-0.05767822
-0.05676270
-0.05615234
-0.05554199
-0.05645752
-0.05889893
-0.06225586
-0.06591797
-0.07019043
-0.07415771
-0.07720947
-0.07904053
-0.08026123
-0.07995605
-0.07781982
-0.07415771
-0.07019043
-0.06683350
-0.06469727
-0.06317139
-0.06225586
-0.06286621
-0.06408691
-0.06591797
-0.06866455
-0.07110596
-0.07202148
-0.07110596
-0.06683350
-0.06011963
-0.05096436
-0.03967285
-0.02838135
-0.01678467
-0.00610352
 0.00274658
 0.00976563
 0.01525879
 0.01922607
 0.02166748
 0.02319336
 0.02410889
 0.02410889
 0.02410889
 0.02502441
 0.02655029
 0.02899170
 0.03234863
 0.03601074
 0.03936768
 0.04302979
 0.04577637
 0.04669189
 0.04516602
 0.04150391
 0.03540039
 0.02807617
 0.02014160
 0.01342773
 0.00854492
 0.00549316
 0.00457764
 0.00518799
 0.00732422
 0.01007080
 0.01342773
 0.01647949
 0.01953125
 0.02105713
 0.02166748
 0.02044678
 0.01800537
 0.01403809
 0.00915527
 0.00396729
-0.00091553
-0.00457764
-0.00701904
-0.00793457
-0.00762939
-0.00579834
-0.00366211
-0.00122070
-0.00030518
-0.00030518
-0.00122070
-0.00396729
-0.00915527
-0.01556396
-0.02227783
-0.02838135
-0.03326416
-0.03601074
-0.03631592
-0.03540039
-0.03265381
-0.02838135
-0.02258301
-0.01586914
-0.00885010
-0.00366211
 0.00000000
 0.00213623
 0.00213623
 0.00061035
-0.00122070
-0.00305176
-0.00457764
-0.00549316
-0.00488281
-0.00335693
-0.00091553
 0.00244141
 0.00671387
 0.01098633
 0.01434326
 0.01678467
 0.01770020
 0.01708984
 0.01403809
 0.00885010
 0.00213623
-0.00427246
-0.01007080
-0.01312256
-0.01373291
-0.01342773
-0.01190186
-0.00823975
-0.00366211
 0.00213623
 0.00762939
 0.01220703
 0.01495361
 0.01647949
 0.01617432
 0.01464844
 0.01220703
 0.00976563
 0.00762939
 0.00701904
 0.00671387
 0.00701904
 0.00854492
 0.01220703
 0.01647949
 0.02197266
 0.02593994
 0.02807617
 0.02868652
 0.02716064
 0.02349854
 0.01861572
 0.01281738
 0.00732422
 0.00183105
-0.00244141
-0.00549316
-0.00701904
-0.00640869
-0.00427246
-0.00061035
 0.00366211
 0.00854492
 0.01281738
 0.01586914
 0.01739502
 0.01708984
 0.01556396
 0.01373291
 0.01159668
 0.00915527
 0.00671387
 0.00549316
 0.00549316
 0.00640869
 0.00793457
 0.01007080
 0.01220703
 0.01464844
 0.01586914
 0.01464844
 0.01159668
 0.00732422
 0.00213623
-0.00335693
-0.00915527
-0.01495361
-0.02014160
-0.02380371
-0.02502441
-0.02410889
-0.02105713
-0.01770020
-0.01373291
-0.01098633
-0.00915527
-0.00854492
-0.00885010
-0.01007080
-0.01159668
-0.01495361
-0.01800537
-0.02105713
-0.02349854
-0.02502441
-0.02532959
-0.02319336
-0.01922607
-0.01434326
-0.00946045
-0.00579834
-0.00366211
-0.00274658
-0.00305176
-0.00396729
-0.00579834
-0.00793457
-0.01007080
-0.01281738
-0.01495361
-0.01617432
-0.01586914
-0.01342773
-0.00854492
-0.00274658
 0.00335693
 0.00885010
 0.01373291
 0.01739502
 0.01953125
 0.02014160
 0.01922607
 0.01708984
 0.01373291
 0.01007080
 0.00701904
 0.00549316
 0.00579834
 0.00762939
 0.01068115
 0.01464844
 0.01831055
 0.02166748
 0.02380371
 0.02441406
 0.02410889
 0.02288818
 0.02075195
 0.01708984
 0.01190186
 0.00518799
-0.00061035
-0.00488281
-0.00762939
-0.00885010
-0.00793457
-0.00579834
-0.00305176
-0.00122070
-0.00030518
 0.00000000
-0.00061035
-0.00244141
-0.00579834
-0.01007080
-0.01556396
-0.02136230
-0.02624512
-0.02899170
-0.03021240
-0.02990723
-0.02807617
-0.02502441
-0.02166748
-0.01770020
-0.01342773
-0.01007080
-0.00854492
-0.00793457
-0.00793457
-0.00854492
-0.01007080
-0.01220703
-0.01403809
-0.01495361
-0.01434326
-0.01251221
-0.00885010
-0.00457764
 0.00061035
 0.00549316
 0.00946045
 0.01190186
 0.01342773
 0.01312256
 0.01068115
 0.00732422
 0.00335693
-0.00030518
-0.00305176
-0.00457764
-0.00518799
-0.00427246
-0.00274658
-0.00030518
 0.00152588
 0.00396729
 0.00640869
 0.00823975
 0.00946045
 0.00946045
 0.00762939
 0.00427246
 0.00000000
-0.00396729
-0.00762939
-0.01037598
-0.01007080
-0.00793457
-0.00457764
-0.00122070
 0.00305176
 0.00793457
 0.01220703
 0.01464844
 0.01586914
 0.01525879
 0.01312256
 0.01007080
 0.00701904
 0.00396729
 0.00122070
-0.00122070
-0.00274658
-0.00335693
-0.00244141
 0.00030518
 0.00396729
 0.00823975
 0.01281738
 0.01556396
 0.01678467
 0.01556396
 0.01312256
 0.01037598
 0.00732422
 0.00457764
 0.00244141
 0.00152588
 0.00213623
 0.00366211
 0.00671387
 0.01068115
 0.01464844
 0.01831055
 0.02197266
 0.02502441
 0.02746582
 0.02960205
 0.03021240
 0.02960205
 0.02807617
 0.02624512
 0.02441406
 0.02319336
 0.02288818
 0.02349854
 0.02441406
 0.02624512
 0.02807617
 0.03021240
 0.03234863
 0.03265381
 0.03143311
 0.02929688
 0.02593994
 0.02197266
 0.01800537
 0.01434326
 0.01037598
 0.00701904
 0.00457764
 0.00274658
 0.00213623
 0.00274658
 0.00366211
 0.00488281
 0.00610352
 0.00640869
 0.00518799
 0.00274658
-0.00061035
-0.00457764
-0.00885010
-0.01251221
-0.01525879
-0.01800537
-0.01983643
-0.02136230
-0.02197266
-0.02166748
-0.02136230
-0.02105713
-0.01983643
-0.01892090
-0.01892090
-0.02014160
-0.02197266
-0.02471924
-0.02746582
-0.03051758
-0.03265381
-0.03417969
-0.03448486
-0.03356934
-0.03143311
-0.02838135
-0.02471924
-0.02105713
-0.01800537
-0.01525879
-0.01312256
-0.01190186
-0.01129150
-0.01129150
-0.01220703
-0.01342773
-0.01495361
-0.01647949
-0.01800537
-0.01892090
-0.01892090
-0.01770020
-0.01556396
-0.01373291
-0.01190186
-0.01098633
-0.01190186
-0.01495361
-0.01892090
-0.02227783
-0.02532959
-0.02838135
-0.03021240
-0.03204346
-0.03234863
-0.03234863
-0.03173828
-0.02990723
-0.02685547
-0.02227783
-0.01800537
-0.01464844
-0.01190186
-0.01037598
-0.01007080
-0.01098633
-0.01220703
-0.01312256
-0.01434326
-0.01464844
-0.01342773
-0.01129150
-0.00793457
-0.00427246
-0.00030518
 0.00335693
 0.00732422
 0.01098633
 0.01373291
 0.01525879
 0.01647949
 0.01708984
 0.01647949
 0.01556396
 0.01434326
 0.01312256
 0.01159668
 0.01098633
 0.01159668
 0.01281738
 0.01495361
 0.01739502
 0.01953125
 0.02105713
 0.02136230
 0.02044678
 0.01800537
 0.01586914
 0.01403809
 0.01251221
 0.00976563
 0.00701904
 0.00457764
 0.00305176
 0.00274658
 0.00335693
 0.00518799
 0.00762939
 0.00976563
 0.01190186
 0.01281738
 0.01251221
 0.01129150
 0.00946045
 0.00762939
 0.00488281
 0.00244141
-0.00030518
-0.00274658
-0.00396729
-0.00457764
-0.00396729
-0.00213623
 0.00000000
 0.00152588
 0.00213623
 0.00244141
 0.00274658
 0.00213623
 0.00091553
-0.00030518
-0.00152588
-0.00274658
-0.00396729
-0.00518799
-0.00518799
-0.00366211
-0.00061035
 0.00335693
 0.00793457
 0.01159668
 0.01495361
 0.01739502
 0.01861572
 0.01922607
 0.01892090
 0.01708984
 0.01403809
 0.01037598
 0.00640869
 0.00305176
 0.00061035
-0.00061035
-0.00122070
-0.00122070
-0.00061035
-0.00030518
 0.00000000
-0.00061035
-0.00244141
-0.00488281
-0.00732422
-0.01098633
-0.01464844
-0.01892090
-0.02227783
-0.02532959
-0.02777100
-0.02929688
-0.02868652
-0.02716064
-0.02502441
-0.02288818
-0.02166748
-0.02075195
-0.02014160
-0.02014160
-0.02105713
-0.02349854
-0.02685547
-0.02990723
-0.03295898
-0.03479004
-0.03570557
-0.03540039
-0.03387451
-0.03173828
-0.02838135
-0.02471924
-0.02075195
-0.01708984
-0.01434326
-0.01220703
-0.01129150
-0.01037598
-0.01007080
-0.01068115
-0.01159668
-0.01098633
-0.00976563
-0.00762939
-0.00457764
-0.00061035
 0.00488281
 0.01037598
 0.01617432
 0.02044678
 0.02349854
 0.02624512
 0.02777100
 0.02899170
 0.02960205
 0.02929688
 0.02807617
 0.02716064
 0.02716064
 0.02838135
 0.03021240
 0.03234863
 0.03540039
 0.03875732
 0.04211426
 0.04516602
 0.04760742
 0.04913330
 0.04943848
 0.04852295
 0.04730225
 0.04425049
 0.04119873
 0.03814697
 0.03631592
 0.03570557
 0.03631592
 0.03692627
 0.03784180
 0.03906250
 0.04089355
 0.04241943
 0.04364014
 0.04394531
 0.04394531
 0.04302979
 0.04150391
 0.03936768
 0.03723145
 0.03540039
 0.03387451
 0.03326416
 0.03326416
 0.03387451
 0.03540039
 0.03723145
 0.03967285
 0.04180908
 0.04333496
 0.04425049
 0.04394531
 0.04302979
 0.04119873
 0.03875732
 0.03601074
 0.03326416
 0.03112793
 0.02929688
 0.02746582
 0.02685547
 0.02655029
 0.02624512
 0.02593994
 0.02502441
 0.02349854
 0.02197266
 0.01953125
 0.01617432
 0.01220703
 0.00732422
 0.00183105
-0.00335693
-0.00762939
-0.01159668
-0.01495361
-0.01739502
-0.01953125
-0.02075195
-0.02197266
-0.02288818
-0.02349854
-0.02502441
-0.02685547
-0.02960205
-0.03265381
-0.03601074
-0.03997803
-0.04455566
-0.04821777
-0.05096436
-0.05310059
-0.05462646
-0.05615234
-0.05737305
-0.05798340
-0.05798340
-0.05706787
-0.05645752
-0.05676270
-0.05676270
-0.05737305
-0.05798340
-0.05889893
-0.05920410
-0.05950928
-0.05981445
-0.05920410
-0.05859375
-0.05767822
-0.05584717
-0.05340576
-0.05065918
-0.04821777
-0.04608154
-0.04425049
-0.04302979
-0.04180908
-0.04089355
-0.04028320
-0.03936768
-0.03784180
-0.03631592
-0.03540039
-0.03356934
-0.03173828
-0.02990723
-0.02807617
-0.02624512
-0.02471924
-0.02319336
-0.02166748
-0.02044678
-0.01953125
-0.01922607
-0.01922607
-0.01922607
-0.01922607
-0.01922607
-0.01892090
-0.01861572
-0.01831055
-0.01739502
-0.01647949
-0.01525879
-0.01342773
-0.01129150
-0.00946045
-0.00793457
-0.00671387
-0.00549316
-0.00457764
-0.00366211
-0.00274658
-0.00244141
-0.00244141
-0.00213623
-0.00122070
-0.00061035
 0.00030518
 0.00122070
 0.00213623
 0.00335693
 0.00488281
 0.00579834
 0.00610352
 0.00671387
 0.00671387
 0.00732422
 0.00793457
 0.00854492
 0.00915527
 0.00976563
 0.01068115
 0.01190186
 0.01342773
 0.01556396
 0.01831055
 0.02105713
 0.02319336
 0.02532959
 0.02685547
 0.02868652
 0.02990723
 0.03112793
 0.03265381
 0.03448486
 0.03540039
 0.03631592
 0.03692627
 0.03814697
 0.03967285
 0.04119873
 0.04241943
 0.04364014
 0.04394531
 0.04455566
 0.04486084
 0.04486084
 0.04394531
 0.04333496
 0.04302979
 0.04272461
 0.04180908
 0.04028320
 0.03875732
 0.03784180
 0.03753662
 0.03692627
 0.03601074
 0.03509521
 0.03479004
 0.03448486
 0.03356934
 0.03173828
 0.03021240
 0.02960205
 0.02899170
 0.02746582
 0.02502441
 0.02288818
 0.02075195
 0.01892090
 0.01739502
 0.01647949
 0.01586914
 0.01525879
 0.01495361
 0.01434326
 0.01342773
 0.01281738
 0.01220703
 0.01190186
 0.01098633
 0.01037598
 0.00946045
 0.00854492
 0.00732422
 0.00579834
 0.00457764
 0.00335693
 0.00244141
 0.00152588
 0.00091553
 0.00091553
 0.00122070
 0.00061035
 0.00000000
-0.00061035
-0.00091553
-0.00183105
-0.00335693
-0.00457764
-0.00579834
-0.00671387
-0.00762939
-0.00854492
-0.00976563
-0.01068115
-0.01159668
-0.01220703
-0.01312256
-0.01373291
-0.01403809
-0.01495361
-0.01586914
-0.01647949
-0.01770020
-0.02014160
-0.02227783
-0.02380371
-0.02471924
-0.02563477
-0.02685547
-0.02746582
-0.02838135
-0.02899170
-0.02960205
-0.03021240
-0.03051758
-0.03143311
-0.03234863
-0.03295898
-0.03387451
-0.03479004
-0.03540039
-0.03570557
-0.03570557
-0.03509521
-0.03417969
-0.03326416
-0.03204346
-0.03082275
-0.02990723
-0.02868652
-0.02716064
-0.02532959
-0.02349854
-0.02166748
-0.01983643
-0.01861572
-0.01800537
-0.01678467
-0.01556396
-0.01434326
-0.01251221
-0.01068115
-0.00823975
-0.00579834
-0.00396729
-0.00183105
 0.00061035
 0.00335693
 0.00579834
 0.00793457
 0.00976563
 0.01129150
 0.01281738
 0.01403809
 0.01556396
 0.01678467
 0.01770020
 0.01831055
 0.01892090
 0.01983643
 0.02105713
 0.02258301
 0.02380371
 0.02502441
 0.02563477
 0.02655029
 0.02685547
 0.02716064
 0.02716064
 0.02746582
 0.02746582
 0.02746582
 0.02746582
 0.02746582
 0.02716064
 0.02685547
 0.02685547
 0.02716064
 0.02746582
 0.02777100
 0.02807617
 0.02807617
 0.02807617
 0.02777100
 0.02746582
 0.02685547
 0.02624512
 0.02502441
 0.02349854
 0.02227783
 0.02136230
 0.02044678
 0.01953125
 0.01892090
 0.01861572
 0.01800537
 0.01770020
 0.01739502
 0.01678467
 0.01617432
 0.01556396
 0.01403809
 0.01220703
 0.01068115
 0.00946045
 0.00823975
 0.00701904
 0.00549316
 0.00457764
 0.00366211
 0.00183105
 0.00061035
-0.00030518
-0.00152588
-0.00274658
-0.00396729
-0.00579834
-0.00732422
-0.00915527
-0.01068115
-0.01251221
-0.01464844
-0.01708984
-0.01892090
-0.02044678
-0.02166748
-0.02258301
-0.02319336
-0.02288818
-0.02288818
-0.02349854
-0.02441406
-0.02532959
-0.02563477
-0.02593994
-0.02685547
-0.02777100
-0.02868652
-0.02960205
-0.03051758
-0.03112793
-0.03112793
-0.03051758
-0.02929688
-0.02807617
-0.02655029
-0.02532959
-0.02441406
-0.02410889
-0.02410889
-0.02441406
-0.02471924
-0.02502441
-0.02624512
-0.02685547
-0.02685547
-0.02624512
-0.02563477
-0.02532959
-0.02471924
-0.02349854
-0.02197266
-0.02075195
-0.02014160
-0.01983643
-0.01953125
-0.01953125
-0.02044678
-0.02197266
-0.02319336
-0.02441406
-0.02563477
-0.02563477
-0.02502441
-0.02380371
-0.02258301
-0.02105713
-0.01922607
-0.01708984
-0.01434326
-0.01220703
-0.01037598
-0.00885010
-0.00701904
-0.00579834
-0.00427246
-0.00274658
-0.00091553
 0.00091553
 0.00244141
 0.00427246
 0.00640869
 0.00915527
 0.01220703
 0.01495361
 0.01678467
 0.01800537
 0.01922607
 0.02014160
 0.02014160
 0.02044678
 0.02075195
 0.02105713
 0.02075195
 0.02105713
 0.02136230
 0.02136230
 0.02258301
 0.02380371
 0.02532959
 0.02685547
 0.02807617
 0.02929688
 0.03051758
 0.03112793
 0.03112793
 0.03112793
 0.03082275
 0.03112793
 0.03112793
 0.03082275
 0.03112793
 0.03204346
 0.03265381
 0.03295898
 0.03295898
 0.03295898
 0.03295898
 0.03295898
 0.03295898
 0.03265381
 0.03173828
 0.03051758
 0.02868652
 0.02716064
 0.02593994
 0.02471924
 0.02410889
 0.02410889
 0.02441406
 0.02502441
 0.02624512
 0.02777100
 0.02807617
 0.02746582
 0.02716064
 0.02746582
 0.02746582
 0.02716064
 0.02716064
 0.02624512
 0.02563477
 0.02441406
 0.02319336
 0.02227783
 0.02197266
 0.02197266
 0.02227783
 0.02227783
 0.02166748
 0.02105713
 0.02014160
 0.01831055
 0.01647949
 0.01434326
 0.01220703
 0.00976563
 0.00671387
 0.00335693
 0.00030518
-0.00244141
-0.00518799
-0.00762939
-0.00946045
-0.01068115
-0.01220703
-0.01342773
-0.01403809
-0.01464844
-0.01556396
-0.01678467
-0.01861572
-0.02014160
-0.02197266
-0.02380371
-0.02532959
-0.02593994
-0.02624512
-0.02685547
-0.02716064
-0.02716064
-0.02716064
-0.02807617
-0.02838135
-0.02838135
-0.02868652
-0.02868652
-0.02899170
-0.03021240
-0.03173828
-0.03387451
-0.03601074
-0.03784180
-0.03936768
-0.03967285
-0.03936768
-0.03906250
-0.03845215
-0.03814697
-0.03784180
-0.03723145
-0.03631592
-0.03540039
-0.03509521
-0.03509521
-0.03540039
-0.03509521
-0.03509521
-0.03479004
-0.03417969
-0.03326416
-0.03173828
-0.03021240
-0.02899170
-0.02777100
-0.02593994
-0.02441406
-0.02319336
-0.02227783
-0.02136230
-0.01983643
-0.01831055
-0.01770020
-0.01739502
-0.01739502
-0.01678467
-0.01556396
-0.01373291
-0.01159668
-0.00885010
-0.00579834
-0.00274658
 0.00000000
 0.00213623
 0.00427246
 0.00610352
 0.00762939
 0.00885010
 0.01007080
 0.01220703
 0.01464844
 0.01708984
 0.01892090
 0.02044678
 0.02197266
 0.02380371
 0.02655029
 0.02929688
 0.03173828
 0.03295898
 0.03387451
 0.03387451
 0.03326416
 0.03234863
 0.03143311
 0.03051758
 0.03021240
 0.02929688
 0.02868652
 0.02838135
 0.02838135
 0.02899170
 0.02960205
 0.02960205
 0.02960205
 0.02929688
 0.02899170
 0.02868652
 0.02746582
 0.02593994
 0.02471924
 0.02410889
 0.02288818
 0.02166748
 0.02075195
 0.02014160
 0.02014160
 0.02014160
 0.02075195
 0.02105713
 0.02105713
 0.02014160
 0.01922607
 0.01770020
 0.01617432
 0.01434326
 0.01190186
 0.00976563
 0.00823975
 0.00701904
 0.00518799
 0.00366211
 0.00244141
 0.00244141
 0.00244141
 0.00213623
 0.00152588
 0.00091553
 0.00030518
-0.00091553
-0.00274658
-0.00396729
-0.00549316
-0.00701904
-0.00823975
-0.00915527
-0.00976563
-0.00976563
-0.00976563
-0.01007080
-0.01037598
-0.01007080
-0.00976563
-0.00976563
-0.00976563
-0.01007080
-0.01068115
-0.01159668
-0.01251221
-0.01342773
-0.01403809
-0.01464844
-0.01495361
-0.01525879
-0.01525879
-0.01464844
-0.01403809
-0.01373291
-0.01312256
-0.01251221
-0.01251221
-0.01281738
-0.01342773
-0.01403809
-0.01464844
-0.01495361
-0.01495361
-0.01464844
-0.01464844
-0.01434326
-0.01312256
-0.01190186
-0.01098633
-0.01037598
-0.00976563
-0.00885010
-0.00793457
-0.00793457
-0.00762939
-0.00793457
-0.00854492
-0.00915527
-0.01007080
-0.01037598
-0.01068115
-0.01068115
-0.01037598
-0.00976563
-0.00915527
-0.00854492
-0.00762939
-0.00793457
-0.00793457
-0.00762939
-0.00701904
-0.00671387
-0.00640869
-0.00610352
-0.00579834
-0.00579834
-0.00549316
-0.00518799
-0.00488281
-0.00366211
-0.00213623
-0.00122070
 0.00000000
 0.00091553
 0.00152588
 0.00213623
 0.00244141
 0.00213623
 0.00183105
 0.00152588
 0.00122070
 0.00122070
 0.00122070
 0.00091553
 0.00091553
 0.00183105
 0.00244141
 0.00305176
 0.00335693
 0.00335693
 0.00366211
 0.00366211
 0.00366211
 0.00305176
 0.00274658
 0.00244141
 0.00183105
 0.00152588
 0.00152588
 0.00213623
 0.00244141
 0.00305176
 0.00305176
 0.00274658
 0.00244141
 0.00244141
 0.00183105
 0.00152588
 0.00152588
 0.00061035
-0.00091553
-0.00213623
-0.00335693
-0.00427246
-0.00457764
-0.00518799
-0.00579834
-0.00610352
-0.00640869
-0.00640869
-0.00610352
-0.00579834
-0.00579834
-0.00610352
-0.00640869
-0.00671387
-0.00640869
-0.00610352
-0.00579834
-0.00549316
-0.00518799
-0.00457764
-0.00366211
-0.00244141
-0.00152588
-0.00091553
-0.00030518
 0.00000000
 0.00091553
 0.00183105
 0.00244141
 0.00244141
 0.00183105
 0.00122070
 0.00122070
 0.00183105
 0.00213623
 0.00213623
 0.00213623
 0.00244141
 0.00274658
 0.00305176
 0.00305176
 0.00335693
 0.00396729
 0.00427246
 0.00457764
 0.00457764
 0.00457764
 0.00488281
 0.00518799
 0.00549316
 0.00579834
 0.00579834
 0.00579834
 0.00579834
 0.00640869
 0.00671387
 0.00701904
 0.00701904
 0.00732422
 0.00762939
 0.00701904
 0.00579834
 0.00488281
 0.00427246
 0.00366211
 0.00305176
 0.00244141
 0.00244141
 0.00183105
 0.00122070
 0.00030518
-0.00061035
-0.00091553
-0.00061035
-0.00061035
-0.00030518
 0.00000000
 0.00000000
-0.00061035
-0.00061035
-0.00030518
-0.00061035
-0.00061035
-0.00030518
 0.00030518
 0.00152588
 0.00244141
 0.00396729
 0.00488281
 0.00579834
 0.00640869
 0.00732422
 0.00793457
 0.00823975
 0.00823975
 0.00823975
 0.00823975
 0.00793457
 0.00671387
 0.00549316
 0.00427246
 0.00396729
 0.00396729
 0.00427246
 0.00396729
 0.00396729
 0.00427246
 0.00457764
 0.00488281
 0.00427246
 0.00366211
 0.00366211
 0.00396729
 0.00396729
 0.00427246
 0.00427246
 0.00457764
 0.00549316
 0.00579834
 0.00640869
 0.00671387
 0.00762939
 0.00854492
 0.00885010
 0.00854492
 0.00762939
 0.00640869
 0.00518799
 0.00396729
 0.00305176
 0.00213623
 0.00122070
 0.00091553
 0.00122070
 0.00122070
 0.00091553
 0.00061035
 0.00061035
 0.00091553
 0.00091553
 0.00152588
 0.00152588
 0.00152588
 0.00091553
 0.00091553
 0.00061035
 0.00000000
-0.00030518
-0.00061035
-0.00061035
 0.00000000
 0.00091553
 0.00213623
 0.00335693
 0.00427246
 0.00427246
 0.00427246
 0.00366211
 0.00305176
 0.00244141
 0.00152588
 0.00122070
 0.00030518
-0.00122070
-0.00274658
-0.00396729
-0.00457764
-0.00518799
-0.00579834
-0.00610352
-0.00610352
-0.00640869
-0.00671387
-0.00671387
-0.00701904
-0.00732422
-0.00823975
-0.00854492
-0.00823975
-0.00823975
-0.00885010
-0.00915527
-0.00854492
-0.00854492
-0.00854492
-0.00762939
-0.00732422
-0.00701904
-0.00762939
-0.00793457
-0.00823975
-0.00854492
-0.00915527
-0.00976563
-0.01007080
-0.01068115
-0.01129150
-0.01220703
-0.01220703
-0.01190186
-0.01159668
-0.01129150
-0.01129150
-0.01098633
-0.01037598
-0.00976563
-0.00946045
-0.00854492
-0.00762939
-0.00671387
-0.00610352
-0.00549316
-0.00427246
-0.00305176
-0.00183105
-0.00091553
 0.00000000
 0.00000000
 0.00030518
 0.00061035
 0.00091553
 0.00183105
 0.00274658
 0.00274658
 0.00244141
 0.00244141
 0.00244141
 0.00152588
 0.00122070
 0.00152588
 0.00183105
 0.00213623
 0.00183105
 0.00091553
 0.00030518
-0.00030518
-0.00061035
-0.00061035
 0.00000000
 0.00152588
 0.00274658
 0.00305176
 0.00396729
 0.00427246
 0.00427246
 0.00396729
 0.00305176
 0.00274658
 0.00244141
 0.00183105
 0.00122070
 0.00061035
-0.00091553
-0.00213623
-0.00274658
-0.00305176
-0.00305176
-0.00274658
-0.00274658
-0.00244141
-0.00244141
-0.00274658
-0.00335693
-0.00396729
-0.00427246
-0.00488281
-0.00549316
-0.00579834
-0.00610352
-0.00579834
-0.00457764
-0.00335693
-0.00213623
-0.00091553
 0.00000000
 0.00061035
 0.00152588
 0.00183105
 0.00244141
 0.00274658
 0.00305176
 0.00305176
 0.00244141
 0.00152588
 0.00152588
 0.00183105
 0.00152588
 0.00152588
 0.00213623
 0.00305176
 0.00335693
 0.00366211
 0.00366211
 0.00396729
 0.00427246
 0.00427246
 0.00396729
 0.00366211
 0.00305176
 0.00244141
 0.00213623
 0.00244141
 0.00305176
 0.00335693
 0.00427246
 0.00579834
 0.00701904
 0.00793457
 0.00823975
 0.00854492
 0.00885010
 0.00946045
 0.00946045
 0.00915527
 0.00854492
 0.00823975
 0.00793457
 0.00793457
 0.00793457
 0.00823975
 0.00854492
 0.00915527
 0.01007080
 0.01068115
 0.01129150
 0.01129150
 0.01068115
 0.01007080
 0.00915527
 0.00762939
 0.00640869
 0.00518799
 0.00427246
 0.00366211
 0.00335693
 0.00396729
 0.00488281
 0.00579834
 0.00701904
 0.00762939
 0.00823975
 0.00854492
 0.00915527
 0.00976563
 0.00976563
 0.00915527
 0.00823975
 0.00671387
 0.00518799
 0.00396729
 0.00305176
 0.00274658
 0.00213623
 0.00152588
 0.00122070
 0.00122070
 0.00152588
 0.00152588
 0.00122070
 0.00000000
-0.00122070
-0.00274658
-0.00366211
-0.00457764
-0.00488281
-0.00579834
-0.00701904
-0.00762939
-0.00762939
-0.00732422
-0.00671387
-0.00579834
-0.00549316
-0.00488281
-0.00427246
-0.00427246
-0.00427246
-0.00457764
-0.00488281
-0.00579834
-0.00640869
-0.00640869
-0.00640869
-0.00640869
-0.00640869
-0.00549316
-0.00488281
-0.00457764
-0.00457764
-0.00427246
-0.00396729
-0.00427246
-0.00488281
-0.00488281
-0.00457764
-0.00488281
-0.00549316
-0.00579834
-0.00549316
-0.00488281
-0.00457764
-0.00305176
-0.00183105
-0.00061035
 0.00061035
 0.00152588
 0.00213623
 0.00244141
 0.00274658
 0.00244141
 0.00213623
 0.00183105
 0.00122070
 0.00030518
-0.00030518
-0.00061035
-0.00091553
-0.00091553
-0.00091553
-0.00061035
-0.00030518
-0.00030518
-0.00091553
-0.00213623
-0.00305176
-0.00396729
-0.00457764
-0.00549316
-0.00640869
-0.00762939
-0.00854492
-0.00946045
-0.00976563
-0.00976563
-0.00976563
-0.00976563
-0.00885010
-0.00793457
-0.00701904
-0.00671387
-0.00640869
-0.00640869
-0.00640869
-0.00701904
-0.00762939
-0.00793457
-0.00793457
-0.00793457
-0.00823975
-0.00793457
-0.00793457
-0.00793457
-0.00762939
-0.00762939
-0.00732422
-0.00732422
-0.00732422
-0.00732422
-0.00793457
-0.00823975
-0.00823975
-0.00823975
-0.00854492
-0.00915527
-0.00946045
-0.00915527
-0.00885010
-0.00823975
-0.00793457
-0.00701904
-0.00640869
-0.00549316
-0.00488281
-0.00518799
-0.00549316
-0.00488281
-0.00427246
-0.00396729
-0.00366211
-0.00366211
-0.00335693
-0.00305176
-0.00274658
-0.00274658
-0.00244141
-0.00244141
-0.00183105
-0.00183105
-0.00183105
-0.00183105
-0.00152588
-0.00183105
-0.00183105
-0.00213623
-0.00213623
-0.00213623
-0.00152588
-0.00091553
-0.00030518
 0.00061035
 0.00183105
 0.00244141
 0.00274658
 0.00335693
 0.00396729
 0.00427246
 0.00457764
 0.00518799
 0.00579834
 0.00640869
 0.00671387
 0.00701904
 0.00701904
 0.00671387
 0.00640869
 0.00671387
 0.00732422
 0.00762939
 0.00793457
 0.00823975
 0.00823975
 0.00823975
 0.00793457
 0.00823975
 0.00823975
 0.00915527
 0.00946045
 0.00946045
 0.01007080
 0.01037598
 0.01098633
 0.01129150
 0.01190186
 0.01190186
 0.01220703
 0.01281738
 0.01342773
 0.01403809
 0.01403809
 0.01403809
 0.01403809
 0.01373291
 0.01312256
 0.01220703
 0.01159668
 0.01098633
 0.01007080
 0.00946045
 0.00885010
 0.00823975
 0.00701904
 0.00518799
 0.00427246
 0.00366211
 0.00305176
 0.00213623
 0.00122070
 0.00091553
 0.00061035
 0.00000000
-0.00030518
-0.00030518
 0.00000000
-0.00030518
-0.00061035
-0.00091553
-0.00061035
-0.00030518
 0.00030518
 0.00061035
 0.00000000
-0.00061035
-0.00091553
-0.00152588
-0.00183105
-0.00213623
-0.00244141
-0.00274658
-0.00305176
-0.00335693
-0.00396729
-0.00457764
-0.00488281
-0.00518799
-0.00518799
-0.00610352
-0.00610352
-0.00610352
-0.00640869
-0.00640869
-0.00610352
-0.00579834
-0.00549316
-0.00518799
-0.00518799
-0.00457764
-0.00366211
-0.00274658
-0.00213623
-0.00183105
-0.00152588
-0.00091553
-0.00091553
-0.00152588
-0.00213623
-0.00213623
-0.00183105
-0.00183105
-0.00183105
-0.00244141
-0.00305176
-0.00366211
-0.00366211
-0.00396729
-0.00366211
-0.00366211
-0.00366211
-0.00457764
-0.00488281
-0.00488281
-0.00488281
-0.00518799
-0.00549316
-0.00549316
-0.00518799
-0.00488281
-0.00457764
-0.00457764
-0.00396729
-0.00335693
-0.00244141
-0.00122070
-0.00030518
 0.00061035
 0.00122070
 0.00183105
 0.00244141
 0.00244141
 0.00213623
 0.00183105
 0.00183105
 0.00244141
 0.00244141
 0.00213623
 0.00183105
 0.00152588
 0.00122070
 0.00122070
 0.00152588
 0.00183105
 0.00244141
 0.00305176
 0.00335693
 0.00305176
 0.00335693
 0.00366211
 0.00396729
 0.00427246
 0.00457764
 0.00457764
 0.00518799
 0.00610352
 0.00701904
 0.00762939
 0.00793457
 0.00854492
 0.00915527
 0.00915527
 0.00946045
 0.00976563
 0.00976563
 0.00976563
 0.00946045
 0.00885010
 0.00793457
 0.00762939
 0.00732422
 0.00640869
 0.00518799
 0.00488281
 0.00488281
 0.00396729
 0.00274658
 0.00183105
 0.00122070
 0.00061035
 0.00000000
-0.00061035
-0.00091553
-0.00061035
-0.00030518
-0.00030518
-0.00030518
 0.00000000
 0.00030518
 0.00091553
 0.00152588
 0.00244141
 0.00305176
 0.00335693
 0.00335693
 0.00366211
 0.00396729
 0.00366211
 0.00335693
 0.00305176
 0.00274658
 0.00244141
 0.00244141
 0.00274658
 0.00305176
 0.00274658
 0.00213623
 0.00152588
 0.00091553
 0.00030518
-0.00030518
-0.00091553
-0.00091553
-0.00091553
-0.00122070
-0.00152588
-0.00152588
-0.00061035
-0.00030518
-0.00061035
-0.00030518
 0.00030518
 0.00091553
 0.00122070
 0.00152588
 0.00152588
 0.00122070
 0.00030518
-0.00030518
-0.00091553
-0.00183105
-0.00213623
-0.00244141
-0.00305176
-0.00366211
-0.00396729
-0.00488281
-0.00518799
-0.00610352
-0.00732422
-0.00793457
-0.00793457
-0.00823975
-0.00854492
-0.00885010
-0.00915527
-0.00915527
-0.00915527
-0.00915527
-0.00885010
-0.00885010
-0.00854492
-0.00762939
-0.00671387
-0.00579834
-0.00518799
-0.00488281
-0.00457764
-0.00518799
-0.00549316
-0.00518799
-0.00488281
-0.00427246
-0.00457764
-0.00518799
-0.00610352
-0.00671387
-0.00671387
-0.00671387
-0.00640869
-0.00610352
-0.00610352
-0.00610352
-0.00610352
-0.00640869
-0.00640869
-0.00610352
-0.00610352
-0.00579834
-0.00549316
-0.00518799
-0.00488281
-0.00457764
-0.00427246
-0.00335693
-0.00183105
-0.00122070
-0.00061035
 0.00000000
 0.00030518
 0.00061035
 0.00091553
 0.00122070
 0.00091553
 0.00152588
 0.00122070
 0.00061035
 0.00000000
-0.00061035
-0.00122070
-0.00213623
-0.00274658
-0.00335693
-0.00335693
-0.00335693
-0.00427246
-0.00488281
-0.00488281
-0.00457764
-0.00488281
-0.00518799
-0.00518799
-0.00427246
-0.00396729
-0.00427246
-0.00427246
-0.00427246
-0.00396729
-0.00396729
-0.00366211
-0.00366211
-0.00366211
-0.00366211
-0.00335693
-0.00305176
-0.00244141
-0.00183105
-0.00183105
-0.00183105
-0.00244141
-0.00305176
-0.00335693
-0.00366211
-0.00335693
-0.00366211
-0.00457764
-0.00518799
-0.00549316
-0.00579834
-0.00579834
-0.00610352
-0.00640869
-0.00640869
-0.00579834
-0.00518799
-0.00427246
-0.00396729
-0.00366211
-0.00335693
-0.00335693
-0.00244141
-0.00183105
-0.00091553
-0.00091553
-0.00061035
-0.00030518
 0.00030518
 0.00030518
 0.00030518
 0.00030518
 0.00091553
 0.00091553
 0.00061035
 0.00061035
 0.00030518
-0.00030518
-0.00061035
-0.00091553
-0.00091553
-0.00091553
-0.00122070
-0.00061035
-0.00030518
 0.00061035
 0.00122070
 0.00213623
 0.00305176
 0.00366211
 0.00396729
 0.00457764
 0.00549316
 0.00640869
 0.00671387
 0.00701904
 0.00701904
 0.00732422
 0.00793457
 0.00854492
 0.00946045
 0.01098633
 0.01190186
 0.01220703
 0.01220703
 0.01190186
 0.01190186
 0.01159668
 0.01129150
 0.01098633
 0.00976563
 0.00823975
 0.00732422
 0.00701904
 0.00671387
 0.00640869
 0.00610352
 0.00640869
 0.00671387
 0.00732422
 0.00762939
 0.00732422
 0.00701904
 0.00732422
 0.00762939
 0.00701904
 0.00640869
 0.00579834
 0.00488281
 0.00457764
 0.00396729
 0.00335693
 0.00274658
 0.00274658
 0.00366211
 0.00427246
 0.00366211
 0.00274658
 0.00213623
 0.00183105
 0.00091553
-0.00030518
-0.00183105
-0.00366211
-0.00549316
-0.00610352
-0.00701904
-0.00793457
-0.00793457
-0.00793457
-0.00823975
-0.00823975
-0.00823975
-0.00793457
-0.00762939
-0.00762939
-0.00732422
-0.00732422
-0.00823975
-0.00885010
-0.00946045
-0.00915527
-0.00915527
-0.00885010
-0.00823975
-0.00762939
-0.00762939
-0.00793457
-0.00793457
-0.00793457
-0.00823975
-0.00854492
-0.00885010
-0.00976563
-0.01068115
-0.01159668
-0.01220703
-0.01281738
-0.01312256
-0.01342773
-0.01281738
-0.01190186
-0.01159668
-0.01129150
-0.01129150
-0.01068115
-0.01068115
-0.01037598
-0.01007080
-0.01007080
-0.01037598
-0.01037598
-0.01068115
-0.01098633
-0.01098633
-0.01037598
-0.00946045
-0.00854492
-0.00762939
-0.00701904
-0.00671387
-0.00640869
-0.00579834
-0.00579834
-0.00610352
-0.00640869
-0.00671387
-0.00701904
-0.00732422
-0.00732422
-0.00732422
-0.00701904
-0.00640869
-0.00518799
-0.00396729
-0.00305176
-0.00244141
-0.00213623
-0.00122070
-0.00030518
-0.00061035
-0.00030518
 0.00000000
 0.00000000
 0.00061035
 0.00152588
 0.00274658
 0.00396729
 0.00549316
 0.00671387
 0.00793457
 0.00854492
 0.00976563
 0.01129150
 0.01220703
 0.01251221
 0.01220703
 0.01159668
 0.01129150
 0.01068115
 0.01007080
 0.00976563
 0.01007080
 0.00946045
 0.00946045
 0.00976563
 0.01037598
 0.01037598
 0.01007080
 0.00976563
 0.00976563
 0.00976563
 0.00915527
 0.00823975
 0.00762939
 0.00762939
 0.00762939
 0.00793457
 0.00823975
 0.00823975
 0.00793457
 0.00762939
 0.00854492
 0.00885010
 0.00915527
 0.00885010
 0.00793457
 0.00732422
 0.00640869
 0.00579834
 0.00549316
 0.00457764
 0.00335693
 0.00213623
 0.00213623
 0.00244141
 0.00274658
 0.00244141
 0.00274658
 0.00274658
 0.00244141
 0.00183105
 0.00152588
 0.00091553
 0.00030518
-0.00061035
-0.00152588
-0.00183105
-0.00244141
-0.00274658
-0.00335693
-0.00335693
-0.00274658
-0.00213623
-0.00213623
-0.00305176
-0.00335693
-0.00305176
-0.00274658
-0.00274658
-0.00366211
-0.00488281
-0.00640869
-0.00762939
-0.00793457
-0.00823975
-0.00885010
-0.00915527
-0.00976563
-0.01007080
-0.01068115
-0.01098633
-0.01159668
-0.01220703
-0.01220703
-0.01251221
-0.01312256
-0.01434326
-0.01556396
-0.01586914
-0.01556396
-0.01556396
-0.01525879
-0.01434326
-0.01373291
-0.01281738
-0.01220703
-0.01190186
-0.01159668
-0.01159668
-0.01159668
-0.01190186
-0.01251221
-0.01312256
-0.01342773
-0.01373291
-0.01342773
-0.01342773
-0.01312256
-0.01251221
-0.01190186
-0.01129150
-0.01068115
-0.01007080
-0.00946045
-0.00946045
-0.00946045
-0.00976563
-0.01007080
-0.01007080
-0.01007080
-0.01007080
-0.01007080
-0.00915527
-0.00793457
-0.00640869
-0.00579834
-0.00518799
-0.00396729
-0.00274658
-0.00122070
-0.00061035
 0.00030518
 0.00091553
 0.00152588
 0.00091553
 0.00061035
 0.00061035
 0.00091553
 0.00091553
 0.00122070
 0.00213623
 0.00274658
 0.00335693
 0.00366211
 0.00427246
 0.00518799
 0.00579834
 0.00640869
 0.00732422
 0.00732422
 0.00671387
 0.00640869
 0.00671387
 0.00732422
 0.00793457
 0.00885010
 0.00946045
 0.01037598
 0.01129150
 0.01220703
 0.01312256
 0.01373291
 0.01434326
 0.01495361
 0.01525879
 0.01556396
 0.01495361
 0.01464844
 0.01464844
 0.01464844
 0.01434326
 0.01342773
 0.01312256
 0.01312256
 0.01373291
 0.01403809
 0.01403809
 0.01434326
 0.01464844
 0.01495361
 0.01464844
 0.01464844
 0.01464844
 0.01464844
 0.01464844
 0.01464844
 0.01464844
 0.01495361
 0.01525879
 0.01525879
 0.01556396
 0.01556396
 0.01525879
 0.01495361
 0.01495361
 0.01525879
 0.01556396
 0.01495361
 0.01342773
 0.01220703
 0.01129150
 0.01037598
 0.00885010
 0.00762939
 0.00701904
 0.00640869
 0.00579834
 0.00579834
 0.00549316
 0.00488281
 0.00396729
 0.00305176
 0.00244141
 0.00244141
 0.00213623
 0.00183105
 0.00122070
 0.00061035
 0.00030518
 0.00000000
-0.00061035
-0.00152588
-0.00152588
-0.00091553
-0.00030518
-0.00030518
-0.00061035
-0.00061035
-0.00122070
-0.00213623
-0.00274658
-0.00335693
-0.00488281
-0.00640869
-0.00793457
-0.00885010
-0.00946045
-0.01037598
-0.01129150
-0.01190186
-0.01220703
-0.01220703
-0.01251221
-0.01312256
-0.01312256
-0.01312256
-0.01342773
-0.01312256
-0.01312256
-0.01342773
-0.01373291
-0.01373291
-0.01342773
-0.01312256
-0.01312256
-0.01220703
-0.01098633
-0.00976563
-0.00885010
-0.00823975
-0.00793457
-0.00793457
-0.00793457
-0.00854492
-0.00854492
-0.00854492
-0.00885010
-0.00946045
-0.01007080
-0.00976563
-0.00915527
-0.00885010
-0.00885010
-0.00885010
-0.00885010
-0.00823975
-0.00732422
-0.00640869
-0.00671387
-0.00701904
-0.00701904
-0.00701904
-0.00732422
-0.00701904
-0.00671387
-0.00610352
-0.00610352
-0.00549316
-0.00488281
-0.00457764
-0.00457764
-0.00457764
-0.00488281
-0.00518799
-0.00457764
-0.00427246
-0.00457764
-0.00457764
-0.00488281
-0.00518799
-0.00488281
-0.00457764
-0.00457764
-0.00396729
-0.00335693
-0.00244141
-0.00183105
-0.00122070
-0.00061035
-0.00030518
 0.00000000
 0.00030518
 0.00061035
 0.00091553
 0.00122070
 0.00122070
 0.00183105
 0.00244141
 0.00335693
 0.00427246
 0.00518799
 0.00579834
 0.00671387
 0.00701904
 0.00701904
 0.00732422
 0.00732422
 0.00732422
 0.00671387
 0.00610352
 0.00488281
 0.00427246
 0.00396729
 0.00335693
 0.00335693
 0.00366211
 0.00396729
 0.00366211
 0.00335693
 0.00335693
 0.00366211
 0.00366211
 0.00396729
 0.00366211
 0.00366211
 0.00366211
 0.00396729
 0.00457764
 0.00518799
 0.00549316
 0.00579834
 0.00579834
 0.00640869
 0.00701904
 0.00762939
 0.00793457
 0.00823975
 0.00854492
 0.00885010
 0.00915527
 0.00885010
 0.00823975
 0.00762939
 0.00701904
 0.00671387
 0.00610352
 0.00549316
 0.00457764
 0.00396729
 0.00427246
 0.00396729
 0.00366211
 0.00335693
 0.00305176
 0.00213623
 0.00183105
 0.00122070
 0.00061035
 0.00000000
-0.00061035
-0.00152588
-0.00213623
-0.00183105
-0.00183105
-0.00244141
-0.00335693
-0.00366211
-0.00335693
-0.00305176
-0.00335693
-0.00366211
-0.00457764
-0.00488281
-0.00579834
-0.00671387
-0.00732422
-0.00793457
-0.00823975
-0.00823975
-0.00823975
-0.00823975
-0.00793457
-0.00762939
-0.00762939
-0.00762939
-0.00793457
-0.00823975
-0.00823975
-0.00793457
-0.00823975
-0.00915527
-0.00915527
-0.00946045
-0.00915527
-0.00915527
-0.00976563
-0.01007080
-0.00976563
-0.00854492
-0.00762939
-0.00732422
-0.00732422
-0.00732422
-0.00732422
-0.00793457
-0.00793457
-0.00854492
-0.00885010
-0.00885010
-0.00854492
-0.00854492
-0.00823975
-0.00793457
-0.00823975
-0.00854492
-0.00823975
-0.00762939
-0.00701904
-0.00732422
-0.00732422
-0.00671387
-0.00579834
-0.00549316
-0.00549316
-0.00549316
-0.00488281
-0.00427246
-0.00305176
-0.00213623
-0.00091553
 0.00000000
 0.00091553
 0.00183105
 0.00213623
 0.00213623
 0.00244141
 0.00305176
 0.00335693
 0.00305176
 0.00305176
 0.00366211
 0.00457764
 0.00549316
 0.00579834
 0.00579834
 0.00579834
 0.00640869
 0.00732422
 0.00732422
 0.00701904
 0.00671387
 0.00640869
 0.00610352
 0.00579834
 0.00518799
 0.00488281
 0.00488281
 0.00549316
 0.00640869
 0.00671387
 0.00701904
 0.00732422
 0.00793457
 0.00854492
 0.00854492
 0.00854492
 0.00823975
 0.00793457
 0.00701904
 0.00610352
 0.00579834
 0.00579834
 0.00579834
 0.00549316
 0.00518799
 0.00579834
 0.00640869
 0.00701904
 0.00732422
 0.00732422
 0.00701904
 0.00640869
 0.00518799
 0.00396729
 0.00274658
 0.00183105
 0.00091553
 0.00030518
-0.00030518
-0.00030518
 0.00000000
 0.00030518
 0.00091553
 0.00183105
 0.00274658
 0.00366211
 0.00335693
 0.00274658
 0.00274658
 0.00183105
 0.00122070
 0.00000000
-0.00061035
-0.00122070
-0.00152588
-0.00091553
-0.00061035
-0.00091553
-0.00061035
-0.00030518
-0.00030518
-0.00030518
-0.00061035
-0.00091553
-0.00183105
-0.00244141
-0.00305176
-0.00396729
-0.00427246
-0.00549316
-0.00610352
-0.00549316
-0.00518799
-0.00457764
-0.00366211
-0.00244141
-0.00183105
-0.00152588
-0.00152588
-0.00213623
-0.00274658
-0.00305176
-0.00366211
-0.00457764
-0.00518799
-0.00549316
-0.00579834
-0.00579834
-0.00579834
-0.00549316
-0.00549316
-0.00488281
-0.00396729
-0.00366211
-0.00366211
-0.00396729
-0.00396729
-0.00396729
-0.00427246
-0.00457764
-0.00427246
-0.00427246
-0.00427246
-0.00396729
-0.00396729
-0.00305176
-0.00213623
-0.00152588
-0.00091553
 0.00030518
 0.00091553
 0.00122070
 0.00152588
 0.00152588
 0.00122070
 0.00091553
 0.00091553
 0.00091553
 0.00091553
 0.00122070
 0.00122070
 0.00152588
 0.00213623
 0.00244141
 0.00244141
 0.00244141
 0.00213623
 0.00213623
 0.00183105
 0.00183105
 0.00122070
 0.00091553
 0.00030518
 0.00000000
 0.00000000
 0.00061035
 0.00122070
 0.00183105
 0.00244141
 0.00335693
 0.00396729
 0.00488281
 0.00518799
 0.00488281
 0.00488281
 0.00457764
 0.00457764
 0.00457764
 0.00488281
 0.00488281
 0.00488281
 0.00427246
 0.00396729
 0.00427246
 0.00518799
 0.00549316
 0.00579834
 0.00610352
 0.00610352
 0.00610352
 0.00610352
 0.00518799
 0.00457764
 0.00427246
 0.00427246
 0.00366211
 0.00305176
 0.00274658
 0.00274658
 0.00244141
 0.00213623
 0.00213623
 0.00274658
 0.00335693
 0.00335693
 0.00274658
 0.00244141
 0.00274658
 0.00244141
 0.00152588
 0.00122070
 0.00061035
-0.00030518
-0.00122070
-0.00122070
-0.00122070
-0.00122070
-0.00122070
-0.00122070
-0.00122070
-0.00091553
-0.00061035
-0.00122070
-0.00152588
-0.00183105
-0.00244141
-0.00305176
-0.00335693
-0.00335693
-0.00366211
-0.00366211
-0.00335693
-0.00274658
-0.00274658
-0.00274658
-0.00244141
-0.00213623
-0.00244141
-0.00305176
-0.00335693
-0.00335693
-0.00366211
-0.00427246
-0.00518799
-0.00610352
-0.00732422
-0.00793457
-0.00854492
-0.00854492
-0.00823975
-0.00823975
-0.00854492
-0.00915527
-0.00915527
-0.00946045
-0.00976563
-0.01037598
-0.01098633
-0.01068115
-0.01068115
-0.01037598
-0.01037598
-0.01037598
-0.00976563
-0.00915527
-0.00854492
-0.00823975
-0.00793457
-0.00671387
-0.00579834
-0.00518799
-0.00457764
-0.00427246
-0.00457764
-0.00457764
-0.00427246
-0.00396729
-0.00366211
-0.00335693
-0.00305176
-0.00274658
-0.00213623
-0.00152588
-0.00091553
-0.00091553
-0.00122070
-0.00122070
-0.00122070
-0.00152588
-0.00152588
-0.00152588
-0.00122070
-0.00091553
-0.00091553
-0.00030518
 0.00000000
 0.00030518
 0.00091553
 0.00152588
 0.00213623
 0.00244141
 0.00305176
 0.00396729
 0.00457764
 0.00427246
 0.00457764
 0.00488281
 0.00518799
 0.00549316
 0.00549316
 0.00610352
 0.00671387
 0.00762939
 0.00854492
 0.00915527
 0.00946045
 0.01037598
 0.01098633
 0.01098633
 0.01068115
 0.01037598
 0.01037598
 0.01037598
 0.01068115
 0.01098633
 0.01098633
 0.01129150
 0.01190186
 0.01251221
 0.01281738
 0.01281738
 0.01281738
 0.01312256
 0.01342773
 0.01342773
 0.01312256
 0.01220703
 0.01190186
 0.01190186
 0.01098633
 0.01037598
 0.00976563
 0.00946045
 0.00946045
 0.00976563
 0.00976563
 0.00976563
 0.00946045
 0.00915527
 0.00885010
 0.00823975
 0.00793457
 0.00762939
 0.00701904
 0.00640869
 0.00610352
 0.00579834
 0.00518799
 0.00488281
 0.00488281
 0.00457764
 0.00396729
 0.00335693
 0.00305176
 0.00305176
 0.00335693
 0.00335693
 0.00274658
 0.00213623
 0.00152588
 0.00091553
 0.00061035
 0.00030518
 0.00030518
-0.00030518
-0.00091553
-0.00213623
-0.00274658
-0.00366211
-0.00396729
-0.00488281
-0.00549316
-0.00579834
-0.00610352
-0.00610352
-0.00640869
-0.00671387
-0.00732422
-0.00793457
-0.00854492
-0.00823975
-0.00762939
-0.00793457
-0.00854492
-0.00885010
-0.00885010
-0.00854492
-0.00854492
-0.00854492
-0.00823975
-0.00793457
-0.00793457
-0.00732422
-0.00701904
-0.00701904
-0.00701904
-0.00701904
-0.00671387
-0.00701904
-0.00762939
-0.00793457
-0.00793457
-0.00854492
-0.00854492
-0.00885010
-0.00885010
-0.00854492
-0.00823975
-0.00823975
-0.00823975
-0.00854492
-0.00885010
-0.00915527
-0.00976563
-0.01037598
-0.01098633
-0.01159668
-0.01220703
-0.01251221
-0.01251221
-0.01220703
-0.01159668
-0.01129150
-0.01129150
-0.01098633
-0.01098633
-0.01068115
-0.00976563
-0.00976563
-0.01037598
-0.01037598
-0.01068115
-0.01068115
-0.01068115
-0.01037598
-0.00976563
-0.00946045
-0.00885010
-0.00793457
-0.00732422
-0.00640869
-0.00579834
-0.00579834
-0.00610352
-0.00640869
-0.00640869
-0.00640869
-0.00640869
-0.00671387
-0.00671387
-0.00640869
-0.00640869
-0.00610352
-0.00549316
-0.00518799
-0.00457764
-0.00366211
-0.00305176
-0.00305176
-0.00305176
-0.00335693
-0.00366211
-0.00427246
-0.00488281
-0.00488281
-0.00488281
-0.00488281
-0.00518799
-0.00488281
-0.00457764
-0.00335693
-0.00274658
-0.00244141
-0.00213623
-0.00183105
-0.00183105
-0.00183105
-0.00183105
-0.00183105
-0.00213623
-0.00213623
-0.00213623
-0.00213623
-0.00183105
-0.00152588
-0.00091553
-0.00061035
 0.00000000
 0.00061035
 0.00122070
 0.00152588
 0.00213623
 0.00213623
 0.00274658
 0.00335693
 0.00396729
 0.00427246
 0.00457764
 0.00457764
 0.00457764
 0.00457764
 0.00518799
 0.00549316
 0.00579834
 0.00579834
 0.00610352
 0.00701904
 0.00732422
 0.00732422
 0.00701904
 0.00671387
 0.00640869
 0.00640869
 0.00671387
 0.00732422
 0.00701904
 0.00671387
 0.00640869
 0.00610352
 0.00610352
 0.00610352
 0.00549316
 0.00488281
 0.00518799
 0.00579834
 0.00610352
 0.00640869
 0.00640869
 0.00640869
 0.00640869
 0.00579834
 0.00549316
 0.00518799
 0.00518799
 0.00518799
 0.00518799
 0.00518799
 0.00488281
 0.00427246
 0.00396729
 0.00366211
 0.00366211
 0.00335693
 0.00335693
 0.00274658
 0.00244141
 0.00274658
 0.00244141
 0.00213623
 0.00152588
 0.00061035
 0.00030518
 0.00030518
 0.00030518
 0.00030518
-0.00030518
-0.00122070
-0.00122070
-0.00030518
 0.00061035
 0.00061035
 0.00061035
 0.00061035
 0.00061035
 0.00061035
 0.00030518
 0.00000000
 0.00030518
 0.00061035
 0.00061035
 0.00030518
-0.00030518
-0.00061035
-0.00061035
-0.00030518
 0.00030518
 0.00061035
 0.00061035
 0.00030518
-0.00030518
-0.00091553
-0.00152588
-0.00213623
-0.00274658
-0.00305176
-0.00335693
-0.00366211
-0.00396729
-0.00396729
-0.00396729
-0.00396729
-0.00396729
-0.00396729
-0.00396729
-0.00427246
-0.00396729
-0.00366211
-0.00366211
-0.00396729
-0.00427246
-0.00457764
-0.00488281
-0.00518799
-0.00488281
-0.00457764
-0.00427246
-0.00396729
-0.00396729
-0.00396729
-0.00366211
-0.00335693
-0.00335693
-0.00335693
-0.00335693
-0.00335693
-0.00366211
-0.00396729
-0.00366211
-0.00396729
-0.00427246
-0.00396729
-0.00305176
-0.00213623
-0.00122070
-0.00030518
 0.00030518
 0.00030518
 0.00030518
 0.00000000
-0.00030518
-0.00030518
-0.00030518
-0.00030518
-0.00030518
-0.00030518
-0.00030518
-0.00030518
-0.00030518
 0.00030518
 0.00091553
 0.00122070
 0.00152588
 0.00213623
 0.00213623
 0.00213623
 0.00183105
 0.00122070
 0.00091553
 0.00091553
 0.00061035
 0.00091553
 0.00122070
 0.00152588
 0.00213623
 0.00244141
 0.00305176
 0.00366211
 0.00427246
 0.00457764
 0.00488281
 0.00488281
 0.00518799
 0.00518799
 0.00488281
 0.00488281
 0.00427246
 0.00366211
 0.00366211
 0.00335693
 0.00335693
 0.00335693
 0.00366211
 0.00396729
 0.00427246
 0.00427246
 0.00396729
 0.00396729
 0.00396729
 0.00396729
 0.00366211
 0.00305176
 0.00244141
 0.00244141
 0.00213623
 0.00183105
 0.00183105
 0.00244141
 0.00335693
 0.00396729
 0.00427246
 0.00488281
 0.00488281
 0.00518799
 0.00549316
 0.00488281
 0.00488281
 0.00488281
 0.00457764
 0.00457764
 0.00396729
 0.00396729
 0.00396729
 0.00427246
 0.00488281
 0.00518799
 0.00549316
 0.00579834
 0.00610352
 0.00640869
 0.00640869
 0.00579834
 0.00549316
 0.00579834
 0.00579834
 0.00518799
 0.00488281
 0.00488281
 0.00488281
 0.00488281
 0.00427246
 0.00396729
 0.00427246
 0.00427246
 0.00427246
 0.00396729
 0.00335693
 0.00305176
 0.00274658
 0.00213623
 0.00183105
 0.00122070
 0.00061035
 0.00000000
-0.00061035
-0.00122070
-0.00152588
-0.00152588
-0.00152588
-0.00152588
-0.00152588
-0.00122070
-0.00091553
-0.00091553
-0.00091553
-0.00122070
-0.00091553
-0.00091553
-0.00091553
-0.00091553
-0.00061035
-0.00061035
-0.00030518
 0.00000000
 0.00030518
 0.00030518
 0.00000000
 0.00030518
 0.00061035
 0.00061035
 0.00030518
-0.00030518
-0.00091553
-0.00152588
-0.00122070
-0.00183105
-0.00274658
-0.00366211
-0.00396729
-0.00396729
-0.00427246
-0.00488281
-0.00579834
-0.00610352
-0.00640869
-0.00610352
-0.00579834
-0.00610352
-0.00640869
-0.00701904
-0.00701904
-0.00762939
-0.00823975
-0.00885010
-0.00885010
-0.00915527
-0.00946045
-0.00915527
-0.00854492
-0.00793457
-0.00793457
-0.00793457
-0.00762939
-0.00762939
-0.00762939
-0.00793457
-0.00823975
-0.00823975
-0.00762939
-0.00762939
-0.00793457
-0.00823975
-0.00823975
-0.00823975
-0.00762939
-0.00701904
-0.00640869
-0.00610352
-0.00610352
-0.00579834
-0.00518799
-0.00488281
-0.00457764
-0.00457764
-0.00457764
-0.00457764
-0.00427246
-0.00427246
-0.00457764
-0.00518799
-0.00549316
-0.00518799
-0.00457764
-0.00488281
-0.00518799
-0.00518799
-0.00488281
-0.00427246
-0.00396729
-0.00396729
-0.00427246
-0.00427246
-0.00396729
-0.00396729
-0.00396729
-0.00366211
-0.00366211
-0.00366211
-0.00335693
-0.00244141
-0.00183105
-0.00122070
-0.00091553
-0.00091553
-0.00091553
-0.00061035
 0.00030518
 0.00152588
 0.00244141
 0.00244141
 0.00244141
 0.00305176
 0.00335693
 0.00335693
 0.00335693
 0.00366211
 0.00396729
 0.00488281
 0.00549316
 0.00579834
 0.00549316
 0.00549316
 0.00579834
 0.00610352
 0.00610352
 0.00640869
 0.00640869
 0.00610352
 0.00610352
 0.00640869
 0.00701904
 0.00671387
 0.00671387
 0.00701904
 0.00732422
 0.00793457
 0.00793457
 0.00823975
 0.00885010
 0.00946045
 0.00976563
 0.01007080
 0.01037598
 0.01037598
 0.01037598
 0.01007080
 0.00976563
 0.01037598
 0.01037598
 0.01098633
 0.01129150
 0.01159668
 0.01129150
 0.01129150
 0.01129150
 0.01068115
 0.01068115
 0.01037598
 0.01037598
 0.01037598
 0.01037598
 0.01007080
 0.00946045
 0.00885010
 0.00854492
 0.00823975
 0.00823975
 0.00793457
 0.00793457
 0.00762939
 0.00793457
 0.00823975
 0.00823975
 0.00762939
 0.00671387
 0.00610352
 0.00579834
 0.00549316
 0.00488281
 0.00457764
 0.00427246
 0.00427246
 0.00396729
 0.00366211
 0.00335693
 0.00335693
 0.00366211
 0.00305176
 0.00244141
 0.00213623
 0.00213623
 0.00183105
 0.00122070
 0.00030518
-0.00030518
-0.00122070
-0.00183105
-0.00274658
-0.00305176
-0.00305176
-0.00274658
-0.00335693
-0.00427246
-0.00427246
-0.00396729
-0.00396729
-0.00427246
-0.00457764
-0.00488281
-0.00488281
-0.00518799
-0.00579834
-0.00579834
-0.00549316
-0.00549316
-0.00579834
-0.00610352
-0.00579834
-0.00549316
-0.00549316
-0.00549316
-0.00549316
-0.00549316
-0.00549316
-0.00549316
-0.00579834
-0.00640869
-0.00671387
-0.00671387
-0.00732422
-0.00732422
-0.00732422
-0.00732422
-0.00732422
-0.00671387
-0.00610352
-0.00610352
-0.00579834
-0.00549316
-0.00488281
-0.00488281
-0.00549316
-0.00579834
-0.00549316
-0.00549316
-0.00549316
-0.00549316
-0.00518799
-0.00518799
-0.00518799
-0.00488281
-0.00396729
-0.00366211
-0.00305176
-0.00274658
-0.00244141
-0.00244141
-0.00213623
-0.00213623
-0.00244141
-0.00274658
-0.00274658
-0.00274658
-0.00274658
-0.00213623
-0.00183105
-0.00152588
-0.00091553
 0.00000000
 0.00030518
 0.00061035
 0.00122070
 0.00152588
 0.00183105
 0.00183105
 0.00213623
 0.00183105
 0.00152588
 0.00122070
 0.00122070
 0.00213623
 0.00335693
 0.00396729
 0.00396729
 0.00366211
 0.00396729
 0.00457764
 0.00488281
 0.00457764
 0.00396729
 0.00335693
 0.00335693
 0.00305176
 0.00244141
 0.00213623
 0.00183105
 0.00183105
 0.00213623
 0.00244141
 0.00305176
 0.00366211
 0.00396729
 0.00457764
 0.00488281
 0.00457764
 0.00427246
 0.00366211
 0.00366211
 0.00396729
 0.00396729
 0.00366211
 0.00396729
 0.00427246
 0.00427246
 0.00488281
 0.00488281
 0.00518799
 0.00579834
 0.00610352
 0.00610352
 0.00610352
 0.00579834
 0.00549316
 0.00488281
 0.00427246
 0.00396729
 0.00335693
 0.00274658
 0.00274658
 0.00244141
 0.00244141
 0.00213623
 0.00183105
 0.00213623
 0.00244141
 0.00244141
 0.00213623
 0.00183105
 0.00152588
 0.00122070
 0.00061035
 0.00000000
-0.00122070
-0.00183105
-0.00213623
-0.00244141
-0.00274658
-0.00305176
-0.00335693
-0.00335693
-0.00366211
-0.00396729
-0.00457764
-0.00427246
-0.00457764
-0.00457764
-0.00549316
-0.00610352
-0.00671387
-0.00732422
-0.00762939
-0.00762939
-0.00762939
-0.00793457
-0.00793457
-0.00823975
-0.00793457
-0.00762939
-0.00732422
-0.00793457
-0.00793457
-0.00762939
-0.00762939
-0.00793457
-0.00793457
-0.00762939
-0.00762939
-0.00762939
-0.00793457
-0.00793457
-0.00762939
-0.00762939
-0.00793457
-0.00793457
-0.00793457
-0.00762939
-0.00793457
-0.00823975
-0.00793457
-0.00823975
-0.00854492
-0.00915527
-0.00915527
-0.00854492
-0.00762939
-0.00732422
-0.00732422
-0.00701904
-0.00732422
-0.00732422
-0.00701904
-0.00610352
-0.00549316
-0.00488281
-0.00457764
-0.00396729
-0.00396729
-0.00366211
-0.00366211
-0.00305176
-0.00213623
-0.00122070
-0.00091553
-0.00061035
 0.00000000
 0.00030518
 0.00061035
 0.00061035
 0.00122070
 0.00183105
 0.00183105
 0.00183105
 0.00183105
 0.00244141
 0.00274658
 0.00244141
 0.00274658
 0.00335693
 0.00335693
 0.00396729
 0.00427246
 0.00457764
 0.00488281
 0.00518799
 0.00518799
 0.00518799
 0.00518799
 0.00549316
 0.00579834
 0.00640869
 0.00732422
 0.00762939
 0.00732422
 0.00732422
 0.00793457
 0.00823975
 0.00823975
 0.00823975
 0.00854492
 0.00854492
 0.00854492
 0.00854492
 0.00885010
 0.00885010
 0.00854492
 0.00885010
 0.00915527
 0.00946045
 0.00976563
 0.00976563
 0.00946045
 0.00946045
 0.00976563
 0.01068115
 0.01129150
 0.01129150
 0.01098633
 0.01098633
 0.01068115
 0.01037598
 0.01007080
 0.01037598
 0.01068115
 0.01098633
 0.01098633
 0.01068115
 0.01068115
 0.01098633
 0.01068115
 0.01037598
 0.01037598
 0.01037598
 0.01007080
 0.00976563
 0.00915527
 0.00823975
 0.00762939
 0.00701904
 0.00671387
 0.00671387
 0.00640869
 0.00610352
 0.00579834
 0.00549316
 0.00549316
 0.00549316
 0.00579834
 0.00579834
 0.00549316
 0.00518799
 0.00488281
 0.00457764
 0.00457764
 0.00488281
 0.00518799
 0.00518799
 0.00457764
 0.00427246
 0.00457764
 0.00518799
 0.00549316
 0.00549316
 0.00518799
 0.00488281
 0.00457764
 0.00457764
 0.00427246
 0.00396729
 0.00366211
 0.00335693
 0.00335693
 0.00274658
 0.00244141
 0.00244141
 0.00244141
 0.00213623
 0.00152588
 0.00152588
 0.00183105
 0.00183105
 0.00183105
 0.00152588
 0.00122070
 0.00122070
 0.00061035
-0.00030518
-0.00030518
-0.00030518
-0.00030518
-0.00030518
-0.00061035
-0.00030518
-0.00030518
-0.00061035
-0.00061035
-0.00122070
-0.00152588
-0.00152588
-0.00183105
-0.00244141
-0.00244141
-0.00274658
-0.00335693
-0.00396729
-0.00457764
-0.00488281
-0.00457764
-0.00518799
-0.00518799
-0.00518799
-0.00518799
-0.00518799
-0.00488281
-0.00488281
-0.00488281
-0.00488281
-0.00549316
-0.00579834
-0.00579834
-0.00610352
-0.00610352
-0.00610352
-0.00640869
-0.00610352
-0.00549316
-0.00549316
-0.00518799
-0.00549316
-0.00518799
-0.00549316
-0.00549316
-0.00549316
-0.00579834
-0.00579834
-0.00579834
-0.00610352
-0.00640869
-0.00640869
-0.00671387
-0.00640869
-0.00610352
-0.00549316
-0.00549316
-0.00549316
-0.00518799
-0.00488281
-0.00488281
-0.00488281
-0.00488281
-0.00488281
-0.00518799
-0.00488281
-0.00488281
-0.00457764
-0.00488281
-0.00518799
-0.00488281
-0.00427246
-0.00396729
-0.00366211
-0.00366211
-0.00366211
-0.00366211
-0.00396729
-0.00396729
-0.00396729
-0.00366211
-0.00366211
-0.00396729
-0.00396729
-0.00335693
-0.00274658
-0.00183105
-0.00152588
-0.00122070
-0.00091553
-0.00030518
 0.00000000
 0.00030518
 0.00030518
 0.00061035
 0.00091553
 0.00122070
 0.00122070
 0.00152588
 0.00183105
 0.00213623
 0.00244141
 0.00244141
 0.00305176
 0.00305176
 0.00305176
 0.00274658
 0.00274658
 0.00244141
 0.00274658
 0.00305176
 0.00274658
 0.00244141
 0.00183105
 0.00183105
 0.00152588
 0.00152588
 0.00183105
 0.00183105
 0.00183105
 0.00152588
 0.00183105
 0.00183105
 0.00152588
 0.00091553
 0.00030518
 0.00030518
 0.00061035
 0.00030518
 0.00000000
-0.00061035
-0.00030518
-0.00030518
-0.00030518
-0.00091553
-0.00122070
-0.00122070
-0.00061035
-0.00030518
-0.00030518
-0.00061035
-0.00091553
-0.00122070
-0.00183105
-0.00244141
-0.00274658
-0.00305176
-0.00305176
-0.00305176
-0.00305176
-0.00305176
-0.00274658
-0.00274658
-0.00274658
-0.00305176
-0.00305176
-0.00305176
-0.00335693
-0.00366211
-0.00366211
-0.00335693
-0.00305176
-0.00366211
-0.00427246
-0.00518799
-0.00518799
-0.00457764
-0.00457764
-0.00488281
-0.00457764
-0.00457764
-0.00427246
-0.00396729
-0.00396729
-0.00396729
-0.00396729
-0.00457764
-0.00457764
-0.00457764
-0.00457764
-0.00457764
-0.00457764
-0.00427246
-0.00366211
-0.00335693
-0.00335693
-0.00335693
-0.00335693
-0.00274658
-0.00244141
-0.00244141
-0.00274658
-0.00244141
-0.00183105
-0.00152588
-0.00152588
-0.00152588
-0.00122070
-0.00061035
-0.00030518
-0.00030518
 0.00000000
 0.00000000
 0.00061035
 0.00061035
 0.00091553
 0.00091553
 0.00122070
 0.00122070
 0.00122070
 0.00152588
 0.00152588
 0.00152588
 0.00152588
 0.00213623
 0.00244141
 0.00213623
 0.00244141
 0.00274658
 0.00305176
 0.00305176
 0.00305176
 0.00366211
 0.00427246
 0.00457764
 0.00488281
 0.00518799
 0.00518799
 0.00518799
 0.00549316
 0.00579834
 0.00610352
 0.00640869
 0.00701904
 0.00701904
 0.00671387
 0.00610352
 0.00549316
 0.00549316
 0.00549316
 0.00518799
 0.00518799
 0.00488281
 0.00427246
 0.00396729
 0.00396729
 0.00396729
 0.00396729
 0.00366211
 0.00335693
 0.00366211
 0.00366211
 0.00335693
 0.00305176
 0.00335693
 0.00366211
 0.00335693
 0.00305176
 0.00274658
 0.00244141
 0.00244141
 0.00244141
 0.00244141
 0.00213623
 0.00183105
 0.00183105
 0.00213623
 0.00213623
 0.00183105
 0.00183105
 0.00152588
 0.00122070
 0.00091553
 0.00122070
 0.00091553
 0.00030518
-0.00030518
 0.00000000
 0.00061035
 0.00091553
 0.00061035
 0.00000000
-0.00030518
-0.00030518
-0.00061035
-0.00061035
-0.00061035
-0.00061035
-0.00061035
-0.00061035
-0.00091553
-0.00122070
-0.00122070
-0.00091553
-0.00091553
-0.00122070
-0.00122070
-0.00061035
-0.00091553
-0.00152588
-0.00152588
-0.00183105
-0.00244141
-0.00305176
-0.00335693
-0.00335693
-0.00335693
-0.00335693
-0.00335693
-0.00366211
-0.00396729
-0.00427246
-0.00457764
-0.00488281
-0.00427246
-0.00366211
-0.00366211
-0.00396729
-0.00457764
-0.00488281
-0.00518799
-0.00549316
-0.00579834
-0.00579834
-0.00549316
-0.00488281
-0.00427246
-0.00427246
-0.00427246
-0.00366211
-0.00335693
-0.00305176
-0.00305176
-0.00335693
-0.00396729
-0.00457764
-0.00457764
-0.00457764
-0.00457764
-0.00457764
-0.00488281
-0.00488281
-0.00457764
-0.00427246
-0.00396729
-0.00366211
-0.00366211
-0.00366211
-0.00335693
-0.00305176
-0.00305176
-0.00335693
-0.00366211
-0.00396729
-0.00335693
-0.00305176
-0.00305176
-0.00274658
-0.00213623
-0.00183105
-0.00183105
-0.00152588
-0.00152588
-0.00122070
-0.00091553
-0.00091553
-0.00091553
-0.00152588
-0.00183105
-0.00183105
-0.00152588
-0.00091553
-0.00122070
-0.00152588
-0.00091553
-0.00030518
 0.00030518
 0.00030518
 0.00030518
 0.00030518
 0.00030518
 0.00000000
-0.00030518
 0.00000000
 0.00000000
 0.00000000
-0.00061035
-0.00061035
 0.00000000
 0.00091553
 0.00152588
 0.00183105
 0.00244141
 0.00335693
 0.00427246
 0.00427246
 0.00427246
 0.00488281
 0.00457764
 0.00457764
 0.00396729
 0.00427246
 0.00457764
 0.00488281
 0.00518799
 0.00518799
 0.00488281
 0.00488281
 0.00579834
 0.00671387
 0.00732422
 0.00701904
 0.00701904
 0.00732422
 0.00762939
 0.00732422
 0.00732422
 0.00640869
 0.00610352
 0.00610352
 0.00610352
 0.00640869
 0.00640869
 0.00610352
 0.00579834
 0.00579834
 0.00579834
 0.00549316
 0.00549316
 0.00518799
 0.00488281
 0.00457764
 0.00427246
 0.00396729
 0.00366211
 0.00335693
 0.00305176
 0.00244141
 0.00274658
 0.00244141
 0.00244141
 0.00244141
 0.00244141
 0.00244141
 0.00274658
 0.00274658
 0.00244141
 0.00244141
 0.00244141
 0.00244141
 0.00244141
 0.00244141
 0.00213623
 0.00183105
 0.00152588
 0.00183105
 0.00183105
 0.00152588
 0.00122070
 0.00122070
 0.00122070
 0.00122070
 0.00061035
 0.00000000
 0.00000000
 0.00061035
 0.00030518
-0.00030518
-0.00061035
-0.00061035
-0.00061035
-0.00061035
-0.00122070
-0.00213623
-0.00244141
-0.00244141
-0.00274658
-0.00305176
-0.00274658
-0.00244141
-0.00213623
-0.00244141
-0.00274658
-0.00305176
-0.00335693
-0.00335693
-0.00335693
-0.00305176
-0.00335693
-0.00335693
-0.00396729
-0.00396729
-0.00396729
-0.00396729
-0.00396729
-0.00427246
-0.00396729
-0.00366211
-0.00366211
-0.00366211
-0.00366211
-0.00396729
-0.00427246
-0.00427246
-0.00427246
-0.00427246
-0.00427246
-0.00366211
-0.00335693
-0.00366211
-0.00335693
-0.00335693
-0.00274658
-0.00274658
-0.00244141
-0.00213623
-0.00152588
-0.00152588
-0.00152588
-0.00183105
-0.00183105
-0.00183105
-0.00213623
-0.00213623
-0.00183105
-0.00152588
-0.00122070
-0.00122070
-0.00122070
-0.00061035
-0.00091553
-0.00061035
-0.00030518
-0.00030518
-0.00061035
 0.00000000
 0.00030518
 0.00061035
 0.00030518
 0.00030518
 0.00000000
 0.00000000
 0.00000000
 0.00030518
 0.00061035
 0.00061035
 0.00091553
 0.00152588
 0.00183105
 0.00183105
 0.00183105
 0.00152588
 0.00213623
 0.00213623
 0.00213623
 0.00183105
 0.00213623
 0.00183105
 0.00152588
 0.00183105
 0.00183105
 0.00152588
 0.00152588
 0.00122070
 0.00091553
 0.00091553
 0.00152588
 0.00244141
 0.00244141
 0.00244141
 0.00244141
 0.00213623
 0.00213623
 0.00213623
 0.00274658
 0.00305176
 0.00305176
 0.00305176
 0.00305176
 0.00305176
 0.00305176
 0.00274658
 0.00274658
 0.00305176
 0.00335693
 0.00305176
 0.00305176
 0.00335693
 0.00335693
 0.00366211
 0.00335693
 0.00335693
 0.00366211
 0.00366211
 0.00366211
 0.00427246
 0.00427246
 0.00427246
 0.00427246
 0.00457764
 0.00427246
 0.00335693
 0.00305176
 0.00335693
 0.00305176
 0.00274658
 0.00244141
 0.00244141
 0.00244141
 0.00274658
 0.00244141
 0.00244141
 0.00244141
 0.00274658
 0.00305176
 0.00305176
 0.00274658
 0.00274658
 0.00213623
 0.00213623
 0.00152588
 0.00122070
 0.00152588
 0.00122070
 0.00122070
 0.00152588
 0.00152588
 0.00183105
 0.00183105
 0.00122070
 0.00122070
 0.00122070
 0.00183105
 0.00183105
 0.00183105
 0.00152588
 0.00152588
 0.00122070
 0.00061035
 0.00061035
 0.00000000
-0.00030518
-0.00061035
-0.00061035
-0.00030518
-0.00030518
-0.00030518
 0.00000000
 0.00030518
 0.00030518
 0.00030518
 0.00000000
