-0.00030518
-0.00030518
-0.00030518
-0.00061035
-0.00030518
-0.00030518
-0.00030518
-0.00091553
-0.00091553
-0.00061035
 0.00000000
 0.00000000
-0.00030518
-0.00091553
-0.00061035
-0.00030518
-0.00030518
-0.00061035
-0.00061035
-0.00030518
-0.00030518
-0.00030518
-0.00030518
-0.00030518
-0.00061035
-0.00061035
-0.00030518
-0.00030518
-0.00030518
-0.00061035
-0.00061035
-0.00061035
-0.00030518
-0.00030518
-0.00030518
-0.00030518
-0.00030518
-0.00061035
-0.00091553
-0.00091553
-0.00061035
 0.00000000
 0.00000000
-0.00061035
-0.00091553
-0.00091553
-0.00061035
-0.00030518
-0.00030518
-0.00061035
-0.00091553
-0.00061035
-0.00061035
-0.00061035
-0.00061035
-0.00061035
-0.00030518
-0.00030518
-0.00030518
 0.00000000
-0.00030518
-0.00030518
-0.00030518
 0.00000000
 0.00000000
-0.00061035
-0.00091553
-0.00030518
-0.00030518
-0.00030518
-0.00030518
-0.00030518
-0.00061035
-0.00061035
-0.00061035
 0.00000000
 0.00000000
 0.00000000
 0.00000000
 0.00061035
 0.00030518
 0.00030518
 0.00000000
-0.00030518
-0.00030518
-0.00030518
 0.00030518
 0.00030518
 0.00030518
-0.00030518
-0.00061035
-0.00030518
 0.00030518
 0.00030518
 0.00061035
 0.00183105
 0.00671387
 0.01922607
 0.04486084
 0.08789063
 0.14648438
 0.20996094
 0.25115967
 0.19287109
-0.05004883
-0.41809082
-0.81909180
-1.12121582
-1.19903564
-0.98754883
-0.48370361
 0.18157959
 0.78155518
 1.17187500
 1.10900879
 0.73028564
 0.36804199
 0.03692627
-0.21423340
-0.32287598
-0.36926270
-0.40252686
-0.45288086
-0.59661865
-0.83251953
-0.96710205
-0.86151123
-0.56945801
-0.16632080
 0.42480469
 1.02447510
 1.39099121
 1.33300781
 0.95642090
 0.43090820
-0.21423340
-0.74523926
-0.86853027
-0.75317383
-0.54870605
-0.29357910
-0.04760742
 0.07171631
 0.07934570
 0.08300781
 0.09582520
 0.12969971
 0.28686523
 0.58166504
 0.79986572
 0.79620361
 0.55786133
 0.19409180
-0.37658691
-0.93078613
-1.29943848
-1.37573242
-1.14501953
-0.65307617
 0.03997803
 0.66680908
 1.12976074
 1.18408203
 0.91003418
 0.59173584
 0.36895752
 0.33081055
 0.33020020
 0.24658203
-0.02044678
-0.34210205
-0.60150146
-0.72570801
-0.73760986
-0.62133789
-0.31890869
 0.15808105
 0.71990967
 1.24847412
 1.56494141
 1.48223877
 1.06262207
 0.63018799
 0.31280518
-0.06866455
-0.38696289
-0.50598145
-0.46997070
-0.41839600
-0.37811279
-0.28900146
-0.13824463
 0.08056641
 0.36560059
 0.67108154
 0.90454102
 1.04217529
 1.10931396
 1.05560303
 0.80505371
 0.36224365
-0.08880615
-0.41473389
-0.40191650
-0.20477295
-0.06103516
 0.06958008
 0.19714355
 0.29876709
 0.37841797
 0.49377441
 0.59631348
 0.54382324
 0.23040771
-0.30792236
-0.96191406
-1.49627686
-1.66931152
-1.46118164
-1.03729248
-0.52581787
-0.08056641
 0.52825928
 0.92803955
 1.24542236
 1.55517578
 1.80725098
 1.83380127
 1.56585693
 1.08489990
 0.48706055
-0.17517090
-0.88745117
-1.45050049
-1.87561035
-2.10266113
-2.03857422
-1.65191650
-1.00341797
-0.08361816
 0.77667236
 1.73309326
 2.57263184
 3.09234619
 2.91015625
 1.96075439
 0.74554443
-0.37048340
-1.51977539
-2.45422363
-3.03680420
-3.20678711
-2.99743652
-2.42706299
-1.50726318
-0.15594482
 1.13952637
 2.46704102
 3.36761475
 3.56506348
 2.61993408
 0.99609375
-0.37902832
-1.44165039
-2.13623047
-2.49664307
-2.50366211
-2.18261719
-1.63391113
-0.98907471
-0.40802002
 0.16510010
 0.75988770
 1.15264893
 1.43066406
 1.58508301
 1.56433105
 1.30920410
 0.80200195
 0.12573242
-0.69854736
-1.46667480
-2.05322266
-2.35473633
-2.35076904
-2.04864502
-1.47064209
-0.67535400
 0.26794434
 1.09893799
 1.79199219
 2.03796387
 1.63177490
 0.88500977
 0.25634766
-0.37139893
-0.89050293
-1.28143311
-1.51184082
-1.55670166
-1.42303467
-1.15234375
-0.76141357
-0.29541016
 0.16876221
 0.60058594
 0.74920654
 0.64788818
 0.43457031
 0.26885986
 0.00671387
-0.18615723
-0.26794434
-0.28320313
-0.30090332
-0.37475586
-0.58288574
-0.81268311
-0.97106934
-0.99975586
-0.84686279
-0.49316406
-0.04364014
 0.52093506
 0.95550537
 1.18011475
 1.14166260
 0.92041016
 0.62866211
 0.27832031
-0.17517090
-0.66589355
-1.11328125
-1.37023926
-1.35162354
-1.05560303
-0.55206299
 0.02563477
 0.58593750
 0.85754395
 0.70007324
 0.30853271
-0.02410889
-0.34698486
-0.49560547
-0.56030273
-0.56182861
-0.50628662
-0.40435791
-0.30853271
-0.20935059
-0.09704590
 0.05279541
 0.24719238
 0.45440674
 0.60119629
 0.60852051
 0.46386719
 0.27465820
 0.06256104
-0.03845215
 0.01800537
 0.19500732
 0.46997070
 0.66589355
 0.69854736
 0.55053711
 0.33935547
 0.13397217
-0.02685547
-0.07385254
-0.04333496
 0.06317139
 0.24139404
 0.46081543
 0.59448242
 0.59448242
 0.45471191
 0.24658203
-0.04211426
-0.30944824
-0.45410156
-0.44158936
-0.30761719
-0.13580322
 0.05462646
 0.28137207
 0.51422119
 0.75561523
 1.00219727
 1.16790771
 1.16729736
 0.99090576
 0.71350098
 0.41809082
 0.17242432
-0.01770020
-0.09307861
-0.08514404
-0.01525879
 0.09979248
 0.25329590
 0.42053223
 0.51361084
 0.52520752
 0.46264648
 0.37017822
 0.30975342
 0.29327393
 0.32958984
 0.39611816
 0.43548584
 0.41564941
 0.34698486
 0.24261475
 0.12603760
 0.04608154
 0.00396729
-0.00488281
 0.02136230
 0.09277344
 0.21545410
 0.41595459
 0.54992676
 0.58990479
 0.52001953
 0.39642334
 0.32714844
 0.29357910
 0.31341553
 0.36895752
 0.38665771
 0.33203125
 0.20904541
 0.07720947
 0.01037598
 0.01190186
 0.06774902
 0.15869141
 0.24841309
 0.31494141
 0.27191162
 0.14160156
-0.06530762
-0.26947021
-0.41778564
-0.49133301
-0.48004150
-0.40313721
-0.30914307
-0.19775391
-0.08209229
 0.02441406
 0.11749268
 0.20507813
 0.29052734
 0.35583496
 0.34484863
 0.26641846
 0.05157471
-0.20263672
-0.42297363
-0.56427002
-0.60394287
-0.56579590
-0.48461914
-0.39520264
-0.32318115
-0.24719238
-0.17150879
-0.10925293
-0.05889893
-0.02380371
-0.02166748
-0.06286621
-0.13000488
-0.20202637
-0.27465820
-0.35095215
-0.41656494
-0.46447754
-0.47973633
-0.44311523
-0.35766602
-0.26123047
-0.13549805
-0.02197266
 0.06042480
 0.09704590
 0.06530762
-0.03997803
-0.16937256
-0.27282715
-0.35858154
-0.41473389
-0.43304443
-0.40679932
-0.34362793
-0.26611328
-0.15350342
-0.03356934
 0.07843018
 0.17120361
 0.22918701
 0.24597168
 0.19073486
 0.07019043
-0.06591797
-0.18218994
-0.27832031
-0.34118652
-0.34301758
-0.31402588
-0.26519775
-0.20416260
-0.14068604
-0.07873535
-0.01373291
 0.05859375
 0.13641357
 0.20874023
 0.26245117
 0.28167725
 0.24322510
 0.16571045
 0.08361816
 0.00396729
-0.07415771
-0.13519287
-0.16571045
-0.16296387
-0.13275146
-0.08514404
-0.03417969
 0.00732422
 0.02929688
 0.02502441
 0.01708984
 0.03143311
 0.05981445
 0.08300781
 0.07995605
 0.04272461
 0.00122070
-0.01556396
-0.00762939
 0.01678467
 0.05065918
 0.08361816
 0.10162354
 0.08972168
 0.05462646
 0.01953125
-0.00305176
-0.01434326
-0.01525879
-0.00518799
 0.01525879
 0.03997803
 0.05584717
 0.04272461
-0.01098633
-0.08850098
-0.15777588
-0.19866943
-0.20385742
-0.17547607
-0.11962891
-0.04425049
 0.03875732
 0.11505127
 0.17303467
 0.21240234
 0.22186279
 0.19897461
 0.16601563
 0.13732910
 0.11230469
 0.09490967
 0.09246826
 0.10314941
 0.11932373
 0.13305664
 0.14068604
 0.14801025
 0.16082764
 0.17913818
 0.19897461
 0.21545410
 0.22308350
 0.22033691
 0.20812988
 0.18768311
 0.15563965
 0.10742188
 0.04577637
-0.01403809
-0.05462646
-0.06835938
-0.05859375
-0.03417969
-0.00640869
 0.01434326
 0.01953125
 0.01739502
 0.02471924
 0.04516602
 0.06530762
 0.06286621
 0.01495361
-0.07202148
-0.16632080
-0.24261475
-0.29174805
-0.31250000
-0.29266357
-0.25054932
-0.18585205
-0.10284424
-0.00915527
 0.08026123
 0.14587402
 0.18005371
 0.15319824
 0.05859375
-0.05798340
-0.16174316
-0.25909424
-0.35339355
-0.42541504
-0.46203613
-0.44830322
-0.37750244
-0.28259277
-0.14099121
 0.00885010
 0.13885498
 0.23071289
 0.27130127
 0.24505615
 0.14526367
 0.01556396
-0.09582520
-0.18859863
-0.25970459
-0.29235840
-0.28198242
-0.23529053
-0.15899658
-0.06652832
 0.02777100
 0.11047363
 0.16754150
 0.19683838
 0.17639160
 0.10162354
-0.00061035
-0.10772705
-0.21697998
-0.31768799
-0.39093018
-0.42510986
-0.43212891
-0.41473389
-0.37536621
-0.32714844
-0.27679443
-0.21697998
-0.16448975
-0.12878418
-0.12786865
-0.17150879
-0.23193359
-0.28350830
-0.33477783
-0.38635254
-0.43151855
-0.46661377
-0.48126221
-0.46508789
-0.41564941
-0.33996582
-0.26519775
-0.16510010
-0.06805420
 0.01403809
 0.06683350
 0.09002686
 0.06988525
 0.01922607
-0.03051758
-0.07232666
-0.11047363
-0.13702393
-0.14343262
-0.12786865
-0.09307861
-0.04241943
 0.02105713
 0.09338379
 0.16906738
 0.23773193
 0.28869629
 0.30334473
 0.25695801
 0.17242432
 0.09246826
 0.02807617
-0.02410889
-0.05767822
-0.06805420
-0.05554199
-0.02258301
 0.02899170
 0.09918213
 0.18524170
 0.28228760
 0.36834717
 0.41107178
 0.41870117
 0.38970947
 0.33233643
 0.25268555
 0.17211914
 0.08850098
 0.01159668
-0.04394531
-0.07171631
-0.07080078
-0.04455566
 0.00274658
 0.06591797
 0.13977051
 0.21728516
 0.28808594
 0.33538818
 0.35125732
 0.33203125
 0.27496338
 0.18280029
 0.09918213
 0.02746582
-0.02014160
-0.03356934
-0.01342773
 0.03540039
 0.10955811
 0.20202637
 0.31005859
 0.40161133
 0.45959473
 0.47851563
 0.45623779
 0.39611816
 0.30395508
 0.20355225
 0.10589600
 0.01342773
-0.06103516
-0.10833740
-0.12359619
-0.10742188
-0.06256104
 0.00671387
 0.09277344
 0.18493652
 0.26763916
 0.32104492
 0.34240723
 0.33782959
 0.31127930
 0.24627686
 0.17883301
 0.11352539
 0.06195068
 0.03784180
 0.04547119
 0.08087158
 0.13793945
 0.21118164
 0.30059814
 0.38238525
 0.44158936
 0.48278809
 0.50048828
 0.48675537
 0.43914795
 0.35858154
 0.25299072
 0.14648438
 0.04791260
-0.02899170
-0.07690430
-0.09246826
-0.07751465
-0.03723145
 0.02349854
 0.09552002
 0.16540527
 0.22155762
 0.25512695
 0.24475098
 0.18615723
 0.10681152
 0.02380371
-0.06805420
-0.16265869
-0.24169922
-0.29052734
-0.30364990
-0.28198242
-0.23071289
-0.15686035
-0.07293701
 0.00701904
 0.06744385
 0.10620117
 0.11047363
 0.07293701
 0.01708984
-0.03753662
-0.09613037
-0.15838623
-0.21087646
-0.24261475
-0.25054932
-0.23529053
-0.19989014
-0.14770508
-0.08300781
-0.01281738
 0.05187988
 0.10131836
 0.12207031
 0.09246826
 0.02441406
-0.04760742
-0.11505127
-0.18524170
-0.25177002
-0.30609131
-0.33691406
-0.33691406
-0.31158447
-0.26245117
-0.19195557
-0.10925293
-0.02777100
 0.03570557
 0.07598877
 0.08026123
 0.03662109
-0.03112793
-0.09765625
-0.16662598
-0.23803711
-0.29663086
-0.32989502
-0.32745361
-0.29907227
-0.24658203
-0.17364502
-0.08880615
-0.00366211
 0.06652832
 0.11566162
 0.13275146
 0.09552002
 0.01983643
-0.06072998
-0.13732910
-0.21514893
-0.28411865
-0.33782959
-0.36224365
-0.35644531
-0.32196045
-0.26885986
-0.19042969
-0.09765625
-0.00244141
 0.07965088
 0.13702393
 0.17120361
 0.16723633
 0.12786865
 0.08178711
 0.03845215
-0.00976563
-0.05859375
-0.09521484
-0.11138916
-0.10528564
-0.07873535
-0.03540039
 0.01831055
 0.07476807
 0.12634277
 0.16448975
 0.17181396
 0.14190674
 0.09521484
 0.04852295
 0.00152588
-0.04425049
-0.08117676
-0.10559082
-0.11596680
-0.11230469
-0.09490967
-0.06500244
-0.02532959
 0.02014160
 0.06530762
 0.10070801
 0.11291504
 0.09338379
 0.05462646
 0.01312256
-0.02746582
-0.06683350
-0.10040283
-0.12207031
-0.12817383
-0.11810303
-0.09216309
-0.05187988
-0.00183105
 0.05310059
 0.10681152
 0.15319824
 0.18127441
 0.17944336
 0.15502930
 0.12481689
 0.09399414
 0.06011963
 0.02746582
 0.00305176
-0.00946045
-0.01037598
-0.00244141
 0.01129150
 0.02838135
 0.04608154
 0.06225586
 0.07507324
 0.08056641
 0.07537842
 0.05767822
 0.02868652
-0.00671387
-0.04455566
-0.07965088
-0.10711670
-0.12512207
-0.13153076
-0.12542725
-0.10711670
-0.07751465
-0.03875732
 0.00671387
 0.05462646
 0.09979248
 0.13610840
 0.15472412
 0.15350342
 0.14190674
 0.12969971
 0.11779785
 0.10559082
 0.09429932
 0.08728027
 0.08575439
 0.08972168
 0.09765625
 0.10894775
 0.12237549
 0.13519287
 0.14587402
 0.15258789
 0.15197754
 0.14282227
 0.12512207
 0.10101318
 0.07476807
 0.04974365
 0.03021240
 0.01770020
 0.01190186
 0.01129150
 0.01373291
 0.01861572
 0.02410889
 0.02990723
 0.03417969
 0.03326416
 0.02563477
 0.00854492
-0.01617432
-0.04394531
-0.07171631
-0.09704590
-0.11718750
-0.13122559
-0.13946533
-0.14221191
-0.13977051
-0.13275146
-0.12237549
-0.11077881
-0.09826660
-0.08605957
-0.07446289
-0.06408691
-0.05523682
-0.04852295
-0.04455566
-0.04425049
-0.04699707
-0.05126953
-0.05493164
-0.05767822
-0.06011963
-0.06347656
-0.06774902
-0.07324219
-0.07843018
-0.08117676
-0.07995605
-0.07507324
-0.06713867
-0.05859375
-0.05065918
-0.04486084
-0.04241943
-0.04302979
-0.04547119
-0.05065918
-0.05859375
-0.06958008
-0.08209229
-0.09460449
-0.10650635
-0.11657715
-0.12451172
-0.13031006
-0.13336182
-0.13519287
-0.13702393
-0.14160156
-0.15106201
-0.16784668
-0.18890381
-0.21179199
-0.23284912
-0.25238037
-0.26916504
-0.28381348
-0.29510498
-0.30242920
-0.30487061
-0.30151367
-0.29205322
-0.27770996
-0.26062012
-0.24353027
-0.22796631
-0.21545410
-0.20477295
-0.19348145
-0.18035889
-0.16571045
-0.14984131
-0.13305664
-0.11535645
-0.09552002
-0.07324219
-0.04760742
-0.01983643
 0.00915527
 0.03723145
 0.06134033
 0.07965088
 0.09155273
 0.09826660
 0.10070801
 0.09979248
 0.09643555
 0.09338379
 0.09277344
 0.09704590
 0.10650635
 0.12023926
 0.13793945
 0.15899658
 0.18218994
 0.20538330
 0.22705078
 0.24353027
 0.25299072
 0.25390625
 0.24688721
 0.23559570
 0.22247314
 0.20965576
 0.19805908
 0.18798828
 0.18066406
 0.17547607
 0.17333984
 0.17486572
 0.18035889
 0.18737793
 0.19500732
 0.20080566
 0.20233154
 0.19989014
 0.19378662
 0.18432617
 0.17211914
 0.15747070
 0.14160156
 0.12573242
 0.11291504
 0.10406494
 0.09948730
 0.09796143
 0.09857178
 0.10131836
 0.10711670
 0.11627197
 0.12725830
 0.13824463
 0.14526367
 0.14617920
 0.14007568
 0.12939453
 0.11779785
 0.10711670
 0.09857178
 0.09216309
 0.08728027
 0.08514404
 0.08666992
 0.09246826
 0.10192871
 0.11383057
 0.12664795
 0.13854980
 0.14770508
 0.15411377
 0.15686035
 0.15625000
 0.15228271
 0.14526367
 0.13549805
 0.12542725
 0.11627197
 0.10864258
 0.10375977
 0.10253906
 0.10437012
 0.10925293
 0.11627197
 0.12359619
 0.12939453
 0.13092041
 0.12512207
 0.11230469
 0.09368896
 0.07171631
 0.04821777
 0.02502441
 0.00305176
-0.01678467
-0.03417969
-0.04791260
-0.05767822
-0.06164551
-0.05920410
-0.05187988
-0.04089355
-0.02960205
-0.02075195
-0.01525879
-0.01403809
-0.01647949
-0.02319336
-0.03417969
-0.04913330
-0.06561279
-0.08239746
-0.09765625
-0.10986328
-0.11810303
-0.12207031
-0.12207031
-0.11840820
-0.11108398
-0.10070801
-0.08941650
-0.07965088
-0.07415771
-0.07385254
-0.07781982
-0.08514404
-0.09399414
-0.10284424
-0.11199951
-0.12023926
-0.12817383
-0.13397217
-0.13549805
-0.13092041
-0.11901855
-0.10101318
-0.07934570
-0.05767822
-0.03875732
-0.02532959
-0.01800537
-0.01617432
-0.01831055
-0.02410889
-0.03356934
-0.04577637
-0.05859375
-0.06988525
-0.07812500
-0.08239746
-0.08178711
-0.07659912
-0.06713867
-0.05432129
-0.04058838
-0.02990723
-0.02563477
-0.03051758
-0.04272461
-0.06072998
-0.08117676
-0.10192871
-0.12084961
-0.13793945
-0.15319824
-0.16448975
-0.17028809
-0.17028809
-0.16357422
-0.15106201
-0.13488770
-0.11657715
-0.09918213
-0.08453369
-0.07476807
-0.07049561
-0.07110596
-0.07690430
-0.08575439
-0.09460449
-0.10040283
-0.10009766
-0.09246826
-0.07843018
-0.05981445
-0.03814697
-0.01617432
 0.00488281
 0.02319336
 0.03723145
 0.04547119
 0.04547119
 0.03875732
 0.02685547
 0.01342773
 0.00030518
-0.01159668
-0.02075195
-0.02563477
-0.02349854
-0.01373291
 0.00396729
 0.02838135
 0.05523682
 0.08148193
 0.10253906
 0.11718750
 0.12542725
 0.13000488
 0.13244629
 0.13397217
 0.13427734
 0.13275146
 0.13000488
 0.12878418
 0.13000488
 0.13427734
 0.14190674
 0.15289307
 0.16540527
 0.17700195
 0.18463135
 0.18524170
 0.17852783
 0.16387939
 0.14221191
 0.11657715
 0.09124756
 0.06805420
 0.04821777
 0.03295898
 0.02105713
 0.01190186
 0.00671387
 0.00640869
 0.01190186
 0.02227783
 0.03540039
 0.04943848
 0.06195068
 0.07019043
 0.07263184
 0.06927490
 0.06195068
 0.05249023
 0.04150391
 0.02990723
 0.01983643
 0.01281738
 0.00915527
 0.00885010
 0.01220703
 0.01770020
 0.02410889
 0.03051758
 0.03479004
 0.03570557
 0.03173828
 0.02258301
 0.00854492
-0.00915527
-0.02868652
-0.04913330
-0.06835938
-0.08483887
-0.09704590
-0.10406494
-0.10559082
-0.10162354
-0.09216309
-0.07965088
-0.06591797
-0.05310059
-0.04455566
-0.04089355
-0.04272461
-0.04791260
-0.05554199
-0.06591797
-0.07965088
-0.09460449
-0.10894775
-0.11962891
-0.12451172
-0.12145996
-0.11016846
-0.09246826
-0.07171631
-0.05096436
-0.03356934
-0.02166748
-0.01647949
-0.01831055
-0.02685547
-0.04028320
-0.05737305
-0.07598877
-0.09368896
-0.10772705
-0.11566162
-0.11718750
-0.11138916
-0.09918213
-0.08087158
-0.05798340
-0.03326416
-0.01098633
 0.00488281
 0.01037598
 0.00549316
-0.00671387
-0.02288818
-0.04150391
-0.06042480
-0.07812500
-0.09216309
-0.10101318
-0.10314941
-0.09857178
-0.08789063
-0.07385254
-0.05737305
-0.04180908
-0.03051758
-0.02502441
-0.02655029
-0.03448486
-0.04821777
-0.06500244
-0.08178711
-0.09613037
-0.10559082
-0.10894775
-0.10681152
-0.09857178
-0.08514404
-0.06652832
-0.04455566
-0.02136230
 0.00091553
 0.01953125
 0.03204346
 0.03631592
 0.03173828
 0.02105713
 0.00640869
-0.00976563
-0.02563477
-0.03845215
-0.04669189
-0.04791260
-0.04150391
-0.02807617
-0.00946045
 0.01281738
 0.03540039
 0.05462646
 0.06652832
 0.06866455
 0.06103516
 0.04547119
 0.02502441
 0.00091553
-0.02380371
-0.04486084
-0.06011963
-0.06713867
-0.06652832
-0.05889893
-0.04577637
-0.02899170
-0.01129150
 0.00488281
 0.01586914
 0.02014160
 0.01586914
 0.00366211
-0.01495361
-0.03601074
-0.05706787
-0.07415771
-0.08575439
-0.09094238
-0.08850098
-0.07904053
-0.06347656
-0.04333496
-0.02075195
 0.00152588
 0.02014160
 0.03143311
 0.03326416
 0.02685547
 0.01586914
 0.00274658
-0.01007080
-0.02044678
-0.02563477
-0.02410889
-0.01586914
-0.00030518
 0.02105713
 0.04577637
 0.07049561
 0.09338379
 0.11260986
 0.12756348
 0.13824463
 0.14495850
 0.14770508
 0.14801025
 0.14801025
 0.14923096
 0.15228271
 0.15838623
 0.16754150
 0.17944336
 0.19348145
 0.20812988
 0.22155762
 0.23376465
 0.24322510
 0.24871826
 0.24902344
 0.24414063
 0.23376465
 0.21850586
 0.20050049
 0.18188477
 0.16387939
 0.14801025
 0.13671875
 0.13000488
 0.12756348
 0.12847900
 0.13122559
 0.13488770
 0.13824463
 0.13977051
 0.13946533
 0.13732910
 0.13305664
 0.12512207
 0.11291504
 0.09887695
 0.08361816
 0.06988525
 0.05859375
 0.05096436
 0.04852295
 0.05035400
 0.05615234
 0.06561279
 0.07812500
 0.09246826
 0.10681152
 0.11932373
 0.12847900
 0.13183594
 0.12847900
 0.11993408
 0.10742188
 0.09338379
 0.07904053
 0.06683350
 0.05798340
 0.05310059
 0.05249023
 0.05523682
 0.06103516
 0.06805420
 0.07446289
 0.07873535
 0.07965088
 0.07659912
 0.06866455
 0.05523682
 0.03692627
 0.01525879
-0.00732422
-0.02899170
-0.04882813
-0.06469727
-0.07629395
-0.08270264
-0.08483887
-0.08331299
-0.08026123
-0.07690430
-0.07568359
-0.07843018
-0.08575439
-0.09826660
-0.11505127
-0.13397217
-0.15441895
-0.17364502
-0.18981934
-0.20172119
-0.20874023
-0.21087646
-0.20935059
-0.20507813
-0.19927979
-0.19317627
-0.18737793
-0.18280029
-0.17944336
-0.17791748
-0.17852783
-0.18127441
-0.18493652
-0.18981934
-0.19500732
-0.19866943
-0.19958496
-0.19683838
-0.18981934
-0.17944336
-0.16693115
-0.15380859
-0.14099121
-0.12908936
-0.11901855
-0.11108398
-0.10589600
-0.10406494
-0.10589600
-0.11077881
-0.11810303
-0.12603760
-0.13214111
-0.13549805
-0.13549805
-0.13153076
-0.12390137
-0.11260986
-0.09979248
-0.08666992
-0.07507324
-0.06530762
-0.05798340
-0.05310059
-0.05157471
-0.05279541
-0.05584717
-0.06042480
-0.06439209
-0.06713867
-0.06774902
-0.06591797
-0.06072998
-0.05187988
-0.03967285
-0.02563477
-0.01159668
 0.00213623
 0.01373291
 0.02166748
 0.02563477
 0.02532959
 0.02227783
 0.01678467
 0.01129150
 0.00671387
 0.00488281
 0.00701904
 0.01312256
 0.02197266
 0.03295898
 0.04486084
 0.05645752
 0.06744385
 0.07781982
 0.08728027
 0.09368896
 0.09674072
 0.09613037
 0.09307861
 0.08819580
 0.08239746
 0.07720947
 0.07385254
 0.07415771
 0.07751465
 0.08392334
 0.09216309
 0.10070801
 0.10742188
 0.11199951
 0.11383057
 0.11444092
 0.11444092
 0.11260986
 0.10986328
 0.10589600
 0.10040283
 0.09399414
 0.08819580
 0.08270264
 0.07934570
 0.07873535
 0.08026123
 0.08331299
 0.08758545
 0.09124756
 0.09368896
 0.09368896
 0.09094238
 0.08666992
 0.08087158
 0.07324219
 0.06469727
 0.05706787
 0.05035400
 0.04455566
 0.04089355
 0.03814697
 0.03570557
 0.03417969
 0.03295898
 0.03173828
 0.03051758
 0.02960205
 0.02868652
 0.02746582
 0.02471924
 0.02075195
 0.01434326
 0.00579834
-0.00335693
-0.01129150
-0.01708984
-0.01953125
-0.01922607
-0.01647949
-0.01251221
-0.00885010
-0.00610352
-0.00488281
-0.00488281
-0.00610352
-0.00762939
-0.00915527
-0.01037598
-0.01098633
-0.01190186
-0.01251221
-0.01281738
-0.01281738
-0.01190186
-0.01007080
-0.00823975
-0.00640869
-0.00488281
-0.00427246
-0.00335693
-0.00335693
-0.00488281
-0.00762939
-0.01007080
-0.01220703
-0.01464844
-0.01770020
-0.02014160
-0.02227783
-0.02441406
-0.02655029
-0.02807617
-0.02960205
-0.03112793
-0.03295898
-0.03479004
-0.03692627
-0.03875732
-0.03967285
-0.03997803
-0.03936768
-0.03814697
-0.03601074
-0.03417969
-0.03295898
-0.03265381
-0.03326416
-0.03509521
-0.03784180
-0.04119873
-0.04547119
-0.04943848
-0.05371094
-0.05676270
-0.05828857
-0.05737305
-0.05493164
-0.05126953
-0.04730225
-0.04394531
-0.04211426
-0.04150391
-0.04272461
-0.04425049
-0.04730225
-0.05096436
-0.05554199
-0.05981445
-0.06408691
-0.06744385
-0.06958008
-0.07049561
-0.07019043
-0.06835938
-0.06500244
-0.06072998
-0.05706787
-0.05462646
-0.05371094
-0.05432129
-0.05706787
-0.06134033
-0.06774902
-0.07537842
-0.08331299
-0.09033203
-0.09521484
-0.09704590
-0.09521484
-0.09002686
-0.08178711
-0.07141113
-0.05981445
-0.04913330
-0.03997803
-0.03326416
-0.02899170
-0.02685547
-0.02655029
-0.02746582
-0.02868652
-0.02929688
-0.02807617
-0.02410889
-0.01800537
-0.00976563
 0.00091553
 0.01373291
 0.02716064
 0.04028320
 0.05218506
 0.06256104
 0.07049561
 0.07446289
 0.07446289
 0.07202148
 0.06744385
 0.06225586
 0.05737305
 0.05401611
 0.05310059
 0.05462646
 0.05828857
 0.06317139
 0.06774902
 0.07202148
 0.07537842
 0.07690430
 0.07659912
 0.07385254
 0.06866455
 0.06103516
 0.05187988
 0.04241943
 0.03295898
 0.02563477
 0.02166748
 0.02197266
 0.02655029
 0.03387451
 0.04272461
 0.05187988
 0.06011963
 0.06622314
 0.06988525
 0.07049561
 0.06835938
 0.06439209
 0.05920410
 0.05310059
 0.04699707
 0.04302979
 0.04180908
 0.04394531
 0.04943848
 0.05798340
 0.06866455
 0.07995605
 0.09063721
 0.09887695
 0.10437012
 0.10559082
 0.10284424
 0.09704590
 0.08880615
 0.07995605
 0.07232666
 0.06683350
 0.06469727
 0.06652832
 0.07110596
 0.07812500
 0.08636475
 0.09521484
 0.10375977
 0.11047363
 0.11474609
 0.11535645
 0.11260986
 0.10498047
 0.09399414
 0.08117676
 0.06805420
 0.05706787
 0.04913330
 0.04486084
 0.04425049
 0.04760742
 0.05340576
 0.06042480
 0.06805420
 0.07476807
 0.07904053
 0.07965088
 0.07568359
 0.06683350
 0.05432129
 0.03967285
 0.02471924
 0.01068115
 0.00000000
-0.00671387
-0.00915527
-0.00762939
-0.00305176
 0.00366211
 0.01159668
 0.01953125
 0.02563477
 0.02868652
 0.02868652
 0.02532959
 0.01861572
 0.00885010
-0.00213623
-0.01373291
-0.02410889
-0.03234863
-0.03723145
-0.03784180
-0.03479004
-0.02838135
-0.01983643
-0.01037598
-0.00213623
 0.00366211
 0.00549316
 0.00366211
-0.00274658
-0.01281738
-0.02563477
-0.03906250
-0.05157471
-0.06164551
-0.06774902
-0.06988525
-0.06774902
-0.06164551
-0.05279541
-0.04241943
-0.03204346
-0.02380371
-0.01922607
-0.01861572
-0.02227783
-0.02929688
-0.03814697
-0.04791260
-0.05767822
-0.06683350
-0.07415771
-0.07843018
-0.07965088
-0.07720947
-0.07293701
-0.06805420
-0.06347656
-0.06011963
-0.05889893
-0.05950928
-0.06286621
-0.06835938
-0.07629395
-0.08544922
-0.09521484
-0.10528564
-0.11444092
-0.12145996
-0.12573242
-0.12725830
-0.12634277
-0.12268066
-0.11627197
-0.10894775
-0.10192871
-0.09582520
-0.09063721
-0.08758545
-0.08728027
-0.08880615
-0.09155273
-0.09613037
-0.10101318
-0.10528564
-0.10711670
-0.10589600
-0.10223389
-0.09521484
-0.08544922
-0.07415771
-0.06164551
-0.05004883
-0.03967285
-0.03204346
-0.02746582
-0.02746582
-0.03112793
-0.03784180
-0.04547119
-0.05310059
-0.05981445
-0.06469727
-0.06591797
-0.06317139
-0.05737305
-0.04974365
-0.04150391
-0.03356934
-0.02502441
-0.01770020
-0.01281738
-0.01129150
-0.01312256
-0.01831055
-0.02563477
-0.03356934
-0.04058838
-0.04638672
-0.04974365
-0.04943848
-0.04577637
-0.03875732
-0.02899170
-0.01678467
-0.00305176
 0.01007080
 0.02014160
 0.02655029
 0.02899170
 0.02807617
 0.02410889
 0.01770020
 0.01190186
 0.00793457
 0.00701904
 0.00915527
 0.01525879
 0.02502441
 0.03692627
 0.05065918
 0.06408691
 0.07629395
 0.08605957
 0.09307861
 0.09643555
 0.09613037
 0.09368896
 0.08941650
 0.08422852
 0.07965088
 0.07720947
 0.07781982
 0.08056641
 0.08575439
 0.09246826
 0.10101318
 0.10986328
 0.11810303
 0.12542725
 0.13000488
 0.13153076
 0.12939453
 0.12512207
 0.11871338
 0.11108398
 0.10314941
 0.09490967
 0.08789063
 0.08270264
 0.07965088
 0.07965088
 0.08209229
 0.08636475
 0.09155273
 0.09643555
 0.10040283
 0.10223389
 0.10009766
 0.09429932
 0.08575439
 0.07568359
 0.06530762
 0.05371094
 0.04364014
 0.03570557
 0.03082275
 0.02868652
 0.02838135
 0.03021240
 0.03417969
 0.03967285
 0.04547119
 0.05004883
 0.05157471
 0.04974365
 0.04364014
 0.03417969
 0.02319336
 0.01159668
 0.00000000
-0.01037598
-0.01800537
-0.02258301
-0.02410889
-0.02227783
-0.01892090
-0.01434326
-0.00976563
-0.00701904
-0.00671387
-0.00976563
-0.01617432
-0.02532959
-0.03692627
-0.05004883
-0.06378174
-0.07598877
-0.08575439
-0.09246826
-0.09613037
-0.09674072
-0.09429932
-0.08972168
-0.08361816
-0.07781982
-0.07324219
-0.07141113
-0.07202148
-0.07446289
-0.07934570
-0.08636475
-0.09399414
-0.10192871
-0.10864258
-0.11383057
-0.11718750
-0.11718750
-0.11322021
-0.10711670
-0.10009766
-0.09399414
-0.08850098
-0.08453369
-0.08148193
-0.08056641
-0.08148193
-0.08270264
-0.08483887
-0.08697510
-0.08880615
-0.09002686
-0.08972168
-0.08758545
-0.08361816
-0.07781982
-0.07049561
-0.06317139
-0.05523682
-0.04669189
-0.03814697
-0.03112793
-0.02502441
-0.02075195
-0.01892090
-0.01892090
-0.02075195
-0.02258301
-0.02441406
-0.02532959
-0.02471924
-0.02258301
-0.01861572
-0.01281738
-0.00610352
 0.00091553
 0.00823975
 0.01525879
 0.02075195
 0.02380371
 0.02502441
 0.02441406
 0.02166748
 0.01800537
 0.01342773
 0.00885010
 0.00610352
 0.00488281
 0.00549316
 0.00854492
 0.01312256
 0.01953125
 0.02685547
 0.03448486
 0.04119873
 0.04638672
 0.04943848
 0.05004883
 0.04791260
 0.04364014
 0.03814697
 0.03234863
 0.02685547
 0.02258301
 0.02014160
 0.01983643
 0.02197266
 0.02624512
 0.03265381
 0.03997803
 0.04791260
 0.05554199
 0.06134033
 0.06439209
 0.06408691
 0.06042480
 0.05493164
 0.04913330
 0.04272461
 0.03753662
 0.03417969
 0.03387451
 0.03692627
 0.04211426
 0.04882813
 0.05706787
 0.06561279
 0.07324219
 0.07904053
 0.08239746
 0.08209229
 0.07904053
 0.07354736
 0.06683350
 0.05981445
 0.05279541
 0.04760742
 0.04486084
 0.04486084
 0.04791260
 0.05310059
 0.05920410
 0.06652832
 0.07293701
 0.07843018
 0.08178711
 0.08239746
 0.08087158
 0.07751465
 0.07293701
 0.06713867
 0.06072998
 0.05523682
 0.05004883
 0.04730225
 0.04791260
 0.05096436
 0.05615234
 0.06286621
 0.06988525
 0.07659912
 0.08117676
 0.08300781
 0.08178711
 0.07843018
 0.07324219
 0.06622314
 0.05889893
 0.05187988
 0.04608154
 0.04180908
 0.03967285
 0.03997803
 0.04241943
 0.04699707
 0.05187988
 0.05676270
 0.06072998
 0.06256104
 0.06134033
 0.05767822
 0.05187988
 0.04425049
 0.03540039
 0.02746582
 0.02105713
 0.01708984
 0.01495361
 0.01495361
 0.01708984
 0.02075195
 0.02441406
 0.02746582
 0.02899170
 0.02868652
 0.02624512
 0.02197266
 0.01525879
 0.00671387
-0.00183105
-0.01037598
-0.01831055
-0.02532959
-0.03021240
-0.03265381
-0.03265381
-0.03112793
-0.02868652
-0.02502441
-0.02136230
-0.01922607
-0.01892090
-0.02044678
-0.02441406
-0.03021240
-0.03692627
-0.04302979
-0.04821777
-0.05279541
-0.05554199
-0.05706787
-0.05737305
-0.05615234
-0.05432129
-0.05187988
-0.05004883
-0.04882813
-0.04913330
-0.05096436
-0.05371094
-0.05798340
-0.06317139
-0.06896973
-0.07507324
-0.08087158
-0.08666992
-0.09216309
-0.09704590
-0.10070801
-0.10284424
-0.10345459
-0.10345459
-0.10345459
-0.10375977
-0.10437012
-0.10528564
-0.10681152
-0.10894775
-0.11169434
-0.11444092
-0.11718750
-0.12023926
-0.12359619
-0.12634277
-0.12817383
-0.12878418
-0.12817383
-0.12573242
-0.12207031
-0.11779785
-0.11322021
-0.10925293
-0.10559082
-0.10284424
-0.10101318
-0.09887695
-0.09735107
-0.09582520
-0.09460449
-0.09216309
-0.08911133
-0.08453369
-0.07934570
-0.07324219
-0.06591797
-0.05767822
-0.04943848
-0.04058838
-0.03173828
-0.02319336
-0.01464844
-0.00640869
 0.00091553
 0.00701904
 0.01129150
 0.01434326
 0.01708984
 0.01983643
 0.02288818
 0.02655029
 0.03082275
 0.03631592
 0.04180908
 0.04730225
 0.05310059
 0.05828857
 0.06225586
 0.06622314
 0.06958008
 0.07141113
 0.07202148
 0.07080078
 0.06835938
 0.06561279
 0.06256104
 0.06011963
 0.05767822
 0.05584717
 0.05554199
 0.05645752
 0.05798340
 0.06072998
 0.06408691
 0.06744385
 0.07019043
 0.07141113
 0.07080078
 0.06866455
 0.06591797
 0.06286621
 0.06042480
 0.05737305
 0.05523682
 0.05432129
 0.05462646
 0.05615234
 0.05859375
 0.06103516
 0.06500244
 0.06896973
 0.07232666
 0.07568359
 0.07751465
 0.07720947
 0.07537842
 0.07171631
 0.06713867
 0.06195068
 0.05676270
 0.05218506
 0.04852295
 0.04638672
 0.04608154
 0.04730225
 0.04913330
 0.05096436
 0.05310059
 0.05462646
 0.05584717
 0.05615234
 0.05462646
 0.05218506
 0.04821777
 0.04302979
 0.03662109
 0.02899170
 0.02197266
 0.01617432
 0.01129150
 0.00732422
 0.00518799
 0.00335693
 0.00183105
 0.00000000
-0.00183105
-0.00427246
-0.00762939
-0.01220703
-0.01800537
-0.02441406
-0.03234863
-0.04058838
-0.04821777
-0.05493164
-0.06072998
-0.06439209
-0.06591797
-0.06530762
-0.06408691
-0.06225586
-0.05981445
-0.05645752
-0.05340576
-0.05126953
-0.05004883
-0.05004883
-0.05126953
-0.05371094
-0.05615234
-0.05859375
-0.06042480
-0.06134033
-0.06072998
-0.05920410
-0.05676270
-0.05340576
-0.04943848
-0.04516602
-0.04028320
-0.03540039
-0.03082275
-0.02807617
-0.02746582
-0.02838135
-0.03082275
-0.03479004
-0.03967285
-0.04455566
-0.04882813
-0.05218506
-0.05371094
-0.05279541
-0.04943848
-0.04394531
-0.03723145
-0.03021240
-0.02502441
-0.02166748
-0.01983643
-0.02014160
-0.02166748
-0.02441406
-0.02807617
-0.03234863
-0.03570557
-0.03723145
-0.03753662
-0.03662109
-0.03387451
-0.02929688
-0.02319336
-0.01617432
-0.00946045
-0.00366211
 0.00000000
 0.00122070
-0.00091553
-0.00518799
-0.01068115
-0.01556396
-0.02075195
-0.02471924
-0.02685547
-0.02685547
-0.02502441
-0.02136230
-0.01556396
-0.00823975
-0.00091553
 0.00518799
 0.01007080
 0.01251221
 0.01251221
 0.01068115
 0.00701904
 0.00274658
-0.00091553
-0.00335693
-0.00427246
-0.00305176
-0.00061035
 0.00366211
 0.01007080
 0.01708984
 0.02319336
 0.02777100
 0.03112793
 0.03234863
 0.03143311
 0.02777100
 0.02166748
 0.01464844
 0.00793457
 0.00274658
-0.00061035
-0.00244141
-0.00244141
-0.00061035
 0.00335693
 0.00854492
 0.01464844
 0.02075195
 0.02532959
 0.02807617
 0.02868652
 0.02716064
 0.02471924
 0.02105713
 0.01678467
 0.01312256
 0.01068115
 0.01037598
 0.01251221
 0.01708984
 0.02410889
 0.03173828
 0.03875732
 0.04608154
 0.05218506
 0.05706787
 0.05889893
 0.05920410
 0.05798340
 0.05493164
 0.05096436
 0.04638672
 0.04302979
 0.04089355
 0.04028320
 0.04119873
 0.04364014
 0.04821777
 0.05432129
 0.06072998
 0.06683350
 0.07202148
 0.07568359
 0.07690430
 0.07659912
 0.07476807
 0.07293701
 0.07202148
 0.07080078
 0.06988525
 0.06958008
 0.07080078
 0.07263184
 0.07476807
 0.07751465
 0.08117676
 0.08544922
 0.08880615
 0.09094238
 0.09185791
 0.09216309
 0.09094238
 0.08728027
 0.08148193
 0.07446289
 0.06713867
 0.06042480
 0.05432129
 0.04943848
 0.04638672
 0.04486084
 0.04455566
 0.04486084
 0.04547119
 0.04577637
 0.04577637
 0.04394531
 0.04089355
 0.03692627
 0.03204346
 0.02685547
 0.02136230
 0.01617432
 0.01159668
 0.00762939
 0.00457764
 0.00335693
 0.00335693
 0.00396729
 0.00488281
 0.00457764
 0.00396729
 0.00244141
 0.00061035
-0.00244141
-0.00732422
-0.01373291
-0.02044678
-0.02746582
-0.03448486
-0.04089355
-0.04638672
-0.05096436
-0.05340576
-0.05462646
-0.05432129
-0.05371094
-0.05279541
-0.05249023
-0.05249023
-0.05340576
-0.05554199
-0.05828857
-0.06134033
-0.06530762
-0.06988525
-0.07415771
-0.07751465
-0.08056641
-0.08178711
-0.08148193
-0.07965088
-0.07690430
-0.07354736
-0.07080078
-0.06835938
-0.06591797
-0.06500244
-0.06500244
-0.06561279
-0.06805420
-0.07141113
-0.07568359
-0.07934570
-0.08270264
-0.08544922
-0.08728027
-0.08758545
-0.08697510
-0.08483887
-0.08178711
-0.07843018
-0.07476807
-0.07110596
-0.06774902
-0.06561279
-0.06408691
-0.06378174
-0.06408691
-0.06408691
-0.06286621
-0.06103516
-0.05828857
-0.05554199
-0.05279541
-0.04943848
-0.04608154
-0.04211426
-0.03784180
-0.03326416
-0.02960205
-0.02624512
-0.02349854
-0.02166748
-0.02075195
-0.02014160
-0.01983643
-0.01953125
-0.01861572
-0.01678467
-0.01403809
-0.01068115
-0.00671387
-0.00183105
 0.00305176
 0.00732422
 0.01068115
 0.01403809
 0.01647949
 0.01800537
 0.01861572
 0.01922607
 0.01983643
 0.02014160
 0.02105713
 0.02197266
 0.02380371
 0.02685547
 0.03051758
 0.03509521
 0.03967285
 0.04394531
 0.04730225
 0.04913330
 0.05065918
 0.05096436
 0.05004883
 0.04852295
 0.04547119
 0.04272461
 0.04028320
 0.03814697
 0.03631592
 0.03540039
 0.03631592
 0.03814697
 0.04028320
 0.04302979
 0.04516602
 0.04730225
 0.04943848
 0.05035400
 0.05096436
 0.05096436
 0.04913330
 0.04638672
 0.04364014
 0.04058838
 0.03784180
 0.03601074
 0.03479004
 0.03479004
 0.03509521
 0.03601074
 0.03692627
 0.03753662
 0.03784180
 0.03814697
 0.03753662
 0.03601074
 0.03326416
 0.02929688
 0.02410889
 0.01922607
 0.01434326
 0.01007080
 0.00579834
 0.00244141
-0.00030518
-0.00274658
-0.00488281
-0.00579834
-0.00579834
-0.00488281
-0.00427246
-0.00335693
-0.00305176
-0.00305176
-0.00396729
-0.00488281
-0.00579834
-0.00671387
-0.00701904
-0.00732422
-0.00671387
-0.00549316
-0.00366211
-0.00122070
 0.00091553
 0.00244141
 0.00427246
 0.00579834
 0.00671387
 0.00732422
 0.00732422
 0.00762939
 0.00762939
 0.00671387
 0.00549316
 0.00396729
 0.00213623
-0.00061035
-0.00366211
-0.00579834
-0.00732422
-0.00762939
-0.00701904
-0.00640869
-0.00610352
-0.00549316
-0.00518799
-0.00549316
-0.00640869
-0.00854492
-0.01098633
-0.01342773
-0.01617432
-0.01892090
-0.02136230
-0.02288818
-0.02288818
-0.02166748
-0.01983643
-0.01739502
-0.01373291
-0.01129150
-0.01007080
-0.00976563
-0.01068115
-0.01251221
-0.01556396
-0.01983643
-0.02441406
-0.02929688
-0.03417969
-0.03784180
-0.03936768
-0.03967285
-0.03936768
-0.03723145
-0.03448486
-0.03143311
-0.02929688
-0.02746582
-0.02655029
-0.02624512
-0.02655029
-0.02777100
-0.02990723
-0.03204346
-0.03417969
-0.03570557
-0.03631592
-0.03570557
-0.03479004
-0.03265381
-0.03021240
-0.02746582
-0.02502441
-0.02288818
-0.02197266
-0.02227783
-0.02319336
-0.02593994
-0.02929688
-0.03356934
-0.03753662
-0.04119873
-0.04455566
-0.04669189
-0.04760742
-0.04760742
-0.04699707
-0.04547119
-0.04364014
-0.04241943
-0.04089355
-0.03967285
-0.03875732
-0.03814697
-0.03875732
-0.03967285
-0.04058838
-0.04089355
-0.04150391
-0.04119873
-0.03997803
-0.03723145
-0.03417969
-0.03112793
-0.02746582
-0.02380371
-0.01983643
-0.01617432
-0.01251221
-0.00946045
-0.00701904
-0.00518799
-0.00396729
-0.00396729
-0.00457764
-0.00518799
-0.00518799
-0.00427246
-0.00183105
 0.00213623
 0.00762939
 0.01464844
 0.02166748
 0.02868652
 0.03540039
 0.04058838
 0.04455566
 0.04699707
 0.04882813
 0.05004883
 0.05065918
 0.05096436
 0.05157471
 0.05249023
 0.05340576
 0.05523682
 0.05798340
 0.06195068
 0.06652832
 0.07141113
 0.07568359
 0.07934570
 0.08148193
 0.08209229
 0.08087158
 0.07812500
 0.07415771
 0.07019043
 0.06683350
 0.06439209
 0.06347656
 0.06408691
 0.06561279
 0.06744385
 0.07019043
 0.07232666
 0.07354736
 0.07476807
 0.07507324
 0.07446289
 0.07293701
 0.07141113
 0.06927490
 0.06622314
 0.06286621
 0.05950928
 0.05676270
 0.05584717
 0.05554199
 0.05554199
 0.05584717
 0.05706787
 0.05889893
 0.06011963
 0.06011963
 0.05889893
 0.05767822
 0.05615234
 0.05371094
 0.05065918
 0.04730225
 0.04333496
 0.03906250
 0.03570557
 0.03326416
 0.03143311
 0.03082275
 0.03051758
 0.03051758
 0.03051758
 0.03021240
 0.02990723
 0.02899170
 0.02716064
 0.02471924
 0.02166748
 0.01800537
 0.01403809
 0.00976563
 0.00579834
 0.00244141
 0.00000000
-0.00183105
-0.00335693
-0.00427246
-0.00518799
-0.00610352
-0.00823975
-0.01098633
-0.01464844
-0.01800537
-0.02136230
-0.02502441
-0.02899170
-0.03204346
-0.03479004
-0.03723145
-0.03936768
-0.04058838
-0.04119873
-0.04150391
-0.04089355
-0.03967285
-0.03784180
-0.03601074
-0.03479004
-0.03479004
-0.03631592
-0.03845215
-0.04089355
-0.04272461
-0.04455566
-0.04608154
-0.04730225
-0.04821777
-0.04882813
-0.04852295
-0.04821777
-0.04852295
-0.04882813
-0.04882813
-0.04852295
-0.04821777
-0.04821777
-0.04852295
-0.04852295
-0.04943848
-0.05157471
-0.05432129
-0.05676270
-0.05828857
-0.05889893
-0.05889893
-0.05859375
-0.05676270
-0.05401611
-0.05096436
-0.04852295
-0.04638672
-0.04486084
-0.04333496
-0.04180908
-0.04150391
-0.04180908
-0.04272461
-0.04333496
-0.04394531
-0.04425049
-0.04455566
-0.04394531
-0.04241943
-0.03967285
-0.03692627
-0.03417969
-0.03234863
-0.03143311
-0.03112793
-0.03143311
-0.03265381
-0.03479004
-0.03631592
-0.03723145
-0.03814697
-0.03845215
-0.03845215
-0.03784180
-0.03601074
-0.03326416
-0.03021240
-0.02655029
-0.02258301
-0.01861572
-0.01434326
-0.01068115
-0.00793457
-0.00610352
-0.00518799
-0.00518799
-0.00518799
-0.00457764
-0.00427246
-0.00427246
-0.00427246
-0.00305176
-0.00122070
 0.00061035
 0.00274658
 0.00488281
 0.00671387
 0.00854492
 0.00976563
 0.00976563
 0.00885010
 0.00762939
 0.00549316
 0.00335693
 0.00152588
 0.00061035
 0.00000000
 0.00000000
 0.00183105
 0.00488281
 0.00854492
 0.01190186
 0.01525879
 0.01800537
 0.02044678
 0.02197266
 0.02288818
 0.02319336
 0.02288818
 0.02227783
 0.02197266
 0.02197266
 0.02258301
 0.02410889
 0.02685547
 0.03112793
 0.03601074
 0.04058838
 0.04455566
 0.04730225
 0.04791260
 0.04699707
 0.04516602
 0.04302979
 0.03967285
 0.03601074
 0.03326416
 0.03143311
 0.03082275
 0.03082275
 0.03204346
 0.03448486
 0.03845215
 0.04333496
 0.04821777
 0.05218506
 0.05493164
 0.05645752
 0.05645752
 0.05523682
 0.05218506
 0.04882813
 0.04516602
 0.04150391
 0.03845215
 0.03662109
 0.03601074
 0.03631592
 0.03784180
 0.03906250
 0.04058838
 0.04241943
 0.04364014
 0.04302979
 0.04058838
 0.03692627
 0.03234863
 0.02746582
 0.02227783
 0.01678467
 0.01159668
 0.00701904
 0.00366211
 0.00213623
 0.00183105
 0.00213623
 0.00274658
 0.00366211
 0.00427246
 0.00427246
 0.00335693
 0.00122070
-0.00091553
-0.00366211
-0.00671387
-0.01007080
-0.01312256
-0.01586914
-0.01800537
-0.01922607
-0.01892090
-0.01770020
-0.01708984
-0.01678467
-0.01770020
-0.01922607
-0.02044678
-0.02227783
-0.02471924
-0.02807617
-0.03173828
-0.03540039
-0.03875732
-0.04150391
-0.04394531
-0.04577637
-0.04699707
-0.04791260
-0.04821777
-0.04913330
-0.04943848
-0.05004883
-0.05004883
-0.05065918
-0.05126953
-0.05157471
-0.05187988
-0.05187988
-0.05187988
-0.05187988
-0.05187988
-0.05157471
-0.05096436
-0.05004883
-0.04882813
-0.04760742
-0.04608154
-0.04425049
-0.04241943
-0.04058838
-0.03997803
-0.03997803
-0.04028320
-0.04058838
-0.04089355
-0.04119873
-0.04058838
-0.03936768
-0.03753662
-0.03540039
-0.03326416
-0.03021240
-0.02746582
-0.02532959
-0.02410889
-0.02258301
-0.02105713
-0.01892090
-0.01617432
-0.01342773
-0.01037598
-0.00762939
-0.00488281
-0.00213623
 0.00030518
 0.00274658
 0.00518799
 0.00732422
 0.00915527
 0.01007080
 0.01129150
 0.01220703
 0.01220703
 0.01220703
 0.01251221
 0.01281738
 0.01373291
 0.01464844
 0.01495361
 0.01525879
 0.01525879
 0.01495361
 0.01434326
 0.01373291
 0.01342773
 0.01312256
 0.01281738
 0.01281738
 0.01312256
 0.01373291
 0.01464844
 0.01647949
 0.01861572
 0.02105713
 0.02349854
 0.02593994
 0.02807617
 0.02990723
 0.03112793
 0.03234863
 0.03265381
 0.03204346
 0.03112793
 0.02990723
 0.02899170
 0.02777100
 0.02716064
 0.02624512
 0.02593994
 0.02624512
 0.02624512
 0.02655029
 0.02685547
 0.02716064
 0.02807617
 0.02899170
 0.03021240
 0.03143311
 0.03234863
 0.03234863
 0.03234863
 0.03204346
 0.03143311
 0.03112793
 0.03082275
 0.03051758
 0.03021240
 0.03021240
 0.03021240
 0.03051758
 0.03082275
 0.03173828
 0.03265381
 0.03356934
 0.03326416
 0.03326416
 0.03295898
 0.03204346
 0.03112793
 0.02929688
 0.02716064
 0.02532959
 0.02380371
 0.02197266
 0.02044678
 0.01922607
 0.01831055
 0.01800537
 0.01831055
 0.01922607
 0.02044678
 0.02136230
 0.02105713
 0.02014160
 0.01861572
 0.01647949
 0.01495361
 0.01403809
 0.01464844
 0.01556396
 0.01647949
 0.01708984
 0.01800537
 0.01922607
 0.02044678
 0.02075195
 0.02166748
 0.02288818
 0.02441406
 0.02593994
 0.02624512
 0.02532959
 0.02380371
 0.02227783
 0.01983643
 0.01770020
 0.01556396
 0.01434326
 0.01373291
 0.01373291
 0.01403809
 0.01373291
 0.01312256
 0.01220703
 0.01129150
 0.01098633
 0.01129150
 0.01220703
 0.01342773
 0.01403809
 0.01403809
 0.01312256
 0.01190186
 0.01037598
 0.00823975
 0.00701904
 0.00671387
 0.00640869
 0.00610352
 0.00518799
 0.00427246
 0.00274658
 0.00061035
-0.00122070
-0.00274658
-0.00366211
-0.00488281
-0.00640869
-0.00854492
-0.01190186
-0.01586914
-0.01953125
-0.02288818
-0.02685547
-0.03021240
-0.03295898
-0.03570557
-0.03845215
-0.04058838
-0.04211426
-0.04333496
-0.04425049
-0.04486084
-0.04516602
-0.04455566
-0.04333496
-0.04089355
-0.03936768
-0.03814697
-0.03753662
-0.03875732
-0.04058838
-0.04211426
-0.04272461
-0.04302979
-0.04333496
-0.04302979
-0.04272461
-0.04302979
-0.04394531
-0.04455566
-0.04486084
-0.04486084
-0.04455566
-0.04455566
-0.04486084
-0.04638672
-0.04852295
-0.05065918
-0.05218506
-0.05371094
-0.05462646
-0.05493164
-0.05462646
-0.05310059
-0.05126953
-0.04943848
-0.04730225
-0.04516602
-0.04272461
-0.04089355
-0.03906250
-0.03753662
-0.03540039
-0.03356934
-0.03204346
-0.03082275
-0.02960205
-0.02746582
-0.02532959
-0.02319336
-0.02136230
-0.01892090
-0.01586914
-0.01312256
-0.01129150
-0.01007080
-0.00885010
-0.00823975
-0.00823975
-0.00762939
-0.00671387
-0.00579834
-0.00457764
-0.00305176
-0.00152588
 0.00000000
 0.00183105
 0.00366211
 0.00579834
 0.00823975
 0.01159668
 0.01495361
 0.01770020
 0.02044678
 0.02258301
 0.02410889
 0.02532959
 0.02655029
 0.02807617
 0.02960205
 0.03173828
 0.03387451
 0.03601074
 0.03814697
 0.03906250
 0.03967285
 0.03997803
 0.03967285
 0.03875732
 0.03875732
 0.03906250
 0.03967285
 0.03936768
 0.03906250
 0.03845215
 0.03784180
 0.03631592
 0.03540039
 0.03479004
 0.03479004
 0.03479004
 0.03479004
 0.03448486
 0.03387451
 0.03234863
 0.03082275
 0.02838135
 0.02563477
 0.02410889
 0.02349854
 0.02349854
 0.02380371
 0.02441406
 0.02532959
 0.02593994
 0.02624512
 0.02624512
 0.02593994
 0.02532959
 0.02471924
 0.02349854
 0.02227783
 0.02014160
 0.01739502
 0.01403809
 0.01068115
 0.00823975
 0.00579834
 0.00396729
 0.00335693
 0.00335693
 0.00305176
 0.00305176
 0.00244141
 0.00152588
-0.00030518
-0.00335693
-0.00640869
-0.00885010
-0.01159668
-0.01403809
-0.01586914
-0.01708984
-0.01831055
-0.01922607
-0.02014160
-0.02044678
-0.01922607
-0.01770020
-0.01617432
-0.01495361
-0.01525879
-0.01617432
-0.01922607
-0.02258301
-0.02624512
-0.03051758
-0.03387451
-0.03662109
-0.03845215
-0.04058838
-0.04211426
-0.04272461
-0.04180908
-0.04028320
-0.03936768
-0.03814697
-0.03753662
-0.03662109
-0.03601074
-0.03631592
-0.03723145
-0.03845215
-0.03997803
-0.04089355
-0.04089355
-0.03997803
-0.03784180
-0.03479004
-0.03082275
-0.02685547
-0.02227783
-0.01861572
-0.01586914
-0.01434326
-0.01342773
-0.01373291
-0.01464844
-0.01617432
-0.01800537
-0.01983643
-0.02166748
-0.02288818
-0.02258301
-0.02105713
-0.01831055
-0.01464844
-0.01098633
-0.00793457
-0.00549316
-0.00366211
-0.00274658
-0.00213623
-0.00244141
-0.00274658
-0.00366211
-0.00457764
-0.00488281
-0.00427246
-0.00274658
-0.00091553
 0.00091553
 0.00274658
 0.00518799
 0.00701904
 0.00854492
 0.01007080
 0.01098633
 0.01098633
 0.01037598
 0.00946045
 0.00823975
 0.00701904
 0.00610352
 0.00610352
 0.00640869
 0.00610352
 0.00579834
 0.00610352
 0.00671387
 0.00762939
 0.00793457
 0.00854492
 0.00946045
 0.01007080
 0.00946045
 0.00915527
 0.00885010
 0.00915527
 0.01007080
 0.01098633
 0.01190186
 0.01220703
 0.01251221
 0.01342773
 0.01434326
 0.01525879
 0.01617432
 0.01678467
 0.01708984
 0.01708984
 0.01647949
 0.01556396
 0.01434326
 0.01312256
 0.01251221
 0.01190186
 0.01129150
 0.01159668
 0.01220703
 0.01342773
 0.01464844
 0.01525879
 0.01586914
 0.01586914
 0.01525879
 0.01434326
 0.01281738
 0.01190186
 0.01159668
 0.01159668
 0.01190186
 0.01281738
 0.01403809
 0.01647949
 0.01861572
 0.02105713
 0.02349854
 0.02563477
 0.02807617
 0.02990723
 0.03143311
 0.03204346
 0.03173828
 0.03112793
 0.03051758
 0.02990723
 0.02899170
 0.02899170
 0.02990723
 0.03112793
 0.03295898
 0.03448486
 0.03601074
 0.03723145
 0.03814697
 0.03845215
 0.03906250
 0.03906250
 0.03845215
 0.03784180
 0.03753662
 0.03723145
 0.03631592
 0.03540039
 0.03570557
 0.03631592
 0.03753662
 0.03845215
 0.03967285
 0.04150391
 0.04272461
 0.04241943
 0.04150391
 0.04058838
 0.04028320
 0.03936768
 0.03845215
 0.03753662
 0.03601074
 0.03448486
 0.03295898
 0.03112793
 0.02960205
 0.02777100
 0.02532959
 0.02288818
 0.02105713
 0.01983643
 0.01831055
 0.01617432
 0.01373291
 0.01098633
 0.00885010
 0.00671387
 0.00488281
 0.00366211
 0.00274658
 0.00122070
 0.00000000
-0.00061035
-0.00122070
-0.00183105
-0.00244141
-0.00366211
-0.00518799
-0.00640869
-0.00762939
-0.00885010
-0.00946045
-0.01007080
-0.01068115
-0.01129150
-0.01281738
-0.01495361
-0.01800537
-0.02105713
-0.02410889
-0.02777100
-0.03143311
-0.03479004
-0.03753662
-0.03997803
-0.04211426
-0.04333496
-0.04425049
-0.04425049
-0.04333496
-0.04180908
-0.03997803
-0.03906250
-0.03906250
-0.03936768
-0.04028320
-0.04180908
-0.04394531
-0.04638672
-0.04852295
-0.05004883
-0.05035400
-0.05004883
-0.04913330
-0.04699707
-0.04516602
-0.04302979
-0.04150391
-0.04058838
-0.03967285
-0.03936768
-0.03967285
-0.04089355
-0.04241943
-0.04394531
-0.04577637
-0.04699707
-0.04730225
-0.04638672
-0.04486084
-0.04241943
-0.03997803
-0.03753662
-0.03479004
-0.03204346
-0.02990723
-0.02807617
-0.02685547
-0.02655029
-0.02655029
-0.02563477
-0.02410889
-0.02319336
-0.02197266
-0.02014160
-0.01739502
-0.01373291
-0.01007080
-0.00640869
-0.00274658
 0.00061035
 0.00274658
 0.00366211
 0.00366211
 0.00396729
 0.00335693
 0.00213623
 0.00091553
 0.00030518
 0.00030518
 0.00000000
 0.00000000
 0.00122070
 0.00274658
 0.00396729
 0.00549316
 0.00762939
 0.00946045
 0.01068115
 0.01129150
 0.01098633
 0.01007080
 0.00885010
 0.00762939
 0.00701904
 0.00762939
 0.00915527
 0.01159668
 0.01434326
 0.01708984
 0.01953125
 0.02136230
 0.02288818
 0.02380371
 0.02380371
 0.02288818
 0.02166748
 0.02044678
 0.01861572
 0.01678467
 0.01525879
 0.01403809
 0.01281738
 0.01190186
 0.01129150
 0.01068115
 0.01068115
 0.01129150
 0.01159668
 0.01098633
 0.01037598
 0.01037598
 0.01068115
 0.01007080
 0.00946045
 0.00946045
 0.01007080
 0.01007080
 0.00976563
 0.00976563
 0.01007080
 0.01068115
 0.01098633
 0.01129150
 0.01098633
 0.01037598
 0.01037598
 0.01037598
 0.01068115
 0.01098633
 0.01098633
 0.01037598
 0.00915527
 0.00762939
 0.00579834
 0.00335693
 0.00152588
-0.00091553
-0.00305176
-0.00518799
-0.00671387
-0.00732422
-0.00732422
-0.00762939
-0.00732422
-0.00640869
-0.00549316
-0.00457764
-0.00396729
-0.00335693
-0.00274658
-0.00244141
-0.00183105
-0.00152588
-0.00183105
-0.00244141
-0.00274658
-0.00274658
-0.00183105
-0.00091553
 0.00030518
 0.00213623
 0.00335693
 0.00427246
 0.00488281
 0.00488281
 0.00457764
 0.00366211
 0.00244141
 0.00152588
 0.00091553
 0.00061035
-0.00030518
-0.00061035
-0.00061035
 0.00000000
 0.00122070
 0.00213623
 0.00274658
 0.00335693
 0.00427246
 0.00518799
 0.00549316
 0.00488281
 0.00427246
 0.00335693
 0.00244141
 0.00122070
 0.00091553
 0.00061035
 0.00091553
 0.00091553
 0.00091553
 0.00213623
 0.00305176
 0.00305176
 0.00213623
 0.00061035
-0.00122070
-0.00335693
-0.00579834
-0.00823975
-0.01098633
-0.01403809
-0.01586914
-0.01708984
-0.01708984
-0.01708984
-0.01647949
-0.01556396
-0.01525879
-0.01495361
-0.01434326
-0.01403809
-0.01434326
-0.01556396
-0.01739502
-0.01861572
-0.02014160
-0.02197266
-0.02319336
-0.02319336
-0.02288818
-0.02197266
-0.02044678
-0.01922607
-0.01831055
-0.01770020
-0.01770020
-0.01831055
-0.01953125
-0.02136230
-0.02319336
-0.02471924
-0.02593994
-0.02716064
-0.02807617
-0.02807617
-0.02746582
-0.02624512
-0.02502441
-0.02410889
-0.02319336
-0.02258301
-0.02197266
-0.02166748
-0.02166748
-0.02227783
-0.02258301
-0.02227783
-0.02166748
-0.02014160
-0.01770020
-0.01464844
-0.01129150
-0.00793457
-0.00518799
-0.00305176
-0.00091553
 0.00122070
 0.00274658
 0.00427246
 0.00518799
 0.00610352
 0.00640869
 0.00701904
 0.00762939
 0.00823975
 0.00946045
 0.01129150
 0.01403809
 0.01708984
 0.01953125
 0.02105713
 0.02227783
 0.02319336
 0.02380371
 0.02380371
 0.02410889
 0.02471924
 0.02532959
 0.02593994
 0.02716064
 0.02868652
 0.03051758
 0.03326416
 0.03692627
 0.03997803
 0.04272461
 0.04486084
 0.04699707
 0.04791260
 0.04791260
 0.04730225
 0.04699707
 0.04699707
 0.04638672
 0.04577637
 0.04577637
 0.04638672
 0.04638672
 0.04638672
 0.04608154
 0.04577637
 0.04486084
 0.04333496
 0.04150391
 0.03997803
 0.03845215
 0.03692627
 0.03509521
 0.03326416
 0.03204346
 0.03112793
 0.02990723
 0.02929688
 0.02960205
 0.03021240
 0.03021240
 0.03051758
 0.03051758
 0.02990723
 0.02868652
 0.02716064
 0.02532959
 0.02349854
 0.02166748
 0.01953125
 0.01800537
 0.01708984
 0.01678467
 0.01647949
 0.01617432
 0.01525879
 0.01403809
 0.01281738
 0.01159668
 0.01068115
 0.01007080
 0.00885010
 0.00701904
 0.00488281
 0.00274658
 0.00030518
-0.00152588
-0.00274658
-0.00427246
-0.00518799
-0.00579834
-0.00579834
-0.00610352
-0.00671387
-0.00701904
-0.00762939
-0.00885010
-0.00976563
-0.01068115
-0.01220703
-0.01373291
-0.01495361
-0.01647949
-0.01800537
-0.01892090
-0.01953125
-0.01983643
-0.02044678
-0.02166748
-0.02288818
-0.02441406
-0.02593994
-0.02777100
-0.02990723
-0.03204346
-0.03356934
-0.03509521
-0.03601074
-0.03601074
-0.03540039
-0.03417969
-0.03295898
-0.03143311
-0.03051758
-0.02960205
-0.02899170
-0.02899170
-0.02960205
-0.03021240
-0.03082275
-0.03112793
-0.03112793
-0.03051758
-0.02990723
-0.02899170
-0.02655029
-0.02349854
-0.02044678
-0.01800537
-0.01556396
-0.01342773
-0.01220703
-0.01251221
-0.01403809
-0.01556396
-0.01770020
-0.02014160
-0.02197266
-0.02319336
-0.02380371
-0.02410889
-0.02349854
-0.02197266
-0.02014160
-0.01770020
-0.01495361
-0.01312256
-0.01190186
-0.01129150
-0.01037598
-0.01037598
-0.01159668
-0.01373291
-0.01464844
-0.01556396
-0.01556396
-0.01464844
-0.01312256
-0.01098633
-0.00823975
-0.00579834
-0.00366211
-0.00213623
-0.00091553
-0.00091553
-0.00213623
-0.00366211
-0.00549316
-0.00701904
-0.00793457
-0.00915527
-0.01007080
-0.01037598
-0.00976563
-0.00885010
-0.00732422
-0.00579834
-0.00488281
-0.00366211
-0.00213623
-0.00122070
-0.00122070
-0.00122070
-0.00152588
-0.00183105
-0.00274658
-0.00335693
-0.00396729
-0.00366211
-0.00274658
-0.00183105
-0.00091553
 0.00122070
 0.00305176
 0.00488281
 0.00671387
 0.00823975
 0.00915527
 0.00946045
 0.00915527
 0.00915527
 0.00854492
 0.00793457
 0.00671387
 0.00579834
 0.00518799
 0.00457764
 0.00427246
 0.00396729
 0.00427246
 0.00518799
 0.00610352
 0.00671387
 0.00732422
 0.00793457
 0.00854492
 0.00976563
 0.01129150
 0.01190186
 0.01190186
 0.01190186
 0.01159668
 0.01190186
 0.01220703
 0.01251221
 0.01220703
 0.01251221
 0.01312256
 0.01434326
 0.01556396
 0.01647949
 0.01800537
 0.01922607
 0.01983643
 0.01983643
 0.02014160
 0.01983643
 0.01922607
 0.01770020
 0.01647949
 0.01495361
 0.01434326
 0.01403809
 0.01434326
 0.01495361
 0.01556396
 0.01586914
 0.01647949
 0.01739502
 0.01831055
 0.01892090
 0.01922607
 0.01983643
 0.01983643
 0.01953125
 0.01861572
 0.01739502
 0.01617432
 0.01464844
 0.01342773
 0.01220703
 0.01098633
 0.01007080
 0.00976563
 0.00915527
 0.00793457
 0.00671387
 0.00610352
 0.00518799
 0.00427246
 0.00274658
 0.00122070
 0.00061035
-0.00030518
-0.00183105
-0.00366211
-0.00518799
-0.00671387
-0.00823975
-0.00976563
-0.01098633
-0.01159668
-0.01220703
-0.01281738
-0.01342773
-0.01403809
-0.01464844
-0.01525879
-0.01586914
-0.01586914
-0.01556396
-0.01525879
-0.01617432
-0.01708984
-0.01800537
-0.01922607
-0.02075195
-0.02197266
-0.02288818
-0.02319336
-0.02319336
-0.02258301
-0.02288818
-0.02380371
-0.02471924
-0.02593994
-0.02716064
-0.02838135
-0.02868652
-0.02899170
-0.02868652
-0.02838135
-0.02807617
-0.02777100
-0.02685547
-0.02593994
-0.02441406
-0.02319336
-0.02258301
-0.02227783
-0.02197266
-0.02136230
-0.02105713
-0.02136230
-0.02197266
-0.02288818
-0.02227783
-0.02136230
-0.02014160
-0.01922607
-0.01831055
-0.01739502
-0.01647949
-0.01647949
-0.01617432
-0.01647949
-0.01678467
-0.01678467
-0.01647949
-0.01617432
-0.01586914
-0.01525879
-0.01434326
-0.01281738
-0.01098633
-0.00915527
-0.00701904
-0.00488281
-0.00335693
-0.00122070
 0.00091553
 0.00244141
 0.00274658
 0.00335693
 0.00396729
 0.00518799
 0.00579834
 0.00640869
 0.00732422
 0.00885010
 0.01007080
 0.01220703
 0.01434326
 0.01617432
 0.01800537
 0.01953125
 0.02044678
 0.02105713
 0.02166748
 0.02136230
 0.02075195
 0.02044678
 0.02075195
 0.02136230
 0.02166748
 0.02166748
 0.02197266
 0.02288818
 0.02471924
 0.02563477
 0.02685547
 0.02807617
 0.02899170
 0.02960205
 0.02990723
 0.02960205
 0.02868652
 0.02746582
 0.02624512
 0.02563477
 0.02532959
 0.02502441
 0.02563477
 0.02563477
 0.02563477
 0.02624512
 0.02716064
 0.02746582
 0.02807617
 0.02807617
 0.02777100
 0.02593994
 0.02410889
 0.02319336
 0.02197266
 0.02075195
 0.01953125
 0.01861572
 0.01861572
 0.01831055
 0.01861572
 0.01892090
 0.01953125
 0.02014160
 0.02075195
 0.02105713
 0.02075195
 0.01983643
 0.01892090
 0.01800537
 0.01678467
 0.01525879
 0.01373291
 0.01281738
 0.01220703
 0.01159668
 0.01098633
 0.01037598
 0.01037598
 0.01098633
 0.01159668
 0.01220703
 0.01190186
 0.01129150
 0.01007080
 0.00854492
 0.00610352
 0.00427246
 0.00274658
 0.00091553
-0.00030518
-0.00091553
-0.00061035
-0.00061035
-0.00030518
 0.00061035
 0.00122070
 0.00244141
 0.00305176
 0.00366211
 0.00366211
 0.00274658
 0.00091553
-0.00030518
-0.00183105
-0.00305176
-0.00335693
-0.00305176
-0.00305176
-0.00244141
-0.00152588
-0.00030518
 0.00030518
 0.00061035
 0.00061035
 0.00000000
-0.00091553
-0.00213623
-0.00335693
-0.00457764
-0.00640869
-0.00762939
-0.00915527
-0.00976563
-0.00976563
-0.00915527
-0.00854492
-0.00762939
-0.00701904
-0.00671387
-0.00671387
-0.00762939
-0.00946045
-0.01220703
-0.01434326
-0.01586914
-0.01739502
-0.01831055
-0.01831055
-0.01800537
-0.01800537
-0.01739502
-0.01617432
-0.01495361
-0.01434326
-0.01434326
-0.01495361
-0.01617432
-0.01770020
-0.01983643
-0.02166748
-0.02319336
-0.02471924
-0.02624512
-0.02746582
-0.02868652
-0.02868652
-0.02777100
-0.02655029
-0.02563477
-0.02502441
-0.02471924
-0.02502441
-0.02624512
-0.02807617
-0.02990723
-0.03112793
-0.03204346
-0.03326416
-0.03417969
-0.03479004
-0.03509521
-0.03479004
-0.03356934
-0.03265381
-0.03143311
-0.03021240
-0.02899170
-0.02746582
-0.02655029
-0.02655029
-0.02746582
-0.02899170
-0.03051758
-0.03143311
-0.03143311
-0.03112793
-0.03082275
-0.03051758
-0.02990723
-0.02868652
-0.02716064
-0.02471924
-0.02288818
-0.02136230
-0.02014160
-0.01922607
-0.01831055
-0.01770020
-0.01770020
-0.01708984
-0.01678467
-0.01617432
-0.01525879
-0.01403809
-0.01251221
-0.01007080
-0.00732422
-0.00427246
-0.00152588
 0.00061035
 0.00274658
 0.00457764
 0.00518799
 0.00579834
 0.00640869
 0.00701904
 0.00732422
 0.00762939
 0.00762939
 0.00793457
 0.00793457
 0.00854492
 0.00946045
 0.01098633
 0.01312256
 0.01464844
 0.01556396
 0.01678467
 0.01800537
 0.01892090
 0.02014160
 0.02075195
 0.02075195
 0.02136230
 0.02258301
 0.02380371
 0.02441406
 0.02502441
 0.02624512
 0.02777100
 0.02929688
 0.03112793
 0.03265381
 0.03387451
 0.03540039
 0.03662109
 0.03723145
 0.03723145
 0.03631592
 0.03540039
 0.03417969
 0.03265381
 0.03112793
 0.02960205
 0.02838135
 0.02685547
 0.02563477
 0.02502441
 0.02471924
 0.02441406
 0.02410889
 0.02410889
 0.02410889
 0.02380371
 0.02258301
 0.02014160
 0.01800537
 0.01525879
 0.01312256
 0.01098633
 0.00946045
 0.00854492
 0.00793457
 0.00762939
 0.00732422
 0.00762939
 0.00854492
 0.00976563
 0.01068115
 0.01098633
 0.01068115
 0.00946045
 0.00762939
 0.00488281
 0.00152588
-0.00152588
-0.00396729
-0.00549316
-0.00671387
-0.00732422
-0.00732422
-0.00701904
-0.00610352
-0.00488281
-0.00396729
-0.00335693
-0.00305176
-0.00366211
-0.00488281
-0.00671387
-0.00885010
-0.01159668
-0.01434326
-0.01678467
-0.01892090
-0.01953125
-0.01922607
-0.01770020
-0.01586914
-0.01373291
-0.01190186
-0.01068115
-0.00976563
-0.01007080
-0.01159668
-0.01342773
-0.01556396
-0.01770020
-0.01983643
-0.02166748
-0.02380371
-0.02441406
-0.02441406
-0.02410889
-0.02319336
-0.02105713
-0.01800537
-0.01495361
-0.01190186
-0.00976563
-0.00915527
-0.01037598
-0.01220703
-0.01403809
-0.01556396
-0.01617432
-0.01586914
-0.01434326
-0.01251221
-0.01037598
-0.00732422
-0.00457764
-0.00152588
 0.00122070
 0.00305176
 0.00488281
 0.00610352
 0.00640869
 0.00610352
 0.00549316
 0.00427246
 0.00305176
 0.00213623
 0.00213623
 0.00244141
 0.00335693
 0.00427246
 0.00579834
 0.00823975
 0.01007080
 0.01098633
 0.01159668
 0.01129150
 0.01068115
 0.01007080
 0.00915527
 0.00793457
 0.00671387
 0.00549316
 0.00427246
 0.00396729
 0.00427246
 0.00579834
 0.00823975
 0.01068115
 0.01281738
 0.01434326
 0.01495361
 0.01464844
 0.01312256
 0.01068115
 0.00823975
 0.00610352
 0.00488281
 0.00335693
 0.00244141
 0.00274658
 0.00366211
 0.00549316
 0.00671387
 0.00823975
 0.00976563
 0.01098633
 0.01129150
 0.01098633
 0.01037598
 0.00946045
 0.00854492
 0.00701904
 0.00579834
 0.00488281
 0.00396729
 0.00396729
 0.00488281
 0.00671387
 0.00885010
 0.01068115
 0.01220703
 0.01312256
 0.01373291
 0.01342773
 0.01251221
 0.01068115
 0.00854492
 0.00640869
 0.00457764
 0.00305176
 0.00183105
 0.00183105
 0.00244141
 0.00335693
 0.00549316
 0.00762939
 0.00946045
 0.01129150
 0.01190186
 0.01129150
 0.01037598
 0.00885010
 0.00671387
 0.00457764
 0.00274658
 0.00183105
 0.00152588
 0.00213623
 0.00305176
 0.00488281
 0.00762939
 0.01068115
 0.01373291
 0.01586914
 0.01770020
 0.01861572
 0.01892090
 0.01770020
 0.01556396
 0.01373291
 0.01190186
 0.01068115
 0.00976563
 0.00915527
 0.00946045
 0.01037598
 0.01190186
 0.01373291
 0.01464844
 0.01556396
 0.01586914
 0.01586914
 0.01556396
 0.01495361
 0.01342773
 0.01159668
 0.00946045
 0.00732422
 0.00610352
 0.00518799
 0.00488281
 0.00518799
 0.00549316
 0.00671387
 0.00854492
 0.01007080
 0.01068115
 0.01037598
 0.01007080
 0.00946045
 0.00854492
 0.00732422
 0.00579834
 0.00488281
 0.00396729
 0.00274658
 0.00152588
 0.00000000
-0.00122070
-0.00213623
-0.00335693
-0.00457764
-0.00579834
-0.00793457
-0.00946045
-0.01007080
-0.01098633
-0.01251221
-0.01464844
-0.01647949
-0.01831055
-0.02014160
-0.02105713
-0.02136230
-0.02166748
-0.02258301
-0.02380371
-0.02441406
-0.02471924
-0.02532959
-0.02593994
-0.02624512
-0.02624512
-0.02563477
-0.02502441
-0.02410889
-0.02380371
-0.02410889
-0.02502441
-0.02655029
-0.02777100
-0.02868652
-0.02960205
-0.03051758
-0.03082275
-0.03143311
-0.03173828
-0.03204346
-0.03204346
-0.03143311
-0.03021240
-0.02929688
-0.02838135
-0.02746582
-0.02685547
-0.02655029
-0.02716064
-0.02838135
-0.02990723
-0.03112793
-0.03143311
-0.03143311
-0.03051758
-0.02899170
-0.02716064
-0.02441406
-0.02227783
-0.02014160
-0.01892090
-0.01800537
-0.01678467
-0.01586914
-0.01495361
-0.01495361
-0.01556396
-0.01617432
-0.01708984
-0.01739502
-0.01739502
-0.01739502
-0.01617432
-0.01464844
-0.01281738
-0.01068115
-0.00915527
-0.00854492
-0.00793457
-0.00793457
-0.00793457
-0.00793457
-0.00823975
-0.00854492
-0.00915527
-0.00915527
-0.00823975
-0.00671387
-0.00549316
-0.00396729
-0.00244141
 0.00000000
 0.00244141
 0.00457764
 0.00640869
 0.00793457
 0.00854492
 0.00854492
 0.00823975
 0.00762939
 0.00701904
 0.00671387
 0.00762939
 0.00823975
 0.00854492
 0.00854492
 0.00885010
 0.00946045
 0.00946045
 0.01037598
 0.01129150
 0.01159668
 0.01129150
 0.01129150
 0.01068115
 0.01007080
 0.00885010
 0.00732422
 0.00610352
 0.00549316
 0.00579834
 0.00640869
 0.00762939
 0.00915527
 0.01068115
 0.01281738
 0.01464844
 0.01556396
 0.01617432
 0.01617432
 0.01586914
 0.01556396
 0.01464844
 0.01373291
 0.01251221
 0.01098633
 0.01007080
 0.00915527
 0.00854492
 0.00854492
 0.00946045
 0.01007080
 0.01098633
 0.01098633
 0.01068115
 0.01037598
 0.00946045
 0.00885010
 0.00793457
 0.00671387
 0.00579834
 0.00518799
 0.00549316
 0.00640869
 0.00732422
 0.00762939
 0.00915527
 0.00976563
 0.01068115
 0.01159668
 0.01220703
 0.01251221
 0.01190186
 0.01068115
 0.00946045
 0.00793457
 0.00671387
 0.00549316
 0.00427246
 0.00366211
 0.00396729
 0.00488281
 0.00579834
 0.00610352
 0.00610352
 0.00701904
 0.00762939
 0.00732422
 0.00640869
 0.00549316
 0.00488281
 0.00457764
 0.00427246
 0.00427246
 0.00488281
 0.00549316
 0.00671387
 0.00793457
 0.00915527
 0.01037598
 0.01098633
 0.01159668
 0.01220703
 0.01190186
 0.01159668
 0.01068115
 0.01007080
 0.00946045
 0.00885010
 0.00854492
 0.00823975
 0.00762939
 0.00732422
 0.00701904
 0.00610352
 0.00549316
 0.00457764
 0.00396729
 0.00335693
 0.00305176
 0.00305176
 0.00274658
 0.00305176
 0.00305176
 0.00274658
 0.00213623
 0.00183105
 0.00152588
 0.00122070
 0.00122070
 0.00152588
 0.00122070
 0.00030518
-0.00030518
-0.00061035
-0.00061035
-0.00061035
-0.00030518
 0.00030518
 0.00091553
 0.00183105
 0.00183105
 0.00061035
-0.00061035
-0.00152588
-0.00244141
-0.00335693
-0.00457764
-0.00579834
-0.00671387
-0.00701904
-0.00701904
-0.00640869
-0.00640869
-0.00640869
-0.00671387
-0.00701904
-0.00793457
-0.00946045
-0.01129150
-0.01312256
-0.01434326
-0.01586914
-0.01678467
-0.01678467
-0.01617432
-0.01525879
-0.01342773
-0.01129150
-0.00915527
-0.00701904
-0.00518799
-0.00488281
-0.00518799
-0.00640869
-0.00732422
-0.00823975
-0.00946045
-0.01037598
-0.01098633
-0.01068115
-0.01037598
-0.00946045
-0.00793457
-0.00610352
-0.00457764
-0.00274658
-0.00152588
-0.00091553
-0.00091553
-0.00091553
-0.00091553
-0.00091553
-0.00122070
-0.00122070
-0.00152588
-0.00122070
-0.00122070
-0.00122070
-0.00061035
 0.00030518
 0.00213623
 0.00396729
 0.00579834
 0.00701904
 0.00823975
 0.00915527
 0.01007080
 0.01037598
 0.01068115
 0.01068115
 0.01037598
 0.00976563
 0.00946045
 0.00885010
 0.00854492
 0.00885010
 0.01007080
 0.01129150
 0.01251221
 0.01403809
 0.01525879
 0.01647949
 0.01770020
 0.01892090
 0.01922607
 0.01831055
 0.01770020
 0.01739502
 0.01708984
 0.01708984
 0.01708984
 0.01739502
 0.01800537
 0.01892090
 0.01892090
 0.01922607
 0.01922607
 0.01983643
 0.02044678
 0.02075195
 0.02075195
 0.02014160
 0.01953125
 0.01831055
 0.01678467
 0.01556396
 0.01434326
 0.01373291
 0.01342773
 0.01281738
 0.01220703
 0.01129150
 0.01098633
 0.01068115
 0.01037598
 0.00946045
 0.00854492
 0.00701904
 0.00549316
 0.00427246
 0.00274658
 0.00152588
 0.00091553
 0.00061035
 0.00000000
 0.00000000
 0.00030518
 0.00061035
 0.00061035
 0.00030518
 0.00030518
-0.00030518
-0.00091553
-0.00213623
-0.00427246
-0.00549316
-0.00610352
-0.00671387
-0.00640869
-0.00610352
-0.00610352
-0.00640869
-0.00671387
-0.00732422
-0.00793457
-0.00823975
-0.00854492
-0.00885010
-0.00946045
-0.01068115
-0.01159668
-0.01220703
-0.01251221
-0.01281738
-0.01281738
-0.01281738
-0.01190186
-0.01098633
-0.01037598
-0.01068115
-0.01129150
-0.01190186
-0.01251221
-0.01342773
-0.01464844
-0.01525879
-0.01586914
-0.01708984
-0.01831055
-0.01892090
-0.01861572
-0.01861572
-0.01861572
-0.01861572
-0.01770020
-0.01678467
-0.01617432
-0.01556396
-0.01495361
-0.01434326
-0.01403809
-0.01434326
-0.01495361
-0.01556396
-0.01617432
-0.01647949
-0.01617432
-0.01647949
-0.01647949
-0.01617432
-0.01495361
-0.01373291
-0.01220703
-0.01037598
-0.00823975
-0.00671387
-0.00549316
-0.00488281
-0.00488281
-0.00488281
-0.00518799
-0.00610352
-0.00762939
-0.00854492
-0.00885010
-0.00854492
-0.00793457
-0.00701904
-0.00610352
-0.00518799
-0.00457764
-0.00335693
-0.00213623
-0.00183105
-0.00213623
-0.00274658
-0.00366211
-0.00457764
-0.00579834
-0.00640869
-0.00671387
-0.00640869
-0.00579834
-0.00518799
-0.00427246
-0.00335693
-0.00274658
-0.00274658
-0.00213623
-0.00152588
-0.00152588
-0.00213623
-0.00274658
-0.00366211
-0.00427246
-0.00457764
-0.00457764
-0.00488281
-0.00457764
-0.00457764
-0.00457764
-0.00427246
-0.00396729
-0.00366211
-0.00366211
-0.00366211
-0.00396729
-0.00427246
-0.00488281
-0.00640869
-0.00701904
-0.00732422
-0.00762939
-0.00762939
-0.00732422
-0.00671387
-0.00549316
-0.00427246
-0.00244141
-0.00122070
-0.00030518
 0.00061035
 0.00122070
 0.00183105
 0.00213623
 0.00274658
 0.00305176
 0.00274658
 0.00274658
 0.00244141
 0.00274658
 0.00274658
 0.00335693
 0.00427246
 0.00488281
 0.00488281
 0.00427246
 0.00457764
 0.00518799
 0.00518799
 0.00427246
 0.00335693
 0.00274658
 0.00274658
 0.00274658
 0.00213623
 0.00213623
 0.00274658
 0.00366211
 0.00488281
 0.00610352
 0.00732422
 0.00793457
 0.00793457
 0.00823975
 0.00854492
 0.00854492
 0.00915527
 0.00946045
 0.00976563
 0.01037598
 0.01098633
 0.01159668
 0.01190186
 0.01220703
 0.01251221
 0.01281738
 0.01312256
 0.01342773
 0.01312256
 0.01281738
 0.01220703
 0.01159668
 0.01068115
 0.01007080
 0.00976563
 0.01007080
 0.01037598
 0.01068115
 0.01098633
 0.01098633
 0.01098633
 0.01068115
 0.01037598
 0.00976563
 0.00915527
 0.00854492
 0.00762939
 0.00732422
 0.00762939
 0.00823975
 0.00885010
 0.00915527
 0.00946045
 0.01037598
 0.01068115
 0.01098633
 0.01068115
 0.01007080
 0.00885010
 0.00732422
 0.00579834
 0.00457764
 0.00305176
 0.00183105
 0.00122070
 0.00061035
 0.00122070
 0.00152588
 0.00122070
 0.00061035
 0.00000000
-0.00091553
-0.00183105
-0.00305176
-0.00427246
-0.00549316
-0.00671387
-0.00823975
-0.00885010
-0.00946045
-0.01037598
-0.01037598
-0.01007080
-0.00915527
-0.00823975
-0.00732422
-0.00732422
-0.00762939
-0.00854492
-0.00915527
-0.01007080
-0.01098633
-0.01129150
-0.01159668
-0.01220703
-0.01281738
-0.01312256
-0.01281738
-0.01251221
-0.01220703
-0.01129150
-0.01007080
-0.00854492
-0.00793457
-0.00762939
-0.00762939
-0.00823975
-0.00854492
-0.00885010
-0.00915527
-0.00885010
-0.00823975
-0.00793457
-0.00793457
-0.00823975
-0.00793457
-0.00732422
-0.00610352
-0.00488281
-0.00305176
-0.00183105
-0.00061035
 0.00061035
 0.00213623
 0.00305176
 0.00305176
 0.00244141
 0.00183105
 0.00122070
 0.00061035
 0.00030518
 0.00000000
 0.00030518
 0.00091553
 0.00183105
 0.00305176
 0.00457764
 0.00610352
 0.00732422
 0.00823975
 0.00915527
 0.00915527
 0.00915527
 0.00854492
 0.00823975
 0.00732422
 0.00671387
 0.00640869
 0.00701904
 0.00823975
 0.00976563
 0.01129150
 0.01281738
 0.01373291
 0.01434326
 0.01525879
 0.01556396
 0.01556396
 0.01464844
 0.01403809
 0.01373291
 0.01312256
 0.01251221
 0.01190186
 0.01129150
 0.01098633
 0.01098633
 0.01098633
 0.01190186
 0.01312256
 0.01373291
 0.01434326
 0.01525879
 0.01556396
 0.01556396
 0.01464844
 0.01312256
 0.01159668
 0.01037598
 0.00915527
 0.00793457
 0.00762939
 0.00793457
 0.00823975
 0.00823975
 0.00854492
 0.00915527
 0.01007080
 0.01037598
 0.01037598
 0.00976563
 0.00885010
 0.00732422
 0.00549316
 0.00335693
 0.00122070
 0.00030518
-0.00061035
-0.00152588
-0.00213623
-0.00244141
-0.00183105
-0.00183105
-0.00183105
-0.00152588
-0.00122070
-0.00152588
-0.00244141
-0.00305176
-0.00335693
-0.00366211
-0.00427246
-0.00488281
-0.00549316
-0.00610352
-0.00640869
-0.00640869
-0.00579834
-0.00488281
-0.00427246
-0.00457764
-0.00457764
-0.00427246
-0.00396729
-0.00427246
-0.00488281
-0.00518799
-0.00549316
-0.00579834
-0.00640869
-0.00732422
-0.00762939
-0.00823975
-0.00854492
-0.00885010
-0.00915527
-0.00915527
-0.00854492
-0.00823975
-0.00823975
-0.00793457
-0.00762939
-0.00732422
-0.00732422
-0.00732422
-0.00762939
-0.00762939
-0.00732422
-0.00701904
-0.00732422
-0.00762939
-0.00732422
-0.00671387
-0.00610352
-0.00610352
-0.00640869
-0.00671387
-0.00732422
-0.00762939
-0.00793457
-0.00823975
-0.00854492
-0.00885010
-0.00885010
-0.00946045
-0.00946045
-0.00976563
-0.01007080
-0.01068115
-0.01068115
-0.01068115
-0.01068115
-0.01037598
-0.01037598
-0.01037598
-0.00946045
-0.00946045
-0.00946045
-0.00915527
-0.00915527
-0.00946045
-0.00946045
-0.00946045
-0.00976563
-0.01037598
-0.01037598
-0.01007080
-0.00976563
-0.00976563
-0.00976563
-0.00976563
-0.00976563
-0.00976563
-0.01007080
-0.01068115
-0.01098633
-0.01159668
-0.01220703
-0.01281738
-0.01312256
-0.01281738
-0.01251221
-0.01220703
-0.01251221
-0.01251221
-0.01251221
-0.01220703
-0.01159668
-0.01129150
-0.01068115
-0.01068115
-0.01037598
-0.01037598
-0.01037598
-0.01068115
-0.01007080
-0.00915527
-0.00823975
-0.00793457
-0.00671387
-0.00579834
-0.00488281
-0.00396729
-0.00366211
-0.00335693
-0.00305176
-0.00305176
-0.00274658
-0.00274658
-0.00305176
-0.00335693
-0.00366211
-0.00396729
-0.00366211
-0.00335693
-0.00274658
-0.00213623
-0.00183105
-0.00152588
-0.00091553
-0.00030518
 0.00000000
-0.00030518
-0.00030518
 0.00030518
 0.00122070
 0.00274658
 0.00457764
 0.00610352
 0.00762939
 0.00885010
 0.01037598
 0.01129150
 0.01220703
 0.01281738
 0.01342773
 0.01342773
 0.01281738
 0.01251221
 0.01220703
 0.01220703
 0.01220703
 0.01281738
 0.01373291
 0.01525879
 0.01556396
 0.01556396
 0.01556396
 0.01556396
 0.01495361
 0.01464844
 0.01434326
 0.01403809
 0.01373291
 0.01342773
 0.01312256
 0.01251221
 0.01251221
 0.01251221
 0.01281738
 0.01342773
 0.01434326
 0.01464844
 0.01525879
 0.01556396
 0.01525879
 0.01464844
 0.01434326
 0.01403809
 0.01434326
 0.01403809
 0.01342773
 0.01312256
 0.01281738
 0.01312256
 0.01373291
 0.01403809
 0.01434326
 0.01434326
 0.01403809
 0.01281738
 0.01129150
 0.01007080
 0.00854492
 0.00762939
 0.00671387
 0.00549316
 0.00457764
 0.00396729
 0.00427246
 0.00457764
 0.00549316
 0.00610352
 0.00671387
 0.00671387
 0.00671387
 0.00610352
 0.00518799
 0.00396729
 0.00274658
 0.00122070
 0.00030518
 0.00000000
-0.00061035
-0.00030518
 0.00000000
 0.00061035
 0.00152588
 0.00244141
 0.00305176
 0.00366211
 0.00366211
 0.00366211
 0.00335693
 0.00213623
 0.00030518
-0.00244141
-0.00396729
-0.00488281
-0.00549316
-0.00579834
-0.00579834
-0.00488281
-0.00396729
-0.00274658
-0.00091553
 0.00061035
 0.00152588
 0.00213623
 0.00122070
 0.00030518
 0.00000000
-0.00091553
-0.00213623
-0.00335693
-0.00427246
-0.00396729
-0.00274658
-0.00152588
-0.00030518
 0.00091553
 0.00213623
 0.00305176
 0.00305176
 0.00274658
 0.00183105
 0.00091553
-0.00030518
-0.00183105
-0.00305176
-0.00427246
-0.00488281
-0.00488281
-0.00396729
-0.00274658
-0.00152588
-0.00061035
 0.00030518
 0.00091553
 0.00122070
 0.00122070
 0.00122070
 0.00122070
 0.00061035
-0.00030518
-0.00091553
-0.00122070
-0.00122070
-0.00030518
 0.00061035
 0.00213623
 0.00305176
 0.00427246
 0.00549316
 0.00671387
 0.00701904
 0.00640869
 0.00549316
 0.00427246
 0.00305176
 0.00122070
 0.00030518
-0.00030518
-0.00122070
-0.00152588
-0.00122070
-0.00030518
 0.00000000
 0.00030518
 0.00091553
 0.00213623
 0.00244141
 0.00183105
 0.00030518
-0.00061035
-0.00183105
-0.00305176
-0.00366211
-0.00396729
-0.00396729
-0.00427246
-0.00396729
-0.00335693
-0.00274658
-0.00213623
-0.00152588
-0.00122070
-0.00061035
-0.00091553
-0.00122070
-0.00183105
-0.00274658
-0.00396729
-0.00549316
-0.00671387
-0.00701904
-0.00701904
-0.00610352
-0.00518799
-0.00396729
-0.00213623
 0.00000000
 0.00122070
 0.00152588
 0.00152588
 0.00122070
 0.00030518
-0.00122070
-0.00274658
-0.00457764
-0.00579834
-0.00640869
-0.00640869
-0.00579834
-0.00427246
-0.00274658
-0.00061035
 0.00152588
 0.00335693
 0.00488281
 0.00488281
 0.00427246
 0.00335693
 0.00183105
-0.00030518
-0.00244141
-0.00396729
-0.00518799
-0.00579834
-0.00610352
-0.00518799
-0.00305176
-0.00061035
 0.00244141
 0.00427246
 0.00579834
 0.00640869
 0.00640869
 0.00579834
 0.00488281
 0.00305176
 0.00091553
-0.00091553
-0.00213623
-0.00213623
-0.00213623
-0.00152588
-0.00061035
 0.00061035
 0.00274658
 0.00488281
 0.00640869
 0.00671387
 0.00640869
 0.00579834
 0.00396729
 0.00183105
-0.00030518
-0.00274658
-0.00427246
-0.00518799
-0.00549316
-0.00549316
-0.00488281
-0.00427246
-0.00274658
-0.00152588
-0.00061035
 0.00030518
 0.00061035
 0.00030518
-0.00030518
-0.00152588
-0.00274658
-0.00457764
-0.00640869
-0.00732422
-0.00732422
-0.00762939
-0.00793457
-0.00762939
-0.00640869
-0.00518799
-0.00427246
-0.00335693
-0.00274658
-0.00274658
-0.00305176
-0.00396729
-0.00579834
-0.00793457
-0.00976563
-0.01159668
-0.01281738
-0.01342773
-0.01373291
-0.01373291
-0.01342773
-0.01251221
-0.01159668
-0.01068115
-0.01037598
-0.01037598
-0.01098633
-0.01129150
-0.01220703
-0.01342773
-0.01464844
-0.01556396
-0.01647949
-0.01770020
-0.01770020
-0.01739502
-0.01647949
-0.01586914
-0.01434326
-0.01251221
-0.01098633
-0.01007080
-0.01007080
-0.01007080
-0.01068115
-0.01129150
-0.01190186
-0.01251221
-0.01312256
-0.01312256
-0.01312256
-0.01312256
-0.01220703
-0.01098633
-0.01007080
-0.00854492
-0.00732422
-0.00610352
-0.00488281
-0.00396729
-0.00396729
-0.00427246
-0.00488281
-0.00549316
-0.00610352
-0.00671387
-0.00671387
-0.00640869
-0.00549316
-0.00396729
-0.00213623
-0.00061035
 0.00091553
 0.00183105
 0.00305176
 0.00335693
 0.00335693
 0.00335693
 0.00244141
 0.00122070
 0.00030518
 0.00000000
-0.00030518
 0.00000000
 0.00091553
 0.00152588
 0.00244141
 0.00305176
 0.00396729
 0.00488281
 0.00610352
 0.00640869
 0.00610352
 0.00579834
 0.00518799
 0.00457764
 0.00427246
 0.00396729
 0.00396729
 0.00457764
 0.00518799
 0.00610352
 0.00701904
 0.00793457
 0.00946045
 0.01159668
 0.01312256
 0.01403809
 0.01464844
 0.01464844
 0.01434326
 0.01312256
 0.01159668
 0.01037598
 0.00946045
 0.00915527
 0.00854492
 0.00823975
 0.00854492
 0.00946045
 0.01037598
 0.01129150
 0.01220703
 0.01342773
 0.01434326
 0.01434326
 0.01373291
 0.01220703
 0.01037598
 0.00854492
 0.00732422
 0.00640869
 0.00579834
 0.00549316
 0.00579834
 0.00701904
 0.00823975
 0.01007080
 0.01220703
 0.01342773
 0.01342773
 0.01342773
 0.01281738
 0.01220703
 0.01068115
 0.00915527
 0.00732422
 0.00579834
 0.00457764
 0.00427246
 0.00396729
 0.00396729
 0.00488281
 0.00701904
 0.00885010
 0.01007080
 0.01007080
 0.00976563
 0.00885010
 0.00762939
 0.00610352
 0.00457764
 0.00335693
 0.00305176
 0.00274658
 0.00213623
 0.00183105
 0.00183105
 0.00244141
 0.00366211
 0.00518799
 0.00671387
 0.00793457
 0.00854492
 0.00854492
 0.00823975
 0.00732422
 0.00579834
 0.00457764
 0.00366211
 0.00244141
 0.00183105
 0.00152588
 0.00213623
 0.00335693
 0.00457764
 0.00579834
 0.00640869
 0.00732422
 0.00793457
 0.00793457
 0.00762939
 0.00701904
 0.00610352
 0.00488281
 0.00305176
 0.00122070
 0.00000000
-0.00030518
 0.00000000
 0.00091553
 0.00213623
 0.00305176
 0.00457764
 0.00579834
 0.00671387
 0.00640869
 0.00579834
 0.00457764
 0.00274658
 0.00091553
-0.00061035
-0.00244141
-0.00366211
-0.00427246
-0.00427246
-0.00366211
-0.00213623
-0.00122070
 0.00000000
 0.00091553
 0.00122070
 0.00152588
 0.00091553
-0.00030518
-0.00244141
-0.00427246
-0.00549316
-0.00610352
-0.00640869
-0.00640869
-0.00640869
-0.00549316
-0.00427246
-0.00305176
-0.00244141
-0.00183105
-0.00122070
-0.00061035
 0.00000000
 0.00030518
-0.00030518
-0.00152588
-0.00335693
-0.00457764
-0.00518799
-0.00518799
-0.00549316
-0.00518799
-0.00457764
-0.00366211
-0.00274658
-0.00183105
-0.00152588
-0.00122070
-0.00152588
-0.00213623
-0.00274658
-0.00396729
-0.00549316
-0.00671387
-0.00732422
-0.00793457
-0.00823975
-0.00793457
-0.00701904
-0.00579834
-0.00457764
-0.00305176
-0.00183105
-0.00122070
-0.00061035
-0.00091553
-0.00122070
-0.00213623
-0.00305176
-0.00396729
-0.00427246
-0.00427246
-0.00366211
-0.00305176
-0.00213623
-0.00152588
-0.00091553
-0.00030518
 0.00091553
 0.00244141
 0.00305176
 0.00244141
 0.00152588
 0.00152588
 0.00122070
 0.00091553
 0.00091553
 0.00091553
 0.00122070
 0.00213623
 0.00305176
 0.00396729
 0.00488281
 0.00579834
 0.00701904
 0.00823975
 0.00854492
 0.00854492
 0.00793457
 0.00732422
 0.00671387
 0.00579834
 0.00518799
 0.00427246
 0.00335693
 0.00366211
 0.00457764
 0.00549316
 0.00671387
 0.00732422
 0.00762939
 0.00793457
 0.00793457
 0.00762939
 0.00701904
 0.00610352
 0.00488281
 0.00427246
 0.00335693
 0.00213623
 0.00152588
 0.00152588
 0.00183105
 0.00244141
 0.00274658
 0.00305176
 0.00366211
 0.00427246
 0.00457764
 0.00457764
 0.00396729
 0.00305176
 0.00213623
 0.00122070
 0.00061035
 0.00061035
 0.00061035
 0.00061035
 0.00030518
-0.00030518
-0.00091553
-0.00122070
-0.00152588
-0.00183105
-0.00244141
-0.00274658
-0.00335693
-0.00457764
-0.00579834
-0.00732422
-0.00854492
-0.00915527
-0.00946045
-0.01007080
-0.01007080
-0.01007080
-0.01007080
-0.00976563
-0.00915527
-0.00915527
-0.00915527
-0.00915527
-0.00946045
-0.00946045
-0.00915527
-0.00946045
-0.00946045
-0.00976563
-0.01068115
-0.01159668
-0.01190186
-0.01190186
-0.01251221
-0.01281738
-0.01281738
-0.01251221
-0.01251221
-0.01281738
-0.01342773
-0.01312256
-0.01251221
-0.01281738
-0.01312256
-0.01281738
-0.01251221
-0.01220703
-0.01159668
-0.01190186
-0.01251221
-0.01342773
-0.01373291
-0.01403809
-0.01434326
-0.01403809
-0.01373291
-0.01403809
-0.01403809
-0.01434326
-0.01342773
-0.01312256
-0.01312256
-0.01312256
-0.01220703
-0.01098633
-0.01037598
-0.01007080
-0.01007080
-0.01007080
-0.00976563
-0.00946045
-0.00915527
-0.00823975
-0.00732422
-0.00610352
-0.00488281
-0.00427246
-0.00396729
-0.00366211
-0.00335693
-0.00335693
-0.00305176
-0.00274658
-0.00244141
-0.00183105
-0.00122070
-0.00091553
-0.00091553
-0.00122070
-0.00061035
 0.00000000
 0.00091553
 0.00183105
 0.00244141
 0.00274658
 0.00244141
 0.00244141
 0.00183105
 0.00122070
 0.00030518
-0.00030518
-0.00030518
-0.00030518
 0.00030518
 0.00091553
 0.00183105
 0.00274658
 0.00335693
 0.00427246
 0.00518799
 0.00549316
 0.00518799
 0.00457764
 0.00427246
 0.00366211
 0.00244141
 0.00244141
 0.00274658
 0.00305176
 0.00335693
 0.00396729
 0.00488281
 0.00610352
 0.00701904
 0.00793457
 0.00823975
 0.00885010
 0.00885010
 0.00823975
 0.00793457
 0.00762939
 0.00732422
 0.00732422
 0.00701904
 0.00701904
 0.00732422
 0.00793457
 0.00885010
 0.00946045
 0.00885010
 0.00854492
 0.00823975
 0.00823975
 0.00762939
 0.00640869
 0.00518799
 0.00488281
 0.00518799
 0.00518799
 0.00488281
 0.00518799
 0.00549316
 0.00640869
 0.00671387
 0.00732422
 0.00793457
 0.00793457
 0.00732422
 0.00610352
 0.00518799
 0.00457764
 0.00457764
 0.00396729
 0.00366211
 0.00396729
 0.00457764
 0.00640869
 0.00823975
 0.00946045
 0.01007080
 0.01068115
 0.01129150
 0.01159668
 0.01098633
 0.00976563
 0.00854492
 0.00732422
 0.00610352
 0.00488281
 0.00488281
 0.00549316
 0.00610352
 0.00671387
 0.00732422
 0.00885010
 0.01007080
 0.01037598
 0.01007080
 0.00976563
 0.00885010
 0.00762939
 0.00671387
 0.00640869
 0.00579834
 0.00549316
 0.00549316
 0.00579834
 0.00610352
 0.00701904
 0.00732422
 0.00701904
 0.00701904
 0.00701904
 0.00701904
 0.00640869
 0.00518799
 0.00396729
 0.00305176
 0.00305176
 0.00274658
 0.00244141
 0.00213623
 0.00274658
 0.00335693
 0.00457764
 0.00549316
 0.00549316
 0.00488281
 0.00335693
 0.00213623
 0.00122070
 0.00061035
 0.00000000
 0.00000000
-0.00030518
-0.00061035
 0.00000000
 0.00061035
 0.00122070
 0.00213623
 0.00335693
 0.00427246
 0.00427246
 0.00366211
 0.00274658
 0.00183105
 0.00030518
-0.00122070
-0.00213623
-0.00274658
-0.00335693
-0.00366211
-0.00366211
-0.00335693
-0.00335693
-0.00244141
-0.00213623
-0.00244141
-0.00305176
-0.00335693
-0.00335693
-0.00396729
-0.00457764
-0.00518799
-0.00518799
-0.00518799
-0.00518799
-0.00518799
-0.00518799
-0.00488281
-0.00396729
-0.00335693
-0.00305176
-0.00274658
-0.00244141
-0.00244141
-0.00335693
-0.00396729
-0.00427246
-0.00457764
-0.00457764
-0.00427246
-0.00366211
-0.00335693
-0.00274658
-0.00213623
-0.00152588
-0.00122070
-0.00183105
-0.00213623
-0.00183105
-0.00183105
-0.00183105
-0.00244141
-0.00305176
-0.00335693
-0.00335693
-0.00335693
-0.00274658
-0.00183105
 0.00000000
 0.00152588
 0.00335693
 0.00427246
 0.00457764
 0.00427246
 0.00366211
 0.00305176
 0.00213623
 0.00152588
 0.00122070
 0.00122070
 0.00122070
 0.00122070
 0.00122070
 0.00183105
 0.00274658
 0.00366211
 0.00427246
 0.00457764
 0.00518799
 0.00518799
 0.00457764
 0.00335693
 0.00213623
 0.00122070
 0.00030518
 0.00000000
-0.00030518
 0.00030518
 0.00091553
 0.00183105
 0.00274658
 0.00335693
 0.00457764
 0.00518799
 0.00549316
 0.00549316
 0.00488281
 0.00396729
 0.00305176
 0.00183105
 0.00030518
-0.00030518
-0.00061035
-0.00030518
 0.00030518
 0.00122070
 0.00244141
 0.00274658
 0.00335693
 0.00305176
 0.00244141
 0.00183105
 0.00091553
-0.00061035
-0.00183105
-0.00305176
-0.00366211
-0.00396729
-0.00396729
-0.00366211
-0.00335693
-0.00305176
-0.00213623
-0.00091553
 0.00000000
 0.00091553
 0.00091553
 0.00061035
-0.00061035
-0.00213623
-0.00366211
-0.00488281
-0.00610352
-0.00701904
-0.00701904
-0.00640869
-0.00579834
-0.00488281
-0.00427246
-0.00427246
-0.00457764
-0.00427246
-0.00427246
-0.00518799
-0.00610352
-0.00732422
-0.00823975
-0.00885010
-0.00915527
-0.00946045
-0.00946045
-0.00946045
-0.00915527
-0.00854492
-0.00762939
-0.00732422
-0.00732422
-0.00762939
-0.00762939
-0.00793457
-0.00823975
-0.00854492
-0.00854492
-0.00823975
-0.00793457
-0.00762939
-0.00793457
-0.00823975
-0.00823975
-0.00762939
-0.00701904
-0.00671387
-0.00640869
-0.00579834
-0.00549316
-0.00549316
-0.00610352
-0.00610352
-0.00579834
-0.00579834
-0.00549316
-0.00518799
-0.00488281
-0.00427246
-0.00396729
-0.00427246
-0.00457764
-0.00396729
-0.00335693
-0.00335693
-0.00305176
-0.00274658
-0.00244141
-0.00244141
-0.00274658
-0.00274658
-0.00274658
-0.00274658
-0.00305176
-0.00335693
-0.00366211
-0.00427246
-0.00396729
-0.00366211
-0.00366211
-0.00396729
-0.00366211
-0.00335693
-0.00366211
-0.00366211
-0.00396729
-0.00396729
-0.00427246
-0.00366211
-0.00335693
-0.00335693
-0.00366211
-0.00366211
-0.00305176
-0.00244141
-0.00183105
-0.00122070
-0.00061035
-0.00061035
-0.00030518
-0.00030518
-0.00061035
-0.00091553
-0.00091553
-0.00091553
-0.00091553
-0.00152588
-0.00213623
-0.00183105
-0.00122070
-0.00091553
-0.00091553
-0.00122070
-0.00091553
-0.00061035
-0.00030518
-0.00030518
-0.00091553
-0.00183105
-0.00213623
-0.00213623
-0.00183105
-0.00152588
-0.00122070
-0.00122070
-0.00091553
-0.00030518
 0.00000000
-0.00030518
 0.00000000
 0.00030518
 0.00061035
 0.00122070
 0.00183105
 0.00183105
 0.00152588
 0.00152588
 0.00152588
 0.00183105
 0.00213623
 0.00213623
 0.00244141
 0.00244141
 0.00274658
 0.00305176
 0.00335693
 0.00366211
 0.00396729
 0.00457764
 0.00427246
 0.00396729
 0.00427246
 0.00518799
 0.00549316
 0.00549316
 0.00579834
 0.00579834
 0.00579834
 0.00549316
 0.00488281
 0.00457764
 0.00457764
 0.00488281
 0.00549316
 0.00610352
 0.00640869
 0.00671387
 0.00732422
 0.00823975
 0.00885010
 0.00915527
 0.00854492
 0.00823975
 0.00823975
 0.00885010
 0.00885010
 0.00854492
 0.00854492
 0.00885010
 0.00976563
 0.01007080
 0.01037598
 0.01098633
 0.01159668
 0.01251221
 0.01281738
 0.01190186
 0.01129150
 0.01037598
 0.00946045
 0.00854492
 0.00823975
 0.00793457
 0.00762939
 0.00701904
 0.00701904
 0.00701904
 0.00701904
 0.00732422
 0.00762939
 0.00762939
 0.00793457
 0.00762939
 0.00793457
 0.00793457
 0.00732422
 0.00610352
 0.00488281
 0.00427246
 0.00366211
 0.00366211
 0.00366211
 0.00335693
 0.00335693
 0.00366211
 0.00396729
 0.00396729
 0.00396729
 0.00366211
 0.00335693
 0.00335693
 0.00305176
 0.00305176
 0.00274658
 0.00244141
 0.00213623
 0.00213623
 0.00183105
 0.00152588
 0.00122070
 0.00183105
 0.00244141
 0.00213623
 0.00183105
 0.00152588
 0.00152588
 0.00183105
 0.00152588
 0.00152588
 0.00091553
 0.00000000
-0.00091553
-0.00091553
-0.00122070
-0.00152588
-0.00152588
-0.00152588
-0.00152588
-0.00152588
-0.00152588
-0.00152588
-0.00213623
-0.00274658
-0.00366211
-0.00457764
-0.00518799
-0.00610352
-0.00701904
-0.00732422
-0.00701904
-0.00640869
-0.00549316
-0.00518799
-0.00488281
-0.00427246
-0.00396729
-0.00366211
-0.00335693
-0.00305176
-0.00366211
-0.00427246
-0.00427246
-0.00427246
-0.00457764
-0.00457764
-0.00457764
-0.00396729
-0.00335693
-0.00305176
-0.00305176
-0.00305176
-0.00305176
-0.00335693
-0.00366211
-0.00366211
-0.00335693
-0.00335693
-0.00366211
-0.00396729
-0.00488281
-0.00549316
-0.00579834
-0.00610352
-0.00579834
-0.00518799
-0.00366211
-0.00244141
-0.00152588
-0.00061035
 0.00000000
 0.00030518
 0.00000000
-0.00061035
-0.00122070
-0.00152588
-0.00213623
-0.00305176
-0.00366211
-0.00396729
-0.00427246
-0.00457764
-0.00488281
-0.00518799
-0.00488281
-0.00396729
-0.00305176
-0.00213623
-0.00152588
-0.00183105
-0.00244141
-0.00274658
-0.00305176
-0.00396729
-0.00427246
-0.00488281
-0.00518799
-0.00518799
-0.00488281
-0.00427246
-0.00396729
-0.00305176
-0.00213623
-0.00122070
-0.00061035
 0.00061035
 0.00091553
 0.00061035
 0.00000000
-0.00061035
-0.00152588
-0.00244141
-0.00335693
-0.00366211
-0.00335693
-0.00274658
-0.00152588
-0.00061035
 0.00030518
 0.00122070
 0.00091553
 0.00061035
 0.00030518
-0.00030518
-0.00122070
-0.00213623
-0.00305176
-0.00366211
-0.00427246
-0.00457764
-0.00457764
-0.00396729
-0.00335693
-0.00213623
-0.00091553
 0.00000000
 0.00030518
 0.00061035
 0.00000000
-0.00030518
-0.00061035
-0.00122070
-0.00213623
-0.00274658
-0.00305176
-0.00274658
-0.00213623
-0.00183105
-0.00122070
-0.00030518
 0.00030518
 0.00091553
 0.00152588
 0.00213623
 0.00244141
 0.00244141
 0.00183105
 0.00091553
 0.00030518
-0.00030518
-0.00091553
-0.00091553
-0.00122070
-0.00152588
-0.00091553
 0.00030518
 0.00122070
 0.00122070
 0.00091553
 0.00091553
 0.00091553
 0.00030518
 0.00000000
 0.00000000
-0.00030518
