-0.00030518
-0.00030518
-0.00030518
 0.00030518
 0.00030518
 0.00030518
 0.00030518
 0.00061035
 0.00061035
 0.00091553
 0.00061035
 0.00000000
 0.00030518
 0.00091553
 0.00091553
 0.00061035
 0.00030518
 0.00000000
 0.00030518
 0.00030518
 0.00030518
-0.00061035
-0.00091553
-0.00061035
-0.00030518
 0.00030518
 0.00030518
 0.00030518
 0.00000000
 0.00000000
 0.00000000
 0.00030518
 0.00030518
 0.00030518
 0.00000000
-0.00030518
-0.00030518
 0.00000000
 0.00030518
 0.00030518
 0.00030518
 0.00030518
 0.00030518
 0.00030518
 0.00061035
 0.00091553
 0.00091553
 0.00061035
 0.00030518
 0.00061035
 0.00030518
 0.00000000
 0.00000000
 0.00000000
 0.00030518
 0.00000000
 0.00030518
 0.00061035
 0.00091553
 0.00061035
 0.00030518
 0.00030518
 0.00061035
 0.00061035
 0.00061035
 0.00030518
 0.00030518
 0.00000000
-0.00030518
 0.00000000
 0.00000000
 0.00030518
 0.00061035
 0.00091553
 0.00091553
 0.00030518
 0.00030518
 0.00061035
 0.00061035
 0.00061035
 0.00030518
 0.00030518
 0.00030518
 0.00030518
 0.00030518
 0.00000000
 0.00000000
 0.00030518
 0.00030518
 0.00091553
 0.00122070
 0.00091553
 0.00061035
 0.00122070
 0.00335693
 0.00762939
 0.01434326
 0.02258301
 0.02746582
 0.02258301
 0.00488281
-0.01922607
-0.03631592
-0.03814697
-0.02777100
-0.02014160
-0.04272461
-0.10620117
-0.16143799
-0.16296387
-0.12329102
-0.06591797
-0.00671387
 0.04791260
 0.08758545
 0.09002686
 0.02319336
-0.06561279
-0.11352539
-0.13763428
-0.16326904
-0.16296387
-0.10772705
-0.01434326
 0.08087158
 0.14434814
 0.15136719
 0.08300781
-0.00488281
-0.03021240
 0.02532959
 0.12542725
 0.19592285
 0.19897461
 0.16204834
 0.10864258
 0.01068115
-0.13610840
-0.21179199
-0.16937256
-0.05676270
 0.06622314
 0.16082764
 0.20751953
 0.20782471
 0.16174316
 0.04791260
-0.11596680
-0.22705078
-0.21697998
-0.11871338
-0.02044678
 0.01525879
 0.00244141
-0.03143311
-0.11657715
-0.24017334
-0.29144287
-0.22064209
-0.07904053
 0.05187988
 0.13977051
 0.17791748
 0.16143799
 0.07751465
-0.04699707
-0.14739990
-0.18646240
-0.16693115
-0.09735107
-0.00701904
 0.07019043
 0.12634277
 0.16906738
 0.20080566
 0.19134521
 0.13885498
 0.12878418
 0.19805908
 0.30029297
 0.32745361
 0.23864746
 0.11871338
 0.01434326
-0.05371094
-0.09979248
-0.10040283
-0.02593994
 0.12207031
 0.32989502
 0.41931152
 0.35034180
 0.25238037
 0.10650635
-0.02166748
-0.09552002
-0.12420654
-0.10223389
-0.04455566
-0.00579834
-0.04669189
-0.18218994
-0.32592773
-0.35552979
-0.30242920
-0.23193359
-0.10711670
 0.11444092
 0.41412354
 0.65612793
 0.69091797
 0.50628662
 0.30609131
 0.06195068
-0.18035889
-0.35308838
-0.44860840
-0.44616699
-0.34667969
-0.21575928
-0.10284424
-0.03997803
 0.00671387
 0.08117676
 0.21209717
 0.40466309
 0.55816650
 0.59143066
 0.46264648
 0.23712158
-0.15747070
-0.54718018
-0.74615479
-0.72326660
-0.51208496
-0.22918701
 0.03234863
 0.31768799
 0.44921875
 0.44677734
 0.37628174
 0.30029297
 0.16113281
 0.02746582
-0.07385254
-0.19256592
-0.34729004
-0.51544189
-0.61370850
-0.58715820
-0.45806885
-0.30914307
-0.10406494
 0.13732910
 0.39550781
 0.44433594
 0.33477783
 0.18157959
 0.02044678
-0.08422852
-0.14038086
-0.17272949
-0.18920898
-0.19744873
-0.19805908
-0.19104004
-0.17639160
-0.14221191
-0.07110596
 0.04302979
 0.17547607
 0.33142090
 0.40893555
 0.41656494
 0.35736084
 0.22247314
-0.00274658
-0.16387939
-0.23345947
-0.24261475
-0.18981934
-0.07385254
 0.07171631
 0.19775391
 0.27648926
 0.29479980
 0.23101807
 0.09399414
-0.04455566
-0.13916016
-0.22277832
-0.31494141
-0.38757324
-0.40252686
-0.34240723
-0.26641846
-0.16815186
-0.05035400
 0.09155273
 0.24322510
 0.38116455
 0.45471191
 0.44769287
 0.36590576
 0.19805908
-0.08087158
-0.36071777
-0.59692383
-0.71960449
-0.69854736
-0.54809570
-0.33508301
-0.10314941
 0.17303467
 0.44799805
 0.58258057
 0.59020996
 0.48675537
 0.34362793
 0.15197754
-0.08331299
-0.30975342
-0.51971436
-0.64270020
-0.64239502
-0.55053711
-0.40466309
-0.27801514
-0.08514404
 0.09429932
 0.21026611
 0.25054932
 0.24688721
 0.19989014
 0.11749268
 0.02166748
-0.06500244
-0.13397217
-0.19531250
-0.26550293
-0.33233643
-0.37384033
-0.36682129
-0.31188965
-0.22613525
-0.10620117
 0.01312256
 0.10986328
 0.17730713
 0.21148682
 0.19470215
 0.12207031
 0.04302979
-0.00488281
-0.03967285
-0.07720947
-0.11535645
-0.14678955
-0.16662598
-0.16998291
-0.15777588
-0.13732910
-0.11016846
-0.06988525
-0.01007080
 0.06530762
 0.13885498
 0.18890381
 0.19653320
 0.14343262
 0.04547119
-0.06866455
-0.17028809
-0.22857666
-0.22827148
-0.18127441
-0.10253906
-0.01098633
 0.07324219
 0.13336182
 0.16601563
 0.17089844
 0.15167236
 0.13061523
 0.11322021
 0.07781982
 0.00762939
-0.08605957
-0.16479492
-0.20599365
-0.21057129
-0.18249512
-0.11657715
-0.00335693
 0.14617920
 0.32745361
 0.44158936
 0.47668457
 0.46081543
 0.41351318
 0.34149170
 0.24353027
 0.15563965
 0.07568359
 0.00610352
-0.03723145
-0.04180908
-0.00823975
 0.06134033
 0.16448975
 0.30364990
 0.42266846
 0.47851563
 0.48248291
 0.44616699
 0.38940430
 0.31097412
 0.21789551
 0.12451172
 0.02929688
-0.05218506
-0.10345459
-0.11840820
-0.10620117
-0.07598877
-0.03082275
 0.02868652
 0.09887695
 0.16967773
 0.22918701
 0.26641846
 0.25421143
 0.18157959
 0.08178711
-0.01373291
-0.10131836
-0.17608643
-0.22338867
-0.23376465
-0.20599365
-0.14190674
-0.05065918
 0.04943848
 0.13732910
 0.19500732
 0.21118164
 0.17150879
 0.10437012
 0.05828857
 0.03814697
 0.02105713
-0.00854492
-0.05554199
-0.10833740
-0.14862061
-0.16754150
-0.16357422
-0.13702393
-0.09399414
-0.04119873
 0.01373291
 0.06561279
 0.11047363
 0.14312744
 0.15411377
 0.14617920
 0.13000488
 0.11047363
 0.08544922
 0.05340576
 0.01708984
-0.01861572
-0.04913330
-0.07110596
-0.08239746
-0.08483887
-0.08056641
-0.07263184
-0.06256104
-0.04943848
-0.02899170
 0.00213623
 0.03936768
 0.07141113
 0.07904053
 0.04302979
-0.02685547
-0.10162354
-0.16143799
-0.19989014
-0.21362305
-0.20263672
-0.17059326
-0.11993408
-0.05279541
 0.02593994
 0.10620117
 0.17517090
 0.22491455
 0.23742676
 0.18524170
 0.08819580
-0.00915527
-0.09094238
-0.16265869
-0.21972656
-0.25390625
-0.25909424
-0.23437500
-0.18218994
-0.10803223
-0.02075195
 0.06805420
 0.14434814
 0.19927979
 0.22918701
 0.21453857
 0.16113281
 0.10101318
 0.04608154
-0.00946045
-0.05706787
-0.08331299
-0.08178711
-0.05371094
-0.00579834
 0.05615234
 0.12298584
 0.18493652
 0.23406982
 0.25695801
 0.23437500
 0.17700195
 0.11291504
 0.05218506
-0.00549316
-0.05065918
-0.07629395
-0.08270264
-0.07629395
-0.06256104
-0.04425049
-0.02014160
 0.01098633
 0.04577637
 0.07507324
 0.08422852
 0.06042480
 0.00854492
-0.05645752
-0.12268066
-0.18005371
-0.21789551
-0.22918701
-0.21514893
-0.18157959
-0.13702393
-0.09002686
-0.04791260
-0.01922607
-0.01831055
-0.04486084
-0.08026123
-0.11505127
-0.15136719
-0.18920898
-0.22247314
-0.24597168
-0.25665283
-0.25329590
-0.23559570
-0.20416260
-0.16204834
-0.11352539
-0.06347656
-0.01770020
 0.01586914
 0.02288818
 0.00030518
-0.03601074
-0.07324219
-0.11138916
-0.14648438
-0.16845703
-0.17211914
-0.15777588
-0.13031006
-0.09552002
-0.05859375
-0.02563477
-0.00305176
 0.00946045
 0.01831055
 0.02777100
 0.03509521
 0.03387451
 0.01770020
-0.01068115
-0.04333496
-0.07110596
-0.08911133
-0.09429932
-0.08819580
-0.07385254
-0.05432129
-0.03356934
-0.01434326
-0.00030518
 0.00732422
 0.01007080
 0.01037598
 0.00701904
-0.00244141
-0.02105713
-0.05004883
-0.08728027
-0.12664795
-0.16021729
-0.17883301
-0.17761230
-0.15686035
-0.12115479
-0.07812500
-0.03509521
 0.00091553
 0.02014160
 0.01953125
 0.01190186
 0.00762939
 0.00549316
-0.00030518
-0.01220703
-0.02655029
-0.03845215
-0.04516602
-0.04547119
-0.03784180
-0.02227783
 0.00061035
 0.02838135
 0.05706787
 0.08087158
 0.09094238
 0.08239746
 0.06195068
 0.04119873
 0.02990723
 0.03173828
 0.04821777
 0.07690430
 0.11444092
 0.15594482
 0.19744873
 0.23254395
 0.25329590
 0.25421143
 0.23986816
 0.21606445
 0.18707275
 0.15502930
 0.12634277
 0.10528564
 0.09368896
 0.09094238
 0.09521484
 0.10498047
 0.11901855
 0.13763428
 0.15930176
 0.18157959
 0.19805908
 0.20263672
 0.19195557
 0.16906738
 0.13885498
 0.10711670
 0.07751465
 0.05371094
 0.03875732
 0.03295898
 0.03631592
 0.04638672
 0.05889893
 0.06835938
 0.07141113
 0.06866455
 0.06378174
 0.05859375
 0.05218506
 0.04119873
 0.02319336
-0.00152588
-0.02807617
-0.04974365
-0.06103516
-0.05889893
-0.04394531
-0.01953125
 0.00946045
 0.03753662
 0.06103516
 0.07781982
 0.08972168
 0.09857178
 0.10253906
 0.09918213
 0.08636475
 0.06591797
 0.04211426
 0.01983643
 0.00335693
-0.00518799
-0.00427246
 0.00610352
 0.02441406
 0.04852295
 0.07385254
 0.09552002
 0.10894775
 0.11260986
 0.10864258
 0.09979248
 0.08636475
 0.06835938
 0.04791260
 0.02746582
 0.01068115
 0.00152588
 0.00152588
 0.00976563
 0.02288818
 0.03601074
 0.04302979
 0.03936768
 0.02410889
 0.00000000
-0.03051758
-0.06530762
-0.10284424
-0.14099121
-0.17608643
-0.20599365
-0.22766113
-0.23834229
-0.23773193
-0.22796631
-0.21240234
-0.19439697
-0.17883301
-0.16998291
-0.16937256
-0.17608643
-0.18798828
-0.20202637
-0.21423340
-0.22033691
-0.21942139
-0.21209717
-0.19927979
-0.18280029
-0.16296387
-0.13885498
-0.10955811
-0.07446289
-0.03570557
 0.00335693
 0.03753662
 0.05767822
 0.05889893
 0.04394531
 0.02349854
 0.00396729
-0.01159668
-0.02197266
-0.02593994
-0.02349854
-0.01464844
 0.00000000
 0.01892090
 0.03997803
 0.06103516
 0.07934570
 0.09246826
 0.09887695
 0.09704590
 0.08697510
 0.07049561
 0.05065918
 0.03112793
 0.01525879
 0.00488281
 0.00091553
 0.00152588
 0.00457764
 0.00915527
 0.01525879
 0.02258301
 0.03082275
 0.03875732
 0.04364014
 0.04241943
 0.03326416
 0.01739502
-0.00183105
-0.02105713
-0.03723145
-0.04821777
-0.05310059
-0.05310059
-0.04882813
-0.04150391
-0.03234863
-0.02227783
-0.01342773
-0.00854492
-0.00976563
-0.01800537
-0.03204346
-0.04821777
-0.06378174
-0.07568359
-0.08239746
-0.08148193
-0.07202148
-0.05493164
-0.03234863
-0.00793457
 0.01556396
 0.03540039
 0.05096436
 0.06286621
 0.07324219
 0.08087158
 0.08392334
 0.07965088
 0.06683350
 0.04852295
 0.02929688
 0.01281738
 0.00213623
-0.00122070
 0.00366211
 0.01434326
 0.02868652
 0.04241943
 0.05249023
 0.05767822
 0.05615234
 0.04852295
 0.03479004
 0.01525879
-0.00946045
-0.03662109
-0.06256104
-0.08331299
-0.09704590
-0.10162354
-0.09613037
-0.08209229
-0.06225586
-0.04058838
-0.02166748
-0.00885010
-0.00305176
-0.00183105
-0.00305176
-0.00518799
-0.00976563
-0.01708984
-0.02624512
-0.03570557
-0.04241943
-0.04394531
-0.03662109
-0.02105713
 0.00244141
 0.02990723
 0.05798340
 0.08239746
 0.10009766
 0.11169434
 0.11901855
 0.12329102
 0.12390137
 0.12084961
 0.11474609
 0.10742188
 0.10314941
 0.10498047
 0.11474609
 0.13214111
 0.15502930
 0.18005371
 0.20233154
 0.21789551
 0.22399902
 0.22064209
 0.21087646
 0.19683838
 0.18218994
 0.16876221
 0.15655518
 0.14465332
 0.13305664
 0.12268066
 0.11505127
 0.11138916
 0.11138916
 0.11474609
 0.11871338
 0.12054443
 0.11627197
 0.10437012
 0.08483887
 0.06072998
 0.03326416
 0.00396729
-0.02593994
-0.05493164
-0.08178711
-0.10253906
-0.11627197
-0.12084961
-0.11688232
-0.10528564
-0.08880615
-0.07232666
-0.06103516
-0.05889893
-0.06744385
-0.08331299
-0.10345459
-0.12390137
-0.14221191
-0.15441895
-0.16021729
-0.15899658
-0.15167236
-0.14038086
-0.12695313
-0.11230469
-0.09765625
-0.08422852
-0.07537842
-0.07293701
-0.07812500
-0.09033203
-0.10498047
-0.11718750
-0.12390137
-0.12420654
-0.11779785
-0.10589600
-0.08880615
-0.06927490
-0.04791260
-0.02593994
-0.00457764
 0.01434326
 0.02746582
 0.03265381
 0.02990723
 0.02075195
 0.00762939
-0.00579834
-0.01678467
-0.02288818
-0.02197266
-0.01464844
-0.00152588
 0.01434326
 0.03082275
 0.04608154
 0.05737305
 0.06408691
 0.06530762
 0.06164551
 0.05279541
 0.03845215
 0.01892090
-0.00335693
-0.02502441
-0.04486084
-0.06042480
-0.07141113
-0.07873535
-0.08331299
-0.08666992
-0.09033203
-0.09460449
-0.10009766
-0.10650635
-0.11413574
-0.12390137
-0.13549805
-0.14770508
-0.15777588
-0.16418457
-0.16479492
-0.15869141
-0.14648438
-0.12847900
-0.10620117
-0.08148193
-0.05523682
-0.02960205
-0.00671387
 0.01251221
 0.02777100
 0.03997803
 0.04974365
 0.05828857
 0.06561279
 0.07202148
 0.07873535
 0.08819580
 0.10070801
 0.11657715
 0.13366699
 0.15045166
 0.16387939
 0.17242432
 0.17547607
 0.17486572
 0.17242432
 0.16906738
 0.16387939
 0.15716553
 0.14770508
 0.13671875
 0.12390137
 0.11169434
 0.10070801
 0.09155273
 0.08453369
 0.07904053
 0.07354736
 0.06683350
 0.05798340
 0.04638672
 0.03112793
 0.01251221
-0.00823975
-0.02838135
-0.04669189
-0.06256104
-0.07537842
-0.08544922
-0.09246826
-0.09613037
-0.09735107
-0.09582520
-0.09338379
-0.09094238
-0.09002686
-0.09246826
-0.09765625
-0.10345459
-0.10833740
-0.11169434
-0.11260986
-0.11199951
-0.11016846
-0.10650635
-0.10162354
-0.09521484
-0.08819580
-0.07995605
-0.07080078
-0.06103516
-0.05279541
-0.04608154
-0.04211426
-0.03997803
-0.03936768
-0.03997803
-0.04241943
-0.04455566
-0.04638672
-0.04669189
-0.04577637
-0.04364014
-0.04119873
-0.03753662
-0.03387451
-0.02960205
-0.02593994
-0.02380371
-0.02532959
-0.02899170
-0.03326416
-0.03723145
-0.03967285
-0.03845215
-0.03509521
-0.02990723
-0.02441406
-0.01953125
-0.01495361
-0.01068115
-0.00579834
-0.00061035
 0.00518799
 0.01068115
 0.01464844
 0.01617432
 0.01495361
 0.01159668
 0.00610352
-0.00091553
-0.00915527
-0.01739502
-0.02502441
-0.03112793
-0.03570557
-0.03814697
-0.03753662
-0.03509521
-0.03173828
-0.02807617
-0.02380371
-0.01892090
-0.01434326
-0.00976563
-0.00427246
 0.00274658
 0.01037598
 0.01953125
 0.02899170
 0.03936768
 0.04943848
 0.05920410
 0.06835938
 0.07843018
 0.08972168
 0.10223389
 0.11535645
 0.12695313
 0.13702393
 0.14495850
 0.15197754
 0.15808105
 0.16296387
 0.16571045
 0.16723633
 0.16723633
 0.16754150
 0.16845703
 0.16998291
 0.17333984
 0.17913818
 0.18707275
 0.19622803
 0.20629883
 0.21545410
 0.22338867
 0.22918701
 0.23223877
 0.23162842
 0.22796631
 0.22033691
 0.20965576
 0.19683838
 0.18218994
 0.16571045
 0.14770508
 0.13000488
 0.11383057
 0.09918213
 0.08666992
 0.07598877
 0.06622314
 0.05615234
 0.04516602
 0.03265381
 0.01861572
 0.00244141
-0.01617432
-0.03692627
-0.05920410
-0.08087158
-0.10040283
-0.11627197
-0.12725830
-0.13214111
-0.13214111
-0.12817383
-0.12084961
-0.11230469
-0.10345459
-0.09674072
-0.09277344
-0.09246826
-0.09429932
-0.09765625
-0.10162354
-0.10620117
-0.11016846
-0.11291504
-0.11260986
-0.10986328
-0.10284424
-0.09155273
-0.07720947
-0.06103516
-0.04608154
-0.03387451
-0.02563477
-0.02105713
-0.02044678
-0.02258301
-0.02624512
-0.03051758
-0.03601074
-0.04180908
-0.04608154
-0.04821777
-0.04821777
-0.04547119
-0.04089355
-0.03540039
-0.03021240
-0.02746582
-0.02807617
-0.03234863
-0.03936768
-0.04882813
-0.05950928
-0.06958008
-0.07843018
-0.08575439
-0.09094238
-0.09429932
-0.09613037
-0.09552002
-0.09277344
-0.08911133
-0.08483887
-0.08026123
-0.07659912
-0.07507324
-0.07659912
-0.08117676
-0.08850098
-0.09674072
-0.10467529
-0.11016846
-0.11383057
-0.11505127
-0.11260986
-0.10559082
-0.09460449
-0.07995605
-0.06378174
-0.04638672
-0.03112793
-0.01892090
-0.00976563
-0.00427246
-0.00091553
 0.00122070
 0.00244141
 0.00335693
 0.00488281
 0.00854492
 0.01464844
 0.02319336
 0.03387451
 0.04669189
 0.06072998
 0.07476807
 0.08697510
 0.09765625
 0.10498047
 0.10833740
 0.10742188
 0.10253906
 0.09490967
 0.08636475
 0.07812500
 0.07080078
 0.06500244
 0.06103516
 0.05920410
 0.05981445
 0.06286621
 0.06713867
 0.07110596
 0.07354736
 0.07324219
 0.06896973
 0.06195068
 0.05218506
 0.04028320
 0.02746582
 0.01464844
 0.00335693
-0.00579834
-0.01220703
-0.01556396
-0.01647949
-0.01556396
-0.01342773
-0.01007080
-0.00610352
-0.00244141
 0.00000000
 0.00061035
-0.00061035
-0.00396729
-0.00823975
-0.01220703
-0.01464844
-0.01556396
-0.01525879
-0.01403809
-0.01190186
-0.00885010
-0.00518799
-0.00061035
 0.00427246
 0.00885010
 0.01190186
 0.01220703
 0.01007080
 0.00671387
 0.00213623
-0.00183105
-0.00457764
-0.00549316
-0.00457764
-0.00213623
 0.00152588
 0.00579834
 0.01068115
 0.01525879
 0.01953125
 0.02319336
 0.02655029
 0.02899170
 0.03112793
 0.03234863
 0.03295898
 0.03295898
 0.03204346
 0.03021240
 0.02807617
 0.02593994
 0.02349854
 0.02044678
 0.01739502
 0.01464844
 0.01251221
 0.01159668
 0.01190186
 0.01190186
 0.01159668
 0.01098633
 0.00976563
 0.00793457
 0.00610352
 0.00457764
 0.00244141
-0.00152588
-0.00549316
-0.01007080
-0.01434326
-0.01800537
-0.02075195
-0.02258301
-0.02288818
-0.02258301
-0.02197266
-0.02136230
-0.01953125
-0.01708984
-0.01556396
-0.01403809
-0.01281738
-0.01251221
-0.01251221
-0.01342773
-0.01464844
-0.01586914
-0.01617432
-0.01586914
-0.01434326
-0.01220703
-0.00823975
-0.00244141
 0.00457764
 0.01129150
 0.01739502
 0.02227783
 0.02593994
 0.02807617
 0.02929688
 0.03021240
 0.03021240
 0.02929688
 0.02777100
 0.02532959
 0.02197266
 0.01800537
 0.01373291
 0.00976563
 0.00640869
 0.00488281
 0.00457764
 0.00427246
 0.00335693
 0.00152588
-0.00122070
-0.00549316
-0.01129150
-0.01739502
-0.02319336
-0.02868652
-0.03326416
-0.03753662
-0.04119873
-0.04333496
-0.04425049
-0.04302979
-0.04119873
-0.03936768
-0.03753662
-0.03601074
-0.03509521
-0.03479004
-0.03509521
-0.03601074
-0.03692627
-0.03753662
-0.03784180
-0.03753662
-0.03753662
-0.03723145
-0.03601074
-0.03448486
-0.03265381
-0.03143311
-0.03051758
-0.02929688
-0.02838135
-0.02807617
-0.02777100
-0.02868652
-0.03021240
-0.03326416
-0.03662109
-0.03936768
-0.04089355
-0.04028320
-0.03784180
-0.03387451
-0.02746582
-0.01983643
-0.01129150
-0.00396729
 0.00183105
 0.00671387
 0.01037598
 0.01251221
 0.01312256
 0.01159668
 0.00823975
 0.00335693
-0.00244141
-0.00762939
-0.01129150
-0.01220703
-0.01159668
-0.00854492
-0.00366211
 0.00213623
 0.00762939
 0.01281738
 0.01739502
 0.02075195
 0.02227783
 0.02197266
 0.01953125
 0.01556396
 0.01129150
 0.00762939
 0.00518799
 0.00488281
 0.00701904
 0.01098633
 0.01708984
 0.02380371
 0.03082275
 0.03631592
 0.04089355
 0.04364014
 0.04394531
 0.04211426
 0.03784180
 0.03234863
 0.02563477
 0.01831055
 0.01068115
 0.00518799
 0.00122070
 0.00000000
 0.00122070
 0.00518799
 0.01098633
 0.01831055
 0.02593994
 0.03356934
 0.03997803
 0.04425049
 0.04638672
 0.04638672
 0.04425049
 0.04058838
 0.03692627
 0.03387451
 0.03112793
 0.02990723
 0.03051758
 0.03295898
 0.03601074
 0.03967285
 0.04364014
 0.04730225
 0.04913330
 0.04852295
 0.04547119
 0.04028320
 0.03234863
 0.02349854
 0.01373291
 0.00396729
-0.00457764
-0.01190186
-0.01708984
-0.02014160
-0.02105713
-0.02075195
-0.01953125
-0.01861572
-0.01831055
-0.01861572
-0.02044678
-0.02380371
-0.02899170
-0.03509521
-0.04180908
-0.04882813
-0.05462646
-0.05798340
-0.05920410
-0.05828857
-0.05493164
-0.05004883
-0.04547119
-0.04089355
-0.03662109
-0.03387451
-0.03265381
-0.03265381
-0.03387451
-0.03662109
-0.03997803
-0.04364014
-0.04638672
-0.04760742
-0.04577637
-0.04150391
-0.03509521
-0.02655029
-0.01708984
-0.00732422
 0.00122070
 0.00915527
 0.01525879
 0.01861572
 0.01953125
 0.01892090
 0.01647949
 0.01342773
 0.01007080
 0.00701904
 0.00579834
 0.00671387
 0.00976563
 0.01434326
 0.01983643
 0.02593994
 0.03234863
 0.03784180
 0.04119873
 0.04180908
 0.04028320
 0.03662109
 0.03204346
 0.02716064
 0.02197266
 0.01770020
 0.01403809
 0.01129150
 0.01037598
 0.01159668
 0.01434326
 0.01831055
 0.02258301
 0.02624512
 0.02868652
 0.03021240
 0.03051758
 0.02929688
 0.02807617
 0.02716064
 0.02655029
 0.02593994
 0.02655029
 0.02838135
 0.03173828
 0.03540039
 0.04058838
 0.04638672
 0.05157471
 0.05584717
 0.05859375
 0.06011963
 0.05981445
 0.05737305
 0.05371094
 0.04913330
 0.04486084
 0.04150391
 0.03875732
 0.03723145
 0.03662109
 0.03662109
 0.03784180
 0.04028320
 0.04302979
 0.04516602
 0.04547119
 0.04394531
 0.04058838
 0.03601074
 0.03173828
 0.02685547
 0.02197266
 0.01800537
 0.01434326
 0.01129150
 0.00854492
 0.00671387
 0.00610352
 0.00701904
 0.00823975
 0.00946045
 0.01037598
 0.00976563
 0.00762939
 0.00396729
-0.00152588
-0.00762939
-0.01464844
-0.02075195
-0.02593994
-0.03021240
-0.03326416
-0.03509521
-0.03601074
-0.03601074
-0.03540039
-0.03417969
-0.03326416
-0.03295898
-0.03326416
-0.03448486
-0.03723145
-0.04058838
-0.04547119
-0.05096436
-0.05584717
-0.06042480
-0.06500244
-0.06835938
-0.07171631
-0.07415771
-0.07568359
-0.07720947
-0.07843018
-0.07995605
-0.08117676
-0.08209229
-0.08300781
-0.08453369
-0.08636475
-0.08850098
-0.09002686
-0.09124756
-0.09185791
-0.09124756
-0.08972168
-0.08819580
-0.08605957
-0.08300781
-0.07904053
-0.07446289
-0.06866455
-0.06195068
-0.05493164
-0.04791260
-0.04089355
-0.03417969
-0.02807617
-0.02288818
-0.01770020
-0.01251221
-0.00732422
-0.00366211
-0.00091553
 0.00183105
 0.00488281
 0.00854492
 0.01251221
 0.01617432
 0.02044678
 0.02410889
 0.02716064
 0.02899170
 0.02929688
 0.02868652
 0.02716064
 0.02410889
 0.02075195
 0.01678467
 0.01251221
 0.00885010
 0.00488281
 0.00152588
-0.00091553
-0.00213623
-0.00274658
-0.00183105
-0.00061035
 0.00000000
 0.00000000
-0.00061035
-0.00213623
-0.00396729
-0.00549316
-0.00701904
-0.00823975
-0.00885010
-0.00885010
-0.00762939
-0.00427246
 0.00091553
 0.00732422
 0.01495361
 0.02258301
 0.02990723
 0.03723145
 0.04394531
 0.04913330
 0.05279541
 0.05432129
 0.05432129
 0.05371094
 0.05249023
 0.05157471
 0.05096436
 0.05096436
 0.05157471
 0.05310059
 0.05493164
 0.05737305
 0.06011963
 0.06164551
 0.06103516
 0.05920410
 0.05615234
 0.05187988
 0.04608154
 0.03997803
 0.03356934
 0.02746582
 0.02258301
 0.01861572
 0.01647949
 0.01586914
 0.01647949
 0.01861572
 0.02136230
 0.02380371
 0.02441406
 0.02319336
 0.02014160
 0.01556396
 0.00946045
 0.00213623
-0.00518799
-0.01190186
-0.01770020
-0.02166748
-0.02380371
-0.02319336
-0.02166748
-0.01861572
-0.01464844
-0.01037598
-0.00732422
-0.00549316
-0.00579834
-0.00762939
-0.01068115
-0.01464844
-0.01953125
-0.02471924
-0.02899170
-0.03143311
-0.03204346
-0.03112793
-0.02929688
-0.02593994
-0.02136230
-0.01678467
-0.01251221
-0.00885010
-0.00640869
-0.00549316
-0.00610352
-0.00854492
-0.01129150
-0.01495361
-0.01831055
-0.02075195
-0.02197266
-0.02197266
-0.01983643
-0.01617432
-0.01098633
-0.00488281
 0.00122070
 0.00701904
 0.01220703
 0.01617432
 0.01861572
 0.01983643
 0.01953125
 0.01800537
 0.01708984
 0.01678467
 0.01678467
 0.01708984
 0.01892090
 0.02197266
 0.02655029
 0.03173828
 0.03662109
 0.04089355
 0.04364014
 0.04455566
 0.04425049
 0.04150391
 0.03692627
 0.03082275
 0.02502441
 0.01922607
 0.01403809
 0.01007080
 0.00732422
 0.00671387
 0.00701904
 0.00854492
 0.00976563
 0.01098633
 0.01220703
 0.01281738
 0.01251221
 0.01098633
 0.00823975
 0.00427246
 0.00030518
-0.00396729
-0.00762939
-0.01068115
-0.01190186
-0.01159668
-0.01037598
-0.00762939
-0.00396729
 0.00000000
 0.00396729
 0.00701904
 0.00885010
 0.01037598
 0.01098633
 0.01068115
 0.00976563
 0.00854492
 0.00732422
 0.00640869
 0.00610352
 0.00671387
 0.00732422
 0.00885010
 0.01098633
 0.01342773
 0.01586914
 0.01831055
 0.02044678
 0.02227783
 0.02227783
 0.02136230
 0.02014160
 0.01831055
 0.01617432
 0.01312256
 0.00976563
 0.00640869
 0.00366211
 0.00122070
-0.00183105
-0.00427246
-0.00610352
-0.00762939
-0.00915527
-0.01068115
-0.01281738
-0.01556396
-0.01922607
-0.02288818
-0.02685547
-0.03112793
-0.03570557
-0.04028320
-0.04333496
-0.04516602
-0.04638672
-0.04730225
-0.04730225
-0.04669189
-0.04516602
-0.04394531
-0.04302979
-0.04211426
-0.04211426
-0.04272461
-0.04364014
-0.04516602
-0.04699707
-0.04882813
-0.05035400
-0.05126953
-0.05126953
-0.05035400
-0.04913330
-0.04730225
-0.04455566
-0.04150391
-0.03845215
-0.03570557
-0.03326416
-0.03112793
-0.02899170
-0.02746582
-0.02685547
-0.02563477
-0.02380371
-0.02227783
-0.02044678
-0.01861572
-0.01617432
-0.01342773
-0.01068115
-0.00732422
-0.00396729
-0.00122070
 0.00061035
 0.00213623
 0.00396729
 0.00518799
 0.00579834
 0.00579834
 0.00579834
 0.00610352
 0.00579834
 0.00579834
 0.00640869
 0.00701904
 0.00732422
 0.00793457
 0.00885010
 0.01068115
 0.01190186
 0.01190186
 0.01159668
 0.01129150
 0.01037598
 0.00976563
 0.00885010
 0.00762939
 0.00640869
 0.00457764
 0.00396729
 0.00366211
 0.00335693
 0.00305176
 0.00274658
 0.00213623
 0.00152588
 0.00152588
 0.00213623
 0.00274658
 0.00335693
 0.00457764
 0.00549316
 0.00640869
 0.00732422
 0.00732422
 0.00701904
 0.00671387
 0.00671387
 0.00762939
 0.00915527
 0.01129150
 0.01434326
 0.01800537
 0.02166748
 0.02532959
 0.02929688
 0.03326416
 0.03723145
 0.03967285
 0.04211426
 0.04394531
 0.04516602
 0.04577637
 0.04669189
 0.04760742
 0.04760742
 0.04730225
 0.04730225
 0.04821777
 0.04913330
 0.05035400
 0.05096436
 0.05096436
 0.05004883
 0.04821777
 0.04608154
 0.04333496
 0.04028320
 0.03723145
 0.03417969
 0.03112793
 0.02746582
 0.02380371
 0.02075195
 0.01831055
 0.01586914
 0.01403809
 0.01251221
 0.01068115
 0.00823975
 0.00488281
 0.00061035
-0.00366211
-0.00762939
-0.01129150
-0.01464844
-0.01770020
-0.02044678
-0.02227783
-0.02319336
-0.02349854
-0.02258301
-0.02136230
-0.02014160
-0.01983643
-0.02014160
-0.02075195
-0.02258301
-0.02471924
-0.02746582
-0.02960205
-0.03173828
-0.03387451
-0.03540039
-0.03601074
-0.03631592
-0.03540039
-0.03356934
-0.03112793
-0.02807617
-0.02532959
-0.02319336
-0.02105713
-0.01983643
-0.01953125
-0.01953125
-0.02044678
-0.02136230
-0.02227783
-0.02258301
-0.02288818
-0.02288818
-0.02197266
-0.02075195
-0.01922607
-0.01708984
-0.01586914
-0.01464844
-0.01342773
-0.01281738
-0.01281738
-0.01373291
-0.01464844
-0.01647949
-0.01861572
-0.02044678
-0.02197266
-0.02349854
-0.02380371
-0.02380371
-0.02319336
-0.02227783
-0.02075195
-0.01892090
-0.01678467
-0.01525879
-0.01525879
-0.01556396
-0.01647949
-0.01770020
-0.01983643
-0.02227783
-0.02532959
-0.02777100
-0.02990723
-0.03112793
-0.03143311
-0.03082275
-0.02990723
-0.02899170
-0.02777100
-0.02593994
-0.02441406
-0.02258301
-0.02105713
-0.02044678
-0.02044678
-0.02105713
-0.02136230
-0.02136230
-0.02075195
-0.02014160
-0.01861572
-0.01678467
-0.01403809
-0.01159668
-0.00915527
-0.00640869
-0.00335693
 0.00000000
 0.00274658
 0.00549316
 0.00701904
 0.00793457
 0.00885010
 0.00976563
 0.01007080
 0.01068115
 0.01159668
 0.01251221
 0.01281738
 0.01342773
 0.01403809
 0.01434326
 0.01495361
 0.01586914
 0.01647949
 0.01647949
 0.01678467
 0.01678467
 0.01586914
 0.01525879
 0.01525879
 0.01495361
 0.01464844
 0.01342773
 0.01220703
 0.01068115
 0.00915527
 0.00762939
 0.00610352
 0.00457764
 0.00366211
 0.00244141
 0.00061035
-0.00122070
-0.00183105
-0.00213623
-0.00305176
-0.00366211
-0.00396729
-0.00396729
-0.00335693
-0.00244141
-0.00152588
-0.00030518
 0.00122070
 0.00335693
 0.00518799
 0.00732422
 0.00976563
 0.01220703
 0.01434326
 0.01617432
 0.01770020
 0.01922607
 0.02014160
 0.02166748
 0.02349854
 0.02532959
 0.02746582
 0.02990723
 0.03265381
 0.03570557
 0.03875732
 0.04119873
 0.04425049
 0.04699707
 0.04913330
 0.05096436
 0.05249023
 0.05371094
 0.05401611
 0.05371094
 0.05340576
 0.05340576
 0.05371094
 0.05462646
 0.05554199
 0.05676270
 0.05798340
 0.05798340
 0.05737305
 0.05676270
 0.05554199
 0.05371094
 0.05096436
 0.04821777
 0.04516602
 0.04211426
 0.03845215
 0.03448486
 0.03082275
 0.02716064
 0.02410889
 0.02197266
 0.02075195
 0.02014160
 0.01922607
 0.01892090
 0.01770020
 0.01678467
 0.01586914
 0.01556396
 0.01434326
 0.01312256
 0.01251221
 0.01159668
 0.01037598
 0.00854492
 0.00732422
 0.00640869
 0.00610352
 0.00701904
 0.00823975
 0.00946045
 0.01098633
 0.01281738
 0.01464844
 0.01556396
 0.01556396
 0.01525879
 0.01403809
 0.01281738
 0.01190186
 0.01068115
 0.00885010
 0.00762939
 0.00701904
 0.00610352
 0.00488281
 0.00366211
 0.00335693
 0.00366211
 0.00488281
 0.00579834
 0.00579834
 0.00427246
 0.00244141
 0.00061035
-0.00213623
-0.00549316
-0.00976563
-0.01403809
-0.01800537
-0.02136230
-0.02410889
-0.02655029
-0.02777100
-0.02899170
-0.03021240
-0.03082275
-0.03234863
-0.03295898
-0.03387451
-0.03509521
-0.03753662
-0.04058838
-0.04425049
-0.04791260
-0.05096436
-0.05279541
-0.05493164
-0.05584717
-0.05645752
-0.05584717
-0.05493164
-0.05340576
-0.05218506
-0.05126953
-0.05035400
-0.04943848
-0.04852295
-0.04852295
-0.04913330
-0.05065918
-0.05218506
-0.05401611
-0.05554199
-0.05615234
-0.05493164
-0.05310059
-0.05096436
-0.04882813
-0.04669189
-0.04486084
-0.04302979
-0.04150391
-0.04058838
-0.04028320
-0.04089355
-0.04119873
-0.04119873
-0.04119873
-0.04089355
-0.04028320
-0.03936768
-0.03784180
-0.03601074
-0.03387451
-0.03082275
-0.02777100
-0.02502441
-0.02227783
-0.02014160
-0.01831055
-0.01739502
-0.01708984
-0.01770020
-0.01831055
-0.01861572
-0.01831055
-0.01831055
-0.01800537
-0.01708984
-0.01525879
-0.01281738
-0.01007080
-0.00762939
-0.00549316
-0.00366211
-0.00244141
-0.00122070
 0.00000000
 0.00030518
 0.00000000
-0.00061035
-0.00061035
 0.00000000
 0.00091553
 0.00274658
 0.00518799
 0.00762939
 0.01037598
 0.01281738
 0.01525879
 0.01708984
 0.01831055
 0.01953125
 0.02014160
 0.01983643
 0.01953125
 0.01983643
 0.02044678
 0.02166748
 0.02288818
 0.02441406
 0.02624512
 0.02868652
 0.03143311
 0.03326416
 0.03448486
 0.03509521
 0.03479004
 0.03356934
 0.03204346
 0.03051758
 0.02838135
 0.02685547
 0.02593994
 0.02532959
 0.02532959
 0.02624512
 0.02746582
 0.02868652
 0.02929688
 0.02899170
 0.02777100
 0.02563477
 0.02258301
 0.01953125
 0.01647949
 0.01342773
 0.01068115
 0.00854492
 0.00701904
 0.00610352
 0.00518799
 0.00427246
 0.00427246
 0.00488281
 0.00549316
 0.00579834
 0.00579834
 0.00427246
 0.00213623
 0.00000000
-0.00244141
-0.00549316
-0.00793457
-0.00976563
-0.01068115
-0.01098633
-0.01037598
-0.00976563
-0.00885010
-0.00732422
-0.00610352
-0.00518799
-0.00488281
-0.00488281
-0.00488281
-0.00518799
-0.00610352
-0.00671387
-0.00762939
-0.00793457
-0.00732422
-0.00579834
-0.00396729
-0.00152588
 0.00122070
 0.00366211
 0.00549316
 0.00640869
 0.00671387
 0.00701904
 0.00762939
 0.00762939
 0.00701904
 0.00640869
 0.00610352
 0.00579834
 0.00549316
 0.00549316
 0.00579834
 0.00640869
 0.00732422
 0.00885010
 0.01068115
 0.01159668
 0.01220703
 0.01190186
 0.01098633
 0.00946045
 0.00732422
 0.00549316
 0.00396729
 0.00213623
 0.00030518
-0.00091553
-0.00122070
-0.00152588
-0.00122070
-0.00091553
-0.00061035
-0.00030518
 0.00030518
 0.00091553
 0.00122070
 0.00122070
 0.00061035
 0.00030518
-0.00030518
-0.00152588
-0.00244141
-0.00335693
-0.00366211
-0.00366211
-0.00335693
-0.00305176
-0.00244141
-0.00152588
 0.00000000
 0.00152588
 0.00244141
 0.00274658
 0.00305176
 0.00366211
 0.00427246
 0.00396729
 0.00366211
 0.00335693
 0.00335693
 0.00396729
 0.00457764
 0.00488281
 0.00488281
 0.00457764
 0.00427246
 0.00396729
 0.00335693
 0.00244141
 0.00183105
 0.00091553
 0.00000000
-0.00122070
-0.00183105
-0.00244141
-0.00305176
-0.00335693
-0.00396729
-0.00457764
-0.00518799
-0.00640869
-0.00823975
-0.01037598
-0.01220703
-0.01403809
-0.01586914
-0.01678467
-0.01739502
-0.01739502
-0.01708984
-0.01678467
-0.01586914
-0.01525879
-0.01434326
-0.01403809
-0.01403809
-0.01434326
-0.01464844
-0.01556396
-0.01647949
-0.01739502
-0.01770020
-0.01708984
-0.01647949
-0.01556396
-0.01373291
-0.01129150
-0.00823975
-0.00488281
-0.00213623
-0.00244141
-0.00701904
-0.01342773
-0.01770020
-0.01617432
-0.00915527
 0.00000000
 0.00793457
 0.01190186
 0.01037598
 0.00610352
 0.00335693
 0.00579834
 0.01129150
 0.01525879
 0.01708984
 0.01770020
 0.01770020
 0.01647949
 0.01403809
 0.01037598
 0.00671387
 0.00579834
 0.00976563
 0.01678467
 0.02380371
 0.02929688
 0.03082275
 0.02899170
 0.02777100
 0.02716064
 0.02502441
 0.02288818
 0.02197266
 0.01953125
 0.01617432
 0.01647949
 0.02075195
 0.02288818
 0.02014160
 0.01525879
 0.01098633
 0.00762939
 0.00671387
 0.01007080
 0.01556396
 0.01892090
 0.02014160
 0.01922607
 0.01525879
 0.00885010
 0.00183105
-0.00152588
-0.00030518
 0.00457764
 0.01312256
 0.02685547
 0.04486084
 0.05889893
 0.04638672
-0.02105713
-0.13061523
-0.23071289
-0.27893066
-0.26428223
-0.19012451
-0.07385254
 0.04882813
 0.13793945
 0.16815186
 0.13824463
 0.06011963
-0.03479004
-0.13824463
-0.23864746
-0.29174805
-0.28137207
-0.22186279
-0.13854980
-0.07385254
-0.05249023
-0.05554199
-0.04852295
 0.00152588
 0.08850098
 0.18341064
 0.23803711
 0.22064209
 0.16021729
 0.14892578
 0.17700195
 0.17303467
 0.07019043
-0.09948730
-0.19927979
-0.15991211
-0.02471924
 0.11535645
 0.19653320
 0.20812988
 0.14434814
 0.00335693
-0.12786865
-0.18615723
-0.19226074
-0.15075684
-0.04180908
 0.12268066
 0.29754639
 0.37353516
 0.28350830
 0.10345459
-0.11169434
-0.23712158
-0.23742676
-0.16784668
-0.08087158
-0.02197266
-0.01678467
-0.06500244
-0.13977051
-0.15991211
-0.10894775
-0.02441406
 0.06256104
 0.13793945
 0.19226074
 0.21759033
 0.20233154
 0.15136719
 0.07141113
-0.03631592
-0.12481689
-0.13549805
-0.08239746
-0.00610352
 0.07537842
 0.15899658
 0.22003174
 0.23132324
 0.18493652
 0.11993408
 0.08270264
 0.06408691
 0.05645752
 0.07873535
 0.12176514
 0.15838623
 0.17425537
 0.14801025
 0.05615234
-0.06469727
-0.11047363
-0.07446289
-0.02044678
 0.01983643
 0.06347656
 0.09979248
 0.08728027
 0.00396729
-0.05035400
-0.02380371
 0.01403809
 0.02441406
 0.03509521
 0.06530762
 0.08239746
 0.03631592
-0.02105713
-0.01251221
 0.01617432
 0.03509521
 0.08666992
 0.20141602
 0.38757324
 0.48767090
 0.50598145
 0.49865723
 0.47729492
 0.41809082
 0.35583496
 0.32104492
 0.26000977
 0.13671875
 0.03540039
-0.03173828
-0.13458252
-0.27465820
-0.36895752
-0.38452148
-0.33905029
-0.28564453
-0.13305664
 0.11230469
 0.40283203
 0.60516357
 0.64544678
 0.55877686
 0.39947510
 0.17791748
-0.08575439
-0.28594971
-0.46356201
-0.63232422
-0.78094482
-0.88775635
-0.97534180
-1.05438232
-1.06109619
-0.94024658
-0.69915771
-0.40222168
-0.12054443
 0.26611328
 0.56976318
 0.62927246
 0.49560547
 0.32836914
 0.03295898
-0.35400391
-0.68054199
-0.92437744
-1.06506348
-1.08917236
-0.98785400
-0.77056885
-0.45684814
-0.12237549
 0.28259277
 0.64239502
 0.82946777
 0.80444336
 0.56793213
 0.24536133
-0.19592285
-0.66009521
-1.01287842
-1.22863770
-1.26953125
-1.13586426
-0.85510254
-0.47332764
-0.08331299
 0.35614014
 0.68420410
 0.85449219
 0.90637207
 0.89660645
 0.83221436
 0.67718506
 0.43212891
 0.10589600
-0.28625488
-0.67352295
-0.98266602
-1.13769531
-1.11846924
-0.92285156
-0.56579590
-0.12725830
 0.32409668
 0.72875977
 0.93414307
 0.94390869
 0.75988770
 0.43731689
 0.07598877
-0.30700684
-0.59814453
-0.76965332
-0.80566406
-0.71563721
-0.54321289
-0.32653809
-0.06378174
 0.24688721
 0.55145264
 0.76416016
 0.86791992
 0.87921143
 0.81695557
 0.67810059
 0.48278809
 0.27160645
 0.05737305
-0.11138916
-0.19256592
-0.18310547
-0.08880615
 0.08758545
 0.36804199
 0.64544678
 0.86456299
 1.01165771
 1.06567383
 1.02142334
 0.85937500
 0.60302734
 0.32501221
 0.05004883
-0.20690918
-0.41046143
-0.52703857
-0.53497314
-0.43945313
-0.26855469
-0.00274658
 0.37445068
 0.74676514
 1.04919434
 1.23199463
 1.27563477
 1.19567871
 1.01318359
 0.74645996
 0.40985107
 0.01068115
-0.43426514
-0.83709717
-1.14166260
-1.28936768
-1.25488281
-1.02325439
-0.60974121
-0.07019043
 0.47882080
 0.95581055
 1.19537354
 1.11999512
 0.79345703
 0.36163330
-0.14587402
-0.68023682
-1.11206055
-1.38427734
-1.44897461
-1.30950928
-0.99639893
-0.55786133
-0.08148193
 0.44128418
 0.85205078
 1.04034424
 0.98907471
 0.77148438
 0.46539307
 0.13183594
-0.24322510
-0.54321289
-0.74737549
-0.84777832
-0.84197998
-0.73669434
-0.55145264
-0.33508301
-0.09552002
 0.17089844
 0.43609619
 0.59478760
 0.63537598
 0.55725098
 0.39184570
 0.19592285
-0.03936768
-0.19989014
-0.30303955
-0.33477783
-0.30273438
-0.24078369
-0.15380859
-0.05462646
 0.05737305
 0.18249512
 0.30273438
 0.40191650
 0.45471191
 0.44738770
 0.36865234
 0.22766113
 0.00640869
-0.19927979
-0.39062500
-0.51574707
-0.56396484
-0.52917480
-0.42724609
-0.32196045
-0.19531250
-0.06866455
 0.03051758
 0.08300781
 0.08819580
 0.02044678
-0.11352539
-0.27252197
-0.43548584
-0.61309814
-0.77087402
-0.87036133
-0.88989258
-0.82580566
-0.69152832
-0.51849365
-0.35339355
-0.19775391
-0.03631592
 0.09063721
 0.16357422
 0.19165039
 0.15380859
 0.05187988
-0.05981445
-0.14068604
-0.20172119
-0.24078369
-0.24780273
-0.22003174
-0.15533447
-0.04364014
 0.11688232
 0.33843994
 0.52490234
 0.64056396
 0.66619873
 0.60546875
 0.48095703
 0.33630371
 0.19958496
 0.08972168
 0.01159668
-0.03143311
-0.04058838
-0.01739502
 0.03479004
 0.11047363
 0.20172119
 0.30151367
 0.38116455
 0.42266846
 0.42755127
 0.38604736
 0.29541016
 0.14801025
-0.01800537
-0.18646240
-0.33843994
-0.43731689
-0.46600342
-0.42724609
-0.33660889
-0.21087646
-0.04852295
 0.11383057
 0.25573730
 0.33782959
 0.33081055
 0.27648926
 0.11169434
-0.07354736
-0.21118164
-0.30456543
-0.34271240
-0.31036377
-0.24139404
-0.13458252
 0.00122070
 0.15014648
 0.30334473
 0.42083740
 0.48309326
 0.48370361
 0.41931152
 0.31188965
 0.17913818
 0.06805420
-0.00915527
-0.04364014
-0.02807617
 0.03631592
 0.14526367
 0.30639648
 0.47729492
 0.59844971
 0.66864014
 0.68206787
 0.64208984
 0.55755615
 0.43762207
 0.31738281
 0.21179199
 0.12695313
 0.07934570
 0.07568359
 0.11505127
 0.19195557
 0.31005859
 0.43151855
 0.51177979
 0.55541992
 0.56518555
 0.54595947
 0.49835205
 0.41809082
 0.30242920
 0.16540527
 0.03234863
-0.07781982
-0.15045166
-0.17883301
-0.16662598
-0.12512207
-0.07019043
-0.02044678
 0.00915527
 0.00701904
-0.04852295
-0.14099121
-0.24566650
-0.35705566
-0.48675537
-0.61737061
-0.72784424
-0.80535889
-0.83496094
-0.80841064
-0.72235107
-0.58746338
-0.42144775
-0.30120850
-0.16571045
-0.04608154
 0.02716064
 0.03417969
-0.05157471
-0.19958496
-0.36010742
-0.47485352
-0.56152344
-0.61035156
-0.61309814
-0.56091309
-0.44830322
-0.31341553
-0.12817383
 0.08544922
 0.32745361
 0.49591064
 0.59051514
 0.61645508
 0.57708740
 0.48339844
 0.35491943
 0.20965576
 0.06622314
-0.04608154
-0.10833740
-0.11688232
-0.07659912
 0.00793457
 0.12542725
 0.26550293
 0.40863037
 0.49652100
 0.54168701
 0.53253174
 0.46661377
 0.34271240
 0.17517090
 0.00030518
-0.17303467
-0.33111572
-0.44616699
-0.50262451
-0.50201416
-0.44891357
-0.35400391
-0.27221680
-0.16418457
-0.07049561
-0.00946045
 0.01525879
-0.00885010
-0.08178711
-0.16174316
-0.22277832
-0.27465820
-0.32257080
-0.34942627
-0.35430908
-0.33691406
-0.30670166
-0.26519775
-0.21575928
-0.16601563
-0.12359619
-0.09674072
-0.09887695
-0.12573242
-0.15991211
-0.19409180
-0.22918701
-0.26092529
-0.27954102
-0.27954102
-0.25970459
-0.22247314
-0.17059326
-0.10711670
-0.03601074
 0.03662109
 0.10375977
 0.15960693
 0.19653320
 0.19592285
 0.15838623
 0.11077881
 0.07049561
 0.03570557
 0.01129150
 0.00579834
 0.02258301
 0.06042480
 0.11444092
 0.17761230
 0.24230957
 0.29785156
 0.31646729
 0.32379150
 0.26824951
 0.19653320
 0.12603760
 0.05249023
-0.02105713
-0.08239746
-0.12329102
-0.14007568
-0.13336182
-0.10711670
-0.06744385
-0.02105713
 0.02288818
 0.05401611
 0.05676270
 0.02777100
-0.01525879
-0.06164551
-0.11688232
-0.18157959
-0.24536133
-0.29998779
-0.34057617
-0.35552979
-0.34729004
-0.31524658
-0.27008057
-0.21118164
-0.14526367
-0.08117676
-0.02502441
 0.01800537
 0.03784180
 0.02563477
-0.00213623
-0.02655029
-0.04760742
-0.06652832
-0.07812500
-0.07507324
-0.05371094
-0.01556396
 0.03601074
 0.09735107
 0.16174316
 0.22033691
 0.26275635
 0.26916504
 0.22766113
 0.16387939
 0.10284424
 0.04547119
-0.00518799
-0.03814697
-0.04638672
-0.02838135
 0.01220703
 0.07019043
 0.13946533
 0.20965576
 0.27038574
 0.31158447
 0.31463623
 0.27069092
 0.20599365
 0.14282227
 0.07904053
 0.01617432
-0.03295898
-0.06042480
-0.06469727
-0.04730225
-0.01251221
 0.03234863
 0.07965088
 0.12054443
 0.13977051
 0.12237549
 0.07629395
 0.02136230
-0.03784180
-0.10162354
-0.16326904
-0.21209717
-0.24200439
-0.24963379
-0.23590088
-0.20416260
-0.15716553
-0.09948730
-0.03692627
 0.02441406
 0.07629395
 0.10986328
 0.10650635
 0.06744385
 0.01983643
-0.02105713
-0.05706787
-0.08361816
-0.09246826
-0.07904053
-0.04516602
 0.00640869
 0.07202148
 0.14617920
 0.22033691
 0.28625488
 0.32379150
 0.33477783
 0.32196045
 0.28045654
 0.21850586
 0.15350342
 0.08453369
 0.02166748
-0.02258301
-0.04180908
-0.03570557
-0.00610352
 0.04119873
 0.10070801
 0.16479492
 0.22399902
 0.27099609
 0.29052734
 0.26611328
 0.21179199
 0.15136719
 0.08728027
 0.01831055
-0.04486084
-0.09063721
-0.11444092
-0.11627197
-0.09826660
-0.06408691
-0.01892090
 0.03173828
 0.08117676
 0.12145996
 0.13977051
 0.12634277
 0.09155273
 0.05126953
 0.00854492
-0.03479004
-0.07202148
-0.09582520
-0.10192871
-0.09094238
-0.06500244
-0.02777100
 0.01495361
 0.05706787
 0.09002686
 0.10223389
 0.08819580
 0.05584717
 0.01525879
-0.03234863
-0.08575439
-0.13854980
-0.18157959
-0.20874023
-0.21667480
-0.20294189
-0.16815186
-0.11566162
-0.04913330
 0.02624512
 0.10070801
 0.16510010
 0.21331787
 0.23284912
 0.21026611
 0.16387939
 0.12115479
 0.08270264
 0.04486084
 0.01617432
 0.00335693
 0.00823975
 0.02990723
 0.06591797
 0.11260986
 0.16601563
 0.22003174
 0.26733398
 0.29602051
 0.29022217
 0.25543213
 0.20965576
 0.16052246
 0.10742188
 0.05493164
 0.01037598
-0.02105713
-0.03753662
-0.03723145
-0.02197266
 0.00640869
 0.04272461
 0.08270264
 0.11779785
 0.13763428
 0.13244629
 0.10437012
 0.06256104
 0.01190186
-0.04638672
-0.10528564
-0.15686035
-0.19653320
-0.22155762
-0.23101807
-0.22583008
-0.20874023
-0.18218994
-0.15045166
-0.11901855
-0.09368896
-0.08209229
-0.08697510
-0.10253906
-0.12084961
-0.13671875
-0.14739990
-0.14953613
-0.14160156
-0.12359619
-0.09674072
-0.06225586
-0.02136230
 0.02380371
 0.07019043
 0.11413574
 0.15014648
 0.17150879
 0.17700195
 0.17303467
 0.16632080
 0.15838623
 0.15045166
 0.14434814
 0.14312744
 0.14678955
 0.15533447
 0.16693115
 0.18035889
 0.19226074
 0.19989014
 0.20080566
 0.19226074
 0.17242432
 0.14190674
 0.10253906
 0.05676270
 0.00885010
-0.03631592
-0.07446289
-0.10314941
-0.12084961
-0.12847900
-0.12817383
-0.12115479
-0.10986328
-0.09613037
-0.08209229
-0.07049561
-0.06439209
-0.06500244
-0.07263184
-0.08544922
-0.10162354
-0.11932373
-0.13519287
-0.14678955
-0.15289307
-0.15350342
-0.14801025
-0.13793945
-0.12451172
-0.10925293
-0.09338379
-0.07781982
-0.06347656
-0.05218506
-0.04547119
-0.04302979
-0.04455566
-0.04821777
-0.05279541
-0.05615234
-0.05584717
-0.05035400
-0.04028320
-0.02685547
-0.01312256
-0.00122070
 0.00640869
 0.01007080
 0.00946045
 0.00579834
-0.00122070
-0.01037598
-0.02105713
-0.03143311
-0.03997803
-0.04486084
-0.04455566
-0.03967285
-0.03143311
-0.02197266
-0.01403809
-0.00854492
-0.00732422
-0.01007080
-0.01556396
-0.02349854
-0.03387451
-0.04608154
-0.06042480
-0.07568359
-0.09155273
-0.10742188
-0.12176514
-0.13427734
-0.14404297
-0.15136719
-0.15594482
-0.15808105
-0.15716553
-0.15441895
-0.15045166
-0.14617920
-0.14129639
-0.13580322
-0.12939453
-0.12298584
-0.11718750
-0.11230469
-0.10772705
-0.10253906
-0.09674072
-0.09033203
-0.08453369
-0.08117676
-0.07965088
-0.08056641
-0.08331299
-0.08728027
-0.09155273
-0.09582520
-0.09979248
-0.10406494
-0.10711670
-0.10925293
-0.10925293
-0.10681152
-0.10223389
-0.09552002
-0.08789063
-0.07934570
-0.07019043
-0.06072998
-0.05218506
-0.04608154
-0.04302979
-0.04119873
-0.03936768
-0.03662109
-0.03265381
-0.02838135
-0.02441406
-0.02136230
-0.01922607
-0.01586914
-0.01129150
-0.00579834
-0.00030518
 0.00396729
 0.00610352
 0.00579834
 0.00274658
-0.00274658
-0.01007080
-0.01739502
-0.02502441
-0.03234863
-0.03967285
-0.04669189
-0.05310059
-0.05920410
-0.06469727
-0.06805420
-0.06896973
-0.06652832
-0.06225586
-0.05828857
-0.05523682
-0.05310059
-0.05218506
-0.05157471
-0.05035400
-0.04791260
-0.04425049
-0.03967285
-0.03448486
-0.02929688
-0.02380371
-0.01831055
-0.01251221
-0.00610352
 0.00122070
 0.00823975
 0.01495361
 0.02044678
 0.02532959
 0.02960205
 0.03417969
 0.03906250
 0.04486084
 0.05157471
 0.05950928
 0.06866455
 0.07843018
 0.08850098
 0.09857178
 0.10894775
 0.11962891
 0.13031006
 0.13946533
 0.14739990
 0.15411377
 0.15991211
 0.16479492
 0.16876221
 0.17181396
 0.17395020
 0.17608643
 0.17883301
 0.18218994
 0.18524170
 0.18676758
 0.18676758
 0.18493652
 0.18096924
 0.17517090
 0.16693115
 0.15625000
 0.14373779
 0.13122559
 0.11810303
 0.10528564
 0.09338379
 0.08392334
 0.07598877
 0.06835938
 0.05950928
 0.04974365
 0.03906250
 0.02807617
 0.01678467
 0.00549316
-0.00610352
-0.01800537
-0.02929688
-0.03967285
-0.04913330
-0.05737305
-0.06378174
-0.06774902
-0.06805420
-0.06439209
-0.05706787
-0.04730225
-0.03631592
-0.02441406
-0.01159668
 0.00183105
 0.01617432
 0.03082275
 0.04364014
 0.05401611
 0.06164551
 0.06774902
 0.07324219
 0.07995605
 0.08911133
 0.10070801
 0.11383057
 0.12695313
 0.13977051
 0.15106201
 0.16052246
 0.16815186
 0.17395020
 0.17822266
 0.18035889
 0.18066406
 0.18035889
 0.18005371
 0.17974854
 0.18035889
 0.18218994
 0.18554688
 0.19104004
 0.19775391
 0.20477295
 0.20996094
 0.21301270
 0.21270752
 0.20935059
 0.20416260
 0.19683838
 0.18615723
 0.17242432
 0.15747070
 0.14251709
 0.12908936
 0.11779785
 0.10894775
 0.10345459
 0.10040283
 0.09826660
 0.09613037
 0.09307861
 0.08728027
 0.07873535
 0.06744385
 0.05340576
 0.03723145
 0.02014160
 0.00396729
-0.01098633
-0.02380371
-0.03387451
-0.04150391
-0.04638672
-0.04791260
-0.04669189
-0.04302979
-0.03692627
-0.02960205
-0.02288818
-0.01800537
-0.01434326
-0.01220703
-0.01129150
-0.01098633
-0.01068115
-0.00915527
-0.00640869
-0.00122070
 0.00579834
 0.01403809
 0.02288818
 0.03051758
 0.03631592
 0.03906250
 0.03875732
 0.03448486
 0.02593994
 0.01403809
 0.00061035
-0.01342773
-0.02563477
-0.03540039
-0.04333496
-0.04882813
-0.05218506
-0.05340576
-0.05371094
-0.05432129
-0.05676270
-0.06042480
-0.06591797
-0.07446289
-0.08697510
-0.10253906
-0.12115479
-0.14007568
-0.15930176
-0.17761230
-0.19348145
-0.20538330
-0.21331787
-0.21850586
-0.22125244
-0.22308350
-0.22399902
-0.22460938
-0.22521973
-0.22644043
-0.22918701
-0.23345947
-0.23864746
-0.24475098
-0.25054932
-0.25421143
-0.25482178
-0.25238037
-0.24688721
-0.23925781
-0.23010254
-0.21972656
-0.20904541
-0.19805908
-0.18737793
-0.17852783
-0.17272949
-0.16906738
-0.16754150
-0.16693115
-0.16632080
-0.16479492
-0.16265869
-0.15808105
-0.15075684
-0.14099121
-0.12969971
-0.11779785
-0.10559082
-0.09399414
-0.08300781
-0.07354736
-0.06622314
-0.06072998
-0.05737305
-0.05615234
-0.05523682
-0.05310059
-0.04852295
-0.04119873
-0.03143311
-0.01983643
-0.00732422
 0.00549316
 0.01800537
 0.02960205
 0.04058838
 0.05004883
 0.05767822
 0.06225586
 0.06378174
 0.06256104
 0.05950928
 0.05493164
 0.05065918
 0.04699707
 0.04425049
 0.04241943
 0.04211426
 0.04272461
 0.04364014
 0.04486084
 0.04516602
 0.04455566
 0.04364014
 0.04211426
 0.03997803
 0.03692627
 0.03265381
 0.02777100
 0.02349854
 0.02014160
 0.01770020
 0.01739502
 0.01922607
 0.02258301
 0.02777100
 0.03479004
 0.04333496
 0.05310059
 0.06286621
 0.07202148
 0.08026123
 0.08789063
 0.09552002
 0.10253906
 0.10955811
 0.11566162
 0.12084961
 0.12390137
 0.12603760
 0.12664795
 0.12725830
 0.12817383
 0.12939453
 0.13092041
 0.13244629
 0.13427734
 0.13549805
 0.13610840
 0.13671875
 0.13702393
 0.13763428
 0.13793945
 0.13793945
 0.13702393
 0.13519287
 0.13214111
 0.12847900
 0.12512207
 0.12298584
 0.12145996
 0.11962891
 0.11840820
 0.11657715
 0.11291504
 0.10803223
 0.10284424
 0.09643555
 0.08758545
 0.07659912
 0.06347656
 0.04791260
 0.03051758
 0.01251221
-0.00549316
-0.02319336
-0.03936768
-0.05310059
-0.06439209
-0.07263184
-0.07904053
-0.08422852
-0.08880615
-0.09246826
-0.09613037
-0.10131836
-0.10711670
-0.11444092
-0.12268066
-0.13092041
-0.13854980
-0.14465332
-0.14923096
-0.15228271
-0.15228271
-0.15014648
-0.14587402
-0.14099121
-0.13458252
-0.12695313
-0.11932373
-0.11352539
-0.11047363
-0.11016846
-0.11322021
-0.11749268
-0.12176514
-0.12634277
-0.13061523
-0.13336182
-0.13397217
-0.13153076
-0.12695313
-0.12023926
-0.11169434
-0.10223389
-0.09246826
-0.08300781
-0.07537842
-0.06958008
-0.06530762
-0.06378174
-0.06469727
-0.06622314
-0.06835938
-0.06927490
-0.06835938
-0.06561279
-0.06103516
-0.05462646
-0.04638672
-0.03723145
-0.02777100
-0.01953125
-0.01281738
-0.00885010
-0.00701904
-0.00762939
-0.00976563
-0.01312256
-0.01708984
-0.02136230
-0.02441406
-0.02563477
-0.02441406
-0.02075195
-0.01464844
-0.00610352
 0.00305176
 0.01251221
 0.02044678
 0.02624512
 0.02960205
 0.03082275
 0.03021240
 0.02838135
 0.02563477
 0.02288818
 0.02166748
 0.02288818
 0.02655029
 0.03295898
 0.04241943
 0.05371094
 0.06652832
 0.07843018
 0.08850098
 0.09613037
 0.10131836
 0.10314941
 0.10162354
 0.09704590
 0.09124756
 0.08453369
 0.07751465
 0.07110596
 0.06530762
 0.06134033
 0.05920410
 0.05920410
 0.06164551
 0.06561279
 0.07049561
 0.07476807
 0.07812500
 0.07965088
 0.07995605
 0.07873535
 0.07720947
 0.07568359
 0.07324219
 0.07171631
 0.07202148
 0.07415771
 0.07843018
 0.08392334
 0.09124756
 0.09948730
 0.10742188
 0.11444092
 0.12115479
 0.12695313
 0.13092041
 0.13153076
 0.12969971
 0.12603760
 0.12023926
 0.11352539
 0.10620117
 0.09918213
 0.09307861
 0.08911133
 0.08728027
 0.08728027
 0.08911133
 0.09216309
 0.09613037
 0.09948730
 0.10162354
 0.10284424
 0.10284424
 0.10131836
 0.09826660
 0.09429932
 0.08972168
 0.08483887
 0.08056641
 0.07843018
 0.07843018
 0.08026123
 0.08514404
 0.09246826
 0.10101318
 0.10955811
 0.11749268
 0.12390137
 0.12817383
 0.13031006
 0.12969971
 0.12634277
 0.12176514
 0.11627197
 0.10925293
 0.10284424
 0.09826660
 0.09490967
 0.09368896
 0.09307861
 0.09399414
 0.09582520
 0.09765625
 0.09826660
 0.09674072
 0.09338379
 0.08758545
 0.07934570
 0.06927490
 0.05737305
 0.04547119
 0.03326416
 0.02166748
 0.01129150
 0.00244141
-0.00427246
-0.00976563
-0.01434326
-0.01800537
-0.02197266
-0.02685547
-0.03326416
-0.04211426
-0.05340576
-0.06805420
-0.08422852
-0.10101318
-0.11779785
-0.13336182
-0.14648438
-0.15747070
-0.16510010
-0.16937256
-0.17150879
-0.17120361
-0.17028809
-0.16906738
-0.16845703
-0.16998291
-0.17333984
-0.17852783
-0.18554688
-0.19317627
-0.20111084
-0.20843506
-0.21362305
-0.21697998
-0.21728516
-0.21453857
-0.20935059
-0.20141602
-0.19073486
-0.17913818
-0.16784668
-0.15838623
-0.15167236
-0.14709473
-0.14465332
-0.14404297
-0.14526367
-0.14770508
-0.15045166
-0.15228271
-0.15228271
-0.14953613
-0.14465332
-0.13671875
-0.12695313
-0.11688232
-0.10711670
-0.09857178
-0.09124756
-0.08605957
-0.08331299
-0.08270264
-0.08270264
-0.08300781
-0.08209229
-0.08026123
-0.07659912
-0.07202148
-0.06530762
-0.05676270
-0.04638672
-0.03509521
-0.02349854
-0.01312256
-0.00549316
-0.00061035
 0.00061035
 0.00030518
-0.00213623
-0.00579834
-0.01007080
-0.01312256
-0.01464844
-0.01403809
-0.01129150
-0.00671387
-0.00122070
 0.00427246
 0.00976563
 0.01464844
 0.01800537
 0.01922607
 0.01831055
 0.01556396
 0.01190186
 0.00823975
 0.00457764
 0.00274658
 0.00244141
 0.00366211
 0.00762939
 0.01342773
 0.02075195
 0.02929688
 0.03845215
 0.04669189
 0.05340576
 0.05798340
 0.06011963
 0.06042480
 0.05950928
 0.05798340
 0.05554199
 0.05340576
 0.05218506
 0.05249023
 0.05401611
 0.05706787
 0.06103516
 0.06439209
 0.06835938
 0.07263184
 0.07598877
 0.07751465
 0.07659912
 0.07385254
 0.06958008
 0.06469727
 0.05981445
 0.05584717
 0.05279541
 0.05096436
 0.05065918
 0.05096436
 0.05157471
 0.05249023
 0.05310059
 0.05340576
 0.05218506
 0.05004883
 0.04669189
 0.04302979
 0.03936768
 0.03387451
 0.02777100
 0.02227783
 0.01800537
 0.01495361
 0.01342773
 0.01220703
 0.01190186
 0.01159668
 0.01190186
 0.01251221
 0.01312256
 0.01373291
 0.01403809
 0.01464844
 0.01434326
 0.01403809
 0.01373291
 0.01403809
 0.01464844
 0.01647949
 0.01861572
 0.02075195
 0.02288818
 0.02532959
 0.02807617
 0.03051758
 0.03295898
 0.03540039
 0.03723145
 0.03845215
 0.03875732
 0.03845215
 0.03723145
 0.03601074
 0.03448486
 0.03295898
 0.03173828
 0.03112793
 0.03021240
 0.02899170
 0.02807617
 0.02655029
 0.02471924
 0.02227783
 0.01953125
 0.01647949
 0.01373291
 0.01037598
 0.00732422
 0.00396729
 0.00122070
-0.00091553
-0.00244141
-0.00305176
-0.00335693
-0.00305176
-0.00274658
-0.00183105
-0.00122070
-0.00030518
 0.00061035
 0.00122070
 0.00183105
 0.00274658
 0.00396729
 0.00549316
 0.00732422
 0.00915527
 0.01129150
 0.01373291
 0.01617432
 0.01831055
 0.02014160
 0.02136230
 0.02197266
 0.02227783
 0.02258301
 0.02349854
 0.02502441
 0.02716064
 0.02929688
 0.03173828
 0.03387451
 0.03570557
 0.03784180
 0.03997803
 0.04211426
 0.04486084
 0.04730225
 0.05004883
 0.05218506
 0.05371094
 0.05432129
 0.05401611
 0.05340576
 0.05279541
 0.05249023
 0.05218506
 0.05157471
 0.05065918
 0.04943848
 0.04760742
 0.04547119
 0.04272461
 0.03936768
 0.03509521
 0.03082275
 0.02716064
 0.02319336
 0.01922607
 0.01403809
 0.00885010
 0.00305176
-0.00244141
-0.00701904
-0.01159668
-0.01495361
-0.01739502
-0.01922607
-0.02075195
-0.02258301
-0.02471924
-0.02685547
-0.02868652
-0.03082275
-0.03326416
-0.03540039
-0.03753662
-0.03906250
-0.04089355
-0.04333496
-0.04486084
-0.04669189
-0.04882813
-0.05096436
-0.05340576
-0.05554199
-0.05737305
-0.06011963
-0.06317139
-0.06652832
-0.07049561
-0.07446289
-0.07843018
-0.08239746
-0.08544922
-0.08789063
-0.08972168
-0.09124756
-0.09277344
-0.09399414
-0.09460449
-0.09490967
-0.09429932
-0.09277344
-0.09063721
-0.08850098
-0.08697510
-0.08575439
-0.08453369
-0.08270264
-0.08026123
-0.07751465
-0.07415771
-0.06988525
-0.06561279
-0.06103516
-0.05584717
-0.05004883
-0.04394531
-0.03814697
-0.03295898
-0.02838135
-0.02441406
-0.02197266
-0.01983643
-0.01770020
-0.01617432
-0.01525879
-0.01434326
-0.01281738
-0.01037598
-0.00762939
-0.00488281
-0.00244141
 0.00061035
 0.00335693
 0.00549316
 0.00671387
 0.00762939
 0.00793457
 0.00762939
 0.00701904
 0.00640869
 0.00579834
 0.00488281
 0.00274658
 0.00061035
-0.00091553
-0.00122070
-0.00122070
-0.00091553
-0.00152588
-0.00244141
-0.00366211
-0.00488281
-0.00610352
-0.00762939
-0.00854492
-0.00946045
-0.01068115
-0.01159668
-0.01190186
-0.01220703
-0.01129150
-0.00885010
-0.00518799
-0.00030518
 0.00549316
 0.01098633
 0.01647949
 0.02166748
 0.02685547
 0.03143311
 0.03570557
 0.03906250
 0.04211426
 0.04577637
 0.04974365
 0.05462646
 0.05950928
 0.06469727
 0.07019043
 0.07629395
 0.08209229
 0.08697510
 0.09185791
 0.09490967
 0.09521484
 0.09368896
 0.09063721
 0.08575439
 0.07934570
 0.07293701
 0.06652832
 0.06072998
 0.05584717
 0.05126953
 0.04852295
 0.04669189
 0.04516602
 0.04364014
 0.04211426
 0.04028320
 0.03784180
 0.03479004
 0.03143311
 0.02746582
 0.02410889
 0.02075195
 0.01770020
 0.01556396
 0.01434326
 0.01403809
 0.01464844
 0.01647949
 0.01800537
 0.01983643
 0.02166748
 0.02288818
 0.02319336
 0.02258301
 0.02136230
 0.01953125
 0.01647949
 0.01342773
 0.01098633
 0.00885010
 0.00732422
 0.00671387
 0.00701904
 0.00915527
 0.01251221
 0.01586914
 0.01983643
 0.02258301
 0.02532959
 0.02807617
 0.03051758
 0.03173828
 0.03265381
 0.03356934
 0.03417969
 0.03540039
 0.03723145
 0.04028320
 0.04364014
 0.04699707
 0.05065918
 0.05401611
 0.05676270
 0.05828857
 0.05889893
 0.05859375
 0.05706787
 0.05371094
 0.04913330
 0.04364014
 0.03784180
 0.03143311
 0.02532959
 0.01953125
 0.01434326
 0.00946045
 0.00488281
 0.00061035
-0.00396729
-0.00885010
-0.01373291
-0.01892090
-0.02410889
-0.03021240
-0.03662109
-0.04272461
-0.04821777
-0.05249023
-0.05676270
-0.05981445
-0.06195068
-0.06347656
-0.06439209
-0.06500244
-0.06622314
-0.06744385
-0.06896973
-0.07110596
-0.07415771
-0.07751465
-0.08026123
-0.08270264
-0.08514404
-0.08728027
-0.08819580
-0.08789063
-0.08666992
-0.08544922
-0.08361816
-0.08056641
-0.07812500
-0.07659912
-0.07537842
-0.07415771
-0.07232666
-0.07080078
-0.07019043
-0.07019043
-0.06896973
-0.06622314
-0.06225586
-0.05767822
-0.05187988
-0.04486084
-0.03784180
-0.03204346
-0.02716064
-0.02288818
-0.01922607
-0.01617432
-0.01312256
-0.01037598
-0.00823975
-0.00671387
-0.00488281
-0.00305176
-0.00122070
 0.00030518
 0.00152588
 0.00274658
 0.00396729
 0.00488281
 0.00610352
 0.00579834
 0.00427246
 0.00183105
-0.00030518
-0.00213623
-0.00427246
-0.00701904
-0.00915527
-0.01098633
-0.01190186
-0.01129150
-0.01037598
-0.00915527
-0.00793457
-0.00610352
-0.00457764
-0.00366211
-0.00274658
-0.00152588
 0.00030518
 0.00213623
 0.00274658
 0.00305176
 0.00335693
 0.00457764
 0.00671387
 0.00854492
 0.01037598
 0.01220703
 0.01464844
 0.01770020
 0.02044678
 0.02319336
 0.02593994
 0.02838135
 0.03082275
 0.03295898
 0.03509521
 0.03662109
 0.03845215
 0.03967285
 0.04089355
 0.04150391
 0.04241943
 0.04394531
 0.04577637
 0.04791260
 0.05065918
 0.05371094
 0.05645752
 0.05920410
 0.06164551
 0.06408691
 0.06652832
 0.06835938
 0.06988525
 0.07049561
 0.06958008
 0.06896973
 0.06774902
 0.06591797
 0.06378174
 0.06164551
 0.05920410
 0.05706787
 0.05584717
 0.05432129
 0.05279541
 0.05096436
 0.04943848
 0.04852295
 0.04760742
 0.04608154
 0.04333496
 0.04028320
 0.03662109
 0.03265381
 0.02929688
 0.02593994
 0.02319336
 0.02105713
 0.01922607
 0.01708984
 0.01556396
 0.01495361
 0.01464844
 0.01403809
 0.01342773
 0.01220703
 0.01068115
 0.00823975
 0.00579834
 0.00274658
-0.00061035
-0.00396729
-0.00732422
-0.01037598
-0.01342773
-0.01647949
-0.01983643
-0.02227783
-0.02410889
-0.02563477
-0.02746582
-0.02899170
-0.03051758
-0.03204346
-0.03356934
-0.03540039
-0.03692627
-0.03875732
-0.04028320
-0.04241943
-0.04455566
-0.04669189
-0.04791260
-0.04852295
-0.04852295
-0.04852295
-0.04882813
-0.04882813
-0.04943848
-0.05065918
-0.05218506
-0.05432129
-0.05676270
-0.05920410
-0.06164551
-0.06408691
-0.06652832
-0.06866455
-0.07080078
-0.07202148
-0.07263184
-0.07324219
-0.07324219
-0.07324219
-0.07293701
-0.07293701
-0.07293701
-0.07385254
-0.07537842
-0.07690430
-0.07812500
-0.07843018
-0.07873535
-0.07904053
-0.07812500
-0.07659912
-0.07385254
-0.07080078
-0.06774902
-0.06378174
-0.06011963
-0.05645752
-0.05279541
-0.04913330
-0.04577637
-0.04302979
-0.04119873
-0.03906250
-0.03662109
-0.03356934
-0.03112793
-0.02868652
-0.02532959
-0.02197266
-0.01861572
-0.01556396
-0.01281738
-0.01068115
-0.00885010
-0.00732422
-0.00549316
-0.00305176
-0.00061035
 0.00122070
 0.00274658
 0.00427246
 0.00579834
 0.00732422
 0.00915527
 0.01129150
 0.01281738
 0.01464844
 0.01647949
 0.01739502
 0.01800537
 0.01770020
 0.01770020
 0.01800537
 0.01892090
 0.01953125
 0.02044678
 0.02197266
 0.02380371
 0.02532959
 0.02685547
 0.02807617
 0.02960205
 0.03082275
 0.03234863
 0.03356934
 0.03448486
 0.03540039
 0.03570557
 0.03601074
 0.03631592
 0.03723145
 0.03845215
 0.03997803
 0.04150391
 0.04394531
 0.04669189
 0.04943848
 0.05187988
 0.05401611
 0.05523682
 0.05615234
 0.05676270
 0.05676270
 0.05615234
 0.05523682
 0.05371094
 0.05249023
 0.05157471
 0.05126953
 0.05065918
 0.05065918
 0.05065918
 0.05126953
 0.05249023
 0.05340576
 0.05401611
 0.05401611
 0.05310059
 0.05218506
 0.05004883
 0.04821777
 0.04730225
 0.04699707
 0.04699707
 0.04760742
 0.04852295
 0.05004883
 0.05187988
 0.05432129
 0.05645752
 0.05859375
 0.06011963
 0.06103516
 0.06103516
 0.06042480
 0.05950928
 0.05798340
 0.05584717
 0.05340576
 0.05157471
 0.05004883
 0.04913330
 0.04852295
 0.04821777
 0.04821777
 0.04821777
 0.04791260
 0.04638672
 0.04394531
 0.04119873
 0.03753662
 0.03295898
 0.02807617
 0.02319336
 0.01861572
 0.01403809
 0.01068115
 0.00823975
 0.00640869
 0.00518799
 0.00518799
 0.00579834
 0.00579834
 0.00518799
 0.00396729
 0.00213623
 0.00000000
-0.00244141
-0.00488281
-0.00762939
-0.01068115
-0.01281738
-0.01495361
-0.01617432
-0.01647949
-0.01617432
-0.01525879
-0.01403809
-0.01312256
-0.01281738
-0.01251221
-0.01220703
-0.01220703
-0.01281738
-0.01373291
-0.01464844
-0.01495361
-0.01495361
-0.01434326
-0.01342773
-0.01159668
-0.00976563
-0.00793457
-0.00610352
-0.00366211
-0.00152588
 0.00000000
 0.00091553
 0.00213623
 0.00335693
 0.00335693
 0.00244141
 0.00183105
 0.00122070
 0.00091553
 0.00000000
-0.00061035
-0.00030518
 0.00030518
 0.00091553
 0.00091553
 0.00091553
 0.00000000
-0.00091553
-0.00213623
-0.00366211
-0.00549316
-0.00732422
-0.00885010
-0.01037598
-0.01220703
-0.01342773
-0.01373291
-0.01342773
-0.01312256
-0.01281738
-0.01220703
-0.01159668
-0.01068115
-0.01037598
-0.01129150
-0.01281738
-0.01434326
-0.01556396
-0.01617432
-0.01708984
-0.01800537
-0.01800537
-0.01800537
-0.01770020
-0.01739502
-0.01678467
-0.01708984
-0.01739502
-0.01800537
-0.01800537
-0.01770020
-0.01861572
-0.01983643
-0.02136230
-0.02349854
-0.02563477
-0.02807617
-0.03021240
-0.03204346
-0.03356934
-0.03417969
-0.03417969
-0.03417969
-0.03356934
-0.03356934
-0.03417969
-0.03448486
-0.03540039
-0.03601074
-0.03692627
-0.03814697
-0.03967285
-0.04058838
-0.04089355
-0.04119873
-0.04150391
-0.04180908
-0.04211426
-0.04211426
-0.04119873
-0.04028320
-0.03936768
-0.03875732
-0.03845215
-0.03875732
-0.03906250
-0.03967285
-0.03997803
-0.04058838
-0.04058838
-0.04058838
-0.04058838
-0.04119873
-0.04211426
-0.04272461
-0.04241943
-0.04150391
-0.04089355
-0.04028320
-0.03906250
-0.03814697
-0.03753662
-0.03814697
-0.03875732
-0.03936768
-0.04028320
-0.04119873
-0.04180908
-0.04211426
-0.04241943
-0.04302979
-0.04425049
-0.04577637
-0.04730225
-0.04882813
-0.04974365
-0.05126953
-0.05310059
-0.05523682
-0.05767822
-0.06042480
-0.06286621
-0.06530762
-0.06683350
-0.06805420
-0.06835938
-0.06774902
-0.06622314
-0.06469727
-0.06256104
-0.06042480
-0.05767822
-0.05554199
-0.05462646
-0.05340576
-0.05187988
-0.05035400
-0.04882813
-0.04699707
-0.04547119
-0.04364014
-0.04119873
-0.03845215
-0.03509521
-0.03204346
-0.02777100
-0.02349854
-0.01922607
-0.01556396
-0.01251221
-0.01007080
-0.00793457
-0.00549316
-0.00366211
-0.00152588
 0.00000000
 0.00244141
 0.00488281
 0.00732422
 0.01007080
 0.01342773
 0.01678467
 0.02075195
 0.02502441
 0.02990723
 0.03448486
 0.03845215
 0.04211426
 0.04516602
 0.04760742
 0.04943848
 0.05126953
 0.05279541
 0.05401611
 0.05523682
 0.05706787
 0.05859375
 0.06072998
 0.06256104
 0.06469727
 0.06622314
 0.06805420
 0.06958008
 0.07141113
 0.07293701
 0.07415771
 0.07537842
 0.07659912
 0.07690430
 0.07690430
 0.07659912
 0.07629395
 0.07568359
 0.07598877
 0.07720947
 0.07904053
 0.07995605
 0.08117676
 0.08209229
 0.08300781
 0.08422852
 0.08483887
 0.08514404
 0.08575439
 0.08575439
 0.08605957
 0.08666992
 0.08666992
 0.08697510
 0.08697510
 0.08758545
 0.08850098
 0.08911133
 0.08972168
 0.09002686
 0.09033203
 0.09033203
 0.08972168
 0.08911133
 0.08819580
 0.08636475
 0.08422852
 0.08300781
 0.08209229
 0.08148193
 0.08056641
 0.07995605
 0.07934570
 0.07781982
 0.07568359
 0.07354736
 0.07110596
 0.06805420
 0.06500244
 0.06225586
 0.05950928
 0.05706787
 0.05401611
 0.05096436
 0.04760742
 0.04425049
 0.04119873
 0.03906250
 0.03662109
 0.03417969
 0.03112793
 0.02838135
 0.02563477
 0.02227783
 0.01831055
 0.01464844
 0.01190186
 0.00946045
 0.00671387
 0.00427246
 0.00183105
-0.00061035
-0.00305176
-0.00610352
-0.00915527
-0.01251221
-0.01586914
-0.01953125
-0.02258301
-0.02532959
-0.02807617
-0.03082275
-0.03326416
-0.03540039
-0.03723145
-0.03906250
-0.03997803
-0.04089355
-0.04150391
-0.04211426
-0.04272461
-0.04394531
-0.04486084
-0.04608154
-0.04730225
-0.04791260
-0.04821777
-0.04821777
-0.04852295
-0.04821777
-0.04852295
-0.04852295
-0.04791260
-0.04730225
-0.04730225
-0.04760742
-0.04760742
-0.04791260
-0.04852295
-0.04943848
-0.04943848
-0.04913330
-0.04882813
-0.04852295
-0.04791260
-0.04699707
-0.04608154
-0.04516602
-0.04425049
-0.04364014
-0.04302979
-0.04241943
-0.04241943
-0.04241943
-0.04241943
-0.04211426
-0.04211426
-0.04180908
-0.04058838
-0.03936768
-0.03875732
-0.03784180
-0.03692627
-0.03540039
-0.03417969
-0.03356934
-0.03326416
-0.03356934
-0.03326416
-0.03295898
-0.03295898
-0.03265381
-0.03265381
-0.03204346
-0.03173828
-0.03204346
-0.03204346
-0.03173828
-0.03082275
-0.02990723
-0.02868652
-0.02716064
-0.02532959
-0.02349854
-0.02166748
-0.01983643
-0.01800537
-0.01617432
-0.01495361
-0.01373291
-0.01251221
-0.01129150
-0.01007080
-0.00915527
-0.00854492
-0.00762939
-0.00640869
-0.00457764
-0.00305176
-0.00152588
 0.00000000
 0.00183105
 0.00335693
 0.00427246
 0.00457764
 0.00518799
 0.00549316
 0.00549316
 0.00518799
 0.00457764
 0.00396729
 0.00366211
 0.00366211
 0.00396729
 0.00427246
 0.00488281
 0.00579834
 0.00701904
 0.00762939
 0.00823975
 0.00885010
 0.00976563
 0.01037598
 0.01007080
 0.00946045
 0.00915527
 0.00823975
 0.00762939
 0.00762939
 0.00823975
 0.00854492
 0.00885010
 0.00946045
 0.01037598
 0.01129150
 0.01220703
 0.01281738
 0.01281738
 0.01281738
 0.01220703
 0.01190186
 0.01098633
 0.01037598
 0.01007080
 0.01037598
 0.01037598
 0.01037598
 0.01068115
 0.01220703
 0.01373291
 0.01525879
 0.01617432
 0.01678467
 0.01708984
 0.01678467
 0.01586914
 0.01495361
 0.01495361
 0.01495361
 0.01434326
 0.01403809
 0.01495361
 0.01586914
 0.01678467
 0.01739502
 0.01800537
 0.01861572
 0.01861572
 0.01861572
 0.01861572
 0.01800537
 0.01647949
 0.01464844
 0.01251221
 0.01007080
 0.00854492
 0.00762939
 0.00640869
 0.00549316
 0.00488281
 0.00457764
 0.00305176
 0.00183105
 0.00030518
-0.00122070
-0.00244141
-0.00366211
-0.00549316
-0.00732422
-0.00915527
-0.01068115
-0.01159668
-0.01251221
-0.01312256
-0.01342773
-0.01373291
-0.01464844
-0.01586914
-0.01708984
-0.01861572
-0.02014160
-0.02227783
-0.02471924
-0.02777100
-0.03112793
-0.03417969
-0.03662109
-0.03875732
-0.04028320
-0.04180908
-0.04302979
-0.04394531
-0.04486084
-0.04547119
-0.04699707
-0.04882813
-0.05065918
-0.05187988
-0.05310059
-0.05462646
-0.05645752
-0.05798340
-0.05889893
-0.05950928
-0.05950928
-0.05920410
-0.05828857
-0.05737305
-0.05676270
-0.05554199
-0.05432129
-0.05310059
-0.05187988
-0.05096436
-0.05004883
-0.04943848
-0.04882813
-0.04821777
-0.04730225
-0.04669189
-0.04547119
-0.04455566
-0.04302979
-0.04089355
-0.03814697
-0.03540039
-0.03265381
-0.03021240
-0.02807617
-0.02593994
-0.02410889
-0.02288818
-0.02075195
-0.01892090
-0.01678467
-0.01464844
-0.01312256
-0.01098633
-0.00823975
-0.00579834
-0.00274658
 0.00000000
 0.00305176
 0.00549316
 0.00762939
 0.00946045
 0.01098633
 0.01251221
 0.01312256
 0.01342773
 0.01403809
 0.01495361
 0.01647949
 0.01770020
 0.01861572
 0.02014160
 0.02227783
 0.02410889
 0.02532959
 0.02716064
 0.02868652
 0.02990723
 0.03082275
 0.03143311
 0.03204346
 0.03295898
 0.03387451
 0.03479004
 0.03631592
 0.03784180
 0.03936768
 0.04119873
 0.04364014
 0.04608154
 0.04852295
 0.05065918
 0.05279541
 0.05523682
 0.05706787
 0.05859375
 0.06011963
 0.06103516
 0.06195068
 0.06256104
 0.06347656
 0.06408691
 0.06500244
 0.06500244
 0.06439209
 0.06439209
 0.06469727
 0.06530762
 0.06622314
 0.06683350
 0.06744385
 0.06805420
 0.06835938
 0.06835938
 0.06805420
 0.06744385
 0.06713867
 0.06683350
 0.06652832
 0.06652832
 0.06622314
 0.06683350
 0.06683350
 0.06683350
 0.06774902
 0.06774902
 0.06774902
 0.06713867
 0.06713867
 0.06713867
 0.06683350
 0.06622314
 0.06500244
 0.06408691
 0.06317139
 0.06195068
 0.06011963
 0.05798340
 0.05676270
 0.05554199
 0.05432129
 0.05279541
 0.05126953
 0.05004883
 0.04882813
 0.04730225
 0.04547119
 0.04364014
 0.04211426
 0.04119873
 0.04058838
 0.03967285
 0.03845215
 0.03723145
 0.03601074
 0.03448486
 0.03387451
 0.03356934
 0.03265381
 0.03143311
 0.03051758
 0.02929688
 0.02807617
 0.02624512
 0.02380371
 0.02105713
 0.01861572
 0.01617432
 0.01403809
 0.01159668
 0.00946045
 0.00762939
 0.00579834
 0.00396729
 0.00213623
 0.00061035
-0.00061035
-0.00244141
-0.00457764
-0.00671387
-0.00915527
-0.01098633
-0.01342773
-0.01586914
-0.01831055
-0.02044678
-0.02136230
-0.02258301
-0.02349854
-0.02441406
-0.02502441
-0.02563477
-0.02685547
-0.02807617
-0.02960205
-0.03143311
-0.03356934
-0.03570557
-0.03845215
-0.04119873
-0.04425049
-0.04638672
-0.04852295
-0.05096436
-0.05279541
-0.05493164
-0.05676270
-0.05920410
-0.06072998
-0.06286621
-0.06469727
-0.06713867
-0.06958008
-0.07202148
-0.07385254
-0.07568359
-0.07690430
-0.07781982
-0.07843018
-0.07873535
-0.07873535
-0.07843018
-0.07812500
-0.07812500
-0.07812500
-0.07781982
-0.07781982
-0.07781982
-0.07781982
-0.07812500
-0.07843018
-0.07843018
-0.07812500
-0.07781982
-0.07751465
-0.07659912
-0.07598877
-0.07507324
-0.07354736
-0.07202148
-0.07110596
-0.07049561
-0.06988525
-0.06927490
-0.06896973
-0.06835938
-0.06744385
-0.06713867
-0.06683350
-0.06561279
-0.06378174
-0.06195068
-0.05950928
-0.05706787
-0.05523682
-0.05310059
-0.05065918
-0.04821777
-0.04577637
-0.04364014
-0.04180908
-0.03997803
-0.03784180
-0.03570557
-0.03356934
-0.03173828
-0.02990723
-0.02777100
-0.02593994
-0.02380371
-0.02166748
-0.01953125
-0.01739502
-0.01525879
-0.01342773
-0.01129150
-0.00915527
-0.00762939
-0.00610352
-0.00488281
-0.00335693
-0.00152588
 0.00000000
 0.00152588
 0.00396729
 0.00640869
 0.00854492
 0.01068115
 0.01373291
 0.01678467
 0.02014160
 0.02319336
 0.02624512
 0.02899170
 0.03143311
 0.03356934
 0.03540039
 0.03723145
 0.03845215
 0.03967285
 0.04028320
 0.04119873
 0.04150391
 0.04180908
 0.04302979
 0.04486084
 0.04669189
 0.04821777
 0.04943848
 0.05035400
 0.05096436
 0.05126953
 0.05096436
 0.05065918
 0.05004883
 0.04943848
 0.04882813
 0.04821777
 0.04791260
 0.04821777
 0.04882813
 0.05004883
 0.05096436
 0.05157471
 0.05157471
 0.05187988
 0.05187988
 0.05126953
 0.05065918
 0.04943848
 0.04760742
 0.04608154
 0.04425049
 0.04211426
 0.04028320
 0.03814697
 0.03601074
 0.03417969
 0.03204346
 0.03051758
 0.02868652
 0.02655029
 0.02410889
 0.02105713
 0.01800537
 0.01556396
 0.01312256
 0.01068115
 0.00762939
 0.00488281
 0.00305176
 0.00122070
-0.00030518
-0.00122070
-0.00183105
-0.00244141
-0.00305176
-0.00335693
-0.00366211
-0.00427246
-0.00518799
-0.00610352
-0.00671387
-0.00793457
-0.00885010
-0.00915527
-0.00915527
-0.00915527
-0.00946045
-0.00915527
-0.00915527
-0.00915527
-0.00915527
-0.00946045
-0.01068115
-0.01190186
-0.01281738
-0.01403809
-0.01495361
-0.01617432
-0.01678467
-0.01708984
-0.01770020
-0.01831055
-0.01831055
-0.01800537
-0.01739502
-0.01647949
-0.01525879
-0.01434326
-0.01373291
-0.01312256
-0.01251221
-0.01190186
-0.01159668
-0.01098633
-0.01068115
-0.00976563
-0.00885010
-0.00823975
-0.00701904
-0.00610352
-0.00549316
-0.00457764
-0.00427246
-0.00396729
-0.00396729
-0.00335693
-0.00274658
-0.00274658
-0.00305176
-0.00396729
-0.00427246
-0.00396729
-0.00396729
-0.00335693
-0.00274658
-0.00122070
 0.00061035
 0.00244141
 0.00305176
 0.00396729
 0.00518799
 0.00610352
 0.00701904
 0.00793457
 0.00885010
 0.00946045
 0.01068115
 0.01159668
 0.01159668
 0.01251221
 0.01312256
 0.01342773
 0.01342773
 0.01373291
 0.01403809
 0.01464844
 0.01434326
 0.01342773
 0.01251221
 0.01159668
 0.01098633
 0.01007080
 0.00946045
 0.00976563
 0.00976563
 0.00946045
 0.00885010
 0.00854492
 0.00854492
 0.00823975
 0.00793457
 0.00732422
 0.00762939
 0.00823975
 0.00854492
 0.00854492
 0.00915527
 0.00915527
 0.00946045
 0.01007080
 0.01068115
 0.01159668
 0.01220703
 0.01281738
 0.01312256
 0.01342773
 0.01281738
 0.01190186
 0.01068115
 0.00976563
 0.00946045
 0.00885010
 0.00854492
 0.00854492
 0.00823975
 0.00793457
 0.00762939
 0.00762939
 0.00793457
 0.00854492
 0.00885010
 0.00915527
 0.00976563
 0.01007080
 0.00976563
 0.00976563
 0.01007080
 0.01007080
 0.01098633
 0.01251221
 0.01464844
 0.01617432
 0.01800537
 0.01983643
 0.02166748
 0.02319336
 0.02471924
 0.02532959
 0.02563477
 0.02593994
 0.02593994
 0.02502441
 0.02380371
 0.02258301
 0.02136230
 0.02044678
 0.01953125
 0.01831055
 0.01678467
 0.01586914
 0.01525879
 0.01464844
 0.01403809
 0.01281738
 0.01129150
 0.01037598
 0.00885010
 0.00640869
 0.00427246
 0.00244141
 0.00091553
-0.00061035
-0.00183105
-0.00244141
-0.00274658
-0.00244141
-0.00213623
-0.00183105
-0.00183105
-0.00183105
-0.00183105
-0.00244141
-0.00366211
-0.00549316
-0.00671387
-0.00823975
-0.01007080
-0.01190186
-0.01312256
-0.01403809
-0.01525879
-0.01586914
-0.01617432
-0.01678467
-0.01739502
-0.01831055
-0.01922607
-0.02044678
-0.02197266
-0.02349854
-0.02471924
-0.02563477
-0.02685547
-0.02777100
-0.02868652
-0.02899170
-0.02899170
-0.02868652
-0.02807617
-0.02746582
-0.02624512
-0.02532959
-0.02502441
-0.02532959
-0.02532959
-0.02655029
-0.02777100
-0.02929688
-0.03112793
-0.03295898
-0.03448486
-0.03631592
-0.03753662
-0.03784180
-0.03814697
-0.03845215
-0.03875732
-0.03936768
-0.03967285
-0.03967285
-0.04028320
-0.04089355
-0.04150391
-0.04241943
-0.04272461
-0.04364014
-0.04425049
-0.04455566
-0.04394531
-0.04302979
-0.04150391
-0.03967285
-0.03814697
-0.03692627
-0.03479004
-0.03234863
-0.03051758
-0.02899170
-0.02777100
-0.02685547
-0.02655029
-0.02624512
-0.02655029
-0.02624512
-0.02624512
-0.02532959
-0.02471924
-0.02441406
-0.02410889
-0.02349854
-0.02227783
-0.02075195
-0.01983643
-0.01953125
-0.01953125
-0.01892090
-0.01800537
-0.01708984
-0.01647949
-0.01647949
-0.01586914
-0.01464844
-0.01281738
-0.01098633
-0.00915527
-0.00701904
-0.00518799
-0.00335693
-0.00183105
-0.00061035
-0.00030518
 0.00061035
 0.00122070
 0.00183105
 0.00213623
 0.00213623
 0.00274658
 0.00335693
 0.00396729
 0.00488281
 0.00549316
 0.00610352
 0.00732422
 0.00793457
 0.00823975
 0.00854492
 0.00885010
 0.00915527
 0.00915527
 0.00854492
 0.00823975
 0.00885010
 0.00946045
 0.01037598
 0.01159668
 0.01312256
 0.01495361
 0.01678467
 0.01861572
 0.02044678
 0.02197266
 0.02349854
 0.02502441
 0.02624512
 0.02685547
 0.02716064
 0.02716064
 0.02716064
 0.02746582
 0.02807617
 0.02807617
 0.02807617
 0.02868652
 0.02960205
 0.03021240
 0.03082275
 0.03082275
 0.03021240
 0.02960205
 0.02899170
 0.02838135
 0.02746582
 0.02685547
 0.02655029
 0.02624512
 0.02655029
 0.02716064
 0.02746582
 0.02807617
 0.02899170
 0.02990723
 0.03112793
 0.03173828
 0.03204346
 0.03234863
 0.03204346
 0.03173828
 0.03143311
 0.03112793
 0.03082275
 0.03082275
 0.03051758
 0.03112793
 0.03173828
 0.03234863
 0.03234863
 0.03265381
 0.03265381
 0.03265381
 0.03234863
 0.03143311
 0.02990723
 0.02838135
 0.02716064
 0.02563477
 0.02471924
 0.02380371
 0.02258301
 0.02197266
 0.02258301
 0.02288818
 0.02380371
 0.02532959
 0.02593994
 0.02655029
 0.02746582
 0.02807617
 0.02807617
 0.02777100
 0.02716064
 0.02624512
 0.02593994
 0.02593994
 0.02563477
 0.02532959
 0.02471924
 0.02441406
 0.02410889
 0.02441406
 0.02410889
 0.02319336
 0.02197266
 0.02105713
 0.01953125
 0.01831055
 0.01678467
 0.01525879
 0.01342773
 0.01220703
 0.01098633
 0.01007080
 0.00946045
 0.00885010
 0.00823975
 0.00762939
 0.00793457
 0.00793457
 0.00793457
 0.00793457
 0.00762939
 0.00701904
 0.00701904
 0.00671387
 0.00640869
 0.00610352
 0.00640869
 0.00671387
 0.00701904
 0.00701904
 0.00701904
 0.00671387
 0.00701904
 0.00640869
 0.00518799
 0.00396729
 0.00274658
 0.00122070
-0.00091553
-0.00274658
-0.00427246
-0.00579834
-0.00701904
-0.00762939
-0.00854492
-0.00946045
-0.01037598
-0.01098633
-0.01159668
-0.01281738
-0.01464844
-0.01617432
-0.01800537
-0.01922607
-0.02075195
-0.02166748
-0.02227783
-0.02258301
-0.02319336
-0.02349854
-0.02410889
-0.02441406
-0.02471924
-0.02563477
-0.02685547
-0.02868652
-0.03051758
-0.03265381
-0.03509521
-0.03753662
-0.03936768
-0.04058838
-0.04150391
-0.04272461
-0.04364014
-0.04425049
-0.04516602
-0.04547119
-0.04547119
-0.04577637
-0.04608154
-0.04638672
-0.04669189
-0.04699707
-0.04730225
-0.04699707
-0.04638672
-0.04547119
-0.04486084
-0.04394531
-0.04272461
-0.04058838
-0.03845215
-0.03692627
-0.03540039
-0.03448486
-0.03387451
-0.03356934
-0.03326416
-0.03326416
-0.03387451
-0.03448486
-0.03509521
-0.03540039
-0.03540039
-0.03509521
-0.03448486
-0.03387451
-0.03265381
-0.03143311
-0.03021240
-0.02899170
-0.02807617
-0.02777100
-0.02777100
-0.02777100
-0.02807617
-0.02777100
-0.02777100
-0.02716064
-0.02624512
-0.02471924
-0.02319336
-0.02136230
-0.01892090
-0.01647949
-0.01403809
-0.01159668
-0.00976563
-0.00793457
-0.00640869
-0.00579834
-0.00640869
-0.00671387
-0.00732422
-0.00793457
-0.00793457
-0.00762939
-0.00732422
-0.00732422
-0.00732422
-0.00671387
-0.00579834
-0.00396729
-0.00244141
-0.00152588
-0.00091553
 0.00000000
 0.00000000
 0.00000000
 0.00061035
 0.00091553
 0.00152588
 0.00122070
 0.00152588
 0.00244141
 0.00427246
 0.00640869
 0.00885010
 0.01068115
 0.01220703
 0.01373291
 0.01434326
 0.01464844
 0.01495361
 0.01434326
 0.01342773
 0.01251221
 0.01220703
 0.01190186
 0.01159668
 0.01190186
 0.01220703
 0.01312256
 0.01464844
 0.01556396
 0.01617432
 0.01647949
 0.01647949
 0.01617432
 0.01586914
 0.01586914
 0.01556396
 0.01556396
 0.01525879
 0.01556396
 0.01678467
 0.01831055
 0.02044678
 0.02258301
 0.02441406
 0.02624512
 0.02807617
 0.02990723
 0.03112793
 0.03143311
 0.03051758
 0.02960205
 0.02868652
 0.02777100
 0.02716064
 0.02685547
 0.02655029
 0.02624512
 0.02563477
 0.02593994
 0.02655029
 0.02746582
 0.02777100
 0.02777100
 0.02716064
 0.02624512
 0.02532959
 0.02380371
 0.02227783
 0.02075195
 0.01983643
 0.01953125
 0.01922607
 0.01953125
 0.02014160
 0.02075195
 0.02197266
 0.02349854
 0.02471924
 0.02563477
 0.02563477
 0.02502441
 0.02410889
 0.02288818
 0.02136230
 0.01953125
 0.01800537
 0.01617432
 0.01434326
 0.01312256
 0.01220703
 0.01129150
 0.01037598
 0.00976563
 0.00915527
 0.00854492
 0.00793457
 0.00701904
 0.00610352
 0.00488281
 0.00366211
 0.00244141
 0.00091553
-0.00061035
-0.00152588
-0.00213623
-0.00244141
-0.00274658
-0.00244141
-0.00152588
-0.00122070
-0.00061035
 0.00030518
 0.00061035
 0.00061035
 0.00030518
 0.00030518
 0.00000000
-0.00091553
-0.00244141
-0.00335693
-0.00396729
-0.00457764
-0.00549316
-0.00610352
-0.00671387
-0.00793457
-0.00915527
-0.00946045
-0.00976563
-0.01037598
-0.01190186
-0.01281738
-0.01312256
-0.01312256
-0.01342773
-0.01434326
-0.01525879
-0.01556396
-0.01586914
-0.01525879
-0.01495361
-0.01464844
-0.01403809
-0.01281738
-0.01159668
-0.01007080
-0.00854492
-0.00793457
-0.00762939
-0.00701904
-0.00732422
-0.00732422
-0.00732422
-0.00762939
-0.00823975
-0.00915527
-0.00976563
-0.00976563
-0.00946045
-0.00885010
-0.00793457
-0.00671387
-0.00549316
-0.00457764
-0.00396729
-0.00366211
-0.00335693
-0.00305176
-0.00305176
-0.00335693
-0.00366211
-0.00305176
-0.00244141
-0.00152588
-0.00061035
 0.00091553
 0.00274658
 0.00488281
 0.00671387
 0.00854492
 0.01068115
 0.01220703
 0.01373291
 0.01464844
 0.01495361
 0.01434326
 0.01403809
 0.01373291
 0.01373291
 0.01373291
 0.01373291
 0.01373291
 0.01464844
 0.01525879
 0.01556396
 0.01525879
 0.01464844
 0.01434326
 0.01464844
 0.01495361
 0.01495361
 0.01434326
 0.01373291
 0.01373291
 0.01373291
 0.01403809
 0.01495361
 0.01586914
 0.01708984
 0.01770020
 0.01861572
 0.01953125
 0.02014160
 0.02014160
 0.01983643
 0.01892090
 0.01861572
 0.01800537
 0.01678467
 0.01525879
 0.01464844
 0.01464844
 0.01342773
 0.01251221
 0.01129150
 0.01037598
 0.00915527
 0.00762939
 0.00640869
 0.00488281
 0.00335693
 0.00152588
-0.00091553
-0.00335693
-0.00518799
-0.00701904
-0.00823975
-0.00915527
-0.01007080
-0.01037598
-0.01007080
-0.01007080
-0.01007080
-0.01037598
-0.01037598
-0.01007080
-0.01037598
-0.01098633
-0.01220703
-0.01403809
-0.01586914
-0.01678467
-0.01739502
-0.01800537
-0.01831055
-0.01861572
-0.01831055
-0.01831055
-0.01831055
-0.01861572
-0.01922607
-0.01983643
-0.02044678
-0.02136230
-0.02258301
-0.02380371
-0.02502441
-0.02624512
-0.02716064
-0.02716064
-0.02716064
-0.02685547
-0.02624512
-0.02502441
-0.02380371
-0.02227783
-0.02136230
-0.02075195
-0.02075195
-0.02075195
-0.02105713
-0.02166748
-0.02197266
-0.02197266
-0.02227783
-0.02227783
-0.02227783
-0.02166748
-0.02105713
-0.02075195
-0.02044678
-0.02044678
-0.02044678
-0.02044678
-0.02044678
-0.02075195
-0.02136230
-0.02258301
-0.02258301
-0.02319336
-0.02349854
-0.02319336
-0.02258301
-0.02136230
-0.02044678
-0.01922607
-0.01770020
-0.01617432
-0.01464844
-0.01342773
-0.01190186
-0.01037598
-0.00946045
-0.00885010
-0.00762939
-0.00701904
-0.00671387
-0.00579834
-0.00457764
-0.00366211
-0.00305176
-0.00244141
-0.00183105
-0.00213623
-0.00183105
-0.00152588
-0.00183105
-0.00152588
-0.00183105
-0.00213623
-0.00213623
-0.00183105
-0.00152588
-0.00152588
-0.00152588
-0.00091553
-0.00030518
 0.00030518
 0.00061035
 0.00091553
 0.00122070
 0.00213623
 0.00335693
 0.00366211
 0.00366211
 0.00427246
 0.00488281
 0.00549316
 0.00610352
 0.00640869
 0.00610352
 0.00549316
 0.00549316
 0.00549316
 0.00518799
 0.00457764
 0.00427246
 0.00427246
 0.00396729
 0.00335693
 0.00274658
 0.00274658
 0.00274658
 0.00274658
 0.00213623
 0.00213623
 0.00152588
 0.00122070
 0.00122070
 0.00122070
 0.00122070
 0.00122070
 0.00183105
 0.00274658
 0.00335693
 0.00366211
 0.00366211
 0.00427246
 0.00549316
 0.00732422
 0.00823975
 0.00946045
 0.01007080
 0.01037598
 0.01098633
 0.01220703
 0.01281738
 0.01281738
 0.01281738
 0.01342773
 0.01373291
 0.01342773
 0.01342773
 0.01281738
 0.01220703
 0.01159668
 0.01098633
 0.01037598
 0.01007080
 0.01037598
 0.01068115
 0.01098633
 0.01129150
 0.01098633
 0.01037598
 0.01007080
 0.01007080
 0.01037598
 0.01068115
 0.01037598
 0.01037598
 0.01068115
 0.01159668
 0.01190186
 0.01190186
 0.01190186
 0.01159668
 0.01159668
 0.01129150
 0.01129150
 0.01129150
 0.01098633
 0.01037598
 0.00946045
 0.00793457
 0.00610352
 0.00518799
 0.00488281
 0.00457764
 0.00427246
 0.00366211
 0.00366211
 0.00366211
 0.00335693
 0.00335693
 0.00305176
 0.00305176
 0.00366211
 0.00396729
 0.00427246
 0.00488281
 0.00549316
 0.00579834
 0.00610352
 0.00701904
 0.00793457
 0.00885010
 0.01007080
 0.01098633
 0.01159668
 0.01190186
 0.01190186
 0.01220703
 0.01281738
 0.01251221
 0.01190186
 0.01159668
 0.01129150
 0.01129150
 0.01159668
 0.01129150
 0.01129150
 0.01068115
 0.01007080
 0.00976563
 0.00976563
 0.01007080
 0.00976563
 0.00915527
 0.00854492
 0.00823975
 0.00823975
 0.00823975
 0.00823975
 0.00854492
 0.00854492
 0.00915527
 0.00976563
 0.00976563
 0.00946045
 0.00976563
 0.01037598
 0.01068115
 0.01068115
 0.01037598
 0.01007080
 0.01007080
 0.01037598
 0.01037598
 0.01037598
 0.00976563
 0.00946045
 0.00915527
 0.00885010
 0.00793457
 0.00732422
 0.00701904
 0.00640869
 0.00640869
 0.00610352
 0.00579834
 0.00579834
 0.00610352
 0.00671387
 0.00762939
 0.00823975
 0.00885010
 0.00915527
 0.00915527
 0.00976563
 0.01037598
 0.01098633
 0.01129150
 0.01159668
 0.01129150
 0.01159668
 0.01220703
 0.01281738
 0.01403809
 0.01525879
 0.01586914
 0.01647949
 0.01647949
 0.01586914
 0.01525879
 0.01464844
 0.01403809
 0.01251221
 0.01159668
 0.01098633
 0.00976563
 0.00854492
 0.00732422
 0.00671387
 0.00610352
 0.00610352
 0.00579834
 0.00518799
 0.00427246
 0.00335693
 0.00244141
 0.00152588
 0.00000000
-0.00152588
-0.00274658
-0.00366211
-0.00457764
-0.00549316
-0.00579834
-0.00610352
-0.00579834
-0.00610352
-0.00671387
-0.00671387
-0.00701904
-0.00793457
-0.00946045
-0.01159668
-0.01373291
-0.01525879
-0.01708984
-0.01892090
-0.02075195
-0.02258301
-0.02380371
-0.02471924
-0.02471924
-0.02563477
-0.02655029
-0.02716064
-0.02746582
-0.02777100
-0.02838135
-0.02990723
-0.03112793
-0.03173828
-0.03265381
-0.03356934
-0.03448486
-0.03479004
-0.03570557
-0.03601074
-0.03631592
-0.03662109
-0.03662109
-0.03631592
-0.03570557
-0.03570557
-0.03631592
-0.03723145
-0.03784180
-0.03906250
-0.04028320
-0.04150391
-0.04272461
-0.04394531
-0.04577637
-0.04669189
-0.04730225
-0.04791260
-0.04791260
-0.04760742
-0.04699707
-0.04669189
-0.04608154
-0.04547119
-0.04516602
-0.04486084
-0.04455566
-0.04364014
-0.04272461
-0.04211426
-0.04119873
-0.03967285
-0.03814697
-0.03662109
-0.03509521
-0.03387451
-0.03234863
-0.03051758
-0.02929688
-0.02807617
-0.02746582
-0.02655029
-0.02563477
-0.02471924
-0.02380371
-0.02288818
-0.02258301
-0.02227783
-0.02105713
-0.01983643
-0.01892090
-0.01800537
-0.01678467
-0.01525879
-0.01403809
-0.01251221
-0.01068115
-0.00915527
-0.00762939
-0.00549316
-0.00366211
-0.00122070
 0.00061035
 0.00244141
 0.00427246
 0.00610352
 0.00793457
 0.00946045
 0.01098633
 0.01281738
 0.01464844
 0.01678467
 0.01861572
 0.02014160
 0.02136230
 0.02288818
 0.02410889
 0.02502441
 0.02563477
 0.02624512
 0.02655029
 0.02685547
 0.02716064
 0.02746582
 0.02777100
 0.02807617
 0.02868652
 0.02960205
 0.03082275
 0.03173828
 0.03265381
 0.03356934
 0.03417969
 0.03509521
 0.03570557
 0.03662109
 0.03692627
 0.03723145
 0.03753662
 0.03723145
 0.03692627
 0.03723145
 0.03753662
 0.03784180
 0.03845215
 0.03875732
 0.03875732
 0.03845215
 0.03845215
 0.03845215
 0.03814697
 0.03723145
 0.03723145
 0.03662109
 0.03601074
 0.03509521
 0.03387451
 0.03356934
 0.03295898
 0.03234863
 0.03173828
 0.03112793
 0.03112793
 0.03112793
 0.03082275
 0.03082275
 0.03143311
 0.03173828
 0.03265381
 0.03295898
 0.03295898
 0.03265381
 0.03204346
 0.03234863
 0.03173828
 0.03143311
 0.03082275
 0.03051758
 0.02990723
 0.02929688
 0.02807617
 0.02685547
 0.02563477
 0.02471924
 0.02349854
 0.02227783
 0.02075195
 0.01953125
 0.01831055
 0.01647949
 0.01525879
 0.01373291
 0.01220703
 0.01068115
 0.00946045
 0.00854492
 0.00762939
 0.00671387
 0.00549316
 0.00488281
 0.00427246
 0.00457764
 0.00427246
 0.00366211
 0.00274658
 0.00183105
 0.00091553
 0.00030518
 0.00000000
-0.00091553
-0.00152588
-0.00244141
-0.00274658
-0.00335693
-0.00396729
-0.00427246
-0.00488281
-0.00549316
-0.00640869
-0.00762939
-0.00823975
-0.00915527
-0.00946045
-0.01007080
-0.01129150
-0.01281738
-0.01403809
-0.01464844
-0.01495361
-0.01525879
-0.01586914
-0.01647949
-0.01678467
-0.01678467
-0.01617432
-0.01617432
-0.01678467
-0.01708984
-0.01678467
-0.01647949
-0.01586914
-0.01617432
-0.01617432
-0.01617432
-0.01647949
-0.01678467
-0.01647949
-0.01678467
-0.01708984
-0.01770020
-0.01831055
-0.01861572
-0.01800537
-0.01708984
-0.01647949
-0.01678467
-0.01708984
-0.01739502
-0.01770020
-0.01831055
-0.01861572
-0.01861572
-0.01892090
-0.01922607
-0.01922607
-0.01922607
-0.01892090
-0.01831055
-0.01800537
-0.01739502
-0.01678467
-0.01586914
-0.01495361
-0.01464844
-0.01434326
-0.01342773
-0.01281738
-0.01251221
-0.01220703
-0.01129150
-0.01068115
-0.01037598
-0.01037598
-0.00976563
-0.00885010
-0.00793457
-0.00823975
-0.00854492
-0.00823975
-0.00793457
-0.00854492
-0.00854492
-0.00823975
-0.00762939
-0.00732422
-0.00701904
-0.00610352
-0.00549316
-0.00457764
-0.00366211
-0.00244141
-0.00183105
-0.00091553
 0.00000000
 0.00061035
 0.00152588
 0.00213623
 0.00305176
 0.00366211
 0.00366211
 0.00427246
 0.00518799
 0.00549316
 0.00640869
 0.00701904
