-0.00061035
-0.00061035
-0.00091553
-0.00122070
-0.00122070
-0.00091553
-0.00091553
-0.00061035
-0.00091553
-0.00091553
-0.00091553
-0.00122070
-0.00122070
-0.00061035
-0.00091553
-0.00122070
-0.00091553
-0.00061035
-0.00091553
-0.00122070
-0.00091553
-0.00091553
-0.00122070
-0.00122070
-0.00122070
-0.00091553
-0.00030518
 0.00000000
-0.00030518
-0.00061035
-0.00091553
-0.00091553
-0.00091553
-0.00091553
-0.00061035
-0.00061035
-0.00061035
-0.00061035
-0.00030518
-0.00030518
-0.00030518
-0.00061035
-0.00061035
-0.00061035
-0.00061035
-0.00061035
-0.00061035
-0.00030518
 0.00000000
 0.00000000
-0.00061035
-0.00091553
-0.00061035
-0.00030518
-0.00061035
-0.00061035
-0.00061035
-0.00061035
-0.00061035
-0.00030518
-0.00061035
-0.00061035
-0.00061035
-0.00122070
-0.00152588
-0.00122070
-0.00091553
-0.00061035
-0.00061035
-0.00061035
-0.00061035
-0.00030518
-0.00030518
-0.00030518
-0.00030518
 0.00000000
-0.00061035
-0.00061035
-0.00061035
-0.00061035
-0.00091553
-0.00091553
-0.00091553
-0.00152588
-0.00152588
-0.00152588
-0.00091553
-0.00091553
-0.00122070
-0.00213623
-0.00335693
-0.00457764
-0.00549316
-0.00640869
-0.00671387
-0.00640869
 0.00030518
-0.03662109
-0.23132324
-0.53985596
-0.89263916
-1.10260010
-1.08947754
-0.86517334
-0.52581787
-0.28747559
-0.11108398
 0.05279541
 0.21392822
 0.40222168
 0.68542480
 0.88897705
 0.78857422
 0.55358887
 0.60699463
 0.84411621
 0.79284668
 0.10345459
-0.66833496
-1.28967285
-1.67449951
-1.60980225
-0.96282959
 0.07354736
 0.81878662
 1.42089844
 1.76208496
 1.70166016
 1.19384766
 0.56091309
 0.38604736
 0.34149170
 0.03936768
-0.42327881
-0.78155518
-0.85540771
-0.82733154
-0.78765869
-0.59387207
-0.22796631
 0.08697510
 0.47851563
 0.80596924
 1.04888916
 0.95886230
 0.54992676
 0.30578613
 0.21820068
 0.16052246
-0.11627197
-0.49499512
-0.77392578
-0.77301025
-0.69824219
-0.65063477
-0.51452637
-0.11413574
 0.34515381
 0.69732666
 0.77148438
 0.77301025
 0.91552734
 1.00250244
 0.78735352
 0.25939941
-0.34912109
-0.90057373
-1.22131348
-1.18164063
-0.80688477
-0.27862549
 0.23376465
 0.73791504
 1.02722168
 1.01989746
 0.72113037
 0.41687012
 0.36254883
 0.47515869
 0.47729492
 0.14892578
-0.25817871
-0.58898926
-0.72174072
-0.70404053
-0.60150146
-0.43334961
-0.19958496
 0.10711670
 0.43701172
 0.58380127
 0.52368164
 0.36682129
 0.22277832
 0.05645752
-0.05126953
-0.08239746
-0.08178711
-0.11993408
-0.24749756
-0.43975830
-0.61462402
-0.70617676
-0.67962646
-0.51666260
-0.26275635
 0.02014160
 0.35705566
 0.58135986
 0.70251465
 0.68511963
 0.45196533
 0.13214111
-0.25573730
-0.55328369
-0.74920654
-0.83251953
-0.73333740
-0.49011230
-0.28503418
-0.13793945
 0.01037598
 0.17974854
 0.34362793
 0.49285889
 0.57952881
 0.56396484
 0.43518066
 0.18676758
-0.15930176
-0.46447754
-0.61370850
-0.60424805
-0.47943115
-0.31066895
-0.13854980
 0.00061035
 0.05889893
 0.07659912
 0.11413574
 0.17639160
 0.24200439
 0.30334473
 0.33325195
 0.33081055
 0.22033691
-0.02197266
-0.25177002
-0.42175293
-0.50292969
-0.50354004
-0.40863037
-0.27282715
-0.10986328
 0.04821777
 0.19317627
 0.29266357
 0.32165527
 0.29907227
 0.24383545
 0.16967773
 0.06256104
-0.06988525
-0.18981934
-0.28808594
-0.35400391
-0.35949707
-0.31219482
-0.23468018
-0.13671875
-0.03936768
 0.05340576
 0.13916016
 0.21148682
 0.26855469
 0.29113770
 0.23590088
 0.10833740
-0.03204346
-0.12939453
-0.18768311
-0.23254395
-0.26977539
-0.26947021
-0.21667480
-0.13305664
-0.05187988
 0.02258301
 0.11901855
 0.24169922
 0.34790039
 0.36773682
 0.30334473
 0.17120361
 0.01586914
-0.10589600
-0.18188477
-0.21484375
-0.22399902
-0.21240234
-0.15960693
-0.06378174
 0.03601074
 0.11047363
 0.17395020
 0.23559570
 0.28625488
 0.29388428
 0.23864746
 0.16784668
 0.10864258
 0.03845215
-0.03875732
-0.10467529
-0.16937256
-0.22521973
-0.22827148
-0.16479492
-0.05828857
 0.05981445
 0.18310547
 0.32073975
 0.39916992
 0.38116455
 0.30731201
 0.16815186
 0.02532959
-0.08026123
-0.15716553
-0.20050049
-0.22369385
-0.25207520
-0.27740479
-0.25665283
-0.17791748
-0.05828857
 0.07324219
 0.19256592
 0.27770996
 0.30639648
 0.24566650
 0.11016846
-0.02410889
-0.10375977
-0.15136719
-0.19165039
-0.23834229
-0.28320313
-0.30120850
-0.28442383
-0.23071289
-0.12969971
 0.01403809
 0.15899658
 0.28350830
 0.33081055
 0.33874512
 0.25909424
 0.12664795
 0.00915527
-0.06439209
-0.12207031
-0.16845703
-0.19134521
-0.18310547
-0.14404297
-0.07537842
 0.02410889
 0.14465332
 0.26336670
 0.33874512
 0.34210205
 0.29876709
 0.18127441
 0.06408691
-0.01586914
-0.07507324
-0.11688232
-0.13641357
-0.13641357
-0.12054443
-0.08789063
-0.03448486
 0.04150391
 0.13153076
 0.21331787
 0.26672363
 0.27343750
 0.20538330
 0.08331299
-0.03173828
-0.10833740
-0.16815186
-0.22644043
-0.27252197
-0.28106689
-0.25299072
-0.20324707
-0.13824463
-0.05615234
 0.03875732
 0.12145996
 0.17211914
 0.18188477
 0.13916016
 0.07171631
 0.00823975
-0.05615234
-0.12725830
-0.18951416
-0.22674561
-0.23315430
-0.20996094
-0.16204834
-0.09338379
-0.00976563
 0.07934570
 0.15747070
 0.21362305
 0.23956299
 0.21057129
 0.14099121
 0.07629395
 0.02288818
-0.03692627
-0.09521484
-0.12878418
-0.13305664
-0.11718750
-0.08575439
-0.03723145
 0.02777100
 0.10314941
 0.17883301
 0.24169922
 0.27801514
 0.25665283
 0.17395020
 0.08148193
 0.01098633
-0.05310059
-0.11230469
-0.14739990
-0.14984131
-0.12908936
-0.09338379
-0.04730225
 0.00488281
 0.05920410
 0.11077881
 0.15289307
 0.17059326
 0.14770508
 0.09124756
 0.02044678
-0.05767822
-0.13946533
-0.20660400
-0.23834229
-0.23193359
-0.19714355
-0.13977051
-0.06713867
 0.00793457
 0.06683350
 0.10589600
 0.11657715
 0.09399414
 0.05767822
 0.02349854
-0.01190186
-0.05187988
-0.09155273
-0.12145996
-0.13183594
-0.11993408
-0.08972168
-0.04669189
 0.00396729
 0.05615234
 0.10101318
 0.12817383
 0.12939453
 0.11779785
 0.11199951
 0.11016846
 0.10009766
 0.06958008
 0.01831055
-0.03875732
-0.08514404
-0.11352539
-0.11962891
-0.10040283
-0.05828857
-0.00183105
 0.05859375
 0.11322021
 0.15472412
 0.17211914
 0.15899658
 0.13336182
 0.10864258
 0.07568359
 0.02624512
-0.03112793
-0.07965088
-0.11077881
-0.12176514
-0.11322021
-0.08697510
-0.04852295
-0.00427246
 0.03967285
 0.07537842
 0.09124756
 0.08239746
 0.05859375
 0.03082275
-0.00152588
-0.03906250
-0.07507324
-0.10131836
-0.11474609
-0.11383057
-0.09979248
-0.07446289
-0.04180908
-0.00579834
 0.02868652
 0.05676270
 0.07293701
 0.07629395
 0.07019043
 0.05493164
 0.02716064
-0.00946045
-0.04730225
-0.07873535
-0.09918213
-0.10589600
-0.09826660
-0.07965088
-0.05493164
-0.02685547
 0.00213623
 0.02929688
 0.05218506
 0.06805420
 0.07354736
 0.06683350
 0.04821777
 0.02319336
-0.00244141
-0.02471924
-0.04089355
-0.04791260
-0.04486084
-0.03479004
-0.01953125
-0.00122070
 0.01922607
 0.03784180
 0.05187988
 0.06286621
 0.07354736
 0.07995605
 0.07659912
 0.06225586
 0.04211426
 0.01983643
-0.00091553
-0.01556396
-0.02014160
-0.01770020
-0.01159668
-0.00305176
 0.00823975
 0.02105713
 0.03295898
 0.04058838
 0.04150391
 0.03417969
 0.01922607
 0.00091553
-0.01739502
-0.03356934
-0.04730225
-0.05889893
-0.06835938
-0.07598877
-0.08026123
-0.07812500
-0.06866455
-0.05371094
-0.03601074
-0.01861572
-0.00457764
 0.00274658
 0.00274658
-0.00122070
-0.00640869
-0.01281738
-0.01892090
-0.02105713
-0.01953125
-0.01678467
-0.01464844
-0.01373291
-0.01220703
-0.01007080
-0.00640869
 0.00061035
 0.00946045
 0.01678467
 0.01953125
 0.01953125
 0.01861572
 0.01831055
 0.01953125
 0.02319336
 0.02777100
 0.03021240
 0.02929688
 0.02563477
 0.02166748
 0.01892090
 0.01892090
 0.02197266
 0.02624512
 0.02929688
 0.03051758
 0.02990723
 0.02624512
 0.02014160
 0.01373291
 0.00762939
-0.00030518
-0.00946045
-0.01586914
-0.01739502
-0.01586914
-0.01312256
-0.00823975
-0.00091553
 0.00610352
 0.01129150
 0.01434326
 0.01373291
 0.00823975
-0.00183105
-0.01312256
-0.02227783
-0.02868652
-0.03204346
-0.03173828
-0.03021240
-0.02990723
-0.03082275
-0.03143311
-0.03112793
-0.02960205
-0.02624512
-0.02075195
-0.01525879
-0.01159668
-0.01129150
-0.01159668
-0.01159668
-0.01190186
-0.01190186
-0.01098633
-0.00976563
-0.00854492
-0.00640869
-0.00183105
 0.00396729
 0.01007080
 0.01617432
 0.02197266
 0.02563477
 0.02716064
 0.02746582
 0.02777100
 0.02777100
 0.02685547
 0.02563477
 0.02532959
 0.02532959
 0.02624512
 0.02868652
 0.03356934
 0.03753662
 0.03997803
 0.04150391
 0.04211426
 0.03936768
 0.03234863
 0.02227783
 0.01129150
-0.00030518
-0.00976563
-0.01464844
-0.01495361
-0.01373291
-0.01220703
-0.01007080
-0.00793457
-0.00701904
-0.00610352
-0.00457764
-0.00396729
-0.00640869
-0.01373291
-0.02319336
-0.03356934
-0.04364014
-0.05065918
-0.05340576
-0.05187988
-0.04821777
-0.04333496
-0.03662109
-0.02838135
-0.02136230
-0.01556396
-0.01159668
-0.00823975
-0.00610352
-0.00457764
-0.00457764
-0.00671387
-0.01098633
-0.01556396
-0.01831055
-0.01800537
-0.01342773
-0.00488281
 0.00701904
 0.01892090
 0.02685547
 0.03173828
 0.03265381
 0.03112793
 0.02868652
 0.02655029
 0.02563477
 0.02563477
 0.02563477
 0.02716064
 0.02990723
 0.03387451
 0.03845215
 0.04394531
 0.04974365
 0.05462646
 0.05889893
 0.06225586
 0.06408691
 0.06164551
 0.05371094
 0.04364014
 0.03326416
 0.02258301
 0.01312256
 0.00579834
 0.00061035
-0.00366211
-0.00732422
-0.00915527
-0.00885010
-0.00762939
-0.00549316
-0.00396729
-0.00457764
-0.00885010
-0.01464844
-0.02014160
-0.02593994
-0.03173828
-0.03692627
-0.04058838
-0.04272461
-0.04364014
-0.04211426
-0.03845215
-0.03417969
-0.02990723
-0.02563477
-0.02227783
-0.02075195
-0.02075195
-0.02197266
-0.02288818
-0.02502441
-0.02838135
-0.03082275
-0.03082275
-0.02838135
-0.02380371
-0.01647949
-0.00762939
 0.00122070
 0.00946045
 0.01739502
 0.02532959
 0.03112793
 0.03356934
 0.03326416
 0.03021240
 0.02441406
 0.01770020
 0.01190186
 0.00823975
 0.00671387
 0.00640869
 0.00793457
 0.01068115
 0.01312256
 0.01495361
 0.01647949
 0.01800537
 0.01831055
 0.01739502
 0.01495361
 0.01159668
 0.00640869
 0.00030518
-0.00579834
-0.01068115
-0.01464844
-0.01647949
-0.01586914
-0.01312256
-0.00946045
-0.00518799
-0.00213623
-0.00061035
-0.00030518
-0.00213623
-0.00549316
-0.01068115
-0.01861572
-0.02777100
-0.03631592
-0.04333496
-0.04791260
-0.04913330
-0.04669189
-0.04211426
-0.03570557
-0.02899170
-0.02166748
-0.01434326
-0.00762939
-0.00213623
 0.00183105
 0.00335693
 0.00244141
 0.00061035
-0.00091553
-0.00152588
-0.00152588
-0.00061035
 0.00183105
 0.00549316
 0.00976563
 0.01525879
 0.02166748
 0.02746582
 0.03143311
 0.03448486
 0.03631592
 0.03662109
 0.03479004
 0.03204346
 0.02899170
 0.02471924
 0.02014160
 0.01770020
 0.01770020
 0.01922607
 0.02136230
 0.02410889
 0.02593994
 0.02685547
 0.02624512
 0.02471924
 0.02258301
 0.01983643
 0.01739502
 0.01495361
 0.01281738
 0.01037598
 0.00854492
 0.00762939
 0.00793457
 0.00823975
 0.00885010
 0.00976563
 0.01007080
 0.01037598
 0.01007080
 0.00946045
 0.00701904
 0.00366211
 0.00030518
-0.00183105
-0.00366211
-0.00488281
-0.00549316
-0.00579834
-0.00579834
-0.00610352
-0.00579834
-0.00366211
-0.00122070
 0.00061035
 0.00213623
 0.00396729
 0.00518799
 0.00488281
 0.00427246
 0.00366211
 0.00427246
 0.00488281
 0.00640869
 0.00793457
 0.00885010
 0.00915527
 0.01068115
 0.01251221
 0.01403809
 0.01556396
 0.01708984
 0.01800537
 0.01831055
 0.01800537
 0.01770020
 0.01770020
 0.01739502
 0.01678467
 0.01739502
 0.01770020
 0.01739502
 0.01617432
 0.01464844
 0.01312256
 0.01190186
 0.01129150
 0.01098633
 0.01098633
 0.01037598
 0.00946045
 0.00762939
 0.00579834
 0.00396729
 0.00244141
 0.00122070
-0.00030518
-0.00244141
-0.00457764
-0.00640869
-0.00823975
-0.00976563
-0.01129150
-0.01220703
-0.01373291
-0.01647949
-0.01922607
-0.02166748
-0.02441406
-0.02716064
-0.02838135
-0.02868652
-0.02868652
-0.02868652
-0.02777100
-0.02685547
-0.02685547
-0.02777100
-0.02838135
-0.02868652
-0.02899170
-0.02960205
-0.03021240
-0.03112793
-0.03234863
-0.03295898
-0.03265381
-0.03143311
-0.02960205
-0.02716064
-0.02441406
-0.02136230
-0.01861572
-0.01586914
-0.01373291
-0.01190186
-0.01068115
-0.01007080
-0.01007080
-0.01068115
-0.01129150
-0.01159668
-0.01129150
-0.01068115
-0.01007080
-0.00885010
-0.00701904
-0.00518799
-0.00427246
-0.00396729
-0.00366211
-0.00366211
-0.00427246
-0.00549316
-0.00701904
-0.00885010
-0.01098633
-0.01373291
-0.01586914
-0.01770020
-0.01983643
-0.02136230
-0.02136230
-0.02105713
-0.02075195
-0.01983643
-0.01831055
-0.01739502
-0.01708984
-0.01770020
-0.01861572
-0.01983643
-0.02105713
-0.02197266
-0.02319336
-0.02471924
-0.02624512
-0.02624512
-0.02532959
-0.02349854
-0.02136230
-0.01831055
-0.01495361
-0.01251221
-0.00976563
-0.00762939
-0.00549316
-0.00335693
-0.00152588
 0.00030518
 0.00152588
 0.00213623
 0.00244141
 0.00335693
 0.00396729
 0.00427246
 0.00427246
 0.00549316
 0.00701904
 0.00854492
 0.01037598
 0.01251221
 0.01403809
 0.01464844
 0.01495361
 0.01556396
 0.01586914
 0.01617432
 0.01617432
 0.01647949
 0.01739502
 0.01831055
 0.01892090
 0.01922607
 0.01953125
 0.01953125
 0.01953125
 0.01922607
 0.01922607
 0.01800537
 0.01647949
 0.01464844
 0.01281738
 0.01098633
 0.00885010
 0.00671387
 0.00518799
 0.00396729
 0.00305176
 0.00183105
 0.00061035
-0.00061035
-0.00061035
-0.00061035
-0.00030518
 0.00000000
 0.00061035
 0.00122070
 0.00122070
 0.00091553
 0.00122070
 0.00183105
 0.00274658
 0.00457764
 0.00671387
 0.00915527
 0.01129150
 0.01342773
 0.01586914
 0.01800537
 0.01983643
 0.02105713
 0.02197266
 0.02227783
 0.02258301
 0.02349854
 0.02441406
 0.02532959
 0.02593994
 0.02624512
 0.02624512
 0.02563477
 0.02563477
 0.02624512
 0.02716064
 0.02777100
 0.02838135
 0.02868652
 0.02990723
 0.03051758
 0.03082275
 0.03051758
 0.02960205
 0.02868652
 0.02777100
 0.02685547
 0.02655029
 0.02593994
 0.02502441
 0.02319336
 0.02166748
 0.02044678
 0.01922607
 0.01770020
 0.01586914
 0.01342773
 0.01037598
 0.00701904
 0.00396729
 0.00061035
-0.00183105
-0.00335693
-0.00457764
-0.00579834
-0.00671387
-0.00701904
-0.00732422
-0.00732422
-0.00732422
-0.00732422
-0.00701904
-0.00671387
-0.00610352
-0.00488281
-0.00396729
-0.00305176
-0.00213623
-0.00152588
-0.00122070
-0.00091553
-0.00061035
 0.00000000
 0.00091553
 0.00152588
 0.00213623
 0.00274658
 0.00366211
 0.00427246
 0.00457764
 0.00488281
 0.00518799
 0.00488281
 0.00518799
 0.00610352
 0.00701904
 0.00793457
 0.00823975
 0.00854492
 0.00854492
 0.00793457
 0.00732422
 0.00701904
 0.00671387
 0.00579834
 0.00488281
 0.00488281
 0.00549316
 0.00549316
 0.00518799
 0.00427246
 0.00366211
 0.00274658
 0.00213623
 0.00122070
 0.00000000
-0.00152588
-0.00305176
-0.00457764
-0.00579834
-0.00762939
-0.00946045
-0.01098633
-0.01251221
-0.01373291
-0.01434326
-0.01525879
-0.01617432
-0.01678467
-0.01678467
-0.01678467
-0.01647949
-0.01617432
-0.01647949
-0.01708984
-0.01800537
-0.01800537
-0.01770020
-0.01770020
-0.01770020
-0.01739502
-0.01708984
-0.01678467
-0.01586914
-0.01525879
-0.01495361
-0.01525879
-0.01525879
-0.01525879
-0.01434326
-0.01403809
-0.01373291
-0.01342773
-0.01281738
-0.01220703
-0.01129150
-0.01037598
-0.01007080
-0.00946045
-0.00885010
-0.00823975
-0.00793457
-0.00732422
-0.00762939
-0.00762939
-0.00793457
-0.00854492
-0.00976563
-0.01098633
-0.01220703
-0.01281738
-0.01281738
-0.01312256
-0.01342773
-0.01342773
-0.01281738
-0.01220703
-0.01220703
-0.01312256
-0.01403809
-0.01495361
-0.01617432
-0.01678467
-0.01770020
-0.01800537
-0.01800537
-0.01770020
-0.01770020
-0.01739502
-0.01739502
-0.01708984
-0.01647949
-0.01525879
-0.01342773
-0.01220703
-0.01159668
-0.01068115
-0.00976563
-0.00915527
-0.00823975
-0.00701904
-0.00549316
-0.00366211
-0.00244141
-0.00122070
 0.00030518
 0.00244141
 0.00518799
 0.00762939
 0.01007080
 0.01220703
 0.01403809
 0.01525879
 0.01647949
 0.01647949
 0.01617432
 0.01647949
 0.01647949
 0.01739502
 0.01831055
 0.01861572
 0.01922607
 0.01983643
 0.02044678
 0.02075195
 0.02105713
 0.02075195
 0.02075195
 0.02075195
 0.02014160
 0.01922607
 0.01800537
 0.01708984
 0.01617432
 0.01586914
 0.01525879
 0.01495361
 0.01373291
 0.01281738
 0.01159668
 0.01098633
 0.01037598
 0.00976563
 0.00885010
 0.00732422
 0.00610352
 0.00427246
 0.00213623
-0.00061035
-0.00335693
-0.00549316
-0.00671387
-0.00762939
-0.00854492
-0.00976563
-0.01037598
-0.01098633
-0.01159668
-0.01190186
-0.01190186
-0.01190186
-0.01190186
-0.01251221
-0.01281738
-0.01281738
-0.01281738
-0.01220703
-0.01129150
-0.01037598
-0.00976563
-0.00946045
-0.00915527
-0.00854492
-0.00793457
-0.00671387
-0.00579834
-0.00488281
-0.00396729
-0.00305176
-0.00152588
-0.00091553
-0.00091553
-0.00152588
-0.00152588
-0.00061035
 0.00091553
 0.00274658
 0.00427246
 0.00518799
 0.00640869
 0.00762939
 0.00854492
 0.00854492
 0.00854492
 0.00854492
 0.00854492
 0.00823975
 0.00793457
 0.00762939
 0.00732422
 0.00671387
 0.00640869
 0.00640869
 0.00579834
 0.00549316
 0.00518799
 0.00518799
 0.00549316
 0.00518799
 0.00518799
 0.00488281
 0.00427246
 0.00396729
 0.00335693
 0.00274658
 0.00183105
 0.00091553
 0.00061035
 0.00091553
 0.00152588
 0.00244141
 0.00305176
 0.00335693
 0.00396729
 0.00427246
 0.00427246
 0.00488281
 0.00549316
 0.00549316
 0.00579834
 0.00671387
 0.00701904
 0.00701904
 0.00701904
 0.00701904
 0.00793457
 0.00854492
 0.00915527
 0.00976563
 0.01068115
 0.01190186
 0.01281738
 0.01281738
 0.01342773
 0.01403809
 0.01495361
 0.01556396
 0.01586914
 0.01617432
 0.01647949
 0.01617432
 0.01556396
 0.01525879
 0.01586914
 0.01647949
 0.01678467
 0.01708984
 0.01678467
 0.01556396
 0.01403809
 0.01190186
 0.01007080
 0.00823975
 0.00671387
 0.00518799
 0.00335693
 0.00152588
-0.00061035
-0.00244141
-0.00396729
-0.00549316
-0.00671387
-0.00732422
-0.00823975
-0.00946045
-0.01037598
-0.01098633
-0.01159668
-0.01190186
-0.01251221
-0.01281738
-0.01281738
-0.01251221
-0.01312256
-0.01342773
-0.01312256
-0.01251221
-0.01159668
-0.01068115
-0.01007080
-0.00885010
-0.00823975
-0.00793457
-0.00823975
-0.00823975
-0.00885010
-0.00885010
-0.00854492
-0.00793457
-0.00701904
-0.00640869
-0.00518799
-0.00396729
-0.00274658
-0.00183105
-0.00122070
-0.00091553
-0.00091553
-0.00091553
-0.00122070
-0.00152588
-0.00122070
-0.00122070
-0.00152588
-0.00183105
-0.00213623
-0.00244141
-0.00274658
-0.00305176
-0.00335693
-0.00366211
-0.00396729
-0.00335693
-0.00396729
-0.00488281
-0.00610352
-0.00762939
-0.00915527
-0.01068115
-0.01220703
-0.01312256
-0.01373291
-0.01373291
-0.01373291
-0.01373291
-0.01312256
-0.01251221
-0.01220703
-0.01220703
-0.01190186
-0.01190186
-0.01159668
-0.01159668
-0.01129150
-0.01159668
-0.01159668
-0.01098633
-0.01068115
-0.01007080
-0.00946045
-0.00885010
-0.00885010
-0.00793457
-0.00732422
-0.00701904
-0.00610352
-0.00488281
-0.00335693
-0.00213623
-0.00152588
-0.00061035
 0.00000000
 0.00030518
 0.00091553
 0.00152588
 0.00274658
 0.00427246
 0.00579834
 0.00762939
 0.00915527
 0.00976563
 0.01007080
 0.01068115
 0.01068115
 0.01129150
 0.01190186
 0.01190186
 0.01159668
 0.01129150
 0.01159668
 0.01159668
 0.01190186
 0.01220703
 0.01251221
 0.01251221
 0.01251221
 0.01220703
 0.01159668
 0.01068115
 0.01007080
 0.00976563
 0.00854492
 0.00732422
 0.00610352
 0.00488281
 0.00366211
 0.00244141
 0.00183105
 0.00122070
 0.00152588
 0.00183105
 0.00213623
 0.00244141
 0.00244141
 0.00183105
 0.00091553
 0.00030518
-0.00030518
-0.00061035
-0.00061035
-0.00061035
-0.00122070
-0.00183105
-0.00122070
 0.00030518
 0.00152588
 0.00244141
 0.00244141
 0.00244141
 0.00244141
 0.00274658
 0.00274658
 0.00244141
 0.00183105
 0.00152588
 0.00122070
 0.00030518
-0.00061035
-0.00061035
-0.00030518
 0.00000000
 0.00061035
 0.00091553
 0.00152588
 0.00213623
 0.00244141
 0.00244141
 0.00213623
 0.00152588
 0.00091553
 0.00000000
-0.00091553
-0.00183105
-0.00244141
-0.00305176
-0.00335693
-0.00366211
-0.00335693
-0.00274658
-0.00244141
-0.00305176
-0.00335693
-0.00427246
-0.00518799
-0.00610352
-0.00732422
-0.00854492
-0.00915527
-0.00976563
-0.00976563
-0.01037598
-0.01068115
-0.01068115
-0.01037598
-0.00976563
-0.00885010
-0.00823975
-0.00732422
-0.00701904
-0.00671387
-0.00640869
-0.00640869
-0.00671387
-0.00732422
-0.00793457
-0.00854492
-0.00885010
-0.00823975
-0.00732422
-0.00640869
-0.00610352
-0.00518799
-0.00427246
-0.00335693
-0.00274658
-0.00274658
-0.00274658
-0.00244141
-0.00244141
-0.00244141
-0.00274658
-0.00274658
-0.00244141
-0.00183105
-0.00091553
-0.00030518
-0.00030518
 0.00030518
 0.00122070
 0.00274658
 0.00366211
 0.00457764
 0.00610352
 0.00701904
 0.00701904
 0.00640869
 0.00640869
 0.00610352
 0.00549316
 0.00488281
 0.00488281
 0.00518799
 0.00579834
 0.00610352
 0.00579834
 0.00579834
 0.00640869
 0.00701904
 0.00793457
 0.00823975
 0.00793457
 0.00762939
 0.00701904
 0.00701904
 0.00701904
 0.00701904
 0.00671387
 0.00701904
 0.00762939
 0.00762939
 0.00762939
 0.00762939
 0.00762939
 0.00793457
 0.00854492
 0.00854492
 0.00823975
 0.00793457
 0.00762939
 0.00701904
 0.00701904
 0.00671387
 0.00579834
 0.00488281
 0.00457764
 0.00488281
 0.00518799
 0.00549316
 0.00549316
 0.00549316
 0.00457764
 0.00457764
 0.00488281
 0.00427246
 0.00366211
 0.00244141
 0.00213623
 0.00183105
 0.00122070
 0.00061035
 0.00061035
 0.00091553
 0.00122070
 0.00091553
 0.00030518
 0.00030518
 0.00061035
 0.00091553
 0.00061035
 0.00030518
 0.00061035
 0.00000000
-0.00061035
-0.00122070
-0.00183105
-0.00244141
-0.00274658
-0.00335693
-0.00396729
-0.00396729
-0.00366211
-0.00366211
-0.00366211
-0.00366211
-0.00427246
-0.00488281
-0.00518799
-0.00610352
-0.00732422
-0.00854492
-0.00976563
-0.01007080
-0.01037598
-0.01068115
-0.01098633
-0.01098633
-0.01037598
-0.01007080
-0.00976563
-0.00976563
-0.00915527
-0.00885010
-0.00885010
-0.00915527
-0.00915527
-0.00915527
-0.00946045
-0.01007080
-0.00976563
-0.00915527
-0.00854492
-0.00823975
-0.00732422
-0.00640869
-0.00518799
-0.00427246
-0.00335693
-0.00305176
-0.00305176
-0.00305176
-0.00274658
-0.00274658
-0.00305176
-0.00366211
-0.00427246
-0.00427246
-0.00396729
-0.00305176
-0.00274658
-0.00244141
-0.00152588
-0.00061035
 0.00000000
 0.00030518
 0.00061035
 0.00061035
 0.00091553
 0.00091553
 0.00091553
 0.00091553
 0.00030518
 0.00061035
 0.00061035
 0.00061035
 0.00061035
 0.00061035
 0.00122070
 0.00183105
 0.00152588
 0.00122070
 0.00122070
 0.00152588
 0.00122070
 0.00030518
-0.00091553
-0.00213623
-0.00244141
-0.00274658
-0.00244141
-0.00244141
-0.00244141
-0.00244141
-0.00213623
-0.00122070
-0.00030518
 0.00000000
 0.00061035
 0.00091553
 0.00091553
 0.00061035
 0.00091553
 0.00122070
 0.00152588
 0.00183105
 0.00213623
 0.00213623
 0.00213623
 0.00244141
 0.00305176
 0.00335693
 0.00427246
 0.00518799
 0.00549316
 0.00518799
 0.00488281
 0.00488281
 0.00518799
 0.00488281
 0.00427246
 0.00427246
 0.00427246
 0.00427246
 0.00427246
 0.00427246
 0.00488281
 0.00549316
 0.00579834
 0.00671387
 0.00732422
 0.00701904
 0.00701904
 0.00671387
 0.00610352
 0.00610352
 0.00640869
 0.00671387
 0.00671387
 0.00640869
 0.00640869
 0.00701904
 0.00762939
 0.00732422
 0.00732422
 0.00793457
 0.00823975
 0.00823975
 0.00793457
 0.00823975
 0.00823975
 0.00823975
 0.00793457
 0.00762939
 0.00762939
 0.00732422
 0.00701904
 0.00701904
 0.00701904
 0.00701904
 0.00762939
 0.00762939
 0.00793457
 0.00762939
 0.00732422
 0.00671387
 0.00610352
 0.00610352
 0.00640869
 0.00610352
 0.00610352
 0.00610352
 0.00640869
 0.00640869
 0.00671387
 0.00701904
 0.00671387
 0.00640869
 0.00610352
 0.00579834
 0.00549316
 0.00549316
 0.00488281
 0.00396729
 0.00335693
 0.00305176
 0.00244141
 0.00213623
 0.00213623
 0.00183105
 0.00152588
 0.00122070
 0.00091553
 0.00061035
 0.00030518
 0.00000000
-0.00061035
-0.00122070
-0.00152588
-0.00091553
-0.00091553
-0.00061035
-0.00061035
 0.00000000
 0.00030518
 0.00030518
 0.00061035
 0.00122070
 0.00122070
 0.00122070
 0.00091553
 0.00030518
-0.00061035
-0.00091553
-0.00122070
-0.00122070
-0.00152588
-0.00183105
-0.00244141
-0.00274658
-0.00305176
-0.00305176
-0.00396729
-0.00366211
-0.00366211
-0.00427246
-0.00488281
-0.00457764
-0.00457764
-0.00488281
-0.00549316
-0.00610352
-0.00640869
-0.00640869
-0.00610352
-0.00640869
-0.00671387
-0.00671387
-0.00640869
-0.00610352
-0.00610352
-0.00610352
-0.00671387
-0.00701904
-0.00762939
-0.00762939
-0.00793457
-0.00823975
-0.00854492
-0.00823975
-0.00823975
-0.00823975
-0.00823975
-0.00823975
-0.00823975
-0.00823975
-0.00762939
-0.00762939
-0.00793457
-0.00854492
-0.00885010
-0.00885010
-0.00854492
-0.00823975
-0.00885010
-0.00885010
-0.00885010
-0.00854492
-0.00823975
-0.00823975
-0.00823975
-0.00793457
-0.00793457
-0.00762939
-0.00762939
-0.00762939
-0.00823975
-0.00885010
-0.00915527
-0.00946045
-0.00946045
-0.00946045
-0.00976563
-0.00976563
-0.00946045
-0.00885010
-0.00854492
-0.00854492
-0.00854492
-0.00823975
-0.00823975
-0.00854492
-0.00823975
-0.00793457
-0.00732422
-0.00701904
-0.00701904
-0.00640869
-0.00579834
-0.00518799
-0.00488281
-0.00427246
-0.00366211
-0.00274658
-0.00244141
-0.00183105
-0.00122070
-0.00091553
-0.00122070
-0.00122070
-0.00061035
 0.00000000
 0.00061035
 0.00061035
 0.00061035
 0.00061035
 0.00061035
 0.00091553
 0.00152588
 0.00274658
 0.00335693
 0.00366211
 0.00366211
 0.00366211
 0.00366211
 0.00396729
 0.00396729
 0.00427246
 0.00457764
 0.00488281
 0.00518799
 0.00518799
 0.00488281
 0.00518799
 0.00579834
 0.00640869
 0.00671387
 0.00701904
 0.00762939
 0.00793457
 0.00793457
 0.00762939
 0.00732422
 0.00732422
 0.00762939
 0.00793457
 0.00762939
 0.00671387
 0.00640869
 0.00610352
 0.00640869
 0.00610352
 0.00640869
 0.00701904
 0.00762939
 0.00823975
 0.00854492
 0.00823975
 0.00793457
 0.00823975
 0.00793457
 0.00823975
 0.00823975
 0.00823975
 0.00793457
 0.00762939
 0.00762939
 0.00823975
 0.00854492
 0.00823975
 0.00823975
 0.00854492
 0.00885010
 0.00885010
 0.00885010
 0.00823975
 0.00823975
 0.00823975
 0.00793457
 0.00732422
 0.00671387
 0.00640869
 0.00640869
 0.00610352
 0.00579834
 0.00549316
 0.00549316
 0.00579834
 0.00579834
 0.00549316
 0.00549316
 0.00488281
 0.00488281
 0.00518799
 0.00518799
 0.00427246
 0.00366211
 0.00396729
 0.00396729
 0.00396729
 0.00396729
 0.00396729
 0.00396729
 0.00427246
 0.00427246
 0.00366211
 0.00366211
 0.00396729
 0.00396729
 0.00366211
 0.00335693
 0.00305176
 0.00244141
 0.00213623
 0.00183105
 0.00183105
 0.00152588
 0.00091553
 0.00091553
 0.00091553
 0.00122070
 0.00091553
 0.00030518
 0.00000000
 0.00000000
 0.00000000
-0.00030518
-0.00091553
-0.00122070
-0.00152588
-0.00213623
-0.00274658
-0.00335693
-0.00366211
-0.00427246
-0.00427246
-0.00396729
-0.00457764
-0.00488281
-0.00488281
-0.00488281
-0.00488281
-0.00518799
-0.00549316
-0.00579834
-0.00610352
-0.00671387
-0.00701904
-0.00732422
-0.00793457
-0.00823975
-0.00854492
-0.00823975
-0.00793457
-0.00793457
-0.00793457
-0.00793457
-0.00823975
-0.00793457
-0.00793457
-0.00762939
-0.00701904
-0.00701904
-0.00701904
-0.00671387
-0.00640869
-0.00610352
-0.00549316
-0.00518799
-0.00457764
-0.00427246
-0.00396729
-0.00335693
-0.00244141
-0.00213623
-0.00213623
-0.00213623
-0.00183105
-0.00244141
-0.00244141
-0.00274658
-0.00274658
-0.00274658
-0.00274658
-0.00244141
-0.00213623
-0.00213623
-0.00183105
-0.00152588
-0.00122070
-0.00152588
-0.00122070
-0.00061035
-0.00030518
-0.00091553
-0.00122070
-0.00152588
-0.00152588
-0.00122070
-0.00122070
-0.00152588
-0.00152588
-0.00091553
-0.00061035
-0.00061035
-0.00030518
 0.00000000
 0.00061035
 0.00091553
 0.00091553
 0.00030518
 0.00061035
 0.00030518
 0.00000000
-0.00030518
-0.00030518
-0.00061035
-0.00091553
-0.00091553
-0.00030518
 0.00000000
 0.00091553
 0.00122070
 0.00152588
 0.00152588
 0.00122070
 0.00091553
 0.00122070
 0.00183105
 0.00213623
 0.00183105
 0.00122070
 0.00061035
 0.00091553
 0.00183105
 0.00244141
 0.00305176
 0.00335693
 0.00305176
 0.00274658
 0.00305176
 0.00366211
 0.00366211
 0.00366211
 0.00305176
 0.00244141
 0.00183105
 0.00152588
 0.00091553
 0.00061035
 0.00000000
-0.00030518
-0.00061035
-0.00061035
-0.00091553
-0.00091553
-0.00122070
-0.00152588
-0.00152588
-0.00152588
-0.00183105
-0.00213623
-0.00305176
-0.00335693
-0.00305176
-0.00366211
-0.00396729
-0.00427246
-0.00396729
-0.00366211
-0.00335693
-0.00274658
-0.00305176
-0.00396729
-0.00396729
-0.00335693
-0.00305176
-0.00335693
-0.00427246
-0.00457764
-0.00488281
-0.00488281
-0.00518799
-0.00518799
-0.00488281
-0.00427246
-0.00366211
-0.00366211
-0.00366211
-0.00366211
-0.00305176
-0.00274658
-0.00244141
-0.00274658
-0.00244141
-0.00274658
-0.00305176
-0.00274658
-0.00213623
-0.00091553
-0.00061035
-0.00061035
-0.00091553
-0.00061035
-0.00030518
 0.00000000
 0.00000000
 0.00000000
 0.00000000
 0.00030518
 0.00030518
-0.00030518
-0.00061035
-0.00091553
-0.00091553
-0.00061035
-0.00061035
-0.00030518
-0.00030518
-0.00030518
-0.00030518
-0.00091553
-0.00061035
-0.00030518
-0.00030518
 0.00000000
-0.00030518
-0.00091553
-0.00091553
-0.00061035
-0.00030518
-0.00061035
-0.00030518
 0.00061035
 0.00091553
 0.00091553
 0.00122070
 0.00122070
 0.00183105
 0.00213623
 0.00213623
 0.00183105
 0.00183105
 0.00213623
 0.00213623
 0.00183105
 0.00183105
 0.00152588
 0.00183105
 0.00183105
 0.00152588
 0.00152588
 0.00152588
 0.00183105
 0.00183105
 0.00213623
 0.00213623
 0.00183105
 0.00152588
 0.00152588
 0.00213623
 0.00244141
 0.00244141
 0.00183105
 0.00183105
 0.00213623
 0.00274658
 0.00305176
 0.00335693
 0.00335693
 0.00396729
 0.00396729
 0.00457764
 0.00488281
 0.00488281
 0.00488281
 0.00518799
 0.00488281
 0.00427246
 0.00396729
 0.00396729
 0.00427246
 0.00427246
 0.00396729
 0.00396729
 0.00427246
 0.00488281
 0.00518799
 0.00518799
 0.00488281
 0.00457764
 0.00457764
 0.00488281
 0.00518799
 0.00518799
 0.00488281
 0.00457764
 0.00427246
 0.00427246
 0.00427246
 0.00457764
 0.00488281
 0.00518799
 0.00488281
 0.00457764
 0.00488281
 0.00457764
 0.00457764
 0.00488281
 0.00488281
 0.00427246
 0.00366211
 0.00305176
 0.00305176
 0.00335693
 0.00335693
 0.00274658
 0.00213623
 0.00183105
 0.00183105
 0.00183105
 0.00213623
 0.00183105
 0.00152588
 0.00183105
 0.00213623
 0.00213623
 0.00152588
 0.00122070
 0.00122070
 0.00122070
 0.00122070
 0.00091553
 0.00091553
 0.00091553
 0.00091553
 0.00061035
 0.00061035
 0.00061035
 0.00061035
 0.00091553
 0.00091553
 0.00091553
 0.00061035
 0.00030518
 0.00000000
-0.00061035
-0.00091553
-0.00091553
-0.00122070
-0.00122070
-0.00122070
-0.00183105
-0.00213623
-0.00213623
-0.00213623
-0.00274658
-0.00305176
-0.00335693
-0.00335693
-0.00335693
-0.00366211
-0.00366211
-0.00335693
-0.00366211
-0.00366211
-0.00366211
-0.00396729
-0.00396729
-0.00396729
-0.00366211
-0.00396729
-0.00396729
-0.00396729
-0.00396729
-0.00427246
-0.00488281
-0.00549316
-0.00518799
-0.00488281
-0.00549316
-0.00610352
-0.00610352
-0.00610352
-0.00579834
-0.00549316
-0.00579834
-0.00579834
-0.00610352
-0.00640869
-0.00610352
-0.00610352
-0.00640869
-0.00640869
-0.00610352
-0.00640869
-0.00610352
-0.00579834
-0.00579834
-0.00579834
-0.00518799
-0.00457764
-0.00396729
-0.00366211
-0.00396729
-0.00457764
-0.00457764
-0.00457764
-0.00427246
-0.00366211
-0.00335693
-0.00335693
-0.00335693
-0.00335693
-0.00335693
-0.00305176
-0.00335693
-0.00335693
-0.00335693
-0.00305176
-0.00274658
-0.00244141
-0.00213623
-0.00213623
-0.00183105
-0.00183105
-0.00183105
-0.00213623
-0.00183105
-0.00152588
-0.00091553
-0.00061035
 0.00000000
 0.00030518
 0.00000000
 0.00000000
 0.00000000
 0.00030518
 0.00061035
 0.00091553
 0.00122070
 0.00152588
 0.00152588
 0.00152588
 0.00152588
 0.00183105
 0.00152588
 0.00122070
 0.00183105
 0.00213623
 0.00244141
 0.00183105
 0.00122070
 0.00152588
 0.00152588
 0.00122070
 0.00122070
 0.00122070
 0.00152588
 0.00213623
 0.00213623
 0.00244141
 0.00244141
 0.00213623
 0.00244141
 0.00244141
 0.00274658
 0.00274658
 0.00274658
 0.00244141
 0.00244141
 0.00274658
 0.00274658
 0.00274658
 0.00213623
 0.00183105
 0.00152588
 0.00152588
 0.00183105
 0.00213623
 0.00244141
 0.00183105
 0.00152588
 0.00091553
 0.00030518
 0.00030518
 0.00030518
 0.00061035
 0.00061035
 0.00061035
 0.00000000
-0.00030518
 0.00000000
 0.00000000
 0.00000000
 0.00061035
 0.00091553
 0.00122070
 0.00122070
 0.00091553
 0.00061035
 0.00030518
 0.00000000
 0.00030518
 0.00061035
 0.00091553
 0.00091553
 0.00122070
 0.00122070
 0.00122070
 0.00183105
 0.00213623
 0.00213623
 0.00244141
 0.00244141
 0.00244141
 0.00244141
 0.00213623
 0.00152588
 0.00091553
 0.00091553
 0.00091553
 0.00091553
 0.00122070
 0.00122070
 0.00152588
 0.00152588
 0.00183105
 0.00213623
 0.00213623
 0.00213623
 0.00183105
 0.00183105
 0.00183105
 0.00183105
 0.00213623
 0.00213623
 0.00213623
 0.00152588
 0.00122070
 0.00122070
 0.00213623
 0.00244141
 0.00274658
 0.00244141
 0.00244141
 0.00244141
 0.00274658
 0.00244141
 0.00183105
 0.00122070
 0.00030518
 0.00030518
 0.00091553
 0.00091553
 0.00000000
-0.00030518
 0.00000000
 0.00030518
 0.00091553
 0.00091553
 0.00122070
 0.00122070
 0.00091553
 0.00061035
 0.00091553
 0.00061035
 0.00061035
 0.00030518
 0.00030518
 0.00061035
 0.00061035
 0.00061035
 0.00091553
 0.00152588
 0.00183105
 0.00213623
 0.00152588
 0.00061035
 0.00061035
 0.00061035
 0.00061035
 0.00000000
-0.00061035
-0.00122070
-0.00122070
-0.00122070
-0.00152588
-0.00152588
-0.00152588
-0.00122070
-0.00122070
-0.00122070
-0.00091553
-0.00091553
-0.00122070
-0.00152588
-0.00183105
-0.00213623
-0.00183105
-0.00183105
-0.00183105
-0.00244141
-0.00274658
-0.00305176
-0.00335693
-0.00335693
-0.00335693
-0.00305176
-0.00274658
-0.00305176
-0.00305176
-0.00335693
-0.00427246
-0.00488281
-0.00518799
-0.00549316
-0.00610352
-0.00640869
-0.00640869
-0.00701904
-0.00701904
-0.00732422
-0.00701904
-0.00640869
-0.00640869
-0.00610352
-0.00549316
-0.00549316
-0.00579834
-0.00610352
-0.00610352
-0.00579834
-0.00579834
-0.00549316
-0.00579834
-0.00579834
-0.00610352
-0.00549316
-0.00488281
-0.00396729
-0.00396729
-0.00366211
-0.00396729
-0.00396729
-0.00396729
-0.00427246
-0.00457764
-0.00427246
-0.00396729
-0.00427246
-0.00457764
-0.00457764
-0.00457764
-0.00457764
-0.00457764
-0.00366211
-0.00305176
-0.00244141
-0.00244141
-0.00213623
-0.00213623
-0.00244141
-0.00213623
-0.00183105
-0.00152588
-0.00152588
-0.00183105
-0.00183105
-0.00152588
-0.00122070
-0.00091553
-0.00030518
 0.00000000
 0.00061035
 0.00091553
 0.00061035
 0.00061035
 0.00061035
 0.00061035
 0.00061035
 0.00030518
 0.00030518
 0.00030518
 0.00030518
 0.00030518
 0.00061035
 0.00091553
 0.00091553
 0.00122070
 0.00183105
 0.00244141
 0.00305176
 0.00335693
 0.00305176
 0.00274658
 0.00305176
 0.00366211
 0.00366211
 0.00335693
 0.00305176
 0.00305176
 0.00366211
 0.00396729
 0.00366211
 0.00366211
 0.00396729
 0.00457764
 0.00549316
 0.00579834
 0.00518799
 0.00488281
 0.00457764
 0.00457764
 0.00457764
 0.00457764
 0.00488281
 0.00457764
 0.00457764
 0.00427246
 0.00396729
 0.00366211
 0.00396729
 0.00427246
 0.00457764
 0.00457764
 0.00427246
 0.00396729
 0.00396729
 0.00366211
 0.00366211
 0.00335693
 0.00274658
 0.00274658
 0.00274658
 0.00305176
 0.00366211
 0.00335693
 0.00335693
 0.00335693
 0.00305176
 0.00335693
 0.00305176
 0.00274658
 0.00274658
 0.00244141
 0.00244141
 0.00183105
 0.00152588
 0.00091553
 0.00091553
 0.00122070
 0.00122070
 0.00152588
 0.00152588
 0.00152588
 0.00183105
 0.00183105
 0.00213623
 0.00213623
 0.00244141
 0.00213623
 0.00183105
 0.00122070
 0.00122070
 0.00091553
 0.00061035
 0.00061035
 0.00091553
 0.00152588
 0.00183105
 0.00183105
 0.00183105
 0.00183105
 0.00152588
 0.00152588
 0.00183105
 0.00183105
 0.00122070
 0.00061035
 0.00030518
 0.00000000
-0.00030518
-0.00030518
 0.00000000
 0.00030518
 0.00000000
 0.00030518
 0.00030518
 0.00030518
 0.00030518
 0.00000000
-0.00061035
-0.00061035
-0.00030518
 0.00000000
-0.00030518
-0.00122070
-0.00152588
-0.00091553
-0.00030518
-0.00061035
-0.00091553
-0.00091553
 0.00000000
 0.00030518
 0.00030518
 0.00000000
-0.00030518
-0.00030518
 0.00000000
-0.00030518
-0.00091553
-0.00122070
-0.00061035
-0.00030518
-0.00061035
-0.00122070
-0.00091553
-0.00061035
-0.00061035
-0.00030518
-0.00030518
-0.00091553
-0.00122070
-0.00152588
-0.00183105
-0.00183105
-0.00213623
-0.00213623
-0.00244141
-0.00274658
-0.00274658
-0.00213623
-0.00183105
-0.00213623
-0.00274658
-0.00305176
-0.00274658
-0.00305176
-0.00335693
-0.00366211
-0.00396729
-0.00366211
-0.00396729
-0.00427246
-0.00518799
-0.00549316
-0.00549316
-0.00549316
-0.00549316
-0.00549316
-0.00579834
-0.00579834
-0.00640869
-0.00671387
-0.00671387
-0.00671387
-0.00671387
-0.00701904
-0.00701904
-0.00701904
-0.00671387
-0.00610352
-0.00579834
-0.00610352
-0.00640869
-0.00640869
-0.00579834
-0.00518799
-0.00518799
-0.00549316
-0.00579834
-0.00579834
-0.00518799
-0.00488281
-0.00518799
-0.00518799
-0.00488281
-0.00457764
-0.00427246
-0.00427246
-0.00427246
-0.00396729
-0.00335693
-0.00335693
-0.00366211
-0.00335693
-0.00305176
-0.00244141
-0.00213623
-0.00244141
-0.00305176
-0.00305176
-0.00274658
-0.00213623
-0.00122070
-0.00061035
-0.00061035
-0.00091553
-0.00122070
-0.00091553
-0.00061035
 0.00000000
 0.00000000
 0.00000000
-0.00030518
-0.00030518
-0.00030518
-0.00030518
 0.00030518
 0.00061035
 0.00061035
 0.00061035
 0.00061035
 0.00091553
 0.00091553
 0.00061035
 0.00030518
 0.00030518
 0.00030518
 0.00091553
 0.00122070
 0.00061035
 0.00000000
 0.00030518
 0.00091553
 0.00061035
 0.00122070
 0.00122070
 0.00122070
 0.00122070
 0.00152588
 0.00152588
 0.00152588
 0.00122070
 0.00122070
 0.00122070
 0.00122070
 0.00152588
 0.00122070
 0.00091553
 0.00091553
 0.00061035
 0.00122070
 0.00122070
 0.00091553
 0.00091553
 0.00122070
 0.00122070
 0.00091553
 0.00061035
 0.00000000
 0.00000000
 0.00030518
 0.00061035
 0.00030518
 0.00000000
 0.00000000
 0.00030518
 0.00061035
 0.00091553
 0.00122070
 0.00122070
 0.00122070
 0.00091553
 0.00091553
 0.00122070
 0.00152588
 0.00122070
 0.00091553
 0.00122070
 0.00091553
 0.00061035
 0.00061035
 0.00061035
 0.00091553
 0.00122070
 0.00122070
 0.00122070
 0.00152588
 0.00152588
 0.00152588
 0.00152588
 0.00122070
 0.00061035
 0.00030518
 0.00091553
 0.00122070
 0.00122070
 0.00091553
 0.00091553
 0.00122070
 0.00183105
 0.00152588
 0.00152588
 0.00213623
 0.00274658
 0.00305176
 0.00305176
 0.00274658
 0.00274658
 0.00305176
 0.00305176
 0.00274658
 0.00274658
 0.00274658
 0.00305176
 0.00335693
 0.00366211
 0.00396729
 0.00427246
 0.00427246
 0.00427246
 0.00427246
 0.00488281
 0.00488281
 0.00457764
 0.00427246
 0.00396729
 0.00396729
 0.00427246
 0.00396729
 0.00396729
 0.00396729
 0.00427246
 0.00457764
 0.00488281
 0.00457764
 0.00396729
 0.00396729
 0.00396729
 0.00427246
 0.00396729
 0.00427246
 0.00396729
 0.00335693
 0.00366211
 0.00366211
 0.00396729
 0.00396729
 0.00366211
 0.00335693
 0.00335693
 0.00335693
 0.00335693
 0.00335693
 0.00335693
 0.00274658
 0.00213623
 0.00183105
 0.00152588
 0.00122070
 0.00091553
 0.00091553
 0.00091553
 0.00061035
 0.00061035
 0.00061035
 0.00122070
 0.00122070
 0.00122070
 0.00091553
 0.00091553
 0.00091553
 0.00091553
 0.00061035
-0.00030518
-0.00030518
 0.00000000
 0.00000000
-0.00061035
-0.00061035
 0.00000000
 0.00000000
 0.00000000
 0.00000000
-0.00030518
-0.00030518
 0.00000000
-0.00030518
-0.00061035
-0.00122070
-0.00152588
-0.00183105
-0.00213623
-0.00183105
-0.00183105
-0.00152588
-0.00122070
-0.00122070
-0.00122070
-0.00152588
-0.00183105
-0.00152588
-0.00091553
-0.00152588
-0.00152588
-0.00152588
-0.00152588
-0.00152588
-0.00213623
-0.00244141
-0.00213623
-0.00183105
-0.00183105
-0.00213623
-0.00213623
-0.00183105
-0.00152588
-0.00152588
-0.00152588
-0.00213623
-0.00213623
-0.00244141
-0.00244141
-0.00274658
-0.00305176
-0.00335693
-0.00305176
-0.00274658
-0.00274658
-0.00305176
-0.00305176
-0.00244141
-0.00244141
-0.00305176
-0.00305176
-0.00305176
-0.00305176
-0.00305176
-0.00305176
-0.00335693
-0.00305176
-0.00274658
-0.00274658
-0.00274658
-0.00274658
-0.00305176
-0.00274658
-0.00213623
-0.00213623
-0.00274658
-0.00274658
-0.00305176
-0.00274658
-0.00274658
-0.00244141
-0.00244141
-0.00244141
-0.00244141
-0.00244141
-0.00244141
-0.00274658
-0.00305176
-0.00305176
-0.00335693
-0.00366211
-0.00335693
-0.00305176
-0.00274658
-0.00274658
-0.00274658
-0.00274658
-0.00244141
-0.00244141
-0.00244141
-0.00244141
-0.00244141
-0.00213623
-0.00213623
-0.00213623
-0.00244141
-0.00244141
-0.00244141
-0.00213623
-0.00213623
-0.00244141
-0.00213623
-0.00183105
-0.00122070
-0.00152588
-0.00183105
-0.00183105
-0.00183105
-0.00183105
-0.00183105
-0.00183105
-0.00152588
-0.00122070
-0.00122070
-0.00152588
-0.00183105
-0.00152588
-0.00152588
-0.00183105
-0.00183105
-0.00152588
-0.00091553
-0.00061035
-0.00061035
-0.00061035
-0.00061035
-0.00030518
-0.00030518
-0.00030518
-0.00061035
 0.00000000
 0.00030518
 0.00030518
 0.00030518
 0.00000000
-0.00030518
 0.00030518
 0.00061035
 0.00061035
 0.00030518
-0.00030518
 0.00000000
 0.00000000
 0.00030518
 0.00061035
 0.00061035
 0.00030518
 0.00030518
 0.00030518
 0.00000000
 0.00030518
 0.00091553
 0.00091553
 0.00061035
 0.00061035
 0.00030518
 0.00061035
 0.00061035
 0.00091553
 0.00091553
 0.00122070
 0.00152588
 0.00183105
 0.00152588
 0.00122070
 0.00122070
 0.00183105
 0.00244141
 0.00183105
 0.00152588
 0.00122070
 0.00152588
 0.00152588
 0.00152588
 0.00152588
 0.00183105
 0.00244141
 0.00244141
 0.00244141
 0.00213623
 0.00183105
 0.00183105
 0.00213623
 0.00244141
 0.00213623
 0.00213623
 0.00244141
 0.00305176
 0.00274658
 0.00244141
 0.00213623
 0.00213623
 0.00244141
 0.00274658
 0.00274658
 0.00244141
 0.00244141
 0.00244141
 0.00244141
 0.00244141
 0.00183105
 0.00183105
 0.00183105
 0.00183105
 0.00152588
 0.00122070
 0.00122070
 0.00091553
 0.00061035
 0.00061035
 0.00061035
 0.00061035
 0.00030518
 0.00030518
 0.00061035
 0.00030518
 0.00030518
 0.00030518
 0.00000000
 0.00000000
 0.00000000
 0.00000000
-0.00030518
-0.00030518
 0.00000000
 0.00000000
 0.00000000
-0.00061035
-0.00091553
-0.00061035
-0.00061035
-0.00030518
-0.00030518
-0.00030518
-0.00030518
-0.00030518
-0.00030518
-0.00061035
-0.00030518
 0.00000000
-0.00030518
-0.00030518
 0.00000000
 0.00000000
 0.00000000
 0.00030518
 0.00000000
 0.00000000
 0.00000000
 0.00000000
 0.00000000
 0.00000000
 0.00000000
 0.00000000
 0.00000000
 0.00000000
 0.00030518
 0.00061035
 0.00091553
 0.00122070
 0.00152588
 0.00122070
 0.00122070
 0.00122070
 0.00122070
 0.00091553
 0.00030518
 0.00000000
 0.00000000
 0.00000000
 0.00030518
 0.00030518
 0.00000000
-0.00030518
-0.00030518
-0.00030518
 0.00000000
 0.00030518
 0.00030518
 0.00000000
-0.00061035
-0.00061035
-0.00030518
-0.00030518
-0.00061035
-0.00091553
-0.00091553
-0.00122070
-0.00122070
-0.00122070
-0.00091553
 0.00000000
 0.00000000
-0.00030518
-0.00030518
 0.00000000
 0.00000000
 0.00000000
 0.00000000
 0.00000000
-0.00061035
-0.00122070
-0.00122070
-0.00091553
-0.00061035
-0.00061035
-0.00061035
-0.00061035
-0.00091553
-0.00061035
 0.00000000
 0.00030518
 0.00030518
-0.00030518
-0.00091553
-0.00091553
-0.00061035
-0.00091553
-0.00152588
-0.00122070
-0.00030518
-0.00061035
-0.00122070
-0.00122070
-0.00091553
-0.00061035
-0.00061035
-0.00061035
-0.00091553
-0.00091553
-0.00061035
-0.00091553
-0.00122070
-0.00152588
-0.00152588
-0.00152588
-0.00213623
-0.00213623
-0.00213623
-0.00183105
-0.00152588
-0.00152588
-0.00183105
-0.00183105
-0.00152588
-0.00183105
-0.00152588
-0.00152588
-0.00183105
-0.00183105
-0.00152588
-0.00152588
-0.00213623
-0.00244141
-0.00213623
-0.00183105
-0.00183105
-0.00152588
-0.00122070
-0.00091553
-0.00091553
-0.00091553
-0.00091553
-0.00091553
-0.00061035
-0.00030518
 0.00000000
 0.00000000
-0.00061035
-0.00061035
-0.00061035
-0.00061035
-0.00091553
-0.00091553
-0.00030518
 0.00061035
 0.00122070
 0.00091553
 0.00061035
 0.00030518
 0.00091553
 0.00122070
 0.00152588
 0.00122070
 0.00122070
 0.00061035
 0.00061035
 0.00061035
 0.00091553
 0.00152588
 0.00183105
 0.00183105
 0.00152588
 0.00152588
 0.00183105
 0.00183105
 0.00122070
 0.00122070
 0.00122070
 0.00122070
 0.00091553
 0.00091553
 0.00091553
 0.00152588
 0.00122070
 0.00091553
 0.00122070
 0.00152588
 0.00183105
 0.00152588
 0.00152588
 0.00091553
 0.00061035
 0.00122070
 0.00122070
 0.00122070
 0.00152588
 0.00183105
 0.00152588
 0.00091553
 0.00091553
 0.00152588
 0.00213623
 0.00213623
 0.00152588
 0.00122070
 0.00152588
 0.00183105
 0.00183105
 0.00122070
 0.00061035
 0.00061035
 0.00122070
 0.00122070
 0.00122070
 0.00122070
 0.00091553
 0.00091553
 0.00122070
 0.00122070
 0.00122070
 0.00091553
 0.00061035
 0.00030518
 0.00030518
 0.00030518
 0.00030518
 0.00030518
 0.00061035
 0.00061035
 0.00000000
-0.00061035
-0.00061035
 0.00000000
 0.00030518
 0.00061035
 0.00061035
 0.00030518
 0.00000000
 0.00000000
 0.00000000
 0.00000000
 0.00000000
-0.00030518
-0.00030518
-0.00061035
-0.00030518
 0.00000000
 0.00000000
-0.00030518
-0.00061035
-0.00091553
-0.00061035
-0.00061035
-0.00061035
-0.00061035
-0.00061035
-0.00061035
-0.00091553
-0.00091553
-0.00061035
-0.00030518
 0.00000000
 0.00030518
 0.00030518
 0.00030518
-0.00030518
-0.00061035
-0.00091553
-0.00061035
 0.00000000
 0.00030518
 0.00061035
 0.00030518
 0.00000000
 0.00030518
 0.00030518
 0.00030518
 0.00000000
-0.00030518
-0.00030518
 0.00030518
 0.00061035
 0.00030518
 0.00000000
 0.00000000
-0.00030518
-0.00030518
 0.00000000
-0.00030518
-0.00030518
 0.00000000
 0.00000000
 0.00000000
-0.00030518
-0.00061035
-0.00091553
-0.00030518
 0.00030518
 0.00061035
 0.00061035
-0.00030518
-0.00091553
-0.00091553
-0.00061035
 0.00000000
 0.00000000
-0.00061035
-0.00091553
-0.00091553
-0.00061035
-0.00091553
-0.00152588
-0.00152588
-0.00122070
-0.00122070
-0.00122070
-0.00183105
-0.00213623
-0.00213623
-0.00183105
-0.00152588
-0.00183105
-0.00183105
-0.00183105
-0.00183105
-0.00183105
-0.00213623
-0.00213623
-0.00183105
-0.00122070
-0.00122070
-0.00152588
-0.00183105
-0.00213623
-0.00183105
-0.00152588
-0.00183105
-0.00183105
-0.00213623
-0.00183105
-0.00183105
-0.00183105
-0.00213623
-0.00244141
-0.00244141
-0.00213623
-0.00274658
-0.00305176
-0.00244141
-0.00244141
-0.00244141
-0.00244141
-0.00244141
-0.00213623
-0.00244141
-0.00305176
-0.00274658
-0.00244141
-0.00213623
-0.00183105
-0.00183105
-0.00213623
-0.00213623
-0.00183105
-0.00152588
-0.00183105
-0.00183105
-0.00213623
-0.00213623
-0.00213623
-0.00213623
-0.00244141
-0.00244141
-0.00183105
-0.00152588
-0.00152588
-0.00183105
-0.00152588
-0.00091553
-0.00091553
-0.00061035
-0.00091553
-0.00061035
-0.00030518
-0.00030518
-0.00030518
-0.00030518
-0.00030518
-0.00030518
 0.00000000
 0.00000000
 0.00000000
 0.00000000
 0.00061035
 0.00091553
 0.00122070
 0.00122070
 0.00122070
 0.00152588
 0.00183105
 0.00183105
 0.00152588
 0.00152588
 0.00122070
 0.00122070
 0.00152588
 0.00183105
 0.00213623
 0.00213623
 0.00244141
 0.00183105
 0.00183105
 0.00213623
 0.00244141
 0.00244141
 0.00244141
 0.00213623
 0.00213623
 0.00244141
 0.00244141
 0.00274658
 0.00274658
 0.00244141
 0.00244141
 0.00274658
 0.00305176
 0.00274658
 0.00305176
 0.00274658
 0.00244141
 0.00274658
 0.00274658
 0.00274658
 0.00244141
 0.00213623
 0.00244141
 0.00274658
 0.00305176
 0.00305176
 0.00305176
 0.00305176
 0.00244141
 0.00183105
 0.00183105
 0.00213623
 0.00244141
 0.00244141
 0.00183105
 0.00152588
 0.00152588
 0.00152588
 0.00183105
 0.00183105
 0.00152588
 0.00183105
 0.00213623
 0.00213623
 0.00244141
 0.00244141
 0.00244141
 0.00244141
 0.00213623
 0.00183105
 0.00183105
 0.00213623
 0.00244141
 0.00244141
 0.00213623
 0.00213623
 0.00183105
 0.00213623
 0.00244141
 0.00213623
 0.00213623
 0.00244141
 0.00244141
 0.00244141
 0.00213623
 0.00183105
 0.00183105
 0.00213623
 0.00152588
 0.00152588
 0.00152588
 0.00213623
 0.00213623
 0.00183105
 0.00183105
 0.00183105
 0.00213623
 0.00183105
 0.00152588
 0.00152588
 0.00152588
 0.00183105
 0.00152588
 0.00091553
 0.00061035
 0.00091553
 0.00122070
 0.00122070
 0.00091553
 0.00061035
 0.00030518
 0.00030518
 0.00030518
 0.00030518
 0.00000000
 0.00000000
 0.00000000
-0.00030518
-0.00030518
-0.00030518
-0.00061035
-0.00091553
-0.00122070
-0.00091553
-0.00091553
-0.00061035
-0.00091553
-0.00091553
-0.00091553
-0.00091553
-0.00091553
-0.00091553
-0.00091553
-0.00091553
-0.00122070
-0.00152588
-0.00152588
-0.00152588
-0.00122070
-0.00122070
-0.00152588
-0.00152588
-0.00122070
-0.00122070
-0.00122070
-0.00183105
-0.00183105
-0.00152588
-0.00183105
-0.00213623
-0.00213623
-0.00183105
-0.00183105
-0.00183105
-0.00183105
-0.00213623
-0.00244141
-0.00244141
-0.00244141
-0.00274658
-0.00274658
-0.00213623
-0.00213623
-0.00244141
-0.00274658
-0.00274658
-0.00274658
-0.00244141
-0.00274658
-0.00335693
-0.00305176
-0.00274658
-0.00274658
-0.00305176
-0.00305176
-0.00305176
-0.00305176
-0.00305176
-0.00244141
-0.00244141
-0.00305176
-0.00366211
-0.00366211
-0.00335693
-0.00335693
-0.00366211
-0.00335693
-0.00335693
-0.00335693
-0.00305176
-0.00305176
-0.00274658
-0.00274658
-0.00274658
-0.00274658
-0.00244141
-0.00244141
-0.00305176
-0.00335693
-0.00305176
-0.00274658
-0.00244141
-0.00244141
-0.00244141
-0.00213623
-0.00183105
-0.00183105
-0.00183105
-0.00183105
-0.00183105
-0.00152588
-0.00152588
-0.00152588
-0.00183105
-0.00213623
-0.00213623
-0.00213623
-0.00183105
-0.00122070
-0.00122070
-0.00122070
-0.00152588
-0.00152588
-0.00122070
-0.00122070
-0.00122070
-0.00122070
-0.00122070
-0.00122070
-0.00152588
-0.00122070
-0.00122070
-0.00122070
-0.00091553
-0.00091553
-0.00091553
-0.00091553
-0.00091553
-0.00061035
-0.00061035
-0.00061035
-0.00061035
-0.00061035
-0.00061035
-0.00030518
-0.00030518
-0.00061035
-0.00061035
-0.00030518
 0.00000000
 0.00030518
 0.00030518
 0.00030518
 0.00000000
 0.00030518
 0.00061035
 0.00061035
 0.00061035
 0.00061035
 0.00061035
 0.00061035
 0.00061035
 0.00061035
 0.00061035
 0.00061035
 0.00061035
 0.00030518
 0.00030518
 0.00030518
 0.00061035
 0.00030518
 0.00030518
 0.00061035
 0.00122070
 0.00152588
 0.00091553
 0.00061035
 0.00030518
 0.00061035
 0.00061035
 0.00061035
 0.00030518
 0.00000000
 0.00000000
 0.00000000
 0.00030518
 0.00061035
 0.00061035
 0.00030518
 0.00061035
 0.00122070
 0.00152588
 0.00122070
 0.00061035
 0.00000000
 0.00000000
 0.00030518
 0.00000000
-0.00030518
-0.00030518
-0.00030518
 0.00000000
 0.00061035
 0.00091553
 0.00122070
 0.00122070
 0.00152588
 0.00152588
 0.00091553
 0.00061035
 0.00030518
 0.00000000
 0.00000000
 0.00000000
 0.00000000
 0.00000000
 0.00030518
 0.00061035
 0.00030518
 0.00030518
 0.00061035
 0.00091553
 0.00091553
 0.00091553
 0.00152588
 0.00183105
 0.00122070
 0.00061035
 0.00061035
 0.00061035
 0.00061035
 0.00091553
 0.00122070
 0.00213623
 0.00244141
 0.00244141
 0.00183105
 0.00213623
 0.00244141
 0.00244141
 0.00213623
 0.00183105
 0.00183105
 0.00183105
 0.00183105
 0.00213623
 0.00183105
 0.00152588
 0.00152588
 0.00213623
 0.00244141
 0.00244141
 0.00244141
 0.00213623
 0.00183105
 0.00213623
 0.00244141
 0.00213623
 0.00183105
 0.00213623
 0.00244141
 0.00213623
 0.00183105
 0.00213623
 0.00213623
 0.00213623
 0.00183105
 0.00183105
 0.00213623
 0.00213623
 0.00213623
 0.00183105
 0.00183105
 0.00183105
 0.00183105
 0.00152588
 0.00152588
 0.00122070
 0.00091553
 0.00122070
 0.00152588
 0.00152588
 0.00152588
 0.00122070
 0.00122070
 0.00122070
 0.00061035
 0.00030518
 0.00000000
 0.00061035
 0.00091553
 0.00061035
 0.00030518
 0.00000000
 0.00000000
 0.00000000
-0.00030518
 0.00000000
 0.00000000
 0.00030518
 0.00000000
-0.00030518
 0.00000000
 0.00000000
-0.00030518
-0.00030518
-0.00030518
-0.00061035
-0.00030518
-0.00061035
-0.00061035
-0.00122070
-0.00152588
-0.00122070
-0.00091553
-0.00091553
-0.00061035
-0.00091553
-0.00091553
-0.00122070
-0.00091553
-0.00091553
-0.00122070
-0.00122070
-0.00152588
-0.00152588
-0.00152588
-0.00152588
-0.00152588
-0.00122070
-0.00122070
-0.00122070
-0.00152588
-0.00122070
-0.00122070
-0.00122070
-0.00122070
-0.00122070
-0.00122070
-0.00122070
-0.00152588
-0.00213623
-0.00213623
-0.00213623
-0.00183105
-0.00152588
-0.00122070
-0.00152588
-0.00122070
-0.00122070
-0.00122070
-0.00122070
-0.00091553
-0.00091553
-0.00091553
-0.00122070
-0.00122070
-0.00091553
-0.00091553
-0.00122070
-0.00122070
-0.00122070
-0.00122070
-0.00061035
-0.00030518
 0.00000000
-0.00030518
-0.00030518
-0.00030518
-0.00061035
-0.00061035
-0.00091553
-0.00122070
-0.00122070
-0.00122070
-0.00122070
-0.00122070
-0.00122070
-0.00122070
-0.00122070
-0.00122070
-0.00122070
-0.00091553
-0.00030518
-0.00061035
-0.00122070
-0.00122070
-0.00091553
-0.00122070
-0.00122070
-0.00152588
-0.00122070
-0.00152588
-0.00122070
-0.00152588
-0.00152588
-0.00183105
-0.00152588
-0.00061035
-0.00061035
-0.00091553
-0.00091553
-0.00152588
-0.00152588
-0.00122070
-0.00122070
-0.00122070
-0.00152588
-0.00152588
-0.00152588
-0.00152588
-0.00152588
-0.00122070
-0.00091553
-0.00122070
-0.00152588
-0.00152588
-0.00122070
-0.00122070
-0.00152588
-0.00152588
-0.00152588
-0.00152588
-0.00152588
-0.00152588
-0.00152588
-0.00152588
-0.00122070
-0.00122070
-0.00091553
-0.00061035
-0.00061035
-0.00091553
-0.00152588
-0.00152588
-0.00152588
-0.00152588
-0.00122070
-0.00061035
-0.00030518
-0.00061035
-0.00061035
-0.00061035
-0.00061035
-0.00061035
-0.00061035
-0.00061035
-0.00061035
-0.00030518
-0.00030518
-0.00030518
-0.00030518
-0.00061035
-0.00061035
-0.00030518
-0.00061035
-0.00030518
-0.00030518
-0.00061035
-0.00091553
-0.00061035
-0.00061035
 0.00000000
 0.00030518
 0.00000000
-0.00061035
-0.00061035
 0.00000000
 0.00061035
 0.00061035
 0.00061035
 0.00061035
 0.00061035
 0.00091553
 0.00091553
 0.00030518
 0.00030518
 0.00091553
 0.00122070
 0.00152588
 0.00152588
 0.00152588
 0.00152588
 0.00122070
 0.00122070
 0.00152588
 0.00152588
 0.00152588
 0.00152588
 0.00122070
 0.00122070
 0.00122070
 0.00183105
 0.00213623
 0.00244141
 0.00244141
 0.00244141
 0.00244141
 0.00244141
 0.00213623
 0.00183105
 0.00213623
 0.00274658
 0.00244141
 0.00213623
 0.00183105
 0.00244141
 0.00244141
 0.00244141
 0.00244141
 0.00244141
 0.00274658
 0.00244141
 0.00213623
 0.00213623
 0.00213623
 0.00183105
 0.00183105
 0.00183105
 0.00152588
 0.00122070
 0.00152588
 0.00152588
 0.00152588
 0.00152588
 0.00152588
 0.00091553
 0.00122070
 0.00152588
 0.00152588
 0.00122070
 0.00122070
 0.00152588
 0.00152588
 0.00122070
 0.00091553
 0.00030518
 0.00030518
 0.00061035
 0.00091553
 0.00091553
 0.00091553
 0.00091553
 0.00091553
 0.00091553
 0.00091553
 0.00061035
 0.00030518
 0.00030518
 0.00061035
 0.00061035
 0.00030518
 0.00030518
 0.00030518
 0.00000000
-0.00030518
-0.00030518
-0.00030518
 0.00000000
 0.00030518
 0.00000000
 0.00000000
 0.00061035
 0.00091553
 0.00091553
 0.00030518
 0.00000000
-0.00030518
-0.00030518
-0.00030518
 0.00000000
 0.00000000
 0.00000000
 0.00000000
 0.00000000
 0.00000000
 0.00000000
 0.00000000
 0.00000000
-0.00030518
-0.00030518
-0.00061035
-0.00061035
-0.00061035
-0.00091553
-0.00061035
-0.00061035
-0.00030518
-0.00061035
-0.00091553
-0.00061035
-0.00091553
-0.00091553
-0.00122070
-0.00091553
-0.00030518
 0.00000000
-0.00061035
-0.00122070
-0.00152588
-0.00122070
-0.00122070
-0.00061035
-0.00061035
-0.00122070
-0.00122070
-0.00122070
-0.00122070
-0.00122070
-0.00152588
-0.00152588
-0.00122070
-0.00091553
-0.00030518
-0.00061035
-0.00122070
-0.00152588
-0.00091553
-0.00091553
-0.00152588
-0.00183105
-0.00152588
-0.00152588
-0.00152588
-0.00122070
-0.00122070
-0.00122070
-0.00122070
-0.00122070
-0.00091553
-0.00091553
-0.00122070
-0.00152588
-0.00152588
-0.00152588
-0.00122070
-0.00091553
-0.00091553
-0.00122070
-0.00122070
-0.00152588
-0.00183105
-0.00152588
-0.00091553
-0.00061035
-0.00091553
-0.00122070
-0.00122070
-0.00091553
-0.00091553
-0.00122070
-0.00122070
-0.00122070
-0.00122070
-0.00152588
-0.00152588
-0.00152588
-0.00122070
-0.00061035
-0.00030518
-0.00091553
-0.00122070
-0.00122070
-0.00091553
-0.00122070
-0.00122070
-0.00122070
-0.00091553
-0.00030518
 0.00000000
 0.00000000
-0.00030518
-0.00030518
 0.00000000
 0.00061035
 0.00061035
 0.00030518
 0.00000000
 0.00030518
 0.00061035
 0.00061035
 0.00030518
 0.00000000
 0.00000000
 0.00061035
 0.00091553
 0.00061035
 0.00061035
 0.00091553
 0.00122070
 0.00091553
 0.00061035
 0.00091553
 0.00122070
 0.00183105
 0.00152588
 0.00091553
 0.00061035
 0.00091553
 0.00183105
 0.00213623
 0.00213623
 0.00122070
 0.00091553
 0.00152588
 0.00183105
 0.00152588
 0.00122070
 0.00091553
 0.00122070
 0.00152588
 0.00122070
 0.00061035
 0.00061035
 0.00061035
 0.00061035
 0.00030518
 0.00061035
 0.00061035
 0.00030518
 0.00000000
 0.00000000
 0.00000000
 0.00000000
 0.00000000
 0.00000000
 0.00030518
 0.00030518
 0.00030518
-0.00030518
-0.00061035
-0.00061035
-0.00030518
-0.00030518
-0.00030518
-0.00061035
-0.00061035
-0.00030518
 0.00000000
 0.00000000
 0.00000000
 0.00000000
 0.00000000
 0.00000000
-0.00030518
-0.00061035
-0.00091553
-0.00122070
-0.00091553
-0.00091553
-0.00091553
-0.00091553
-0.00152588
-0.00152588
-0.00152588
-0.00091553
-0.00091553
-0.00091553
-0.00061035
-0.00061035
-0.00122070
-0.00152588
-0.00152588
-0.00152588
-0.00152588
-0.00122070
-0.00122070
-0.00091553
-0.00122070
-0.00122070
-0.00152588
-0.00152588
-0.00122070
-0.00122070
-0.00122070
-0.00152588
-0.00152588
-0.00183105
-0.00183105
-0.00152588
-0.00152588
-0.00183105
-0.00183105
-0.00183105
-0.00152588
-0.00152588
-0.00152588
-0.00152588
-0.00122070
-0.00122070
-0.00122070
-0.00091553
-0.00061035
-0.00061035
-0.00091553
-0.00152588
-0.00122070
-0.00122070
-0.00122070
-0.00122070
-0.00091553
-0.00061035
-0.00061035
-0.00061035
-0.00061035
-0.00061035
-0.00030518
-0.00030518
 0.00000000
 0.00030518
 0.00030518
 0.00030518
 0.00000000
-0.00030518
-0.00030518
-0.00030518
 0.00000000
-0.00030518
-0.00030518
-0.00030518
 0.00000000
-0.00030518
 0.00000000
 0.00030518
 0.00030518
 0.00030518
 0.00000000
-0.00030518
-0.00030518
 0.00000000
 0.00030518
 0.00000000
-0.00061035
-0.00030518
 0.00000000
 0.00000000
 0.00000000
 0.00030518
 0.00061035
 0.00061035
 0.00000000
-0.00030518
 0.00000000
 0.00030518
 0.00030518
 0.00030518
-0.00030518
-0.00030518
-0.00030518
-0.00030518
 0.00000000
 0.00030518
 0.00000000
 0.00000000
-0.00030518
-0.00030518
 0.00000000
 0.00000000
-0.00030518
 0.00000000
 0.00000000
-0.00061035
-0.00061035
-0.00030518
-0.00030518
-0.00030518
 0.00030518
 0.00030518
 0.00030518
 0.00000000
 0.00000000
 0.00030518
 0.00030518
 0.00061035
 0.00061035
 0.00030518
 0.00000000
 0.00030518
 0.00030518
 0.00030518
 0.00030518
 0.00000000
-0.00030518
 0.00000000
 0.00030518
 0.00061035
 0.00030518
-0.00030518
-0.00030518
 0.00000000
 0.00000000
 0.00000000
 0.00000000
 0.00000000
 0.00000000
 0.00000000
 0.00000000
 0.00030518
 0.00030518
 0.00000000
 0.00030518
 0.00000000
-0.00030518
-0.00030518
 0.00000000
 0.00030518
 0.00000000
-0.00030518
-0.00061035
 0.00030518
 0.00091553
 0.00091553
 0.00030518
 0.00030518
 0.00000000
-0.00061035
-0.00061035
-0.00030518
 0.00000000
 0.00000000
-0.00030518
-0.00030518
-0.00030518
 0.00000000
 0.00000000
 0.00030518
 0.00030518
 0.00030518
 0.00030518
 0.00061035
 0.00061035
 0.00061035
 0.00061035
 0.00091553
 0.00122070
 0.00091553
 0.00061035
 0.00061035
 0.00122070
 0.00122070
 0.00091553
 0.00122070
 0.00152588
 0.00122070
 0.00091553
 0.00091553
 0.00122070
 0.00152588
 0.00122070
 0.00091553
 0.00122070
 0.00091553
 0.00061035
 0.00061035
 0.00061035
 0.00030518
 0.00030518
 0.00030518
 0.00091553
 0.00061035
 0.00030518
 0.00000000
 0.00061035
 0.00122070
 0.00091553
 0.00061035
 0.00000000
 0.00000000
 0.00000000
 0.00030518
 0.00000000
 0.00000000
 0.00030518
-0.00030518
-0.00061035
-0.00030518
-0.00030518
 0.00000000
-0.00030518
 0.00000000
 0.00030518
 0.00000000
-0.00030518
-0.00061035
-0.00091553
-0.00091553
-0.00061035
-0.00030518
-0.00030518
-0.00061035
-0.00091553
-0.00061035
-0.00030518
-0.00030518
-0.00061035
-0.00061035
-0.00061035
-0.00061035
-0.00030518
-0.00030518
 0.00030518
 0.00061035
 0.00030518
-0.00030518
-0.00030518
-0.00030518
 0.00000000
 0.00000000
 0.00030518
 0.00091553
 0.00122070
 0.00122070
 0.00122070
 0.00061035
 0.00030518
 0.00061035
 0.00091553
 0.00061035
 0.00061035
 0.00030518
 0.00030518
 0.00061035
 0.00030518
 0.00000000
 0.00000000
 0.00091553
 0.00122070
 0.00122070
 0.00091553
 0.00061035
 0.00061035
 0.00091553
 0.00091553
 0.00091553
 0.00091553
 0.00091553
 0.00061035
 0.00061035
 0.00061035
 0.00091553
 0.00122070
 0.00122070
 0.00122070
 0.00091553
 0.00091553
 0.00061035
 0.00091553
 0.00091553
 0.00122070
 0.00122070
 0.00091553
 0.00061035
 0.00030518
 0.00030518
 0.00061035
 0.00091553
 0.00061035
 0.00000000
 0.00030518
 0.00091553
 0.00061035
 0.00061035
 0.00030518
 0.00030518
 0.00061035
 0.00061035
 0.00061035
 0.00061035
 0.00061035
 0.00030518
 0.00030518
 0.00030518
 0.00030518
 0.00030518
 0.00000000
-0.00030518
-0.00061035
-0.00061035
-0.00030518
 0.00000000
 0.00000000
-0.00030518
-0.00030518
-0.00030518
-0.00061035
-0.00061035
-0.00122070
-0.00152588
-0.00122070
-0.00091553
-0.00091553
-0.00122070
-0.00122070
-0.00122070
-0.00122070
-0.00152588
-0.00183105
-0.00152588
-0.00122070
-0.00122070
-0.00152588
-0.00152588
-0.00183105
-0.00183105
-0.00152588
-0.00152588
-0.00183105
-0.00183105
-0.00213623
-0.00213623
-0.00152588
-0.00183105
-0.00213623
-0.00244141
-0.00244141
-0.00183105
-0.00152588
-0.00152588
-0.00183105
-0.00213623
-0.00213623
-0.00152588
-0.00152588
-0.00183105
-0.00183105
-0.00183105
-0.00183105
-0.00213623
-0.00213623
-0.00152588
-0.00122070
-0.00122070
-0.00152588
-0.00122070
-0.00091553
-0.00122070
-0.00122070
-0.00122070
-0.00122070
-0.00122070
-0.00122070
-0.00091553
-0.00061035
-0.00061035
-0.00152588
-0.00183105
-0.00152588
-0.00122070
-0.00122070
-0.00122070
-0.00091553
-0.00091553
-0.00061035
-0.00061035
-0.00061035
-0.00091553
-0.00122070
-0.00152588
-0.00122070
-0.00091553
-0.00091553
-0.00122070
-0.00152588
-0.00122070
-0.00030518
 0.00000000
-0.00030518
-0.00030518
-0.00030518
-0.00030518
-0.00061035
-0.00030518
 0.00000000
 0.00000000
 0.00000000
-0.00030518
-0.00030518
 0.00000000
 0.00030518
 0.00030518
 0.00000000
 0.00000000
-0.00030518
 0.00000000
-0.00030518
-0.00061035
-0.00061035
 0.00000000
 0.00000000
 0.00030518
 0.00061035
 0.00061035
 0.00030518
 0.00000000
 0.00000000
 0.00030518
 0.00061035
 0.00061035
 0.00061035
 0.00061035
 0.00030518
 0.00000000
 0.00000000
 0.00030518
 0.00091553
 0.00091553
 0.00061035
 0.00030518
 0.00061035
 0.00061035
 0.00061035
 0.00061035
 0.00091553
 0.00061035
 0.00030518
 0.00030518
 0.00030518
 0.00030518
 0.00030518
 0.00061035
 0.00091553
 0.00061035
 0.00061035
 0.00030518
 0.00030518
 0.00030518
 0.00091553
 0.00061035
 0.00030518
 0.00030518
 0.00030518
 0.00061035
 0.00091553
 0.00091553
 0.00061035
 0.00061035
 0.00091553
 0.00061035
 0.00030518
-0.00030518
 0.00000000
 0.00061035
 0.00091553
 0.00061035
 0.00091553
 0.00091553
 0.00091553
 0.00061035
 0.00091553
 0.00122070
 0.00091553
 0.00061035
 0.00091553
 0.00091553
 0.00091553
 0.00091553
 0.00091553
 0.00122070
 0.00152588
 0.00122070
 0.00091553
 0.00061035
 0.00091553
 0.00091553
 0.00122070
 0.00122070
 0.00122070
 0.00091553
 0.00091553
 0.00091553
 0.00091553
 0.00091553
 0.00122070
 0.00122070
 0.00122070
 0.00091553
 0.00091553
 0.00061035
 0.00061035
 0.00091553
 0.00122070
 0.00091553
 0.00061035
 0.00061035
 0.00030518
 0.00061035
 0.00091553
 0.00122070
 0.00091553
 0.00030518
 0.00000000
-0.00030518
 0.00000000
 0.00030518
 0.00091553
 0.00091553
 0.00061035
 0.00030518
 0.00030518
 0.00030518
 0.00061035
 0.00061035
 0.00091553
 0.00061035
 0.00030518
 0.00000000
 0.00030518
 0.00061035
 0.00061035
 0.00061035
 0.00061035
 0.00061035
 0.00061035
 0.00030518
 0.00061035
 0.00091553
 0.00061035
 0.00030518
 0.00000000
 0.00030518
 0.00030518
 0.00061035
 0.00030518
 0.00030518
 0.00000000
 0.00000000
-0.00030518
-0.00061035
-0.00061035
-0.00030518
-0.00030518
-0.00030518
 0.00000000
 0.00000000
 0.00000000
-0.00030518
-0.00030518
 0.00000000
-0.00030518
-0.00091553
-0.00061035
-0.00030518
 0.00030518
 0.00061035
 0.00030518
-0.00030518
-0.00091553
-0.00091553
-0.00061035
-0.00061035
-0.00030518
-0.00030518
-0.00061035
-0.00061035
-0.00061035
-0.00091553
-0.00091553
-0.00091553
-0.00061035
-0.00061035
-0.00091553
-0.00061035
-0.00030518
-0.00030518
 0.00000000
 0.00000000
 0.00000000
-0.00030518
-0.00061035
-0.00091553
-0.00061035
-0.00030518
-0.00061035
-0.00061035
-0.00030518
 0.00000000
-0.00030518
-0.00030518
-0.00061035
-0.00061035
-0.00030518
-0.00030518
 0.00000000
-0.00030518
-0.00061035
-0.00061035
-0.00091553
-0.00122070
-0.00091553
-0.00091553
-0.00061035
-0.00030518
-0.00061035
-0.00061035
-0.00061035
-0.00061035
-0.00061035
-0.00091553
-0.00152588
-0.00152588
-0.00152588
-0.00152588
-0.00152588
-0.00152588
-0.00152588
-0.00091553
-0.00091553
-0.00122070
-0.00122070
-0.00122070
-0.00091553
-0.00091553
-0.00122070
-0.00122070
-0.00152588
-0.00152588
-0.00152588
-0.00152588
-0.00152588
-0.00183105
-0.00183105
-0.00213623
-0.00213623
-0.00183105
-0.00152588
-0.00122070
-0.00183105
-0.00183105
-0.00183105
-0.00213623
-0.00213623
-0.00183105
-0.00183105
-0.00183105
-0.00152588
-0.00183105
-0.00183105
-0.00183105
-0.00183105
-0.00152588
-0.00152588
-0.00183105
-0.00183105
-0.00183105
-0.00183105
-0.00152588
-0.00152588
-0.00183105
-0.00183105
-0.00152588
-0.00152588
-0.00122070
-0.00152588
-0.00122070
-0.00152588
-0.00152588
-0.00152588
-0.00183105
-0.00183105
-0.00152588
-0.00122070
-0.00091553
-0.00122070
-0.00152588
-0.00152588
-0.00122070
-0.00030518
-0.00030518
-0.00091553
-0.00152588
-0.00152588
-0.00122070
-0.00091553
-0.00091553
-0.00091553
-0.00030518
-0.00091553
-0.00152588
-0.00152588
-0.00122070
-0.00091553
-0.00091553
-0.00061035
-0.00030518
 0.00000000
 0.00030518
 0.00000000
-0.00061035
-0.00061035
-0.00091553
-0.00091553
-0.00091553
-0.00061035
-0.00030518
 0.00000000
-0.00030518
-0.00061035
-0.00030518
 0.00030518
 0.00030518
 0.00030518
 0.00061035
 0.00030518
 0.00061035
 0.00061035
 0.00030518
 0.00030518
 0.00000000
 0.00000000
 0.00000000
 0.00000000
 0.00000000
 0.00030518
 0.00030518
 0.00030518
 0.00030518
 0.00030518
 0.00000000
 0.00030518
 0.00061035
 0.00030518
 0.00030518
 0.00030518
 0.00000000
 0.00000000
 0.00000000
 0.00030518
 0.00061035
 0.00061035
 0.00091553
 0.00061035
 0.00030518
 0.00000000
 0.00000000
 0.00000000
 0.00000000
 0.00030518
 0.00061035
 0.00061035
 0.00030518
 0.00000000
 0.00000000
 0.00030518
 0.00061035
 0.00061035
 0.00061035
 0.00061035
 0.00061035
 0.00091553
 0.00091553
 0.00091553
 0.00061035
 0.00030518
 0.00000000
 0.00030518
 0.00000000
 0.00030518
 0.00061035
 0.00061035
 0.00091553
 0.00091553
 0.00061035
 0.00061035
 0.00061035
 0.00091553
 0.00061035
 0.00061035
 0.00061035
 0.00061035
 0.00061035
 0.00091553
 0.00091553
 0.00091553
 0.00091553
 0.00091553
 0.00091553
 0.00061035
 0.00091553
 0.00091553
 0.00122070
 0.00122070
 0.00122070
 0.00091553
 0.00091553
 0.00091553
 0.00061035
 0.00061035
 0.00061035
 0.00061035
 0.00091553
 0.00091553
 0.00061035
 0.00061035
 0.00091553
 0.00091553
 0.00091553
 0.00091553
 0.00061035
 0.00061035
 0.00061035
 0.00061035
 0.00061035
 0.00030518
 0.00061035
 0.00091553
 0.00091553
 0.00091553
 0.00061035
 0.00091553
 0.00091553
 0.00061035
 0.00030518
 0.00061035
 0.00061035
 0.00091553
 0.00091553
 0.00061035
 0.00061035
 0.00061035
 0.00061035
 0.00061035
 0.00030518
 0.00061035
 0.00122070
 0.00122070
 0.00091553
 0.00091553
 0.00061035
 0.00061035
 0.00061035
 0.00061035
 0.00091553
 0.00061035
 0.00061035
 0.00030518
 0.00000000
 0.00030518
 0.00061035
 0.00061035
 0.00061035
 0.00030518
 0.00030518
 0.00061035
 0.00061035
 0.00091553
 0.00061035
 0.00030518
-0.00030518
-0.00030518
 0.00000000
 0.00000000
 0.00000000
 0.00000000
-0.00061035
-0.00061035
-0.00061035
-0.00030518
 0.00000000
 0.00030518
 0.00000000
-0.00030518
-0.00030518
 0.00000000
 0.00000000
-0.00030518
-0.00061035
-0.00091553
-0.00061035
-0.00030518
-0.00030518
-0.00061035
-0.00061035
-0.00091553
-0.00061035
-0.00061035
-0.00061035
-0.00030518
-0.00030518
-0.00030518
-0.00091553
-0.00091553
-0.00091553
-0.00091553
-0.00061035
-0.00091553
-0.00122070
-0.00091553
-0.00061035
-0.00030518
-0.00061035
-0.00061035
-0.00030518
 0.00000000
 0.00030518
 0.00030518
 0.00000000
-0.00030518
 0.00000000
-0.00030518
-0.00030518
 0.00000000
 0.00030518
 0.00030518
 0.00000000
 0.00000000
 0.00000000
 0.00030518
 0.00000000
 0.00030518
 0.00061035
 0.00091553
 0.00091553
 0.00122070
 0.00091553
 0.00061035
 0.00030518
 0.00000000
 0.00000000
-0.00030518
-0.00030518
 0.00000000
 0.00030518
 0.00030518
 0.00030518
 0.00061035
 0.00091553
 0.00122070
 0.00061035
 0.00061035
 0.00061035
 0.00061035
 0.00061035
 0.00030518
 0.00000000
 0.00030518
 0.00030518
 0.00030518
 0.00030518
 0.00061035
 0.00091553
 0.00122070
 0.00152588
 0.00122070
 0.00091553
 0.00061035
 0.00030518
 0.00030518
 0.00030518
 0.00030518
 0.00030518
 0.00000000
 0.00000000
 0.00000000
 0.00030518
 0.00030518
 0.00030518
 0.00030518
 0.00030518
 0.00061035
 0.00091553
 0.00091553
 0.00061035
 0.00061035
 0.00030518
-0.00030518
-0.00030518
-0.00061035
-0.00061035
-0.00030518
 0.00000000
 0.00000000
 0.00000000
-0.00030518
-0.00030518
-0.00030518
-0.00030518
 0.00000000
 0.00030518
 0.00030518
-0.00030518
-0.00091553
-0.00122070
-0.00091553
-0.00061035
-0.00030518
-0.00091553
-0.00091553
-0.00091553
-0.00061035
-0.00030518
-0.00030518
-0.00061035
-0.00091553
-0.00091553
-0.00091553
-0.00091553
-0.00122070
-0.00152588
-0.00152588
-0.00152588
-0.00122070
-0.00091553
-0.00061035
-0.00030518
-0.00091553
-0.00091553
-0.00061035
-0.00061035
-0.00030518
-0.00061035
-0.00061035
-0.00091553
-0.00122070
-0.00122070
-0.00152588
-0.00183105
-0.00122070
-0.00061035
-0.00030518
-0.00030518
-0.00091553
-0.00091553
-0.00091553
-0.00091553
-0.00091553
-0.00061035
-0.00061035
-0.00091553
-0.00122070
-0.00183105
-0.00183105
-0.00152588
-0.00152588
-0.00183105
-0.00152588
-0.00091553
-0.00091553
-0.00122070
-0.00152588
-0.00122070
-0.00091553
-0.00091553
-0.00122070
-0.00152588
-0.00122070
-0.00152588
-0.00122070
-0.00122070
-0.00122070
-0.00152588
-0.00122070
-0.00122070
-0.00122070
-0.00122070
-0.00122070
-0.00091553
-0.00091553
-0.00122070
-0.00122070
-0.00091553
-0.00122070
-0.00152588
-0.00183105
-0.00183105
-0.00183105
-0.00152588
-0.00122070
-0.00152588
-0.00152588
-0.00122070
-0.00091553
-0.00091553
-0.00091553
-0.00122070
-0.00122070
-0.00122070
-0.00152588
-0.00122070
-0.00091553
-0.00122070
-0.00122070
-0.00122070
-0.00152588
-0.00122070
-0.00122070
-0.00091553
-0.00061035
-0.00030518
-0.00061035
-0.00061035
-0.00091553
-0.00061035
-0.00091553
-0.00061035
-0.00061035
-0.00061035
-0.00091553
-0.00091553
-0.00061035
-0.00091553
-0.00091553
-0.00091553
-0.00091553
-0.00030518
 0.00000000
-0.00030518
-0.00061035
-0.00061035
-0.00030518
-0.00030518
-0.00030518
-0.00030518
-0.00030518
-0.00061035
-0.00061035
-0.00030518
-0.00030518
-0.00030518
-0.00030518
-0.00030518
-0.00061035
-0.00030518
 0.00000000
 0.00000000
 0.00000000
-0.00030518
 0.00000000
 0.00030518
 0.00000000
 0.00030518
 0.00030518
 0.00030518
 0.00000000
 0.00030518
 0.00091553
 0.00091553
 0.00122070
 0.00091553
 0.00061035
 0.00030518
 0.00061035
 0.00091553
 0.00091553
 0.00091553
 0.00091553
 0.00091553
 0.00122070
 0.00152588
 0.00183105
 0.00152588
 0.00152588
 0.00122070
 0.00122070
 0.00152588
 0.00122070
 0.00122070
 0.00122070
 0.00152588
 0.00122070
 0.00091553
 0.00091553
 0.00122070
 0.00122070
 0.00122070
 0.00152588
 0.00183105
 0.00152588
 0.00183105
 0.00122070
 0.00091553
 0.00091553
 0.00091553
 0.00091553
 0.00091553
 0.00122070
 0.00122070
 0.00091553
 0.00122070
 0.00152588
 0.00122070
 0.00030518
 0.00061035
 0.00122070
 0.00122070
 0.00122070
 0.00122070
 0.00061035
 0.00030518
 0.00000000
 0.00061035
 0.00091553
 0.00061035
 0.00061035
 0.00030518
 0.00030518
 0.00061035
 0.00061035
 0.00061035
 0.00061035
 0.00030518
 0.00061035
 0.00091553
 0.00091553
 0.00091553
 0.00061035
 0.00000000
 0.00000000
 0.00030518
 0.00030518
 0.00061035
 0.00091553
 0.00061035
 0.00061035
 0.00091553
 0.00091553
 0.00091553
 0.00061035
 0.00061035
 0.00061035
 0.00000000
-0.00030518
 0.00000000
 0.00030518
 0.00061035
 0.00061035
 0.00061035
 0.00061035
 0.00091553
 0.00091553
 0.00061035
 0.00030518
 0.00000000
 0.00000000
 0.00000000
 0.00000000
 0.00030518
 0.00030518
 0.00000000
-0.00030518
-0.00061035
-0.00061035
 0.00000000
 0.00061035
 0.00061035
 0.00061035
 0.00030518
 0.00030518
 0.00030518
 0.00030518
 0.00030518
 0.00000000
 0.00000000
 0.00000000
 0.00030518
 0.00030518
 0.00000000
 0.00000000
-0.00030518
 0.00000000
 0.00000000
 0.00030518
 0.00061035
 0.00030518
 0.00061035
 0.00061035
 0.00061035
 0.00030518
 0.00000000
-0.00061035
-0.00030518
-0.00030518
-0.00030518
 0.00000000
 0.00030518
 0.00030518
 0.00000000
 0.00000000
 0.00030518
 0.00030518
 0.00122070
 0.00091553
 0.00061035
 0.00000000
-0.00030518
 0.00000000
-0.00030518
 0.00000000
-0.00030518
-0.00030518
-0.00030518
-0.00061035
-0.00030518
 0.00030518
 0.00000000
-0.00030518
-0.00030518
 0.00000000
-0.00030518
 0.00000000
 0.00000000
-0.00061035
-0.00061035
-0.00061035
-0.00030518
-0.00030518
-0.00061035
-0.00061035
-0.00030518
 0.00000000
 0.00000000
 0.00030518
 0.00061035
 0.00030518
-0.00030518
-0.00030518
 0.00000000
-0.00030518
-0.00061035
-0.00091553
-0.00061035
-0.00030518
-0.00030518
-0.00091553
-0.00091553
-0.00091553
-0.00030518
-0.00030518
-0.00030518
-0.00030518
-0.00030518
-0.00091553
-0.00061035
-0.00061035
-0.00091553
-0.00122070
-0.00091553
-0.00061035
-0.00030518
-0.00030518
-0.00030518
-0.00061035
-0.00030518
 0.00000000
 0.00000000
-0.00061035
-0.00091553
-0.00091553
-0.00091553
-0.00122070
-0.00091553
-0.00091553
-0.00091553
-0.00122070
-0.00091553
-0.00061035
-0.00061035
-0.00091553
-0.00091553
-0.00091553
-0.00061035
-0.00091553
-0.00152588
-0.00183105
-0.00152588
-0.00152588
-0.00152588
-0.00122070
-0.00122070
-0.00091553
-0.00122070
-0.00152588
-0.00122070
-0.00152588
-0.00152588
-0.00122070
-0.00152588
-0.00152588
-0.00183105
-0.00183105
-0.00183105
-0.00152588
-0.00122070
-0.00091553
-0.00091553
-0.00122070
-0.00122070
-0.00122070
-0.00122070
-0.00122070
-0.00122070
-0.00091553
-0.00091553
-0.00091553
-0.00091553
-0.00091553
-0.00091553
-0.00152588
-0.00152588
-0.00183105
-0.00152588
-0.00122070
-0.00122070
-0.00122070
-0.00152588
-0.00183105
-0.00122070
-0.00061035
-0.00061035
-0.00122070
-0.00122070
-0.00152588
-0.00152588
-0.00152588
-0.00152588
-0.00152588
-0.00122070
-0.00091553
-0.00061035
-0.00030518
-0.00061035
-0.00061035
-0.00061035
-0.00030518
-0.00030518
-0.00030518
-0.00091553
-0.00122070
-0.00122070
-0.00091553
-0.00122070
-0.00122070
-0.00091553
-0.00091553
-0.00122070
-0.00152588
-0.00091553
-0.00030518
 0.00000000
-0.00061035
-0.00122070
-0.00122070
-0.00061035
-0.00030518
-0.00061035
-0.00061035
-0.00061035
-0.00061035
-0.00061035
-0.00061035
-0.00030518
 0.00000000
 0.00000000
 0.00000000
-0.00030518
-0.00030518
-0.00030518
-0.00030518
-0.00030518
-0.00030518
-0.00030518
-0.00030518
-0.00030518
-0.00030518
 0.00000000
 0.00000000
 0.00000000
 0.00061035
 0.00122070
 0.00122070
 0.00091553
 0.00091553
 0.00091553
 0.00091553
 0.00091553
 0.00091553
 0.00091553
 0.00091553
 0.00091553
 0.00091553
 0.00061035
 0.00030518
 0.00061035
 0.00091553
 0.00091553
 0.00091553
 0.00122070
 0.00122070
 0.00152588
 0.00122070
 0.00091553
 0.00091553
 0.00061035
 0.00061035
 0.00091553
 0.00091553
 0.00091553
 0.00061035
 0.00061035
 0.00091553
 0.00122070
 0.00091553
 0.00061035
 0.00091553
 0.00152588
 0.00152588
 0.00152588
 0.00122070
 0.00122070
 0.00122070
 0.00152588
 0.00152588
 0.00152588
 0.00091553
 0.00091553
 0.00152588
 0.00183105
 0.00183105
 0.00183105
 0.00183105
 0.00183105
 0.00152588
 0.00122070
 0.00091553
 0.00091553
 0.00122070
 0.00152588
 0.00152588
 0.00091553
 0.00061035
 0.00091553
 0.00122070
 0.00091553
 0.00061035
 0.00061035
 0.00122070
 0.00152588
 0.00122070
 0.00091553
 0.00091553
 0.00091553
 0.00091553
 0.00091553
 0.00091553
 0.00061035
 0.00061035
 0.00091553
 0.00091553
 0.00091553
 0.00061035
 0.00061035
 0.00122070
 0.00122070
 0.00122070
 0.00091553
 0.00030518
 0.00061035
 0.00061035
 0.00091553
 0.00091553
 0.00061035
 0.00061035
 0.00061035
 0.00061035
 0.00061035
 0.00030518
 0.00030518
 0.00000000
 0.00000000
 0.00000000
 0.00061035
 0.00061035
 0.00000000
 0.00000000
 0.00061035
 0.00122070
 0.00061035
 0.00030518
 0.00000000
 0.00030518
 0.00000000
-0.00030518
-0.00030518
-0.00030518
 0.00030518
 0.00061035
 0.00122070
 0.00091553
 0.00061035
 0.00000000
-0.00030518
 0.00000000
 0.00030518
 0.00061035
 0.00030518
 0.00000000
-0.00030518
 0.00000000
 0.00000000
 0.00000000
 0.00030518
 0.00061035
 0.00091553
 0.00061035
 0.00030518
 0.00061035
 0.00061035
 0.00061035
 0.00030518
-0.00030518
-0.00091553
-0.00091553
-0.00061035
 0.00000000
 0.00000000
 0.00030518
 0.00000000
 0.00000000
-0.00061035
-0.00030518
 0.00000000
 0.00030518
 0.00030518
-0.00030518
-0.00061035
-0.00061035
-0.00091553
-0.00091553
-0.00061035
-0.00091553
-0.00091553
-0.00091553
-0.00061035
-0.00030518
-0.00061035
-0.00061035
-0.00061035
-0.00061035
-0.00091553
-0.00091553
-0.00091553
-0.00091553
-0.00091553
-0.00091553
-0.00061035
-0.00061035
-0.00061035
-0.00061035
-0.00061035
-0.00061035
-0.00091553
-0.00091553
-0.00061035
-0.00061035
-0.00061035
-0.00091553
-0.00091553
-0.00091553
-0.00061035
-0.00091553
-0.00091553
-0.00091553
-0.00061035
-0.00061035
-0.00091553
-0.00091553
-0.00061035
-0.00030518
-0.00030518
-0.00061035
-0.00091553
-0.00122070
-0.00122070
-0.00122070
-0.00091553
-0.00091553
-0.00122070
-0.00122070
-0.00122070
-0.00122070
-0.00091553
-0.00091553
-0.00122070
-0.00122070
-0.00091553
-0.00061035
-0.00061035
-0.00061035
-0.00030518
-0.00030518
-0.00061035
-0.00091553
-0.00122070
-0.00091553
-0.00061035
-0.00061035
-0.00091553
-0.00122070
-0.00122070
-0.00122070
-0.00061035
-0.00030518
-0.00030518
-0.00091553
-0.00122070
-0.00152588
-0.00122070
-0.00091553
-0.00091553
-0.00091553
-0.00122070
-0.00152588
-0.00122070
-0.00091553
-0.00091553
-0.00091553
-0.00091553
-0.00061035
-0.00030518
-0.00061035
-0.00061035
-0.00061035
-0.00061035
-0.00061035
-0.00091553
-0.00091553
-0.00061035
-0.00030518
-0.00061035
-0.00091553
-0.00152588
-0.00152588
-0.00122070
-0.00122070
-0.00091553
-0.00091553
-0.00061035
-0.00061035
-0.00061035
-0.00091553
-0.00122070
-0.00122070
-0.00122070
-0.00122070
-0.00091553
-0.00061035
-0.00091553
-0.00091553
-0.00091553
-0.00091553
-0.00091553
-0.00091553
-0.00061035
-0.00091553
-0.00122070
-0.00122070
-0.00152588
-0.00152588
-0.00122070
-0.00091553
-0.00091553
-0.00122070
-0.00152588
-0.00152588
-0.00122070
-0.00091553
-0.00091553
-0.00122070
-0.00152588
-0.00152588
-0.00152588
-0.00183105
-0.00152588
-0.00122070
-0.00122070
-0.00091553
-0.00091553
-0.00091553
-0.00091553
-0.00061035
-0.00061035
-0.00061035
-0.00122070
-0.00152588
-0.00152588
-0.00122070
-0.00091553
-0.00061035
-0.00061035
-0.00061035
-0.00061035
-0.00061035
-0.00030518
-0.00030518
-0.00061035
-0.00061035
-0.00061035
-0.00030518
-0.00030518
-0.00061035
-0.00091553
-0.00091553
-0.00122070
-0.00122070
-0.00091553
-0.00061035
-0.00061035
-0.00091553
-0.00091553
-0.00030518
-0.00061035
-0.00061035
-0.00061035
-0.00030518
 0.00000000
 0.00000000
-0.00030518
-0.00030518
-0.00061035
-0.00061035
-0.00061035
-0.00061035
-0.00061035
-0.00061035
-0.00061035
 0.00000000
 0.00030518
 0.00030518
-0.00030518
-0.00091553
-0.00061035
-0.00061035
-0.00061035
-0.00061035
-0.00061035
-0.00091553
-0.00091553
-0.00091553
-0.00030518
 0.00000000
 0.00000000
-0.00030518
-0.00061035
-0.00061035
-0.00061035
-0.00030518
-0.00030518
 0.00000000
 0.00000000
 0.00000000
-0.00030518
-0.00030518
-0.00030518
-0.00030518
-0.00061035
-0.00091553
-0.00061035
-0.00061035
-0.00030518
 0.00030518
 0.00030518
-0.00030518
-0.00061035
-0.00061035
-0.00061035
-0.00061035
-0.00061035
-0.00061035
-0.00061035
-0.00030518
-0.00030518
-0.00061035
-0.00061035
-0.00030518
-0.00030518
 0.00000000
 0.00000000
 0.00000000
-0.00061035
-0.00061035
-0.00030518
 0.00000000
-0.00030518
-0.00030518
-0.00030518
-0.00030518
-0.00061035
-0.00061035
 0.00000000
 0.00030518
 0.00030518
 0.00030518
 0.00061035
 0.00091553
 0.00061035
 0.00030518
 0.00030518
 0.00030518
 0.00030518
 0.00000000
 0.00030518
 0.00061035
 0.00061035
 0.00091553
 0.00030518
 0.00000000
 0.00061035
 0.00122070
 0.00152588
 0.00122070
 0.00091553
 0.00061035
 0.00061035
 0.00122070
 0.00122070
 0.00152588
 0.00122070
 0.00152588
 0.00122070
 0.00122070
 0.00122070
 0.00061035
 0.00061035
 0.00122070
 0.00152588
 0.00152588
 0.00122070
 0.00152588
 0.00122070
 0.00091553
 0.00122070
 0.00152588
 0.00122070
 0.00091553
 0.00091553
 0.00091553
 0.00091553
 0.00122070
 0.00152588
 0.00091553
 0.00091553
 0.00122070
 0.00183105
 0.00213623
 0.00183105
 0.00122070
 0.00091553
 0.00091553
 0.00122070
 0.00152588
 0.00122070
 0.00061035
 0.00061035
 0.00061035
 0.00061035
 0.00091553
 0.00061035
 0.00061035
 0.00091553
 0.00091553
 0.00091553
 0.00061035
 0.00061035
 0.00061035
 0.00061035
 0.00061035
 0.00061035
 0.00061035
 0.00000000
 0.00000000
 0.00030518
 0.00030518
 0.00061035
 0.00091553
 0.00091553
 0.00061035
 0.00030518
 0.00000000
 0.00030518
 0.00061035
 0.00091553
 0.00091553
 0.00030518
-0.00030518
-0.00030518
 0.00030518
 0.00030518
 0.00000000
 0.00000000
 0.00000000
-0.00030518
-0.00030518
-0.00030518
 0.00000000
 0.00000000
-0.00061035
-0.00061035
 0.00000000
 0.00030518
 0.00000000
-0.00030518
-0.00030518
-0.00061035
-0.00061035
-0.00061035
-0.00061035
-0.00061035
-0.00061035
-0.00091553
-0.00122070
-0.00122070
-0.00122070
-0.00091553
-0.00061035
-0.00061035
-0.00091553
-0.00061035
-0.00061035
-0.00091553
-0.00091553
-0.00122070
-0.00122070
-0.00122070
-0.00122070
-0.00122070
-0.00091553
-0.00061035
-0.00061035
-0.00091553
-0.00122070
-0.00122070
-0.00061035
-0.00061035
-0.00091553
-0.00122070
-0.00122070
-0.00091553
-0.00091553
-0.00122070
-0.00091553
-0.00091553
-0.00122070
-0.00152588
-0.00152588
-0.00152588
-0.00122070
-0.00061035
-0.00030518
-0.00061035
-0.00122070
-0.00152588
-0.00152588
-0.00122070
-0.00091553
-0.00122070
-0.00091553
-0.00091553
-0.00091553
-0.00091553
-0.00122070
-0.00152588
-0.00152588
-0.00122070
-0.00122070
-0.00152588
-0.00122070
-0.00091553
-0.00091553
-0.00091553
-0.00122070
-0.00122070
-0.00122070
-0.00152588
-0.00152588
-0.00122070
-0.00122070
-0.00122070
-0.00122070
-0.00122070
-0.00122070
-0.00122070
-0.00122070
-0.00091553
-0.00061035
-0.00030518
-0.00091553
-0.00091553
-0.00091553
-0.00091553
-0.00122070
-0.00152588
-0.00122070
-0.00122070
-0.00122070
-0.00152588
-0.00152588
-0.00152588
-0.00122070
-0.00091553
-0.00122070
-0.00122070
-0.00152588
-0.00122070
-0.00061035
-0.00030518
-0.00061035
-0.00122070
-0.00122070
-0.00122070
-0.00122070
-0.00122070
-0.00122070
-0.00152588
-0.00122070
-0.00061035
-0.00061035
-0.00122070
-0.00122070
-0.00091553
-0.00091553
-0.00091553
-0.00061035
-0.00030518
-0.00061035
-0.00091553
-0.00061035
-0.00061035
-0.00091553
-0.00091553
-0.00091553
-0.00091553
-0.00061035
-0.00061035
-0.00061035
-0.00030518
-0.00061035
-0.00091553
-0.00122070
-0.00122070
-0.00091553
-0.00091553
-0.00061035
-0.00061035
-0.00091553
-0.00091553
-0.00091553
-0.00030518
-0.00030518
-0.00030518
-0.00061035
-0.00061035
 0.00000000
 0.00030518
 0.00030518
 0.00000000
 0.00000000
 0.00000000
 0.00000000
 0.00000000
-0.00030518
-0.00061035
-0.00061035
-0.00030518
-0.00030518
 0.00000000
 0.00030518
 0.00061035
 0.00030518
 0.00000000
 0.00000000
 0.00061035
 0.00061035
 0.00000000
 0.00030518
 0.00061035
 0.00061035
 0.00000000
-0.00030518
-0.00030518
 0.00030518
 0.00122070
 0.00152588
 0.00091553
 0.00030518
 0.00000000
 0.00061035
 0.00061035
 0.00030518
 0.00030518
 0.00000000
 0.00000000
 0.00030518
 0.00000000
 0.00030518
 0.00030518
 0.00030518
 0.00061035
 0.00061035
 0.00030518
 0.00030518
 0.00000000
 0.00000000
 0.00000000
 0.00030518
 0.00030518
 0.00030518
 0.00061035
 0.00061035
 0.00030518
 0.00030518
 0.00061035
 0.00030518
 0.00030518
 0.00030518
 0.00000000
 0.00000000
 0.00000000
 0.00061035
 0.00061035
 0.00030518
-0.00030518
 0.00000000
 0.00030518
 0.00030518
 0.00030518
 0.00030518
 0.00030518
 0.00030518
 0.00030518
 0.00030518
 0.00030518
 0.00030518
 0.00030518
 0.00030518
 0.00030518
 0.00030518
 0.00030518
 0.00030518
 0.00030518
 0.00000000
-0.00030518
-0.00061035
 0.00000000
 0.00000000
-0.00030518
 0.00030518
 0.00061035
 0.00091553
 0.00091553
 0.00030518
 0.00030518
 0.00030518
 0.00061035
 0.00091553
 0.00091553
 0.00061035
 0.00000000
 0.00000000
 0.00030518
 0.00000000
 0.00000000
 0.00000000
 0.00000000
 0.00030518
 0.00000000
 0.00000000
 0.00030518
 0.00030518
 0.00030518
 0.00030518
 0.00030518
 0.00000000
-0.00030518
-0.00030518
 0.00000000
 0.00030518
 0.00030518
-0.00030518
 0.00000000
 0.00000000
-0.00030518
-0.00030518
-0.00030518
 0.00000000
 0.00091553
 0.00091553
 0.00061035
 0.00061035
 0.00030518
 0.00030518
 0.00000000
 0.00000000
 0.00000000
 0.00091553
 0.00122070
 0.00061035
 0.00030518
 0.00061035
 0.00061035
 0.00030518
 0.00030518
 0.00030518
 0.00030518
 0.00000000
-0.00030518
-0.00030518
 0.00000000
 0.00000000
 0.00000000
-0.00030518
-0.00091553
-0.00061035
-0.00030518
-0.00061035
-0.00030518
-0.00030518
-0.00091553
-0.00091553
-0.00030518
-0.00030518
-0.00061035
-0.00030518
-0.00030518
 0.00000000
-0.00030518
-0.00030518
-0.00061035
-0.00061035
-0.00061035
-0.00030518
-0.00061035
-0.00091553
-0.00091553
-0.00091553
-0.00061035
-0.00061035
-0.00122070
-0.00122070
-0.00122070
-0.00091553
-0.00091553
-0.00091553
-0.00122070
-0.00152588
-0.00152588
-0.00122070
-0.00091553
-0.00091553
-0.00091553
-0.00061035
-0.00061035
-0.00091553
-0.00122070
-0.00152588
-0.00152588
-0.00152588
-0.00152588
-0.00183105
-0.00183105
-0.00152588
-0.00152588
-0.00122070
-0.00122070
-0.00122070
-0.00152588
-0.00122070
-0.00122070
-0.00122070
-0.00122070
-0.00152588
-0.00122070
-0.00091553
-0.00122070
-0.00152588
-0.00152588
-0.00122070
-0.00122070
-0.00122070
-0.00152588
-0.00122070
-0.00061035
-0.00091553
-0.00122070
-0.00091553
-0.00030518
-0.00030518
-0.00091553
-0.00122070
-0.00122070
-0.00122070
-0.00091553
-0.00091553
-0.00091553
-0.00122070
-0.00122070
-0.00122070
-0.00091553
-0.00091553
-0.00091553
-0.00030518
-0.00091553
-0.00122070
-0.00122070
-0.00091553
-0.00061035
-0.00061035
-0.00061035
-0.00122070
-0.00091553
-0.00061035
-0.00061035
-0.00091553
-0.00091553
-0.00061035
-0.00061035
-0.00061035
-0.00061035
-0.00030518
