-0.00030518
-0.00030518
-0.00030518
 0.00000000
 0.00000000
-0.00030518
-0.00061035
-0.00061035
 0.00000000
 0.00030518
 0.00030518
 0.00030518
 0.00000000
 0.00000000
-0.00030518
-0.00061035
-0.00061035
-0.00030518
 0.00000000
 0.00000000
-0.00061035
-0.00061035
-0.00061035
-0.00030518
 0.00000000
 0.00030518
 0.00030518
 0.00000000
 0.00030518
 0.00030518
 0.00000000
 0.00030518
 0.00000000
-0.00030518
-0.00030518
-0.00061035
-0.00061035
-0.00030518
 0.00000000
 0.00030518
 0.00061035
 0.00061035
 0.00061035
 0.00030518
 0.00030518
 0.00030518
 0.00030518
 0.00061035
 0.00061035
 0.00030518
 0.00030518
 0.00000000
 0.00000000
-0.00030518
-0.00030518
 0.00030518
 0.00091553
 0.00061035
 0.00030518
 0.00030518
 0.00061035
 0.00061035
 0.00030518
 0.00030518
 0.00030518
 0.00030518
 0.00030518
 0.00030518
 0.00030518
 0.00000000
 0.00030518
 0.00030518
 0.00030518
 0.00030518
 0.00030518
 0.00030518
 0.00030518
 0.00030518
 0.00000000
 0.00000000
 0.00030518
 0.00030518
 0.00000000
-0.00030518
-0.00030518
 0.00000000
 0.00030518
 0.00061035
 0.00061035
 0.00061035
 0.00061035
 0.00061035
 0.00061035
 0.00122070
 0.00183105
 0.00427246
 0.01037598
 0.02075195
 0.03234863
 0.04150391
 0.04119873
 0.02349854
-0.01861572
-0.07110596
-0.09277344
-0.06195068
 0.00396729
 0.06530762
 0.09002686
 0.06896973
 0.02166748
-0.01007080
-0.04241943
-0.07476807
-0.03906250
 0.05859375
 0.11566162
 0.04943848
-0.10559082
-0.16693115
-0.09948730
-0.00244141
 0.05249023
 0.05950928
 0.03662109
 0.00915527
 0.02929688
 0.08819580
 0.13305664
 0.10131836
-0.03143311
-0.13641357
-0.13610840
-0.08148193
-0.01647949
 0.03387451
 0.03906250
-0.00823975
-0.05065918
-0.01159668
 0.06958008
 0.11840820
 0.09246826
-0.00366211
-0.07629395
-0.06835938
-0.01312256
 0.04425049
 0.05371094
-0.01770020
-0.13427734
-0.18310547
-0.13397217
-0.02960205
 0.08361816
 0.16052246
 0.15838623
 0.04913330
-0.08575439
-0.11260986
-0.05096436
 0.00854492
 0.02563477
 0.01007080
-0.02593994
-0.04180908
-0.01068115
 0.03875732
 0.06469727
 0.03326416
-0.03875732
-0.07354736
-0.05065918
-0.00640869
 0.03021240
 0.04760742
 0.03875732
 0.01007080
-0.00732422
 0.00183105
 0.02227783
 0.03112793
 0.00549316
-0.03967285
-0.05828857
-0.04028320
-0.00854492
 0.01800537
 0.02563477
 0.00823975
-0.01281738
-0.01159668
 0.01220703
 0.04821777
 0.08178711
 0.08697510
 0.03295898
-0.04943848
-0.09490967
-0.09002686
-0.05920410
-0.02319336
 0.00366211
 0.01403809
 0.00122070
-0.00823975
 0.01007080
 0.03936768
 0.05615234
 0.04638672
 0.02197266
 0.00305176
-0.01190186
-0.02899170
-0.04516602
-0.05523682
-0.05798340
-0.05615234
-0.05065918
-0.03509521
-0.00732422
 0.02410889
 0.04669189
 0.05523682
 0.05706787
 0.05737305
 0.05004883
 0.02899170
-0.00457764
-0.03723145
-0.05554199
-0.05981445
-0.05615234
-0.04150391
-0.01403809
 0.01922607
 0.04882813
 0.06774902
 0.07598877
 0.08483887
 0.10528564
 0.12878418
 0.12268066
 0.05889893
-0.01800537
-0.03814697
 0.00274658
 0.08728027
 0.18463135
 0.24536133
 0.21331787
 0.02380371
-0.26855469
-0.50720215
-0.58563232
-0.48736572
-0.25207520
 0.01495361
 0.30456543
 0.36560059
 0.14343262
-0.12603760
-0.48278809
-0.64758301
-0.62042236
-0.38696289
-0.01892090
 0.43090820
 0.81237793
 0.96069336
 0.80871582
 0.47149658
 0.21270752
-0.06835938
-0.21911621
-0.24719238
-0.18737793
-0.08575439
-0.00518799
 0.02532959
 0.02227783
 0.02197266
 0.04516602
 0.10589600
 0.19470215
 0.32196045
 0.37933350
 0.35736084
 0.30090332
 0.11413574
-0.11016846
-0.29479980
-0.38848877
-0.35614014
-0.24383545
-0.11901855
-0.02258301
 0.01525879
-0.00396729
-0.06744385
-0.12420654
-0.11840820
-0.06286621
 0.01953125
 0.10070801
 0.14892578
 0.13122559
 0.01434326
-0.15411377
-0.30090332
-0.38299561
-0.37719727
-0.28015137
-0.10894775
 0.09704590
 0.33111572
 0.43365479
 0.38299561
 0.29052734
 0.09643555
-0.09552002
-0.20446777
-0.23681641
-0.21484375
-0.15258789
-0.07354736
-0.00061035
 0.05035400
 0.08514404
 0.10925293
 0.11962891
 0.12237549
 0.11810303
 0.09765625
 0.04760742
-0.03631592
-0.13366699
-0.20172119
-0.21118164
-0.16357422
-0.07568359
 0.02014160
 0.09185791
 0.12359619
 0.10650635
 0.03387451
-0.04760742
-0.09429932
-0.11047363
-0.11169434
-0.10925293
-0.11749268
-0.14953613
-0.19775391
-0.23315430
-0.23498535
-0.20050049
-0.13061523
-0.02563477
 0.09948730
 0.21728516
 0.29907227
 0.32989502
 0.27282715
 0.14312744
 0.01434326
-0.05615234
-0.08453369
-0.08605957
-0.06561279
-0.03204346
 0.00427246
 0.03112793
 0.04302979
 0.05706787
 0.09735107
 0.16296387
 0.24261475
 0.34149170
 0.36590576
 0.34545898
 0.27984619
 0.14099121
 0.01037598
-0.07751465
-0.11901855
-0.11291504
-0.07415771
-0.02349854
 0.01708984
 0.03570557
 0.02044678
-0.02166748
-0.04699707
-0.03356934
 0.00762939
 0.06317139
 0.11566162
 0.14770508
 0.13305664
 0.06347656
-0.01586914
-0.06561279
-0.08850098
-0.09307861
-0.08361816
-0.06683350
-0.05187988
-0.04791260
-0.05889893
-0.07141113
-0.06835938
-0.04638672
-0.01464844
 0.01220703
 0.01098633
-0.04089355
-0.12939453
-0.21606445
-0.27587891
-0.29785156
-0.27709961
-0.21697998
-0.12451172
-0.01495361
 0.09246826
 0.17944336
 0.22735596
 0.22033691
 0.14038086
 0.02929688
-0.05462646
-0.10314941
-0.12390137
-0.11749268
-0.09246826
-0.06103516
-0.03387451
-0.02227783
-0.02777100
-0.03387451
-0.02899170
-0.01678467
-0.00518799
-0.00091553
-0.00701904
-0.02227783
-0.04394531
-0.06866455
-0.09155273
-0.10650635
-0.10955811
-0.10101318
-0.08148193
-0.05157471
-0.01495361
 0.02471924
 0.06378174
 0.09979248
 0.13183594
 0.15747070
 0.16662598
 0.14434814
 0.08850098
 0.01708984
-0.04852295
-0.09460449
-0.11230469
-0.09948730
-0.06225586
-0.00946045
 0.04760742
 0.09613037
 0.12451172
 0.11444092
 0.07568359
 0.04516602
 0.03356934
 0.02899170
 0.02349854
 0.01342773
-0.00122070
-0.01708984
-0.02868652
-0.02899170
-0.01281738
 0.02258301
 0.07354736
 0.13336182
 0.19104004
 0.23468018
 0.24291992
 0.20080566
 0.13397217
 0.07141113
 0.01464844
-0.04180908
-0.09124756
-0.12451172
-0.13519287
-0.12115479
-0.08697510
-0.03997803
 0.01220703
 0.06317139
 0.10589600
 0.12908936
 0.12207031
 0.09246826
 0.05645752
 0.01892090
-0.02105713
-0.05706787
-0.08300781
-0.09490967
-0.09246826
-0.07598877
-0.04638672
-0.00518799
 0.04394531
 0.09643555
 0.14587402
 0.18127441
 0.18341064
 0.14648438
 0.09155273
 0.03387451
-0.02777100
-0.09094238
-0.14495850
-0.18127441
-0.19470215
-0.18463135
-0.15472412
-0.11230469
-0.06500244
-0.01953125
 0.01770020
 0.04119873
 0.05249023
 0.06103516
 0.06988525
 0.07080078
 0.05798340
 0.03356934
 0.00488281
-0.02258301
-0.04669189
-0.06530762
-0.07537842
-0.07446289
-0.06195068
-0.03967285
-0.01251221
 0.01312256
 0.02929688
 0.03173828
 0.02380371
 0.01037598
-0.00885010
-0.03662109
-0.07019043
-0.10253906
-0.12573242
-0.13458252
-0.12634277
-0.10192871
-0.06561279
-0.02319336
 0.01861572
 0.05187988
 0.06622314
 0.05950928
 0.04058838
 0.01770020
-0.00976563
-0.03936768
-0.06378174
-0.07537842
-0.07171631
-0.05371094
-0.02471924
 0.01068115
 0.04821777
 0.08148193
 0.10314941
 0.10864258
 0.10070801
 0.08544922
 0.06561279
 0.03967285
 0.00915527
-0.02258301
-0.05065918
-0.07110596
-0.07995605
-0.07598877
-0.06042480
-0.03540039
-0.00579834
 0.02197266
 0.04028320
 0.04516602
 0.03997803
 0.03204346
 0.02349854
 0.01220703
-0.00335693
-0.02166748
-0.03875732
-0.05065918
-0.05340576
-0.04608154
-0.02868652
-0.00274658
 0.02899170
 0.06164551
 0.08911133
 0.10528564
 0.10742188
 0.09826660
 0.08239746
 0.06256104
 0.03967285
 0.01403809
-0.01037598
-0.03021240
-0.04119873
-0.04058838
-0.02777100
-0.00488281
 0.02471924
 0.05645752
 0.08331299
 0.09796143
 0.09613037
 0.08026123
 0.05706787
 0.02990723
 0.00152588
-0.02502441
-0.04669189
-0.06072998
-0.06622314
-0.06134033
-0.04760742
-0.02655029
-0.00091553
 0.02593994
 0.04974365
 0.06530762
 0.06896973
 0.06011963
 0.04119873
 0.01678467
-0.00823975
-0.03082275
-0.04882813
-0.06072998
-0.06652832
-0.06530762
-0.05676270
-0.04180908
-0.02258301
-0.00122070
 0.01892090
 0.03509521
 0.04547119
 0.04882813
 0.04425049
 0.03204346
 0.01220703
-0.01251221
-0.03753662
-0.05767822
-0.06774902
-0.06561279
-0.05065918
-0.02563477
 0.00610352
 0.03936768
 0.06835938
 0.08728027
 0.09246826
 0.08544922
 0.07080078
 0.05096436
 0.02777100
 0.00366211
-0.01922607
-0.03784180
-0.05096436
-0.05767822
-0.05706787
-0.04882813
-0.03479004
-0.01708984
 0.00091553
 0.01495361
 0.02166748
 0.01953125
 0.01098633
-0.00091553
-0.01403809
-0.02685547
-0.03814697
-0.04577637
-0.04974365
-0.04974365
-0.04730225
-0.04211426
-0.03509521
-0.02624512
-0.01678467
-0.00885010
-0.00488281
-0.00518799
-0.00885010
-0.01403809
-0.01922607
-0.02197266
-0.02258301
-0.02044678
-0.01525879
-0.00854492
-0.00213623
 0.00244141
 0.00488281
 0.00518799
 0.00488281
 0.00488281
 0.00610352
 0.00823975
 0.01007080
 0.01068115
 0.00946045
 0.00793457
 0.00671387
 0.00762939
 0.01220703
 0.01922607
 0.02655029
 0.03173828
 0.03326416
 0.02960205
 0.02136230
 0.01068115
-0.00122070
-0.01190186
-0.02105713
-0.02746582
-0.03143311
-0.03265381
-0.03143311
-0.02899170
-0.02593994
-0.02197266
-0.01800537
-0.01312256
-0.00701904
-0.00091553
 0.00396729
 0.00640869
 0.00549316
 0.00152588
-0.00366211
-0.00976563
-0.01495361
-0.01831055
-0.01953125
-0.01800537
-0.01281738
-0.00518799
 0.00366211
 0.01251221
 0.02044678
 0.02502441
 0.02624512
 0.02349854
 0.01739502
 0.00732422
-0.00549316
-0.01983643
-0.03448486
-0.04577637
-0.05126953
-0.04974365
-0.04028320
-0.02441406
-0.00518799
 0.01403809
 0.02929688
 0.03936768
 0.04364014
 0.04425049
 0.04119873
 0.03417969
 0.02319336
 0.01129150
 0.00091553
-0.00793457
-0.01342773
-0.01617432
-0.01617432
-0.01342773
-0.00762939
 0.00091553
 0.01129150
 0.02044678
 0.02655029
 0.02868652
 0.02655029
 0.02197266
 0.01678467
 0.01312256
 0.01098633
 0.01068115
 0.01190186
 0.01495361
 0.02014160
 0.02655029
 0.03326416
 0.03784180
 0.03936768
 0.03692627
 0.03143311
 0.02441406
 0.01647949
 0.00762939
-0.00183105
-0.01007080
-0.01586914
-0.01892090
-0.01953125
-0.01831055
-0.01647949
-0.01586914
-0.01586914
-0.01678467
-0.01708984
-0.01708984
-0.01617432
-0.01556396
-0.01647949
-0.01861572
-0.02105713
-0.02410889
-0.02716064
-0.02899170
-0.02838135
-0.02502441
-0.01953125
-0.01190186
-0.00396729
 0.00305176
 0.00762939
 0.00885010
 0.00762939
 0.00427246
 0.00030518
-0.00244141
-0.00396729
-0.00396729
-0.00274658
-0.00030518
 0.00305176
 0.00671387
 0.01068115
 0.01495361
 0.01983643
 0.02471924
 0.02899170
 0.03234863
 0.03479004
 0.03662109
 0.03753662
 0.03723145
 0.03631592
 0.03540039
 0.03417969
 0.03265381
 0.03173828
 0.03021240
 0.02807617
 0.02441406
 0.01983643
 0.01495361
 0.01098633
 0.00823975
 0.00701904
 0.00671387
 0.00640869
 0.00579834
 0.00488281
 0.00366211
 0.00183105
-0.00030518
-0.00427246
-0.00915527
-0.01525879
-0.02136230
-0.02746582
-0.03204346
-0.03509521
-0.03631592
-0.03570557
-0.03234863
-0.02685547
-0.02044678
-0.01495361
-0.01220703
-0.01220703
-0.01464844
-0.01892090
-0.02471924
-0.03082275
-0.03570557
-0.03845215
-0.04028320
-0.04028320
-0.03784180
-0.03326416
-0.02685547
-0.02014160
-0.01342773
-0.00793457
-0.00335693
 0.00061035
 0.00366211
 0.00518799
 0.00427246
 0.00213623
-0.00061035
-0.00274658
-0.00427246
-0.00366211
-0.00122070
 0.00274658
 0.00793457
 0.01281738
 0.01770020
 0.02197266
 0.02502441
 0.02563477
 0.02288818
 0.01861572
 0.01281738
 0.00640869
 0.00061035
-0.00396729
-0.00793457
-0.01098633
-0.01281738
-0.01403809
-0.01403809
-0.01312256
-0.01190186
-0.01068115
-0.01007080
-0.01068115
-0.01190186
-0.01403809
-0.01678467
-0.01953125
-0.02227783
-0.02532959
-0.02807617
-0.02929688
-0.02807617
-0.02441406
-0.01800537
-0.00915527
 0.00061035
 0.01007080
 0.01861572
 0.02563477
 0.03051758
 0.03234863
 0.03082275
 0.02655029
 0.02105713
 0.01556396
 0.01098633
 0.00885010
 0.00854492
 0.01068115
 0.01464844
 0.02014160
 0.02624512
 0.03234863
 0.03784180
 0.04211426
 0.04394531
 0.04364014
 0.04119873
 0.03753662
 0.03326416
 0.02868652
 0.02471924
 0.02197266
 0.02136230
 0.02288818
 0.02593994
 0.03051758
 0.03509521
 0.03875732
 0.04150391
 0.04272461
 0.04119873
 0.03723145
 0.03051758
 0.02258301
 0.01342773
 0.00396729
-0.00488281
-0.01220703
-0.01708984
-0.01953125
-0.01983643
-0.01892090
-0.01739502
-0.01586914
-0.01525879
-0.01556396
-0.01739502
-0.02044678
-0.02441406
-0.02838135
-0.03173828
-0.03479004
-0.03601074
-0.03509521
-0.03173828
-0.02655029
-0.02105713
-0.01495361
-0.00885010
-0.00335693
 0.00061035
 0.00274658
 0.00274658
 0.00091553
-0.00366211
-0.00976563
-0.01617432
-0.02136230
-0.02441406
-0.02624512
-0.02655029
-0.02502441
-0.02136230
-0.01708984
-0.01281738
-0.00915527
-0.00610352
-0.00427246
-0.00427246
-0.00549316
-0.00793457
-0.01068115
-0.01220703
-0.01342773
-0.01312256
-0.01129150
-0.00671387
 0.00030518
 0.00823975
 0.01617432
 0.02258301
 0.02716064
 0.02868652
 0.02807617
 0.02471924
 0.01922607
 0.01190186
 0.00366211
-0.00366211
-0.00946045
-0.01342773
-0.01556396
-0.01617432
-0.01617432
-0.01556396
-0.01403809
-0.01281738
-0.01159668
-0.01068115
-0.01068115
-0.01129150
-0.01342773
-0.01678467
-0.02075195
-0.02410889
-0.02716064
-0.02838135
-0.02838135
-0.02685547
-0.02380371
-0.01953125
-0.01403809
-0.00793457
-0.00244141
 0.00274658
 0.00640869
 0.00885010
 0.01007080
 0.00946045
 0.00762939
 0.00518799
 0.00244141
 0.00000000
-0.00183105
-0.00274658
-0.00183105
-0.00061035
 0.00091553
 0.00183105
 0.00335693
 0.00579834
 0.00823975
 0.01159668
 0.01556396
 0.01831055
 0.02044678
 0.02136230
 0.02166748
 0.02136230
 0.02075195
 0.02014160
 0.02014160
 0.02136230
 0.02380371
 0.02624512
 0.02838135
 0.02990723
 0.02990723
 0.02777100
 0.02319336
 0.01708984
 0.01068115
 0.00366211
-0.00305176
-0.00946045
-0.01464844
-0.01861572
-0.02136230
-0.02197266
-0.02014160
-0.01708984
-0.01342773
-0.00946045
-0.00549316
-0.00305176
-0.00122070
-0.00061035
-0.00091553
-0.00244141
-0.00427246
-0.00549316
-0.00610352
-0.00518799
-0.00366211
-0.00091553
 0.00213623
 0.00579834
 0.00915527
 0.01251221
 0.01586914
 0.01770020
 0.01739502
 0.01495361
 0.01068115
 0.00518799
-0.00030518
-0.00549316
-0.00946045
-0.01220703
-0.01342773
-0.01281738
-0.01007080
-0.00610352
-0.00183105
 0.00213623
 0.00457764
 0.00640869
 0.00671387
 0.00610352
 0.00457764
 0.00213623
-0.00122070
-0.00427246
-0.00701904
-0.00823975
-0.00854492
-0.00762939
-0.00579834
-0.00305176
 0.00030518
 0.00396729
 0.00732422
 0.01007080
 0.01220703
 0.01251221
 0.01007080
 0.00549316
 0.00000000
-0.00518799
-0.00946045
-0.01251221
-0.01403809
-0.01525879
-0.01525879
-0.01434326
-0.01190186
-0.00854492
-0.00488281
-0.00152588
 0.00000000
-0.00030518
-0.00152588
-0.00396729
-0.00640869
-0.00885010
-0.01098633
-0.01251221
-0.01342773
-0.01281738
-0.01159668
-0.00946045
-0.00701904
-0.00457764
-0.00183105
 0.00030518
 0.00183105
 0.00244141
 0.00122070
-0.00122070
-0.00457764
-0.00793457
-0.01098633
-0.01251221
-0.01312256
-0.01281738
-0.01159668
-0.00946045
-0.00640869
-0.00274658
 0.00122070
 0.00549316
 0.00915527
 0.01159668
 0.01251221
 0.01190186
 0.01068115
 0.00854492
 0.00640869
 0.00488281
 0.00366211
 0.00244141
 0.00183105
 0.00152588
 0.00213623
 0.00366211
 0.00640869
 0.00915527
 0.01159668
 0.01281738
 0.01312256
 0.01312256
 0.01251221
 0.01098633
 0.01007080
 0.00915527
 0.00823975
 0.00793457
 0.00854492
 0.01007080
 0.01190186
 0.01342773
 0.01464844
 0.01556396
 0.01556396
 0.01434326
 0.01251221
 0.00946045
 0.00518799
 0.00061035
-0.00396729
-0.00762939
-0.01068115
-0.01251221
-0.01373291
-0.01403809
-0.01373291
-0.01281738
-0.01159668
-0.01007080
-0.00885010
-0.00762939
-0.00701904
-0.00610352
-0.00427246
-0.00213623
-0.00061035
 0.00091553
 0.00244141
 0.00396729
 0.00549316
 0.00732422
 0.00915527
 0.01129150
 0.01312256
 0.01434326
 0.01495361
 0.01464844
 0.01312256
 0.01129150
 0.00885010
 0.00610352
 0.00335693
 0.00091553
-0.00030518
 0.00000000
 0.00091553
 0.00213623
 0.00274658
 0.00274658
 0.00274658
 0.00213623
 0.00030518
-0.00213623
-0.00457764
-0.00762939
-0.01007080
-0.01190186
-0.01251221
-0.01220703
-0.01190186
-0.01129150
-0.00946045
-0.00732422
-0.00427246
-0.00183105
-0.00030518
 0.00091553
 0.00122070
 0.00122070
 0.00061035
-0.00030518
-0.00152588
-0.00335693
-0.00518799
-0.00640869
-0.00701904
-0.00762939
-0.00732422
-0.00640869
-0.00457764
-0.00274658
-0.00152588
-0.00061035
 0.00061035
 0.00091553
 0.00061035
-0.00030518
-0.00152588
-0.00213623
-0.00274658
-0.00335693
-0.00335693
-0.00335693
-0.00335693
-0.00335693
-0.00244141
-0.00061035
 0.00091553
 0.00274658
 0.00396729
 0.00549316
 0.00640869
 0.00671387
 0.00579834
 0.00488281
 0.00366211
 0.00213623
 0.00061035
-0.00091553
-0.00244141
-0.00427246
-0.00579834
-0.00640869
-0.00640869
-0.00671387
-0.00671387
-0.00762939
-0.00793457
-0.00854492
-0.00946045
-0.01037598
-0.01220703
-0.01434326
-0.01617432
-0.01678467
-0.01586914
-0.01464844
-0.01281738
-0.01007080
-0.00732422
-0.00457764
-0.00152588
 0.00183105
 0.00518799
 0.00793457
 0.01007080
 0.01159668
 0.01281738
 0.01281738
 0.01281738
 0.01251221
 0.01220703
 0.01159668
 0.01129150
 0.01068115
 0.01098633
 0.01098633
 0.01129150
 0.01159668
 0.01312256
 0.01464844
 0.01586914
 0.01647949
 0.01708984
 0.01770020
 0.01800537
 0.01800537
 0.01800537
 0.01770020
 0.01708984
 0.01617432
 0.01464844
 0.01281738
 0.01068115
 0.00854492
 0.00671387
 0.00518799
 0.00335693
 0.00152588
-0.00030518
-0.00183105
-0.00335693
-0.00427246
-0.00518799
-0.00610352
-0.00671387
-0.00762939
-0.00885010
-0.01037598
-0.01190186
-0.01220703
-0.01251221
-0.01281738
-0.01342773
-0.01403809
-0.01464844
-0.01464844
-0.01525879
-0.01556396
-0.01586914
-0.01586914
-0.01556396
-0.01495361
-0.01434326
-0.01373291
-0.01312256
-0.01281738
-0.01281738
-0.01281738
-0.01251221
-0.01251221
-0.01251221
-0.01220703
-0.01068115
-0.00946045
-0.00823975
-0.00762939
-0.00640869
-0.00549316
-0.00457764
-0.00396729
-0.00366211
-0.00366211
-0.00366211
-0.00396729
-0.00366211
-0.00335693
-0.00305176
-0.00305176
-0.00274658
-0.00213623
-0.00152588
-0.00122070
-0.00122070
-0.00091553
 0.00000000
 0.00061035
 0.00183105
 0.00213623
 0.00244141
 0.00305176
 0.00396729
 0.00427246
 0.00427246
 0.00396729
 0.00396729
 0.00457764
 0.00579834
 0.00762939
 0.00854492
 0.00946045
 0.01007080
 0.01129150
 0.01251221
 0.01281738
 0.01281738
 0.01342773
 0.01403809
 0.01403809
 0.01403809
 0.01342773
 0.01342773
 0.01373291
 0.01403809
 0.01373291
 0.01220703
 0.01068115
 0.00976563
 0.00885010
 0.00793457
 0.00701904
 0.00579834
 0.00427246
 0.00274658
 0.00122070
 0.00030518
-0.00061035
-0.00122070
-0.00183105
-0.00152588
-0.00091553
 0.00000000
 0.00061035
 0.00122070
 0.00122070
 0.00061035
 0.00000000
-0.00061035
-0.00183105
-0.00274658
-0.00427246
-0.00579834
-0.00701904
-0.00823975
-0.00885010
-0.00946045
-0.00976563
-0.00946045
-0.00976563
-0.01007080
-0.01037598
-0.01098633
-0.01129150
-0.01190186
-0.01281738
-0.01312256
-0.01373291
-0.01403809
-0.01403809
-0.01373291
-0.01281738
-0.01190186
-0.01037598
-0.00793457
-0.00579834
-0.00457764
-0.00335693
-0.00213623
-0.00122070
-0.00061035
-0.00030518
-0.00091553
-0.00183105
-0.00366211
-0.00579834
-0.00762939
-0.00946045
-0.01037598
-0.01068115
-0.01037598
-0.01007080
-0.00976563
-0.00915527
-0.00793457
-0.00610352
-0.00427246
-0.00305176
-0.00213623
-0.00091553
 0.00030518
 0.00152588
 0.00274658
 0.00427246
 0.00579834
 0.00701904
 0.00823975
 0.01007080
 0.01129150
 0.01281738
 0.01373291
 0.01464844
 0.01586914
 0.01708984
 0.01800537
 0.01800537
 0.01739502
 0.01647949
 0.01586914
 0.01464844
 0.01373291
 0.01312256
 0.01281738
 0.01190186
 0.01068115
 0.00976563
 0.00885010
 0.00793457
 0.00701904
 0.00610352
 0.00518799
 0.00457764
 0.00396729
 0.00396729
 0.00457764
 0.00549316
 0.00610352
 0.00640869
 0.00640869
 0.00610352
 0.00610352
 0.00610352
 0.00549316
 0.00427246
 0.00335693
 0.00213623
 0.00091553
-0.00091553
-0.00305176
-0.00396729
-0.00396729
-0.00427246
-0.00488281
-0.00488281
-0.00457764
-0.00457764
-0.00457764
-0.00457764
-0.00518799
-0.00579834
-0.00579834
-0.00579834
-0.00640869
-0.00671387
-0.00701904
-0.00762939
-0.00823975
-0.00793457
-0.00671387
-0.00457764
-0.00274658
-0.00091553
 0.00030518
 0.00061035
 0.00030518
 0.00000000
 0.00000000
-0.00030518
-0.00122070
-0.00274658
-0.00457764
-0.00579834
-0.00732422
-0.00854492
-0.00915527
-0.00976563
-0.01007080
-0.00946045
-0.00823975
-0.00732422
-0.00701904
-0.00671387
-0.00732422
-0.00762939
-0.00823975
-0.00885010
-0.00915527
-0.00946045
-0.01068115
-0.01098633
-0.01068115
-0.01037598
-0.00946045
-0.00854492
-0.00762939
-0.00640869
-0.00488281
-0.00396729
-0.00366211
-0.00335693
-0.00274658
-0.00274658
-0.00305176
-0.00335693
-0.00396729
-0.00427246
-0.00427246
-0.00335693
-0.00183105
-0.00061035
 0.00061035
 0.00213623
 0.00366211
 0.00518799
 0.00610352
 0.00640869
 0.00671387
 0.00671387
 0.00610352
 0.00579834
 0.00579834
 0.00610352
 0.00610352
 0.00671387
 0.00701904
 0.00762939
 0.00793457
 0.00762939
 0.00732422
 0.00701904
 0.00671387
 0.00610352
 0.00610352
 0.00579834
 0.00610352
 0.00549316
 0.00488281
 0.00457764
 0.00427246
 0.00427246
 0.00427246
 0.00457764
 0.00457764
 0.00488281
 0.00488281
 0.00488281
 0.00488281
 0.00457764
 0.00366211
 0.00305176
 0.00244141
 0.00152588
 0.00030518
-0.00061035
-0.00122070
-0.00152588
-0.00091553
 0.00000000
 0.00091553
 0.00213623
 0.00366211
 0.00518799
 0.00610352
 0.00610352
 0.00579834
 0.00518799
 0.00488281
 0.00457764
 0.00396729
 0.00396729
 0.00366211
 0.00335693
 0.00213623
 0.00183105
 0.00152588
 0.00183105
 0.00244141
 0.00366211
 0.00457764
 0.00457764
 0.00457764
 0.00518799
 0.00549316
 0.00488281
 0.00396729
 0.00244141
 0.00122070
 0.00091553
 0.00091553
 0.00122070
 0.00030518
 0.00000000
 0.00061035
 0.00122070
 0.00183105
 0.00213623
 0.00244141
 0.00213623
 0.00152588
 0.00030518
-0.00122070
-0.00244141
-0.00366211
-0.00457764
-0.00549316
-0.00579834
-0.00579834
-0.00549316
-0.00488281
-0.00427246
-0.00366211
-0.00366211
-0.00366211
-0.00396729
-0.00396729
-0.00366211
-0.00366211
-0.00427246
-0.00518799
-0.00640869
-0.00732422
-0.00854492
-0.00823975
-0.00823975
-0.00854492
-0.00854492
-0.00885010
-0.00915527
-0.00946045
-0.00946045
-0.00976563
-0.01007080
-0.01007080
-0.00976563
-0.01037598
-0.01007080
-0.00976563
-0.00915527
-0.00915527
-0.00915527
-0.00885010
-0.00793457
-0.00701904
-0.00610352
-0.00549316
-0.00457764
-0.00366211
-0.00274658
-0.00305176
-0.00335693
-0.00366211
-0.00366211
-0.00335693
-0.00396729
-0.00457764
-0.00427246
-0.00427246
-0.00427246
-0.00457764
-0.00518799
-0.00488281
-0.00396729
-0.00335693
-0.00305176
-0.00305176
-0.00335693
-0.00335693
-0.00366211
-0.00335693
-0.00335693
-0.00244141
-0.00122070
 0.00030518
 0.00091553
 0.00061035
 0.00030518
 0.00061035
 0.00122070
 0.00152588
 0.00152588
 0.00091553
 0.00000000
-0.00030518
-0.00030518
-0.00061035
-0.00122070
-0.00152588
-0.00152588
-0.00061035
 0.00000000
 0.00122070
 0.00213623
 0.00335693
 0.00366211
 0.00396729
 0.00427246
 0.00457764
 0.00488281
 0.00518799
 0.00549316
 0.00549316
 0.00579834
 0.00671387
 0.00762939
 0.00854492
 0.00915527
 0.00976563
 0.01007080
 0.01037598
 0.01007080
 0.00946045
 0.00823975
 0.00701904
 0.00579834
 0.00457764
 0.00335693
 0.00213623
 0.00122070
 0.00091553
 0.00122070
 0.00152588
 0.00183105
 0.00213623
 0.00274658
 0.00305176
 0.00305176
 0.00305176
 0.00274658
 0.00183105
 0.00091553
 0.00000000
-0.00091553
-0.00152588
-0.00213623
-0.00274658
-0.00305176
-0.00244141
-0.00152588
-0.00091553
-0.00030518
 0.00030518
 0.00061035
 0.00061035
 0.00030518
 0.00000000
 0.00030518
 0.00030518
 0.00030518
 0.00000000
-0.00030518
-0.00030518
-0.00030518
 0.00000000
 0.00061035
 0.00183105
 0.00244141
 0.00305176
 0.00366211
 0.00457764
 0.00518799
 0.00549316
 0.00518799
 0.00518799
 0.00488281
 0.00427246
 0.00335693
 0.00244141
 0.00213623
 0.00152588
 0.00091553
 0.00061035
 0.00122070
 0.00152588
 0.00213623
 0.00244141
 0.00274658
 0.00274658
 0.00274658
 0.00213623
 0.00213623
 0.00122070
 0.00000000
-0.00122070
-0.00152588
-0.00183105
-0.00152588
-0.00152588
-0.00152588
-0.00091553
-0.00030518
 0.00000000
 0.00091553
 0.00183105
 0.00274658
 0.00305176
 0.00305176
 0.00213623
 0.00152588
 0.00030518
-0.00091553
-0.00183105
-0.00183105
-0.00183105
-0.00122070
-0.00122070
-0.00030518
 0.00030518
 0.00091553
 0.00122070
 0.00091553
 0.00061035
 0.00000000
-0.00122070
-0.00244141
-0.00366211
-0.00396729
-0.00457764
-0.00518799
-0.00549316
-0.00549316
-0.00427246
-0.00274658
-0.00122070
-0.00061035
-0.00030518
 0.00000000
 0.00061035
 0.00000000
-0.00122070
-0.00213623
-0.00366211
-0.00549316
-0.00701904
-0.00823975
-0.00976563
-0.01037598
-0.01098633
-0.01098633
-0.01037598
-0.00946045
-0.00823975
-0.00762939
-0.00732422
-0.00732422
-0.00732422
-0.00823975
-0.00915527
-0.01037598
-0.01098633
-0.01159668
-0.01129150
-0.01037598
-0.00885010
-0.00701904
-0.00549316
-0.00427246
-0.00274658
-0.00091553
 0.00091553
 0.00213623
 0.00274658
 0.00244141
 0.00274658
 0.00213623
 0.00091553
 0.00000000
-0.00091553
-0.00122070
-0.00091553
 0.00000000
 0.00122070
 0.00244141
 0.00366211
 0.00457764
 0.00488281
 0.00518799
 0.00518799
 0.00488281
 0.00427246
 0.00366211
 0.00274658
 0.00213623
 0.00122070
 0.00122070
 0.00152588
 0.00244141
 0.00366211
 0.00488281
 0.00610352
 0.00732422
 0.00823975
 0.00854492
 0.00854492
 0.00793457
 0.00732422
 0.00671387
 0.00579834
 0.00518799
 0.00488281
 0.00427246
 0.00457764
 0.00518799
 0.00640869
 0.00732422
 0.00854492
 0.00976563
 0.01098633
 0.01159668
 0.01098633
 0.01007080
 0.00854492
 0.00701904
 0.00518799
 0.00366211
 0.00213623
 0.00122070
 0.00091553
 0.00091553
 0.00152588
 0.00213623
 0.00244141
 0.00244141
 0.00244141
 0.00305176
 0.00335693
 0.00305176
 0.00244141
 0.00061035
-0.00213623
-0.00396729
-0.00488281
-0.00549316
-0.00640869
-0.00762939
-0.00762939
-0.00671387
-0.00518799
-0.00457764
-0.00396729
-0.00335693
-0.00305176
-0.00335693
-0.00457764
-0.00549316
-0.00610352
-0.00640869
-0.00732422
-0.00793457
-0.00885010
-0.00885010
-0.00823975
-0.00701904
-0.00579834
-0.00457764
-0.00335693
-0.00244141
-0.00152588
-0.00122070
-0.00152588
-0.00152588
-0.00183105
-0.00274658
-0.00366211
-0.00427246
-0.00488281
-0.00488281
-0.00427246
-0.00366211
-0.00305176
-0.00213623
-0.00122070
 0.00000000
 0.00061035
 0.00091553
 0.00091553
 0.00091553
 0.00030518
-0.00091553
-0.00213623
-0.00305176
-0.00366211
-0.00396729
-0.00427246
-0.00427246
-0.00396729
-0.00305176
-0.00213623
-0.00122070
-0.00061035
-0.00091553
-0.00061035
-0.00061035
-0.00030518
-0.00030518
-0.00030518
-0.00061035
-0.00122070
-0.00122070
-0.00061035
 0.00000000
 0.00000000
 0.00061035
 0.00183105
 0.00274658
 0.00305176
 0.00244141
 0.00244141
 0.00244141
 0.00213623
 0.00152588
 0.00122070
 0.00061035
 0.00030518
 0.00000000
-0.00030518
-0.00061035
-0.00122070
-0.00091553
-0.00030518
 0.00000000
 0.00030518
-0.00030518
-0.00030518
-0.00061035
-0.00122070
-0.00152588
-0.00122070
-0.00122070
-0.00122070
-0.00152588
-0.00122070
-0.00122070
-0.00122070
-0.00091553
-0.00122070
-0.00152588
-0.00213623
-0.00244141
-0.00244141
-0.00244141
-0.00335693
-0.00457764
-0.00488281
-0.00457764
-0.00366211
-0.00244141
-0.00244141
-0.00244141
-0.00183105
-0.00122070
-0.00152588
-0.00152588
-0.00152588
-0.00213623
-0.00305176
-0.00366211
-0.00427246
-0.00427246
-0.00457764
-0.00457764
-0.00427246
-0.00366211
-0.00244141
-0.00122070
 0.00000000
 0.00091553
 0.00152588
 0.00152588
 0.00213623
 0.00183105
 0.00091553
 0.00000000
-0.00061035
-0.00122070
-0.00122070
-0.00152588
-0.00122070
-0.00061035
-0.00061035
-0.00091553
-0.00061035
-0.00030518
-0.00061035
-0.00061035
-0.00061035
-0.00061035
-0.00122070
-0.00183105
-0.00183105
-0.00213623
-0.00183105
-0.00091553
 0.00000000
 0.00091553
 0.00183105
 0.00274658
 0.00335693
 0.00396729
 0.00457764
 0.00488281
 0.00518799
 0.00488281
 0.00396729
 0.00366211
 0.00396729
 0.00335693
 0.00305176
 0.00335693
 0.00366211
 0.00427246
 0.00549316
 0.00610352
 0.00640869
 0.00610352
 0.00579834
 0.00579834
 0.00579834
 0.00488281
 0.00396729
 0.00335693
 0.00274658
 0.00305176
 0.00335693
 0.00366211
 0.00457764
 0.00549316
 0.00610352
 0.00671387
 0.00732422
 0.00762939
 0.00762939
 0.00762939
 0.00732422
 0.00671387
 0.00579834
 0.00457764
 0.00335693
 0.00213623
 0.00152588
 0.00152588
 0.00213623
 0.00305176
 0.00335693
 0.00366211
 0.00396729
 0.00457764
 0.00427246
 0.00396729
 0.00366211
 0.00274658
 0.00152588
 0.00061035
 0.00000000
 0.00000000
 0.00000000
 0.00000000
 0.00000000
 0.00061035
 0.00091553
 0.00152588
 0.00213623
 0.00244141
 0.00305176
 0.00274658
 0.00213623
 0.00122070
 0.00030518
-0.00091553
-0.00183105
-0.00305176
-0.00396729
-0.00457764
-0.00488281
-0.00488281
-0.00457764
-0.00427246
-0.00396729
-0.00366211
-0.00305176
-0.00305176
-0.00366211
-0.00427246
-0.00518799
-0.00610352
-0.00701904
-0.00823975
-0.00885010
-0.00915527
-0.00915527
-0.00915527
-0.00885010
-0.00793457
-0.00732422
-0.00610352
-0.00549316
-0.00549316
-0.00610352
-0.00610352
-0.00610352
-0.00610352
-0.00610352
-0.00701904
-0.00762939
-0.00732422
-0.00671387
-0.00610352
-0.00518799
-0.00427246
-0.00335693
-0.00305176
-0.00274658
-0.00244141
-0.00244141
-0.00244141
-0.00274658
-0.00335693
-0.00396729
-0.00427246
-0.00396729
-0.00396729
-0.00396729
-0.00396729
-0.00335693
-0.00244141
-0.00122070
-0.00030518
 0.00000000
 0.00030518
 0.00061035
 0.00030518
 0.00000000
 0.00000000
-0.00030518
-0.00030518
-0.00030518
 0.00030518
 0.00091553
 0.00122070
 0.00152588
 0.00183105
 0.00274658
 0.00335693
 0.00396729
 0.00457764
 0.00518799
 0.00518799
 0.00427246
 0.00396729
 0.00335693
 0.00274658
 0.00244141
 0.00244141
 0.00244141
 0.00274658
 0.00366211
 0.00427246
 0.00488281
 0.00549316
 0.00610352
 0.00640869
 0.00671387
 0.00640869
 0.00549316
 0.00488281
 0.00457764
 0.00427246
 0.00335693
 0.00244141
 0.00183105
 0.00213623
 0.00244141
 0.00213623
 0.00244141
 0.00305176
 0.00335693
 0.00335693
 0.00274658
 0.00213623
 0.00152588
 0.00061035
 0.00000000
-0.00061035
-0.00122070
-0.00183105
-0.00213623
-0.00244141
-0.00213623
-0.00183105
-0.00152588
-0.00122070
-0.00122070
-0.00091553
-0.00061035
-0.00030518
-0.00061035
-0.00122070
-0.00152588
-0.00183105
-0.00213623
-0.00244141
-0.00183105
-0.00122070
-0.00091553
-0.00091553
-0.00030518
 0.00061035
 0.00122070
 0.00152588
 0.00213623
 0.00213623
 0.00183105
 0.00152588
 0.00091553
 0.00030518
-0.00030518
-0.00091553
-0.00122070
-0.00152588
-0.00152588
-0.00122070
-0.00091553
-0.00061035
-0.00030518
-0.00030518
-0.00061035
-0.00091553
-0.00091553
-0.00122070
-0.00213623
-0.00305176
-0.00335693
-0.00335693
-0.00366211
-0.00457764
-0.00457764
-0.00366211
-0.00305176
-0.00274658
-0.00244141
-0.00122070
-0.00030518
 0.00030518
 0.00061035
 0.00091553
 0.00152588
 0.00213623
 0.00183105
 0.00183105
 0.00183105
 0.00152588
 0.00091553
 0.00122070
 0.00122070
 0.00152588
 0.00183105
 0.00213623
 0.00244141
 0.00305176
 0.00366211
 0.00366211
 0.00335693
 0.00366211
 0.00366211
 0.00335693
 0.00244141
 0.00183105
 0.00152588
 0.00122070
 0.00091553
 0.00091553
 0.00061035
 0.00030518
 0.00030518
 0.00030518
 0.00000000
 0.00030518
 0.00030518
 0.00030518
 0.00000000
-0.00030518
-0.00122070
-0.00244141
-0.00274658
-0.00366211
-0.00396729
-0.00396729
-0.00335693
-0.00335693
-0.00305176
-0.00274658
-0.00244141
-0.00213623
-0.00122070
-0.00091553
-0.00122070
-0.00152588
-0.00244141
-0.00274658
-0.00244141
-0.00244141
-0.00305176
-0.00366211
-0.00396729
-0.00427246
-0.00396729
-0.00335693
-0.00274658
-0.00213623
-0.00122070
-0.00030518
 0.00030518
 0.00000000
-0.00061035
-0.00091553
-0.00091553
-0.00091553
-0.00183105
-0.00305176
-0.00366211
-0.00366211
-0.00335693
-0.00366211
-0.00396729
-0.00366211
-0.00335693
-0.00335693
-0.00305176
-0.00274658
-0.00244141
-0.00244141
-0.00274658
-0.00305176
-0.00305176
-0.00335693
-0.00335693
-0.00366211
-0.00335693
-0.00305176
-0.00213623
-0.00122070
-0.00030518
 0.00000000
 0.00061035
 0.00152588
 0.00213623
 0.00274658
 0.00213623
 0.00122070
 0.00030518
 0.00000000
 0.00000000
 0.00000000
-0.00122070
-0.00183105
-0.00152588
-0.00091553
 0.00000000
 0.00091553
 0.00152588
 0.00274658
 0.00335693
 0.00335693
 0.00305176
 0.00305176
 0.00335693
 0.00305176
 0.00274658
 0.00213623
 0.00183105
 0.00152588
 0.00183105
 0.00244141
 0.00305176
 0.00396729
 0.00396729
 0.00488281
 0.00518799
 0.00549316
 0.00610352
 0.00610352
 0.00549316
 0.00488281
 0.00457764
 0.00427246
 0.00396729
 0.00366211
 0.00335693
 0.00305176
 0.00305176
 0.00366211
 0.00457764
 0.00488281
 0.00488281
 0.00457764
 0.00427246
 0.00427246
 0.00427246
 0.00366211
 0.00305176
 0.00213623
 0.00152588
 0.00152588
 0.00183105
 0.00213623
 0.00213623
 0.00244141
 0.00244141
 0.00274658
 0.00274658
 0.00213623
 0.00091553
 0.00030518
-0.00091553
-0.00183105
-0.00213623
-0.00244141
-0.00305176
-0.00335693
-0.00366211
-0.00335693
-0.00274658
-0.00183105
-0.00152588
-0.00091553
-0.00091553
-0.00122070
-0.00122070
-0.00152588
-0.00213623
-0.00244141
-0.00335693
-0.00366211
-0.00427246
-0.00488281
-0.00457764
-0.00396729
-0.00335693
-0.00274658
-0.00274658
-0.00244141
-0.00183105
-0.00122070
-0.00091553
-0.00091553
-0.00122070
-0.00183105
-0.00213623
-0.00274658
-0.00274658
-0.00274658
-0.00274658
-0.00183105
-0.00091553
-0.00030518
 0.00061035
 0.00152588
 0.00213623
 0.00213623
 0.00183105
 0.00091553
 0.00030518
 0.00000000
-0.00061035
-0.00152588
-0.00244141
-0.00305176
-0.00335693
-0.00335693
-0.00305176
-0.00244141
-0.00152588
-0.00030518
 0.00030518
 0.00061035
 0.00061035
 0.00030518
 0.00061035
 0.00061035
 0.00000000
-0.00030518
-0.00030518
-0.00030518
 0.00000000
 0.00061035
 0.00122070
 0.00152588
 0.00183105
 0.00183105
 0.00152588
 0.00152588
 0.00213623
 0.00244141
 0.00213623
 0.00183105
 0.00122070
 0.00061035
 0.00030518
 0.00061035
 0.00091553
 0.00122070
 0.00122070
 0.00183105
 0.00244141
 0.00244141
 0.00183105
 0.00152588
 0.00183105
 0.00152588
 0.00122070
 0.00091553
 0.00030518
-0.00061035
-0.00091553
-0.00091553
-0.00061035
-0.00061035
-0.00061035
-0.00030518
-0.00030518
-0.00030518
-0.00061035
-0.00122070
-0.00122070
-0.00122070
-0.00152588
-0.00152588
-0.00152588
-0.00152588
-0.00152588
-0.00152588
-0.00183105
-0.00183105
-0.00183105
-0.00183105
-0.00183105
-0.00183105
-0.00183105
-0.00213623
-0.00244141
-0.00244141
-0.00274658
-0.00244141
-0.00244141
-0.00244141
-0.00213623
-0.00183105
-0.00152588
-0.00183105
-0.00213623
-0.00183105
-0.00152588
-0.00091553
-0.00061035
-0.00122070
-0.00183105
-0.00183105
-0.00122070
-0.00030518
 0.00000000
 0.00000000
-0.00030518
-0.00030518
 0.00000000
 0.00030518
 0.00030518
 0.00061035
 0.00061035
 0.00091553
 0.00091553
 0.00091553
 0.00061035
 0.00061035
 0.00061035
 0.00091553
 0.00122070
 0.00152588
 0.00122070
 0.00122070
 0.00183105
 0.00244141
 0.00244141
 0.00183105
 0.00183105
 0.00213623
 0.00213623
 0.00183105
 0.00213623
 0.00244141
 0.00274658
 0.00213623
 0.00152588
 0.00122070
 0.00122070
 0.00152588
 0.00213623
 0.00244141
 0.00274658
 0.00213623
 0.00213623
 0.00213623
 0.00213623
 0.00213623
 0.00213623
 0.00152588
 0.00091553
 0.00030518
 0.00061035
 0.00061035
 0.00091553
 0.00122070
 0.00183105
 0.00244141
 0.00244141
 0.00213623
 0.00213623
 0.00213623
 0.00213623
 0.00152588
 0.00091553
 0.00030518
-0.00030518
-0.00091553
-0.00122070
-0.00152588
-0.00152588
-0.00122070
-0.00091553
-0.00030518
 0.00030518
 0.00000000
 0.00000000
 0.00000000
-0.00061035
-0.00091553
-0.00122070
-0.00183105
-0.00213623
-0.00244141
-0.00305176
-0.00305176
-0.00366211
-0.00366211
-0.00366211
-0.00335693
-0.00305176
-0.00274658
-0.00244141
-0.00244141
-0.00305176
-0.00335693
-0.00366211
-0.00335693
-0.00335693
-0.00366211
-0.00396729
-0.00396729
-0.00396729
-0.00427246
-0.00427246
-0.00457764
-0.00427246
-0.00427246
-0.00427246
-0.00396729
-0.00366211
-0.00396729
-0.00396729
-0.00366211
-0.00366211
-0.00366211
-0.00305176
-0.00274658
-0.00274658
-0.00274658
-0.00244141
-0.00244141
-0.00244141
-0.00213623
-0.00213623
-0.00213623
-0.00213623
-0.00244141
-0.00274658
-0.00274658
-0.00305176
-0.00305176
-0.00244141
-0.00152588
-0.00122070
-0.00091553
-0.00061035
 0.00030518
 0.00061035
 0.00122070
 0.00091553
 0.00091553
 0.00091553
 0.00122070
 0.00152588
 0.00152588
 0.00122070
 0.00091553
 0.00091553
 0.00061035
 0.00061035
 0.00122070
 0.00183105
 0.00244141
 0.00244141
 0.00274658
 0.00335693
 0.00335693
 0.00305176
 0.00274658
 0.00244141
 0.00244141
 0.00244141
 0.00244141
 0.00152588
 0.00091553
 0.00091553
 0.00152588
 0.00244141
 0.00244141
 0.00244141
 0.00244141
 0.00274658
 0.00335693
 0.00335693
 0.00335693
 0.00305176
 0.00274658
 0.00244141
 0.00244141
 0.00213623
 0.00183105
 0.00244141
 0.00244141
 0.00274658
 0.00274658
 0.00274658
 0.00305176
 0.00335693
 0.00427246
 0.00457764
 0.00396729
 0.00335693
 0.00274658
 0.00274658
 0.00274658
 0.00244141
 0.00213623
 0.00183105
 0.00183105
 0.00183105
 0.00183105
 0.00213623
 0.00213623
 0.00183105
 0.00122070
 0.00122070
 0.00122070
 0.00152588
 0.00122070
 0.00122070
 0.00091553
 0.00061035
 0.00030518
 0.00030518
 0.00030518
 0.00000000
-0.00030518
 0.00000000
 0.00000000
-0.00030518
-0.00061035
-0.00091553
-0.00122070
-0.00122070
-0.00122070
-0.00152588
-0.00152588
-0.00122070
-0.00152588
-0.00152588
-0.00122070
-0.00091553
-0.00061035
 0.00000000
 0.00091553
 0.00122070
 0.00091553
 0.00091553
 0.00091553
 0.00061035
 0.00061035
 0.00091553
 0.00091553
 0.00091553
 0.00122070
 0.00152588
 0.00152588
 0.00091553
 0.00061035
 0.00091553
 0.00122070
 0.00122070
 0.00091553
 0.00061035
 0.00030518
 0.00030518
 0.00000000
 0.00061035
 0.00061035
 0.00061035
 0.00061035
 0.00061035
 0.00091553
 0.00091553
 0.00122070
 0.00122070
 0.00122070
 0.00152588
 0.00152588
 0.00152588
 0.00122070
 0.00091553
 0.00091553
 0.00061035
 0.00030518
 0.00061035
 0.00000000
-0.00030518
-0.00061035
-0.00061035
-0.00091553
-0.00061035
-0.00061035
-0.00091553
-0.00122070
-0.00183105
-0.00244141
-0.00274658
-0.00274658
-0.00305176
-0.00366211
-0.00396729
-0.00366211
-0.00335693
-0.00335693
-0.00366211
-0.00366211
-0.00335693
-0.00366211
-0.00366211
-0.00366211
-0.00366211
-0.00366211
-0.00396729
-0.00396729
-0.00427246
-0.00396729
-0.00366211
-0.00335693
-0.00366211
-0.00396729
-0.00396729
-0.00396729
-0.00396729
-0.00396729
-0.00396729
-0.00396729
-0.00427246
-0.00427246
-0.00396729
-0.00335693
-0.00335693
-0.00335693
-0.00305176
-0.00274658
-0.00244141
-0.00213623
-0.00183105
-0.00152588
-0.00122070
-0.00122070
-0.00213623
-0.00244141
-0.00244141
-0.00183105
-0.00152588
-0.00122070
-0.00152588
-0.00152588
-0.00122070
-0.00061035
-0.00030518
-0.00030518
-0.00061035
-0.00061035
-0.00061035
-0.00061035
-0.00030518
 0.00000000
 0.00061035
 0.00061035
 0.00091553
 0.00122070
 0.00152588
 0.00183105
 0.00213623
 0.00244141
 0.00305176
 0.00366211
 0.00366211
 0.00366211
 0.00335693
 0.00335693
 0.00366211
 0.00427246
 0.00427246
 0.00396729
 0.00396729
 0.00427246
 0.00457764
 0.00488281
 0.00518799
 0.00518799
 0.00518799
 0.00518799
 0.00518799
 0.00549316
 0.00549316
 0.00518799
 0.00488281
 0.00457764
 0.00427246
 0.00396729
 0.00335693
 0.00335693
 0.00335693
 0.00305176
 0.00335693
 0.00335693
 0.00305176
 0.00274658
 0.00244141
 0.00213623
 0.00274658
 0.00274658
 0.00244141
 0.00213623
 0.00183105
 0.00152588
 0.00091553
 0.00091553
 0.00000000
-0.00091553
-0.00213623
-0.00244141
-0.00213623
-0.00244141
-0.00274658
-0.00305176
-0.00335693
-0.00335693
-0.00305176
-0.00305176
-0.00335693
-0.00335693
-0.00366211
-0.00366211
-0.00366211
-0.00427246
-0.00457764
-0.00488281
-0.00518799
-0.00549316
-0.00549316
-0.00579834
-0.00579834
-0.00549316
-0.00549316
-0.00549316
-0.00549316
-0.00518799
-0.00518799
-0.00457764
-0.00427246
-0.00427246
-0.00427246
-0.00457764
-0.00488281
-0.00427246
-0.00427246
-0.00366211
-0.00396729
-0.00366211
-0.00366211
-0.00335693
-0.00274658
-0.00274658
-0.00274658
-0.00244141
-0.00244141
-0.00183105
-0.00152588
-0.00122070
-0.00061035
-0.00030518
-0.00030518
-0.00030518
-0.00030518
-0.00030518
-0.00030518
-0.00030518
-0.00061035
-0.00030518
 0.00000000
-0.00061035
-0.00061035
-0.00061035
-0.00061035
-0.00091553
-0.00030518
-0.00030518
 0.00000000
 0.00000000
 0.00030518
 0.00000000
 0.00000000
 0.00000000
 0.00000000
-0.00030518
-0.00061035
-0.00122070
-0.00122070
-0.00091553
 0.00000000
 0.00030518
 0.00030518
 0.00030518
 0.00061035
 0.00091553
 0.00122070
 0.00152588
 0.00213623
 0.00244141
 0.00213623
 0.00183105
 0.00183105
 0.00152588
 0.00152588
 0.00122070
 0.00122070
 0.00091553
 0.00091553
 0.00091553
 0.00122070
 0.00152588
 0.00122070
 0.00152588
 0.00152588
 0.00152588
 0.00213623
 0.00244141
 0.00244141
 0.00183105
 0.00152588
 0.00152588
 0.00213623
 0.00152588
 0.00061035
 0.00000000
 0.00030518
 0.00030518
 0.00030518
 0.00000000
-0.00030518
-0.00030518
-0.00030518
-0.00030518
 0.00000000
 0.00000000
 0.00000000
 0.00000000
 0.00000000
 0.00000000
-0.00030518
-0.00061035
-0.00061035
-0.00061035
-0.00091553
-0.00061035
-0.00030518
 0.00000000
-0.00030518
-0.00061035
-0.00091553
 0.00000000
 0.00030518
 0.00000000
-0.00091553
-0.00122070
-0.00091553
-0.00061035
-0.00061035
-0.00030518
-0.00061035
-0.00061035
 0.00000000
 0.00061035
 0.00122070
 0.00091553
 0.00061035
-0.00030518
-0.00122070
-0.00091553
-0.00061035
 0.00000000
-0.00030518
 0.00000000
 0.00061035
 0.00122070
 0.00152588
 0.00183105
 0.00152588
 0.00152588
 0.00183105
 0.00213623
 0.00152588
 0.00091553
 0.00030518
 0.00061035
 0.00091553
 0.00091553
 0.00091553
 0.00091553
 0.00122070
 0.00152588
 0.00152588
 0.00183105
 0.00213623
 0.00152588
 0.00091553
 0.00061035
 0.00091553
 0.00122070
 0.00091553
 0.00030518
 0.00061035
 0.00091553
 0.00122070
 0.00122070
 0.00152588
 0.00213623
 0.00244141
 0.00274658
 0.00244141
 0.00183105
 0.00183105
 0.00183105
 0.00122070
 0.00000000
-0.00091553
-0.00122070
-0.00091553
-0.00091553
-0.00061035
-0.00061035
-0.00030518
 0.00000000
 0.00061035
 0.00030518
 0.00030518
 0.00030518
 0.00030518
-0.00030518
-0.00091553
-0.00152588
-0.00183105
-0.00213623
-0.00244141
-0.00244141
-0.00244141
-0.00213623
-0.00183105
-0.00122070
-0.00061035
-0.00030518
-0.00030518
-0.00030518
-0.00061035
-0.00122070
-0.00152588
-0.00213623
-0.00274658
-0.00305176
-0.00335693
-0.00366211
-0.00366211
-0.00396729
-0.00366211
-0.00305176
-0.00274658
-0.00213623
-0.00213623
-0.00183105
-0.00183105
-0.00183105
-0.00213623
-0.00274658
-0.00335693
-0.00427246
-0.00488281
-0.00488281
-0.00427246
-0.00427246
-0.00427246
-0.00396729
-0.00366211
-0.00305176
-0.00213623
-0.00183105
-0.00152588
-0.00152588
-0.00122070
-0.00122070
-0.00152588
-0.00213623
-0.00244141
-0.00274658
-0.00335693
-0.00335693
-0.00335693
-0.00274658
-0.00244141
-0.00183105
-0.00122070
-0.00091553
-0.00030518
 0.00000000
 0.00030518
 0.00000000
-0.00030518
-0.00030518
-0.00091553
-0.00091553
-0.00122070
-0.00183105
-0.00152588
-0.00122070
-0.00061035
-0.00030518
-0.00030518
 0.00000000
 0.00030518
 0.00061035
 0.00152588
 0.00152588
 0.00122070
 0.00091553
 0.00091553
 0.00122070
 0.00152588
 0.00152588
 0.00152588
 0.00152588
 0.00152588
 0.00213623
 0.00244141
 0.00244141
 0.00274658
 0.00305176
 0.00274658
 0.00213623
 0.00213623
 0.00244141
 0.00274658
 0.00244141
 0.00213623
 0.00213623
 0.00213623
 0.00274658
 0.00305176
 0.00335693
 0.00335693
 0.00335693
 0.00305176
 0.00244141
 0.00213623
 0.00213623
 0.00183105
 0.00152588
 0.00122070
 0.00122070
 0.00091553
 0.00091553
 0.00122070
 0.00152588
 0.00183105
 0.00122070
 0.00091553
 0.00091553
 0.00091553
 0.00091553
 0.00091553
 0.00030518
-0.00030518
-0.00061035
-0.00061035
-0.00030518
-0.00030518
-0.00030518
 0.00000000
 0.00000000
 0.00030518
 0.00030518
 0.00030518
 0.00000000
 0.00030518
 0.00030518
-0.00030518
-0.00152588
-0.00183105
-0.00183105
-0.00183105
-0.00213623
-0.00213623
-0.00183105
-0.00152588
-0.00122070
-0.00152588
-0.00183105
-0.00183105
-0.00152588
-0.00183105
-0.00244141
-0.00274658
-0.00274658
-0.00305176
-0.00366211
-0.00396729
-0.00396729
-0.00396729
-0.00396729
-0.00366211
-0.00305176
-0.00305176
-0.00274658
-0.00305176
-0.00305176
-0.00305176
-0.00244141
-0.00244141
-0.00244141
-0.00244141
-0.00244141
-0.00244141
-0.00244141
-0.00244141
-0.00274658
-0.00274658
-0.00274658
-0.00244141
-0.00213623
-0.00152588
-0.00091553
-0.00061035
-0.00091553
-0.00122070
-0.00122070
-0.00061035
-0.00061035
-0.00091553
-0.00122070
-0.00091553
-0.00091553
-0.00061035
-0.00030518
 0.00000000
 0.00030518
 0.00030518
 0.00030518
 0.00000000
-0.00030518
-0.00030518
 0.00000000
 0.00030518
 0.00030518
 0.00030518
 0.00030518
 0.00030518
 0.00061035
 0.00061035
 0.00061035
 0.00030518
 0.00061035
 0.00091553
 0.00030518
 0.00030518
 0.00030518
 0.00000000
 0.00000000
-0.00030518
-0.00030518
-0.00030518
-0.00030518
 0.00000000
 0.00030518
 0.00030518
 0.00061035
 0.00061035
 0.00122070
 0.00152588
 0.00152588
 0.00091553
 0.00091553
 0.00061035
 0.00061035
 0.00061035
 0.00000000
-0.00030518
-0.00030518
 0.00000000
 0.00000000
-0.00030518
-0.00030518
 0.00000000
 0.00030518
 0.00000000
 0.00000000
 0.00030518
 0.00030518
 0.00030518
-0.00030518
-0.00091553
-0.00152588
-0.00122070
-0.00091553
-0.00122070
-0.00122070
-0.00122070
-0.00122070
-0.00091553
-0.00061035
-0.00061035
-0.00091553
-0.00122070
-0.00122070
-0.00122070
-0.00122070
-0.00122070
-0.00061035
 0.00000000
 0.00000000
-0.00030518
 0.00000000
 0.00000000
 0.00030518
 0.00061035
 0.00091553
 0.00061035
 0.00061035
 0.00061035
 0.00030518
 0.00030518
 0.00000000
-0.00061035
-0.00122070
-0.00122070
-0.00122070
-0.00091553
-0.00061035
-0.00061035
-0.00061035
-0.00061035
-0.00091553
-0.00061035
-0.00030518
 0.00000000
 0.00000000
-0.00030518
-0.00030518
-0.00061035
-0.00061035
-0.00091553
-0.00122070
-0.00152588
-0.00091553
 0.00000000
 0.00061035
 0.00091553
 0.00152588
 0.00213623
 0.00183105
 0.00152588
 0.00091553
 0.00122070
 0.00152588
 0.00152588
 0.00152588
 0.00122070
 0.00122070
 0.00091553
 0.00061035
 0.00030518
 0.00000000
 0.00030518
 0.00091553
 0.00122070
 0.00152588
 0.00152588
 0.00152588
 0.00152588
 0.00152588
 0.00152588
 0.00152588
 0.00152588
 0.00122070
 0.00091553
 0.00091553
 0.00091553
 0.00091553
 0.00091553
 0.00091553
 0.00061035
 0.00061035
 0.00061035
 0.00030518
 0.00030518
-0.00030518
-0.00061035
-0.00061035
-0.00061035
-0.00061035
-0.00030518
-0.00061035
-0.00091553
-0.00091553
-0.00061035
-0.00030518
-0.00061035
-0.00061035
-0.00091553
-0.00091553
-0.00091553
-0.00091553
-0.00091553
-0.00061035
-0.00061035
-0.00091553
-0.00091553
-0.00091553
-0.00091553
-0.00122070
-0.00152588
-0.00183105
-0.00183105
-0.00152588
-0.00213623
-0.00244141
-0.00244141
-0.00244141
-0.00274658
-0.00274658
-0.00274658
-0.00274658
-0.00305176
-0.00366211
-0.00366211
-0.00335693
-0.00305176
-0.00305176
-0.00335693
-0.00305176
-0.00244141
-0.00244141
-0.00274658
-0.00305176
-0.00305176
-0.00335693
-0.00335693
-0.00305176
-0.00244141
-0.00244141
-0.00274658
-0.00274658
-0.00305176
-0.00305176
-0.00305176
-0.00274658
-0.00244141
-0.00274658
-0.00244141
-0.00213623
-0.00213623
-0.00152588
-0.00122070
-0.00091553
-0.00061035
-0.00061035
-0.00030518
 0.00000000
 0.00030518
 0.00061035
 0.00061035
 0.00061035
 0.00061035
 0.00030518
 0.00030518
 0.00061035
 0.00030518
 0.00030518
 0.00030518
 0.00000000
 0.00000000
 0.00030518
 0.00091553
 0.00122070
 0.00152588
 0.00213623
 0.00274658
 0.00274658
 0.00213623
 0.00183105
 0.00122070
 0.00091553
 0.00061035
 0.00030518
 0.00030518
 0.00061035
 0.00061035
 0.00061035
 0.00091553
 0.00122070
 0.00152588
 0.00183105
 0.00244141
 0.00244141
 0.00244141
 0.00244141
 0.00244141
 0.00213623
 0.00152588
 0.00061035
 0.00000000
 0.00000000
 0.00000000
 0.00030518
 0.00030518
 0.00000000
 0.00030518
 0.00061035
 0.00091553
 0.00091553
 0.00061035
 0.00030518
 0.00000000
 0.00000000
-0.00061035
-0.00152588
-0.00213623
-0.00244141
-0.00213623
-0.00213623
-0.00244141
-0.00274658
-0.00274658
-0.00213623
-0.00183105
-0.00152588
-0.00122070
-0.00091553
-0.00091553
-0.00091553
-0.00122070
-0.00122070
-0.00152588
-0.00183105
-0.00152588
-0.00183105
-0.00244141
-0.00244141
-0.00244141
-0.00183105
-0.00152588
-0.00183105
-0.00183105
-0.00152588
-0.00152588
-0.00152588
-0.00152588
-0.00152588
-0.00152588
-0.00183105
-0.00213623
-0.00183105
-0.00091553
-0.00091553
-0.00091553
-0.00091553
-0.00091553
-0.00061035
-0.00061035
-0.00091553
-0.00091553
-0.00122070
-0.00122070
-0.00061035
-0.00061035
-0.00061035
-0.00030518
 0.00000000
 0.00030518
 0.00061035
 0.00091553
 0.00122070
 0.00152588
 0.00183105
 0.00152588
 0.00122070
 0.00122070
 0.00091553
 0.00061035
 0.00061035
 0.00000000
 0.00000000
 0.00061035
 0.00061035
 0.00030518
 0.00061035
 0.00091553
 0.00122070
 0.00152588
 0.00152588
 0.00122070
 0.00122070
 0.00122070
 0.00122070
 0.00122070
 0.00122070
 0.00122070
 0.00091553
 0.00061035
 0.00030518
 0.00030518
 0.00061035
 0.00091553
 0.00122070
 0.00122070
 0.00091553
 0.00061035
 0.00030518
 0.00030518
 0.00030518
 0.00030518
-0.00061035
-0.00122070
-0.00122070
-0.00061035
-0.00061035
-0.00122070
-0.00122070
-0.00122070
-0.00122070
-0.00122070
-0.00061035
-0.00061035
-0.00122070
-0.00183105
-0.00152588
-0.00183105
-0.00213623
-0.00183105
-0.00152588
-0.00152588
-0.00213623
-0.00183105
-0.00122070
-0.00061035
-0.00061035
-0.00061035
-0.00091553
-0.00152588
-0.00183105
-0.00213623
-0.00213623
-0.00213623
-0.00274658
-0.00305176
-0.00305176
-0.00335693
-0.00305176
-0.00274658
-0.00274658
-0.00274658
-0.00244141
-0.00244141
-0.00213623
-0.00213623
-0.00213623
-0.00274658
-0.00305176
-0.00366211
-0.00366211
-0.00335693
-0.00305176
-0.00335693
-0.00305176
-0.00274658
-0.00274658
-0.00244141
-0.00183105
-0.00122070
-0.00122070
-0.00122070
-0.00122070
-0.00061035
 0.00000000
 0.00000000
 0.00000000
 0.00000000
 0.00000000
-0.00030518
-0.00091553
-0.00061035
 0.00000000
 0.00030518
 0.00061035
 0.00061035
 0.00061035
 0.00061035
 0.00061035
 0.00122070
 0.00152588
 0.00183105
 0.00183105
 0.00183105
 0.00122070
 0.00061035
 0.00030518
 0.00030518
 0.00091553
 0.00091553
 0.00091553
 0.00122070
 0.00183105
 0.00213623
 0.00244141
 0.00244141
 0.00305176
 0.00305176
 0.00305176
 0.00244141
 0.00152588
 0.00152588
 0.00122070
 0.00152588
 0.00122070
 0.00122070
 0.00122070
 0.00152588
 0.00152588
 0.00183105
 0.00213623
 0.00213623
 0.00244141
 0.00274658
 0.00244141
 0.00244141
 0.00244141
 0.00213623
 0.00122070
 0.00061035
 0.00061035
 0.00030518
 0.00030518
 0.00030518
 0.00061035
 0.00030518
 0.00061035
 0.00061035
 0.00061035
 0.00061035
 0.00061035
 0.00030518
 0.00061035
 0.00061035
 0.00061035
 0.00061035
 0.00091553
 0.00091553
 0.00030518
 0.00061035
 0.00061035
 0.00061035
 0.00030518
 0.00030518
 0.00030518
 0.00061035
 0.00061035
 0.00030518
-0.00030518
-0.00030518
 0.00000000
 0.00030518
 0.00000000
-0.00030518
-0.00030518
-0.00061035
-0.00030518
-0.00061035
-0.00061035
-0.00091553
-0.00091553
-0.00091553
-0.00091553
-0.00091553
-0.00122070
-0.00183105
-0.00244141
-0.00274658
-0.00274658
-0.00274658
-0.00274658
-0.00183105
-0.00152588
-0.00152588
-0.00213623
-0.00213623
-0.00213623
-0.00183105
-0.00152588
-0.00183105
-0.00213623
-0.00244141
-0.00274658
-0.00274658
-0.00274658
-0.00274658
-0.00274658
-0.00244141
-0.00244141
-0.00244141
-0.00213623
-0.00213623
-0.00183105
-0.00183105
-0.00152588
-0.00183105
-0.00183105
-0.00213623
-0.00244141
-0.00213623
-0.00213623
-0.00183105
-0.00152588
-0.00122070
-0.00091553
-0.00061035
-0.00061035
-0.00122070
-0.00091553
-0.00091553
-0.00061035
-0.00030518
 0.00000000
 0.00030518
 0.00061035
 0.00000000
-0.00061035
-0.00091553
-0.00061035
-0.00091553
-0.00122070
-0.00183105
-0.00183105
-0.00183105
-0.00152588
-0.00091553
-0.00091553
-0.00091553
-0.00061035
-0.00030518
-0.00030518
-0.00091553
-0.00122070
-0.00152588
-0.00122070
-0.00152588
-0.00152588
-0.00152588
-0.00122070
-0.00091553
-0.00091553
-0.00091553
-0.00061035
-0.00030518
 0.00030518
 0.00061035
 0.00030518
 0.00030518
 0.00000000
-0.00061035
-0.00030518
-0.00061035
-0.00152588
-0.00152588
-0.00152588
-0.00152588
-0.00122070
-0.00091553
-0.00091553
-0.00061035
 0.00000000
 0.00030518
 0.00091553
 0.00091553
 0.00030518
 0.00000000
 0.00030518
 0.00061035
 0.00061035
 0.00061035
 0.00030518
 0.00030518
 0.00030518
-0.00030518
-0.00030518
 0.00000000
 0.00000000
 0.00000000
 0.00000000
 0.00030518
 0.00091553
 0.00122070
 0.00091553
 0.00061035
 0.00030518
 0.00000000
 0.00030518
 0.00030518
 0.00000000
 0.00000000
 0.00030518
 0.00061035
 0.00061035
 0.00030518
 0.00030518
 0.00061035
 0.00091553
 0.00091553
 0.00030518
 0.00030518
 0.00061035
 0.00061035
 0.00061035
 0.00061035
 0.00061035
 0.00091553
 0.00091553
 0.00030518
 0.00000000
 0.00000000
 0.00030518
 0.00000000
-0.00030518
-0.00091553
-0.00091553
-0.00091553
-0.00030518
 0.00030518
 0.00000000
-0.00061035
-0.00091553
-0.00061035
-0.00061035
-0.00061035
 0.00000000
 0.00061035
 0.00091553
 0.00061035
 0.00000000
-0.00030518
 0.00000000
 0.00030518
 0.00030518
-0.00061035
-0.00122070
-0.00122070
-0.00091553
-0.00030518
 0.00000000
-0.00061035
-0.00122070
-0.00122070
-0.00061035
-0.00030518
-0.00030518
-0.00061035
-0.00122070
-0.00152588
-0.00152588
-0.00091553
-0.00091553
-0.00152588
-0.00213623
-0.00213623
-0.00183105
-0.00152588
-0.00122070
-0.00122070
-0.00152588
-0.00152588
-0.00122070
-0.00122070
-0.00061035
-0.00030518
-0.00061035
-0.00091553
-0.00122070
-0.00152588
-0.00183105
-0.00183105
-0.00183105
-0.00183105
-0.00183105
-0.00183105
-0.00152588
-0.00122070
-0.00122070
-0.00122070
-0.00122070
-0.00091553
-0.00122070
-0.00091553
-0.00091553
-0.00061035
-0.00091553
-0.00091553
-0.00091553
-0.00091553
-0.00091553
-0.00061035
-0.00030518
-0.00030518
 0.00000000
 0.00030518
 0.00030518
 0.00000000
-0.00061035
-0.00061035
-0.00030518
-0.00061035
-0.00091553
-0.00091553
-0.00091553
-0.00091553
-0.00061035
-0.00030518
 0.00000000
 0.00061035
 0.00122070
 0.00091553
 0.00091553
 0.00122070
 0.00122070
 0.00091553
 0.00061035
 0.00000000
-0.00061035
-0.00061035
-0.00061035
-0.00061035
-0.00061035
 0.00000000
 0.00030518
 0.00030518
 0.00061035
 0.00061035
 0.00030518
 0.00061035
 0.00091553
 0.00091553
 0.00061035
 0.00030518
-0.00030518
-0.00030518
 0.00000000
 0.00030518
 0.00030518
 0.00030518
 0.00030518
 0.00000000
 0.00000000
 0.00000000
 0.00000000
 0.00000000
 0.00061035
 0.00061035
 0.00030518
-0.00030518
 0.00000000
-0.00030518
-0.00061035
-0.00061035
-0.00030518
 0.00000000
 0.00000000
 0.00000000
 0.00030518
 0.00030518
 0.00061035
 0.00061035
 0.00030518
-0.00030518
 0.00000000
 0.00000000
 0.00000000
 0.00000000
 0.00000000
 0.00000000
-0.00061035
-0.00061035
-0.00061035
-0.00030518
 0.00000000
 0.00030518
 0.00061035
 0.00030518
 0.00000000
-0.00030518
-0.00030518
-0.00030518
-0.00030518
-0.00030518
-0.00030518
-0.00061035
-0.00030518
-0.00030518
-0.00061035
-0.00061035
-0.00061035
-0.00030518
 0.00000000
 0.00000000
 0.00000000
 0.00000000
-0.00030518
-0.00061035
-0.00061035
-0.00061035
-0.00061035
-0.00091553
-0.00091553
-0.00030518
 0.00000000
 0.00000000
 0.00000000
 0.00000000
 0.00000000
 0.00030518
 0.00061035
 0.00030518
 0.00030518
-0.00030518
-0.00030518
 0.00030518
 0.00030518
 0.00000000
 0.00000000
 0.00000000
 0.00000000
-0.00030518
 0.00000000
 0.00030518
 0.00061035
 0.00061035
 0.00000000
 0.00000000
-0.00030518
 0.00000000
 0.00030518
 0.00030518
-0.00030518
-0.00061035
-0.00122070
-0.00091553
-0.00030518
 0.00000000
 0.00030518
 0.00061035
 0.00061035
 0.00030518
 0.00061035
 0.00061035
 0.00030518
 0.00030518
 0.00000000
 0.00000000
 0.00000000
-0.00061035
-0.00061035
 0.00000000
 0.00000000
-0.00030518
-0.00061035
-0.00091553
-0.00061035
-0.00061035
-0.00061035
-0.00091553
-0.00091553
-0.00091553
-0.00091553
-0.00122070
-0.00091553
-0.00091553
-0.00091553
-0.00122070
-0.00152588
-0.00152588
-0.00152588
-0.00122070
-0.00061035
 0.00000000
 0.00000000
 0.00000000
 0.00000000
 0.00000000
-0.00030518
-0.00061035
-0.00061035
-0.00061035
-0.00061035
-0.00091553
-0.00091553
-0.00152588
-0.00183105
-0.00183105
-0.00183105
-0.00152588
-0.00122070
-0.00122070
-0.00122070
-0.00091553
-0.00091553
-0.00061035
-0.00061035
-0.00091553
-0.00091553
-0.00091553
-0.00122070
-0.00152588
-0.00183105
-0.00183105
-0.00152588
-0.00152588
-0.00183105
-0.00183105
-0.00122070
-0.00061035
-0.00030518
-0.00030518
-0.00061035
-0.00091553
-0.00091553
-0.00091553
-0.00061035
-0.00091553
-0.00122070
-0.00122070
-0.00152588
-0.00122070
-0.00122070
-0.00152588
-0.00122070
-0.00061035
-0.00061035
-0.00091553
-0.00061035
-0.00061035
-0.00061035
-0.00061035
 0.00000000
 0.00030518
 0.00000000
-0.00061035
-0.00030518
 0.00000000
 0.00000000
 0.00061035
 0.00091553
 0.00122070
 0.00091553
 0.00091553
 0.00122070
 0.00152588
 0.00152588
 0.00122070
 0.00061035
 0.00061035
 0.00091553
 0.00122070
 0.00122070
 0.00061035
 0.00030518
 0.00091553
 0.00183105
 0.00213623
 0.00183105
 0.00122070
 0.00152588
 0.00213623
 0.00213623
 0.00213623
 0.00183105
 0.00122070
 0.00061035
 0.00061035
 0.00061035
 0.00030518
 0.00061035
 0.00030518
 0.00061035
 0.00061035
 0.00091553
 0.00122070
 0.00091553
 0.00091553
 0.00091553
 0.00122070
 0.00091553
 0.00061035
 0.00000000
 0.00000000
 0.00000000
 0.00000000
-0.00030518
-0.00061035
-0.00030518
 0.00030518
 0.00061035
 0.00091553
 0.00091553
 0.00091553
 0.00061035
 0.00000000
 0.00030518
 0.00000000
-0.00030518
-0.00061035
-0.00061035
 0.00000000
 0.00000000
-0.00030518
-0.00061035
-0.00030518
 0.00000000
 0.00030518
 0.00000000
-0.00030518
 0.00000000
 0.00000000
 0.00000000
-0.00061035
-0.00122070
-0.00122070
-0.00122070
-0.00122070
-0.00152588
-0.00122070
-0.00091553
-0.00030518
-0.00030518
-0.00030518
-0.00030518
 0.00000000
 0.00000000
-0.00030518
-0.00061035
-0.00030518
-0.00030518
-0.00061035
-0.00061035
-0.00061035
-0.00061035
-0.00122070
-0.00152588
-0.00152588
-0.00122070
-0.00091553
-0.00061035
-0.00061035
-0.00030518
-0.00030518
-0.00030518
-0.00030518
-0.00061035
-0.00061035
-0.00091553
-0.00091553
-0.00122070
-0.00152588
-0.00152588
-0.00152588
-0.00152588
-0.00122070
-0.00091553
-0.00091553
-0.00061035
-0.00030518
-0.00061035
-0.00091553
-0.00091553
-0.00030518
 0.00030518
-0.00030518
-0.00091553
-0.00122070
-0.00091553
-0.00091553
-0.00061035
-0.00061035
-0.00030518
-0.00030518
 0.00000000
 0.00000000
 0.00030518
 0.00061035
 0.00000000
-0.00030518
-0.00030518
-0.00030518
-0.00061035
-0.00122070
-0.00183105
-0.00183105
-0.00152588
-0.00122070
-0.00122070
-0.00091553
-0.00061035
-0.00061035
-0.00030518
 0.00030518
 0.00030518
 0.00000000
-0.00030518
-0.00061035
-0.00091553
-0.00122070
-0.00122070
-0.00091553
-0.00122070
-0.00152588
-0.00122070
-0.00061035
-0.00091553
-0.00122070
-0.00091553
-0.00122070
-0.00091553
-0.00061035
-0.00061035
-0.00061035
-0.00061035
-0.00061035
-0.00061035
-0.00061035
-0.00122070
-0.00122070
-0.00061035
 0.00000000
 0.00000000
-0.00061035
-0.00061035
-0.00030518
 0.00000000
 0.00000000
 0.00000000
 0.00000000
-0.00030518
-0.00030518
-0.00030518
-0.00030518
-0.00061035
-0.00030518
 0.00000000
 0.00000000
 0.00030518
 0.00030518
 0.00061035
 0.00091553
 0.00091553
 0.00091553
 0.00091553
 0.00061035
 0.00030518
 0.00030518
 0.00030518
 0.00000000
-0.00030518
 0.00000000
-0.00030518
-0.00030518
-0.00030518
 0.00030518
 0.00061035
 0.00061035
 0.00091553
 0.00061035
 0.00061035
 0.00030518
 0.00091553
 0.00091553
 0.00061035
-0.00030518
-0.00061035
-0.00030518
-0.00030518
 0.00000000
 0.00030518
 0.00061035
 0.00122070
 0.00183105
 0.00213623
 0.00213623
 0.00213623
 0.00183105
 0.00183105
 0.00183105
 0.00091553
 0.00061035
 0.00030518
-0.00030518
-0.00061035
-0.00091553
-0.00091553
-0.00091553
-0.00030518
 0.00061035
 0.00091553
 0.00091553
 0.00122070
 0.00122070
 0.00152588
 0.00122070
 0.00091553
 0.00061035
 0.00000000
-0.00030518
-0.00030518
-0.00030518
-0.00061035
-0.00030518
-0.00030518
-0.00030518
-0.00030518
 0.00000000
 0.00030518
 0.00030518
 0.00061035
 0.00091553
 0.00061035
 0.00030518
-0.00061035
-0.00091553
-0.00152588
-0.00152588
-0.00152588
-0.00152588
-0.00213623
-0.00213623
-0.00183105
-0.00091553
-0.00091553
-0.00061035
-0.00061035
-0.00030518
 0.00000000
-0.00030518
-0.00091553
-0.00122070
-0.00152588
-0.00152588
-0.00152588
-0.00152588
-0.00183105
-0.00183105
-0.00183105
-0.00183105
-0.00152588
-0.00122070
-0.00091553
-0.00091553
-0.00061035
-0.00091553
-0.00091553
-0.00122070
-0.00122070
-0.00152588
-0.00122070
-0.00122070
-0.00183105
-0.00183105
-0.00152588
-0.00091553
-0.00061035
 0.00000000
 0.00030518
 0.00061035
 0.00030518
-0.00030518
-0.00061035
-0.00061035
-0.00061035
-0.00061035
-0.00061035
-0.00091553
-0.00091553
-0.00091553
-0.00122070
-0.00122070
-0.00091553
-0.00030518
 0.00030518
 0.00030518
 0.00061035
 0.00061035
 0.00091553
 0.00061035
 0.00000000
-0.00030518
-0.00061035
-0.00091553
-0.00122070
-0.00091553
-0.00061035
-0.00030518
 0.00000000
 0.00030518
 0.00091553
 0.00122070
 0.00122070
 0.00122070
 0.00122070
 0.00061035
 0.00030518
 0.00000000
-0.00030518
-0.00061035
-0.00061035
-0.00061035
-0.00030518
 0.00000000
 0.00030518
 0.00061035
 0.00091553
 0.00091553
 0.00091553
 0.00061035
 0.00061035
 0.00061035
 0.00061035
 0.00000000
-0.00030518
-0.00030518
-0.00030518
 0.00000000
 0.00000000
 0.00000000
 0.00000000
 0.00030518
 0.00030518
 0.00122070
 0.00183105
 0.00152588
 0.00091553
 0.00030518
 0.00030518
 0.00030518
 0.00030518
 0.00030518
-0.00030518
-0.00061035
-0.00061035
-0.00091553
-0.00061035
-0.00061035
-0.00061035
-0.00030518
-0.00030518
 0.00000000
 0.00030518
 0.00000000
-0.00030518
-0.00061035
-0.00061035
-0.00091553
-0.00091553
-0.00122070
-0.00122070
-0.00122070
-0.00122070
-0.00122070
-0.00091553
-0.00030518
 0.00000000
-0.00030518
-0.00030518
-0.00030518
-0.00030518
-0.00030518
-0.00061035
-0.00091553
-0.00122070
-0.00122070
-0.00091553
-0.00122070
-0.00152588
-0.00183105
-0.00183105
-0.00122070
-0.00030518
 0.00030518
 0.00030518
 0.00000000
 0.00000000
-0.00030518
-0.00061035
-0.00061035
-0.00030518
-0.00030518
-0.00061035
-0.00091553
-0.00152588
-0.00183105
-0.00183105
-0.00152588
-0.00091553
-0.00030518
 0.00030518
 0.00122070
 0.00152588
 0.00122070
 0.00061035
 0.00030518
 0.00000000
 0.00000000
-0.00030518
-0.00091553
-0.00122070
-0.00122070
-0.00091553
-0.00030518
-0.00030518
-0.00061035
-0.00091553
-0.00061035
 0.00030518
 0.00061035
 0.00061035
 0.00030518
 0.00000000
-0.00030518
-0.00030518
-0.00061035
-0.00122070
-0.00091553
-0.00061035
 0.00000000
 0.00000000
 0.00000000
-0.00030518
-0.00091553
-0.00122070
-0.00061035
 0.00000000
-0.00030518
-0.00061035
-0.00061035
-0.00061035
-0.00061035
-0.00030518
-0.00030518
-0.00030518
-0.00091553
-0.00091553
-0.00091553
-0.00091553
-0.00061035
-0.00030518
 0.00000000
 0.00000000
 0.00030518
 0.00030518
 0.00000000
-0.00061035
-0.00091553
-0.00061035
-0.00061035
-0.00061035
-0.00091553
-0.00091553
-0.00061035
-0.00061035
-0.00061035
-0.00061035
-0.00061035
-0.00091553
-0.00091553
-0.00091553
-0.00030518
-0.00030518
-0.00030518
-0.00061035
-0.00091553
-0.00091553
-0.00061035
-0.00030518
-0.00061035
-0.00091553
-0.00122070
-0.00122070
-0.00122070
-0.00091553
-0.00061035
 0.00000000
 0.00061035
 0.00091553
 0.00091553
 0.00061035
 0.00030518
 0.00030518
-0.00030518
-0.00091553
-0.00061035
 0.00000000
 0.00000000
 0.00000000
-0.00091553
-0.00183105
-0.00305176
-0.00396729
-0.00274658
-0.00091553
 0.00183105
 0.00335693
 0.00366211
 0.00305176
 0.00213623
 0.00091553
 0.00000000
 0.00000000
 0.00091553
 0.00091553
 0.00030518
-0.00061035
-0.00122070
-0.00152588
-0.00183105
-0.00183105
-0.00122070
 0.00061035
 0.00305176
 0.00518799
 0.00610352
 0.00579834
 0.00366211
 0.00122070
-0.00061035
-0.00244141
-0.00335693
-0.00274658
-0.00152588
-0.00061035
 0.00091553
 0.00244141
 0.00244141
 0.00183105
 0.00122070
 0.00091553
 0.00122070
 0.00152588
 0.00213623
 0.00213623
 0.00152588
 0.00030518
-0.00152588
-0.00274658
-0.00335693
-0.00274658
-0.00030518
 0.00305176
 0.00579834
 0.00610352
 0.00457764
 0.00213623
 0.00061035
-0.00061035
-0.00122070
-0.00122070
 0.00000000
 0.00061035
 0.00122070
 0.00122070
 0.00091553
 0.00030518
-0.00030518
-0.00061035
 0.00000000
 0.00122070
 0.00213623
 0.00244141
 0.00213623
 0.00152588
 0.00030518
-0.00091553
-0.00213623
-0.00244141
-0.00152588
-0.00030518
 0.00091553
 0.00152588
 0.00152588
 0.00122070
 0.00061035
 0.00030518
-0.00030518
-0.00030518
-0.00030518
 0.00000000
 0.00000000
 0.00000000
-0.00030518
-0.00152588
-0.00244141
-0.00335693
-0.00335693
-0.00274658
-0.00183105
-0.00061035
 0.00030518
 0.00091553
 0.00091553
 0.00030518
-0.00061035
-0.00122070
-0.00152588
-0.00152588
-0.00122070
-0.00091553
-0.00091553
-0.00152588
-0.00213623
-0.00244141
-0.00213623
-0.00152588
-0.00091553
-0.00030518
 0.00061035
 0.00061035
 0.00030518
-0.00030518
-0.00091553
-0.00122070
-0.00183105
-0.00244141
-0.00305176
-0.00305176
-0.00274658
-0.00244141
-0.00183105
-0.00183105
-0.00183105
-0.00152588
-0.00122070
-0.00122070
-0.00061035
 0.00000000
-0.00030518
-0.00122070
-0.00213623
-0.00274658
-0.00274658
-0.00213623
-0.00183105
-0.00183105
-0.00152588
-0.00122070
-0.00091553
-0.00061035
 0.00000000
 0.00030518
 0.00030518
 0.00000000
-0.00030518
-0.00061035
-0.00091553
-0.00152588
-0.00183105
-0.00213623
-0.00244141
-0.00244141
-0.00152588
-0.00152588
-0.00122070
-0.00091553
-0.00091553
-0.00030518
 0.00000000
 0.00030518
 0.00030518
 0.00030518
 0.00061035
 0.00000000
-0.00030518
-0.00061035
-0.00030518
 0.00000000
 0.00030518
 0.00030518
 0.00091553
 0.00122070
 0.00122070
 0.00091553
 0.00030518
 0.00000000
-0.00030518
-0.00091553
-0.00152588
-0.00152588
-0.00122070
-0.00061035
 0.00000000
 0.00091553
 0.00183105
 0.00213623
 0.00213623
 0.00152588
 0.00091553
 0.00030518
-0.00061035
-0.00152588
-0.00274658
-0.00305176
-0.00274658
-0.00183105
-0.00030518
 0.00122070
 0.00213623
 0.00274658
 0.00274658
 0.00274658
 0.00244141
 0.00091553
-0.00030518
-0.00152588
-0.00183105
-0.00183105
-0.00122070
-0.00122070
-0.00152588
-0.00122070
-0.00061035
-0.00061035
-0.00030518
 0.00061035
 0.00091553
 0.00091553
 0.00091553
 0.00091553
 0.00061035
 0.00061035
 0.00030518
-0.00030518
-0.00183105
-0.00305176
-0.00335693
-0.00305176
-0.00244141
-0.00152588
-0.00030518
 0.00091553
 0.00122070
 0.00122070
 0.00122070
 0.00122070
 0.00091553
 0.00030518
-0.00030518
-0.00061035
-0.00152588
-0.00213623
-0.00244141
-0.00274658
-0.00244141
-0.00152588
-0.00030518
 0.00091553
 0.00183105
 0.00213623
 0.00152588
 0.00061035
 0.00030518
 0.00030518
 0.00000000
-0.00061035
-0.00091553
-0.00152588
-0.00213623
-0.00244141
-0.00244141
-0.00244141
-0.00183105
-0.00061035
 0.00091553
 0.00122070
 0.00122070
 0.00152588
 0.00183105
 0.00213623
 0.00122070
 0.00030518
-0.00061035
-0.00152588
-0.00244141
-0.00274658
-0.00213623
-0.00122070
-0.00030518
 0.00061035
 0.00122070
 0.00152588
 0.00213623
 0.00274658
 0.00244141
 0.00183105
 0.00122070
 0.00091553
 0.00030518
-0.00061035
-0.00152588
-0.00183105
-0.00213623
-0.00152588
-0.00061035
-0.00030518
 0.00030518
 0.00061035
 0.00061035
 0.00061035
 0.00061035
 0.00061035
 0.00061035
 0.00030518
 0.00000000
-0.00061035
-0.00091553
-0.00122070
-0.00122070
-0.00091553
-0.00091553
-0.00061035
 0.00000000
 0.00030518
 0.00061035
 0.00091553
 0.00122070
 0.00122070
 0.00091553
 0.00030518
 0.00000000
-0.00030518
-0.00091553
-0.00122070
-0.00122070
-0.00091553
-0.00061035
-0.00030518
 0.00000000
 0.00061035
 0.00091553
 0.00122070
 0.00183105
 0.00183105
 0.00152588
 0.00091553
 0.00030518
-0.00030518
-0.00122070
-0.00183105
-0.00183105
-0.00122070
-0.00122070
-0.00061035
-0.00030518
 0.00000000
 0.00000000
 0.00030518
 0.00061035
 0.00061035
 0.00000000
 0.00000000
-0.00030518
-0.00030518
-0.00091553
-0.00091553
-0.00091553
-0.00122070
-0.00122070
-0.00061035
 0.00030518
 0.00030518
 0.00030518
 0.00091553
 0.00091553
 0.00030518
 0.00000000
-0.00030518
-0.00030518
-0.00030518
-0.00030518
-0.00030518
-0.00030518
-0.00030518
-0.00030518
-0.00030518
-0.00030518
-0.00030518
 0.00000000
 0.00030518
 0.00091553
 0.00091553
 0.00091553
 0.00061035
 0.00030518
-0.00030518
-0.00030518
 0.00030518
 0.00061035
 0.00122070
 0.00122070
 0.00122070
 0.00183105
 0.00213623
 0.00213623
 0.00213623
 0.00213623
 0.00122070
 0.00061035
 0.00030518
 0.00030518
 0.00000000
-0.00030518
-0.00030518
 0.00000000
 0.00000000
 0.00030518
 0.00091553
 0.00152588
 0.00183105
 0.00152588
 0.00122070
 0.00122070
 0.00183105
 0.00183105
 0.00091553
-0.00061035
-0.00030518
 0.00000000
-0.00030518
 0.00000000
 0.00030518
 0.00030518
 0.00030518
 0.00061035
 0.00091553
 0.00122070
 0.00122070
 0.00061035
 0.00000000
-0.00061035
-0.00061035
-0.00091553
-0.00122070
-0.00152588
-0.00091553
-0.00061035
-0.00030518
 0.00000000
 0.00000000
 0.00000000
 0.00030518
 0.00030518
 0.00000000
-0.00030518
-0.00091553
-0.00122070
-0.00152588
-0.00183105
-0.00152588
-0.00152588
-0.00152588
-0.00152588
-0.00091553
-0.00030518
 0.00000000
 0.00000000
 0.00000000
-0.00030518
-0.00030518
-0.00061035
-0.00061035
-0.00122070
-0.00183105
-0.00213623
-0.00152588
-0.00091553
-0.00091553
-0.00091553
-0.00061035
-0.00030518
-0.00030518
-0.00030518
 0.00000000
 0.00000000
 0.00030518
 0.00000000
-0.00061035
-0.00122070
-0.00152588
-0.00213623
-0.00244141
-0.00244141
-0.00244141
-0.00213623
-0.00152588
-0.00122070
-0.00091553
-0.00091553
-0.00061035
-0.00061035
-0.00061035
-0.00091553
-0.00091553
-0.00152588
-0.00183105
-0.00183105
-0.00183105
-0.00152588
-0.00091553
-0.00061035
 0.00000000
 0.00061035
 0.00091553
 0.00091553
 0.00091553
 0.00030518
-0.00030518
-0.00061035
-0.00091553
-0.00091553
-0.00152588
-0.00152588
-0.00183105
-0.00152588
-0.00061035
 0.00030518
 0.00061035
 0.00122070
 0.00122070
 0.00091553
 0.00030518
 0.00000000
 0.00000000
-0.00030518
-0.00061035
-0.00091553
-0.00091553
-0.00091553
-0.00061035
-0.00030518
 0.00000000
 0.00030518
 0.00030518
 0.00091553
 0.00091553
 0.00091553
 0.00091553
 0.00061035
 0.00000000
-0.00061035
-0.00061035
-0.00030518
-0.00030518
-0.00091553
-0.00122070
-0.00091553
-0.00030518
 0.00091553
 0.00152588
 0.00183105
 0.00152588
 0.00122070
 0.00091553
 0.00061035
 0.00000000
-0.00061035
-0.00061035
-0.00091553
-0.00122070
-0.00122070
-0.00091553
 0.00000000
 0.00030518
 0.00061035
 0.00061035
 0.00122070
 0.00183105
 0.00183105
 0.00122070
 0.00061035
 0.00000000
-0.00091553
-0.00122070
-0.00061035
-0.00030518
-0.00030518
-0.00030518
-0.00030518
 0.00000000
 0.00061035
 0.00122070
 0.00152588
 0.00183105
 0.00152588
 0.00122070
 0.00061035
-0.00030518
-0.00091553
-0.00091553
-0.00061035
-0.00061035
-0.00122070
-0.00122070
-0.00122070
-0.00030518
 0.00061035
 0.00122070
 0.00183105
 0.00183105
 0.00122070
 0.00061035
 0.00030518
 0.00030518
 0.00061035
 0.00061035
 0.00030518
-0.00030518
-0.00061035
-0.00030518
 0.00030518
 0.00091553
 0.00122070
 0.00152588
 0.00183105
 0.00213623
 0.00213623
 0.00152588
 0.00091553
 0.00000000
-0.00061035
-0.00091553
-0.00091553
-0.00091553
-0.00091553
-0.00091553
-0.00061035
-0.00030518
 0.00030518
 0.00091553
 0.00152588
 0.00183105
 0.00183105
 0.00122070
 0.00061035
 0.00030518
 0.00000000
-0.00061035
-0.00122070
-0.00152588
-0.00122070
-0.00152588
-0.00122070
-0.00091553
-0.00061035
-0.00030518
 0.00030518
 0.00091553
 0.00122070
 0.00091553
 0.00030518
 0.00000000
 0.00000000
 0.00030518
-0.00061035
-0.00122070
-0.00152588
-0.00183105
-0.00213623
-0.00152588
-0.00091553
-0.00030518
 0.00000000
 0.00061035
 0.00061035
 0.00061035
 0.00030518
-0.00030518
-0.00091553
-0.00152588
-0.00183105
-0.00152588
-0.00122070
-0.00152588
-0.00152588
-0.00122070
-0.00091553
-0.00030518
 0.00030518
 0.00061035
 0.00061035
 0.00061035
 0.00030518
 0.00061035
 0.00000000
-0.00091553
-0.00122070
-0.00152588
-0.00152588
-0.00152588
-0.00122070
-0.00122070
-0.00030518
 0.00030518
 0.00030518
 0.00030518
 0.00000000
-0.00030518
-0.00030518
-0.00061035
-0.00091553
-0.00091553
-0.00091553
-0.00122070
-0.00091553
-0.00091553
-0.00091553
-0.00061035
 0.00030518
 0.00061035
 0.00061035
 0.00091553
 0.00122070
 0.00091553
 0.00091553
 0.00122070
 0.00091553
 0.00091553
 0.00061035
 0.00000000
 0.00000000
-0.00030518
 0.00000000
 0.00030518
 0.00030518
 0.00030518
 0.00030518
 0.00061035
 0.00091553
 0.00061035
 0.00030518
 0.00061035
 0.00091553
 0.00091553
 0.00061035
 0.00030518
 0.00000000
 0.00030518
 0.00061035
 0.00030518
 0.00030518
 0.00061035
 0.00122070
 0.00152588
 0.00152588
 0.00183105
 0.00183105
 0.00183105
 0.00152588
 0.00091553
 0.00091553
 0.00091553
 0.00061035
 0.00000000
 0.00000000
-0.00030518
 0.00000000
 0.00091553
 0.00091553
 0.00091553
 0.00030518
 0.00061035
 0.00122070
 0.00122070
 0.00122070
 0.00091553
 0.00061035
 0.00061035
 0.00000000
 0.00000000
 0.00061035
 0.00122070
 0.00183105
 0.00183105
 0.00152588
 0.00091553
 0.00061035
 0.00030518
 0.00000000
-0.00030518
-0.00030518
 0.00000000
 0.00030518
 0.00030518
 0.00000000
 0.00000000
 0.00000000
 0.00030518
 0.00030518
 0.00061035
 0.00091553
 0.00091553
 0.00091553
 0.00030518
 0.00000000
-0.00061035
-0.00091553
-0.00122070
-0.00061035
-0.00030518
-0.00091553
-0.00091553
-0.00091553
-0.00061035
-0.00030518
 0.00030518
 0.00091553
 0.00091553
 0.00061035
 0.00030518
-0.00030518
-0.00061035
-0.00091553
-0.00122070
-0.00152588
-0.00152588
-0.00152588
-0.00122070
-0.00091553
-0.00061035
-0.00030518
 0.00030518
 0.00061035
 0.00061035
 0.00061035
 0.00030518
 0.00000000
-0.00030518
-0.00122070
-0.00213623
-0.00213623
-0.00183105
-0.00091553
-0.00091553
-0.00122070
-0.00091553
-0.00061035
 0.00030518
 0.00091553
 0.00122070
 0.00091553
 0.00091553
 0.00061035
 0.00061035
 0.00030518
-0.00030518
-0.00061035
-0.00122070
-0.00152588
-0.00122070
-0.00122070
-0.00122070
-0.00061035
-0.00030518
 0.00030518
 0.00030518
 0.00000000
-0.00030518
 0.00000000
 0.00000000
 0.00000000
-0.00030518
-0.00061035
-0.00091553
-0.00091553
-0.00122070
-0.00091553
-0.00030518
 0.00030518
 0.00061035
 0.00061035
 0.00061035
 0.00061035
 0.00061035
 0.00061035
 0.00061035
 0.00061035
 0.00030518
 0.00000000
-0.00030518
-0.00061035
-0.00091553
-0.00030518
-0.00030518
-0.00061035
-0.00061035
 0.00000000
 0.00030518
 0.00091553
 0.00122070
 0.00152588
 0.00122070
 0.00030518
-0.00030518
-0.00030518
-0.00030518
-0.00061035
-0.00091553
-0.00061035
-0.00030518
 0.00000000
 0.00061035
 0.00061035
 0.00091553
 0.00122070
 0.00152588
 0.00152588
 0.00152588
 0.00152588
 0.00061035
-0.00061035
-0.00091553
-0.00091553
-0.00061035
-0.00030518
-0.00030518
-0.00030518
 0.00000000
 0.00030518
 0.00061035
 0.00091553
 0.00091553
 0.00061035
 0.00030518
 0.00030518
-0.00030518
-0.00091553
-0.00122070
-0.00091553
-0.00061035
-0.00030518
-0.00061035
-0.00061035
-0.00030518
 0.00061035
 0.00122070
 0.00152588
 0.00091553
 0.00061035
 0.00061035
 0.00061035
 0.00000000
-0.00030518
-0.00061035
-0.00061035
-0.00061035
-0.00061035
-0.00061035
-0.00030518
-0.00030518
 0.00030518
 0.00091553
 0.00122070
 0.00091553
 0.00061035
 0.00061035
 0.00030518
 0.00000000
-0.00061035
-0.00061035
-0.00061035
-0.00122070
-0.00091553
-0.00061035
-0.00030518
 0.00000000
 0.00030518
 0.00030518
 0.00061035
 0.00091553
 0.00122070
 0.00091553
 0.00091553
 0.00091553
 0.00091553
 0.00030518
 0.00000000
-0.00030518
-0.00030518
-0.00030518
 0.00000000
 0.00030518
 0.00061035
 0.00091553
 0.00122070
 0.00061035
 0.00030518
 0.00030518
 0.00030518
 0.00091553
 0.00091553
 0.00030518
 0.00030518
 0.00030518
 0.00030518
 0.00000000
 0.00000000
 0.00000000
 0.00061035
 0.00091553
 0.00091553
 0.00061035
 0.00000000
 0.00030518
 0.00030518
 0.00061035
 0.00030518
 0.00000000
-0.00030518
 0.00030518
 0.00061035
 0.00030518
 0.00030518
 0.00030518
 0.00061035
 0.00091553
 0.00091553
 0.00091553
 0.00061035
 0.00030518
 0.00030518
 0.00000000
-0.00030518
-0.00061035
-0.00061035
-0.00061035
-0.00061035
-0.00061035
-0.00061035
 0.00000000
 0.00061035
 0.00091553
 0.00030518
 0.00030518
 0.00061035
 0.00122070
 0.00091553
 0.00061035
 0.00000000
-0.00030518
-0.00061035
-0.00091553
-0.00152588
-0.00152588
-0.00061035
-0.00030518
-0.00061035
-0.00061035
-0.00030518
 0.00061035
 0.00061035
 0.00061035
 0.00061035
 0.00061035
 0.00091553
 0.00030518
-0.00030518
-0.00030518
-0.00061035
-0.00091553
-0.00122070
-0.00091553
-0.00061035
-0.00091553
-0.00091553
-0.00030518
 0.00000000
 0.00000000
 0.00000000
 0.00000000
 0.00030518
 0.00061035
 0.00061035
 0.00000000
-0.00061035
-0.00091553
-0.00061035
-0.00061035
-0.00061035
-0.00030518
 0.00000000
 0.00061035
 0.00061035
 0.00030518
 0.00030518
 0.00061035
 0.00122070
 0.00122070
 0.00091553
 0.00030518
 0.00000000
 0.00000000
 0.00000000
 0.00030518
 0.00030518
-0.00030518
-0.00030518
-0.00030518
-0.00030518
-0.00030518
 0.00000000
 0.00000000
 0.00030518
 0.00061035
 0.00000000
 0.00030518
 0.00061035
 0.00091553
 0.00061035
 0.00000000
 0.00030518
 0.00061035
 0.00061035
 0.00030518
-0.00030518
-0.00030518
 0.00030518
 0.00091553
 0.00091553
 0.00122070
 0.00122070
 0.00122070
 0.00122070
 0.00091553
 0.00122070
 0.00061035
 0.00000000
 0.00030518
 0.00061035
 0.00061035
 0.00000000
-0.00030518
 0.00030518
 0.00091553
 0.00091553
 0.00091553
 0.00091553
 0.00061035
 0.00061035
 0.00030518
 0.00000000
 0.00030518
 0.00061035
 0.00030518
 0.00030518
 0.00030518
 0.00030518
 0.00030518
 0.00030518
 0.00061035
 0.00091553
 0.00091553
 0.00061035
 0.00061035
 0.00061035
 0.00030518
 0.00061035
 0.00061035
 0.00061035
 0.00061035
 0.00061035
 0.00091553
 0.00030518
 0.00000000
-0.00030518
-0.00030518
-0.00030518
-0.00030518
 0.00030518
 0.00061035
 0.00030518
 0.00061035
 0.00030518
 0.00000000
 0.00000000
 0.00000000
 0.00061035
 0.00030518
-0.00061035
-0.00061035
-0.00030518
 0.00000000
 0.00030518
 0.00000000
 0.00000000
 0.00030518
 0.00000000
 0.00000000
 0.00000000
 0.00030518
 0.00030518
 0.00030518
-0.00030518
-0.00061035
-0.00061035
-0.00061035
-0.00030518
 0.00030518
 0.00000000
-0.00061035
-0.00061035
-0.00061035
-0.00091553
-0.00061035
-0.00030518
-0.00030518
 0.00000000
-0.00030518
-0.00030518
-0.00030518
-0.00030518
-0.00061035
-0.00061035
-0.00030518
 0.00000000
 0.00000000
 0.00000000
 0.00030518
 0.00061035
 0.00091553
 0.00061035
 0.00061035
 0.00000000
 0.00000000
-0.00030518
-0.00061035
-0.00091553
-0.00091553
-0.00091553
-0.00122070
-0.00122070
-0.00091553
-0.00061035
-0.00061035
-0.00061035
-0.00061035
-0.00030518
-0.00030518
-0.00030518
-0.00030518
-0.00030518
-0.00030518
-0.00061035
-0.00091553
-0.00091553
-0.00091553
-0.00122070
-0.00122070
-0.00122070
-0.00091553
-0.00061035
-0.00030518
-0.00030518
-0.00061035
-0.00091553
-0.00091553
-0.00061035
-0.00030518
-0.00061035
-0.00091553
-0.00091553
-0.00061035
-0.00061035
-0.00091553
-0.00091553
-0.00030518
 0.00000000
 0.00030518
 0.00030518
 0.00061035
 0.00061035
 0.00030518
 0.00000000
 0.00000000
 0.00030518
 0.00000000
-0.00030518
-0.00030518
 0.00000000
 0.00000000
 0.00000000
 0.00000000
 0.00030518
 0.00061035
 0.00030518
 0.00030518
 0.00030518
 0.00030518
 0.00030518
 0.00030518
 0.00030518
 0.00000000
-0.00030518
-0.00030518
-0.00030518
 0.00000000
 0.00030518
 0.00030518
 0.00061035
 0.00030518
 0.00061035
 0.00091553
 0.00122070
 0.00061035
 0.00061035
 0.00061035
 0.00061035
 0.00091553
 0.00061035
 0.00091553
 0.00061035
 0.00030518
 0.00061035
 0.00091553
 0.00091553
 0.00091553
 0.00091553
 0.00091553
 0.00091553
 0.00091553
 0.00061035
 0.00061035
 0.00061035
 0.00091553
 0.00152588
 0.00152588
 0.00122070
 0.00122070
 0.00061035
 0.00061035
 0.00061035
 0.00061035
 0.00091553
 0.00122070
 0.00091553
 0.00061035
 0.00030518
 0.00061035
 0.00091553
 0.00091553
 0.00061035
 0.00091553
 0.00122070
 0.00061035
 0.00061035
 0.00091553
 0.00091553
 0.00091553
 0.00061035
 0.00061035
 0.00061035
 0.00091553
 0.00091553
 0.00061035
 0.00061035
 0.00091553
 0.00061035
 0.00061035
 0.00030518
 0.00030518
 0.00030518
 0.00030518
 0.00030518
 0.00000000
-0.00030518
 0.00000000
 0.00030518
 0.00000000
-0.00030518
-0.00030518
-0.00061035
-0.00061035
-0.00091553
-0.00030518
 0.00000000
 0.00000000
-0.00030518
-0.00061035
-0.00061035
-0.00061035
-0.00061035
-0.00030518
-0.00030518
-0.00061035
-0.00061035
-0.00061035
 0.00000000
 0.00000000
 0.00000000
-0.00030518
 0.00000000
 0.00000000
 0.00000000
 0.00030518
 0.00091553
 0.00030518
 0.00000000
 0.00000000
 0.00000000
 0.00000000
-0.00030518
-0.00061035
-0.00061035
-0.00061035
-0.00030518
 0.00000000
 0.00030518
 0.00061035
 0.00091553
 0.00030518
 0.00000000
 0.00000000
 0.00000000
 0.00000000
-0.00030518
-0.00061035
-0.00061035
-0.00061035
-0.00030518
-0.00030518
 0.00000000
 0.00091553
 0.00122070
 0.00122070
 0.00122070
 0.00122070
 0.00091553
 0.00061035
-0.00030518
-0.00030518
-0.00030518
-0.00030518
-0.00030518
-0.00030518
 0.00000000
 0.00000000
 0.00000000
 0.00000000
 0.00000000
 0.00000000
 0.00000000
 0.00000000
 0.00030518
 0.00061035
 0.00091553
 0.00091553
 0.00030518
 0.00030518
 0.00000000
 0.00000000
 0.00000000
 0.00000000
 0.00061035
 0.00061035
 0.00030518
 0.00000000
 0.00030518
 0.00030518
 0.00030518
 0.00091553
 0.00091553
 0.00030518
-0.00061035
-0.00061035
-0.00091553
-0.00061035
-0.00030518
 0.00030518
 0.00030518
 0.00000000
 0.00000000
 0.00000000
 0.00000000
 0.00061035
 0.00091553
 0.00091553
 0.00061035
 0.00061035
 0.00061035
 0.00030518
 0.00000000
-0.00030518
-0.00030518
-0.00030518
 0.00030518
 0.00061035
 0.00061035
 0.00030518
 0.00061035
 0.00061035
 0.00061035
 0.00091553
 0.00091553
 0.00061035
 0.00030518
 0.00000000
-0.00030518
-0.00061035
-0.00061035
-0.00061035
-0.00061035
-0.00030518
 0.00030518
 0.00030518
 0.00030518
 0.00030518
 0.00030518
 0.00061035
 0.00061035
 0.00091553
 0.00091553
 0.00061035
 0.00030518
 0.00030518
 0.00000000
 0.00000000
 0.00000000
-0.00030518
-0.00030518
 0.00000000
 0.00030518
 0.00030518
 0.00030518
 0.00000000
 0.00000000
 0.00030518
 0.00030518
 0.00030518
 0.00000000
 0.00000000
-0.00030518
 0.00000000
 0.00061035
 0.00061035
 0.00030518
 0.00030518
 0.00061035
 0.00061035
 0.00061035
 0.00061035
 0.00061035
 0.00061035
 0.00000000
-0.00030518
-0.00030518
 0.00000000
-0.00030518
 0.00000000
 0.00030518
 0.00061035
 0.00000000
-0.00030518
-0.00030518
 0.00000000
-0.00030518
-0.00061035
-0.00030518
-0.00030518
-0.00061035
-0.00061035
-0.00030518
-0.00030518
-0.00061035
-0.00091553
-0.00061035
-0.00030518
 0.00000000
 0.00000000
 0.00000000
-0.00030518
-0.00030518
-0.00030518
-0.00030518
-0.00061035
-0.00061035
-0.00061035
-0.00061035
-0.00091553
-0.00061035
 0.00000000
 0.00030518
 0.00030518
 0.00061035
 0.00061035
 0.00030518
 0.00030518
 0.00000000
 0.00000000
-0.00030518
-0.00030518
-0.00061035
-0.00061035
-0.00091553
-0.00091553
-0.00061035
-0.00030518
-0.00061035
-0.00091553
-0.00061035
-0.00030518
 0.00000000
 0.00030518
 0.00000000
-0.00030518
-0.00061035
-0.00030518
 0.00000000
 0.00030518
 0.00030518
 0.00030518
 0.00030518
 0.00030518
 0.00030518
 0.00061035
 0.00122070
 0.00122070
 0.00091553
 0.00091553
 0.00061035
 0.00030518
 0.00030518
 0.00000000
-0.00030518
-0.00030518
 0.00000000
 0.00030518
 0.00061035
 0.00030518
 0.00061035
 0.00091553
 0.00122070
 0.00122070
 0.00122070
 0.00122070
 0.00091553
 0.00061035
 0.00061035
 0.00061035
 0.00091553
 0.00091553
 0.00091553
 0.00030518
 0.00061035
 0.00091553
 0.00152588
 0.00152588
 0.00152588
 0.00152588
 0.00152588
 0.00152588
 0.00091553
 0.00030518
 0.00030518
 0.00000000
 0.00030518
 0.00061035
 0.00030518
 0.00030518
 0.00030518
 0.00061035
 0.00061035
 0.00091553
 0.00091553
 0.00122070
 0.00152588
 0.00183105
 0.00122070
 0.00091553
 0.00061035
 0.00091553
 0.00091553
 0.00030518
-0.00030518
 0.00000000
 0.00030518
 0.00030518
 0.00030518
 0.00061035
 0.00091553
 0.00061035
 0.00030518
 0.00030518
 0.00030518
 0.00000000
-0.00030518
-0.00030518
-0.00061035
-0.00061035
-0.00061035
-0.00030518
-0.00030518
 0.00000000
 0.00000000
 0.00000000
 0.00061035
 0.00061035
 0.00091553
 0.00061035
 0.00061035
 0.00061035
 0.00000000
-0.00030518
-0.00030518
 0.00000000
 0.00030518
 0.00030518
-0.00030518
 0.00000000
 0.00061035
 0.00091553
 0.00061035
 0.00000000
 0.00030518
 0.00091553
 0.00091553
 0.00061035
 0.00000000
-0.00030518
-0.00030518
 0.00030518
 0.00030518
-0.00030518
 0.00000000
 0.00030518
 0.00061035
 0.00061035
 0.00030518
 0.00061035
 0.00091553
 0.00091553
 0.00061035
 0.00030518
 0.00000000
 0.00030518
 0.00030518
 0.00030518
-0.00030518
-0.00061035
-0.00061035
-0.00061035
 0.00000000
 0.00061035
 0.00091553
 0.00091553
 0.00091553
 0.00122070
 0.00091553
 0.00061035
 0.00030518
 0.00000000
 0.00030518
 0.00061035
 0.00091553
 0.00061035
 0.00000000
 0.00000000
 0.00030518
 0.00030518
 0.00061035
 0.00091553
 0.00152588
 0.00152588
 0.00122070
 0.00091553
 0.00030518
 0.00000000
-0.00030518
-0.00030518
-0.00061035
-0.00091553
-0.00061035
-0.00061035
 0.00000000
 0.00030518
 0.00030518
 0.00030518
 0.00061035
 0.00122070
 0.00122070
 0.00091553
 0.00091553
 0.00091553
 0.00061035
 0.00030518
 0.00000000
 0.00030518
 0.00030518
 0.00061035
 0.00030518
 0.00030518
 0.00030518
 0.00030518
 0.00030518
 0.00061035
 0.00030518
 0.00000000
-0.00030518
-0.00030518
-0.00030518
-0.00061035
-0.00091553
-0.00091553
-0.00122070
-0.00122070
-0.00091553
-0.00030518
-0.00030518
-0.00030518
 0.00000000
 0.00030518
 0.00000000
 0.00000000
-0.00030518
-0.00030518
-0.00061035
-0.00030518
-0.00061035
-0.00061035
-0.00030518
-0.00030518
-0.00061035
-0.00061035
-0.00030518
-0.00061035
-0.00061035
-0.00030518
-0.00030518
 0.00000000
-0.00030518
-0.00030518
-0.00030518
-0.00061035
-0.00061035
-0.00030518
-0.00030518
-0.00030518
 0.00000000
 0.00061035
 0.00061035
 0.00091553
 0.00030518
 0.00030518
 0.00061035
 0.00061035
 0.00061035
 0.00061035
 0.00030518
 0.00030518
 0.00000000
 0.00000000
 0.00000000
 0.00030518
 0.00061035
 0.00061035
 0.00061035
 0.00091553
 0.00122070
 0.00152588
 0.00122070
 0.00061035
 0.00030518
 0.00061035
 0.00061035
 0.00030518
 0.00030518
 0.00061035
 0.00061035
 0.00061035
 0.00030518
 0.00000000
 0.00000000
 0.00061035
 0.00061035
 0.00061035
 0.00061035
 0.00061035
 0.00030518
 0.00000000
 0.00000000
 0.00000000
 0.00030518
 0.00030518
 0.00030518
 0.00030518
 0.00061035
 0.00030518
 0.00061035
 0.00091553
 0.00122070
 0.00061035
 0.00061035
 0.00061035
 0.00091553
 0.00091553
 0.00091553
 0.00091553
 0.00061035
