-0.00030518
-0.00030518
-0.00030518
-0.00030518
 0.00000000
 0.00030518
 0.00030518
-0.00030518
-0.00030518
 0.00000000
 0.00000000
-0.00030518
-0.00030518
-0.00030518
-0.00061035
-0.00091553
-0.00091553
-0.00091553
-0.00061035
-0.00030518
-0.00030518
-0.00030518
-0.00091553
-0.00030518
-0.00030518
 0.00000000
-0.00061035
-0.00091553
-0.00061035
-0.00030518
 0.00030518
 0.00000000
-0.00030518
-0.00091553
-0.00061035
-0.00030518
-0.00030518
-0.00030518
-0.00030518
 0.00030518
 0.00030518
 0.00000000
-0.00030518
-0.00030518
-0.00030518
-0.00030518
-0.00030518
 0.00000000
-0.00030518
-0.00061035
-0.00061035
-0.00061035
-0.00061035
-0.00061035
-0.00091553
-0.00122070
-0.00091553
-0.00091553
-0.00061035
-0.00091553
-0.00061035
-0.00030518
 0.00000000
 0.00030518
-0.00030518
-0.00061035
-0.00091553
-0.00091553
-0.00091553
-0.00091553
-0.00030518
-0.00030518
-0.00091553
-0.00122070
-0.00122070
-0.00091553
-0.00030518
 0.00000000
 0.00000000
-0.00030518
-0.00030518
-0.00061035
-0.00091553
-0.00122070
-0.00091553
-0.00061035
-0.00061035
-0.00030518
-0.00030518
 0.00000000
 0.00000000
-0.00030518
-0.00030518
-0.00061035
-0.00061035
-0.00030518
 0.00152588
 0.02410889
 0.11108398
 0.29357910
 0.44738770
 0.35064697
 0.10681152
-0.02990723
 0.05950928
 0.29144287
 0.49377441
 0.38757324
 0.09124756
-0.15380859
-0.38879395
-0.44982910
-0.38513184
-0.30212402
-0.24078369
-0.17242432
-0.09704590
-0.04058838
 0.00488281
 0.03234863
-0.00640869
-0.09918213
-0.12237549
-0.04302979
 0.05767822
 0.10528564
 0.06408691
-0.06042480
-0.16387939
-0.18798828
-0.20721436
-0.23651123
-0.22277832
-0.18859863
-0.17608643
-0.12786865
 0.02777100
 0.23254395
 0.39520264
 0.34698486
 0.27404785
 0.10131836
-0.10772705
-0.18066406
-0.10772705
-0.01739502
-0.01892090
-0.06927490
-0.10314941
-0.11108398
-0.10284424
-0.05401611
 0.03723145
 0.12390137
 0.17974854
 0.21484375
 0.22674561
 0.19531250
 0.10803223
-0.01892090
-0.13244629
-0.19744873
-0.22216797
-0.21514893
-0.15686035
-0.05920410
 0.00854492
 0.02929688
 0.05828857
 0.11108398
 0.13427734
 0.05401611
-0.07232666
-0.15472412
-0.19134521
-0.18524170
-0.12329102
-0.03875732
 0.00976563
 0.00274658
-0.06103516
-0.12298584
-0.10284424
-0.01892090
 0.07232666
 0.14038086
 0.18249512
 0.19195557
 0.15747070
 0.12298584
 0.11322021
 0.07751465
-0.01403809
-0.08789063
-0.09582520
-0.07324219
-0.03326416
 0.03692627
 0.11901855
 0.16693115
 0.18157959
 0.19317627
 0.22216797
 0.22979736
 0.17150879
 0.08850098
 0.03845215
 0.01464844
 0.00732422
 0.01678467
 0.02014160
-0.01373291
-0.05798340
-0.04425049
 0.01861572
 0.08575439
 0.12634277
 0.13671875
 0.10620117
 0.02868652
-0.06408691
-0.11138916
-0.10162354
-0.06408691
-0.02532959
 0.00671387
 0.02685547
 0.01556396
-0.01556396
-0.01617432
 0.01403809
 0.03784180
 0.02502441
-0.02349854
-0.05462646
-0.06347656
-0.07934570
-0.10375977
-0.10955811
-0.09124756
-0.06408691
-0.02990723
 0.01312256
 0.05828857
 0.09216309
 0.10803223
 0.11047363
 0.09857178
 0.06164551
 0.01312256
-0.01953125
-0.03509521
-0.04699707
-0.05676270
-0.05798340
-0.05126953
-0.04089355
-0.02258301
 0.00610352
 0.03448486
 0.05218506
 0.06256104
 0.07049561
 0.06439209
 0.03326416
-0.00976563
-0.05249023
-0.09521484
-0.12329102
-0.11566162
-0.08087158
-0.03906250
 0.00030518
 0.03173828
 0.04150391
 0.01922607
-0.01312256
-0.02685547
-0.02166748
-0.01281738
-0.01342773
-0.02655029
-0.03845215
-0.03845215
-0.03021240
-0.02288818
-0.02563477
-0.03814697
-0.04913330
-0.05096436
-0.04180908
-0.02014160
 0.00732422
 0.02227783
 0.01129150
-0.00854492
-0.01770020
-0.02593994
-0.03753662
-0.03936768
-0.03143311
-0.03326416
-0.04882813
-0.05279541
-0.03265381
-0.00671387
 0.00762939
 0.00579834
 0.00244141
 0.00762939
 0.01220703
 0.01373291
 0.01434326
 0.00518799
-0.01770020
-0.03601074
-0.03479004
-0.02716064
-0.02807617
-0.03143311
-0.02288818
-0.00396729
 0.01586914
 0.03448486
 0.05096436
 0.05920410
 0.05279541
 0.04150391
 0.03631592
 0.03112793
 0.01800537
 0.00732422
 0.00823975
 0.01190186
 0.01068115
 0.01007080
 0.01892090
 0.03082275
 0.03845215
 0.04486084
 0.05432129
 0.06347656
 0.06591797
 0.06347656
 0.06195068
 0.06347656
 0.06500244
 0.06530762
 0.06500244
 0.06317139
 0.05462646
 0.03814697
 0.01434326
-0.01007080
-0.03051758
-0.04150391
-0.04150391
-0.03387451
-0.02380371
-0.01464844
-0.00671387
-0.00183105
-0.00427246
-0.01831055
-0.03906250
-0.05523682
-0.06011963
-0.05462646
-0.04516602
-0.03814697
-0.03662109
-0.04058838
-0.04302979
-0.03814697
-0.02624512
-0.01373291
-0.00701904
-0.00762939
-0.01007080
-0.00885010
-0.00244141
 0.00762939
 0.01708984
 0.01983643
 0.01281738
 0.00213623
-0.00488281
-0.00701904
-0.00579834
-0.00244141
 0.00366211
 0.01068115
 0.01708984
 0.02288818
 0.02807617
 0.02960205
 0.02563477
 0.02075195
 0.02105713
 0.02593994
 0.03265381
 0.03875732
 0.04272461
 0.04119873
 0.03356934
 0.02288818
 0.01403809
 0.00885010
 0.00579834
 0.00274658
-0.00305176
-0.01129150
-0.01708984
-0.01770020
-0.01617432
-0.01556396
-0.01647949
-0.01953125
-0.02410889
-0.02960205
-0.03570557
-0.04272461
-0.05187988
-0.06195068
-0.06530762
-0.06011963
-0.05065918
-0.04241943
-0.03692627
-0.03265381
-0.03051758
-0.03112793
-0.03295898
-0.03387451
-0.03540039
-0.03875732
-0.04211426
-0.04302979
-0.03997803
-0.03417969
-0.02685547
-0.01922607
-0.01281738
-0.00823975
-0.00335693
 0.00305176
 0.01007080
 0.01617432
 0.02014160
 0.02288818
 0.02746582
 0.03356934
 0.03906250
 0.04241943
 0.04028320
 0.03387451
 0.02593994
 0.01861572
 0.01312256
 0.01007080
 0.01037598
 0.01403809
 0.02044678
 0.02746582
 0.03601074
 0.04577637
 0.05279541
 0.05218506
 0.04302979
 0.02990723
 0.01678467
 0.00488281
-0.00640869
-0.01556396
-0.02227783
-0.02655029
-0.02655029
-0.02227783
-0.01525879
-0.00885010
-0.00640869
-0.00762939
-0.01190186
-0.01800537
-0.02410889
-0.02899170
-0.03234863
-0.03448486
-0.03540039
-0.03387451
-0.02838135
-0.01983643
-0.01007080
-0.00244141
 0.00122070
 0.00274658
 0.00244141
 0.00366211
 0.00701904
 0.01159668
 0.01434326
 0.01342773
 0.00946045
 0.00457764
 0.00122070
-0.00122070
-0.00152588
 0.00030518
 0.00366211
 0.00885010
 0.01617432
 0.02380371
 0.03051758
 0.03387451
 0.03326416
 0.03021240
 0.02593994
 0.02166748
 0.01892090
 0.01770020
 0.01617432
 0.01373291
 0.01129150
 0.00976563
 0.00915527
 0.00915527
 0.00854492
 0.00793457
 0.00579834
 0.00152588
-0.00457764
-0.00976563
-0.01373291
-0.01678467
-0.01831055
-0.01800537
-0.01708984
-0.01647949
-0.01617432
-0.01464844
-0.01129150
-0.00762939
-0.00549316
-0.00396729
-0.00213623
 0.00000000
 0.00152588
 0.00244141
 0.00305176
 0.00335693
 0.00335693
 0.00305176
 0.00305176
 0.00305176
 0.00335693
 0.00427246
 0.00732422
 0.01159668
 0.01617432
 0.02136230
 0.02563477
 0.02807617
 0.02777100
 0.02349854
 0.01678467
 0.01037598
 0.00518799
 0.00244141
 0.00122070
 0.00091553
 0.00061035
 0.00000000
-0.00091553
-0.00244141
-0.00366211
-0.00366211
-0.00335693
-0.00427246
-0.00640869
-0.00915527
-0.01098633
-0.01098633
-0.00976563
-0.00793457
-0.00579834
-0.00396729
-0.00183105
 0.00061035
 0.00274658
 0.00427246
 0.00579834
 0.00701904
 0.00823975
 0.01007080
 0.01251221
 0.01434326
 0.01403809
 0.01312256
 0.01190186
 0.01098633
 0.01098633
 0.01281738
 0.01525879
 0.01647949
 0.01617432
 0.01495361
 0.01342773
 0.01251221
 0.01220703
 0.01190186
 0.01068115
 0.00762939
 0.00274658
-0.00244141
-0.00762939
-0.01159668
-0.01464844
-0.01586914
-0.01403809
-0.01007080
-0.00457764
 0.00000000
 0.00335693
 0.00518799
 0.00549316
 0.00396729
 0.00152588
-0.00152588
-0.00671387
-0.01281738
-0.01922607
-0.02441406
-0.02685547
-0.02746582
-0.02563477
-0.02227783
-0.01739502
-0.01220703
-0.00732422
-0.00305176
 0.00000000
 0.00213623
 0.00366211
 0.00427246
 0.00366211
 0.00152588
-0.00152588
-0.00427246
-0.00610352
-0.00579834
-0.00366211
 0.00061035
 0.00579834
 0.01190186
 0.01708984
 0.02075195
 0.02197266
 0.02136230
 0.01922607
 0.01617432
 0.01159668
 0.00701904
 0.00213623
-0.00152588
-0.00274658
-0.00213623
 0.00152588
 0.00640869
 0.01098633
 0.01495361
 0.01861572
 0.02166748
 0.02380371
 0.02380371
 0.02227783
 0.01983643
 0.01770020
 0.01525879
 0.01159668
 0.00640869
 0.00061035
-0.00518799
-0.00915527
-0.01068115
-0.00976563
-0.00701904
-0.00396729
-0.00213623
-0.00183105
-0.00305176
-0.00549316
-0.00885010
-0.01312256
-0.01770020
-0.02197266
-0.02624512
-0.02960205
-0.03021240
-0.02807617
-0.02471924
-0.02044678
-0.01617432
-0.01251221
-0.00854492
-0.00488281
-0.00122070
 0.00183105
 0.00396729
 0.00549316
 0.00579834
 0.00549316
 0.00579834
 0.00549316
 0.00457764
 0.00305176
 0.00213623
 0.00183105
 0.00244141
 0.00427246
 0.00640869
 0.00823975
 0.00915527
 0.00946045
 0.00885010
 0.00762939
 0.00549316
 0.00305176
 0.00000000
-0.00305176
-0.00579834
-0.00823975
-0.01007080
-0.01098633
-0.01159668
-0.01251221
-0.01342773
-0.01434326
-0.01525879
-0.01708984
-0.01861572
-0.02014160
-0.02258301
-0.02471924
-0.02624512
-0.02716064
-0.02777100
-0.02960205
-0.03234863
-0.03540039
-0.03875732
-0.04150391
-0.04364014
-0.04394531
-0.04333496
-0.04241943
-0.04089355
-0.03875732
-0.03631592
-0.03356934
-0.02960205
-0.02471924
-0.01953125
-0.01403809
-0.00946045
-0.00579834
-0.00274658
-0.00061035
 0.00061035
 0.00213623
 0.00335693
 0.00396729
 0.00366211
 0.00427246
 0.00518799
 0.00671387
 0.00976563
 0.01312256
 0.01647949
 0.01861572
 0.02014160
 0.02044678
 0.01953125
 0.01831055
 0.01678467
 0.01525879
 0.01434326
 0.01373291
 0.01373291
 0.01464844
 0.01586914
 0.01739502
 0.01861572
 0.02075195
 0.02227783
 0.02319336
 0.02288818
 0.02197266
 0.02105713
 0.01953125
 0.01770020
 0.01556396
 0.01373291
 0.01251221
 0.01190186
 0.01220703
 0.01312256
 0.01434326
 0.01586914
 0.01800537
 0.02014160
 0.02166748
 0.02288818
 0.02288818
 0.02166748
 0.01861572
 0.01495361
 0.01190186
 0.00946045
 0.00701904
 0.00549316
 0.00518799
 0.00701904
 0.00976563
 0.01281738
 0.01556396
 0.01770020
 0.01922607
 0.02044678
 0.02105713
 0.02166748
 0.02166748
 0.02105713
 0.02014160
 0.01800537
 0.01495361
 0.01251221
 0.01098633
 0.01068115
 0.01068115
 0.01098633
 0.01159668
 0.01159668
 0.01098633
 0.01037598
 0.00885010
 0.00793457
 0.00610352
 0.00366211
 0.00122070
-0.00183105
-0.00488281
-0.00823975
-0.01098633
-0.01312256
-0.01495361
-0.01678467
-0.01739502
-0.01770020
-0.01800537
-0.01831055
-0.01831055
-0.01770020
-0.01708984
-0.01678467
-0.01617432
-0.01525879
-0.01495361
-0.01525879
-0.01525879
-0.01556396
-0.01586914
-0.01586914
-0.01647949
-0.01770020
-0.01953125
-0.02075195
-0.02136230
-0.02075195
-0.01892090
-0.01647949
-0.01464844
-0.01342773
-0.01220703
-0.01129150
-0.01068115
-0.01007080
-0.00885010
-0.00732422
-0.00610352
-0.00579834
-0.00610352
-0.00640869
-0.00671387
-0.00732422
-0.00854492
-0.01007080
-0.01037598
-0.01007080
-0.00915527
-0.00793457
-0.00671387
-0.00549316
-0.00549316
-0.00579834
-0.00610352
-0.00701904
-0.00854492
-0.01068115
-0.01281738
-0.01495361
-0.01586914
-0.01586914
-0.01464844
-0.01220703
-0.00854492
-0.00427246
-0.00030518
 0.00366211
 0.00732422
 0.01068115
 0.01403809
 0.01647949
 0.01831055
 0.01861572
 0.01831055
 0.01739502
 0.01647949
 0.01495361
 0.01403809
 0.01373291
 0.01434326
 0.01525879
 0.01647949
 0.01831055
 0.02044678
 0.02136230
 0.02166748
 0.02014160
 0.01708984
 0.01373291
 0.01068115
 0.00732422
 0.00396729
 0.00152588
 0.00030518
 0.00091553
 0.00213623
 0.00396729
 0.00579834
 0.00762939
 0.00915527
 0.01037598
 0.01159668
 0.01251221
 0.01312256
 0.01220703
 0.01007080
 0.00793457
 0.00579834
 0.00366211
 0.00274658
 0.00274658
 0.00427246
 0.00701904
 0.01007080
 0.01312256
 0.01586914
 0.01831055
 0.02014160
 0.02105713
 0.02075195
 0.01922607
 0.01678467
 0.01403809
 0.01129150
 0.00854492
 0.00640869
 0.00488281
 0.00457764
 0.00518799
 0.00732422
 0.01007080
 0.01251221
 0.01495361
 0.01647949
 0.01708984
 0.01708984
 0.01586914
 0.01403809
 0.01129150
 0.00823975
 0.00488281
 0.00122070
-0.00152588
-0.00335693
-0.00457764
-0.00518799
-0.00457764
-0.00427246
-0.00366211
-0.00305176
-0.00274658
-0.00305176
-0.00396729
-0.00610352
-0.00885010
-0.01190186
-0.01464844
-0.01617432
-0.01770020
-0.01800537
-0.01800537
-0.01708984
-0.01525879
-0.01281738
-0.01068115
-0.00823975
-0.00579834
-0.00396729
-0.00366211
-0.00396729
-0.00427246
-0.00518799
-0.00640869
-0.00762939
-0.00854492
-0.00915527
-0.00915527
-0.00854492
-0.00793457
-0.00671387
-0.00579834
-0.00488281
-0.00457764
-0.00457764
-0.00518799
-0.00579834
-0.00732422
-0.00976563
-0.01251221
-0.01525879
-0.01678467
-0.01770020
-0.01831055
-0.01861572
-0.01861572
-0.01800537
-0.01800537
-0.01831055
-0.01831055
-0.01831055
-0.01861572
-0.01800537
-0.01800537
-0.01800537
-0.01800537
-0.01861572
-0.01892090
-0.01861572
-0.01770020
-0.01617432
-0.01373291
-0.01068115
-0.00793457
-0.00549316
-0.00305176
-0.00183105
-0.00091553
 0.00000000
 0.00030518
 0.00000000
-0.00091553
-0.00183105
-0.00244141
-0.00244141
-0.00183105
-0.00061035
 0.00091553
 0.00152588
 0.00183105
 0.00213623
 0.00335693
 0.00396729
 0.00427246
 0.00427246
 0.00335693
 0.00274658
 0.00183105
 0.00091553
 0.00000000
-0.00091553
-0.00091553
-0.00061035
 0.00000000
 0.00122070
 0.00244141
 0.00335693
 0.00396729
 0.00396729
 0.00335693
 0.00305176
 0.00305176
 0.00274658
 0.00183105
 0.00061035
 0.00000000
-0.00061035
-0.00030518
 0.00000000
 0.00091553
 0.00152588
 0.00183105
 0.00274658
 0.00396729
 0.00518799
 0.00579834
 0.00549316
 0.00488281
 0.00396729
 0.00274658
 0.00213623
 0.00183105
 0.00183105
 0.00213623
 0.00213623
 0.00244141
 0.00305176
 0.00396729
 0.00549316
 0.00640869
 0.00701904
 0.00701904
 0.00671387
 0.00701904
 0.00762939
 0.00762939
 0.00701904
 0.00671387
 0.00610352
 0.00549316
 0.00579834
 0.00640869
 0.00732422
 0.00854492
 0.00915527
 0.01007080
 0.01037598
 0.01037598
 0.01007080
 0.00885010
 0.00732422
 0.00610352
 0.00579834
 0.00579834
 0.00610352
 0.00579834
 0.00518799
 0.00427246
 0.00396729
 0.00396729
 0.00457764
 0.00518799
 0.00518799
 0.00457764
 0.00366211
 0.00335693
 0.00274658
 0.00183105
 0.00061035
-0.00030518
-0.00091553
-0.00122070
-0.00091553
-0.00061035
-0.00030518
 0.00000000
 0.00000000
 0.00000000
 0.00000000
-0.00030518
-0.00030518
 0.00000000
 0.00030518
-0.00061035
-0.00122070
-0.00091553
-0.00061035
-0.00061035
-0.00061035
 0.00000000
 0.00030518
 0.00091553
 0.00152588
 0.00183105
 0.00152588
 0.00091553
 0.00030518
-0.00122070
-0.00244141
-0.00366211
-0.00427246
-0.00488281
-0.00518799
-0.00579834
-0.00671387
-0.00701904
-0.00701904
-0.00732422
-0.00762939
-0.00701904
-0.00640869
-0.00671387
-0.00732422
-0.00762939
-0.00793457
-0.00762939
-0.00762939
-0.00701904
-0.00610352
-0.00488281
-0.00305176
-0.00061035
 0.00183105
 0.00366211
 0.00518799
 0.00671387
 0.00793457
 0.00854492
 0.00946045
 0.01007080
 0.01037598
 0.01068115
 0.01068115
 0.01068115
 0.01068115
 0.01068115
 0.01098633
 0.01129150
 0.01220703
 0.01342773
 0.01403809
 0.01464844
 0.01495361
 0.01495361
 0.01434326
 0.01373291
 0.01312256
 0.01251221
 0.01159668
 0.01068115
 0.01007080
 0.00915527
 0.00823975
 0.00762939
 0.00732422
 0.00732422
 0.00762939
 0.00793457
 0.00762939
 0.00671387
 0.00518799
 0.00335693
 0.00122070
-0.00061035
-0.00244141
-0.00335693
-0.00427246
-0.00549316
-0.00640869
-0.00732422
-0.00732422
-0.00671387
-0.00610352
-0.00549316
-0.00488281
-0.00366211
-0.00244141
-0.00152588
-0.00152588
-0.00244141
-0.00305176
-0.00335693
-0.00244141
-0.00183105
-0.00122070
-0.00061035
 0.00030518
 0.00183105
 0.00427246
 0.00610352
 0.00732422
 0.00854492
 0.00946045
 0.01037598
 0.00946045
 0.00854492
 0.00732422
 0.00549316
 0.00396729
 0.00213623
 0.00061035
-0.00091553
-0.00183105
-0.00213623
-0.00213623
-0.00183105
-0.00152588
-0.00122070
-0.00122070
-0.00152588
-0.00183105
-0.00244141
-0.00244141
-0.00305176
-0.00427246
-0.00579834
-0.00701904
-0.00762939
-0.00762939
-0.00732422
-0.00671387
-0.00640869
-0.00518799
-0.00366211
-0.00274658
-0.00183105
-0.00122070
-0.00152588
-0.00244141
-0.00335693
-0.00518799
-0.00701904
-0.00854492
-0.01007080
-0.01098633
-0.01190186
-0.01190186
-0.01159668
-0.01129150
-0.01037598
-0.00946045
-0.00946045
-0.00976563
-0.01068115
-0.01129150
-0.01129150
-0.01190186
-0.01281738
-0.01342773
-0.01373291
-0.01373291
-0.01373291
-0.01281738
-0.01159668
-0.00946045
-0.00732422
-0.00518799
-0.00335693
-0.00213623
-0.00091553
 0.00030518
 0.00091553
 0.00000000
-0.00183105
-0.00305176
-0.00335693
-0.00274658
-0.00183105
-0.00122070
 0.00000000
 0.00122070
 0.00244141
 0.00305176
 0.00396729
 0.00549316
 0.00701904
 0.00793457
 0.00793457
 0.00671387
 0.00518799
 0.00396729
 0.00274658
 0.00183105
 0.00091553
 0.00030518
 0.00030518
 0.00000000
 0.00061035
 0.00152588
 0.00183105
 0.00213623
 0.00244141
 0.00305176
 0.00335693
 0.00244141
 0.00152588
 0.00030518
-0.00061035
-0.00183105
-0.00274658
-0.00335693
-0.00274658
-0.00152588
-0.00061035
 0.00030518
 0.00122070
 0.00213623
 0.00335693
 0.00427246
 0.00488281
 0.00488281
 0.00518799
 0.00518799
 0.00518799
 0.00488281
 0.00549316
 0.00640869
 0.00701904
 0.00732422
 0.00762939
 0.00885010
 0.00976563
 0.01159668
 0.01281738
 0.01342773
 0.01342773
 0.01281738
 0.01190186
 0.01098633
 0.00946045
 0.00762939
 0.00610352
 0.00488281
 0.00366211
 0.00305176
 0.00305176
 0.00335693
 0.00335693
 0.00305176
 0.00244141
 0.00213623
 0.00152588
 0.00091553
-0.00030518
-0.00183105
-0.00305176
-0.00457764
-0.00610352
-0.00701904
-0.00762939
-0.00823975
-0.00823975
-0.00793457
-0.00671387
-0.00579834
-0.00549316
-0.00518799
-0.00457764
-0.00518799
-0.00610352
-0.00671387
-0.00701904
-0.00793457
-0.00885010
-0.01037598
-0.01190186
-0.01251221
-0.01312256
-0.01342773
-0.01342773
-0.01281738
-0.01159668
-0.01098633
-0.01037598
-0.01007080
-0.01007080
-0.01007080
-0.01037598
-0.01098633
-0.01159668
-0.01220703
-0.01251221
-0.01190186
-0.01098633
-0.01007080
-0.00854492
-0.00701904
-0.00610352
-0.00488281
-0.00305176
-0.00183105
-0.00122070
-0.00122070
-0.00152588
-0.00183105
-0.00274658
-0.00366211
-0.00457764
-0.00488281
-0.00488281
-0.00488281
-0.00427246
-0.00335693
-0.00183105
-0.00030518
 0.00061035
 0.00152588
 0.00213623
 0.00274658
 0.00244141
 0.00213623
 0.00213623
 0.00213623
 0.00213623
 0.00213623
 0.00213623
 0.00244141
 0.00305176
 0.00457764
 0.00671387
 0.00854492
 0.01068115
 0.01220703
 0.01342773
 0.01434326
 0.01464844
 0.01434326
 0.01434326
 0.01373291
 0.01312256
 0.01190186
 0.01129150
 0.01129150
 0.01159668
 0.01220703
 0.01281738
 0.01342773
 0.01373291
 0.01403809
 0.01403809
 0.01403809
 0.01342773
 0.01251221
 0.01159668
 0.01068115
 0.00915527
 0.00793457
 0.00701904
 0.00610352
 0.00610352
 0.00610352
 0.00701904
 0.00823975
 0.00915527
 0.00976563
 0.01007080
 0.01007080
 0.00976563
 0.00976563
 0.00915527
 0.00885010
 0.00823975
 0.00762939
 0.00640869
 0.00518799
 0.00488281
 0.00488281
 0.00488281
 0.00549316
 0.00610352
 0.00640869
 0.00640869
 0.00701904
 0.00762939
 0.00762939
 0.00701904
 0.00610352
 0.00549316
 0.00518799
 0.00457764
 0.00427246
 0.00396729
 0.00366211
 0.00427246
 0.00518799
 0.00549316
 0.00610352
 0.00610352
 0.00549316
 0.00488281
 0.00427246
 0.00427246
 0.00396729
 0.00335693
 0.00244141
 0.00091553
-0.00030518
-0.00213623
-0.00335693
-0.00457764
-0.00518799
-0.00549316
-0.00579834
-0.00579834
-0.00579834
-0.00579834
-0.00579834
-0.00640869
-0.00701904
-0.00701904
-0.00732422
-0.00762939
-0.00762939
-0.00732422
-0.00701904
-0.00732422
-0.00732422
-0.00701904
-0.00671387
-0.00671387
-0.00671387
-0.00610352
-0.00579834
-0.00579834
-0.00610352
-0.00671387
-0.00762939
-0.00823975
-0.00946045
-0.01007080
-0.01068115
-0.01098633
-0.01098633
-0.01159668
-0.01220703
-0.01312256
-0.01342773
-0.01312256
-0.01220703
-0.01129150
-0.01068115
-0.01098633
-0.01159668
-0.01190186
-0.01159668
-0.01098633
-0.01037598
-0.01007080
-0.00946045
-0.00823975
-0.00701904
-0.00610352
-0.00518799
-0.00457764
-0.00396729
-0.00366211
-0.00396729
-0.00427246
-0.00366211
-0.00335693
-0.00335693
-0.00396729
-0.00427246
-0.00427246
-0.00488281
-0.00549316
-0.00579834
-0.00579834
-0.00579834
-0.00549316
-0.00518799
-0.00457764
-0.00396729
-0.00396729
-0.00366211
-0.00366211
-0.00396729
-0.00366211
-0.00274658
-0.00244141
-0.00213623
-0.00122070
 0.00030518
 0.00122070
 0.00183105
 0.00244141
 0.00305176
 0.00366211
 0.00396729
 0.00396729
 0.00427246
 0.00457764
 0.00457764
 0.00427246
 0.00396729
 0.00366211
 0.00335693
 0.00335693
 0.00366211
 0.00335693
 0.00335693
 0.00366211
 0.00396729
 0.00427246
 0.00427246
 0.00457764
 0.00518799
 0.00549316
 0.00518799
 0.00518799
 0.00518799
 0.00549316
 0.00579834
 0.00610352
 0.00671387
 0.00732422
 0.00793457
 0.00823975
 0.00885010
 0.00946045
 0.00976563
 0.01007080
 0.01007080
 0.00946045
 0.00823975
 0.00732422
 0.00671387
 0.00640869
 0.00579834
 0.00518799
 0.00457764
 0.00366211
 0.00183105
 0.00030518
-0.00030518
-0.00061035
-0.00122070
-0.00213623
-0.00305176
-0.00335693
-0.00335693
-0.00396729
-0.00488281
-0.00610352
-0.00671387
-0.00732422
-0.00762939
-0.00793457
-0.00762939
-0.00732422
-0.00671387
-0.00579834
-0.00488281
-0.00488281
-0.00518799
-0.00457764
-0.00396729
-0.00366211
-0.00396729
-0.00396729
-0.00396729
-0.00305176
-0.00274658
-0.00274658
-0.00274658
-0.00244141
-0.00183105
-0.00122070
-0.00030518
 0.00030518
 0.00091553
 0.00152588
 0.00213623
 0.00244141
 0.00244141
 0.00244141
 0.00244141
 0.00244141
 0.00244141
 0.00244141
 0.00213623
 0.00183105
 0.00213623
 0.00305176
 0.00396729
 0.00427246
 0.00427246
 0.00427246
 0.00396729
 0.00335693
 0.00305176
 0.00244141
 0.00122070
 0.00061035
 0.00000000
-0.00091553
-0.00183105
-0.00274658
-0.00335693
-0.00366211
-0.00366211
-0.00396729
-0.00396729
-0.00427246
-0.00457764
-0.00457764
-0.00488281
-0.00488281
-0.00549316
-0.00579834
-0.00579834
-0.00579834
-0.00579834
-0.00579834
-0.00518799
-0.00427246
-0.00305176
-0.00183105
-0.00030518
 0.00030518
 0.00122070
 0.00152588
 0.00183105
 0.00183105
 0.00213623
 0.00244141
 0.00305176
 0.00335693
 0.00366211
 0.00366211
 0.00396729
 0.00427246
 0.00518799
 0.00579834
 0.00579834
 0.00610352
 0.00640869
 0.00671387
 0.00610352
 0.00610352
 0.00610352
 0.00579834
 0.00549316
 0.00488281
 0.00427246
 0.00366211
 0.00335693
 0.00366211
 0.00335693
 0.00366211
 0.00396729
 0.00396729
 0.00457764
 0.00457764
 0.00427246
 0.00335693
 0.00244141
 0.00183105
 0.00061035
-0.00061035
-0.00122070
-0.00122070
-0.00122070
-0.00183105
-0.00244141
-0.00274658
-0.00244141
-0.00244141
-0.00274658
-0.00335693
-0.00396729
-0.00366211
-0.00366211
-0.00366211
-0.00396729
-0.00427246
-0.00488281
-0.00457764
-0.00427246
-0.00396729
-0.00335693
-0.00244141
-0.00152588
-0.00122070
-0.00061035
 0.00000000
 0.00061035
 0.00091553
 0.00122070
 0.00152588
 0.00122070
 0.00091553
 0.00152588
 0.00244141
 0.00305176
 0.00335693
 0.00335693
 0.00366211
 0.00396729
 0.00396729
 0.00366211
 0.00366211
 0.00335693
 0.00335693
 0.00305176
 0.00274658
 0.00274658
 0.00305176
 0.00305176
 0.00305176
 0.00274658
 0.00274658
 0.00305176
 0.00335693
 0.00396729
 0.00366211
 0.00427246
 0.00488281
 0.00549316
 0.00549316
 0.00488281
 0.00457764
 0.00427246
 0.00427246
 0.00396729
 0.00396729
 0.00396729
 0.00396729
 0.00396729
 0.00396729
 0.00396729
 0.00396729
 0.00427246
 0.00335693
 0.00213623
 0.00152588
 0.00152588
 0.00152588
 0.00122070
 0.00061035
 0.00000000
-0.00030518
-0.00061035
-0.00122070
-0.00122070
-0.00152588
-0.00152588
-0.00152588
-0.00152588
-0.00152588
-0.00183105
-0.00183105
-0.00122070
-0.00091553
-0.00152588
-0.00244141
-0.00274658
-0.00244141
-0.00213623
-0.00213623
-0.00244141
-0.00244141
-0.00244141
-0.00244141
-0.00274658
-0.00274658
-0.00305176
-0.00366211
-0.00366211
-0.00396729
-0.00427246
-0.00427246
-0.00427246
-0.00396729
-0.00366211
-0.00335693
-0.00335693
-0.00335693
-0.00305176
-0.00305176
-0.00305176
-0.00305176
-0.00335693
-0.00305176
-0.00305176
-0.00274658
-0.00213623
-0.00183105
-0.00183105
-0.00213623
-0.00274658
-0.00335693
-0.00335693
-0.00305176
-0.00335693
-0.00366211
-0.00366211
-0.00335693
-0.00335693
-0.00335693
-0.00366211
-0.00396729
-0.00396729
-0.00396729
-0.00305176
-0.00244141
-0.00244141
-0.00305176
-0.00305176
-0.00213623
-0.00152588
-0.00122070
-0.00061035
-0.00030518
 0.00030518
 0.00091553
 0.00122070
 0.00183105
 0.00244141
 0.00305176
 0.00335693
 0.00335693
 0.00335693
 0.00396729
 0.00366211
 0.00305176
 0.00274658
 0.00305176
 0.00335693
 0.00335693
 0.00305176
 0.00305176
 0.00244141
 0.00213623
 0.00183105
 0.00152588
 0.00091553
 0.00061035
 0.00000000
-0.00061035
-0.00091553
-0.00122070
-0.00122070
-0.00091553
-0.00183105
-0.00213623
-0.00244141
-0.00244141
-0.00213623
-0.00183105
-0.00183105
-0.00213623
-0.00274658
-0.00305176
-0.00366211
-0.00427246
-0.00457764
-0.00457764
-0.00457764
-0.00488281
-0.00549316
-0.00671387
-0.00732422
-0.00762939
-0.00762939
-0.00762939
-0.00762939
-0.00793457
-0.00885010
-0.00915527
-0.00915527
-0.00915527
-0.00915527
-0.00976563
-0.01007080
-0.01007080
-0.00976563
-0.00976563
-0.00976563
-0.00946045
-0.00915527
-0.00854492
-0.00793457
-0.00762939
-0.00732422
-0.00640869
-0.00610352
-0.00579834
-0.00579834
-0.00549316
-0.00488281
-0.00457764
-0.00518799
-0.00579834
-0.00610352
-0.00549316
-0.00457764
-0.00427246
-0.00396729
-0.00335693
-0.00305176
-0.00274658
-0.00274658
-0.00274658
-0.00274658
-0.00213623
-0.00183105
-0.00091553
-0.00091553
-0.00122070
-0.00091553
-0.00030518
 0.00030518
 0.00091553
 0.00213623
 0.00274658
 0.00335693
 0.00396729
 0.00457764
 0.00549316
 0.00579834
 0.00579834
 0.00579834
 0.00579834
 0.00610352
 0.00610352
 0.00579834
 0.00610352
 0.00640869
 0.00671387
 0.00671387
 0.00732422
 0.00823975
 0.00823975
 0.00793457
 0.00793457
 0.00823975
 0.00854492
 0.00823975
 0.00793457
 0.00793457
 0.00854492
 0.00885010
 0.00915527
 0.00946045
 0.00946045
 0.01037598
 0.01098633
 0.01190186
 0.01312256
 0.01373291
 0.01373291
 0.01373291
 0.01373291
 0.01403809
 0.01434326
 0.01403809
 0.01373291
 0.01342773
 0.01342773
 0.01281738
 0.01220703
 0.01129150
 0.01098633
 0.01068115
 0.01068115
 0.01068115
 0.01068115
 0.01037598
 0.00976563
 0.00885010
 0.00762939
 0.00671387
 0.00579834
 0.00488281
 0.00457764
 0.00457764
 0.00427246
 0.00366211
 0.00274658
 0.00274658
 0.00213623
 0.00183105
 0.00183105
 0.00213623
 0.00183105
 0.00122070
 0.00091553
 0.00061035
 0.00000000
-0.00091553
-0.00183105
-0.00305176
-0.00335693
-0.00366211
-0.00396729
-0.00427246
-0.00488281
-0.00549316
-0.00549316
-0.00579834
-0.00640869
-0.00701904
-0.00732422
-0.00793457
-0.00854492
-0.00915527
-0.01007080
-0.01068115
-0.01098633
-0.01129150
-0.01129150
-0.01129150
-0.01159668
-0.01129150
-0.01007080
-0.00946045
-0.00915527
-0.00946045
-0.00915527
-0.00915527
-0.00885010
-0.00915527
-0.00946045
-0.01007080
-0.01068115
-0.01159668
-0.01159668
-0.01129150
-0.01098633
-0.01129150
-0.01159668
-0.01190186
-0.01129150
-0.01068115
-0.01037598
-0.01098633
-0.01190186
-0.01190186
-0.01159668
-0.01159668
-0.01129150
-0.01129150
-0.01068115
-0.00976563
-0.00885010
-0.00793457
-0.00732422
-0.00610352
-0.00488281
-0.00335693
-0.00274658
-0.00213623
-0.00183105
-0.00122070
-0.00030518
 0.00000000
 0.00000000
 0.00000000
 0.00030518
 0.00061035
 0.00091553
 0.00152588
 0.00244141
 0.00335693
 0.00427246
 0.00457764
 0.00457764
 0.00457764
 0.00518799
 0.00549316
 0.00579834
 0.00579834
 0.00579834
 0.00579834
 0.00579834
 0.00610352
 0.00640869
 0.00701904
 0.00762939
 0.00823975
 0.00885010
 0.00976563
 0.01068115
 0.01098633
 0.01098633
 0.01129150
 0.01159668
 0.01159668
 0.01159668
 0.01129150
 0.01129150
 0.01098633
 0.01068115
 0.01007080
 0.00946045
 0.00946045
 0.01007080
 0.01068115
 0.01098633
 0.01068115
 0.01007080
 0.00946045
 0.00854492
 0.00823975
 0.00762939
 0.00732422
 0.00701904
 0.00640869
 0.00610352
 0.00610352
 0.00549316
 0.00549316
 0.00549316
 0.00579834
 0.00579834
 0.00610352
 0.00610352
 0.00579834
 0.00518799
 0.00457764
 0.00427246
 0.00335693
 0.00213623
 0.00122070
 0.00122070
 0.00091553
 0.00061035
-0.00030518
-0.00122070
-0.00183105
-0.00152588
-0.00213623
-0.00305176
-0.00427246
-0.00488281
-0.00518799
-0.00610352
-0.00701904
-0.00793457
-0.00823975
-0.00823975
-0.00823975
-0.00854492
-0.00885010
-0.00885010
-0.00885010
-0.00823975
-0.00823975
-0.00793457
-0.00793457
-0.00823975
-0.00823975
-0.00823975
-0.00823975
-0.00885010
-0.00976563
-0.01007080
-0.01007080
-0.01007080
-0.01037598
-0.01068115
-0.01037598
-0.01007080
-0.01037598
-0.01098633
-0.01129150
-0.01129150
-0.01129150
-0.01098633
-0.01129150
-0.01159668
-0.01190186
-0.01190186
-0.01190186
-0.01190186
-0.01220703
-0.01190186
-0.01129150
-0.01068115
-0.01037598
-0.00976563
-0.00915527
-0.00885010
-0.00885010
-0.00823975
-0.00823975
-0.00793457
-0.00793457
-0.00793457
-0.00793457
-0.00762939
-0.00732422
-0.00732422
-0.00701904
-0.00671387
-0.00610352
-0.00518799
-0.00488281
-0.00488281
-0.00488281
-0.00427246
-0.00366211
-0.00335693
-0.00335693
-0.00305176
-0.00244141
-0.00244141
-0.00183105
-0.00152588
-0.00091553
-0.00030518
 0.00061035
 0.00152588
 0.00183105
 0.00244141
 0.00305176
 0.00396729
 0.00518799
 0.00549316
 0.00579834
 0.00579834
 0.00579834
 0.00610352
 0.00610352
 0.00640869
 0.00671387
 0.00671387
 0.00610352
 0.00610352
 0.00671387
 0.00732422
 0.00732422
 0.00701904
 0.00732422
 0.00762939
 0.00762939
 0.00732422
 0.00671387
 0.00610352
 0.00640869
 0.00701904
 0.00732422
 0.00762939
 0.00762939
 0.00732422
 0.00701904
 0.00732422
 0.00762939
 0.00823975
 0.00793457
 0.00762939
 0.00793457
 0.00793457
 0.00793457
 0.00762939
 0.00732422
 0.00671387
 0.00671387
 0.00640869
 0.00610352
 0.00579834
 0.00610352
 0.00610352
 0.00610352
 0.00640869
 0.00640869
 0.00579834
 0.00549316
 0.00488281
 0.00488281
 0.00488281
 0.00427246
 0.00366211
 0.00335693
 0.00335693
 0.00366211
 0.00335693
 0.00305176
 0.00244141
 0.00305176
 0.00366211
 0.00427246
 0.00396729
 0.00366211
 0.00335693
 0.00305176
 0.00274658
 0.00244141
 0.00152588
 0.00091553
 0.00091553
 0.00061035
 0.00000000
-0.00061035
-0.00152588
-0.00183105
-0.00183105
-0.00152588
-0.00152588
-0.00122070
-0.00183105
-0.00213623
-0.00274658
-0.00305176
-0.00244141
-0.00213623
-0.00183105
-0.00152588
-0.00183105
-0.00183105
-0.00122070
-0.00091553
-0.00061035
-0.00061035
-0.00061035
-0.00030518
 0.00061035
 0.00091553
 0.00091553
 0.00030518
-0.00030518
-0.00061035
-0.00091553
-0.00091553
-0.00122070
-0.00122070
-0.00091553
-0.00091553
-0.00122070
-0.00122070
-0.00122070
-0.00183105
-0.00213623
-0.00152588
-0.00061035
-0.00091553
-0.00122070
-0.00122070
-0.00091553
-0.00152588
-0.00183105
-0.00122070
-0.00091553
-0.00091553
-0.00091553
-0.00122070
-0.00091553
-0.00061035
-0.00061035
-0.00061035
-0.00091553
-0.00061035
-0.00061035
-0.00061035
-0.00091553
-0.00122070
-0.00122070
-0.00122070
-0.00122070
-0.00152588
-0.00183105
-0.00183105
-0.00183105
-0.00183105
-0.00183105
-0.00183105
-0.00183105
-0.00152588
-0.00122070
-0.00122070
-0.00122070
-0.00152588
-0.00183105
-0.00183105
-0.00183105
-0.00183105
-0.00183105
-0.00183105
-0.00183105
-0.00183105
-0.00152588
-0.00122070
-0.00152588
-0.00152588
-0.00091553
-0.00091553
-0.00122070
-0.00152588
-0.00183105
-0.00213623
-0.00213623
-0.00213623
-0.00244141
-0.00305176
-0.00366211
-0.00427246
-0.00396729
-0.00366211
-0.00335693
-0.00335693
-0.00366211
-0.00396729
-0.00335693
-0.00305176
-0.00366211
-0.00366211
-0.00335693
-0.00335693
-0.00335693
-0.00335693
-0.00335693
-0.00305176
-0.00305176
-0.00244141
-0.00183105
-0.00122070
-0.00122070
-0.00122070
-0.00122070
-0.00122070
-0.00122070
-0.00122070
-0.00152588
-0.00183105
-0.00183105
-0.00183105
-0.00183105
-0.00213623
-0.00213623
-0.00213623
-0.00183105
-0.00183105
-0.00152588
-0.00152588
-0.00152588
-0.00152588
-0.00152588
-0.00152588
-0.00183105
-0.00244141
-0.00244141
-0.00213623
-0.00152588
-0.00122070
-0.00152588
-0.00122070
-0.00061035
-0.00030518
-0.00061035
-0.00091553
-0.00030518
-0.00030518
 0.00000000
 0.00000000
 0.00000000
 0.00030518
 0.00000000
-0.00061035
-0.00091553
-0.00061035
-0.00030518
-0.00061035
-0.00061035
-0.00030518
 0.00000000
-0.00030518
-0.00030518
-0.00030518
 0.00000000
 0.00000000
-0.00030518
-0.00061035
-0.00061035
-0.00030518
 0.00000000
 0.00000000
 0.00000000
 0.00061035
 0.00122070
 0.00091553
 0.00061035
 0.00061035
 0.00061035
 0.00061035
 0.00061035
 0.00030518
-0.00030518
-0.00091553
-0.00122070
-0.00122070
-0.00152588
-0.00122070
-0.00152588
-0.00213623
-0.00244141
-0.00274658
-0.00274658
-0.00274658
-0.00274658
-0.00274658
-0.00213623
-0.00244141
-0.00244141
-0.00244141
-0.00244141
-0.00244141
-0.00244141
-0.00213623
-0.00213623
-0.00183105
-0.00152588
-0.00152588
-0.00091553
-0.00030518
-0.00030518
 0.00000000
 0.00000000
 0.00030518
 0.00030518
 0.00000000
 0.00000000
 0.00030518
 0.00030518
 0.00000000
 0.00030518
 0.00000000
-0.00030518
-0.00030518
 0.00000000
 0.00000000
-0.00030518
-0.00030518
 0.00000000
 0.00061035
 0.00061035
 0.00061035
 0.00030518
 0.00030518
 0.00030518
 0.00000000
 0.00000000
 0.00030518
 0.00061035
 0.00091553
 0.00122070
 0.00152588
 0.00213623
 0.00244141
 0.00244141
 0.00274658
 0.00305176
 0.00244141
 0.00213623
 0.00244141
 0.00274658
 0.00305176
 0.00305176
 0.00274658
 0.00244141
 0.00213623
 0.00213623
 0.00183105
 0.00152588
 0.00152588
 0.00122070
 0.00091553
 0.00091553
 0.00091553
 0.00061035
 0.00061035
 0.00030518
 0.00000000
 0.00000000
 0.00061035
 0.00091553
 0.00091553
 0.00030518
 0.00000000
 0.00000000
 0.00000000
 0.00000000
 0.00000000
 0.00000000
 0.00000000
 0.00000000
 0.00000000
 0.00030518
-0.00030518
-0.00061035
-0.00122070
-0.00091553
-0.00091553
-0.00091553
-0.00122070
-0.00183105
-0.00244141
-0.00274658
-0.00274658
-0.00274658
-0.00274658
-0.00274658
-0.00274658
-0.00305176
-0.00335693
-0.00366211
-0.00335693
-0.00305176
-0.00274658
-0.00274658
-0.00274658
-0.00274658
-0.00335693
-0.00305176
-0.00244141
-0.00183105
-0.00183105
-0.00183105
-0.00183105
-0.00183105
-0.00122070
-0.00122070
-0.00122070
-0.00122070
-0.00122070
-0.00122070
-0.00152588
-0.00091553
-0.00091553
-0.00091553
-0.00122070
-0.00091553
-0.00061035
-0.00030518
-0.00030518
-0.00061035
-0.00061035
-0.00061035
 0.00000000
 0.00061035
 0.00091553
 0.00061035
 0.00030518
 0.00030518
 0.00061035
 0.00152588
 0.00183105
 0.00183105
 0.00183105
 0.00213623
 0.00244141
 0.00244141
 0.00244141
 0.00244141
 0.00305176
 0.00366211
 0.00366211
 0.00335693
 0.00305176
 0.00274658
 0.00244141
 0.00213623
 0.00213623
 0.00244141
 0.00244141
 0.00213623
 0.00244141
 0.00274658
 0.00305176
 0.00305176
 0.00335693
 0.00335693
 0.00335693
 0.00335693
 0.00305176
 0.00335693
 0.00305176
 0.00274658
 0.00274658
 0.00305176
 0.00366211
 0.00396729
 0.00427246
 0.00427246
 0.00457764
 0.00427246
 0.00427246
 0.00396729
 0.00366211
 0.00366211
 0.00366211
 0.00366211
 0.00366211
 0.00335693
 0.00305176
 0.00244141
 0.00213623
 0.00213623
 0.00244141
 0.00213623
 0.00183105
 0.00152588
 0.00152588
 0.00152588
 0.00122070
 0.00091553
 0.00122070
 0.00122070
 0.00091553
 0.00061035
 0.00061035
 0.00061035
 0.00061035
 0.00061035
 0.00061035
 0.00030518
 0.00061035
 0.00061035
 0.00061035
 0.00061035
 0.00030518
-0.00030518
 0.00000000
-0.00030518
-0.00030518
-0.00030518
-0.00061035
-0.00061035
-0.00122070
-0.00152588
-0.00213623
-0.00244141
-0.00244141
-0.00244141
-0.00244141
-0.00274658
-0.00305176
-0.00305176
-0.00366211
-0.00427246
-0.00427246
-0.00427246
-0.00457764
-0.00488281
-0.00518799
-0.00518799
-0.00488281
-0.00518799
-0.00518799
-0.00549316
-0.00579834
-0.00610352
-0.00640869
-0.00640869
-0.00640869
-0.00640869
-0.00640869
-0.00640869
-0.00671387
-0.00701904
-0.00732422
-0.00762939
-0.00762939
-0.00793457
-0.00793457
-0.00793457
-0.00793457
-0.00793457
-0.00793457
-0.00854492
-0.00823975
-0.00793457
-0.00732422
-0.00701904
-0.00701904
-0.00701904
-0.00701904
-0.00671387
-0.00640869
-0.00671387
-0.00671387
-0.00640869
-0.00610352
-0.00640869
-0.00610352
-0.00579834
-0.00549316
-0.00518799
-0.00518799
-0.00488281
-0.00457764
-0.00457764
-0.00457764
-0.00427246
-0.00396729
-0.00396729
-0.00366211
-0.00366211
-0.00366211
-0.00366211
-0.00366211
-0.00335693
-0.00274658
-0.00274658
-0.00244141
-0.00183105
-0.00152588
-0.00122070
-0.00122070
-0.00091553
-0.00091553
-0.00091553
-0.00030518
 0.00061035
 0.00091553
 0.00122070
 0.00122070
 0.00122070
 0.00183105
 0.00213623
 0.00213623
 0.00244141
 0.00305176
 0.00335693
 0.00335693
 0.00335693
 0.00335693
 0.00366211
 0.00396729
 0.00396729
 0.00366211
 0.00396729
 0.00427246
 0.00457764
 0.00518799
 0.00518799
 0.00549316
 0.00549316
 0.00610352
 0.00610352
 0.00579834
 0.00549316
 0.00579834
 0.00640869
 0.00610352
 0.00610352
 0.00610352
 0.00640869
 0.00610352
 0.00610352
 0.00610352
 0.00610352
 0.00610352
 0.00610352
 0.00610352
 0.00610352
 0.00610352
 0.00610352
 0.00579834
 0.00518799
 0.00518799
 0.00518799
 0.00518799
 0.00427246
 0.00427246
 0.00427246
 0.00396729
 0.00366211
 0.00335693
 0.00335693
 0.00305176
 0.00335693
 0.00305176
 0.00305176
 0.00305176
 0.00274658
 0.00305176
 0.00335693
 0.00274658
 0.00152588
 0.00091553
 0.00091553
 0.00091553
 0.00091553
 0.00091553
 0.00091553
 0.00091553
 0.00061035
 0.00061035
 0.00030518
 0.00030518
 0.00061035
 0.00030518
-0.00030518
-0.00122070
-0.00091553
-0.00122070
-0.00122070
-0.00183105
-0.00274658
-0.00274658
-0.00244141
-0.00244141
-0.00305176
-0.00335693
-0.00335693
-0.00335693
-0.00366211
-0.00366211
-0.00366211
-0.00396729
-0.00396729
-0.00396729
-0.00396729
-0.00427246
-0.00457764
-0.00488281
-0.00457764
-0.00457764
-0.00427246
-0.00457764
-0.00488281
-0.00488281
-0.00518799
-0.00488281
-0.00488281
-0.00488281
-0.00488281
-0.00518799
-0.00549316
-0.00518799
-0.00518799
-0.00488281
-0.00518799
-0.00518799
-0.00549316
-0.00549316
-0.00488281
-0.00396729
-0.00366211
-0.00366211
-0.00366211
-0.00366211
-0.00366211
-0.00305176
-0.00305176
-0.00244141
-0.00183105
-0.00152588
-0.00152588
-0.00183105
-0.00152588
-0.00091553
-0.00061035
-0.00061035
-0.00030518
 0.00030518
 0.00091553
 0.00122070
 0.00122070
 0.00061035
 0.00030518
 0.00061035
 0.00122070
 0.00152588
 0.00213623
 0.00213623
 0.00183105
 0.00183105
 0.00213623
 0.00244141
 0.00274658
 0.00335693
 0.00335693
 0.00366211
 0.00366211
 0.00396729
 0.00396729
 0.00396729
 0.00396729
 0.00427246
 0.00488281
 0.00488281
 0.00457764
 0.00427246
 0.00427246
 0.00427246
 0.00457764
 0.00457764
 0.00457764
 0.00457764
 0.00427246
 0.00427246
 0.00457764
 0.00457764
 0.00457764
 0.00457764
 0.00457764
 0.00427246
 0.00427246
 0.00427246
 0.00427246
 0.00427246
 0.00427246
 0.00396729
 0.00396729
 0.00396729
 0.00427246
 0.00366211
 0.00335693
 0.00366211
 0.00396729
 0.00366211
 0.00305176
 0.00274658
 0.00274658
 0.00244141
 0.00213623
 0.00152588
 0.00152588
 0.00183105
 0.00183105
 0.00152588
 0.00091553
 0.00030518
 0.00030518
 0.00061035
 0.00061035
 0.00030518
 0.00000000
-0.00030518
-0.00091553
-0.00152588
-0.00152588
-0.00183105
-0.00183105
-0.00183105
-0.00122070
-0.00091553
-0.00122070
-0.00152588
-0.00152588
-0.00183105
-0.00213623
-0.00274658
-0.00244141
-0.00213623
-0.00213623
-0.00213623
-0.00274658
-0.00305176
-0.00305176
-0.00335693
-0.00335693
-0.00366211
-0.00366211
-0.00335693
-0.00274658
-0.00305176
-0.00335693
-0.00396729
-0.00396729
-0.00396729
-0.00396729
-0.00427246
-0.00427246
-0.00427246
-0.00427246
-0.00457764
-0.00457764
-0.00427246
-0.00396729
-0.00396729
-0.00396729
-0.00427246
-0.00396729
-0.00366211
-0.00366211
-0.00366211
-0.00396729
-0.00366211
-0.00366211
-0.00335693
-0.00335693
-0.00335693
-0.00335693
-0.00335693
-0.00335693
-0.00335693
-0.00305176
-0.00274658
-0.00305176
-0.00305176
-0.00335693
-0.00335693
-0.00305176
-0.00335693
-0.00305176
-0.00305176
-0.00274658
-0.00274658
-0.00335693
-0.00335693
-0.00274658
-0.00213623
-0.00183105
-0.00152588
-0.00183105
-0.00244141
-0.00213623
-0.00152588
-0.00152588
-0.00152588
-0.00183105
-0.00183105
-0.00183105
-0.00183105
-0.00122070
-0.00122070
-0.00122070
-0.00091553
-0.00091553
-0.00122070
-0.00152588
-0.00091553
-0.00030518
-0.00030518
-0.00061035
-0.00122070
-0.00091553
-0.00061035
-0.00061035
-0.00091553
-0.00122070
-0.00122070
-0.00061035
-0.00061035
-0.00030518
-0.00061035
-0.00061035
-0.00061035
 0.00000000
 0.00000000
 0.00000000
 0.00000000
 0.00000000
 0.00000000
-0.00030518
-0.00030518
-0.00030518
-0.00061035
-0.00030518
-0.00061035
-0.00091553
-0.00091553
-0.00091553
-0.00030518
 0.00000000
-0.00061035
-0.00091553
-0.00122070
-0.00122070
-0.00061035
-0.00030518
-0.00061035
-0.00091553
-0.00091553
-0.00091553
-0.00122070
-0.00122070
-0.00122070
-0.00091553
-0.00152588
-0.00122070
-0.00030518
 0.00000000
-0.00030518
-0.00030518
-0.00061035
-0.00061035
-0.00061035
-0.00091553
-0.00091553
-0.00061035
-0.00091553
-0.00061035
 0.00000000
 0.00000000
-0.00030518
-0.00030518
-0.00030518
 0.00000000
 0.00061035
 0.00061035
 0.00030518
 0.00000000
-0.00061035
-0.00061035
-0.00061035
-0.00030518
 0.00000000
 0.00000000
-0.00030518
-0.00061035
-0.00030518
 0.00030518
 0.00091553
 0.00091553
 0.00152588
 0.00152588
 0.00183105
 0.00152588
 0.00122070
 0.00091553
 0.00091553
 0.00091553
 0.00122070
 0.00152588
 0.00183105
 0.00183105
 0.00183105
 0.00183105
 0.00183105
 0.00152588
 0.00152588
 0.00183105
 0.00213623
 0.00213623
 0.00213623
 0.00183105
 0.00183105
 0.00183105
 0.00122070
 0.00122070
 0.00152588
 0.00152588
 0.00091553
 0.00061035
 0.00091553
 0.00183105
 0.00213623
 0.00213623
 0.00183105
 0.00213623
 0.00244141
 0.00244141
 0.00213623
 0.00213623
 0.00213623
 0.00213623
 0.00183105
 0.00152588
 0.00152588
 0.00183105
 0.00183105
 0.00183105
 0.00183105
 0.00183105
 0.00183105
 0.00152588
 0.00152588
 0.00152588
 0.00152588
 0.00152588
 0.00152588
 0.00091553
 0.00091553
 0.00122070
 0.00122070
 0.00091553
 0.00122070
 0.00152588
 0.00183105
 0.00183105
 0.00183105
 0.00183105
 0.00152588
 0.00152588
 0.00152588
 0.00122070
 0.00152588
 0.00152588
 0.00152588
 0.00152588
 0.00091553
 0.00091553
 0.00091553
 0.00061035
 0.00061035
 0.00091553
 0.00122070
 0.00122070
 0.00061035
 0.00061035
 0.00061035
 0.00030518
 0.00030518
 0.00000000
 0.00030518
 0.00061035
 0.00030518
 0.00000000
-0.00030518
 0.00000000
 0.00000000
 0.00030518
 0.00030518
 0.00030518
 0.00061035
 0.00091553
 0.00122070
 0.00091553
 0.00061035
 0.00061035
 0.00061035
 0.00091553
 0.00061035
 0.00030518
 0.00030518
 0.00000000
 0.00000000
 0.00030518
 0.00000000
-0.00061035
-0.00061035
-0.00030518
-0.00030518
-0.00061035
-0.00061035
-0.00061035
-0.00061035
-0.00061035
-0.00061035
-0.00091553
-0.00152588
-0.00152588
-0.00122070
-0.00152588
-0.00152588
-0.00152588
-0.00152588
-0.00122070
-0.00091553
-0.00122070
-0.00152588
-0.00152588
-0.00152588
-0.00152588
-0.00122070
-0.00152588
-0.00152588
-0.00183105
-0.00183105
-0.00213623
-0.00213623
-0.00213623
-0.00244141
-0.00244141
-0.00183105
-0.00152588
-0.00183105
-0.00213623
-0.00274658
-0.00305176
-0.00335693
-0.00274658
-0.00274658
-0.00305176
-0.00366211
-0.00366211
-0.00335693
-0.00305176
-0.00305176
-0.00335693
-0.00366211
-0.00366211
-0.00366211
-0.00335693
-0.00366211
-0.00396729
-0.00366211
-0.00305176
-0.00274658
-0.00274658
-0.00305176
-0.00305176
-0.00274658
-0.00274658
-0.00274658
-0.00274658
-0.00274658
-0.00305176
-0.00305176
-0.00305176
-0.00274658
-0.00274658
-0.00244141
-0.00244141
-0.00244141
-0.00213623
-0.00183105
-0.00183105
-0.00183105
-0.00213623
-0.00274658
-0.00274658
-0.00244141
-0.00213623
-0.00213623
-0.00183105
-0.00152588
-0.00122070
-0.00091553
-0.00091553
-0.00122070
-0.00122070
-0.00091553
-0.00061035
-0.00061035
-0.00061035
-0.00061035
-0.00061035
-0.00030518
 0.00000000
 0.00000000
-0.00030518
-0.00061035
-0.00030518
 0.00000000
 0.00091553
 0.00122070
 0.00122070
 0.00091553
 0.00091553
 0.00122070
 0.00152588
 0.00183105
 0.00091553
 0.00061035
 0.00061035
 0.00152588
 0.00213623
 0.00244141
 0.00244141
 0.00213623
 0.00213623
 0.00213623
 0.00274658
 0.00244141
 0.00213623
 0.00183105
 0.00213623
 0.00244141
 0.00244141
 0.00244141
 0.00244141
 0.00244141
 0.00213623
 0.00183105
 0.00183105
 0.00213623
 0.00244141
 0.00244141
 0.00213623
 0.00244141
 0.00244141
 0.00244141
 0.00213623
 0.00244141
 0.00244141
 0.00213623
 0.00183105
 0.00183105
 0.00183105
 0.00152588
 0.00122070
 0.00122070
 0.00152588
 0.00152588
 0.00152588
 0.00122070
 0.00091553
 0.00030518
 0.00061035
 0.00091553
 0.00091553
 0.00091553
 0.00091553
 0.00091553
 0.00030518
-0.00030518
-0.00061035
-0.00091553
-0.00061035
 0.00000000
 0.00000000
-0.00030518
-0.00091553
-0.00091553
-0.00091553
-0.00091553
-0.00091553
-0.00152588
-0.00213623
-0.00244141
-0.00244141
-0.00274658
-0.00274658
-0.00274658
-0.00244141
-0.00244141
-0.00244141
-0.00274658
-0.00305176
-0.00305176
-0.00335693
-0.00335693
-0.00366211
-0.00366211
-0.00396729
-0.00427246
-0.00457764
-0.00427246
-0.00427246
-0.00366211
-0.00366211
-0.00396729
-0.00396729
-0.00366211
-0.00366211
-0.00396729
-0.00427246
-0.00396729
-0.00366211
-0.00396729
-0.00396729
-0.00396729
-0.00396729
-0.00427246
-0.00396729
-0.00335693
-0.00274658
-0.00305176
-0.00335693
-0.00305176
-0.00244141
-0.00274658
-0.00274658
-0.00305176
-0.00305176
-0.00305176
-0.00274658
-0.00274658
-0.00274658
-0.00244141
-0.00183105
-0.00122070
-0.00152588
-0.00122070
-0.00061035
-0.00030518
-0.00061035
-0.00030518
 0.00000000
 0.00000000
-0.00030518
-0.00030518
 0.00000000
 0.00030518
 0.00091553
 0.00152588
 0.00122070
 0.00122070
 0.00152588
 0.00213623
 0.00244141
 0.00244141
 0.00274658
 0.00305176
 0.00305176
 0.00274658
 0.00244141
 0.00244141
 0.00305176
 0.00335693
 0.00366211
 0.00366211
 0.00396729
 0.00396729
 0.00396729
 0.00396729
 0.00457764
 0.00427246
 0.00396729
 0.00427246
 0.00427246
 0.00427246
 0.00427246
 0.00427246
 0.00396729
 0.00427246
 0.00457764
 0.00488281
 0.00488281
 0.00457764
 0.00488281
 0.00457764
 0.00457764
 0.00427246
 0.00396729
 0.00396729
 0.00396729
 0.00396729
 0.00366211
 0.00335693
 0.00335693
 0.00335693
 0.00335693
 0.00335693
 0.00305176
 0.00274658
 0.00305176
 0.00305176
 0.00244141
 0.00244141
 0.00213623
 0.00213623
 0.00213623
 0.00213623
 0.00213623
 0.00213623
 0.00183105
 0.00152588
 0.00091553
 0.00061035
 0.00091553
 0.00122070
 0.00122070
 0.00061035
 0.00000000
 0.00000000
 0.00000000
-0.00030518
-0.00030518
-0.00061035
-0.00091553
-0.00091553
-0.00091553
-0.00122070
-0.00122070
-0.00122070
-0.00091553
-0.00091553
-0.00122070
-0.00122070
-0.00152588
-0.00183105
-0.00183105
-0.00183105
-0.00213623
-0.00244141
-0.00244141
-0.00274658
-0.00305176
-0.00305176
-0.00305176
-0.00335693
-0.00366211
-0.00366211
-0.00366211
-0.00366211
-0.00366211
-0.00366211
-0.00396729
-0.00457764
-0.00457764
-0.00427246
-0.00427246
-0.00457764
-0.00457764
-0.00457764
-0.00457764
-0.00457764
-0.00457764
-0.00488281
-0.00518799
-0.00457764
-0.00427246
-0.00427246
-0.00427246
-0.00427246
-0.00427246
-0.00396729
-0.00396729
-0.00396729
-0.00366211
-0.00366211
-0.00366211
-0.00366211
-0.00366211
-0.00335693
-0.00305176
-0.00305176
-0.00305176
-0.00305176
-0.00305176
-0.00305176
-0.00274658
-0.00274658
-0.00305176
-0.00305176
-0.00274658
-0.00213623
-0.00213623
-0.00213623
-0.00213623
-0.00213623
-0.00213623
-0.00213623
-0.00183105
-0.00152588
-0.00152588
-0.00122070
-0.00091553
-0.00061035
-0.00061035
-0.00030518
-0.00030518
-0.00030518
-0.00030518
 0.00000000
 0.00061035
 0.00061035
 0.00030518
 0.00030518
 0.00061035
 0.00061035
 0.00030518
 0.00030518
 0.00061035
 0.00061035
 0.00091553
 0.00122070
 0.00152588
 0.00183105
 0.00183105
 0.00152588
 0.00091553
 0.00091553
 0.00122070
 0.00152588
 0.00152588
 0.00183105
 0.00152588
 0.00183105
 0.00152588
 0.00183105
 0.00213623
 0.00213623
 0.00213623
 0.00183105
 0.00183105
 0.00183105
 0.00152588
 0.00183105
 0.00183105
 0.00183105
 0.00183105
 0.00183105
 0.00183105
 0.00152588
 0.00183105
 0.00152588
 0.00152588
 0.00152588
 0.00152588
 0.00152588
 0.00091553
 0.00061035
 0.00061035
 0.00030518
 0.00030518
 0.00061035
 0.00061035
 0.00061035
 0.00000000
 0.00000000
 0.00030518
 0.00030518
 0.00061035
 0.00030518
-0.00030518
 0.00000000
 0.00000000
-0.00030518
-0.00061035
-0.00061035
-0.00061035
 0.00000000
-0.00030518
-0.00061035
-0.00061035
-0.00061035
-0.00061035
-0.00091553
-0.00091553
-0.00091553
-0.00091553
-0.00122070
-0.00183105
-0.00213623
-0.00183105
-0.00183105
-0.00183105
-0.00183105
-0.00183105
-0.00183105
-0.00213623
-0.00213623
-0.00183105
-0.00213623
-0.00213623
-0.00183105
-0.00183105
-0.00183105
-0.00183105
-0.00183105
-0.00152588
-0.00183105
-0.00152588
-0.00152588
-0.00122070
-0.00122070
-0.00122070
-0.00183105
-0.00152588
-0.00152588
-0.00183105
-0.00183105
-0.00152588
-0.00152588
-0.00152588
-0.00152588
-0.00152588
-0.00122070
-0.00091553
-0.00091553
-0.00152588
-0.00152588
-0.00122070
-0.00152588
-0.00152588
-0.00152588
-0.00091553
-0.00030518
-0.00061035
-0.00091553
-0.00122070
-0.00152588
-0.00091553
-0.00091553
-0.00091553
-0.00091553
-0.00091553
-0.00091553
-0.00061035
-0.00030518
-0.00030518
-0.00061035
-0.00061035
-0.00030518
 0.00000000
 0.00030518
 0.00000000
 0.00000000
-0.00030518
-0.00030518
-0.00030518
 0.00000000
 0.00000000
 0.00000000
 0.00000000
 0.00000000
 0.00030518
 0.00030518
 0.00061035
 0.00061035
 0.00061035
 0.00061035
 0.00122070
 0.00122070
 0.00152588
 0.00152588
 0.00122070
 0.00091553
 0.00091553
 0.00091553
 0.00091553
 0.00152588
 0.00183105
 0.00183105
 0.00122070
 0.00091553
 0.00091553
 0.00061035
 0.00091553
 0.00122070
 0.00122070
 0.00122070
 0.00091553
 0.00122070
 0.00122070
 0.00122070
 0.00122070
 0.00091553
 0.00061035
 0.00061035
 0.00091553
 0.00091553
 0.00091553
 0.00061035
 0.00030518
 0.00030518
 0.00061035
 0.00061035
 0.00061035
 0.00030518
 0.00000000
 0.00000000
 0.00000000
 0.00030518
 0.00030518
 0.00000000
 0.00000000
-0.00030518
 0.00000000
 0.00030518
 0.00000000
-0.00030518
-0.00030518
-0.00061035
-0.00061035
-0.00030518
-0.00061035
-0.00122070
-0.00091553
-0.00061035
-0.00061035
-0.00061035
-0.00091553
-0.00122070
-0.00152588
-0.00122070
-0.00091553
-0.00122070
-0.00122070
-0.00152588
-0.00152588
-0.00122070
-0.00152588
-0.00152588
-0.00122070
-0.00061035
-0.00030518
-0.00030518
-0.00091553
-0.00122070
-0.00091553
-0.00061035
-0.00061035
-0.00091553
-0.00091553
-0.00091553
-0.00091553
-0.00061035
-0.00061035
-0.00091553
-0.00122070
-0.00183105
-0.00152588
-0.00091553
-0.00061035
-0.00061035
-0.00061035
-0.00091553
-0.00091553
-0.00061035
-0.00030518
-0.00030518
-0.00061035
-0.00061035
-0.00061035
-0.00030518
-0.00030518
-0.00061035
-0.00030518
-0.00061035
-0.00091553
-0.00122070
-0.00061035
 0.00030518
 0.00030518
 0.00000000
-0.00061035
-0.00061035
-0.00061035
-0.00030518
-0.00030518
-0.00030518
-0.00030518
 0.00000000
-0.00030518
 0.00000000
 0.00030518
 0.00030518
 0.00030518
 0.00061035
 0.00091553
 0.00122070
 0.00061035
 0.00061035
 0.00061035
 0.00061035
 0.00061035
 0.00061035
 0.00091553
 0.00152588
 0.00122070
 0.00122070
 0.00091553
 0.00091553
 0.00122070
 0.00183105
 0.00152588
 0.00091553
 0.00122070
 0.00152588
 0.00152588
 0.00152588
 0.00091553
 0.00030518
 0.00000000
 0.00030518
 0.00030518
 0.00030518
 0.00030518
 0.00091553
 0.00091553
 0.00061035
 0.00000000
 0.00030518
 0.00061035
 0.00061035
 0.00000000
 0.00000000
-0.00030518
 0.00000000
 0.00061035
 0.00061035
 0.00091553
 0.00030518
-0.00030518
-0.00061035
-0.00061035
-0.00030518
-0.00061035
-0.00061035
-0.00061035
 0.00000000
-0.00061035
-0.00091553
-0.00091553
-0.00061035
-0.00122070
-0.00183105
-0.00152588
-0.00183105
-0.00183105
-0.00213623
-0.00183105
-0.00213623
-0.00213623
-0.00213623
-0.00213623
-0.00213623
-0.00213623
-0.00213623
-0.00213623
-0.00244141
-0.00274658
-0.00274658
-0.00274658
-0.00305176
-0.00305176
-0.00335693
-0.00305176
-0.00274658
-0.00274658
-0.00305176
-0.00305176
-0.00305176
-0.00305176
-0.00305176
-0.00335693
-0.00366211
-0.00396729
-0.00396729
-0.00366211
-0.00366211
-0.00366211
-0.00366211
-0.00396729
-0.00396729
-0.00366211
-0.00335693
-0.00335693
-0.00335693
-0.00366211
-0.00396729
-0.00366211
-0.00335693
-0.00305176
-0.00335693
-0.00335693
-0.00335693
-0.00305176
-0.00244141
-0.00244141
-0.00213623
-0.00213623
-0.00213623
-0.00183105
-0.00152588
-0.00152588
-0.00183105
-0.00183105
-0.00152588
-0.00183105
-0.00152588
-0.00122070
-0.00152588
-0.00122070
-0.00122070
-0.00091553
-0.00061035
-0.00061035
-0.00061035
-0.00061035
-0.00061035
-0.00030518
 0.00000000
-0.00030518
 0.00000000
 0.00030518
 0.00061035
 0.00061035
 0.00061035
 0.00061035
 0.00091553
 0.00152588
 0.00152588
 0.00122070
 0.00122070
 0.00152588
 0.00183105
 0.00213623
 0.00213623
 0.00213623
 0.00213623
 0.00183105
 0.00213623
 0.00213623
 0.00213623
 0.00244141
 0.00274658
 0.00244141
 0.00244141
 0.00244141
 0.00274658
 0.00305176
 0.00274658
 0.00274658
 0.00274658
 0.00274658
 0.00274658
 0.00305176
 0.00335693
 0.00335693
 0.00335693
 0.00274658
 0.00274658
 0.00335693
 0.00366211
 0.00335693
 0.00335693
 0.00335693
 0.00305176
 0.00305176
 0.00305176
 0.00305176
 0.00305176
 0.00305176
 0.00305176
 0.00305176
 0.00305176
 0.00274658
 0.00274658
 0.00244141
 0.00274658
 0.00305176
 0.00274658
 0.00244141
 0.00244141
 0.00244141
 0.00244141
 0.00213623
 0.00183105
 0.00183105
 0.00152588
 0.00122070
 0.00152588
 0.00183105
 0.00183105
 0.00152588
 0.00152588
 0.00152588
 0.00152588
 0.00152588
 0.00122070
 0.00061035
 0.00030518
 0.00061035
 0.00122070
 0.00061035
-0.00030518
-0.00061035
-0.00091553
-0.00061035
-0.00030518
-0.00061035
-0.00091553
-0.00091553
-0.00122070
-0.00152588
-0.00152588
-0.00183105
-0.00152588
-0.00122070
-0.00122070
-0.00152588
-0.00213623
-0.00183105
-0.00183105
-0.00183105
-0.00213623
-0.00244141
-0.00305176
-0.00335693
-0.00335693
-0.00274658
-0.00213623
-0.00183105
-0.00244141
-0.00274658
-0.00274658
-0.00274658
-0.00244141
-0.00244141
-0.00305176
-0.00335693
-0.00274658
-0.00213623
-0.00244141
-0.00274658
-0.00335693
-0.00335693
-0.00335693
-0.00366211
-0.00427246
-0.00366211
-0.00335693
-0.00305176
-0.00305176
-0.00305176
-0.00305176
-0.00305176
-0.00305176
-0.00274658
-0.00274658
-0.00305176
-0.00244141
-0.00213623
-0.00244141
-0.00305176
-0.00335693
-0.00274658
-0.00244141
-0.00244141
-0.00244141
-0.00244141
-0.00213623
-0.00152588
-0.00183105
-0.00183105
-0.00213623
-0.00183105
-0.00152588
-0.00183105
-0.00183105
-0.00183105
-0.00122070
-0.00122070
-0.00152588
-0.00183105
-0.00183105
-0.00183105
-0.00122070
-0.00091553
-0.00030518
-0.00030518
 0.00000000
 0.00030518
 0.00061035
 0.00030518
 0.00000000
-0.00030518
-0.00030518
 0.00030518
 0.00061035
 0.00061035
 0.00061035
 0.00030518
 0.00061035
 0.00091553
 0.00061035
 0.00061035
 0.00061035
 0.00061035
 0.00091553
 0.00122070
 0.00122070
 0.00091553
 0.00091553
 0.00091553
 0.00061035
 0.00030518
 0.00061035
 0.00061035
 0.00091553
 0.00122070
 0.00122070
 0.00122070
 0.00152588
 0.00152588
 0.00152588
 0.00152588
 0.00183105
 0.00213623
 0.00183105
 0.00213623
 0.00213623
 0.00213623
 0.00152588
 0.00152588
 0.00122070
 0.00152588
 0.00152588
 0.00122070
 0.00122070
 0.00122070
 0.00091553
 0.00122070
 0.00152588
 0.00122070
 0.00061035
 0.00030518
 0.00030518
 0.00061035
 0.00030518
 0.00061035
 0.00061035
 0.00030518
 0.00000000
-0.00030518
-0.00030518
-0.00061035
-0.00061035
 0.00000000
 0.00030518
 0.00000000
-0.00030518
-0.00030518
-0.00061035
-0.00061035
-0.00061035
-0.00061035
-0.00091553
-0.00091553
-0.00091553
-0.00091553
-0.00091553
-0.00091553
-0.00091553
-0.00091553
-0.00122070
-0.00152588
-0.00152588
-0.00152588
-0.00183105
-0.00244141
-0.00244141
-0.00213623
-0.00213623
-0.00244141
-0.00244141
-0.00274658
-0.00244141
-0.00213623
-0.00244141
-0.00274658
-0.00244141
-0.00183105
-0.00183105
-0.00213623
-0.00244141
-0.00244141
-0.00244141
-0.00183105
-0.00183105
-0.00183105
-0.00213623
-0.00244141
-0.00244141
-0.00244141
-0.00213623
-0.00213623
-0.00213623
-0.00244141
-0.00274658
-0.00305176
-0.00274658
-0.00244141
-0.00213623
-0.00213623
-0.00244141
-0.00274658
-0.00274658
-0.00274658
-0.00274658
-0.00274658
-0.00274658
-0.00244141
-0.00213623
-0.00213623
-0.00213623
-0.00183105
-0.00152588
-0.00152588
-0.00152588
-0.00152588
-0.00152588
-0.00152588
-0.00122070
-0.00091553
-0.00091553
-0.00061035
-0.00091553
-0.00091553
-0.00061035
-0.00061035
-0.00061035
-0.00061035
-0.00061035
-0.00061035
-0.00030518
 0.00030518
 0.00030518
 0.00000000
-0.00030518
 0.00000000
-0.00030518
 0.00000000
 0.00030518
 0.00000000
 0.00030518
 0.00061035
 0.00091553
 0.00091553
 0.00091553
 0.00091553
 0.00122070
 0.00122070
 0.00122070
 0.00122070
 0.00122070
 0.00091553
 0.00091553
 0.00122070
 0.00122070
 0.00122070
 0.00091553
 0.00061035
 0.00091553
 0.00152588
 0.00183105
 0.00152588
 0.00122070
 0.00122070
 0.00152588
 0.00183105
 0.00213623
 0.00213623
 0.00213623
 0.00152588
 0.00091553
 0.00061035
 0.00122070
 0.00183105
 0.00213623
 0.00183105
 0.00152588
 0.00183105
 0.00183105
 0.00183105
 0.00183105
 0.00213623
 0.00213623
 0.00183105
 0.00152588
 0.00152588
 0.00152588
 0.00152588
 0.00152588
 0.00152588
 0.00152588
 0.00152588
 0.00152588
 0.00152588
 0.00152588
 0.00122070
 0.00152588
 0.00183105
 0.00183105
 0.00122070
 0.00152588
 0.00152588
 0.00122070
 0.00061035
 0.00030518
 0.00030518
 0.00061035
 0.00061035
 0.00030518
 0.00030518
 0.00061035
 0.00091553
 0.00122070
 0.00122070
 0.00091553
 0.00091553
 0.00061035
 0.00061035
 0.00061035
 0.00030518
 0.00000000
-0.00030518
-0.00030518
 0.00000000
 0.00000000
 0.00000000
-0.00030518
-0.00030518
 0.00000000
 0.00000000
 0.00030518
 0.00030518
 0.00000000
 0.00000000
 0.00000000
 0.00000000
-0.00061035
-0.00061035
-0.00030518
-0.00061035
-0.00030518
 0.00000000
 0.00000000
-0.00061035
-0.00091553
-0.00061035
-0.00030518
 0.00000000
-0.00030518
-0.00061035
-0.00091553
-0.00091553
-0.00091553
-0.00122070
-0.00091553
-0.00061035
-0.00091553
-0.00122070
-0.00122070
-0.00091553
-0.00061035
-0.00061035
-0.00122070
-0.00152588
-0.00122070
-0.00122070
-0.00152588
-0.00152588
-0.00152588
-0.00152588
-0.00152588
-0.00122070
-0.00122070
-0.00122070
-0.00152588
-0.00152588
-0.00152588
-0.00122070
-0.00091553
-0.00091553
-0.00091553
-0.00122070
-0.00122070
-0.00122070
-0.00091553
-0.00091553
-0.00091553
-0.00091553
-0.00091553
-0.00122070
-0.00152588
-0.00152588
-0.00152588
-0.00152588
-0.00122070
-0.00122070
-0.00091553
-0.00091553
-0.00122070
-0.00091553
-0.00091553
-0.00091553
-0.00122070
-0.00122070
-0.00091553
-0.00122070
-0.00122070
-0.00122070
-0.00091553
-0.00030518
-0.00030518
-0.00091553
-0.00122070
-0.00091553
-0.00061035
 0.00000000
-0.00030518
-0.00061035
-0.00061035
-0.00030518
-0.00091553
-0.00152588
-0.00183105
-0.00152588
-0.00061035
-0.00061035
-0.00091553
-0.00122070
-0.00152588
-0.00091553
-0.00091553
-0.00091553
-0.00091553
-0.00061035
-0.00061035
-0.00091553
-0.00122070
-0.00152588
-0.00122070
-0.00122070
-0.00091553
-0.00122070
-0.00152588
-0.00122070
-0.00122070
-0.00183105
-0.00213623
-0.00213623
-0.00152588
-0.00122070
-0.00091553
-0.00122070
-0.00122070
-0.00122070
-0.00152588
-0.00152588
-0.00152588
-0.00122070
-0.00122070
-0.00091553
-0.00122070
-0.00152588
-0.00183105
-0.00122070
-0.00091553
-0.00091553
-0.00152588
-0.00152588
-0.00122070
-0.00091553
-0.00091553
-0.00122070
-0.00122070
-0.00152588
-0.00122070
-0.00091553
-0.00061035
-0.00061035
-0.00061035
-0.00061035
-0.00091553
-0.00061035
-0.00030518
-0.00061035
-0.00091553
-0.00091553
-0.00030518
 0.00000000
 0.00000000
 0.00000000
 0.00000000
 0.00000000
 0.00000000
 0.00061035
 0.00061035
 0.00000000
-0.00030518
 0.00000000
 0.00030518
 0.00061035
 0.00061035
 0.00030518
 0.00000000
 0.00000000
 0.00030518
 0.00061035
 0.00091553
 0.00061035
 0.00091553
 0.00152588
 0.00152588
 0.00122070
 0.00122070
 0.00122070
 0.00152588
 0.00152588
 0.00183105
 0.00183105
 0.00183105
 0.00183105
 0.00152588
 0.00152588
 0.00183105
 0.00183105
 0.00183105
 0.00152588
 0.00122070
 0.00091553
 0.00122070
 0.00152588
 0.00122070
 0.00152588
 0.00183105
 0.00152588
 0.00152588
 0.00152588
 0.00152588
 0.00122070
 0.00122070
 0.00091553
 0.00061035
 0.00091553
 0.00091553
 0.00061035
 0.00061035
 0.00091553
 0.00152588
 0.00152588
 0.00122070
 0.00122070
 0.00091553
 0.00061035
 0.00061035
 0.00061035
 0.00091553
 0.00091553
 0.00030518
 0.00000000
 0.00000000
 0.00000000
 0.00030518
 0.00061035
 0.00061035
-0.00030518
-0.00091553
-0.00091553
-0.00061035
-0.00061035
-0.00091553
-0.00091553
-0.00061035
-0.00061035
-0.00091553
-0.00122070
-0.00091553
-0.00091553
-0.00091553
-0.00091553
-0.00122070
-0.00122070
-0.00091553
-0.00091553
-0.00091553
-0.00091553
-0.00122070
-0.00122070
-0.00152588
-0.00122070
-0.00122070
-0.00183105
-0.00183105
-0.00122070
-0.00122070
-0.00152588
-0.00183105
-0.00183105
-0.00183105
-0.00183105
-0.00213623
-0.00213623
-0.00213623
-0.00213623
-0.00152588
-0.00152588
-0.00183105
-0.00244141
-0.00213623
-0.00213623
-0.00183105
-0.00152588
-0.00183105
-0.00213623
-0.00183105
-0.00152588
-0.00122070
-0.00152588
-0.00152588
-0.00152588
-0.00122070
-0.00061035
-0.00091553
-0.00152588
-0.00152588
-0.00122070
-0.00091553
-0.00091553
-0.00091553
-0.00091553
-0.00091553
-0.00122070
-0.00122070
-0.00091553
-0.00061035
-0.00061035
-0.00061035
-0.00030518
-0.00030518
 0.00000000
 0.00030518
 0.00000000
-0.00030518
-0.00061035
 0.00000000
 0.00061035
 0.00061035
 0.00000000
 0.00000000
 0.00000000
 0.00030518
 0.00061035
 0.00030518
 0.00030518
 0.00030518
 0.00061035
 0.00091553
 0.00122070
 0.00091553
 0.00061035
 0.00091553
 0.00061035
 0.00061035
 0.00061035
 0.00091553
 0.00122070
 0.00091553
 0.00122070
 0.00122070
 0.00091553
 0.00152588
 0.00183105
 0.00152588
 0.00091553
 0.00091553
 0.00122070
 0.00122070
 0.00122070
 0.00122070
 0.00183105
 0.00183105
 0.00152588
 0.00183105
 0.00183105
 0.00183105
 0.00152588
 0.00183105
 0.00213623
 0.00213623
 0.00213623
 0.00152588
 0.00122070
 0.00183105
 0.00213623
 0.00183105
 0.00152588
 0.00152588
 0.00152588
 0.00152588
 0.00122070
 0.00091553
 0.00091553
 0.00091553
 0.00030518
 0.00061035
 0.00091553
 0.00122070
 0.00152588
 0.00122070
 0.00091553
 0.00091553
 0.00091553
 0.00091553
 0.00061035
 0.00061035
 0.00091553
 0.00061035
 0.00030518
 0.00000000
 0.00030518
 0.00061035
 0.00061035
 0.00030518
 0.00000000
 0.00000000
 0.00030518
 0.00030518
 0.00030518
 0.00000000
-0.00030518
-0.00091553
-0.00091553
-0.00030518
 0.00000000
-0.00030518
-0.00061035
-0.00122070
-0.00152588
-0.00122070
-0.00091553
-0.00061035
-0.00091553
-0.00091553
-0.00122070
-0.00122070
-0.00152588
-0.00122070
-0.00122070
-0.00122070
-0.00183105
-0.00213623
-0.00183105
-0.00152588
-0.00152588
-0.00183105
-0.00244141
-0.00213623
-0.00183105
-0.00183105
-0.00213623
-0.00213623
-0.00183105
-0.00152588
-0.00152588
-0.00183105
-0.00213623
-0.00244141
-0.00244141
-0.00244141
-0.00244141
-0.00213623
-0.00244141
-0.00274658
-0.00305176
-0.00274658
-0.00244141
-0.00183105
-0.00213623
-0.00244141
-0.00244141
-0.00183105
-0.00152588
-0.00152588
-0.00244141
-0.00244141
-0.00213623
-0.00152588
-0.00183105
-0.00213623
-0.00244141
-0.00244141
-0.00213623
-0.00213623
-0.00213623
-0.00183105
-0.00152588
-0.00152588
-0.00213623
-0.00244141
-0.00213623
-0.00152588
-0.00122070
-0.00152588
-0.00183105
-0.00213623
-0.00213623
-0.00213623
-0.00152588
-0.00122070
-0.00091553
-0.00061035
-0.00061035
-0.00061035
-0.00091553
-0.00122070
-0.00122070
-0.00122070
-0.00122070
-0.00122070
-0.00122070
-0.00122070
-0.00091553
-0.00061035
-0.00061035
-0.00061035
-0.00122070
-0.00122070
-0.00061035
 0.00000000
 0.00000000
-0.00030518
 0.00000000
 0.00030518
 0.00000000
-0.00030518
-0.00061035
-0.00030518
 0.00000000
 0.00000000
-0.00030518
-0.00030518
 0.00030518
 0.00000000
 0.00030518
 0.00030518
 0.00030518
 0.00091553
 0.00122070
 0.00152588
 0.00152588
 0.00091553
 0.00091553
 0.00091553
 0.00122070
 0.00152588
 0.00183105
 0.00152588
 0.00122070
 0.00091553
 0.00122070
 0.00152588
 0.00183105
 0.00183105
 0.00183105
 0.00091553
 0.00091553
 0.00152588
 0.00183105
 0.00152588
 0.00122070
 0.00152588
 0.00122070
 0.00122070
 0.00122070
 0.00122070
 0.00122070
 0.00152588
 0.00152588
 0.00122070
 0.00122070
 0.00122070
 0.00122070
 0.00122070
 0.00122070
 0.00091553
 0.00061035
 0.00061035
 0.00061035
 0.00061035
 0.00091553
 0.00122070
 0.00122070
 0.00091553
 0.00091553
 0.00061035
 0.00061035
 0.00030518
 0.00030518
 0.00030518
 0.00000000
-0.00030518
 0.00030518
 0.00061035
 0.00061035
-0.00030518
-0.00061035
-0.00030518
 0.00030518
 0.00030518
 0.00061035
 0.00061035
 0.00061035
 0.00030518
 0.00000000
 0.00000000
 0.00000000
 0.00000000
 0.00030518
 0.00030518
 0.00000000
 0.00000000
 0.00000000
 0.00000000
 0.00000000
-0.00030518
 0.00000000
 0.00000000
-0.00030518
-0.00030518
 0.00000000
 0.00000000
 0.00000000
 0.00000000
 0.00000000
 0.00030518
 0.00000000
 0.00000000
-0.00030518
-0.00030518
-0.00061035
-0.00061035
-0.00061035
-0.00030518
 0.00000000
-0.00061035
-0.00091553
-0.00061035
-0.00061035
-0.00091553
-0.00091553
-0.00061035
-0.00061035
-0.00061035
-0.00030518
-0.00030518
-0.00091553
-0.00122070
-0.00122070
-0.00122070
-0.00091553
-0.00091553
-0.00061035
-0.00091553
-0.00091553
-0.00030518
-0.00030518
-0.00061035
-0.00061035
-0.00030518
-0.00030518
-0.00061035
-0.00091553
-0.00091553
-0.00061035
-0.00061035
-0.00061035
-0.00061035
-0.00030518
-0.00030518
-0.00030518
 0.00000000
 0.00000000
 0.00000000
-0.00061035
-0.00030518
 0.00000000
 0.00000000
 0.00000000
-0.00030518
-0.00030518
-0.00061035
-0.00061035
 0.00000000
 0.00061035
 0.00061035
 0.00061035
 0.00030518
 0.00030518
 0.00030518
 0.00030518
 0.00061035
 0.00061035
 0.00061035
 0.00030518
 0.00000000
 0.00000000
 0.00061035
 0.00122070
 0.00122070
 0.00061035
 0.00030518
 0.00061035
 0.00091553
 0.00122070
 0.00122070
 0.00091553
 0.00122070
 0.00122070
 0.00122070
 0.00091553
 0.00091553
 0.00091553
 0.00091553
 0.00091553
 0.00091553
 0.00091553
 0.00091553
 0.00122070
 0.00122070
 0.00122070
 0.00122070
 0.00122070
 0.00091553
 0.00091553
 0.00061035
 0.00091553
 0.00122070
 0.00091553
 0.00091553
 0.00061035
 0.00091553
 0.00091553
 0.00061035
 0.00091553
 0.00122070
 0.00122070
 0.00091553
 0.00061035
 0.00061035
 0.00122070
 0.00122070
 0.00152588
 0.00122070
 0.00122070
 0.00122070
 0.00152588
 0.00122070
 0.00091553
 0.00091553
 0.00091553
 0.00091553
 0.00091553
 0.00061035
 0.00061035
 0.00000000
-0.00061035
-0.00030518
 0.00030518
 0.00030518
-0.00030518
-0.00061035
-0.00061035
-0.00030518
 0.00000000
 0.00000000
 0.00000000
 0.00000000
-0.00030518
-0.00091553
-0.00091553
-0.00091553
-0.00030518
-0.00030518
-0.00061035
-0.00091553
-0.00061035
-0.00091553
-0.00091553
-0.00091553
-0.00061035
-0.00061035
-0.00091553
-0.00122070
-0.00122070
-0.00061035
-0.00030518
-0.00030518
-0.00030518
-0.00061035
-0.00061035
-0.00091553
-0.00122070
-0.00152588
-0.00183105
-0.00122070
-0.00061035
-0.00061035
-0.00091553
-0.00122070
-0.00122070
-0.00122070
-0.00122070
-0.00122070
-0.00183105
-0.00183105
-0.00213623
-0.00183105
-0.00152588
-0.00122070
-0.00122070
-0.00152588
-0.00152588
-0.00183105
-0.00122070
-0.00091553
-0.00152588
-0.00183105
-0.00122070
-0.00061035
-0.00061035
-0.00091553
-0.00122070
-0.00122070
-0.00152588
-0.00183105
-0.00183105
-0.00152588
-0.00152588
-0.00183105
-0.00152588
-0.00091553
-0.00061035
-0.00061035
-0.00091553
-0.00091553
-0.00061035
-0.00061035
-0.00061035
-0.00030518
-0.00030518
-0.00030518
-0.00091553
-0.00091553
-0.00061035
-0.00061035
-0.00061035
 0.00000000
 0.00000000
 0.00000000
 0.00000000
-0.00030518
-0.00030518
-0.00030518
-0.00030518
 0.00000000
-0.00030518
 0.00000000
 0.00000000
 0.00000000
 0.00000000
-0.00030518
-0.00061035
-0.00061035
-0.00061035
-0.00030518
 0.00000000
 0.00030518
 0.00030518
 0.00030518
 0.00030518
 0.00030518
 0.00061035
 0.00061035
 0.00030518
 0.00030518
 0.00030518
 0.00030518
 0.00030518
 0.00030518
 0.00030518
 0.00030518
 0.00061035
 0.00122070
 0.00152588
 0.00122070
 0.00091553
 0.00061035
 0.00061035
 0.00061035
 0.00061035
 0.00061035
 0.00030518
 0.00030518
 0.00030518
 0.00030518
 0.00030518
 0.00000000
-0.00030518
-0.00030518
-0.00030518
 0.00000000
 0.00030518
 0.00091553
 0.00030518
 0.00030518
 0.00000000
-0.00030518
-0.00030518
 0.00000000
 0.00030518
 0.00061035
 0.00000000
-0.00061035
-0.00061035
 0.00000000
 0.00061035
 0.00061035
 0.00030518
 0.00000000
 0.00030518
 0.00030518
 0.00061035
 0.00030518
 0.00030518
 0.00000000
 0.00030518
 0.00061035
 0.00061035
 0.00000000
 0.00000000
-0.00030518
 0.00000000
 0.00030518
 0.00091553
 0.00061035
 0.00030518
 0.00000000
 0.00000000
 0.00030518
 0.00030518
 0.00000000
 0.00000000
 0.00030518
 0.00061035
 0.00030518
 0.00000000
 0.00000000
 0.00000000
 0.00030518
 0.00061035
 0.00061035
 0.00030518
 0.00000000
 0.00030518
 0.00061035
 0.00061035
 0.00030518
 0.00000000
 0.00000000
 0.00030518
 0.00030518
 0.00030518
 0.00061035
 0.00061035
 0.00030518
 0.00030518
 0.00091553
 0.00122070
 0.00152588
 0.00152588
 0.00091553
 0.00091553
 0.00091553
 0.00091553
 0.00061035
 0.00061035
 0.00091553
 0.00122070
 0.00122070
 0.00091553
 0.00091553
 0.00122070
 0.00152588
 0.00183105
 0.00183105
 0.00152588
 0.00122070
 0.00091553
 0.00122070
 0.00122070
 0.00091553
 0.00091553
 0.00122070
 0.00122070
 0.00122070
 0.00122070
 0.00122070
 0.00091553
 0.00091553
 0.00122070
 0.00152588
 0.00152588
 0.00152588
 0.00122070
 0.00122070
 0.00122070
 0.00091553
 0.00061035
 0.00030518
 0.00030518
 0.00091553
 0.00122070
 0.00091553
 0.00091553
 0.00091553
 0.00061035
 0.00061035
 0.00061035
 0.00030518
 0.00000000
 0.00000000
 0.00030518
 0.00000000
 0.00030518
 0.00000000
-0.00030518
-0.00061035
-0.00061035
-0.00030518
 0.00000000
 0.00000000
 0.00030518
 0.00000000
-0.00030518
-0.00061035
-0.00030518
 0.00000000
 0.00000000
 0.00000000
-0.00030518
-0.00061035
-0.00091553
-0.00091553
-0.00091553
-0.00122070
-0.00152588
-0.00122070
-0.00091553
-0.00122070
-0.00122070
-0.00152588
-0.00152588
-0.00122070
-0.00122070
-0.00091553
-0.00091553
-0.00152588
-0.00152588
-0.00122070
-0.00091553
-0.00122070
-0.00122070
-0.00152588
-0.00152588
-0.00152588
-0.00091553
-0.00091553
-0.00122070
-0.00122070
-0.00183105
-0.00183105
-0.00152588
-0.00152588
-0.00152588
-0.00152588
-0.00122070
-0.00122070
-0.00122070
-0.00152588
-0.00152588
-0.00122070
-0.00122070
-0.00122070
-0.00122070
-0.00122070
-0.00091553
-0.00091553
-0.00091553
-0.00091553
-0.00091553
-0.00091553
-0.00091553
-0.00091553
-0.00091553
-0.00061035
-0.00030518
-0.00061035
-0.00061035
-0.00061035
-0.00091553
-0.00030518
 0.00030518
 0.00000000
 0.00000000
 0.00000000
 0.00000000
 0.00000000
-0.00030518
-0.00030518
-0.00030518
 0.00000000
 0.00030518
 0.00030518
 0.00000000
 0.00000000
 0.00000000
 0.00030518
 0.00030518
 0.00061035
 0.00061035
 0.00030518
 0.00030518
 0.00061035
 0.00061035
 0.00061035
 0.00000000
 0.00061035
 0.00091553
 0.00091553
 0.00061035
 0.00030518
 0.00061035
 0.00061035
 0.00122070
 0.00122070
 0.00091553
 0.00091553
 0.00061035
 0.00091553
 0.00122070
 0.00152588
 0.00152588
 0.00091553
 0.00061035
 0.00091553
 0.00122070
 0.00122070
 0.00152588
 0.00152588
 0.00152588
 0.00122070
 0.00122070
 0.00122070
 0.00122070
 0.00091553
 0.00030518
 0.00030518
 0.00030518
 0.00030518
 0.00030518
 0.00061035
 0.00091553
 0.00122070
 0.00091553
 0.00061035
 0.00091553
 0.00122070
 0.00152588
 0.00122070
 0.00091553
 0.00061035
 0.00030518
 0.00030518
 0.00030518
 0.00061035
 0.00061035
 0.00061035
 0.00061035
 0.00061035
 0.00030518
 0.00000000
 0.00000000
 0.00000000
-0.00030518
-0.00030518
 0.00000000
 0.00000000
 0.00030518
 0.00000000
-0.00030518
-0.00030518
 0.00000000
 0.00000000
 0.00000000
 0.00000000
-0.00030518
-0.00061035
-0.00030518
-0.00030518
 0.00000000
-0.00061035
-0.00122070
-0.00122070
-0.00091553
-0.00030518
-0.00030518
-0.00061035
-0.00061035
-0.00061035
-0.00061035
-0.00091553
-0.00091553
-0.00091553
-0.00091553
-0.00061035
-0.00091553
-0.00122070
-0.00152588
-0.00122070
-0.00091553
-0.00091553
-0.00091553
-0.00091553
-0.00091553
-0.00122070
-0.00091553
-0.00061035
-0.00061035
-0.00091553
-0.00091553
-0.00061035
-0.00030518
-0.00061035
-0.00122070
-0.00091553
-0.00030518
 0.00000000
 0.00000000
 0.00000000
 0.00030518
 0.00000000
 0.00000000
 0.00000000
 0.00000000
-0.00030518
-0.00061035
-0.00061035
-0.00061035
-0.00061035
-0.00061035
-0.00091553
-0.00091553
-0.00061035
-0.00030518
 0.00000000
 0.00000000
 0.00000000
-0.00030518
-0.00030518
-0.00030518
 0.00000000
 0.00030518
-0.00030518
-0.00030518
 0.00000000
 0.00030518
 0.00030518
 0.00000000
 0.00030518
 0.00061035
 0.00061035
 0.00030518
 0.00030518
 0.00061035
 0.00030518
 0.00030518
 0.00030518
 0.00061035
 0.00061035
 0.00061035
 0.00030518
 0.00030518
 0.00061035
 0.00091553
 0.00061035
 0.00091553
 0.00061035
 0.00030518
 0.00000000
 0.00000000
 0.00030518
 0.00061035
 0.00091553
 0.00091553
 0.00061035
 0.00091553
 0.00061035
 0.00030518
 0.00030518
 0.00091553
 0.00122070
 0.00152588
 0.00152588
 0.00122070
 0.00091553
 0.00091553
 0.00122070
 0.00152588
 0.00152588
 0.00152588
 0.00122070
 0.00122070
 0.00122070
 0.00122070
 0.00152588
 0.00122070
 0.00091553
 0.00061035
 0.00030518
 0.00030518
 0.00030518
 0.00091553
 0.00122070
 0.00091553
 0.00061035
 0.00030518
 0.00030518
 0.00030518
 0.00030518
 0.00061035
 0.00061035
 0.00061035
 0.00091553
 0.00091553
 0.00091553
 0.00091553
 0.00091553
 0.00061035
 0.00061035
 0.00061035
 0.00061035
 0.00091553
 0.00061035
 0.00061035
 0.00030518
 0.00030518
 0.00000000
 0.00000000
 0.00000000
 0.00000000
 0.00000000
 0.00000000
-0.00030518
 0.00000000
 0.00030518
 0.00061035
 0.00061035
 0.00030518
 0.00000000
-0.00030518
 0.00000000
 0.00030518
 0.00061035
 0.00030518
 0.00000000
-0.00030518
-0.00030518
 0.00000000
 0.00030518
 0.00000000
 0.00000000
-0.00030518
-0.00030518
 0.00030518
 0.00030518
 0.00030518
 0.00000000
-0.00061035
-0.00030518
-0.00030518
 0.00000000
-0.00030518
-0.00061035
-0.00030518
-0.00061035
-0.00061035
-0.00061035
-0.00030518
-0.00030518
-0.00091553
-0.00091553
-0.00061035
-0.00030518
 0.00000000
-0.00061035
-0.00091553
-0.00091553
-0.00061035
-0.00030518
-0.00091553
-0.00122070
-0.00091553
-0.00061035
-0.00061035
-0.00061035
-0.00091553
-0.00091553
-0.00030518
-0.00030518
-0.00061035
-0.00091553
-0.00091553
-0.00061035
-0.00061035
-0.00091553
-0.00061035
-0.00061035
-0.00061035
-0.00061035
-0.00061035
-0.00091553
-0.00091553
-0.00122070
-0.00091553
-0.00030518
 0.00000000
 0.00000000
-0.00030518
-0.00061035
-0.00061035
-0.00061035
-0.00061035
-0.00091553
-0.00091553
-0.00061035
-0.00061035
-0.00061035
-0.00030518
 0.00000000
 0.00000000
-0.00030518
-0.00061035
-0.00061035
 0.00000000
 0.00030518
 0.00000000
 0.00000000
 0.00000000
 0.00030518
-0.00030518
-0.00061035
-0.00030518
 0.00000000
 0.00000000
 0.00000000
-0.00030518
-0.00030518
 0.00000000
 0.00061035
 0.00122070
 0.00091553
 0.00061035
 0.00030518
 0.00030518
 0.00000000
 0.00000000
 0.00000000
 0.00030518
 0.00030518
 0.00000000
 0.00000000
 0.00030518
 0.00030518
 0.00030518
 0.00030518
 0.00061035
 0.00061035
 0.00061035
 0.00091553
 0.00061035
 0.00030518
-0.00030518
-0.00030518
 0.00000000
 0.00030518
 0.00000000
 0.00000000
-0.00030518
 0.00000000
 0.00000000
 0.00030518
 0.00030518
 0.00000000
 0.00061035
 0.00061035
 0.00030518
 0.00030518
 0.00000000
-0.00030518
-0.00061035
-0.00030518
 0.00030518
 0.00000000
-0.00030518
-0.00061035
-0.00030518
 0.00030518
 0.00061035
 0.00030518
 0.00000000
 0.00000000
-0.00061035
-0.00061035
 0.00000000
 0.00000000
-0.00030518
-0.00030518
-0.00061035
-0.00030518
 0.00000000
 0.00000000
 0.00000000
-0.00030518
-0.00030518
 0.00000000
 0.00000000
 0.00030518
 0.00000000
 0.00000000
 0.00000000
-0.00030518
-0.00030518
-0.00061035
-0.00030518
 0.00000000
 0.00000000
-0.00030518
 0.00000000
 0.00000000
-0.00030518
-0.00030518
-0.00030518
-0.00030518
-0.00030518
-0.00030518
-0.00061035
-0.00030518
-0.00030518
-0.00030518
-0.00061035
-0.00030518
 0.00030518
 0.00030518
 0.00000000
-0.00030518
 0.00000000
 0.00030518
 0.00030518
-0.00061035
-0.00061035
-0.00030518
 0.00000000
 0.00000000
-0.00030518
-0.00061035
-0.00030518
-0.00030518
 0.00000000
 0.00030518
 0.00030518
-0.00030518
-0.00030518
-0.00030518
 0.00000000
 0.00030518
 0.00030518
 0.00061035
 0.00030518
 0.00000000
-0.00030518
-0.00030518
 0.00000000
 0.00030518
 0.00091553
 0.00091553
 0.00091553
 0.00061035
 0.00061035
 0.00030518
 0.00061035
 0.00091553
 0.00122070
 0.00091553
 0.00030518
 0.00000000
 0.00000000
 0.00030518
 0.00030518
 0.00061035
 0.00030518
 0.00030518
 0.00030518
 0.00061035
 0.00122070
 0.00152588
 0.00091553
 0.00030518
 0.00030518
 0.00030518
 0.00061035
 0.00091553
 0.00030518
 0.00030518
 0.00030518
 0.00030518
 0.00030518
 0.00030518
 0.00030518
 0.00030518
 0.00030518
 0.00030518
 0.00030518
 0.00030518
 0.00030518
 0.00061035
 0.00030518
 0.00000000
 0.00000000
 0.00030518
 0.00030518
-0.00030518
-0.00061035
-0.00061035
-0.00030518
 0.00000000
 0.00000000
 0.00000000
 0.00000000
 0.00030518
 0.00030518
 0.00030518
-0.00030518
-0.00061035
-0.00061035
-0.00061035
-0.00061035
-0.00061035
-0.00030518
-0.00030518
-0.00061035
-0.00061035
-0.00061035
-0.00091553
-0.00091553
-0.00061035
-0.00030518
-0.00030518
-0.00061035
-0.00061035
-0.00030518
-0.00030518
-0.00061035
-0.00091553
-0.00061035
-0.00091553
-0.00122070
-0.00122070
-0.00061035
 0.00000000
-0.00030518
-0.00061035
-0.00061035
-0.00061035
-0.00061035
-0.00091553
-0.00091553
-0.00030518
-0.00030518
 0.00000000
-0.00030518
-0.00061035
-0.00061035
-0.00061035
-0.00030518
-0.00030518
 0.00000000
 0.00000000
 0.00000000
-0.00030518
-0.00061035
-0.00091553
-0.00030518
-0.00030518
-0.00030518
-0.00030518
 0.00000000
 0.00000000
-0.00030518
-0.00030518
 0.00000000
 0.00030518
 0.00061035
 0.00061035
 0.00061035
 0.00030518
 0.00000000
 0.00000000
 0.00030518
 0.00091553
 0.00122070
 0.00091553
 0.00030518
 0.00030518
 0.00091553
 0.00061035
 0.00030518
 0.00061035
 0.00061035
 0.00091553
 0.00091553
 0.00091553
 0.00091553
 0.00061035
 0.00061035
 0.00061035
 0.00030518
 0.00030518
 0.00061035
 0.00091553
 0.00061035
 0.00030518
 0.00061035
 0.00091553
 0.00061035
 0.00030518
 0.00061035
 0.00091553
 0.00030518
 0.00000000
 0.00030518
 0.00091553
 0.00091553
 0.00091553
 0.00030518
 0.00030518
 0.00091553
 0.00061035
 0.00061035
 0.00030518
 0.00030518
 0.00030518
 0.00061035
 0.00030518
 0.00030518
 0.00000000
 0.00000000
 0.00000000
 0.00000000
 0.00030518
 0.00030518
 0.00030518
 0.00030518
 0.00030518
-0.00030518
-0.00030518
-0.00061035
-0.00091553
-0.00061035
-0.00030518
-0.00030518
-0.00061035
-0.00091553
-0.00061035
-0.00061035
-0.00030518
-0.00030518
-0.00030518
-0.00030518
-0.00091553
-0.00061035
-0.00061035
-0.00061035
-0.00061035
-0.00030518
-0.00030518
-0.00061035
-0.00091553
-0.00122070
-0.00152588
-0.00091553
-0.00091553
-0.00122070
-0.00122070
-0.00091553
-0.00122070
-0.00152588
-0.00152588
-0.00152588
-0.00152588
-0.00152588
-0.00122070
-0.00122070
-0.00091553
-0.00091553
-0.00122070
-0.00122070
-0.00152588
-0.00152588
-0.00152588
-0.00122070
-0.00152588
-0.00152588
-0.00183105
-0.00183105
-0.00183105
-0.00183105
-0.00152588
-0.00122070
-0.00122070
-0.00122070
-0.00122070
-0.00122070
-0.00091553
-0.00061035
-0.00091553
-0.00091553
-0.00091553
-0.00122070
-0.00122070
-0.00122070
-0.00091553
-0.00061035
-0.00061035
-0.00091553
-0.00030518
-0.00030518
-0.00061035
-0.00061035
-0.00061035
-0.00061035
-0.00061035
-0.00061035
-0.00091553
-0.00061035
-0.00061035
-0.00030518
-0.00030518
-0.00030518
-0.00030518
-0.00061035
-0.00030518
 0.00000000
-0.00030518
-0.00061035
-0.00030518
 0.00030518
 0.00061035
 0.00030518
-0.00030518
-0.00061035
-0.00061035
-0.00030518
 0.00000000
 0.00030518
 0.00061035
 0.00061035
 0.00091553
 0.00122070
 0.00091553
 0.00030518
 0.00061035
 0.00122070
 0.00091553
 0.00091553
 0.00122070
 0.00122070
 0.00122070
 0.00091553
 0.00122070
 0.00152588
 0.00152588
 0.00122070
 0.00122070
 0.00183105
 0.00213623
 0.00213623
 0.00183105
 0.00183105
 0.00183105
 0.00152588
 0.00122070
 0.00152588
 0.00152588
 0.00152588
 0.00152588
 0.00122070
 0.00122070
 0.00152588
 0.00183105
 0.00183105
 0.00213623
 0.00183105
 0.00122070
 0.00122070
 0.00091553
 0.00091553
 0.00122070
 0.00152588
 0.00122070
 0.00122070
 0.00122070
 0.00091553
 0.00061035
 0.00091553
 0.00091553
 0.00122070
 0.00122070
 0.00152588
 0.00152588
 0.00122070
 0.00030518
 0.00000000
-0.00030518
 0.00000000
 0.00030518
 0.00061035
 0.00061035
 0.00061035
 0.00061035
 0.00061035
 0.00030518
 0.00000000
-0.00030518
 0.00000000
 0.00030518
 0.00000000
-0.00030518
 0.00000000
 0.00000000
 0.00030518
 0.00000000
 0.00030518
 0.00000000
-0.00061035
-0.00030518
 0.00000000
-0.00030518
-0.00061035
-0.00061035
-0.00122070
-0.00122070
-0.00091553
-0.00030518
-0.00030518
-0.00061035
-0.00122070
-0.00122070
-0.00091553
-0.00122070
-0.00122070
-0.00091553
-0.00061035
-0.00061035
-0.00091553
-0.00122070
-0.00122070
-0.00152588
-0.00091553
-0.00061035
-0.00091553
-0.00152588
-0.00152588
-0.00152588
-0.00152588
-0.00122070
-0.00122070
-0.00152588
-0.00183105
-0.00152588
-0.00091553
-0.00122070
-0.00152588
-0.00152588
-0.00152588
-0.00091553
-0.00061035
-0.00061035
-0.00091553
-0.00183105
-0.00152588
-0.00091553
-0.00061035
-0.00061035
-0.00091553
-0.00152588
-0.00152588
-0.00122070
-0.00122070
-0.00152588
-0.00152588
-0.00152588
-0.00152588
-0.00091553
-0.00122070
-0.00122070
-0.00152588
-0.00183105
-0.00152588
-0.00152588
-0.00152588
-0.00122070
-0.00122070
-0.00152588
-0.00152588
-0.00152588
-0.00091553
-0.00061035
-0.00030518
-0.00061035
-0.00122070
-0.00122070
-0.00061035
 0.00000000
 0.00000000
-0.00061035
-0.00091553
-0.00091553
-0.00091553
-0.00061035
-0.00030518
-0.00061035
-0.00061035
-0.00030518
-0.00030518
-0.00061035
-0.00061035
-0.00030518
 0.00000000
 0.00000000
-0.00030518
-0.00030518
-0.00030518
-0.00030518
-0.00030518
-0.00030518
-0.00030518
-0.00030518
-0.00030518
-0.00030518
 0.00030518
 0.00030518
 0.00030518
 0.00061035
 0.00030518
 0.00000000
 0.00000000
 0.00030518
 0.00030518
 0.00061035
 0.00061035
 0.00000000
 0.00000000
 0.00000000
 0.00000000
 0.00000000
-0.00030518
-0.00030518
-0.00030518
 0.00000000
 0.00030518
 0.00061035
 0.00030518
-0.00030518
-0.00030518
 0.00000000
-0.00061035
-0.00061035
 0.00000000
 0.00030518
 0.00000000
 0.00000000
 0.00000000
 0.00030518
 0.00000000
-0.00030518
 0.00000000
 0.00000000
 0.00030518
 0.00030518
 0.00000000
 0.00000000
 0.00000000
 0.00030518
 0.00061035
 0.00030518
 0.00030518
 0.00030518
 0.00030518
 0.00030518
 0.00000000
-0.00030518
-0.00030518
 0.00000000
-0.00030518
-0.00061035
-0.00030518
 0.00000000
 0.00000000
-0.00030518
-0.00061035
-0.00061035
-0.00061035
 0.00000000
-0.00030518
-0.00091553
-0.00091553
-0.00061035
-0.00061035
-0.00061035
-0.00061035
-0.00030518
-0.00030518
-0.00061035
-0.00061035
-0.00061035
-0.00061035
-0.00091553
-0.00091553
-0.00091553
-0.00061035
-0.00061035
-0.00091553
-0.00122070
-0.00091553
-0.00061035
-0.00061035
-0.00061035
-0.00061035
-0.00061035
-0.00061035
-0.00091553
-0.00061035
-0.00091553
-0.00061035
-0.00030518
-0.00061035
-0.00091553
-0.00122070
-0.00152588
-0.00122070
-0.00091553
-0.00122070
-0.00122070
-0.00061035
-0.00061035
-0.00061035
-0.00061035
-0.00091553
-0.00091553
-0.00091553
-0.00091553
-0.00091553
-0.00122070
-0.00091553
-0.00091553
-0.00122070
-0.00091553
-0.00061035
-0.00091553
-0.00061035
-0.00061035
-0.00030518
-0.00030518
-0.00030518
-0.00030518
 0.00000000
 0.00000000
 0.00000000
-0.00061035
-0.00091553
-0.00091553
-0.00061035
 0.00000000
 0.00030518
 0.00000000
 0.00000000
-0.00030518
-0.00030518
-0.00030518
-0.00030518
-0.00030518
-0.00030518
-0.00061035
-0.00061035
 0.00000000
 0.00030518
 0.00000000
-0.00061035
-0.00061035
-0.00061035
-0.00061035
-0.00030518
 0.00000000
 0.00000000
 0.00000000
 0.00000000
-0.00030518
-0.00030518
 0.00000000
 0.00030518
 0.00030518
 0.00061035
 0.00030518
 0.00000000
 0.00000000
 0.00000000
 0.00000000
 0.00000000
 0.00000000
 0.00061035
 0.00061035
 0.00000000
-0.00061035
-0.00061035
-0.00030518
 0.00000000
 0.00000000
 0.00000000
 0.00000000
 0.00000000
 0.00000000
 0.00030518
 0.00030518
 0.00061035
 0.00030518
-0.00030518
-0.00091553
-0.00061035
-0.00030518
-0.00030518
-0.00030518
 0.00000000
-0.00030518
-0.00030518
-0.00061035
-0.00030518
 0.00000000
-0.00030518
-0.00030518
 0.00000000
 0.00000000
 0.00030518
 0.00030518
-0.00030518
-0.00030518
-0.00030518
-0.00030518
 0.00000000
 0.00000000
 0.00000000
 0.00000000
 0.00000000
 0.00000000
 0.00030518
 0.00030518
 0.00061035
 0.00030518
 0.00030518
 0.00000000
-0.00030518
-0.00030518
 0.00000000
 0.00000000
 0.00000000
-0.00061035
-0.00061035
 0.00000000
 0.00030518
 0.00000000
-0.00030518
 0.00000000
 0.00000000
 0.00000000
-0.00030518
-0.00061035
-0.00091553
-0.00061035
-0.00061035
-0.00030518
-0.00030518
-0.00030518
-0.00030518
-0.00030518
-0.00030518
-0.00030518
-0.00030518
-0.00030518
 0.00000000
 0.00000000
 0.00000000
 0.00000000
-0.00030518
-0.00030518
-0.00061035
-0.00061035
-0.00061035
-0.00061035
-0.00091553
-0.00061035
-0.00030518
-0.00030518
-0.00030518
 0.00000000
-0.00091553
-0.00091553
-0.00030518
-0.00030518
-0.00030518
-0.00030518
-0.00091553
-0.00091553
-0.00091553
-0.00030518
-0.00030518
-0.00061035
-0.00091553
-0.00091553
-0.00030518
-0.00030518
-0.00030518
-0.00030518
-0.00030518
-0.00030518
-0.00061035
-0.00091553
-0.00091553
-0.00091553
-0.00122070
-0.00091553
-0.00091553
-0.00061035
-0.00061035
-0.00030518
-0.00030518
-0.00030518
-0.00030518
-0.00061035
-0.00061035
-0.00061035
-0.00030518
-0.00061035
-0.00061035
-0.00061035
-0.00061035
-0.00061035
-0.00061035
-0.00091553
-0.00091553
-0.00091553
-0.00061035
-0.00030518
-0.00030518
-0.00030518
-0.00061035
-0.00030518
-0.00061035
-0.00061035
-0.00091553
-0.00091553
-0.00061035
-0.00061035
-0.00061035
-0.00061035
-0.00061035
-0.00091553
-0.00122070
-0.00091553
-0.00091553
-0.00091553
-0.00091553
-0.00122070
-0.00091553
-0.00061035
-0.00061035
-0.00122070
-0.00152588
-0.00091553
-0.00091553
-0.00061035
-0.00061035
-0.00061035
-0.00091553
-0.00091553
-0.00091553
-0.00061035
-0.00091553
-0.00091553
-0.00091553
-0.00091553
-0.00061035
-0.00122070
-0.00152588
-0.00122070
-0.00091553
-0.00061035
-0.00030518
-0.00030518
-0.00061035
-0.00061035
-0.00061035
-0.00061035
-0.00061035
-0.00061035
-0.00091553
-0.00061035
-0.00061035
