 0.00030518
 0.00061035
 0.00091553
 0.00061035
 0.00030518
 0.00030518
 0.00061035
 0.00061035
 0.00061035
 0.00061035
 0.00091553
 0.00061035
 0.00061035
 0.00061035
 0.00061035
 0.00061035
 0.00030518
 0.00000000
 0.00030518
 0.00030518
 0.00000000
 0.00030518
 0.00061035
 0.00030518
 0.00030518
 0.00030518
 0.00030518
 0.00000000
 0.00000000
 0.00000000
 0.00000000
 0.00061035
 0.00061035
 0.00030518
 0.00000000
 0.00000000
 0.00061035
 0.00061035
 0.00061035
 0.00061035
 0.00000000
 0.00000000
 0.00030518
 0.00061035
 0.00030518
 0.00030518
 0.00061035
 0.00061035
 0.00091553
 0.00091553
 0.00061035
 0.00061035
 0.00061035
 0.00061035
 0.00030518
 0.00030518
 0.00030518
 0.00061035
 0.00030518
 0.00030518
 0.00000000
 0.00000000
 0.00030518
 0.00061035
 0.00061035
 0.00030518
 0.00000000
 0.00030518
 0.00061035
 0.00061035
 0.00030518
 0.00061035
 0.00030518
 0.00061035
 0.00061035
 0.00030518
 0.00000000
 0.00030518
 0.00061035
 0.00091553
 0.00061035
 0.00030518
 0.00030518
 0.00000000
 0.00000000
 0.00030518
 0.00061035
 0.00030518
 0.00030518
 0.00061035
 0.00061035
 0.00122070
 0.00305176
 0.00732422
 0.01281738
 0.01281738
-0.00183105
-0.02075195
-0.02105713
-0.00274658
 0.01770020
 0.02685547
 0.01708984
-0.00396729
-0.01922607
-0.01708984
 0.00183105
 0.01983643
 0.01129150
-0.02197266
-0.03204346
-0.00946045
 0.01495361
 0.02319336
 0.01220703
-0.00427246
-0.02014160
-0.02502441
-0.00366211
 0.02838135
 0.04058838
 0.01190186
-0.02868652
-0.03570557
-0.01525879
 0.01068115
 0.02685547
 0.01739502
-0.00976563
-0.02227783
-0.01281738
 0.00732422
 0.02655029
 0.03143311
 0.01403809
-0.01007080
-0.02044678
-0.01495361
 0.00061035
 0.01892090
 0.02807617
 0.01861572
 0.00152588
 0.00274658
 0.02319336
 0.03875732
 0.01861572
-0.04425049
-0.10070801
-0.10986328
-0.07781982
-0.01953125
 0.04394531
 0.08361816
 0.07476807
 0.00061035
-0.08605957
-0.12634277
-0.12023926
-0.08026123
-0.01159668
 0.06439209
 0.11993408
 0.14312744
 0.12268066
 0.06134033
-0.00061035
-0.03173828
-0.03173828
-0.01403809
-0.00183105
-0.01525879
-0.05126953
-0.07720947
-0.07446289
-0.04241943
 0.01464844
 0.08483887
 0.14282227
 0.16479492
 0.12512207
 0.04821777
-0.00885010
-0.02746582
-0.02807617
-0.02655029
-0.03601074
-0.05676270
-0.06896973
-0.05676270
-0.02655029
 0.00640869
 0.03295898
 0.04486084
 0.04028320
 0.02502441
 0.00854492
-0.00122070
-0.00305176
-0.00305176
-0.00427246
-0.00579834
-0.01068115
-0.02685547
-0.05004883
-0.06500244
-0.06347656
-0.04516602
-0.01281738
 0.02624512
 0.06164551
 0.07812500
 0.06713867
 0.04425049
 0.02593994
 0.01098633
-0.00305176
-0.01525879
-0.02685547
-0.03784180
-0.04211426
-0.03479004
-0.01861572
 0.00000000
 0.01800537
 0.03692627
 0.05462646
 0.06347656
 0.05828857
 0.04058838
 0.01617432
-0.01068115
-0.03509521
-0.04974365
-0.04882813
-0.03479004
-0.01678467
-0.00305176
 0.00244141
 0.00213623
 0.00396729
 0.01220703
 0.02410889
 0.03234863
 0.03234863
 0.02593994
 0.01800537
 0.00854492
-0.00427246
-0.01953125
-0.03448486
-0.04577637
-0.04974365
-0.04455566
-0.03234863
-0.01647949
-0.00274658
 0.00579834
 0.01007080
 0.01312256
 0.01556396
 0.01831055
 0.02075195
 0.02014160
 0.01159668
-0.00427246
-0.02166748
-0.03509521
-0.04089355
-0.03906250
-0.03112793
-0.01708984
 0.00122070
 0.02105713
 0.03692627
 0.04211426
 0.03417969
 0.01922607
 0.00762939
 0.00335693
 0.00274658
 0.00000000
-0.00854492
-0.02014160
-0.02838135
-0.02868652
-0.02136230
-0.00976563
 0.00335693
 0.01495361
 0.02410889
 0.03082275
 0.03387451
 0.03112793
 0.02288818
 0.01068115
-0.00274658
-0.01403809
-0.02136230
-0.02410889
-0.02532959
-0.02563477
-0.02410889
-0.01770020
-0.00396729
 0.01525879
 0.03479004
 0.04730225
 0.04791260
 0.03753662
 0.02380371
 0.01068115
-0.00030518
-0.01068115
-0.02075195
-0.02960205
-0.03540039
-0.03417969
-0.02319336
-0.00488281
 0.01342773
 0.02624512
 0.03204346
 0.03265381
 0.03082275
 0.02716064
 0.02136230
 0.01190186
-0.00213623
-0.01861572
-0.03265381
-0.03997803
-0.03967285
-0.03356934
-0.02410889
-0.01251221
-0.00061035
 0.01037598
 0.02044678
 0.02777100
 0.02990723
 0.02624512
 0.01770020
 0.00823975
-0.00030518
-0.00885010
-0.01800537
-0.02685547
-0.03234863
-0.03082275
-0.02258301
-0.00915527
 0.00640869
 0.02075195
 0.02990723
 0.03173828
 0.02777100
 0.02227783
 0.01739502
 0.01281738
 0.00640869
-0.00366211
-0.01403809
-0.02105713
-0.02288818
-0.02014160
-0.01495361
-0.00793457
-0.00091553
 0.00610352
 0.01342773
 0.02075195
 0.02655029
 0.02746582
 0.02105713
 0.01068115
-0.00030518
-0.00885010
-0.01434326
-0.01647949
-0.01739502
-0.01770020
-0.01800537
-0.01647949
-0.01129150
-0.00274658
 0.00762939
 0.01678467
 0.02197266
 0.02166748
 0.01678467
 0.00823975
-0.00244141
-0.01342773
-0.02166748
-0.02441406
-0.02319336
-0.01922607
-0.01403809
-0.00854492
-0.00457764
-0.00213623
-0.00030518
 0.00152588
 0.00427246
 0.00732422
 0.00946045
 0.00854492
 0.00396729
-0.00244141
-0.00823975
-0.01251221
-0.01434326
-0.01342773
-0.00946045
-0.00274658
 0.00488281
 0.01190186
 0.01739502
 0.02075195
 0.02136230
 0.01892090
 0.01373291
 0.00701904
 0.00000000
-0.00640869
-0.01159668
-0.01403809
-0.01373291
-0.01037598
-0.00518799
 0.00030518
 0.00671387
 0.01312256
 0.01892090
 0.02258301
 0.02380371
 0.02136230
 0.01617432
 0.00793457
-0.00091553
-0.00885010
-0.01464844
-0.01831055
-0.01892090
-0.01617432
-0.01129150
-0.00518799
 0.00122070
 0.00640869
 0.01098633
 0.01312256
 0.01281738
 0.01007080
 0.00518799
-0.00061035
-0.00732422
-0.01281738
-0.01647949
-0.01831055
-0.01770020
-0.01434326
-0.01007080
-0.00640869
-0.00335693
-0.00091553
 0.00213623
 0.00518799
 0.00823975
 0.01037598
 0.01037598
 0.00762939
 0.00213623
-0.00396729
-0.00946045
-0.01281738
-0.01434326
-0.01312256
-0.00915527
-0.00305176
 0.00488281
 0.01281738
 0.01953125
 0.02288818
 0.02319336
 0.01983643
 0.01464844
 0.00885010
 0.00244141
-0.00305176
-0.00671387
-0.00854492
-0.00793457
-0.00488281
 0.00000000
 0.00549316
 0.01007080
 0.01281738
 0.01403809
 0.01403809
 0.01251221
 0.00946045
 0.00488281
-0.00061035
-0.00610352
-0.01068115
-0.01403809
-0.01525879
-0.01434326
-0.01190186
-0.00915527
-0.00549316
-0.00244141
 0.00030518
 0.00152588
 0.00244141
 0.00213623
 0.00061035
-0.00213623
-0.00518799
-0.00823975
-0.01129150
-0.01342773
-0.01434326
-0.01434326
-0.01251221
-0.00885010
-0.00366211
 0.00244141
 0.00732422
 0.01068115
 0.01190186
 0.01068115
 0.00854492
 0.00518799
 0.00152588
-0.00122070
-0.00274658
-0.00244141
-0.00091553
 0.00091553
 0.00305176
 0.00518799
 0.00701904
 0.00793457
 0.00854492
 0.00915527
 0.00915527
 0.00885010
 0.00732422
 0.00579834
 0.00427246
 0.00244141
 0.00030518
-0.00122070
-0.00213623
-0.00244141
-0.00213623
-0.00122070
 0.00061035
 0.00244141
 0.00305176
 0.00274658
 0.00122070
-0.00030518
-0.00213623
-0.00457764
-0.00671387
-0.00854492
-0.00946045
-0.00946045
-0.00854492
-0.00671387
-0.00396729
-0.00122070
 0.00091553
 0.00274658
 0.00427246
 0.00518799
 0.00579834
 0.00518799
 0.00335693
 0.00152588
 0.00030518
-0.00091553
-0.00152588
-0.00213623
-0.00244141
-0.00244141
-0.00183105
-0.00091553
 0.00030518
 0.00152588
 0.00274658
 0.00396729
 0.00518799
 0.00518799
 0.00488281
 0.00457764
 0.00427246
 0.00335693
 0.00152588
 0.00000000
-0.00061035
-0.00091553
-0.00030518
 0.00030518
 0.00152588
 0.00305176
 0.00427246
 0.00549316
 0.00640869
 0.00701904
 0.00640869
 0.00457764
 0.00305176
 0.00152588
 0.00000000
-0.00122070
-0.00305176
-0.00396729
-0.00427246
-0.00335693
-0.00183105
 0.00030518
 0.00244141
 0.00396729
 0.00518799
 0.00549316
 0.00549316
 0.00488281
 0.00366211
 0.00213623
 0.00000000
-0.00213623
-0.00366211
-0.00457764
-0.00518799
-0.00457764
-0.00335693
-0.00183105
 0.00000000
 0.00152588
 0.00213623
 0.00274658
 0.00244141
 0.00183105
 0.00000000
-0.00213623
-0.00366211
-0.00549316
-0.00732422
-0.00793457
-0.00793457
-0.00762939
-0.00640869
-0.00457764
-0.00244141
-0.00030518
 0.00183105
 0.00335693
 0.00396729
 0.00366211
 0.00305176
 0.00244141
 0.00030518
-0.00152588
-0.00274658
-0.00366211
-0.00427246
-0.00427246
-0.00366211
-0.00183105
 0.00061035
 0.00274658
 0.00488281
 0.00610352
 0.00701904
 0.00701904
 0.00610352
 0.00457764
 0.00274658
 0.00122070
 0.00030518
-0.00091553
-0.00213623
-0.00305176
-0.00305176
-0.00213623
-0.00061035
 0.00091553
 0.00213623
 0.00305176
 0.00366211
 0.00366211
 0.00305176
 0.00152588
-0.00030518
-0.00244141
-0.00457764
-0.00640869
-0.00701904
-0.00701904
-0.00701904
-0.00640869
-0.00549316
-0.00518799
-0.00427246
-0.00274658
-0.00152588
-0.00152588
-0.00183105
-0.00213623
-0.00244141
-0.00366211
-0.00457764
-0.00549316
-0.00610352
-0.00701904
-0.00701904
-0.00610352
-0.00457764
-0.00305176
-0.00122070
 0.00061035
 0.00213623
 0.00335693
 0.00457764
 0.00518799
 0.00518799
 0.00518799
 0.00396729
 0.00244141
 0.00152588
 0.00061035
 0.00000000
 0.00030518
 0.00122070
 0.00213623
 0.00305176
 0.00427246
 0.00549316
 0.00671387
 0.00762939
 0.00823975
 0.00762939
 0.00671387
 0.00579834
 0.00457764
 0.00305176
 0.00152588
 0.00030518
-0.00030518
-0.00030518
-0.00030518
-0.00030518
 0.00030518
 0.00183105
 0.00335693
 0.00366211
 0.00366211
 0.00366211
 0.00305176
 0.00152588
-0.00030518
-0.00122070
-0.00213623
-0.00335693
-0.00427246
-0.00549316
-0.00549316
-0.00457764
-0.00335693
-0.00244141
-0.00122070
 0.00000000
 0.00061035
 0.00091553
 0.00091553
 0.00030518
-0.00091553
-0.00213623
-0.00305176
-0.00335693
-0.00335693
-0.00335693
-0.00274658
-0.00152588
 0.00000000
 0.00091553
 0.00213623
 0.00396729
 0.00549316
 0.00579834
 0.00518799
 0.00457764
 0.00427246
 0.00396729
 0.00366211
 0.00274658
 0.00183105
 0.00122070
 0.00122070
 0.00091553
 0.00091553
 0.00122070
 0.00122070
 0.00122070
 0.00122070
 0.00122070
 0.00091553
 0.00061035
-0.00030518
-0.00122070
-0.00213623
-0.00274658
-0.00274658
-0.00274658
-0.00305176
-0.00274658
-0.00183105
-0.00183105
-0.00152588
-0.00152588
-0.00122070
-0.00091553
-0.00091553
-0.00152588
-0.00183105
-0.00274658
-0.00335693
-0.00396729
-0.00457764
-0.00488281
-0.00518799
-0.00457764
-0.00396729
-0.00305176
-0.00244141
-0.00183105
-0.00152588
-0.00122070
-0.00091553
-0.00091553
-0.00061035
-0.00091553
-0.00122070
-0.00152588
-0.00183105
-0.00183105
-0.00152588
-0.00122070
-0.00061035
-0.00030518
 0.00061035
 0.00183105
 0.00244141
 0.00274658
 0.00274658
 0.00305176
 0.00366211
 0.00335693
 0.00305176
 0.00274658
 0.00274658
 0.00213623
 0.00183105
 0.00183105
 0.00213623
 0.00183105
 0.00152588
 0.00122070
 0.00122070
 0.00183105
 0.00244141
 0.00213623
 0.00183105
 0.00152588
 0.00122070
 0.00061035
 0.00030518
 0.00000000
 0.00000000
-0.00091553
-0.00152588
-0.00152588
-0.00152588
-0.00122070
-0.00122070
-0.00152588
-0.00183105
-0.00213623
-0.00183105
-0.00122070
-0.00061035
-0.00030518
-0.00030518
-0.00061035
-0.00091553
-0.00061035
-0.00030518
 0.00000000
 0.00030518
 0.00030518
 0.00061035
 0.00091553
 0.00091553
 0.00122070
 0.00152588
 0.00183105
 0.00183105
 0.00152588
 0.00183105
 0.00152588
 0.00122070
 0.00122070
 0.00091553
 0.00091553
 0.00091553
 0.00091553
 0.00091553
 0.00091553
 0.00122070
 0.00152588
 0.00122070
 0.00122070
 0.00122070
 0.00152588
 0.00183105
 0.00152588
 0.00152588
 0.00091553
 0.00061035
 0.00091553
 0.00122070
 0.00091553
 0.00091553
 0.00091553
 0.00091553
 0.00061035
 0.00000000
-0.00030518
-0.00061035
-0.00061035
-0.00030518
-0.00030518
-0.00061035
-0.00091553
-0.00122070
-0.00122070
-0.00152588
-0.00183105
-0.00213623
-0.00213623
-0.00213623
-0.00213623
-0.00213623
-0.00183105
-0.00122070
-0.00030518
-0.00030518
-0.00061035
-0.00061035
-0.00061035
-0.00061035
-0.00091553
-0.00122070
-0.00152588
-0.00183105
-0.00213623
-0.00183105
-0.00152588
-0.00183105
-0.00213623
-0.00183105
-0.00091553
-0.00061035
-0.00091553
-0.00061035
 0.00000000
 0.00061035
 0.00061035
 0.00061035
 0.00061035
 0.00061035
 0.00061035
 0.00030518
 0.00000000
 0.00000000
 0.00030518
 0.00061035
 0.00091553
 0.00152588
 0.00152588
 0.00152588
 0.00152588
 0.00122070
 0.00122070
 0.00091553
 0.00091553
 0.00061035
 0.00000000
-0.00061035
-0.00061035
-0.00091553
-0.00122070
-0.00152588
-0.00152588
-0.00183105
-0.00152588
-0.00152588
-0.00122070
-0.00091553
-0.00091553
-0.00122070
-0.00122070
-0.00152588
-0.00183105
-0.00213623
-0.00274658
-0.00274658
-0.00274658
-0.00274658
-0.00274658
-0.00274658
-0.00274658
-0.00244141
-0.00183105
-0.00122070
-0.00091553
-0.00061035
-0.00061035
-0.00061035
-0.00091553
-0.00152588
-0.00183105
-0.00183105
-0.00183105
-0.00183105
-0.00152588
-0.00152588
-0.00061035
 0.00000000
 0.00061035
 0.00061035
 0.00091553
 0.00152588
 0.00274658
 0.00335693
 0.00305176
 0.00244141
 0.00213623
 0.00244141
 0.00244141
 0.00244141
 0.00183105
 0.00183105
 0.00213623
 0.00244141
 0.00274658
 0.00305176
 0.00366211
 0.00396729
 0.00335693
 0.00305176
 0.00274658
 0.00183105
 0.00091553
 0.00061035
 0.00061035
 0.00030518
 0.00030518
 0.00000000
 0.00000000
-0.00061035
-0.00091553
-0.00091553
-0.00061035
 0.00000000
 0.00000000
-0.00030518
-0.00091553
-0.00152588
-0.00183105
-0.00183105
-0.00183105
-0.00213623
-0.00244141
-0.00213623
-0.00152588
-0.00122070
-0.00122070
-0.00152588
-0.00152588
-0.00091553
-0.00061035
 0.00000000
-0.00030518
-0.00030518
-0.00030518
-0.00061035
-0.00091553
-0.00061035
-0.00061035
-0.00091553
-0.00061035
-0.00030518
 0.00030518
 0.00030518
 0.00000000
 0.00030518
 0.00122070
 0.00183105
 0.00122070
 0.00030518
 0.00061035
 0.00091553
 0.00091553
 0.00091553
 0.00091553
 0.00030518
 0.00000000
 0.00000000
 0.00030518
 0.00061035
 0.00091553
 0.00091553
 0.00061035
 0.00122070
 0.00091553
 0.00061035
 0.00030518
-0.00030518
-0.00091553
-0.00122070
-0.00122070
-0.00183105
-0.00213623
-0.00244141
-0.00274658
-0.00274658
-0.00244141
-0.00213623
-0.00213623
-0.00152588
-0.00152588
-0.00152588
-0.00183105
-0.00183105
-0.00152588
-0.00152588
-0.00122070
-0.00091553
-0.00061035
-0.00061035
-0.00061035
-0.00061035
 0.00000000
 0.00030518
 0.00030518
 0.00030518
 0.00061035
 0.00122070
 0.00122070
 0.00122070
 0.00091553
 0.00091553
 0.00152588
 0.00152588
 0.00122070
 0.00061035
 0.00091553
 0.00152588
 0.00183105
 0.00183105
 0.00152588
 0.00152588
 0.00152588
 0.00152588
 0.00152588
 0.00152588
 0.00091553
 0.00091553
 0.00061035
 0.00000000
-0.00030518
-0.00030518
-0.00030518
-0.00061035
-0.00091553
-0.00122070
-0.00152588
-0.00183105
-0.00152588
-0.00122070
-0.00122070
-0.00213623
-0.00244141
-0.00244141
-0.00244141
-0.00213623
-0.00213623
-0.00213623
-0.00213623
-0.00183105
-0.00183105
-0.00183105
-0.00152588
-0.00152588
-0.00152588
-0.00122070
-0.00091553
-0.00091553
-0.00122070
-0.00152588
-0.00122070
-0.00091553
-0.00091553
-0.00091553
-0.00061035
-0.00030518
 0.00000000
 0.00000000
 0.00000000
 0.00030518
 0.00030518
 0.00030518
 0.00030518
 0.00061035
 0.00061035
 0.00061035
 0.00061035
 0.00061035
 0.00030518
 0.00091553
 0.00152588
 0.00183105
 0.00183105
 0.00152588
 0.00152588
 0.00152588
 0.00152588
 0.00122070
 0.00122070
 0.00122070
 0.00091553
 0.00091553
 0.00091553
 0.00061035
 0.00061035
 0.00061035
 0.00061035
 0.00030518
 0.00030518
 0.00091553
 0.00061035
 0.00061035
 0.00030518
 0.00030518
 0.00030518
 0.00061035
 0.00061035
 0.00030518
 0.00000000
 0.00000000
 0.00000000
-0.00030518
-0.00061035
-0.00061035
-0.00061035
-0.00030518
-0.00030518
-0.00061035
-0.00061035
-0.00061035
-0.00030518
-0.00061035
-0.00061035
-0.00091553
-0.00091553
-0.00122070
-0.00091553
-0.00091553
-0.00091553
-0.00091553
-0.00061035
 0.00000000
 0.00000000
-0.00061035
-0.00061035
-0.00061035
-0.00061035
-0.00061035
-0.00030518
-0.00030518
-0.00061035
-0.00030518
-0.00030518
-0.00030518
-0.00030518
 0.00000000
 0.00030518
 0.00030518
 0.00061035
 0.00061035
 0.00061035
 0.00061035
 0.00091553
 0.00091553
 0.00091553
 0.00091553
 0.00061035
 0.00061035
 0.00091553
 0.00091553
 0.00061035
 0.00061035
 0.00061035
 0.00061035
 0.00030518
 0.00030518
 0.00061035
 0.00061035
-0.00030518
-0.00061035
-0.00091553
-0.00061035
-0.00122070
-0.00152588
-0.00183105
-0.00183105
-0.00183105
-0.00152588
-0.00183105
-0.00244141
-0.00213623
-0.00213623
-0.00183105
-0.00183105
-0.00244141
-0.00244141
-0.00213623
-0.00152588
-0.00152588
-0.00183105
-0.00183105
-0.00183105
-0.00152588
-0.00091553
-0.00061035
-0.00091553
-0.00061035
-0.00030518
 0.00000000
 0.00000000
 0.00000000
 0.00000000
 0.00000000
-0.00030518
-0.00061035
-0.00091553
-0.00061035
-0.00030518
 0.00061035
 0.00061035
 0.00061035
 0.00061035
 0.00030518
 0.00061035
 0.00030518
 0.00061035
 0.00061035
 0.00061035
 0.00030518
 0.00000000
 0.00000000
 0.00030518
 0.00030518
 0.00030518
 0.00030518
 0.00091553
 0.00122070
 0.00091553
 0.00061035
 0.00061035
 0.00061035
 0.00061035
 0.00030518
 0.00030518
 0.00091553
 0.00030518
-0.00030518
-0.00030518
-0.00061035
-0.00061035
-0.00091553
-0.00061035
-0.00061035
-0.00061035
-0.00061035
-0.00061035
-0.00061035
-0.00030518
 0.00000000
 0.00000000
-0.00030518
-0.00091553
-0.00152588
-0.00183105
-0.00152588
-0.00122070
-0.00091553
-0.00122070
-0.00122070
-0.00091553
-0.00061035
 0.00000000
 0.00000000
 0.00000000
 0.00030518
 0.00061035
 0.00030518
 0.00030518
 0.00030518
 0.00030518
 0.00030518
 0.00000000
 0.00000000
 0.00030518
 0.00030518
 0.00030518
 0.00030518
 0.00061035
 0.00061035
 0.00061035
 0.00030518
 0.00061035
 0.00091553
 0.00061035
 0.00030518
 0.00000000
 0.00000000
 0.00000000
 0.00000000
 0.00000000
-0.00030518
-0.00030518
 0.00000000
 0.00000000
 0.00030518
 0.00030518
-0.00030518
-0.00030518
-0.00030518
-0.00061035
-0.00061035
-0.00091553
-0.00122070
-0.00122070
-0.00091553
-0.00061035
-0.00091553
-0.00091553
-0.00122070
-0.00122070
-0.00122070
-0.00122070
-0.00152588
-0.00183105
-0.00183105
-0.00152588
-0.00122070
-0.00122070
-0.00122070
-0.00091553
-0.00091553
-0.00061035
-0.00061035
-0.00061035
-0.00030518
 0.00000000
 0.00000000
 0.00061035
 0.00061035
 0.00091553
 0.00122070
 0.00152588
 0.00152588
 0.00122070
 0.00122070
 0.00122070
 0.00152588
 0.00183105
 0.00183105
 0.00183105
 0.00183105
 0.00122070
 0.00091553
 0.00061035
 0.00091553
 0.00091553
 0.00061035
 0.00030518
 0.00000000
 0.00030518
 0.00030518
 0.00030518
 0.00061035
 0.00030518
 0.00030518
 0.00030518
 0.00000000
-0.00030518
-0.00030518
-0.00061035
-0.00091553
-0.00061035
-0.00061035
-0.00091553
-0.00122070
-0.00122070
-0.00122070
-0.00122070
-0.00091553
-0.00091553
-0.00091553
-0.00122070
-0.00152588
-0.00122070
-0.00091553
-0.00091553
-0.00091553
-0.00061035
-0.00061035
-0.00061035
-0.00091553
-0.00122070
-0.00122070
-0.00091553
-0.00091553
-0.00091553
-0.00061035
 0.00000000
 0.00000000
 0.00000000
 0.00000000
-0.00061035
-0.00030518
 0.00000000
 0.00000000
-0.00030518
-0.00061035
-0.00091553
-0.00122070
-0.00091553
-0.00061035
-0.00030518
-0.00061035
-0.00061035
-0.00030518
 0.00030518
 0.00030518
-0.00030518
-0.00091553
-0.00091553
-0.00091553
-0.00091553
-0.00091553
-0.00091553
-0.00091553
-0.00091553
-0.00091553
-0.00122070
-0.00061035
-0.00061035
-0.00030518
-0.00030518
-0.00061035
-0.00091553
-0.00091553
-0.00061035
-0.00061035
-0.00091553
-0.00091553
-0.00091553
-0.00091553
-0.00091553
-0.00061035
-0.00061035
-0.00030518
 0.00000000
 0.00000000
-0.00030518
 0.00000000
 0.00030518
 0.00030518
 0.00030518
 0.00000000
 0.00000000
 0.00030518
 0.00030518
 0.00030518
 0.00030518
 0.00061035
 0.00061035
 0.00091553
 0.00091553
 0.00091553
 0.00061035
 0.00061035
 0.00091553
 0.00061035
 0.00030518
 0.00061035
 0.00122070
 0.00122070
 0.00061035
 0.00030518
 0.00061035
 0.00061035
 0.00030518
 0.00030518
 0.00030518
 0.00061035
 0.00061035
 0.00061035
 0.00030518
 0.00000000
 0.00000000
 0.00000000
 0.00000000
-0.00030518
-0.00030518
 0.00000000
-0.00061035
-0.00061035
-0.00061035
-0.00061035
-0.00061035
-0.00030518
 0.00000000
 0.00000000
 0.00000000
-0.00030518
-0.00061035
-0.00091553
-0.00122070
-0.00091553
-0.00061035
-0.00091553
-0.00091553
-0.00091553
-0.00030518
-0.00061035
-0.00061035
-0.00061035
-0.00061035
-0.00030518
-0.00030518
-0.00030518
-0.00061035
-0.00061035
-0.00061035
-0.00061035
-0.00061035
-0.00152588
-0.00152588
-0.00122070
-0.00091553
-0.00122070
-0.00061035
-0.00030518
-0.00030518
-0.00030518
 0.00000000
 0.00030518
 0.00030518
 0.00030518
 0.00000000
-0.00030518
-0.00061035
-0.00030518
-0.00030518
-0.00030518
-0.00030518
-0.00030518
 0.00000000
 0.00000000
 0.00000000
 0.00000000
 0.00000000
 0.00000000
 0.00000000
 0.00030518
 0.00061035
 0.00000000
-0.00030518
-0.00091553
-0.00091553
-0.00122070
-0.00122070
-0.00091553
-0.00061035
-0.00030518
 0.00000000
 0.00000000
-0.00030518
-0.00061035
-0.00122070
-0.00152588
-0.00122070
-0.00152588
-0.00152588
-0.00152588
-0.00183105
-0.00183105
-0.00152588
-0.00183105
-0.00152588
-0.00091553
-0.00091553
-0.00061035
-0.00061035
-0.00061035
-0.00061035
-0.00030518
-0.00061035
-0.00061035
-0.00030518
-0.00122070
-0.00183105
-0.00122070
-0.00061035
-0.00061035
-0.00030518
-0.00030518
 0.00000000
 0.00030518
 0.00061035
 0.00091553
 0.00091553
 0.00061035
 0.00061035
 0.00030518
 0.00030518
 0.00030518
 0.00000000
 0.00030518
 0.00030518
 0.00030518
 0.00030518
 0.00030518
 0.00030518
 0.00061035
 0.00122070
 0.00122070
 0.00061035
 0.00030518
 0.00030518
 0.00030518
 0.00000000
-0.00030518
-0.00061035
-0.00091553
-0.00091553
-0.00061035
-0.00061035
-0.00061035
-0.00091553
-0.00091553
-0.00091553
-0.00091553
-0.00122070
-0.00152588
-0.00122070
-0.00091553
-0.00091553
-0.00152588
-0.00152588
-0.00183105
-0.00122070
-0.00061035
-0.00061035
-0.00061035
-0.00091553
-0.00061035
 0.00000000
 0.00030518
 0.00030518
 0.00000000
 0.00030518
 0.00030518
 0.00000000
 0.00000000
 0.00000000
 0.00000000
 0.00000000
 0.00000000
-0.00030518
-0.00030518
 0.00000000
 0.00000000
 0.00030518
 0.00061035
 0.00091553
 0.00122070
 0.00061035
 0.00091553
 0.00061035
 0.00030518
 0.00000000
 0.00000000
 0.00030518
 0.00030518
 0.00000000
 0.00000000
 0.00000000
-0.00030518
 0.00000000
-0.00030518
 0.00000000
-0.00030518
-0.00030518
 0.00000000
-0.00030518
 0.00000000
-0.00030518
-0.00061035
-0.00091553
-0.00122070
-0.00152588
-0.00152588
-0.00091553
-0.00091553
-0.00152588
-0.00152588
-0.00152588
-0.00122070
-0.00061035
-0.00030518
-0.00030518
-0.00030518
-0.00030518
-0.00061035
-0.00122070
-0.00152588
-0.00122070
-0.00061035
-0.00061035
-0.00030518
-0.00030518
-0.00030518
 0.00000000
 0.00000000
 0.00000000
 0.00000000
 0.00000000
 0.00030518
 0.00030518
 0.00030518
 0.00000000
-0.00061035
-0.00061035
-0.00061035
-0.00030518
-0.00061035
-0.00030518
-0.00030518
-0.00030518
 0.00000000
 0.00030518
 0.00030518
 0.00000000
 0.00030518
 0.00030518
 0.00000000
-0.00061035
-0.00091553
-0.00061035
 0.00000000
 0.00000000
-0.00030518
-0.00061035
-0.00061035
-0.00030518
 0.00000000
-0.00030518
 0.00000000
 0.00000000
 0.00061035
 0.00061035
 0.00030518
 0.00000000
-0.00030518
-0.00030518
-0.00030518
-0.00030518
-0.00030518
-0.00030518
-0.00030518
-0.00061035
-0.00061035
-0.00061035
 0.00000000
 0.00000000
-0.00030518
-0.00030518
 0.00000000
 0.00000000
 0.00000000
 0.00000000
 0.00000000
-0.00030518
-0.00030518
-0.00030518
-0.00030518
-0.00030518
-0.00030518
 0.00030518
 0.00030518
 0.00030518
-0.00030518
-0.00030518
 0.00000000
 0.00030518
 0.00030518
 0.00030518
 0.00000000
-0.00030518
 0.00000000
 0.00061035
 0.00091553
 0.00061035
 0.00030518
 0.00000000
 0.00000000
 0.00000000
 0.00030518
 0.00030518
 0.00061035
 0.00061035
 0.00000000
 0.00000000
 0.00030518
 0.00030518
 0.00030518
 0.00000000
-0.00030518
-0.00030518
 0.00000000
 0.00030518
 0.00030518
 0.00030518
-0.00030518
-0.00030518
 0.00000000
 0.00030518
-0.00030518
-0.00061035
-0.00061035
-0.00061035
-0.00091553
-0.00091553
-0.00122070
-0.00122070
-0.00122070
-0.00091553
-0.00122070
-0.00122070
-0.00122070
-0.00091553
-0.00122070
-0.00122070
-0.00122070
-0.00091553
-0.00091553
-0.00122070
-0.00122070
-0.00152588
-0.00091553
-0.00061035
-0.00061035
-0.00091553
-0.00122070
-0.00122070
-0.00152588
-0.00122070
-0.00091553
-0.00061035
-0.00061035
-0.00091553
-0.00091553
-0.00122070
-0.00091553
-0.00061035
-0.00030518
-0.00030518
 0.00000000
-0.00030518
-0.00030518
-0.00061035
-0.00030518
 0.00030518
 0.00000000
-0.00030518
-0.00061035
-0.00030518
 0.00000000
 0.00061035
 0.00030518
 0.00000000
-0.00030518
 0.00000000
 0.00030518
 0.00030518
-0.00030518
-0.00030518
-0.00030518
-0.00030518
 0.00000000
 0.00000000
 0.00000000
-0.00061035
-0.00091553
-0.00061035
-0.00030518
 0.00030518
 0.00030518
 0.00000000
-0.00030518
-0.00030518
 0.00000000
-0.00030518
 0.00000000
 0.00030518
 0.00030518
 0.00000000
 0.00030518
 0.00030518
 0.00030518
 0.00061035
 0.00061035
 0.00030518
 0.00030518
 0.00061035
 0.00091553
 0.00091553
 0.00091553
 0.00091553
 0.00061035
 0.00030518
 0.00030518
 0.00061035
 0.00091553
 0.00122070
 0.00122070
 0.00091553
 0.00091553
 0.00122070
 0.00122070
 0.00091553
 0.00030518
 0.00000000
 0.00030518
 0.00061035
 0.00030518
 0.00000000
 0.00000000
 0.00030518
 0.00030518
 0.00030518
 0.00000000
-0.00030518
-0.00030518
 0.00000000
 0.00030518
 0.00000000
-0.00030518
-0.00030518
-0.00061035
-0.00061035
-0.00061035
-0.00061035
-0.00061035
-0.00061035
-0.00061035
-0.00061035
-0.00091553
-0.00122070
-0.00091553
-0.00091553
-0.00122070
-0.00152588
-0.00152588
-0.00152588
-0.00152588
-0.00183105
-0.00183105
-0.00152588
-0.00152588
-0.00122070
-0.00152588
-0.00152588
-0.00183105
-0.00122070
-0.00091553
-0.00122070
-0.00213623
-0.00183105
-0.00091553
-0.00091553
-0.00122070
-0.00183105
-0.00183105
-0.00122070
-0.00091553
-0.00122070
-0.00152588
-0.00122070
-0.00061035
-0.00061035
-0.00122070
-0.00152588
-0.00091553
-0.00061035
-0.00061035
-0.00091553
-0.00122070
-0.00152588
-0.00152588
-0.00122070
-0.00091553
-0.00091553
-0.00122070
-0.00122070
-0.00122070
-0.00061035
-0.00030518
-0.00061035
-0.00122070
-0.00122070
-0.00091553
-0.00061035
-0.00030518
-0.00030518
-0.00030518
-0.00061035
-0.00061035
-0.00030518
-0.00061035
-0.00030518
-0.00030518
 0.00000000
 0.00000000
 0.00000000
 0.00000000
 0.00000000
 0.00061035
 0.00030518
-0.00030518
-0.00061035
 0.00000000
 0.00000000
 0.00000000
 0.00000000
 0.00030518
 0.00061035
 0.00030518
 0.00000000
-0.00030518
 0.00000000
 0.00030518
 0.00000000
 0.00000000
 0.00000000
 0.00061035
 0.00061035
 0.00061035
 0.00061035
 0.00061035
 0.00091553
 0.00091553
 0.00091553
 0.00061035
 0.00061035
 0.00122070
 0.00122070
 0.00061035
 0.00091553
 0.00061035
 0.00030518
 0.00030518
 0.00091553
 0.00122070
 0.00122070
 0.00122070
 0.00091553
 0.00091553
 0.00091553
 0.00122070
 0.00122070
 0.00091553
 0.00061035
 0.00061035
 0.00030518
 0.00061035
 0.00030518
 0.00030518
 0.00030518
 0.00030518
 0.00061035
 0.00030518
 0.00030518
 0.00030518
 0.00030518
 0.00061035
 0.00061035
 0.00061035
 0.00030518
 0.00000000
-0.00030518
-0.00030518
 0.00000000
 0.00030518
 0.00030518
 0.00030518
 0.00030518
 0.00030518
 0.00000000
 0.00000000
 0.00000000
 0.00000000
-0.00030518
-0.00030518
-0.00030518
-0.00030518
-0.00030518
-0.00030518
-0.00061035
-0.00030518
-0.00030518
-0.00030518
 0.00000000
 0.00030518
 0.00030518
 0.00000000
-0.00030518
-0.00030518
-0.00030518
-0.00061035
-0.00091553
-0.00091553
-0.00061035
-0.00061035
-0.00030518
-0.00030518
-0.00061035
-0.00061035
-0.00061035
-0.00091553
-0.00091553
-0.00091553
-0.00091553
-0.00061035
-0.00030518
-0.00030518
-0.00091553
-0.00122070
-0.00152588
-0.00152588
-0.00122070
-0.00091553
-0.00091553
-0.00091553
-0.00061035
-0.00091553
-0.00091553
-0.00030518
-0.00030518
-0.00061035
-0.00122070
-0.00122070
-0.00091553
-0.00030518
 0.00000000
-0.00061035
-0.00091553
-0.00091553
-0.00061035
-0.00061035
-0.00061035
-0.00061035
-0.00091553
-0.00122070
-0.00061035
-0.00030518
-0.00030518
-0.00030518
-0.00061035
-0.00091553
-0.00091553
-0.00061035
-0.00030518
-0.00030518
-0.00061035
-0.00030518
 0.00000000
 0.00000000
-0.00061035
-0.00061035
-0.00061035
 0.00000000
 0.00000000
 0.00000000
 0.00000000
 0.00000000
-0.00030518
-0.00030518
-0.00030518
-0.00030518
-0.00030518
-0.00030518
 0.00000000
 0.00030518
 0.00000000
 0.00000000
 0.00000000
 0.00000000
 0.00030518
 0.00030518
-0.00030518
-0.00061035
-0.00091553
-0.00030518
 0.00000000
 0.00030518
 0.00030518
 0.00000000
-0.00030518
 0.00030518
 0.00030518
 0.00030518
 0.00000000
 0.00000000
 0.00000000
 0.00030518
 0.00030518
 0.00000000
-0.00030518
 0.00000000
 0.00000000
 0.00000000
 0.00000000
 0.00030518
 0.00030518
 0.00030518
 0.00030518
 0.00030518
 0.00030518
 0.00061035
 0.00061035
 0.00030518
 0.00030518
 0.00000000
-0.00030518
 0.00000000
 0.00000000
 0.00030518
 0.00030518
 0.00000000
 0.00000000
 0.00000000
 0.00030518
 0.00061035
 0.00030518
 0.00000000
 0.00000000
 0.00030518
 0.00091553
 0.00030518
-0.00030518
 0.00000000
 0.00000000
-0.00030518
-0.00030518
 0.00000000
 0.00030518
 0.00000000
-0.00061035
-0.00061035
-0.00030518
-0.00030518
-0.00061035
-0.00030518
-0.00030518
-0.00061035
-0.00061035
-0.00061035
-0.00061035
-0.00091553
-0.00091553
-0.00091553
-0.00091553
-0.00061035
-0.00061035
 0.00000000
 0.00000000
 0.00000000
-0.00030518
-0.00061035
-0.00122070
-0.00122070
-0.00091553
-0.00061035
-0.00061035
-0.00061035
-0.00030518
-0.00030518
-0.00061035
-0.00061035
-0.00030518
 0.00000000
 0.00000000
 0.00030518
 0.00000000
-0.00061035
-0.00061035
-0.00030518
-0.00061035
-0.00091553
-0.00061035
-0.00030518
-0.00061035
-0.00061035
-0.00061035
 0.00000000
-0.00030518
-0.00061035
-0.00061035
-0.00061035
-0.00030518
-0.00030518
-0.00030518
 0.00000000
 0.00000000
-0.00030518
-0.00030518
 0.00000000
 0.00030518
 0.00030518
 0.00000000
 0.00030518
 0.00030518
 0.00030518
 0.00000000
-0.00030518
-0.00030518
-0.00030518
-0.00030518
-0.00030518
-0.00030518
 0.00000000
 0.00030518
 0.00030518
 0.00000000
-0.00030518
-0.00030518
 0.00000000
 0.00030518
 0.00030518
 0.00030518
 0.00000000
-0.00030518
-0.00030518
 0.00000000
 0.00030518
 0.00061035
 0.00030518
-0.00030518
 0.00000000
 0.00030518
 0.00061035
 0.00030518
 0.00000000
 0.00030518
 0.00061035
 0.00091553
 0.00061035
 0.00030518
 0.00030518
 0.00030518
 0.00030518
 0.00030518
 0.00030518
 0.00030518
 0.00030518
 0.00000000
 0.00000000
 0.00030518
 0.00061035
 0.00030518
 0.00000000
 0.00030518
 0.00061035
 0.00030518
-0.00030518
 0.00000000
 0.00030518
 0.00061035
 0.00030518
-0.00030518
-0.00030518
 0.00030518
 0.00030518
-0.00030518
-0.00030518
 0.00030518
 0.00061035
 0.00030518
 0.00030518
-0.00030518
-0.00030518
 0.00000000
 0.00000000
-0.00030518
-0.00030518
-0.00030518
-0.00061035
-0.00030518
 0.00000000
 0.00000000
 0.00030518
 0.00030518
-0.00030518
-0.00061035
-0.00061035
-0.00061035
-0.00030518
-0.00030518
 0.00000000
-0.00030518
-0.00030518
-0.00030518
-0.00030518
-0.00061035
-0.00061035
-0.00030518
 0.00000000
 0.00030518
 0.00030518
 0.00000000
 0.00000000
-0.00030518
-0.00030518
 0.00000000
-0.00030518
-0.00061035
-0.00091553
-0.00061035
 0.00000000
 0.00000000
-0.00030518
-0.00030518
 0.00000000
 0.00030518
 0.00000000
 0.00030518
 0.00030518
 0.00000000
 0.00000000
 0.00030518
 0.00030518
 0.00000000
 0.00000000
 0.00000000
-0.00030518
-0.00061035
-0.00061035
 0.00000000
 0.00000000
 0.00000000
 0.00000000
 0.00000000
-0.00030518
 0.00000000
 0.00030518
 0.00030518
 0.00000000
-0.00030518
-0.00030518
-0.00030518
-0.00030518
 0.00000000
-0.00030518
 0.00000000
 0.00030518
 0.00030518
-0.00030518
-0.00030518
 0.00000000
 0.00030518
 0.00000000
-0.00030518
 0.00000000
 0.00000000
 0.00000000
-0.00061035
-0.00030518
 0.00000000
 0.00000000
 0.00000000
 0.00000000
 0.00000000
 0.00000000
 0.00000000
 0.00000000
-0.00030518
-0.00061035
-0.00061035
-0.00030518
-0.00061035
-0.00030518
-0.00061035
-0.00061035
-0.00061035
-0.00030518
-0.00030518
-0.00061035
-0.00061035
-0.00091553
-0.00061035
-0.00061035
-0.00030518
 0.00000000
-0.00030518
-0.00061035
-0.00091553
-0.00091553
-0.00091553
-0.00091553
-0.00091553
-0.00061035
-0.00061035
-0.00061035
-0.00030518
 0.00000000
-0.00030518
-0.00061035
-0.00030518
 0.00000000
-0.00030518
-0.00030518
-0.00030518
-0.00030518
 0.00000000
 0.00000000
-0.00030518
-0.00030518
-0.00030518
 0.00000000
-0.00030518
-0.00061035
-0.00061035
 0.00000000
 0.00061035
 0.00061035
 0.00000000
-0.00030518
 0.00000000
 0.00000000
 0.00000000
 0.00000000
-0.00030518
-0.00061035
-0.00030518
 0.00000000
 0.00030518
 0.00030518
 0.00030518
 0.00000000
 0.00061035
 0.00030518
 0.00000000
 0.00000000
 0.00000000
 0.00030518
 0.00030518
 0.00000000
-0.00061035
-0.00030518
-0.00030518
 0.00030518
 0.00000000
 0.00030518
 0.00030518
 0.00030518
 0.00030518
 0.00000000
-0.00030518
-0.00030518
 0.00000000
 0.00030518
 0.00061035
 0.00030518
 0.00030518
 0.00030518
 0.00000000
 0.00000000
 0.00000000
 0.00000000
 0.00000000
 0.00030518
 0.00061035
 0.00061035
 0.00061035
 0.00061035
 0.00030518
 0.00030518
 0.00030518
 0.00000000
 0.00000000
 0.00000000
 0.00000000
 0.00000000
 0.00000000
 0.00030518
 0.00030518
 0.00030518
 0.00000000
-0.00030518
 0.00000000
 0.00030518
 0.00030518
 0.00030518
 0.00030518
 0.00000000
 0.00000000
 0.00000000
 0.00000000
 0.00000000
 0.00030518
 0.00091553
 0.00061035
 0.00030518
 0.00030518
 0.00030518
 0.00030518
 0.00030518
 0.00061035
 0.00061035
-0.00030518
-0.00030518
-0.00030518
 0.00000000
-0.00030518
-0.00030518
 0.00000000
-0.00030518
-0.00030518
-0.00061035
-0.00061035
 0.00000000
-0.00061035
-0.00061035
-0.00061035
-0.00061035
-0.00091553
-0.00091553
-0.00061035
-0.00061035
-0.00061035
-0.00091553
-0.00091553
-0.00091553
-0.00091553
-0.00091553
-0.00091553
-0.00061035
-0.00061035
-0.00030518
 0.00000000
-0.00030518
-0.00061035
-0.00061035
-0.00061035
-0.00030518
-0.00061035
-0.00091553
-0.00061035
 0.00000000
 0.00000000
-0.00061035
-0.00061035
-0.00091553
-0.00061035
-0.00030518
-0.00030518
-0.00061035
-0.00091553
-0.00091553
-0.00061035
-0.00030518
-0.00061035
-0.00030518
-0.00061035
-0.00061035
-0.00091553
-0.00061035
-0.00061035
 0.00000000
 0.00000000
-0.00030518
-0.00061035
-0.00030518
 0.00000000
-0.00030518
-0.00030518
-0.00061035
-0.00030518
 0.00000000
 0.00000000
 0.00000000
 0.00000000
 0.00000000
 0.00000000
 0.00000000
-0.00030518
-0.00061035
-0.00030518
 0.00000000
 0.00030518
 0.00000000
-0.00030518
-0.00030518
 0.00000000
 0.00030518
 0.00030518
 0.00030518
 0.00030518
 0.00000000
 0.00000000
 0.00030518
 0.00030518
 0.00030518
 0.00000000
-0.00030518
-0.00030518
-0.00030518
 0.00000000
 0.00000000
 0.00030518
 0.00061035
 0.00061035
 0.00000000
 0.00000000
 0.00000000
 0.00000000
 0.00000000
 0.00000000
 0.00000000
 0.00000000
 0.00000000
 0.00000000
 0.00000000
-0.00030518
-0.00030518
-0.00030518
 0.00030518
 0.00000000
 0.00000000
 0.00000000
 0.00030518
 0.00061035
 0.00030518
 0.00000000
 0.00000000
 0.00000000
 0.00000000
 0.00030518
 0.00000000
 0.00000000
 0.00000000
 0.00000000
 0.00000000
 0.00000000
 0.00030518
 0.00000000
 0.00000000
 0.00000000
 0.00000000
 0.00000000
-0.00030518
 0.00000000
 0.00000000
 0.00030518
 0.00000000
-0.00030518
-0.00030518
 0.00000000
 0.00030518
 0.00061035
 0.00061035
 0.00061035
 0.00091553
 0.00091553
 0.00030518
 0.00000000
 0.00000000
 0.00000000
 0.00000000
 0.00000000
 0.00030518
 0.00030518
 0.00030518
 0.00030518
 0.00030518
 0.00030518
 0.00000000
-0.00030518
 0.00000000
 0.00030518
 0.00030518
 0.00000000
-0.00030518
-0.00030518
-0.00030518
-0.00030518
-0.00030518
 0.00000000
 0.00000000
 0.00030518
 0.00061035
 0.00030518
 0.00000000
 0.00000000
 0.00030518
 0.00000000
-0.00030518
-0.00030518
 0.00000000
-0.00030518
 0.00000000
 0.00000000
 0.00000000
-0.00030518
-0.00061035
-0.00061035
-0.00091553
-0.00061035
-0.00030518
 0.00000000
 0.00000000
-0.00030518
-0.00061035
-0.00061035
-0.00061035
-0.00061035
-0.00061035
-0.00030518
-0.00061035
-0.00030518
-0.00030518
-0.00030518
-0.00030518
-0.00061035
-0.00061035
-0.00061035
-0.00061035
-0.00061035
-0.00030518
-0.00061035
-0.00061035
-0.00030518
-0.00061035
-0.00091553
-0.00091553
-0.00030518
-0.00030518
-0.00061035
-0.00091553
-0.00061035
-0.00030518
-0.00030518
-0.00030518
-0.00030518
-0.00061035
-0.00061035
-0.00030518
 0.00000000
 0.00000000
-0.00030518
-0.00030518
 0.00000000
 0.00000000
-0.00030518
-0.00061035
-0.00061035
-0.00030518
 0.00030518
 0.00000000
-0.00030518
 0.00000000
 0.00000000
-0.00030518
 0.00000000
 0.00000000
 0.00000000
 0.00000000
-0.00061035
-0.00091553
-0.00030518
-0.00030518
-0.00030518
-0.00061035
-0.00061035
-0.00061035
-0.00030518
-0.00030518
-0.00030518
-0.00030518
-0.00061035
-0.00061035
-0.00030518
 0.00000000
 0.00000000
 0.00030518
 0.00000000
-0.00030518
-0.00030518
-0.00030518
-0.00030518
 0.00000000
 0.00000000
-0.00030518
-0.00061035
 0.00000000
 0.00030518
 0.00000000
-0.00030518
-0.00030518
-0.00030518
 0.00030518
 0.00030518
 0.00000000
-0.00030518
-0.00030518
-0.00030518
 0.00000000
 0.00000000
 0.00061035
 0.00061035
 0.00030518
 0.00000000
-0.00030518
 0.00000000
 0.00030518
 0.00061035
 0.00030518
 0.00030518
 0.00030518
 0.00030518
 0.00030518
 0.00030518
 0.00030518
 0.00000000
 0.00030518
 0.00030518
 0.00030518
 0.00061035
 0.00030518
 0.00030518
 0.00030518
 0.00000000
 0.00030518
 0.00030518
 0.00061035
 0.00030518
 0.00000000
 0.00000000
 0.00000000
 0.00000000
 0.00000000
-0.00030518
-0.00030518
-0.00030518
-0.00061035
-0.00061035
-0.00061035
-0.00030518
-0.00030518
-0.00030518
 0.00000000
 0.00000000
-0.00030518
-0.00061035
-0.00030518
 0.00000000
 0.00030518
 0.00000000
-0.00030518
-0.00091553
-0.00122070
-0.00091553
-0.00030518
 0.00000000
-0.00030518
-0.00030518
 0.00000000
 0.00030518
 0.00000000
-0.00061035
-0.00091553
-0.00091553
-0.00030518
-0.00030518
-0.00061035
-0.00061035
-0.00061035
-0.00061035
-0.00061035
-0.00061035
-0.00030518
-0.00030518
 0.00000000
-0.00030518
-0.00061035
-0.00061035
-0.00030518
-0.00030518
 0.00000000
-0.00030518
-0.00061035
-0.00091553
-0.00061035
-0.00030518
-0.00030518
-0.00030518
 0.00000000
 0.00000000
 0.00000000
 0.00000000
-0.00030518
 0.00000000
-0.00030518
-0.00030518
-0.00030518
-0.00030518
-0.00030518
-0.00030518
 0.00000000
 0.00030518
 0.00000000
-0.00030518
 0.00000000
 0.00030518
 0.00030518
 0.00030518
 0.00030518
 0.00030518
 0.00000000
 0.00000000
 0.00000000
 0.00030518
 0.00030518
 0.00000000
-0.00030518
 0.00000000
 0.00000000
 0.00000000
 0.00030518
 0.00030518
 0.00061035
 0.00061035
 0.00030518
 0.00030518
 0.00000000
 0.00000000
-0.00030518
-0.00030518
 0.00000000
 0.00030518
 0.00061035
 0.00030518
 0.00030518
 0.00000000
 0.00030518
 0.00030518
 0.00061035
 0.00030518
 0.00000000
 0.00000000
 0.00000000
 0.00000000
 0.00000000
 0.00000000
 0.00000000
 0.00000000
 0.00030518
 0.00030518
 0.00030518
 0.00030518
 0.00030518
 0.00030518
 0.00061035
 0.00061035
 0.00000000
-0.00030518
-0.00061035
-0.00030518
-0.00030518
 0.00000000
 0.00000000
 0.00000000
-0.00030518
 0.00000000
 0.00030518
 0.00000000
-0.00030518
-0.00030518
 0.00000000
-0.00030518
-0.00030518
-0.00030518
-0.00030518
 0.00000000
 0.00030518
 0.00000000
 0.00000000
 0.00000000
 0.00000000
 0.00030518
 0.00030518
 0.00030518
 0.00000000
 0.00000000
 0.00000000
 0.00030518
 0.00061035
 0.00061035
 0.00061035
 0.00030518
 0.00000000
 0.00000000
 0.00030518
 0.00030518
 0.00000000
-0.00030518
 0.00000000
 0.00000000
 0.00000000
 0.00000000
 0.00000000
-0.00030518
-0.00030518
-0.00030518
-0.00061035
-0.00061035
-0.00061035
-0.00030518
-0.00030518
-0.00030518
-0.00030518
-0.00030518
-0.00061035
-0.00030518
-0.00030518
-0.00061035
-0.00061035
-0.00030518
-0.00030518
-0.00030518
-0.00030518
 0.00000000
 0.00000000
-0.00030518
-0.00061035
-0.00061035
-0.00061035
-0.00061035
-0.00061035
-0.00030518
 0.00000000
 0.00000000
-0.00061035
-0.00061035
-0.00030518
-0.00030518
-0.00091553
-0.00061035
-0.00030518
 0.00000000
-0.00030518
-0.00030518
 0.00000000
 0.00000000
-0.00061035
-0.00091553
-0.00061035
-0.00030518
-0.00030518
-0.00061035
-0.00061035
-0.00061035
-0.00061035
-0.00061035
-0.00061035
-0.00030518
-0.00030518
-0.00030518
-0.00061035
-0.00061035
-0.00030518
-0.00030518
-0.00030518
-0.00030518
-0.00061035
-0.00091553
-0.00030518
-0.00030518
-0.00030518
 0.00000000
 0.00030518
 0.00030518
 0.00000000
-0.00030518
-0.00030518
 0.00000000
 0.00061035
 0.00000000
-0.00030518
 0.00000000
 0.00000000
 0.00000000
-0.00061035
-0.00061035
-0.00061035
-0.00030518
 0.00000000
-0.00030518
-0.00030518
-0.00061035
-0.00030518
-0.00030518
 0.00000000
 0.00000000
 0.00000000
-0.00030518
-0.00030518
-0.00030518
 0.00000000
 0.00000000
 0.00000000
 0.00000000
-0.00030518
-0.00030518
 0.00000000
-0.00030518
 0.00000000
 0.00061035
 0.00061035
 0.00030518
 0.00030518
 0.00000000
-0.00030518
-0.00030518
 0.00030518
 0.00030518
 0.00030518
 0.00000000
-0.00030518
-0.00030518
 0.00000000
 0.00000000
 0.00030518
 0.00030518
 0.00000000
 0.00000000
 0.00061035
 0.00030518
-0.00030518
-0.00061035
 0.00000000
 0.00030518
 0.00000000
-0.00030518
-0.00061035
-0.00061035
 0.00000000
 0.00000000
 0.00000000
 0.00000000
 0.00000000
 0.00000000
-0.00030518
-0.00030518
 0.00030518
 0.00030518
-0.00030518
-0.00091553
-0.00091553
-0.00030518
 0.00030518
 0.00000000
-0.00030518
-0.00030518
 0.00030518
 0.00030518
 0.00030518
 0.00030518
 0.00000000
 0.00000000
 0.00000000
 0.00000000
 0.00000000
 0.00000000
 0.00000000
-0.00030518
-0.00030518
 0.00000000
 0.00061035
 0.00061035
 0.00030518
 0.00000000
-0.00030518
-0.00030518
 0.00030518
 0.00030518
 0.00061035
 0.00030518
 0.00000000
 0.00000000
 0.00000000
 0.00030518
 0.00030518
 0.00000000
 0.00000000
-0.00030518
 0.00030518
 0.00030518
 0.00000000
 0.00030518
 0.00000000
 0.00000000
 0.00000000
 0.00000000
 0.00000000
 0.00000000
 0.00000000
-0.00030518
-0.00030518
-0.00061035
-0.00030518
-0.00030518
 0.00000000
 0.00030518
 0.00030518
 0.00000000
-0.00030518
-0.00030518
-0.00061035
-0.00061035
 0.00000000
 0.00000000
 0.00000000
-0.00030518
-0.00030518
-0.00061035
-0.00030518
-0.00030518
-0.00030518
 0.00000000
-0.00030518
-0.00030518
-0.00061035
-0.00061035
-0.00061035
-0.00030518
 0.00030518
 0.00030518
 0.00000000
 0.00000000
 0.00000000
 0.00000000
-0.00030518
 0.00000000
 0.00000000
-0.00030518
-0.00030518
 0.00000000
 0.00000000
-0.00030518
-0.00030518
-0.00030518
 0.00000000
 0.00030518
 0.00000000
 0.00000000
 0.00000000
 0.00000000
 0.00000000
-0.00030518
-0.00030518
 0.00000000
 0.00030518
 0.00000000
 0.00000000
-0.00030518
 0.00000000
-0.00030518
 0.00000000
 0.00030518
 0.00030518
 0.00000000
-0.00030518
-0.00030518
 0.00000000
-0.00030518
-0.00030518
-0.00030518
 0.00000000
 0.00030518
 0.00030518
 0.00030518
 0.00000000
 0.00000000
 0.00000000
-0.00030518
-0.00030518
-0.00061035
-0.00061035
-0.00030518
 0.00000000
-0.00030518
-0.00030518
-0.00030518
-0.00030518
-0.00030518
 0.00030518
 0.00030518
-0.00061035
-0.00061035
-0.00030518
-0.00030518
-0.00030518
-0.00030518
-0.00030518
-0.00061035
-0.00061035
-0.00030518
 0.00000000
 0.00030518
 0.00030518
 0.00000000
-0.00030518
-0.00030518
-0.00061035
-0.00061035
-0.00030518
-0.00030518
-0.00061035
-0.00030518
 0.00000000
 0.00030518
 0.00000000
 0.00000000
-0.00030518
-0.00030518
 0.00000000
 0.00030518
 0.00030518
 0.00030518
 0.00000000
 0.00000000
-0.00030518
-0.00061035
-0.00061035
-0.00091553
-0.00030518
 0.00000000
 0.00000000
-0.00030518
-0.00030518
-0.00030518
-0.00030518
-0.00030518
-0.00061035
-0.00061035
-0.00030518
 0.00000000
 0.00000000
 0.00061035
 0.00061035
 0.00000000
-0.00061035
-0.00061035
-0.00030518
 0.00030518
 0.00000000
-0.00030518
-0.00061035
-0.00030518
-0.00030518
-0.00030518
-0.00030518
-0.00030518
-0.00030518
-0.00061035
-0.00091553
-0.00091553
-0.00030518
-0.00030518
-0.00030518
 0.00000000
-0.00030518
-0.00061035
-0.00061035
 0.00000000
 0.00000000
-0.00030518
 0.00000000
 0.00030518
 0.00030518
-0.00030518
-0.00030518
-0.00030518
-0.00030518
-0.00030518
-0.00061035
-0.00030518
 0.00000000
 0.00030518
-0.00030518
-0.00030518
 0.00000000
 0.00000000
-0.00030518
-0.00030518
-0.00030518
-0.00030518
-0.00030518
 0.00000000
 0.00000000
 0.00000000
-0.00030518
-0.00061035
-0.00061035
-0.00030518
-0.00030518
 0.00000000
 0.00000000
 0.00000000
 0.00000000
-0.00030518
-0.00030518
-0.00030518
 0.00000000
 0.00000000
 0.00000000
 0.00030518
 0.00030518
 0.00000000
 0.00000000
 0.00000000
 0.00000000
 0.00000000
 0.00000000
 0.00000000
 0.00000000
 0.00000000
-0.00030518
-0.00030518
 0.00000000
-0.00030518
-0.00030518
 0.00000000
 0.00030518
 0.00030518
 0.00000000
-0.00061035
-0.00061035
-0.00030518
-0.00030518
 0.00000000
 0.00000000
-0.00030518
-0.00030518
-0.00030518
 0.00000000
 0.00000000
-0.00030518
-0.00030518
-0.00030518
-0.00030518
-0.00061035
-0.00061035
-0.00030518
 0.00000000
-0.00030518
-0.00061035
-0.00061035
 0.00000000
 0.00000000
 0.00000000
-0.00030518
-0.00061035
-0.00061035
 0.00000000
 0.00000000
-0.00061035
-0.00061035
-0.00030518
 0.00000000
 0.00000000
-0.00030518
-0.00061035
-0.00061035
-0.00061035
-0.00061035
-0.00061035
-0.00061035
-0.00061035
-0.00091553
-0.00091553
-0.00061035
-0.00030518
 0.00000000
-0.00030518
-0.00030518
-0.00061035
-0.00061035
-0.00061035
-0.00061035
-0.00030518
-0.00030518
-0.00061035
-0.00091553
-0.00091553
-0.00030518
-0.00030518
-0.00030518
-0.00030518
-0.00061035
-0.00091553
-0.00091553
-0.00061035
-0.00030518
 0.00000000
 0.00000000
 0.00000000
-0.00061035
-0.00030518
-0.00030518
 0.00030518
 0.00000000
-0.00030518
-0.00030518
-0.00030518
-0.00061035
-0.00061035
-0.00030518
-0.00061035
-0.00061035
-0.00061035
-0.00030518
 0.00000000
-0.00030518
-0.00030518
-0.00030518
-0.00030518
 0.00000000
-0.00030518
-0.00030518
-0.00030518
-0.00030518
-0.00061035
-0.00091553
-0.00061035
 0.00000000
-0.00030518
-0.00061035
-0.00061035
-0.00061035
-0.00061035
-0.00061035
 0.00000000
 0.00030518
 0.00030518
 0.00030518
 0.00000000
 0.00000000
 0.00000000
-0.00030518
-0.00091553
-0.00061035
-0.00030518
 0.00000000
-0.00030518
-0.00061035
 0.00000000
 0.00030518
 0.00000000
-0.00030518
-0.00061035
-0.00030518
 0.00000000
-0.00030518
 0.00000000
 0.00000000
-0.00030518
-0.00030518
-0.00030518
 0.00000000
 0.00000000
-0.00061035
-0.00122070
-0.00091553
 0.00000000
 0.00030518
 0.00000000
-0.00030518
 0.00000000
 0.00030518
 0.00000000
-0.00030518
-0.00061035
-0.00061035
-0.00030518
 0.00000000
 0.00030518
 0.00030518
-0.00030518
-0.00030518
-0.00030518
 0.00030518
 0.00030518
 0.00000000
 0.00030518
 0.00030518
 0.00030518
 0.00030518
 0.00000000
-0.00030518
-0.00061035
-0.00030518
-0.00030518
-0.00030518
-0.00030518
-0.00030518
-0.00030518
-0.00061035
-0.00061035
-0.00030518
-0.00030518
 0.00000000
-0.00030518
-0.00061035
-0.00030518
-0.00061035
-0.00030518
-0.00030518
-0.00030518
-0.00030518
-0.00030518
-0.00030518
 0.00000000
 0.00030518
 0.00000000
-0.00030518
-0.00061035
-0.00091553
-0.00091553
-0.00030518
 0.00000000
 0.00000000
-0.00030518
-0.00030518
-0.00091553
-0.00122070
-0.00091553
-0.00030518
-0.00030518
-0.00030518
-0.00030518
-0.00030518
-0.00030518
-0.00061035
-0.00091553
-0.00061035
-0.00061035
-0.00061035
-0.00030518
 0.00000000
 0.00000000
-0.00030518
-0.00061035
-0.00061035
-0.00030518
-0.00061035
-0.00091553
-0.00091553
-0.00061035
-0.00030518
-0.00030518
-0.00030518
-0.00061035
-0.00061035
-0.00061035
-0.00061035
-0.00061035
-0.00061035
-0.00030518
-0.00030518
-0.00030518
 0.00000000
-0.00030518
-0.00091553
-0.00091553
-0.00061035
-0.00061035
-0.00061035
-0.00091553
-0.00061035
-0.00030518
-0.00030518
 0.00000000
-0.00030518
-0.00030518
-0.00061035
-0.00030518
-0.00030518
-0.00061035
-0.00091553
-0.00091553
-0.00091553
-0.00091553
-0.00122070
-0.00091553
-0.00061035
-0.00061035
-0.00091553
-0.00091553
-0.00061035
-0.00061035
-0.00030518
-0.00030518
-0.00061035
-0.00061035
-0.00091553
-0.00061035
-0.00030518
-0.00030518
-0.00061035
-0.00091553
-0.00122070
-0.00122070
-0.00091553
-0.00091553
-0.00061035
-0.00061035
-0.00061035
-0.00030518
-0.00061035
-0.00122070
-0.00091553
-0.00030518
-0.00030518
-0.00061035
-0.00061035
-0.00061035
-0.00091553
-0.00061035
-0.00061035
-0.00030518
-0.00061035
-0.00061035
-0.00030518
-0.00030518
-0.00061035
-0.00061035
-0.00030518
 0.00000000
 0.00000000
-0.00030518
-0.00061035
-0.00061035
-0.00061035
-0.00061035
-0.00061035
-0.00061035
-0.00061035
-0.00061035
-0.00061035
-0.00061035
-0.00061035
-0.00061035
-0.00030518
-0.00061035
-0.00091553
-0.00091553
-0.00061035
-0.00061035
-0.00061035
-0.00061035
-0.00030518
-0.00030518
-0.00030518
-0.00030518
-0.00030518
-0.00061035
-0.00061035
-0.00030518
-0.00030518
-0.00030518
-0.00030518
-0.00061035
-0.00091553
-0.00091553
-0.00030518
-0.00030518
-0.00030518
-0.00030518
-0.00091553
-0.00091553
-0.00061035
-0.00030518
 0.00000000
 0.00000000
 0.00000000
-0.00030518
-0.00091553
-0.00122070
-0.00091553
-0.00061035
 0.00000000
 0.00000000
 0.00030518
 0.00000000
-0.00030518
-0.00030518
-0.00061035
-0.00061035
-0.00061035
-0.00061035
-0.00061035
-0.00061035
-0.00091553
-0.00152588
-0.00122070
-0.00061035
-0.00030518
-0.00061035
-0.00061035
-0.00061035
-0.00061035
-0.00061035
-0.00030518
-0.00030518
-0.00030518
-0.00061035
-0.00091553
-0.00061035
-0.00030518
-0.00030518
-0.00030518
-0.00061035
-0.00061035
-0.00091553
-0.00091553
-0.00091553
-0.00061035
-0.00030518
-0.00030518
-0.00061035
-0.00091553
-0.00061035
-0.00061035
-0.00030518
-0.00030518
-0.00061035
-0.00061035
-0.00091553
-0.00091553
-0.00061035
-0.00061035
-0.00061035
-0.00091553
-0.00091553
-0.00091553
-0.00061035
-0.00061035
-0.00061035
-0.00061035
-0.00061035
-0.00061035
-0.00061035
-0.00030518
-0.00030518
 0.00000000
-0.00030518
-0.00030518
-0.00091553
-0.00122070
-0.00061035
-0.00061035
-0.00061035
-0.00091553
-0.00122070
-0.00091553
-0.00030518
 0.00000000
-0.00030518
-0.00061035
-0.00061035
-0.00061035
-0.00061035
-0.00061035
-0.00030518
-0.00061035
-0.00091553
-0.00030518
-0.00030518
-0.00030518
 0.00000000
-0.00030518
-0.00061035
-0.00061035
-0.00030518
-0.00030518
-0.00061035
-0.00091553
-0.00091553
-0.00061035
-0.00030518
 0.00000000
-0.00030518
-0.00061035
-0.00061035
-0.00030518
-0.00030518
-0.00030518
-0.00061035
-0.00091553
-0.00091553
-0.00061035
-0.00061035
-0.00030518
-0.00061035
-0.00061035
-0.00061035
-0.00030518
 0.00000000
 0.00000000
-0.00061035
-0.00091553
-0.00122070
-0.00091553
-0.00091553
-0.00122070
-0.00091553
-0.00061035
-0.00061035
-0.00061035
-0.00122070
-0.00091553
-0.00030518
-0.00030518
-0.00061035
-0.00091553
-0.00061035
-0.00030518
-0.00030518
-0.00030518
-0.00061035
-0.00061035
-0.00030518
-0.00030518
 0.00000000
-0.00061035
-0.00030518
 0.00000000
-0.00030518
 0.00000000
 0.00000000
 0.00000000
-0.00030518
-0.00030518
-0.00030518
-0.00030518
-0.00030518
-0.00061035
-0.00030518
-0.00030518
-0.00030518
-0.00030518
-0.00030518
 0.00000000
 0.00000000
-0.00030518
-0.00061035
-0.00061035
-0.00030518
 0.00000000
 0.00000000
 0.00000000
-0.00030518
-0.00061035
-0.00061035
-0.00061035
-0.00061035
-0.00061035
 0.00000000
 0.00000000
-0.00030518
 0.00000000
 0.00000000
 0.00000000
-0.00061035
-0.00030518
 0.00000000
 0.00000000
-0.00030518
-0.00091553
-0.00091553
-0.00061035
-0.00030518
-0.00030518
-0.00030518
 0.00000000
 0.00000000
 0.00000000
-0.00030518
-0.00091553
-0.00061035
 0.00122070
 0.00640869
 0.01770020
 0.03387451
 0.05920410
 0.09399414
 0.09307861
-0.02746582
-0.19012451
-0.25848389
-0.24078369
-0.18035889
-0.10711670
-0.05981445
-0.04394531
 0.13488770
 0.45684814
 0.59326172
 0.09674072
-0.33813477
-0.20324707
 0.04150391
 0.11993408
 0.21057129
 0.18432617
-0.00305176
-0.28930664
-0.52703857
-0.51208496
-0.21942139
-0.07843018
-0.22369385
-0.44708252
-0.63720703
-0.46508789
-0.05126953
 0.54718018
 1.32751465
 1.81640625
 1.52984619
 0.83007813
 0.24871826
-0.54473877
-1.26281738
-1.53045654
-1.16943359
-0.55297852
-0.11993408
 0.32165527
 0.53009033
 0.57067871
 0.76751709
 0.91430664
 0.46264648
 0.04608154
 0.29418945
 0.61157227
 0.54901123
-0.39093018
-0.77606201
-0.69732666
-0.76354980
-1.10809326
-1.01715088
-0.24414063
 0.26123047
 0.40802002
 0.27893066
 0.61126709
 1.02569580
 0.92102051
 0.31036377
 0.09124756
 0.04913330
-0.23071289
-0.54046631
-0.70770264
-0.51910400
-0.34515381
-0.36468506
-0.43792725
-0.52490234
-0.13702393
 0.30456543
 0.68176270
 0.89813232
 1.05529785
 1.09832764
 0.67474365
-0.12481689
-0.71014404
-0.63323975
-0.42938232
-0.48797607
-0.83160400
-0.95977783
-0.65002441
-0.20294189
-0.00732422
 0.05401611
 0.16754150
 0.37231445
 0.57830811
 0.62408447
 0.45593262
 0.34179688
 0.19683838
-0.11199951
-0.26702881
-0.15533447
-0.05920410
-0.06042480
-0.04913330
 0.02197266
 0.03173828
-0.10437012
-0.29602051
-0.37048340
-0.26977539
-0.20782471
-0.21148682
-0.22491455
-0.24200439
-0.23864746
-0.06530762
 0.30212402
 0.58990479
 0.57556152
 0.44738770
 0.42694092
 0.35675049
 0.12634277
-0.00366211
-0.05279541
-0.23895264
-0.57769775
-0.80993652
-0.68664551
-0.40863037
-0.24078369
-0.10253906
 0.02410889
 0.13793945
 0.23742676
 0.34515381
 0.49255371
 0.50384521
 0.29235840
 0.09918213
 0.01617432
-0.07995605
-0.27191162
-0.37902832
-0.27496338
 0.00640869
 0.24993896
 0.36285400
 0.28839111
 0.33355713
 0.32501221
 0.22796631
 0.07995605
-0.03417969
-0.20690918
-0.38330078
-0.42449951
-0.26885986
-0.20202637
-0.28228760
-0.33935547
-0.16876221
 0.04425049
 0.16479492
 0.33447266
 0.37994385
 0.38330078
 0.21728516
-0.05920410
-0.14160156
-0.08331299
-0.07202148
-0.11566162
-0.09674072
 0.00091553
 0.09094238
 0.15106201
 0.22064209
 0.32104492
 0.41595459
 0.36376953
 0.18371582
 0.01892090
-0.06164551
-0.10864258
-0.19104004
-0.30151367
-0.40435791
-0.48095703
-0.48522949
-0.36041260
-0.12359619
 0.19439697
 0.52124023
 0.58013916
 0.40618896
 0.28686523
 0.18371582
 0.12329102
 0.03692627
-0.08544922
-0.17700195
-0.17700195
-0.08148193
 0.06774902
 0.17669678
 0.19805908
 0.15380859
 0.06103516
-0.03570557
-0.08483887
-0.09399414
-0.10742188
-0.15747070
-0.21820068
-0.25054932
-0.28808594
-0.33996582
-0.32318115
-0.17517090
 0.03143311
 0.19958496
 0.28503418
 0.28442383
 0.31951904
 0.29968262
 0.13854980
-0.13916016
-0.40344238
-0.58135986
-0.64147949
-0.63171387
-0.54901123
-0.36224365
-0.11047363
 0.11169434
 0.31982422
 0.44494629
 0.60455322
 0.79101563
 0.82672119
 0.57922363
 0.23651123
-0.01770020
-0.18310547
-0.30700684
-0.39855957
-0.46356201
-0.49865723
-0.48492432
-0.37475586
-0.19012451
 0.02319336
 0.25085449
 0.44342041
 0.57067871
 0.62072754
 0.49316406
 0.30120850
 0.11718750
-0.03570557
-0.22735596
-0.45135498
-0.65551758
-0.67810059
-0.53314209
-0.35491943
-0.25177002
-0.09155273
 0.07537842
 0.21575928
 0.33538818
 0.46386719
 0.59051514
 0.62133789
 0.48461914
 0.25726318
-0.00671387
-0.26336670
-0.47454834
-0.59417725
-0.59722900
-0.51605225
-0.39306641
-0.21484375
 0.11444092
 0.49224854
 0.72967529
 0.72296143
 0.57220459
 0.43548584
 0.28350830
 0.01678467
-0.20965576
-0.37567139
-0.42785645
-0.42999268
-0.41503906
-0.35827637
-0.24719238
-0.08514404
 0.07751465
 0.19439697
 0.24200439
 0.24322510
 0.21789551
 0.19561768
 0.17181396
 0.10437012
-0.00518799
-0.09887695
-0.14038086
-0.13610840
-0.09613037
-0.02746582
 0.05889893
 0.14343262
 0.20538330
 0.24688721
 0.27343750
 0.27954102
 0.24658203
 0.15686035
 0.03692627
-0.06927490
-0.15106201
-0.21362305
-0.25451660
-0.27191162
-0.26489258
-0.22460938
-0.14007568
-0.02105713
 0.09338379
 0.18676758
 0.26885986
 0.32928467
 0.33599854
 0.22888184
 0.06530762
-0.04425049
-0.08392334
-0.11291504
-0.15319824
-0.19317627
-0.19592285
-0.15869141
-0.09826660
-0.02929688
 0.03295898
 0.07598877
 0.09490967
 0.07812500
 0.04516602
 0.03356934
 0.05218506
 0.08422852
 0.11199951
 0.12512207
 0.13427734
 0.15472412
 0.17059326
 0.15136719
 0.09246826
 0.03112793
-0.00701904
-0.02563477
-0.03662109
-0.06072998
-0.11047363
-0.16143799
-0.18920898
-0.20538330
-0.23162842
-0.25848389
-0.24871826
-0.20263672
-0.14739990
-0.10559082
-0.07934570
-0.06256104
-0.04608154
-0.02929688
-0.02593994
-0.04486084
-0.07629395
-0.10375977
-0.11474609
-0.10223389
-0.06866455
-0.02258301
 0.03112793
 0.09582520
 0.17028809
 0.23956299
 0.28137207
 0.26336670
 0.17486572
 0.05615234
-0.06072998
-0.16601563
-0.24291992
-0.28045654
-0.28778076
-0.27069092
-0.22827148
-0.16082764
-0.07873535
 0.00122070
 0.06225586
 0.10070801
 0.10437012
 0.06835938
 0.02319336
-0.01281738
-0.04638672
-0.07568359
-0.08850098
-0.08636475
-0.07781982
-0.06439209
-0.03936768
 0.00274658
 0.05676270
 0.10864258
 0.14160156
 0.13427734
 0.08758545
 0.03479004
-0.01007080
-0.05828857
-0.10986328
-0.14739990
-0.15594482
-0.13641357
-0.10131836
-0.05920410
-0.00915527
 0.05554199
 0.13854980
 0.23162842
 0.32684326
 0.37597656
 0.37109375
 0.32440186
 0.20141602
 0.04516602
-0.07781982
-0.17211914
-0.23101807
-0.24383545
-0.21087646
-0.13641357
-0.03326416
 0.07537842
 0.16967773
 0.24139404
 0.28808594
 0.30822754
 0.28961182
 0.25177002
 0.22796631
 0.21942139
 0.21026611
 0.18188477
 0.12603760
 0.05462646
-0.01770020
-0.08270264
-0.12969971
-0.14892578
-0.13916016
-0.10406494
-0.04760742
 0.02563477
 0.10314941
 0.16326904
 0.18951416
 0.15441895
 0.07110596
-0.01068115
-0.07049561
-0.12481689
-0.17150879
-0.19866943
-0.20202637
-0.18463135
-0.15075684
-0.10589600
-0.05706787
-0.01373291
 0.01708984
 0.02929688
 0.02593994
 0.01678467
 0.00793457
 0.00457764
 0.00915527
 0.01617432
 0.01678467
 0.00640869
-0.01007080
-0.02502441
-0.03906250
-0.05493164
-0.07080078
-0.08087158
-0.08056641
-0.06805420
-0.04547119
-0.01892090
-0.00122070
-0.00671387
-0.03845215
-0.07537842
-0.10131836
-0.11901855
-0.13824463
-0.16082764
-0.17486572
-0.16876221
-0.14373779
-0.10467529
-0.05676270
-0.00335693
 0.05157471
 0.10253906
 0.14373779
 0.16387939
 0.15258789
 0.11322021
 0.05889893
-0.00122070
-0.06317139
-0.12573242
-0.18188477
-0.22155762
-0.24047852
-0.23895264
-0.21820068
-0.17761230
-0.11718750
-0.03997803
 0.04272461
 0.11535645
 0.16357422
 0.17181396
 0.12481689
 0.05401611
 0.00305176
-0.02929688
-0.05798340
-0.08514404
-0.10223389
-0.09613037
-0.06347656
-0.00915527
 0.06225586
 0.14373779
 0.22644043
 0.29815674
 0.33996582
 0.35247803
 0.33111572
 0.27130127
 0.17211914
 0.07263184
-0.02441406
-0.10528564
-0.16021729
-0.18676758
-0.18402100
-0.15533447
-0.10528564
-0.03845215
 0.03692627
 0.10894775
 0.16571045
 0.19866943
 0.18310547
 0.12023926
 0.04791260
-0.00671387
-0.04791260
-0.07843018
-0.09521484
-0.09796143
-0.08666992
-0.06286621
-0.02777100
 0.01403809
 0.05645752
 0.08941650
 0.10284424
 0.09521484
 0.07995605
 0.06469727
 0.04394531
 0.01190186
-0.02838135
-0.06683350
-0.09246826
-0.09918213
-0.08575439
-0.05828857
-0.02258301
 0.01647949
 0.05187988
 0.07232666
 0.06622314
 0.03753662
 0.00061035
-0.03967285
-0.08148193
-0.11871338
-0.14587402
-0.15930176
-0.15808105
-0.14221191
-0.11230469
-0.07202148
-0.02655029
 0.01983643
 0.06378174
 0.09857178
 0.11199951
 0.09704590
 0.06225586
 0.02624512
-0.00244141
-0.02075195
-0.02593994
-0.02014160
-0.00457764
 0.01831055
 0.04699707
 0.07690430
 0.10406494
 0.12084961
 0.11993408
 0.10131836
 0.07354736
 0.04486084
 0.01464844
-0.01586914
-0.04486084
-0.06805420
-0.08300781
-0.08666992
-0.07659912
-0.05187988
-0.01525879
 0.03051758
 0.08087158
 0.13061523
 0.17059326
 0.18249512
 0.15441895
 0.10345459
 0.04852295
-0.01037598
-0.07141113
-0.12084961
-0.14862061
-0.15167236
-0.13305664
-0.09796143
-0.05218506
-0.00091553
 0.04974365
 0.09338379
 0.11871338
 0.11566162
 0.09124756
 0.06103516
 0.02655029
-0.01342773
-0.05523682
-0.09307861
-0.12207031
-0.13671875
-0.13275146
-0.10864258
-0.06561279
-0.00671387
 0.06256104
 0.13061523
 0.18615723
 0.21606445
 0.19470215
 0.12420654
 0.04272461
-0.02746582
-0.08789063
-0.13366699
-0.15899658
-0.16418457
-0.15197754
-0.12420654
-0.08544922
-0.03936768
 0.00793457
 0.05157471
 0.08544922
 0.10375977
 0.10314941
 0.08728027
 0.06042480
 0.02502441
-0.01556396
-0.05584717
-0.08789063
-0.10650635
-0.10742188
-0.09063721
-0.05859375
-0.01556396
 0.03265381
 0.07843018
 0.11260986
 0.12054443
 0.09796143
 0.05828857
 0.01403809
-0.03448486
-0.08636475
-0.13610840
-0.17578125
-0.19805908
-0.20141602
-0.18585205
-0.15472412
-0.10986328
-0.05645752
-0.00030518
 0.05249023
 0.09368896
 0.11016846
 0.09521484
 0.06683350
 0.03997803
 0.01190186
-0.01922607
-0.04638672
-0.06072998
-0.06103516
-0.04913330
-0.02929688
-0.00579834
 0.01770020
 0.03784180
 0.05187988
 0.06042480
 0.06439209
 0.06561279
 0.06408691
 0.05889893
 0.05004883
 0.03692627
 0.02197266
 0.00823975
-0.00183105
-0.00610352
-0.00396729
 0.00427246
 0.01770020
 0.03509521
 0.05432129
 0.07202148
 0.08392334
 0.08850098
 0.08544922
 0.07476807
 0.05828857
 0.03906250
 0.02288818
 0.01312256
 0.01037598
 0.01342773
 0.01953125
 0.02410889
 0.02288818
 0.01403809
 0.00183105
-0.00793457
-0.01281738
-0.01220703
-0.01007080
-0.01037598
-0.01464844
-0.02075195
-0.02563477
-0.02960205
-0.03204346
-0.03356934
-0.03356934
-0.03234863
-0.02960205
-0.02593994
-0.02319336
-0.02227783
-0.02380371
-0.02685547
-0.03112793
-0.03631592
-0.04241943
-0.04943848
-0.05645752
-0.06164551
-0.06378174
-0.06072998
-0.05279541
-0.04241943
-0.03326416
-0.02746582
-0.02624512
-0.02716064
-0.02716064
-0.02532959
-0.02227783
-0.01861572
-0.01617432
-0.01678467
-0.02044678
-0.02624512
-0.03265381
-0.03845215
-0.04302979
-0.04638672
-0.04791260
-0.04791260
-0.04455566
-0.03814697
-0.02990723
-0.02044678
-0.01342773
-0.00946045
-0.00671387
-0.00366211
-0.00122070
-0.00061035
-0.00091553
-0.00061035
 0.00274658
 0.00915527
 0.01800537
 0.02868652
 0.03906250
 0.04577637
 0.04547119
 0.03814697
 0.02655029
 0.01495361
 0.00427246
-0.00610352
-0.01525879
-0.02380371
-0.03234863
-0.04058838
-0.04669189
-0.04974365
-0.04882813
-0.04333496
-0.03387451
-0.02166748
-0.00701904
 0.00793457
 0.02136230
 0.03234863
 0.04028320
 0.04516602
 0.04760742
 0.04882813
 0.04943848
 0.04821777
 0.04516602
 0.04394531
 0.04791260
 0.05676270
 0.06866455
 0.08209229
 0.09429932
 0.10284424
 0.10589600
 0.10528564
 0.10284424
 0.09826660
 0.09216309
 0.08453369
 0.07629395
 0.06683350
 0.05584717
 0.04455566
 0.03601074
 0.03112793
 0.03051758
 0.03265381
 0.03570557
 0.03662109
 0.03265381
 0.02502441
 0.01770020
 0.01312256
 0.01312256
 0.01586914
 0.01922607
 0.02014160
 0.01556396
 0.00518799
-0.00885010
-0.02288818
-0.03295898
-0.03753662
-0.03784180
-0.03570557
-0.03326416
-0.03265381
-0.03570557
-0.04241943
-0.04913330
-0.05279541
-0.05187988
-0.04669189
-0.03601074
-0.02014160
-0.00183105
 0.01464844
 0.02593994
 0.02990723
 0.02685547
 0.01861572
 0.00640869
-0.00793457
-0.02319336
-0.03753662
-0.04699707
-0.05004883
-0.04882813
-0.04699707
-0.04638672
-0.04669189
-0.04638672
-0.04333496
-0.03723145
-0.02838135
-0.02014160
-0.01495361
-0.01464844
-0.01953125
-0.02868652
-0.03906250
-0.04608154
-0.04852295
-0.04577637
-0.03875732
-0.02685547
-0.01098633
 0.00701904
 0.02502441
 0.04058838
 0.05065918
 0.05310059
 0.04821777
 0.03784180
 0.02563477
 0.01251221
 0.00000000
-0.01129150
-0.02197266
-0.02929688
-0.03143311
-0.02746582
-0.01739502
-0.00366211
 0.01098633
 0.02410889
 0.03448486
 0.04272461
 0.04730225
 0.04760742
 0.04211426
 0.03051758
 0.01617432
 0.00091553
-0.01312256
-0.02288818
-0.02685547
-0.02471924
-0.01739502
-0.00579834
 0.01068115
 0.03204346
 0.05615234
 0.07873535
 0.09429932
 0.09918213
 0.09368896
 0.08117676
 0.06378174
 0.04211426
 0.01678467
-0.00976563
-0.03265381
-0.04791260
-0.05310059
-0.04821777
-0.03692627
-0.02502441
-0.01800537
-0.01678467
-0.01983643
-0.02197266
-0.02075195
-0.01861572
-0.01892090
-0.02410889
-0.03295898
-0.04333496
-0.05126953
-0.05584717
-0.05615234
-0.05065918
-0.03997803
-0.02502441
-0.00762939
 0.00946045
 0.02380371
 0.03234863
 0.03265381
 0.02441406
 0.01098633
-0.00427246
-0.01983643
-0.03265381
-0.04211426
-0.04730225
-0.04730225
-0.04211426
-0.03234863
-0.02014160
-0.00854492
 0.00061035
 0.00579834
 0.00854492
 0.00915527
 0.00762939
 0.00427246
-0.00091553
-0.00701904
-0.01281738
-0.01586914
-0.01464844
-0.00915527
-0.00091553
 0.00762939
 0.01586914
 0.02471924
 0.03631592
 0.04943848
 0.06256104
 0.07293701
 0.07781982
 0.07385254
 0.06134033
 0.04180908
 0.01831055
-0.00549316
-0.02716064
-0.04333496
-0.05249023
-0.05371094
-0.04821777
-0.03845215
-0.02777100
-0.01983643
-0.01525879
-0.01251221
-0.01037598
-0.00823975
-0.00640869
-0.00427246
-0.00305176
-0.00213623
-0.00152588
-0.00122070
-0.00030518
 0.00213623
 0.00762939
 0.01770020
 0.03021240
 0.04302979
 0.05401611
 0.06195068
 0.06591797
 0.06683350
 0.06591797
 0.06286621
 0.05706787
 0.04699707
 0.03387451
 0.01922607
 0.00640869
-0.00305176
-0.00915527
-0.01312256
-0.01586914
-0.01831055
-0.01953125
-0.01953125
-0.01892090
-0.01922607
-0.02166748
-0.02685547
-0.03265381
-0.03784180
-0.04058838
-0.03936768
-0.03570557
-0.03173828
-0.02960205
-0.02990723
-0.03051758
-0.02990723
-0.02716064
-0.02288818
-0.01770020
-0.01281738
-0.00976563
-0.01037598
-0.01525879
-0.02471924
-0.03631592
-0.04821777
-0.05859375
-0.06652832
-0.06988525
-0.06896973
-0.06530762
-0.06134033
-0.05645752
-0.05004883
-0.04150391
-0.03082275
-0.01861572
-0.00823975
-0.00152588
 0.00091553
 0.00091553
 0.00091553
 0.00091553
 0.00061035
-0.00091553
-0.00488281
-0.00854492
-0.00976563
-0.00640869
 0.00091553
 0.01007080
 0.01861572
 0.02410889
 0.02685547
 0.02838135
 0.03082275
 0.03509521
 0.03906250
 0.03997803
 0.03601074
 0.02838135
 0.01983643
 0.01251221
 0.00854492
 0.00885010
 0.01251221
 0.01708984
 0.02166748
 0.02624512
 0.03143311
 0.03753662
 0.04333496
 0.04638672
 0.04669189
 0.04577637
 0.04516602
 0.04486084
 0.04455566
 0.04394531
 0.04272461
 0.04119873
 0.03936768
 0.03814697
 0.03875732
 0.04211426
 0.04638672
 0.05035400
 0.05432129
 0.05645752
 0.05523682
 0.04943848
 0.03845215
 0.02410889
 0.00946045
-0.00305176
-0.01159668
-0.01617432
-0.01739502
-0.01770020
-0.01708984
-0.01495361
-0.01037598
-0.00244141
 0.00610352
 0.01281738
 0.01556396
 0.01281738
 0.00518799
-0.00457764
-0.01434326
-0.02258301
-0.02868652
-0.03387451
-0.03875732
-0.04333496
-0.04638672
-0.04669189
-0.04394531
-0.03906250
-0.03448486
-0.03204346
-0.03265381
-0.03448486
-0.03540039
-0.03479004
-0.03356934
-0.03417969
-0.03814697
-0.04516602
-0.05279541
-0.05828857
-0.05859375
-0.05401611
-0.04455566
-0.03295898
-0.02197266
-0.01495361
-0.01251221
-0.01342773
-0.01556396
-0.01861572
-0.02227783
-0.02502441
-0.02685547
-0.02655029
-0.02563477
-0.02471924
-0.02441406
-0.02441406
-0.02349854
-0.02044678
-0.01586914
-0.01007080
-0.00427246
 0.00152588
 0.00640869
 0.00823975
 0.00671387
 0.00366211
-0.00091553
-0.00640869
-0.01251221
-0.01708984
-0.01831055
-0.01403809
-0.00488281
 0.00671387
 0.01892090
 0.02990723
 0.03875732
 0.04638672
 0.05340576
 0.06042480
 0.06683350
 0.07110596
 0.07141113
 0.06652832
 0.05767822
 0.04791260
 0.03967285
 0.03509521
 0.03326416
 0.03265381
 0.03295898
 0.03448486
 0.03784180
 0.04211426
 0.04547119
 0.04669189
 0.04669189
 0.04608154
 0.04455566
 0.04211426
 0.03814697
 0.03234863
 0.02410889
 0.01586914
 0.00885010
 0.00671387
 0.00976563
 0.01770020
 0.02960205
 0.04272461
 0.05432129
 0.06317139
 0.06866455
 0.07110596
 0.06896973
 0.06225586
 0.05157471
 0.03997803
 0.02868652
 0.02044678
 0.01556396
 0.01373291
 0.01434326
 0.01525879
 0.01678467
 0.01953125
 0.02471924
 0.03143311
 0.03784180
 0.04028320
 0.03662109
 0.02685547
 0.01373291
-0.00030518
-0.01464844
-0.02868652
-0.04089355
-0.05035400
-0.05584717
-0.05706787
-0.05310059
-0.04455566
-0.03356934
-0.02258301
-0.01373291
-0.00976563
-0.01068115
-0.01586914
-0.02380371
-0.03356934
-0.04364014
-0.05218506
-0.05798340
-0.05981445
-0.05798340
-0.05279541
-0.04547119
-0.03845215
-0.03234863
-0.02746582
-0.02258301
-0.01708984
-0.01251221
-0.01129150
-0.01617432
-0.02777100
-0.04364014
-0.05920410
-0.07141113
-0.07781982
-0.07904053
-0.07537842
-0.06896973
-0.06103516
-0.05187988
-0.04211426
-0.03234863
-0.02380371
-0.01647949
-0.01068115
-0.00610352
-0.00305176
-0.00152588
-0.00274658
-0.00701904
-0.01281738
-0.01770020
-0.01953125
-0.01586914
-0.00671387
 0.00610352
 0.01831055
 0.02655029
 0.02899170
 0.02655029
 0.02258301
 0.01861572
 0.01464844
 0.01037598
 0.00427246
-0.00213623
-0.00640869
-0.00823975
-0.00793457
-0.00671387
-0.00518799
-0.00305176
 0.00183105
 0.00946045
 0.01953125
 0.02899170
 0.03540039
 0.03601074
 0.03173828
 0.02471924
 0.01739502
 0.01159668
 0.00671387
 0.00335693
 0.00091553
 0.00030518
 0.00122070
 0.00305176
 0.00518799
 0.00701904
 0.00793457
 0.00732422
 0.00549316
 0.00244141
-0.00061035
-0.00457764
-0.00915527
-0.01556396
-0.02349854
-0.03051758
-0.03509521
-0.03540039
-0.03204346
-0.02655029
-0.02105713
-0.01556396
-0.00946045
-0.00213623
 0.00701904
 0.01586914
 0.02258301
 0.02563477
 0.02593994
 0.02502441
 0.02349854
 0.02136230
 0.01831055
 0.01373291
 0.00854492
 0.00305176
-0.00244141
-0.00732422
-0.01068115
-0.01312256
-0.01525879
-0.01739502
-0.01953125
-0.02166748
-0.02441406
-0.02685547
-0.02899170
-0.02899170
-0.02777100
-0.02532959
-0.02288818
-0.02014160
-0.01678467
-0.01159668
-0.00549316
 0.00061035
 0.00640869
 0.01098633
 0.01434326
 0.01831055
 0.02258301
 0.02624512
 0.02716064
 0.02563477
 0.02319336
 0.02105713
 0.02136230
 0.02380371
 0.02807617
 0.03234863
 0.03601074
 0.03845215
 0.03967285
 0.03906250
 0.03540039
 0.02929688
 0.02197266
 0.01586914
 0.01281738
 0.01312256
 0.01617432
 0.01892090
 0.02014160
 0.01892090
 0.01647949
 0.01464844
 0.01495361
 0.01647949
 0.01800537
 0.01983643
 0.02197266
 0.02410889
 0.02563477
 0.02655029
 0.02716064
 0.02746582
 0.02716064
 0.02563477
 0.02227783
 0.01770020
 0.01281738
 0.00915527
 0.00701904
 0.00579834
 0.00488281
 0.00396729
 0.00274658
 0.00030518
-0.00244141
-0.00518799
-0.00885010
-0.01190186
-0.01434326
-0.01586914
-0.01617432
-0.01556396
-0.01495361
-0.01525879
-0.01739502
-0.02075195
-0.02410889
-0.02624512
-0.02746582
-0.02716064
-0.02532959
-0.02166748
-0.01708984
-0.01220703
-0.00762939
-0.00427246
-0.00335693
-0.00488281
-0.00793457
-0.01129150
-0.01434326
-0.01708984
-0.01831055
-0.01739502
-0.01556396
-0.01434326
-0.01373291
-0.01342773
-0.01464844
-0.01617432
-0.01892090
-0.02319336
-0.02746582
-0.03082275
-0.03387451
-0.03570557
-0.03662109
-0.03723145
-0.03784180
-0.03814697
-0.03723145
-0.03479004
-0.02960205
-0.02227783
-0.01373291
-0.00549316
 0.00091553
 0.00579834
 0.00854492
 0.00885010
 0.00579834
 0.00122070
-0.00427246
-0.00946045
-0.01281738
-0.01342773
-0.01037598
-0.00457764
 0.00335693
 0.01159668
 0.01953125
 0.02624512
 0.02960205
 0.02990723
 0.02777100
 0.02471924
 0.02136230
 0.01800537
 0.01434326
 0.01159668
 0.01037598
 0.01007080
 0.01098633
 0.01373291
 0.01770020
 0.02380371
 0.03173828
 0.04058838
 0.04821777
 0.05310059
 0.05401611
 0.05065918
 0.04486084
 0.03723145
 0.02929688
 0.02166748
 0.01556396
 0.01220703
 0.01251221
 0.01525879
 0.01892090
 0.02166748
 0.02258301
 0.02227783
 0.02105713
 0.02105713
 0.02166748
 0.02166748
 0.01983643
 0.01495361
 0.00701904
-0.00183105
-0.00885010
-0.01281738
-0.01251221
-0.00915527
-0.00335693
 0.00396729
 0.01159668
 0.01831055
 0.02288818
 0.02502441
 0.02502441
 0.02349854
 0.02166748
 0.01953125
 0.01739502
 0.01434326
 0.00946045
 0.00183105
-0.00671387
-0.01434326
-0.02014160
-0.02258301
-0.02136230
-0.01739502
-0.01220703
-0.00793457
-0.00610352
-0.00793457
-0.01342773
-0.02105713
-0.02838135
-0.03356934
-0.03479004
-0.03295898
-0.02929688
-0.02624512
-0.02563477
-0.02716064
-0.02960205
-0.03143311
-0.03112793
-0.02777100
-0.02166748
-0.01525879
-0.00915527
-0.00549316
-0.00457764
-0.00671387
-0.01098633
-0.01556396
-0.01922607
-0.02105713
-0.02044678
-0.01892090
-0.01678467
-0.01556396
-0.01464844
-0.01403809
-0.01342773
-0.01312256
-0.01312256
-0.01312256
-0.01190186
-0.01037598
-0.00885010
-0.00762939
-0.00762939
-0.00823975
-0.00946045
-0.01037598
-0.01037598
-0.01007080
-0.00854492
-0.00610352
-0.00213623
 0.00213623
 0.00610352
 0.00976563
 0.01281738
 0.01525879
 0.01739502
 0.01831055
 0.01770020
 0.01525879
 0.01098633
 0.00579834
 0.00061035
-0.00427246
-0.00793457
-0.00915527
-0.00793457
-0.00457764
-0.00091553
 0.00244141
 0.00610352
 0.01037598
 0.01495361
 0.01922607
 0.02258301
 0.02349854
 0.02197266
 0.01892090
 0.01617432
 0.01464844
 0.01403809
 0.01464844
 0.01617432
 0.01770020
 0.01983643
 0.02349854
 0.02868652
 0.03479004
 0.04119873
 0.04516602
 0.04608154
 0.04211426
 0.03509521
 0.02655029
 0.01770020
 0.00915527
 0.00183105
-0.00396729
-0.00793457
-0.01007080
-0.01037598
-0.00823975
-0.00549316
-0.00152588
 0.00213623
 0.00518799
 0.00701904
 0.00671387
 0.00488281
 0.00183105
-0.00213623
-0.00549316
-0.00854492
-0.01251221
-0.01739502
-0.02105713
-0.02288818
-0.02197266
-0.01739502
-0.01007080
-0.00244141
 0.00244141
 0.00335693
 0.00061035
-0.00427246
-0.01007080
-0.01647949
-0.02319336
-0.03021240
-0.03662109
-0.04119873
-0.04364014
-0.04272461
-0.03875732
-0.03143311
-0.02288818
-0.01464844
-0.00854492
-0.00427246
-0.00152588
 0.00030518
 0.00152588
 0.00122070
 0.00030518
-0.00152588
-0.00274658
-0.00305176
-0.00213623
 0.00091553
 0.00518799
 0.01037598
 0.01586914
 0.02075195
 0.02441406
 0.02532959
 0.02380371
 0.01983643
 0.01525879
 0.01068115
 0.00549316
 0.00000000
-0.00732422
-0.01586914
-0.02349854
-0.02777100
-0.02746582
-0.02349854
-0.01800537
-0.01281738
-0.00885010
-0.00549316
-0.00274658
-0.00061035
-0.00061035
-0.00213623
-0.00518799
-0.00823975
-0.00976563
-0.01098633
-0.01129150
-0.01129150
-0.01129150
-0.01068115
-0.00793457
-0.00244141
 0.00366211
 0.00915527
 0.01190186
 0.01220703
 0.01037598
 0.00701904
 0.00274658
-0.00152588
-0.00671387
-0.01220703
-0.01770020
-0.02136230
-0.02288818
-0.02258301
-0.02044678
-0.01678467
-0.01220703
-0.00732422
-0.00213623
 0.00274658
 0.00610352
 0.00762939
 0.00640869
 0.00305176
-0.00122070
-0.00488281
-0.00732422
-0.00885010
-0.00915527
-0.00823975
-0.00640869
-0.00427246
-0.00213623
 0.00091553
 0.00396729
 0.00732422
 0.01159668
 0.01495361
 0.01708984
 0.01739502
 0.01586914
 0.01312256
 0.00885010
 0.00335693
-0.00152588
-0.00488281
-0.00640869
-0.00549316
-0.00274658
 0.00091553
 0.00488281
 0.00885010
 0.01251221
 0.01586914
 0.01831055
 0.01953125
 0.02044678
 0.02044678
 0.01983643
 0.01922607
 0.01983643
 0.02014160
 0.02014160
 0.01831055
 0.01525879
 0.01281738
 0.01190186
 0.01220703
 0.01373291
 0.01525879
 0.01708984
 0.01831055
 0.01922607
 0.01922607
 0.01831055
 0.01678467
 0.01495361
 0.01251221
 0.01037598
 0.00854492
 0.00701904
 0.00610352
 0.00579834
 0.00579834
 0.00701904
 0.00915527
 0.01190186
 0.01434326
 0.01678467
 0.01800537
 0.01892090
 0.01831055
 0.01739502
 0.01495361
 0.01220703
 0.01007080
 0.00823975
 0.00762939
 0.00762939
 0.00823975
 0.00885010
 0.00976563
 0.01190186
 0.01434326
 0.01708984
 0.01983643
 0.02197266
 0.02288818
 0.02136230
 0.01861572
 0.01373291
 0.00732422
 0.00000000
-0.00671387
-0.01220703
-0.01556396
-0.01617432
-0.01464844
-0.01220703
-0.00946045
-0.00732422
-0.00610352
-0.00549316
-0.00427246
-0.00335693
-0.00213623
-0.00183105
-0.00244141
-0.00488281
-0.00885010
-0.01342773
-0.01770020
-0.02136230
-0.02349854
-0.02380371
-0.02166748
-0.01739502
-0.01251221
-0.00823975
-0.00518799
-0.00396729
-0.00488281
-0.00793457
-0.01190186
-0.01678467
-0.02197266
-0.02685547
-0.03143311
-0.03509521
-0.03723145
-0.03723145
-0.03540039
-0.03234863
-0.02838135
-0.02349854
-0.01831055
-0.01312256
-0.00854492
-0.00610352
-0.00640869
-0.00823975
-0.01098633
-0.01281738
-0.01434326
-0.01464844
-0.01434326
-0.01342773
-0.01098633
-0.00701904
-0.00152588
 0.00488281
 0.01098633
 0.01647949
 0.01922607
 0.01892090
 0.01617432
 0.01220703
 0.00762939
 0.00274658
-0.00244141
-0.00701904
-0.00976563
-0.01159668
-0.01251221
-0.01220703
-0.01037598
-0.00762939
-0.00396729
 0.00030518
 0.00518799
 0.00885010
 0.01098633
 0.01098633
 0.00915527
 0.00579834
 0.00183105
-0.00091553
-0.00122070
-0.00061035
 0.00244141
 0.00579834
 0.00946045
 0.01312256
 0.01617432
 0.01892090
 0.02075195
 0.02197266
 0.02349854
 0.02471924
 0.02471924
 0.02349854
 0.02014160
 0.01525879
 0.00946045
 0.00427246
 0.00152588
 0.00122070
 0.00244141
 0.00427246
 0.00579834
 0.00579834
 0.00518799
 0.00427246
 0.00335693
 0.00274658
 0.00183105
-0.00061035
-0.00305176
-0.00518799
-0.00732422
-0.00885010
-0.01037598
-0.01159668
-0.01159668
-0.01068115
-0.00885010
-0.00732422
-0.00549316
-0.00335693
-0.00091553
 0.00152588
 0.00366211
 0.00396729
 0.00335693
 0.00122070
-0.00122070
-0.00396729
-0.00640869
-0.00701904
-0.00640869
-0.00518799
-0.00396729
-0.00213623
 0.00000000
 0.00244141
 0.00396729
 0.00518799
 0.00549316
 0.00518799
 0.00305176
-0.00030518
-0.00427246
-0.00793457
-0.01037598
-0.01098633
-0.00946045
-0.00640869
-0.00274658
 0.00061035
 0.00335693
 0.00457764
 0.00488281
 0.00488281
 0.00488281
 0.00488281
 0.00396729
 0.00244141
 0.00000000
-0.00244141
-0.00579834
-0.00946045
-0.01342773
-0.01647949
-0.01739502
-0.01556396
-0.01159668
-0.00701904
-0.00396729
-0.00305176
-0.00335693
-0.00488281
-0.00640869
-0.00823975
-0.01037598
-0.01220703
-0.01281738
-0.01220703
-0.01037598
-0.00885010
-0.00732422
-0.00579834
-0.00366211
-0.00122070
 0.00213623
 0.00579834
 0.00885010
 0.01037598
 0.01007080
 0.00762939
 0.00427246
 0.00152588
 0.00030518
-0.00030518
-0.00061035
 0.00000000
 0.00061035
 0.00122070
 0.00183105
 0.00244141
 0.00396729
 0.00640869
 0.00885010
 0.01068115
 0.01129150
 0.01037598
 0.00762939
 0.00305176
-0.00213623
-0.00610352
-0.00762939
-0.00610352
-0.00244141
 0.00244141
 0.00671387
 0.00976563
 0.01129150
 0.01190186
 0.01220703
 0.01220703
 0.01129150
 0.01068115
 0.01037598
 0.00946045
 0.00793457
 0.00579834
 0.00366211
 0.00183105
 0.00122070
 0.00122070
 0.00305176
 0.00640869
 0.01007080
 0.01281738
 0.01464844
 0.01403809
 0.01129150
 0.00732422
 0.00488281
 0.00335693
 0.00244141
 0.00152588
 0.00122070
 0.00122070
 0.00213623
 0.00335693
 0.00396729
 0.00457764
 0.00579834
 0.00732422
 0.00854492
 0.00946045
 0.00915527
 0.00762939
 0.00518799
 0.00213623
-0.00061035
-0.00183105
-0.00213623
-0.00152588
-0.00061035
 0.00030518
 0.00122070
 0.00213623
 0.00183105
 0.00030518
-0.00183105
-0.00396729
-0.00518799
-0.00640869
-0.00793457
-0.00915527
-0.01007080
-0.01007080
-0.00915527
-0.00793457
-0.00610352
-0.00366211
-0.00122070
 0.00030518
 0.00122070
 0.00122070
 0.00122070
 0.00152588
 0.00183105
 0.00274658
 0.00244141
 0.00152588
 0.00061035
 0.00061035
 0.00091553
 0.00091553
 0.00030518
-0.00152588
-0.00396729
-0.00610352
-0.00701904
-0.00701904
-0.00701904
-0.00701904
-0.00793457
-0.00885010
-0.01007080
-0.01129150
-0.01220703
-0.01220703
-0.01159668
-0.01007080
-0.00885010
-0.00823975
-0.00885010
-0.00976563
-0.00976563
-0.00854492
-0.00732422
-0.00701904
-0.00793457
-0.00946045
-0.01068115
-0.01037598
-0.00946045
-0.00854492
-0.00762939
-0.00732422
-0.00762939
-0.00793457
-0.00823975
-0.00823975
-0.00793457
-0.00762939
-0.00640869
-0.00457764
-0.00244141
 0.00000000
 0.00274658
 0.00518799
 0.00701904
 0.00915527
 0.01098633
 0.01281738
 0.01403809
 0.01464844
 0.01525879
 0.01556396
 0.01647949
 0.01800537
 0.01861572
 0.01861572
 0.01739502
 0.01678467
 0.01586914
 0.01525879
 0.01525879
 0.01556396
 0.01464844
 0.01312256
 0.01068115
 0.00793457
 0.00457764
 0.00091553
-0.00274658
-0.00640869
-0.00915527
-0.01007080
-0.00885010
-0.00701904
-0.00427246
-0.00122070
 0.00152588
 0.00366211
 0.00518799
 0.00671387
 0.00823975
 0.00976563
 0.00976563
 0.00823975
 0.00579834
 0.00305176
 0.00091553
-0.00061035
-0.00122070
 0.00000000
 0.00244141
 0.00518799
 0.00823975
 0.01007080
 0.01007080
 0.00885010
 0.00762939
 0.00610352
 0.00518799
 0.00366211
 0.00183105
 0.00000000
-0.00213623
-0.00396729
-0.00610352
-0.00732422
-0.00732422
-0.00671387
-0.00579834
-0.00396729
-0.00183105
 0.00000000
 0.00061035
 0.00000000
-0.00091553
-0.00213623
-0.00427246
-0.00701904
-0.00976563
-0.01220703
-0.01220703
-0.01129150
-0.00976563
-0.00854492
-0.00701904
-0.00549316
-0.00427246
-0.00274658
-0.00091553
 0.00091553
 0.00152588
 0.00122070
-0.00061035
-0.00366211
-0.00640869
-0.00976563
-0.01220703
-0.01434326
-0.01556396
-0.01647949
-0.01708984
-0.01678467
-0.01617432
-0.01434326
-0.01281738
-0.01098633
-0.00915527
-0.00793457
-0.00854492
-0.01068115
-0.01281738
-0.01495361
-0.01556396
-0.01403809
-0.01220703
-0.01007080
-0.00854492
-0.00701904
-0.00518799
-0.00335693
-0.00122070
 0.00030518
 0.00122070
 0.00152588
 0.00152588
 0.00152588
 0.00122070
 0.00000000
-0.00213623
-0.00518799
-0.00793457
-0.01037598
-0.01190186
-0.01220703
-0.01159668
-0.00976563
-0.00762939
-0.00610352
-0.00579834
-0.00610352
-0.00610352
-0.00549316
-0.00457764
-0.00274658
-0.00061035
 0.00122070
 0.00305176
 0.00457764
 0.00610352
 0.00823975
 0.01007080
 0.01159668
 0.01342773
 0.01495361
 0.01556396
 0.01495361
 0.01312256
 0.01129150
 0.00915527
 0.00671387
 0.00457764
 0.00335693
 0.00213623
 0.00091553
 0.00030518
 0.00000000
 0.00030518
-0.00030518
-0.00061035
-0.00030518
 0.00030518
 0.00122070
 0.00244141
 0.00274658
 0.00274658
 0.00335693
 0.00488281
 0.00701904
 0.00915527
 0.01068115
 0.01129150
 0.01159668
 0.01220703
 0.01373291
 0.01464844
 0.01556396
 0.01586914
 0.01647949
 0.01708984
 0.01708984
 0.01525879
 0.01281738
 0.00976563
 0.00732422
 0.00579834
 0.00549316
 0.00671387
 0.00732422
 0.00701904
 0.00671387
 0.00701904
 0.00762939
 0.00854492
 0.00885010
 0.00946045
 0.01068115
 0.01281738
 0.01525879
 0.01770020
 0.01922607
 0.01983643
 0.01983643
 0.01922607
 0.01922607
 0.01922607
 0.01892090
 0.01861572
 0.01800537
 0.01678467
 0.01495361
 0.01342773
 0.01312256
 0.01312256
 0.01220703
 0.01037598
 0.00854492
 0.00701904
 0.00457764
 0.00183105
-0.00183105
-0.00549316
-0.00885010
-0.01190186
-0.01342773
-0.01373291
-0.01373291
-0.01342773
-0.01342773
-0.01373291
-0.01373291
-0.01251221
-0.01129150
-0.01007080
-0.00976563
-0.00946045
-0.00915527
-0.00946045
-0.01007080
-0.01068115
-0.01159668
-0.01190186
-0.01098633
-0.00915527
-0.00671387
-0.00335693
-0.00091553
 0.00030518
 0.00000000
-0.00122070
-0.00335693
-0.00579834
-0.00976563
-0.01495361
-0.01983643
-0.02380371
-0.02624512
-0.02807617
-0.02960205
-0.03021240
-0.02990723
-0.02807617
-0.02471924
-0.02105713
-0.01708984
-0.01342773
-0.01129150
-0.01098633
-0.01251221
-0.01525879
-0.01831055
-0.02014160
-0.02044678
-0.01892090
-0.01647949
-0.01403809
-0.01159668
-0.00946045
-0.00793457
-0.00610352
-0.00366211
-0.00061035
 0.00152588
 0.00305176
 0.00305176
 0.00152588
-0.00152588
-0.00488281
-0.00823975
-0.01129150
-0.01312256
-0.01342773
-0.01129150
-0.00793457
-0.00305176
 0.00213623
 0.00640869
 0.00823975
 0.00885010
 0.00946045
 0.01037598
 0.01159668
 0.01342773
 0.01464844
 0.01556396
 0.01556396
 0.01403809
 0.01281738
 0.01251221
 0.01281738
 0.01464844
 0.01770020
 0.02044678
 0.02197266
 0.02166748
 0.01861572
 0.01403809
 0.01037598
 0.00793457
 0.00701904
 0.00732422
 0.00823975
 0.00885010
 0.00885010
 0.00885010
 0.00854492
 0.00885010
 0.00976563
 0.01129150
 0.01190186
 0.01220703
 0.01281738
 0.01403809
 0.01464844
 0.01556396
 0.01586914
 0.01495361
 0.01403809
 0.01373291
 0.01403809
 0.01525879
 0.01708984
 0.01831055
 0.01831055
 0.01678467
 0.01464844
 0.01251221
 0.01007080
 0.00823975
 0.00762939
 0.00732422
 0.00671387
 0.00579834
 0.00427246
 0.00183105
-0.00122070
-0.00366211
-0.00488281
-0.00549316
-0.00579834
-0.00610352
-0.00732422
-0.00915527
-0.01098633
-0.01159668
-0.01129150
-0.00946045
-0.00671387
-0.00457764
-0.00305176
-0.00335693
-0.00518799
-0.00732422
-0.00915527
-0.01068115
-0.01190186
-0.01342773
-0.01556396
-0.01708984
-0.01831055
-0.01892090
-0.01892090
-0.01861572
-0.01770020
-0.01708984
-0.01678467
-0.01708984
-0.01800537
-0.01953125
-0.02136230
-0.02319336
-0.02410889
-0.02380371
-0.02288818
-0.02197266
-0.02136230
-0.02044678
-0.01892090
-0.01617432
-0.01312256
-0.01007080
-0.00732422
-0.00549316
-0.00457764
-0.00457764
-0.00488281
-0.00488281
-0.00457764
-0.00366211
-0.00244141
-0.00152588
-0.00122070
-0.00091553
-0.00061035
-0.00030518
 0.00000000
 0.00000000
 0.00030518
 0.00061035
 0.00091553
 0.00061035
-0.00061035
-0.00213623
-0.00396729
-0.00549316
-0.00579834
-0.00457764
-0.00274658
-0.00091553
 0.00122070
 0.00274658
 0.00396729
 0.00457764
 0.00518799
 0.00579834
 0.00671387
 0.00793457
 0.00946045
 0.01037598
 0.01068115
 0.01037598
 0.01007080
 0.00976563
 0.00946045
 0.00946045
 0.01007080
 0.01068115
 0.01129150
 0.01190186
 0.01251221
 0.01159668
 0.00976563
 0.00732422
 0.00457764
 0.00213623
 0.00030518
-0.00061035
-0.00122070
-0.00122070
-0.00061035
 0.00030518
 0.00152588
 0.00305176
 0.00518799
 0.00732422
 0.01037598
 0.01220703
 0.01342773
 0.01312256
 0.01129150
 0.00823975
 0.00457764
 0.00244141
 0.00213623
 0.00213623
 0.00274658
 0.00274658
 0.00183105
 0.00122070
 0.00122070
 0.00152588
 0.00183105
 0.00213623
 0.00244141
 0.00335693
 0.00396729
 0.00366211
 0.00213623
 0.00030518
-0.00152588
-0.00305176
-0.00305176
-0.00274658
-0.00183105
-0.00091553
-0.00030518
 0.00030518
 0.00183105
 0.00366211
 0.00518799
 0.00579834
 0.00640869
 0.00701904
 0.00732422
 0.00762939
 0.00732422
 0.00640869
 0.00488281
 0.00244141
 0.00030518
-0.00091553
-0.00091553
-0.00030518
 0.00091553
 0.00274658
 0.00427246
 0.00518799
 0.00549316
 0.00488281
 0.00366211
 0.00213623
 0.00000000
-0.00244141
-0.00396729
-0.00579834
-0.00732422
-0.00823975
-0.00854492
-0.00823975
-0.00732422
-0.00579834
-0.00427246
-0.00305176
-0.00244141
-0.00183105
-0.00213623
-0.00274658
-0.00335693
-0.00366211
-0.00457764
-0.00549316
-0.00610352
-0.00701904
-0.00762939
-0.00762939
-0.00640869
-0.00457764
-0.00213623
-0.00030518
 0.00091553
 0.00152588
 0.00183105
 0.00152588
 0.00000000
-0.00274658
-0.00549316
-0.00854492
-0.01190186
-0.01464844
-0.01617432
-0.01678467
-0.01586914
-0.01342773
-0.01007080
-0.00579834
-0.00183105
 0.00091553
 0.00274658
 0.00274658
 0.00152588
 0.00030518
-0.00091553
-0.00274658
-0.00488281
-0.00732422
-0.00915527
-0.01037598
-0.01098633
-0.01007080
-0.00823975
-0.00610352
-0.00366211
-0.00152588
 0.00061035
 0.00152588
 0.00122070
 0.00030518
-0.00183105
-0.00457764
-0.00732422
-0.00854492
-0.00915527
-0.00885010
-0.00823975
-0.00701904
-0.00457764
-0.00122070
 0.00305176
 0.00701904
 0.00976563
 0.01129150
 0.01159668
 0.01007080
 0.00885010
 0.00823975
 0.00762939
 0.00671387
 0.00610352
 0.00549316
 0.00549316
 0.00701904
 0.01007080
 0.01312256
 0.01647949
 0.01922607
 0.02136230
 0.02258301
 0.02197266
 0.02044678
 0.01739502
 0.01434326
 0.01129150
