-0.00091553
-0.00061035
-0.00061035
-0.00030518
-0.00030518
-0.00030518
-0.00030518
 0.00000000
 0.00000000
 0.00000000
 0.00000000
 0.00030518
-0.00030518
-0.00091553
-0.00122070
-0.00061035
-0.00030518
 0.00030518
 0.00000000
-0.00030518
-0.00061035
-0.00091553
-0.00061035
-0.00061035
-0.00061035
-0.00030518
-0.00030518
-0.00030518
-0.00061035
-0.00061035
-0.00030518
 0.00000000
-0.00030518
-0.00061035
-0.00091553
-0.00122070
-0.00091553
-0.00030518
 0.00030518
 0.00000000
-0.00030518
-0.00030518
 0.00000000
 0.00030518
 0.00000000
 0.00000000
 0.00000000
 0.00030518
 0.00000000
-0.00030518
-0.00030518
 0.00030518
-0.00030518
-0.00030518
-0.00030518
 0.00000000
-0.00030518
 0.00000000
 0.00030518
 0.00030518
 0.00030518
 0.00061035
 0.00030518
-0.00030518
-0.00061035
-0.00061035
-0.00030518
-0.00030518
-0.00030518
-0.00030518
-0.00030518
-0.00030518
-0.00030518
-0.00030518
-0.00030518
 0.00000000
-0.00030518
-0.00061035
-0.00061035
-0.00061035
-0.00061035
-0.00030518
 0.00000000
 0.00000000
-0.00030518
-0.00030518
-0.00061035
-0.00061035
-0.00061035
 0.00000000
 0.00000000
 0.00000000
 0.00030518
 0.00030518
 0.00000000
 0.00061035
 0.00640869
 0.02655029
 0.07385254
 0.16998291
 0.38757324
 0.67443848
 0.89935303
 0.82611084
 0.35736084
-0.19866943
-0.54595947
-0.50933838
-0.06744385
 0.52307129
 1.02111816
 0.98114014
 0.49377441
 0.33813477
 0.08666992
-0.30944824
-0.62744141
-0.80718994
-0.74707031
-0.38757324
 0.09277344
 0.57647705
 0.67749023
-0.11291504
-1.05133057
-1.33056641
-0.98388672
-0.49163818
 0.09185791
 0.68542480
 0.75164795
-0.03753662
-0.50506592
-0.49255371
-0.46752930
-0.65826416
-0.76263428
-0.55175781
-0.24780273
 0.12420654
 0.63201904
 0.93048096
 0.79772949
 0.32165527
-0.12237549
-0.50750732
-0.58410645
-0.47790527
-0.09674072
 0.31097412
 0.46966553
 0.16357422
 0.10772705
 0.12145996
 0.04302979
 0.03570557
 0.12420654
 0.16632080
 0.14007568
 0.03753662
-0.15594482
-0.35003662
-0.47302246
-0.52795410
-0.50720215
-0.45074463
-0.45867920
-0.49407959
-0.46997070
-0.46142578
-0.50140381
-0.38757324
-0.10253906
 0.10650635
 0.33813477
 0.22918701
 0.14129639
-0.09216309
-0.32623291
-0.29266357
-0.08331299
 0.08087158
 0.21911621
 0.26367188
 0.11413574
-0.09613037
-0.12145996
-0.00244141
 0.14129639
 0.38909912
 0.52520752
 0.53070068
 0.37689209
 0.18676758
-0.00549316
-0.05096436
 0.05950928
 0.24444580
 0.37963867
 0.25268555
 0.16998291
 0.12145996
 0.06500244
 0.06927490
 0.17944336
 0.36834717
 0.42114258
 0.30059814
 0.13549805
-0.00091553
-0.08850098
-0.18402100
-0.27038574
-0.33508301
-0.44952393
-0.62164307
-0.69366455
-0.56091309
-0.32897949
-0.15289307
-0.00152588
 0.15289307
 0.29724121
 0.32684326
 0.16998291
-0.03997803
-0.06652832
 0.04058838
 0.13214111
 0.18798828
 0.22644043
 0.22399902
 0.12268066
-0.02502441
-0.09185791
-0.04486084
 0.09796143
 0.34790039
 0.56915283
 0.61401367
 0.42755127
 0.18341064
-0.03814697
-0.11138916
-0.00091553
 0.25421143
 0.56945801
 0.72723389
 0.61950684
 0.33782959
 0.05126953
-0.17761230
-0.25726318
-0.23132324
-0.12786865
 0.03112793
 0.19348145
 0.31036377
 0.20202637
 0.01708984
-0.14007568
-0.15716553
-0.07019043
 0.06988525
 0.23925781
 0.37475586
 0.27252197
 0.00793457
-0.34942627
-0.51879883
-0.47454834
-0.33538818
-0.18249512
 0.00457764
 0.17120361
 0.26428223
 0.29174805
 0.30181885
 0.28900146
 0.23986816
 0.17089844
 0.11505127
 0.08056641
 0.07202148
 0.08972168
 0.10650635
 0.07904053
-0.01342773
-0.12176514
-0.18737793
-0.20324707
-0.18768311
-0.13671875
-0.03631592
 0.09063721
 0.18035889
 0.18798828
 0.09246826
-0.04577637
-0.13488770
-0.15441895
-0.12908936
-0.06347656
 0.01373291
 0.06011963
 0.06896973
 0.06042480
 0.07751465
 0.12115479
 0.15075684
 0.13275146
 0.07385254
 0.02258301
-0.02227783
-0.09887695
-0.19775391
-0.25604248
-0.23834229
-0.14984131
-0.01403809
 0.13000488
 0.27770996
 0.36132813
 0.35095215
 0.33569336
 0.28594971
 0.26123047
 0.26428223
 0.22155762
 0.10070801
-0.03601074
-0.14007568
-0.21270752
-0.24993896
-0.23437500
-0.16540527
-0.07324219
 0.01190186
 0.09887695
 0.19042969
 0.24932861
 0.25695801
 0.18859863
 0.06896973
-0.06225586
-0.17150879
-0.24047852
-0.27282715
-0.30242920
-0.35217285
-0.41076660
-0.43518066
-0.39550781
-0.31097412
-0.18981934
-0.05462646
 0.04455566
 0.09185791
 0.09124756
 0.04425049
-0.02471924
-0.08392334
-0.12207031
-0.14129639
-0.14801025
-0.14251709
-0.11718750
-0.07232666
-0.01708984
 0.03997803
 0.09704590
 0.15411377
 0.20721436
 0.24322510
 0.23010254
 0.15228271
 0.04089355
-0.06744385
-0.15930176
-0.21728516
-0.23498535
-0.22613525
-0.20141602
-0.16235352
-0.11291504
-0.06134033
-0.01281738
 0.02990723
 0.05706787
 0.04669189
-0.02044678
-0.11657715
-0.18768311
-0.22613525
-0.25177002
-0.27374268
-0.28411865
-0.27343750
-0.24475098
-0.19531250
-0.11688232
-0.01159668
 0.09155273
 0.16448975
 0.19409180
 0.16418457
 0.09094238
 0.02502441
-0.00701904
-0.01831055
-0.02166748
-0.02990723
-0.04882813
-0.07781982
-0.11291504
-0.14495850
-0.16540527
-0.16998291
-0.15411377
-0.11688232
-0.06683350
-0.01770020
 0.01434326
 0.00061035
-0.07415771
-0.16937256
-0.23590088
-0.26000977
-0.24810791
-0.21057129
-0.15716553
-0.09094238
-0.01281738
 0.06805420
 0.13519287
 0.17700195
 0.17456055
 0.11657715
 0.03540039
-0.03356934
-0.08209229
-0.10620117
-0.10559082
-0.08850098
-0.06286621
-0.03234863
 0.00030518
 0.03112793
 0.05584717
 0.07415771
 0.08819580
 0.10162354
 0.11718750
 0.13488770
 0.15258789
 0.16693115
 0.17272949
 0.15899658
 0.11901855
 0.06042480
 0.00122070
-0.04241943
-0.06103516
-0.05279541
-0.02105713
 0.02716064
 0.08453369
 0.14312744
 0.19622803
 0.23254395
 0.22674561
 0.16876221
 0.08605957
 0.00457764
-0.07324219
-0.13671875
-0.17211914
-0.17761230
-0.15686035
-0.11688232
-0.07019043
-0.03143311
-0.01617432
-0.04180908
-0.08880615
-0.12145996
-0.13336182
-0.12725830
-0.10253906
-0.06439209
-0.02288818
 0.01159668
 0.02868652
 0.02410889
 0.01251221
 0.00885010
 0.01739502
 0.03570557
 0.06042480
 0.08666992
 0.10955811
 0.12786865
 0.14221191
 0.14984131
 0.14282227
 0.10986328
 0.05340576
-0.01068115
-0.07049561
-0.12084961
-0.15533447
-0.16632080
-0.15258789
-0.11962891
-0.07629395
-0.03173828
 0.00732422
 0.03356934
 0.04272461
 0.04302979
 0.04608154
 0.05218506
 0.05706787
 0.05645752
 0.04730225
 0.03265381
 0.02044678
 0.01464844
 0.01220703
 0.00946045
 0.00671387
 0.00793457
 0.01464844
 0.02349854
 0.03265381
 0.04150391
 0.05310059
 0.06561279
 0.06927490
 0.05340576
 0.01861572
-0.02288818
-0.05920410
-0.08087158
-0.08178711
-0.06011963
-0.02197266
 0.02441406
 0.07202148
 0.11230469
 0.13244629
 0.12176514
 0.09429932
 0.07354736
 0.06195068
 0.05279541
 0.04364014
 0.03753662
 0.03692627
 0.04028320
 0.04333496
 0.04608154
 0.05126953
 0.05981445
 0.07049561
 0.08087158
 0.09246826
 0.10681152
 0.12145996
 0.13061523
 0.12939453
 0.11596680
 0.09490967
 0.07415771
 0.05828857
 0.05157471
 0.05554199
 0.06835938
 0.08392334
 0.09643555
 0.10070801
 0.09735107
 0.08972168
 0.08087158
 0.07232666
 0.06561279
 0.06408691
 0.07049561
 0.08544922
 0.10742188
 0.13031006
 0.14617920
 0.14923096
 0.14099121
 0.12725830
 0.11169434
 0.09399414
 0.07507324
 0.05828857
 0.04638672
 0.04028320
 0.03723145
 0.03387451
 0.02532959
 0.00885010
-0.01373291
-0.03631592
-0.05065918
-0.05187988
-0.04028320
-0.02075195
-0.00183105
 0.00885010
 0.00854492
-0.00061035
-0.01434326
-0.03082275
-0.04913330
-0.06622314
-0.07720947
-0.07720947
-0.06195068
-0.03112793
 0.01068115
 0.05493164
 0.09063721
 0.10375977
 0.09002686
 0.06805420
 0.05706787
 0.05462646
 0.05462646
 0.05432129
 0.05340576
 0.05432129
 0.05523682
 0.05493164
 0.05096436
 0.04119873
 0.02655029
 0.01373291
 0.00885010
 0.01403809
 0.02593994
 0.03692627
 0.03875732
 0.02838135
 0.00976563
-0.01007080
-0.02929688
-0.05126953
-0.07873535
-0.10742188
-0.12969971
-0.13732910
-0.12664795
-0.09918213
-0.06225586
-0.02563477
-0.00152588
-0.00427246
-0.03204346
-0.06225586
-0.08087158
-0.08819580
-0.08941650
-0.08666992
-0.08117676
-0.07171631
-0.05645752
-0.03753662
-0.01831055
-0.00457764
 0.00030518
-0.00152588
-0.00396729
-0.00305176
 0.00030518
 0.00213623
 0.00030518
-0.00488281
-0.01220703
-0.01983643
-0.02929688
-0.04272461
-0.06103516
-0.07965088
-0.08972168
-0.08392334
-0.06103516
-0.02441406
 0.01831055
 0.05737305
 0.07965088
 0.07354736
 0.04730225
 0.02227783
 0.00549316
-0.00549316
-0.01495361
-0.02471924
-0.03540039
-0.04577637
-0.05187988
-0.05432129
-0.05493164
-0.05584717
-0.06011963
-0.06652832
-0.07171631
-0.07232666
-0.06713867
-0.05950928
-0.05432129
-0.05462646
-0.05920410
-0.06500244
-0.07080078
-0.07720947
-0.08728027
-0.10131836
-0.11413574
-0.11932373
-0.11230469
-0.09460449
-0.07202148
-0.05187988
-0.04302979
-0.04852295
-0.06103516
-0.07171631
-0.07751465
-0.07995605
-0.08239746
-0.08605957
-0.09155273
-0.09613037
-0.09826660
-0.09887695
-0.09979248
-0.10345459
-0.11077881
-0.11901855
-0.12420654
-0.12390137
-0.11688232
-0.10437012
-0.08789063
-0.07110596
-0.05645752
-0.04486084
-0.03814697
-0.03784180
-0.04394531
-0.05462646
-0.06347656
-0.06530762
-0.05859375
-0.04394531
-0.02471924
-0.00732422
 0.00305176
 0.00610352
 0.00762939
 0.01312256
 0.02380371
 0.03723145
 0.04882813
 0.05432129
 0.05065918
 0.03997803
 0.02532959
 0.01068115
-0.00213623
-0.01403809
-0.02563477
-0.03570557
-0.04241943
-0.04302979
-0.03723145
-0.02685547
-0.01525879
-0.00396729
 0.00457764
 0.00946045
 0.00915527
 0.00244141
-0.01007080
-0.02746582
-0.04577637
-0.05889893
-0.06195068
-0.05432129
-0.03906250
-0.02044678
-0.00274658
 0.01068115
 0.02044678
 0.02838135
 0.03509521
 0.03997803
 0.03936768
 0.03265381
 0.02075195
 0.00610352
-0.00762939
-0.01678467
-0.02075195
-0.02014160
-0.01556396
-0.00701904
 0.00640869
 0.02593994
 0.05096436
 0.07965088
 0.10833740
 0.13153076
 0.14404297
 0.14434814
 0.13519287
 0.12054443
 0.10162354
 0.08056641
 0.06072998
 0.04699707
 0.04089355
 0.04211426
 0.04882813
 0.05645752
 0.06195068
 0.06378174
 0.06347656
 0.06286621
 0.06378174
 0.06530762
 0.06347656
 0.05584717
 0.04211426
 0.02502441
 0.00762939
-0.00732422
-0.01800537
-0.02258301
-0.02044678
-0.01281738
-0.00030518
 0.01647949
 0.03662109
 0.05706787
 0.07476807
 0.08605957
 0.08880615
 0.08392334
 0.07354736
 0.05950928
 0.04211426
 0.02349854
 0.00671387
-0.00518799
-0.01037598
-0.00854492
-0.00244141
 0.00366211
 0.00671387
 0.00488281
 0.00030518
-0.00396729
-0.00610352
-0.00701904
-0.00793457
-0.01159668
-0.01861572
-0.02655029
-0.03326416
-0.03692627
-0.03692627
-0.03295898
-0.02502441
-0.01312256
 0.00213623
 0.01861572
 0.03448486
 0.04791260
 0.05798340
 0.06500244
 0.06774902
 0.06469727
 0.05584717
 0.04241943
 0.02838135
 0.01739502
 0.01220703
 0.01403809
 0.02319336
 0.03784180
 0.05432129
 0.06866455
 0.07659912
 0.07690430
 0.07110596
 0.06256104
 0.05432129
 0.04943848
 0.04699707
 0.04669189
 0.04638672
 0.04455566
 0.04119873
 0.03784180
 0.03570557
 0.03509521
 0.03662109
 0.03967285
 0.04333496
 0.04791260
 0.05096436
 0.05187988
 0.05035400
 0.04394531
 0.03265381
 0.01739502
 0.00030518
-0.01678467
-0.03143311
-0.04180908
-0.04699707
-0.04608154
-0.04028320
-0.03173828
-0.02136230
-0.01342773
-0.00885010
-0.00793457
-0.00946045
-0.01129150
-0.01190186
-0.00854492
-0.00122070
 0.00885010
 0.02044678
 0.03173828
 0.04150391
 0.04821777
 0.05462646
 0.06164551
 0.06927490
 0.07751465
 0.08575439
 0.09307861
 0.09826660
 0.10070801
 0.09979248
 0.09552002
 0.08789063
 0.07781982
 0.06622314
 0.05401611
 0.04180908
 0.03021240
 0.02105713
 0.01403809
 0.00976563
 0.00762939
 0.00701904
 0.00579834
 0.00305176
-0.00183105
-0.00762939
-0.01312256
-0.01617432
-0.01617432
-0.01251221
-0.00701904
-0.00091553
 0.00549316
 0.01159668
 0.01739502
 0.02288818
 0.02807617
 0.03173828
 0.03356934
 0.03295898
 0.03082275
 0.02777100
 0.02441406
 0.02014160
 0.01464844
 0.00854492
 0.00213623
-0.00427246
-0.01037598
-0.01678467
-0.02258301
-0.02685547
-0.02838135
-0.02746582
-0.02624512
-0.02685547
-0.03051758
-0.03814697
-0.04821777
-0.05950928
-0.07019043
-0.07904053
-0.08453369
-0.08575439
-0.08209229
-0.07446289
-0.06408691
-0.05279541
-0.04394531
-0.03906250
-0.03692627
-0.03540039
-0.03387451
-0.03143311
-0.02868652
-0.02502441
-0.01892090
-0.00579834
 0.01861572
 0.05035400
 0.06225586
 0.00732422
-0.08728027
-0.11810303
-0.07629395
-0.00762939
 0.05279541
 0.07690430
 0.04699707
-0.02166748
-0.06072998
-0.07171631
-0.09582520
-0.12329102
-0.11108398
-0.06652832
-0.03173828
-0.03540039
-0.06958008
-0.09033203
-0.11077881
-0.14556885
-0.12512207
-0.04699707
-0.00671387
-0.04119873
-0.08850098
-0.09216309
-0.09368896
-0.10131836
-0.08911133
-0.09460449
-0.16235352
-0.20507813
-0.15319824
-0.06896973
-0.01708984
-0.00335693
-0.01556396
-0.05828857
-0.10864258
-0.12939453
-0.11047363
-0.06927490
-0.03540039
-0.02380371
-0.03448486
-0.04516602
-0.03082275
 0.01007080
 0.04425049
 0.00946045
-0.11535645
-0.21697998
-0.23284912
-0.18707275
-0.10345459
-0.01220703
 0.05096436
 0.05859375
 0.00488281
-0.08361816
-0.15899658
-0.20874023
-0.21759033
-0.15777588
-0.03997803
 0.08850098
 0.19470215
 0.26519775
 0.26885986
 0.16052246
 0.00183105
-0.09735107
-0.11871338
-0.11962891
-0.11322021
-0.09948730
-0.08544922
-0.07385254
-0.04669189
 0.00915527
 0.07873535
 0.13031006
 0.12878418
 0.05920410
-0.00366211
-0.00946045
 0.01495361
 0.04943848
 0.08514404
 0.09674072
 0.04302979
-0.04852295
-0.09490967
-0.08483887
-0.05554199
-0.02075195
 0.02258301
 0.07385254
 0.12695313
 0.17242432
 0.19470215
 0.17364502
 0.11016846
 0.02746582
-0.03723145
-0.06439209
-0.07354736
-0.09185791
-0.12145996
-0.12634277
-0.09155273
-0.03784180
 0.01861572
 0.07232666
 0.11474609
 0.11962891
 0.06622314
 0.01373291
 0.01403809
 0.03631592
 0.04852295
 0.04028320
 0.01434326
-0.01831055
-0.05767822
-0.08575439
-0.07385254
-0.01892090
 0.06378174
 0.15319824
 0.23376465
 0.28045654
 0.25573730
 0.14129639
 0.01831055
-0.04119873
-0.04821777
-0.02838135
 0.00762939
 0.04364014
 0.06561279
 0.05615234
 0.01525879
-0.01983643
-0.02197266
 0.00000000
 0.02868652
 0.04943848
 0.04913330
 0.02227783
-0.01495361
-0.04272461
-0.05310059
-0.04852295
-0.03448486
-0.01983643
-0.01281738
-0.01556396
-0.02044678
-0.01800537
-0.00244141
 0.02655029
 0.06042480
 0.08483887
 0.08483887
 0.06408691
 0.04302979
 0.02960205
 0.02258301
 0.02319336
 0.02471924
 0.01892090
 0.00946045
 0.01098633
 0.02471924
 0.04150391
 0.05584717
 0.06805420
 0.07476807
 0.06683350
 0.04028320
 0.00671387
-0.01403809
-0.01373291
 0.00274658
 0.02532959
 0.04333496
 0.04638672
 0.03936768
 0.04028320
 0.05706787
 0.08178711
 0.10253906
 0.10803223
 0.09674072
 0.08331299
 0.07873535
 0.07690430
 0.06713867
 0.04913330
 0.03295898
 0.02532959
 0.02441406
 0.02624512
 0.02593994
 0.01708984
 0.00152588
-0.00671387
 0.00305176
 0.02624512
 0.05004883
 0.06134033
 0.05218506
 0.03082275
 0.01037598
-0.00305176
-0.01007080
-0.01373291
-0.01739502
-0.01800537
-0.00976563
 0.00701904
 0.02868652
 0.04913330
 0.06408691
 0.07110596
 0.07080078
 0.06713867
 0.06622314
 0.06805420
 0.06835938
 0.06072998
 0.04150391
 0.01403809
-0.01251221
-0.02929688
-0.03204346
-0.02258301
-0.00793457
 0.00335693
 0.00488281
-0.00152588
-0.01037598
-0.01708984
-0.02044678
-0.02044678
-0.01831055
-0.01647949
-0.01678467
-0.01922607
-0.02288818
-0.02868652
-0.03479004
-0.03692627
-0.02899170
-0.01007080
 0.01525879
 0.04058838
 0.05920410
 0.06530762
 0.05920410
 0.04730225
 0.03540039
 0.02532959
 0.01678467
 0.00793457
-0.00152588
-0.01129150
-0.01922607
-0.02319336
-0.02227783
-0.01831055
-0.01281738
-0.00793457
-0.00366211
 0.00152588
 0.00915527
 0.01708984
 0.01983643
 0.01342773
-0.00213623
-0.02075195
-0.03570557
-0.04333496
-0.04058838
-0.02868652
-0.01007080
 0.00976563
 0.02532959
 0.03479004
 0.03967285
 0.04089355
 0.03753662
 0.02960205
 0.01861572
 0.00579834
-0.00762939
-0.02044678
-0.02899170
-0.03265381
-0.03295898
-0.03234863
-0.03082275
-0.02868652
-0.02532959
-0.02105713
-0.01739502
-0.01800537
-0.02410889
-0.03448486
-0.04272461
-0.04577637
-0.04394531
-0.03997803
-0.03601074
-0.03143311
-0.02624512
-0.02044678
-0.01251221
-0.00305176
 0.00671387
 0.01556396
 0.02227783
 0.02655029
 0.02624512
 0.02227783
 0.01403809
 0.00030518
-0.01922607
-0.04058838
-0.05920410
-0.07141113
-0.07843018
-0.08178711
-0.08392334
-0.08392334
-0.08239746
-0.07995605
-0.07690430
-0.07354736
-0.07293701
-0.07873535
-0.09094238
-0.10620117
-0.11901855
-0.12512207
-0.12390137
-0.11596680
-0.10528564
-0.09460449
-0.08331299
-0.06927490
-0.05126953
-0.03204346
-0.01586914
-0.00640869
-0.00488281
-0.00854492
-0.01403809
-0.01861572
-0.02105713
-0.02288818
-0.02441406
-0.02471924
-0.02349854
-0.02136230
-0.01892090
-0.01708984
-0.01617432
-0.01739502
-0.02166748
-0.02685547
-0.03143311
-0.03540039
-0.04119873
-0.05004883
-0.06042480
-0.07110596
-0.07873535
-0.08117676
-0.07720947
-0.06744385
-0.05401611
-0.03967285
-0.02593994
-0.01342773
-0.00549316
-0.00244141
-0.00488281
-0.01129150
-0.02014160
-0.02807617
-0.03326416
-0.03570557
-0.03509521
-0.03265381
-0.02899170
-0.02349854
-0.01464844
-0.00366211
 0.00793457
 0.01617432
 0.01953125
 0.01770020
 0.01251221
 0.00793457
 0.00518799
 0.00427246
 0.00427246
 0.00457764
 0.00488281
 0.00579834
 0.00854492
 0.01434326
 0.02258301
 0.03234863
 0.04119873
 0.04699707
 0.04852295
 0.04547119
 0.03997803
 0.03356934
 0.02655029
 0.01831055
 0.01007080
 0.00244141
-0.00213623
-0.00274658
 0.00030518
 0.00579834
 0.01220703
 0.01739502
 0.02014160
 0.02166748
 0.02319336
 0.02319336
 0.02105713
 0.01617432
 0.00976563
 0.00335693
-0.00183105
-0.00427246
-0.00305176
 0.00000000
 0.00427246
 0.00915527
 0.01403809
 0.01892090
 0.02288818
 0.02624512
 0.02960205
 0.03234863
 0.03417969
 0.03540039
 0.03631592
 0.03570557
 0.03356934
 0.03021240
 0.02624512
 0.02349854
 0.02166748
 0.02166748
 0.02288818
 0.02349854
 0.02227783
 0.01922607
 0.01495361
 0.01129150
 0.00762939
 0.00457764
 0.00152588
-0.00183105
-0.00610352
-0.00946045
-0.01068115
-0.01007080
-0.00854492
-0.00701904
-0.00579834
-0.00488281
-0.00244141
 0.00244141
 0.00885010
 0.01495361
 0.01922607
 0.02044678
 0.01953125
 0.01739502
 0.01525879
 0.01525879
 0.01770020
 0.02197266
 0.02685547
 0.03112793
 0.03509521
 0.03753662
 0.03906250
 0.04119873
 0.04425049
 0.04638672
 0.04669189
 0.04547119
 0.04302979
 0.03997803
 0.03601074
 0.03112793
 0.02593994
 0.02105713
 0.01800537
 0.01708984
 0.01861572
 0.02105713
 0.02349854
 0.02746582
 0.03204346
 0.03601074
 0.03936768
 0.04150391
 0.04272461
 0.04272461
 0.04241943
 0.04180908
 0.04119873
 0.03997803
 0.03845215
 0.03662109
 0.03601074
 0.03784180
 0.04180908
 0.04730225
 0.05249023
 0.05645752
 0.05798340
 0.05706787
 0.05401611
 0.04913330
 0.04425049
 0.03906250
 0.03265381
 0.02532959
 0.01739502
 0.00946045
 0.00335693
-0.00030518
-0.00091553
 0.00183105
 0.00549316
 0.00915527
 0.01068115
 0.01037598
 0.00823975
 0.00457764
 0.00061035
-0.00244141
-0.00579834
-0.00976563
-0.01403809
-0.01770020
-0.01953125
-0.01770020
-0.01159668
-0.00213623
 0.00854492
 0.02014160
 0.03051758
 0.03692627
 0.03875732
 0.03601074
 0.02960205
 0.02166748
 0.01312256
 0.00579834
 0.00183105
 0.00000000
 0.00000000
 0.00213623
 0.00671387
 0.01220703
 0.01770020
 0.02258301
 0.02593994
 0.02838135
 0.03051758
 0.03204346
 0.03143311
 0.02899170
 0.02441406
 0.01770020
 0.01037598
 0.00366211
-0.00122070
-0.00213623
 0.00061035
 0.00610352
 0.01281738
 0.01861572
 0.02319336
 0.02624512
 0.02716064
 0.02563477
 0.02227783
 0.01708984
 0.01037598
 0.00274658
-0.00457764
-0.01098633
-0.01586914
-0.01831055
-0.01861572
-0.01617432
-0.01251221
-0.00793457
-0.00427246
-0.00244141
-0.00213623
-0.00305176
-0.00579834
-0.00946045
-0.01312256
-0.01647949
-0.01922607
-0.02075195
-0.02075195
-0.02014160
-0.01922607
-0.01800537
-0.01556396
-0.01129150
-0.00457764
 0.00305176
 0.01037598
 0.01464844
 0.01464844
 0.01037598
 0.00213623
-0.00823975
-0.01983643
-0.03021240
-0.03723145
-0.04089355
-0.04241943
-0.04272461
-0.04302979
-0.04425049
-0.04547119
-0.04638672
-0.04669189
-0.04669189
-0.04791260
-0.05035400
-0.05401611
-0.05859375
-0.06286621
-0.06591797
-0.06652832
-0.06530762
-0.06286621
-0.05859375
-0.05279541
-0.04547119
-0.03784180
-0.03082275
-0.02471924
-0.02044678
-0.01922607
-0.02075195
-0.02349854
-0.02655029
-0.03051758
-0.03540039
-0.04089355
-0.04669189
-0.05126953
-0.05554199
-0.05798340
-0.05889893
-0.05859375
-0.05676270
-0.05523682
-0.05340576
-0.05187988
-0.05157471
-0.05279541
-0.05523682
-0.05798340
-0.06072998
-0.06256104
-0.06408691
-0.06378174
-0.06134033
-0.05737305
-0.05249023
-0.04699707
-0.04180908
-0.03723145
-0.03295898
-0.02899170
-0.02502441
-0.02166748
-0.02014160
-0.01953125
-0.01983643
-0.02166748
-0.02471924
-0.02807617
-0.02990723
-0.02929688
-0.02624512
-0.02044678
-0.01373291
-0.00793457
-0.00335693
-0.00061035
 0.00122070
 0.00244141
 0.00213623
 0.00152588
 0.00000000
-0.00213623
-0.00457764
-0.00579834
-0.00518799
-0.00274658
 0.00183105
 0.00671387
 0.01098633
 0.01434326
 0.01708984
 0.02044678
 0.02410889
 0.02746582
 0.02960205
 0.03021240
 0.02960205
 0.02746582
 0.02319336
 0.01678467
 0.01007080
 0.00427246
-0.00030518
-0.00274658
-0.00366211
-0.00335693
-0.00274658
-0.00274658
-0.00305176
-0.00335693
-0.00457764
-0.00701904
-0.01007080
-0.01251221
-0.01434326
-0.01586914
-0.01770020
-0.01953125
-0.02136230
-0.02105713
-0.01953125
-0.01739502
-0.01434326
-0.01159668
-0.00793457
-0.00335693
 0.00183105
 0.00701904
 0.01098633
 0.01342773
 0.01434326
 0.01373291
 0.01220703
 0.01007080
 0.00640869
 0.00183105
-0.00244141
-0.00488281
-0.00518799
-0.00457764
-0.00274658
-0.00091553
 0.00030518
 0.00122070
 0.00152588
 0.00183105
 0.00244141
 0.00244141
 0.00274658
 0.00427246
 0.00640869
 0.00915527
 0.01190186
 0.01556396
 0.01953125
 0.02349854
 0.02746582
 0.03173828
 0.03723145
 0.04394531
 0.05096436
 0.05645752
 0.06011963
 0.06195068
 0.06103516
 0.05767822
 0.05218506
 0.04547119
 0.03936768
 0.03540039
 0.03326416
 0.03265381
 0.03295898
 0.03387451
 0.03479004
 0.03570557
 0.03631592
 0.03662109
 0.03723145
 0.03753662
 0.03753662
 0.03601074
 0.03356934
 0.03082275
 0.02838135
 0.02716064
 0.02746582
 0.02990723
 0.03326416
 0.03723145
 0.04119873
 0.04547119
 0.05004883
 0.05462646
 0.05920410
 0.06256104
 0.06408691
 0.06347656
 0.06042480
 0.05493164
 0.04791260
 0.04028320
 0.03356934
 0.02868652
 0.02532959
 0.02349854
 0.02319336
 0.02441406
 0.02716064
 0.03021240
 0.03204346
 0.03265381
 0.03173828
 0.02899170
 0.02563477
 0.02136230
 0.01739502
 0.01403809
 0.01098633
 0.00885010
 0.00885010
 0.01037598
 0.01342773
 0.01770020
 0.02197266
 0.02532959
 0.02838135
 0.03051758
 0.03234863
 0.03234863
 0.03112793
 0.02777100
 0.02197266
 0.01434326
 0.00671387
-0.00152588
-0.00915527
-0.01495361
-0.01922607
-0.02014160
-0.01861572
-0.01586914
-0.01281738
-0.01098633
-0.01129150
-0.01373291
-0.01708984
-0.01983643
-0.02197266
-0.02349854
-0.02410889
-0.02410889
-0.02349854
-0.02166748
-0.01892090
-0.01525879
-0.01068115
-0.00610352
-0.00213623
 0.00091553
 0.00366211
 0.00579834
 0.00732422
 0.00762939
 0.00640869
 0.00335693
-0.00091553
-0.00701904
-0.01312256
-0.01831055
-0.02105713
-0.02166748
-0.01983643
-0.01647949
-0.01312256
-0.01007080
-0.00701904
-0.00396729
-0.00152588
 0.00000000
 0.00061035
 0.00152588
 0.00213623
 0.00335693
 0.00427246
 0.00579834
 0.00823975
 0.01159668
 0.01617432
 0.02075195
 0.02471924
 0.02868652
 0.03265381
 0.03601074
 0.03814697
 0.03845215
 0.03723145
 0.03448486
 0.03021240
 0.02471924
 0.01892090
 0.01403809
 0.00976563
 0.00579834
 0.00213623
-0.00061035
-0.00244141
-0.00366211
-0.00488281
-0.00610352
-0.00701904
-0.00854492
-0.01068115
-0.01373291
-0.01708984
-0.02075195
-0.02288818
-0.02380371
-0.02380371
-0.02319336
-0.02166748
-0.01953125
-0.01739502
-0.01464844
-0.01159668
-0.00885010
-0.00701904
-0.00610352
-0.00610352
-0.00671387
-0.00762939
-0.00976563
-0.01251221
-0.01556396
-0.01892090
-0.02288818
-0.02746582
-0.03204346
-0.03540039
-0.03814697
-0.03906250
-0.03845215
-0.03753662
-0.03723145
-0.03753662
-0.03875732
-0.04028320
-0.04180908
-0.04272461
-0.04302979
-0.04241943
-0.04119873
-0.03936768
-0.03692627
-0.03448486
-0.03173828
-0.02960205
-0.02838135
-0.02746582
-0.02777100
-0.02838135
-0.02838135
-0.02899170
-0.02868652
-0.02807617
-0.02807617
-0.02899170
-0.03143311
-0.03479004
-0.03814697
-0.04089355
-0.04180908
-0.04089355
-0.03875732
-0.03631592
-0.03448486
-0.03295898
-0.03265381
-0.03356934
-0.03570557
-0.03753662
-0.03784180
-0.03631592
-0.03387451
-0.03143311
-0.02929688
-0.02746582
-0.02624512
-0.02532959
-0.02380371
-0.02258301
-0.02075195
-0.01861572
-0.01708984
-0.01617432
-0.01617432
-0.01617432
-0.01647949
-0.01708984
-0.01739502
-0.01739502
-0.01708984
-0.01708984
-0.01708984
-0.01770020
-0.01831055
-0.01892090
-0.01831055
-0.01647949
-0.01495361
-0.01342773
-0.01251221
-0.01220703
-0.01190186
-0.01190186
-0.01220703
-0.01281738
-0.01312256
-0.01190186
-0.00946045
-0.00671387
-0.00396729
-0.00183105
 0.00030518
 0.00122070
 0.00091553
 0.00000000
-0.00030518
 0.00122070
 0.00396729
 0.00671387
 0.00793457
 0.00823975
 0.00793457
 0.00671387
 0.00488281
 0.00274658
 0.00091553
-0.00061035
-0.00213623
-0.00366211
-0.00457764
-0.00549316
-0.00640869
-0.00762939
-0.00915527
-0.01068115
-0.01129150
-0.01190186
-0.01220703
-0.01220703
-0.01159668
-0.01007080
-0.00823975
-0.00610352
-0.00427246
-0.00335693
-0.00305176
-0.00244141
-0.00061035
 0.00152588
 0.00396729
 0.00762939
 0.01098633
 0.01342773
 0.01464844
 0.01525879
 0.01617432
 0.01678467
 0.01739502
 0.01770020
 0.01770020
 0.01800537
 0.01800537
 0.01831055
 0.01831055
 0.01831055
 0.01861572
 0.01892090
 0.01953125
 0.01983643
 0.01983643
 0.01983643
 0.01953125
 0.01953125
 0.02044678
 0.02166748
 0.02349854
 0.02502441
 0.02716064
 0.02899170
 0.03112793
 0.03295898
 0.03417969
 0.03540039
 0.03631592
 0.03753662
 0.03875732
 0.04058838
 0.04333496
 0.04547119
 0.04669189
 0.04577637
 0.04455566
 0.04241943
 0.04058838
 0.03875732
 0.03784180
 0.03784180
 0.03814697
 0.03906250
 0.03906250
 0.03845215
 0.03692627
 0.03509521
 0.03356934
 0.03295898
 0.03265381
 0.03265381
 0.03387451
 0.03509521
 0.03631592
 0.03662109
 0.03662109
 0.03662109
 0.03631592
 0.03662109
 0.03723145
 0.03845215
 0.03936768
 0.04058838
 0.04211426
 0.04272461
 0.04241943
 0.04058838
 0.03753662
 0.03448486
 0.03143311
 0.02929688
 0.02777100
 0.02655029
 0.02532959
 0.02349854
 0.02166748
 0.01983643
 0.01770020
 0.01586914
 0.01403809
 0.01342773
 0.01281738
 0.01220703
 0.01159668
 0.01098633
 0.01037598
 0.00976563
 0.00946045
 0.01037598
 0.01068115
 0.01159668
 0.01251221
 0.01312256
 0.01373291
 0.01495361
 0.01708984
 0.01892090
 0.01983643
 0.01983643
 0.01892090
 0.01770020
 0.01525879
 0.01220703
 0.00915527
 0.00579834
 0.00305176
 0.00061035
-0.00091553
-0.00244141
-0.00396729
-0.00549316
-0.00732422
-0.00885010
-0.00976563
-0.00946045
-0.00885010
-0.00885010
-0.00823975
-0.00793457
-0.00701904
-0.00671387
-0.00640869
-0.00610352
-0.00549316
-0.00518799
-0.00457764
-0.00366211
-0.00274658
-0.00183105
-0.00030518
 0.00061035
 0.00122070
 0.00122070
 0.00061035
-0.00091553
-0.00366211
-0.00671387
-0.00976563
-0.01281738
-0.01495361
-0.01556396
-0.01556396
-0.01556396
-0.01678467
-0.01831055
-0.01983643
-0.02075195
-0.02105713
-0.02105713
-0.02105713
-0.02136230
-0.02105713
-0.02044678
-0.01983643
-0.01922607
-0.01800537
-0.01708984
-0.01647949
-0.01617432
-0.01647949
-0.01617432
-0.01464844
-0.01251221
-0.01068115
-0.00915527
-0.00823975
-0.00793457
-0.00915527
-0.01129150
-0.01373291
-0.01708984
-0.01953125
-0.02166748
-0.02288818
-0.02258301
-0.02258301
-0.02319336
-0.02410889
-0.02471924
-0.02502441
-0.02532959
-0.02532959
-0.02532959
-0.02563477
-0.02593994
-0.02563477
-0.02502441
-0.02380371
-0.02258301
-0.02136230
-0.01953125
-0.01861572
-0.01800537
-0.01678467
-0.01556396
-0.01434326
-0.01312256
-0.01159668
-0.01068115
-0.01037598
-0.01159668
-0.01434326
-0.01831055
-0.02197266
-0.02563477
-0.02838135
-0.03082275
-0.03234863
-0.03234863
-0.03112793
-0.02929688
-0.02838135
-0.02807617
-0.02777100
-0.02746582
-0.02685547
-0.02624512
-0.02471924
-0.02227783
-0.01922607
-0.01708984
-0.01525879
-0.01342773
-0.01190186
-0.01098633
-0.00946045
-0.00701904
-0.00396729
-0.00061035
 0.00244141
 0.00457764
 0.00549316
 0.00518799
 0.00366211
 0.00213623
 0.00000000
-0.00213623
-0.00457764
-0.00701904
-0.00885010
-0.01037598
-0.01159668
-0.01159668
-0.01129150
-0.01037598
-0.01037598
-0.01037598
-0.01037598
-0.01007080
-0.00976563
-0.00946045
-0.00885010
-0.00823975
-0.00762939
-0.00732422
-0.00701904
-0.00640869
-0.00579834
-0.00518799
-0.00427246
-0.00335693
-0.00274658
-0.00274658
-0.00244141
-0.00183105
-0.00152588
-0.00183105
-0.00305176
-0.00518799
-0.00762939
-0.00946045
-0.01098633
-0.01251221
-0.01403809
-0.01464844
-0.01464844
-0.01403809
-0.01342773
-0.01373291
-0.01464844
-0.01495361
-0.01525879
-0.01525879
-0.01556396
-0.01586914
-0.01556396
-0.01525879
-0.01525879
-0.01495361
-0.01403809
-0.01312256
-0.01312256
-0.01373291
-0.01373291
-0.01342773
-0.01281738
-0.01190186
-0.01068115
-0.00976563
-0.00915527
-0.00915527
-0.00946045
-0.01037598
-0.01190186
-0.01373291
-0.01525879
-0.01586914
-0.01525879
-0.01434326
-0.01251221
-0.01007080
-0.00793457
-0.00610352
-0.00396729
-0.00183105
-0.00030518
 0.00183105
 0.00427246
 0.00732422
 0.01007080
 0.01220703
 0.01373291
 0.01495361
 0.01586914
 0.01647949
 0.01647949
 0.01678467
 0.01708984
 0.01861572
 0.02075195
 0.02319336
 0.02502441
 0.02563477
 0.02563477
 0.02532959
 0.02471924
 0.02319336
 0.02105713
 0.01953125
 0.01770020
 0.01586914
 0.01464844
 0.01403809
 0.01434326
 0.01434326
 0.01464844
 0.01525879
 0.01556396
 0.01617432
 0.01678467
 0.01831055
 0.01983643
 0.02136230
 0.02258301
 0.02410889
 0.02532959
 0.02593994
 0.02655029
 0.02716064
 0.02777100
 0.02838135
 0.02990723
 0.03204346
 0.03417969
 0.03570557
 0.03692627
 0.03753662
 0.03753662
 0.03662109
 0.03509521
 0.03295898
 0.03051758
 0.02777100
 0.02502441
 0.02258301
 0.02105713
 0.01983643
 0.01892090
 0.01922607
 0.02014160
 0.02105713
 0.02197266
 0.02319336
 0.02410889
 0.02471924
 0.02471924
 0.02471924
 0.02502441
 0.02593994
 0.02685547
 0.02746582
 0.02716064
 0.02624512
 0.02502441
 0.02410889
 0.02319336
 0.02258301
 0.02227783
 0.02288818
 0.02319336
 0.02288818
 0.02197266
 0.02014160
 0.01800537
 0.01495361
 0.01098633
 0.00701904
 0.00427246
 0.00305176
 0.00305176
 0.00335693
 0.00427246
 0.00457764
 0.00396729
 0.00366211
 0.00335693
 0.00335693
 0.00335693
 0.00335693
 0.00335693
 0.00396729
 0.00488281
 0.00488281
 0.00396729
 0.00244141
 0.00122070
 0.00061035
 0.00061035
 0.00122070
 0.00274658
 0.00488281
 0.00732422
 0.00915527
 0.01037598
 0.01007080
 0.00823975
 0.00610352
 0.00396729
 0.00244141
 0.00091553
 0.00030518
 0.00030518
 0.00061035
 0.00122070
 0.00183105
 0.00274658
 0.00305176
 0.00335693
 0.00396729
 0.00488281
 0.00579834
 0.00640869
 0.00640869
 0.00610352
 0.00549316
 0.00549316
 0.00488281
 0.00457764
 0.00457764
 0.00518799
 0.00640869
 0.00793457
 0.00946045
 0.01037598
 0.01068115
 0.01098633
 0.01037598
 0.00976563
 0.00823975
 0.00671387
 0.00518799
 0.00335693
 0.00152588
 0.00000000
-0.00152588
-0.00335693
-0.00457764
-0.00549316
-0.00549316
-0.00549316
-0.00579834
-0.00671387
-0.00732422
-0.00854492
-0.01037598
-0.01190186
-0.01312256
-0.01342773
-0.01312256
-0.01281738
-0.01251221
-0.01251221
-0.01251221
-0.01312256
-0.01342773
-0.01281738
-0.01220703
-0.01129150
-0.01068115
-0.00946045
-0.00946045
-0.01007080
-0.01098633
-0.01312256
-0.01586914
-0.01922607
-0.02166748
-0.02349854
-0.02441406
-0.02502441
-0.02502441
-0.02471924
-0.02502441
-0.02563477
-0.02593994
-0.02593994
-0.02532959
-0.02532959
-0.02532959
-0.02502441
-0.02441406
-0.02410889
-0.02441406
-0.02471924
-0.02502441
-0.02441406
-0.02258301
-0.02105713
-0.01983643
-0.01861572
-0.01678467
-0.01556396
-0.01434326
-0.01373291
-0.01373291
-0.01403809
-0.01464844
-0.01556396
-0.01739502
-0.01953125
-0.02136230
-0.02227783
-0.02349854
-0.02410889
-0.02441406
-0.02471924
-0.02380371
-0.02319336
-0.02258301
-0.02258301
-0.02319336
-0.02410889
-0.02441406
-0.02471924
-0.02471924
-0.02441406
-0.02410889
-0.02380371
-0.02319336
-0.02258301
-0.02288818
-0.02319336
-0.02349854
-0.02227783
-0.02075195
-0.01892090
-0.01770020
-0.01678467
-0.01678467
-0.01678467
-0.01708984
-0.01800537
-0.01892090
-0.01922607
-0.01861572
-0.01770020
-0.01647949
-0.01495361
-0.01373291
-0.01251221
-0.01129150
-0.01037598
-0.00976563
-0.00946045
-0.00885010
-0.00793457
-0.00762939
-0.00732422
-0.00701904
-0.00671387
-0.00640869
-0.00640869
-0.00579834
-0.00549316
-0.00579834
-0.00640869
-0.00732422
-0.00701904
-0.00549316
-0.00396729
-0.00244141
-0.00183105
-0.00122070
-0.00122070
-0.00122070
-0.00183105
-0.00213623
-0.00274658
-0.00366211
-0.00366211
-0.00335693
-0.00244141
-0.00183105
-0.00152588
-0.00183105
-0.00213623
-0.00244141
-0.00244141
-0.00274658
-0.00244141
-0.00152588
-0.00061035
 0.00000000
 0.00000000
 0.00030518
 0.00061035
 0.00030518
 0.00000000
 0.00000000
 0.00061035
 0.00213623
 0.00396729
 0.00610352
 0.00701904
 0.00793457
 0.00854492
 0.00915527
 0.00976563
 0.01007080
 0.01007080
 0.00946045
 0.00885010
 0.00823975
 0.00793457
 0.00823975
 0.00915527
 0.01068115
 0.01190186
 0.01281738
 0.01342773
 0.01373291
 0.01434326
 0.01434326
 0.01373291
 0.01312256
 0.01342773
 0.01373291
 0.01342773
 0.01312256
 0.01312256
 0.01373291
 0.01434326
 0.01525879
 0.01647949
 0.01800537
 0.01953125
 0.02105713
 0.02288818
 0.02410889
 0.02502441
 0.02563477
 0.02593994
 0.02593994
 0.02502441
 0.02380371
 0.02288818
 0.02258301
 0.02258301
 0.02288818
 0.02288818
 0.02319336
 0.02349854
 0.02349854
 0.02319336
 0.02349854
 0.02349854
 0.02380371
 0.02288818
 0.02166748
 0.02075195
 0.01983643
 0.01892090
 0.01831055
 0.01770020
 0.01770020
 0.01739502
 0.01708984
 0.01678467
 0.01739502
 0.01800537
 0.01892090
 0.02014160
 0.02136230
 0.02136230
 0.02105713
 0.01983643
 0.01831055
 0.01708984
 0.01586914
 0.01556396
 0.01586914
 0.01708984
 0.01800537
 0.01922607
 0.01983643
 0.02044678
 0.02014160
 0.01953125
 0.01892090
 0.01831055
 0.01831055
 0.01800537
 0.01708984
 0.01586914
 0.01434326
 0.01312256
 0.01190186
 0.01159668
 0.01159668
 0.01190186
 0.01251221
 0.01281738
 0.01342773
 0.01342773
 0.01342773
 0.01281738
 0.01159668
 0.01129150
 0.01129150
 0.01098633
 0.00976563
 0.00793457
 0.00671387
 0.00579834
 0.00518799
 0.00488281
 0.00518799
 0.00579834
 0.00640869
 0.00671387
 0.00610352
 0.00488281
 0.00366211
 0.00244141
 0.00152588
 0.00091553
-0.00030518
-0.00213623
-0.00396729
-0.00457764
-0.00427246
-0.00427246
-0.00427246
-0.00488281
-0.00518799
-0.00488281
-0.00457764
-0.00366211
-0.00244141
-0.00183105
-0.00183105
-0.00213623
-0.00274658
-0.00335693
-0.00457764
-0.00549316
-0.00579834
-0.00579834
-0.00518799
-0.00488281
-0.00396729
-0.00305176
-0.00183105
-0.00061035
-0.00061035
-0.00122070
-0.00213623
-0.00366211
-0.00518799
-0.00671387
-0.00732422
-0.00823975
-0.00854492
-0.00854492
-0.00823975
-0.00823975
-0.00823975
-0.00854492
-0.00915527
-0.00885010
-0.00823975
-0.00671387
-0.00518799
-0.00427246
-0.00366211
-0.00396729
-0.00427246
-0.00488281
-0.00549316
-0.00640869
-0.00640869
-0.00579834
-0.00427246
-0.00244141
-0.00183105
-0.00152588
-0.00183105
-0.00213623
-0.00274658
-0.00396729
-0.00518799
-0.00640869
-0.00701904
-0.00732422
-0.00823975
-0.00915527
-0.00976563
-0.01007080
-0.00976563
-0.00976563
-0.00885010
-0.00762939
-0.00671387
-0.00610352
-0.00610352
-0.00610352
-0.00640869
-0.00671387
-0.00762939
-0.00823975
-0.00915527
-0.00915527
-0.00946045
-0.00946045
-0.00976563
-0.00915527
-0.00885010
-0.00793457
-0.00701904
-0.00640869
-0.00610352
-0.00610352
-0.00640869
-0.00732422
-0.00823975
-0.00976563
-0.01098633
-0.01129150
-0.01129150
-0.01159668
-0.01220703
-0.01312256
-0.01342773
-0.01312256
-0.01281738
-0.01220703
-0.01220703
-0.01190186
-0.01190186
-0.01220703
-0.01220703
-0.01190186
-0.01159668
-0.01220703
-0.01281738
-0.01312256
-0.01342773
-0.01312256
-0.01251221
-0.01190186
-0.01098633
-0.01068115
-0.01007080
-0.00976563
-0.00976563
-0.00946045
-0.01007080
-0.01129150
-0.01281738
-0.01403809
-0.01495361
-0.01647949
-0.01739502
-0.01831055
-0.01922607
-0.02044678
-0.02136230
-0.02227783
-0.02349854
-0.02441406
-0.02471924
-0.02471924
-0.02471924
-0.02441406
-0.02471924
-0.02502441
-0.02502441
-0.02502441
-0.02441406
-0.02349854
-0.02227783
-0.02075195
-0.01892090
-0.01708984
-0.01586914
-0.01556396
-0.01556396
-0.01525879
-0.01495361
-0.01525879
-0.01556396
-0.01617432
-0.01617432
-0.01617432
-0.01647949
-0.01678467
-0.01739502
-0.01800537
-0.01831055
-0.01861572
-0.01892090
-0.01861572
-0.01800537
-0.01708984
-0.01647949
-0.01556396
-0.01464844
-0.01403809
-0.01342773
-0.01251221
-0.01098633
-0.00976563
-0.00793457
-0.00640869
-0.00457764
-0.00335693
-0.00244141
-0.00152588
-0.00061035
 0.00030518
 0.00152588
 0.00213623
 0.00244141
 0.00213623
 0.00213623
 0.00213623
 0.00183105
 0.00183105
 0.00213623
 0.00274658
 0.00274658
 0.00244141
 0.00274658
 0.00366211
 0.00457764
 0.00549316
 0.00610352
 0.00732422
 0.00854492
 0.00946045
 0.01098633
 0.01312256
 0.01495361
 0.01647949
 0.01739502
 0.01800537
 0.01892090
 0.01983643
 0.02014160
 0.02044678
 0.02105713
 0.02166748
 0.02319336
 0.02441406
 0.02502441
 0.02410889
 0.02258301
 0.02105713
 0.02044678
 0.02044678
 0.02105713
 0.02105713
 0.02075195
 0.02044678
 0.02014160
 0.01983643
 0.01983643
 0.02044678
 0.02105713
 0.02227783
 0.02380371
 0.02563477
 0.02685547
 0.02777100
 0.02807617
 0.02838135
 0.02868652
 0.02929688
 0.02929688
 0.02990723
 0.03082275
 0.03204346
 0.03234863
 0.03265381
 0.03295898
 0.03265381
 0.03173828
 0.03082275
 0.02990723
 0.02929688
 0.02868652
 0.02777100
 0.02655029
 0.02471924
 0.02258301
 0.02044678
 0.01892090
 0.01800537
 0.01708984
 0.01678467
 0.01678467
 0.01647949
 0.01617432
 0.01617432
 0.01586914
 0.01556396
 0.01586914
 0.01647949
 0.01647949
 0.01647949
 0.01678467
 0.01678467
 0.01647949
 0.01617432
 0.01647949
 0.01678467
 0.01739502
 0.01708984
 0.01708984
 0.01678467
 0.01647949
 0.01617432
 0.01525879
 0.01342773
 0.01190186
 0.01037598
 0.00793457
 0.00549316
 0.00335693
 0.00152588
 0.00091553
 0.00000000
-0.00030518
-0.00030518
-0.00091553
-0.00183105
-0.00213623
-0.00183105
-0.00152588
-0.00061035
 0.00000000
 0.00061035
 0.00091553
 0.00091553
 0.00061035
 0.00061035
 0.00122070
 0.00183105
 0.00213623
 0.00213623
 0.00244141
 0.00305176
 0.00305176
 0.00213623
 0.00091553
 0.00000000
-0.00091553
-0.00152588
-0.00335693
-0.00518799
-0.00732422
-0.00854492
-0.00915527
-0.01007080
-0.01098633
-0.01129150
-0.01129150
-0.01159668
-0.01129150
-0.01037598
-0.00976563
-0.00854492
-0.00762939
-0.00671387
-0.00549316
-0.00488281
-0.00396729
-0.00335693
-0.00305176
-0.00305176
-0.00274658
-0.00183105
-0.00122070
-0.00122070
-0.00122070
-0.00183105
-0.00244141
-0.00305176
-0.00366211
-0.00518799
-0.00732422
-0.00915527
-0.01068115
-0.01190186
-0.01251221
-0.01312256
-0.01403809
-0.01464844
-0.01464844
-0.01403809
-0.01373291
-0.01342773
-0.01281738
-0.01190186
-0.01037598
-0.00976563
-0.00885010
-0.00793457
-0.00701904
-0.00671387
-0.00610352
-0.00518799
-0.00396729
-0.00335693
-0.00305176
-0.00274658
-0.00213623
-0.00213623
-0.00213623
-0.00274658
-0.00305176
-0.00457764
-0.00610352
-0.00732422
-0.00793457
-0.00793457
-0.00823975
-0.00854492
-0.00854492
-0.00915527
-0.01007080
-0.01037598
-0.01068115
-0.01037598
-0.01007080
-0.00976563
-0.00976563
-0.00946045
-0.00885010
-0.00823975
-0.00793457
-0.00762939
-0.00701904
-0.00579834
-0.00488281
-0.00427246
-0.00366211
-0.00305176
-0.00244141
-0.00244141
-0.00335693
-0.00427246
-0.00549316
-0.00671387
-0.00793457
-0.00915527
-0.01037598
-0.01159668
-0.01220703
-0.01281738
-0.01373291
-0.01495361
-0.01617432
-0.01647949
-0.01678467
-0.01708984
-0.01770020
-0.01831055
-0.01892090
-0.01983643
-0.01983643
-0.01892090
-0.01770020
-0.01617432
-0.01464844
-0.01342773
-0.01220703
-0.01129150
-0.01037598
-0.01037598
-0.01068115
-0.01007080
-0.00946045
-0.00885010
-0.00885010
-0.00946045
-0.01098633
-0.01220703
-0.01312256
-0.01373291
-0.01373291
-0.01342773
-0.01312256
-0.01312256
-0.01342773
-0.01403809
-0.01495361
-0.01556396
-0.01617432
-0.01708984
-0.01739502
-0.01739502
-0.01678467
-0.01586914
-0.01434326
-0.01281738
-0.01159668
-0.01007080
-0.00854492
-0.00701904
-0.00579834
-0.00457764
-0.00335693
-0.00274658
-0.00274658
-0.00305176
-0.00366211
-0.00396729
-0.00396729
-0.00396729
-0.00396729
-0.00457764
-0.00488281
-0.00549316
-0.00610352
-0.00640869
-0.00671387
-0.00640869
-0.00640869
-0.00579834
-0.00518799
-0.00518799
-0.00549316
-0.00610352
-0.00610352
-0.00549316
-0.00457764
-0.00366211
-0.00244141
-0.00122070
 0.00061035
 0.00274658
 0.00366211
 0.00457764
 0.00549316
 0.00640869
 0.00701904
 0.00671387
 0.00671387
 0.00640869
 0.00610352
 0.00549316
 0.00518799
 0.00518799
 0.00518799
 0.00518799
 0.00457764
 0.00396729
 0.00366211
 0.00366211
 0.00366211
 0.00396729
 0.00335693
 0.00274658
 0.00274658
 0.00335693
 0.00457764
 0.00518799
 0.00518799
 0.00549316
 0.00640869
 0.00762939
 0.00946045
 0.01098633
 0.01220703
 0.01281738
 0.01403809
 0.01495361
 0.01556396
 0.01586914
 0.01647949
 0.01678467
 0.01678467
 0.01678467
 0.01678467
 0.01617432
 0.01556396
 0.01525879
 0.01525879
 0.01495361
 0.01434326
 0.01403809
 0.01373291
 0.01342773
 0.01281738
 0.01251221
 0.01220703
 0.01190186
 0.01129150
 0.01068115
 0.01037598
 0.01068115
 0.01037598
 0.01007080
 0.01068115
 0.01129150
 0.01220703
 0.01281738
 0.01342773
 0.01373291
 0.01434326
 0.01495361
 0.01556396
 0.01556396
 0.01525879
 0.01556396
 0.01556396
 0.01556396
 0.01525879
 0.01464844
 0.01434326
 0.01403809
 0.01403809
 0.01434326
 0.01434326
 0.01403809
 0.01373291
 0.01312256
 0.01312256
 0.01342773
 0.01373291
 0.01342773
 0.01281738
 0.01251221
 0.01251221
 0.01251221
 0.01251221
 0.01281738
 0.01312256
 0.01403809
 0.01464844
 0.01495361
 0.01586914
 0.01678467
 0.01708984
 0.01708984
 0.01678467
 0.01678467
 0.01678467
 0.01678467
 0.01586914
 0.01525879
 0.01495361
 0.01495361
 0.01464844
 0.01403809
 0.01251221
 0.01159668
 0.01068115
 0.00946045
 0.00885010
 0.00854492
 0.00854492
 0.00762939
 0.00610352
 0.00457764
 0.00366211
 0.00366211
 0.00366211
 0.00366211
 0.00366211
 0.00457764
 0.00579834
 0.00640869
 0.00671387
 0.00671387
 0.00701904
 0.00671387
 0.00640869
 0.00579834
 0.00549316
 0.00549316
 0.00518799
 0.00427246
 0.00335693
 0.00274658
 0.00244141
 0.00213623
 0.00122070
 0.00000000
-0.00091553
-0.00213623
-0.00335693
-0.00457764
-0.00549316
-0.00610352
-0.00701904
-0.00793457
-0.00854492
-0.00823975
-0.00762939
-0.00762939
-0.00793457
-0.00762939
-0.00732422
-0.00640869
-0.00549316
-0.00457764
-0.00427246
-0.00366211
-0.00366211
-0.00396729
-0.00427246
-0.00488281
-0.00488281
-0.00488281
-0.00457764
-0.00457764
-0.00488281
-0.00457764
-0.00488281
-0.00610352
-0.00732422
-0.00885010
-0.00946045
-0.01007080
-0.01068115
-0.01159668
-0.01220703
-0.01342773
-0.01464844
-0.01525879
-0.01525879
-0.01495361
-0.01434326
-0.01342773
-0.01281738
-0.01251221
-0.01251221
-0.01281738
-0.01281738
-0.01251221
-0.01190186
-0.01159668
-0.01159668
-0.01098633
-0.01007080
-0.01007080
-0.01037598
-0.01068115
-0.01098633
-0.01068115
-0.01037598
-0.01007080
-0.00946045
-0.00885010
-0.00885010
-0.00885010
-0.00915527
-0.01037598
-0.01190186
-0.01281738
-0.01312256
-0.01312256
-0.01281738
-0.01312256
-0.01281738
-0.01251221
-0.01251221
-0.01281738
-0.01281738
-0.01220703
-0.01190186
-0.01159668
-0.01068115
-0.00976563
-0.00854492
-0.00793457
-0.00732422
-0.00732422
-0.00732422
-0.00701904
-0.00671387
-0.00610352
-0.00579834
-0.00579834
-0.00549316
-0.00579834
-0.00610352
-0.00640869
-0.00762939
-0.00854492
-0.00885010
-0.00946045
-0.01068115
-0.01190186
-0.01251221
-0.01312256
-0.01403809
-0.01525879
-0.01586914
-0.01617432
-0.01556396
-0.01434326
-0.01373291
-0.01312256
-0.01281738
-0.01220703
-0.01159668
-0.01068115
-0.00946045
-0.00885010
-0.00793457
-0.00732422
-0.00732422
-0.00762939
-0.00732422
-0.00701904
-0.00732422
-0.00793457
-0.00823975
-0.00823975
-0.00854492
-0.00885010
-0.00915527
-0.00976563
-0.01037598
-0.01068115
-0.01068115
-0.01159668
-0.01220703
-0.01312256
-0.01281738
-0.01220703
-0.01129150
-0.01098633
-0.01129150
-0.01129150
-0.01098633
-0.00976563
-0.00823975
-0.00701904
-0.00579834
-0.00488281
-0.00366211
-0.00274658
-0.00213623
-0.00213623
-0.00183105
-0.00152588
-0.00091553
-0.00030518
 0.00030518
 0.00091553
 0.00122070
 0.00152588
 0.00091553
 0.00091553
 0.00091553
 0.00122070
 0.00122070
 0.00122070
 0.00152588
 0.00122070
 0.00061035
 0.00061035
 0.00061035
 0.00030518
 0.00000000
 0.00000000
 0.00091553
 0.00213623
 0.00335693
 0.00488281
 0.00610352
 0.00701904
 0.00762939
 0.00793457
 0.00885010
 0.00976563
 0.01037598
 0.01129150
 0.01190186
 0.01190186
 0.01159668
 0.01129150
 0.01098633
 0.01068115
 0.01098633
 0.01159668
 0.01220703
 0.01251221
 0.01190186
 0.01159668
 0.01159668
 0.01129150
 0.01098633
 0.01068115
 0.01068115
 0.01037598
 0.01007080
 0.01007080
 0.01007080
 0.01007080
 0.00976563
 0.00976563
 0.01007080
 0.01068115
 0.01190186
 0.01251221
 0.01312256
 0.01373291
 0.01434326
 0.01495361
 0.01464844
 0.01434326
 0.01373291
 0.01251221
 0.01190186
 0.01129150
 0.01098633
 0.01098633
 0.01068115
 0.00976563
 0.00854492
 0.00793457
 0.00793457
 0.00793457
 0.00793457
 0.00762939
 0.00701904
 0.00610352
 0.00579834
 0.00579834
 0.00610352
 0.00579834
 0.00579834
 0.00579834
 0.00610352
 0.00732422
 0.00854492
 0.00885010
 0.00946045
 0.01068115
 0.01159668
 0.01190186
 0.01251221
 0.01281738
 0.01312256
 0.01251221
 0.01190186
 0.01159668
 0.01098633
 0.01037598
 0.00976563
 0.00885010
 0.00793457
 0.00701904
 0.00732422
 0.00701904
 0.00701904
 0.00671387
 0.00610352
 0.00488281
 0.00427246
 0.00366211
 0.00335693
 0.00274658
 0.00213623
 0.00213623
 0.00274658
 0.00335693
 0.00396729
 0.00457764
 0.00518799
 0.00549316
 0.00610352
 0.00671387
 0.00732422
 0.00793457
 0.00823975
 0.00823975
 0.00762939
 0.00732422
 0.00671387
 0.00610352
 0.00488281
 0.00427246
 0.00396729
 0.00427246
 0.00396729
 0.00335693
 0.00274658
 0.00244141
 0.00122070
 0.00061035
 0.00030518
 0.00030518
 0.00000000
 0.00000000
 0.00000000
 0.00030518
 0.00061035
 0.00122070
 0.00152588
 0.00244141
 0.00335693
 0.00366211
 0.00366211
 0.00396729
 0.00427246
 0.00427246
 0.00427246
 0.00427246
 0.00366211
 0.00305176
 0.00274658
 0.00305176
 0.00274658
 0.00274658
 0.00183105
 0.00061035
 0.00000000
-0.00030518
-0.00122070
-0.00183105
-0.00213623
-0.00213623
-0.00244141
-0.00274658
-0.00274658
-0.00274658
-0.00274658
-0.00244141
-0.00274658
-0.00244141
-0.00183105
-0.00183105
-0.00244141
-0.00335693
-0.00427246
-0.00396729
-0.00427246
-0.00396729
-0.00396729
-0.00427246
-0.00427246
-0.00457764
-0.00427246
-0.00427246
-0.00396729
-0.00427246
-0.00396729
-0.00396729
-0.00488281
-0.00579834
-0.00671387
-0.00732422
-0.00762939
-0.00823975
-0.00823975
-0.00823975
-0.00854492
-0.00854492
-0.00793457
-0.00732422
-0.00762939
-0.00793457
-0.00793457
-0.00732422
-0.00732422
-0.00701904
-0.00671387
-0.00701904
-0.00732422
-0.00732422
-0.00701904
-0.00732422
-0.00732422
-0.00732422
-0.00732422
-0.00732422
-0.00732422
-0.00701904
-0.00671387
-0.00671387
-0.00671387
-0.00762939
-0.00823975
-0.00854492
-0.00854492
-0.00854492
-0.00793457
-0.00762939
-0.00793457
-0.00823975
-0.00885010
-0.00915527
-0.00915527
-0.00885010
-0.00885010
-0.00854492
-0.00885010
-0.00915527
-0.00946045
-0.00976563
-0.01037598
-0.01098633
-0.01129150
-0.01098633
-0.01068115
-0.01068115
-0.01068115
-0.01098633
-0.01037598
-0.00976563
-0.01007080
-0.01098633
-0.01190186
-0.01251221
-0.01251221
-0.01251221
-0.01190186
-0.01159668
-0.01159668
-0.01159668
-0.01190186
-0.01159668
-0.01159668
-0.01159668
-0.01098633
-0.01037598
-0.00976563
-0.00915527
-0.00885010
-0.00885010
-0.00854492
-0.00823975
-0.00854492
-0.00885010
-0.00885010
-0.00823975
-0.00793457
-0.00762939
-0.00732422
-0.00671387
-0.00579834
-0.00518799
-0.00488281
-0.00488281
-0.00488281
-0.00518799
-0.00579834
-0.00640869
-0.00610352
-0.00579834
-0.00549316
-0.00549316
-0.00549316
-0.00549316
-0.00518799
-0.00518799
-0.00396729
-0.00305176
-0.00274658
-0.00274658
-0.00274658
-0.00274658
-0.00305176
-0.00274658
-0.00213623
-0.00152588
-0.00152588
-0.00122070
-0.00122070
-0.00122070
-0.00122070
-0.00091553
-0.00030518
 0.00030518
 0.00091553
 0.00030518
-0.00061035
-0.00122070
-0.00061035
 0.00000000
 0.00030518
 0.00030518
-0.00030518
-0.00061035
-0.00030518
 0.00000000
 0.00091553
 0.00183105
 0.00244141
 0.00305176
 0.00335693
 0.00305176
 0.00274658
 0.00305176
 0.00305176
 0.00335693
 0.00366211
 0.00396729
 0.00366211
 0.00366211
 0.00427246
 0.00457764
 0.00457764
 0.00396729
 0.00366211
 0.00366211
 0.00396729
 0.00457764
 0.00518799
 0.00488281
 0.00488281
 0.00488281
 0.00518799
 0.00579834
 0.00579834
 0.00610352
 0.00640869
 0.00671387
 0.00732422
 0.00732422
 0.00701904
 0.00640869
 0.00610352
 0.00610352
 0.00640869
 0.00671387
 0.00732422
 0.00793457
 0.00762939
 0.00671387
 0.00579834
 0.00549316
 0.00518799
 0.00518799
 0.00488281
 0.00427246
 0.00366211
 0.00305176
 0.00274658
 0.00244141
 0.00213623
 0.00183105
 0.00183105
 0.00152588
 0.00213623
 0.00274658
 0.00335693
 0.00335693
 0.00335693
 0.00366211
 0.00396729
 0.00396729
 0.00427246
 0.00518799
 0.00610352
 0.00671387
 0.00732422
 0.00793457
 0.00885010
 0.00976563
 0.01007080
 0.00976563
 0.00976563
 0.00976563
 0.01007080
 0.01007080
 0.00976563
 0.00976563
 0.00915527
 0.00854492
 0.00793457
 0.00793457
 0.00823975
 0.00854492
 0.00915527
 0.00946045
 0.01007080
 0.01068115
 0.01129150
 0.01129150
 0.01129150
 0.01129150
 0.01159668
 0.01251221
 0.01312256
 0.01312256
 0.01312256
 0.01312256
 0.01373291
 0.01434326
 0.01464844
 0.01464844
 0.01434326
 0.01403809
 0.01342773
 0.01312256
 0.01281738
 0.01220703
 0.01159668
 0.01098633
 0.01068115
 0.01007080
 0.00915527
 0.00854492
 0.00823975
 0.00762939
 0.00762939
 0.00793457
 0.00854492
 0.00854492
 0.00823975
 0.00793457
 0.00762939
 0.00732422
 0.00701904
 0.00701904
 0.00640869
 0.00579834
 0.00549316
 0.00518799
 0.00549316
 0.00518799
 0.00488281
 0.00457764
 0.00427246
 0.00427246
 0.00427246
 0.00427246
 0.00396729
 0.00396729
 0.00366211
 0.00274658
 0.00213623
 0.00152588
 0.00030518
-0.00091553
-0.00213623
-0.00244141
-0.00274658
-0.00335693
-0.00366211
-0.00366211
-0.00396729
-0.00396729
-0.00396729
-0.00305176
-0.00244141
-0.00244141
-0.00274658
-0.00335693
-0.00335693
-0.00335693
-0.00305176
-0.00335693
-0.00305176
-0.00335693
-0.00366211
-0.00396729
-0.00396729
-0.00427246
-0.00457764
-0.00457764
-0.00427246
-0.00427246
-0.00488281
-0.00549316
-0.00640869
-0.00762939
-0.00854492
-0.00885010
-0.00885010
-0.00854492
-0.00885010
-0.00915527
-0.00915527
-0.00885010
-0.00885010
-0.00915527
-0.00915527
-0.00915527
-0.00915527
-0.00885010
-0.00854492
-0.00854492
-0.00823975
-0.00854492
-0.00885010
-0.00915527
-0.00915527
-0.00823975
-0.00732422
-0.00671387
-0.00640869
-0.00640869
-0.00610352
-0.00610352
-0.00610352
-0.00671387
-0.00762939
-0.00823975
-0.00823975
-0.00885010
-0.00946045
-0.01007080
-0.01037598
-0.01037598
-0.01068115
-0.01068115
-0.01068115
-0.01037598
-0.01037598
-0.01007080
-0.01007080
-0.00976563
-0.00915527
-0.00885010
-0.00885010
-0.00915527
-0.00915527
-0.00946045
-0.00946045
-0.00915527
-0.00854492
-0.00732422
-0.00671387
-0.00671387
-0.00762939
-0.00762939
-0.00732422
-0.00762939
-0.00793457
-0.00915527
-0.01007080
-0.01068115
-0.01129150
-0.01159668
-0.01190186
-0.01220703
-0.01281738
-0.01312256
-0.01312256
-0.01220703
-0.01098633
-0.01037598
-0.01007080
-0.01007080
-0.00976563
-0.00915527
-0.00854492
-0.00823975
-0.00793457
-0.00793457
-0.00762939
-0.00701904
-0.00640869
-0.00518799
-0.00518799
-0.00518799
-0.00579834
-0.00610352
-0.00610352
-0.00579834
-0.00579834
-0.00579834
-0.00610352
-0.00640869
-0.00671387
-0.00701904
-0.00762939
-0.00823975
-0.00854492
-0.00854492
-0.00854492
-0.00823975
-0.00732422
-0.00701904
-0.00701904
-0.00732422
-0.00762939
-0.00732422
-0.00610352
-0.00549316
-0.00549316
-0.00488281
-0.00427246
-0.00335693
-0.00244141
-0.00183105
-0.00122070
-0.00061035
 0.00030518
 0.00091553
 0.00183105
 0.00305176
 0.00396729
 0.00396729
 0.00427246
 0.00457764
 0.00488281
 0.00488281
 0.00427246
 0.00427246
 0.00427246
 0.00396729
 0.00366211
 0.00366211
 0.00335693
 0.00305176
 0.00305176
 0.00335693
 0.00366211
 0.00366211
 0.00396729
 0.00396729
 0.00366211
 0.00305176
 0.00305176
 0.00427246
 0.00457764
 0.00457764
 0.00488281
 0.00488281
 0.00518799
 0.00518799
 0.00549316
 0.00610352
 0.00701904
 0.00732422
 0.00762939
 0.00762939
 0.00701904
 0.00640869
 0.00610352
 0.00579834
 0.00549316
 0.00488281
 0.00427246
 0.00366211
 0.00305176
 0.00213623
 0.00152588
 0.00152588
 0.00152588
 0.00152588
 0.00183105
 0.00244141
 0.00274658
 0.00335693
 0.00335693
 0.00366211
 0.00366211
 0.00335693
 0.00305176
 0.00274658
 0.00305176
 0.00396729
 0.00427246
 0.00427246
 0.00427246
 0.00488281
 0.00518799
 0.00549316
 0.00549316
 0.00549316
 0.00549316
 0.00579834
 0.00579834
 0.00549316
 0.00488281
 0.00396729
 0.00335693
 0.00335693
 0.00366211
 0.00366211
 0.00366211
 0.00366211
 0.00335693
 0.00335693
 0.00366211
 0.00427246
 0.00488281
 0.00549316
 0.00610352
 0.00701904
 0.00732422
 0.00701904
 0.00671387
 0.00701904
 0.00793457
 0.00823975
 0.00854492
 0.00823975
 0.00854492
 0.00915527
 0.00885010
 0.00854492
 0.00854492
 0.00915527
 0.00885010
 0.00793457
 0.00732422
 0.00732422
 0.00701904
 0.00640869
 0.00610352
 0.00579834
 0.00549316
 0.00518799
 0.00518799
 0.00518799
 0.00549316
 0.00610352
 0.00671387
 0.00762939
 0.00762939
 0.00762939
 0.00762939
 0.00854492
 0.00915527
 0.00946045
 0.00946045
 0.00946045
 0.00976563
 0.00976563
 0.00946045
 0.00915527
 0.00915527
 0.00915527
 0.00915527
 0.00885010
 0.00823975
 0.00823975
 0.00793457
 0.00762939
 0.00762939
 0.00732422
 0.00732422
 0.00762939
 0.00762939
 0.00732422
 0.00701904
 0.00610352
 0.00579834
 0.00579834
 0.00579834
 0.00579834
 0.00518799
 0.00488281
 0.00488281
 0.00488281
 0.00488281
 0.00488281
 0.00457764
 0.00427246
 0.00366211
 0.00335693
 0.00274658
 0.00274658
 0.00244141
 0.00244141
 0.00274658
 0.00244141
 0.00152588
 0.00091553
 0.00152588
 0.00152588
 0.00091553
 0.00030518
-0.00030518
-0.00091553
-0.00183105
-0.00244141
-0.00305176
-0.00366211
-0.00396729
-0.00396729
-0.00396729
-0.00457764
-0.00549316
-0.00610352
-0.00640869
-0.00579834
-0.00518799
-0.00488281
-0.00427246
-0.00366211
-0.00335693
-0.00366211
-0.00396729
-0.00396729
-0.00396729
-0.00366211
-0.00335693
-0.00305176
-0.00335693
-0.00305176
-0.00335693
-0.00396729
-0.00457764
-0.00518799
-0.00518799
-0.00518799
-0.00610352
-0.00671387
-0.00732422
-0.00823975
-0.00854492
-0.00915527
-0.00946045
-0.00915527
-0.00946045
-0.00976563
-0.00976563
-0.00915527
-0.00793457
-0.00732422
-0.00701904
-0.00671387
-0.00610352
-0.00549316
-0.00518799
-0.00518799
-0.00549316
-0.00549316
-0.00549316
-0.00518799
-0.00549316
-0.00610352
-0.00610352
-0.00640869
-0.00671387
-0.00732422
-0.00823975
-0.00885010
-0.00976563
-0.01068115
-0.01129150
-0.01190186
-0.01251221
-0.01312256
-0.01342773
-0.01342773
-0.01403809
-0.01495361
-0.01525879
-0.01556396
-0.01495361
-0.01434326
-0.01373291
-0.01342773
-0.01312256
-0.01220703
-0.01190186
-0.01190186
-0.01129150
-0.01037598
-0.00976563
-0.00915527
-0.00915527
-0.00885010
-0.00885010
-0.00915527
-0.00976563
-0.00976563
-0.01007080
-0.01007080
-0.01007080
-0.00946045
-0.00946045
-0.01007080
-0.01037598
-0.01098633
-0.01129150
-0.01098633
-0.01098633
-0.01098633
-0.01129150
-0.01098633
-0.01068115
-0.01037598
-0.01037598
-0.01007080
-0.00946045
-0.00915527
-0.00854492
-0.00762939
-0.00671387
-0.00579834
-0.00518799
-0.00427246
-0.00335693
-0.00305176
-0.00274658
-0.00274658
-0.00244141
-0.00213623
-0.00183105
-0.00213623
-0.00213623
-0.00183105
-0.00152588
-0.00183105
-0.00183105
-0.00213623
-0.00244141
-0.00244141
-0.00274658
-0.00274658
-0.00274658
-0.00244141
-0.00183105
-0.00152588
-0.00152588
-0.00152588
-0.00122070
-0.00091553
-0.00030518
 0.00061035
 0.00152588
 0.00213623
 0.00244141
 0.00305176
 0.00366211
 0.00396729
 0.00366211
 0.00366211
 0.00457764
 0.00518799
 0.00549316
 0.00549316
 0.00549316
 0.00579834
 0.00579834
 0.00579834
 0.00579834
 0.00518799
 0.00457764
 0.00457764
 0.00427246
 0.00366211
 0.00366211
 0.00305176
 0.00305176
 0.00335693
 0.00305176
 0.00335693
 0.00396729
 0.00488281
 0.00518799
 0.00518799
 0.00610352
 0.00701904
 0.00762939
 0.00762939
 0.00793457
 0.00823975
 0.00885010
 0.00946045
 0.00946045
 0.00946045
 0.00946045
 0.00976563
 0.00976563
 0.00976563
 0.00885010
 0.00823975
 0.00701904
 0.00640869
 0.00610352
 0.00549316
 0.00488281
 0.00457764
 0.00396729
 0.00366211
 0.00366211
 0.00335693
 0.00335693
 0.00335693
 0.00366211
 0.00427246
 0.00488281
 0.00518799
 0.00549316
 0.00549316
 0.00549316
 0.00549316
 0.00579834
 0.00640869
 0.00671387
 0.00640869
 0.00671387
 0.00671387
 0.00701904
 0.00701904
 0.00732422
 0.00762939
 0.00732422
 0.00671387
 0.00610352
 0.00579834
 0.00549316
 0.00518799
 0.00457764
 0.00366211
 0.00305176
 0.00274658
 0.00244141
 0.00183105
 0.00152588
 0.00183105
 0.00244141
 0.00274658
 0.00305176
 0.00335693
 0.00427246
 0.00518799
 0.00579834
 0.00640869
 0.00671387
 0.00671387
 0.00732422
 0.00732422
 0.00762939
 0.00762939
 0.00823975
 0.00885010
 0.00946045
 0.00976563
 0.00976563
 0.00946045
 0.00885010
 0.00854492
 0.00854492
 0.00793457
 0.00732422
 0.00701904
 0.00671387
 0.00640869
 0.00549316
 0.00457764
 0.00427246
 0.00396729
 0.00366211
 0.00305176
 0.00274658
 0.00274658
 0.00274658
 0.00244141
 0.00213623
 0.00213623
 0.00213623
 0.00213623
 0.00274658
 0.00274658
 0.00244141
 0.00213623
 0.00274658
 0.00305176
 0.00305176
 0.00305176
 0.00335693
 0.00366211
 0.00366211
 0.00366211
 0.00335693
 0.00305176
 0.00213623
 0.00122070
 0.00091553
 0.00030518
-0.00030518
-0.00091553
-0.00091553
-0.00122070
-0.00183105
-0.00274658
-0.00305176
-0.00274658
-0.00274658
-0.00305176
-0.00244141
-0.00244141
-0.00213623
-0.00183105
-0.00152588
-0.00152588
-0.00091553
-0.00061035
-0.00091553
-0.00030518
 0.00030518
 0.00000000
-0.00030518
-0.00061035
-0.00091553
-0.00122070
-0.00183105
-0.00183105
-0.00183105
-0.00152588
-0.00152588
-0.00183105
-0.00305176
-0.00366211
-0.00396729
-0.00427246
-0.00457764
-0.00457764
-0.00427246
-0.00427246
-0.00457764
-0.00427246
-0.00396729
-0.00366211
-0.00335693
-0.00305176
-0.00305176
-0.00305176
-0.00244141
-0.00213623
-0.00183105
-0.00183105
-0.00213623
-0.00244141
-0.00274658
-0.00274658
-0.00305176
-0.00305176
-0.00335693
-0.00335693
-0.00396729
-0.00457764
-0.00488281
-0.00518799
-0.00579834
-0.00640869
-0.00640869
-0.00640869
-0.00610352
-0.00640869
-0.00671387
-0.00732422
-0.00732422
-0.00701904
-0.00640869
-0.00610352
-0.00671387
-0.00701904
-0.00671387
-0.00610352
-0.00610352
-0.00610352
-0.00518799
-0.00396729
-0.00335693
-0.00244141
-0.00213623
-0.00213623
-0.00213623
-0.00213623
-0.00244141
-0.00274658
-0.00335693
-0.00335693
-0.00335693
-0.00396729
-0.00427246
-0.00457764
-0.00518799
-0.00518799
-0.00518799
-0.00518799
-0.00518799
-0.00549316
-0.00579834
-0.00610352
-0.00640869
-0.00701904
-0.00732422
-0.00762939
-0.00732422
-0.00701904
-0.00732422
-0.00732422
-0.00732422
-0.00732422
-0.00610352
-0.00549316
-0.00518799
-0.00549316
-0.00518799
-0.00488281
-0.00457764
-0.00457764
-0.00457764
-0.00488281
-0.00518799
-0.00549316
-0.00518799
-0.00457764
-0.00396729
-0.00396729
-0.00427246
-0.00427246
-0.00427246
-0.00457764
-0.00488281
-0.00549316
-0.00579834
-0.00610352
-0.00579834
-0.00579834
-0.00640869
-0.00610352
-0.00610352
-0.00579834
-0.00549316
-0.00488281
-0.00366211
-0.00305176
-0.00274658
-0.00213623
-0.00183105
-0.00244141
-0.00274658
-0.00244141
-0.00183105
-0.00152588
-0.00152588
-0.00122070
-0.00091553
-0.00030518
-0.00030518
-0.00030518
-0.00030518
-0.00030518
 0.00000000
 0.00000000
 0.00030518
 0.00000000
 0.00000000
-0.00061035
-0.00091553
-0.00152588
-0.00152588
-0.00152588
-0.00122070
-0.00091553
 0.00000000
 0.00030518
 0.00091553
 0.00122070
 0.00122070
 0.00122070
 0.00122070
 0.00122070
 0.00122070
 0.00152588
 0.00152588
 0.00152588
 0.00122070
 0.00122070
 0.00122070
 0.00122070
 0.00122070
 0.00091553
 0.00061035
 0.00030518
 0.00030518
 0.00061035
 0.00061035
 0.00030518
 0.00000000
-0.00061035
-0.00091553
-0.00152588
-0.00183105
-0.00213623
-0.00213623
-0.00122070
-0.00061035
 0.00000000
 0.00030518
 0.00061035
 0.00091553
 0.00091553
 0.00122070
 0.00183105
 0.00244141
 0.00244141
 0.00213623
 0.00213623
 0.00244141
 0.00274658
 0.00274658
 0.00244141
 0.00244141
 0.00244141
 0.00244141
 0.00274658
 0.00335693
 0.00366211
 0.00366211
 0.00335693
 0.00335693
 0.00305176
 0.00244141
 0.00213623
 0.00213623
 0.00213623
 0.00213623
 0.00213623
 0.00244141
 0.00213623
 0.00244141
 0.00305176
 0.00366211
 0.00366211
 0.00427246
 0.00518799
 0.00579834
 0.00579834
 0.00579834
 0.00579834
 0.00579834
 0.00579834
 0.00579834
 0.00610352
 0.00610352
 0.00640869
 0.00610352
 0.00640869
 0.00640869
 0.00640869
 0.00671387
 0.00640869
 0.00640869
 0.00610352
 0.00579834
 0.00549316
 0.00549316
 0.00518799
 0.00457764
 0.00427246
 0.00427246
 0.00396729
 0.00457764
 0.00488281
 0.00549316
 0.00549316
 0.00579834
 0.00579834
 0.00610352
 0.00671387
 0.00671387
 0.00701904
 0.00732422
 0.00732422
 0.00762939
 0.00793457
 0.00762939
 0.00762939
 0.00762939
 0.00762939
 0.00762939
 0.00762939
 0.00793457
 0.00823975
 0.00823975
 0.00762939
 0.00671387
 0.00610352
 0.00610352
 0.00610352
 0.00579834
 0.00579834
 0.00549316
 0.00549316
 0.00518799
 0.00518799
 0.00518799
 0.00457764
 0.00457764
 0.00457764
 0.00457764
 0.00427246
 0.00488281
 0.00518799
 0.00518799
 0.00488281
 0.00488281
 0.00488281
 0.00457764
 0.00396729
 0.00335693
 0.00335693
 0.00366211
 0.00366211
 0.00335693
 0.00305176
 0.00305176
 0.00213623
 0.00122070
 0.00061035
 0.00061035
 0.00061035
 0.00000000
-0.00122070
-0.00152588
-0.00183105
-0.00213623
-0.00183105
-0.00183105
-0.00183105
-0.00213623
-0.00244141
-0.00213623
-0.00213623
-0.00213623
-0.00183105
-0.00183105
-0.00152588
-0.00152588
-0.00152588
-0.00183105
-0.00152588
-0.00152588
-0.00152588
-0.00183105
-0.00213623
-0.00183105
-0.00152588
-0.00122070
-0.00183105
-0.00213623
-0.00274658
-0.00366211
-0.00396729
-0.00488281
-0.00549316
-0.00640869
-0.00701904
-0.00671387
-0.00640869
-0.00671387
-0.00732422
-0.00762939
-0.00732422
-0.00701904
-0.00671387
-0.00640869
-0.00610352
-0.00610352
-0.00579834
-0.00518799
-0.00488281
-0.00427246
-0.00396729
-0.00366211
-0.00274658
-0.00244141
-0.00213623
-0.00244141
-0.00244141
-0.00274658
-0.00305176
-0.00305176
-0.00366211
-0.00427246
-0.00457764
-0.00518799
-0.00579834
-0.00640869
-0.00671387
-0.00671387
-0.00671387
-0.00732422
-0.00793457
-0.00885010
-0.00885010
-0.00885010
-0.00885010
-0.00885010
-0.00946045
-0.00946045
-0.00915527
-0.00915527
-0.00885010
-0.00854492
-0.00793457
-0.00732422
-0.00671387
-0.00640869
-0.00610352
-0.00579834
-0.00549316
-0.00579834
-0.00579834
-0.00579834
-0.00579834
-0.00549316
-0.00518799
-0.00518799
-0.00488281
-0.00457764
-0.00427246
-0.00427246
-0.00457764
-0.00488281
-0.00518799
-0.00488281
-0.00518799
-0.00518799
-0.00518799
-0.00488281
-0.00457764
-0.00488281
-0.00457764
-0.00396729
-0.00335693
-0.00305176
-0.00274658
-0.00183105
-0.00152588
-0.00183105
-0.00183105
-0.00122070
-0.00091553
-0.00091553
-0.00152588
-0.00152588
-0.00122070
-0.00091553
-0.00061035
-0.00122070
-0.00122070
-0.00061035
-0.00030518
-0.00061035
-0.00122070
-0.00152588
-0.00122070
-0.00122070
-0.00122070
-0.00091553
-0.00122070
-0.00152588
-0.00122070
-0.00122070
-0.00152588
-0.00152588
-0.00122070
-0.00091553
-0.00091553
-0.00061035
 0.00000000
 0.00000000
 0.00000000
-0.00030518
-0.00091553
-0.00091553
-0.00061035
-0.00030518
 0.00000000
 0.00030518
 0.00091553
 0.00091553
 0.00122070
 0.00091553
 0.00061035
 0.00091553
 0.00091553
 0.00061035
 0.00091553
 0.00061035
 0.00030518
-0.00061035
-0.00091553
-0.00091553
-0.00091553
-0.00152588
-0.00183105
-0.00122070
-0.00061035
-0.00030518
-0.00030518
-0.00030518
 0.00030518
 0.00030518
 0.00061035
 0.00061035
 0.00030518
 0.00030518
 0.00061035
 0.00061035
 0.00000000
-0.00030518
 0.00000000
 0.00000000
 0.00030518
 0.00091553
 0.00122070
 0.00183105
 0.00213623
 0.00183105
 0.00061035
 0.00000000
-0.00030518
-0.00091553
-0.00122070
-0.00183105
-0.00213623
-0.00244141
-0.00274658
-0.00305176
-0.00335693
-0.00335693
-0.00305176
-0.00274658
-0.00213623
-0.00122070
-0.00030518
 0.00061035
 0.00091553
 0.00091553
 0.00122070
 0.00091553
 0.00061035
 0.00091553
 0.00091553
 0.00152588
 0.00244141
 0.00305176
 0.00274658
 0.00244141
 0.00244141
 0.00183105
 0.00183105
 0.00213623
 0.00244141
 0.00244141
 0.00274658
 0.00244141
 0.00213623
 0.00152588
 0.00061035
 0.00030518
 0.00030518
 0.00061035
 0.00122070
 0.00213623
 0.00244141
 0.00213623
 0.00213623
 0.00244141
 0.00335693
 0.00335693
 0.00366211
 0.00427246
 0.00457764
 0.00488281
 0.00457764
 0.00488281
 0.00488281
 0.00518799
 0.00518799
 0.00579834
 0.00640869
 0.00671387
 0.00671387
 0.00671387
 0.00671387
 0.00671387
 0.00640869
 0.00640869
 0.00579834
 0.00549316
 0.00549316
 0.00579834
 0.00518799
 0.00457764
 0.00427246
 0.00427246
 0.00427246
 0.00427246
 0.00457764
 0.00488281
 0.00488281
 0.00518799
 0.00549316
 0.00549316
 0.00518799
 0.00518799
 0.00549316
 0.00549316
 0.00549316
 0.00579834
 0.00610352
 0.00610352
 0.00610352
 0.00579834
 0.00518799
 0.00488281
 0.00488281
 0.00518799
 0.00549316
 0.00518799
 0.00488281
 0.00488281
 0.00518799
 0.00457764
 0.00427246
 0.00427246
 0.00427246
 0.00427246
 0.00396729
 0.00335693
 0.00305176
 0.00305176
 0.00305176
 0.00274658
 0.00274658
 0.00274658
 0.00274658
 0.00244141
 0.00213623
 0.00213623
 0.00274658
 0.00305176
 0.00305176
 0.00274658
 0.00305176
 0.00366211
 0.00396729
 0.00366211
 0.00366211
 0.00427246
 0.00457764
 0.00488281
 0.00488281
 0.00427246
 0.00396729
 0.00335693
 0.00305176
 0.00244141
 0.00122070
 0.00091553
 0.00091553
 0.00091553
 0.00122070
 0.00122070
 0.00091553
 0.00061035
 0.00000000
-0.00030518
-0.00030518
-0.00030518
-0.00061035
-0.00061035
-0.00061035
-0.00091553
-0.00152588
-0.00152588
-0.00183105
-0.00183105
-0.00122070
-0.00091553
-0.00091553
-0.00122070
-0.00152588
-0.00122070
-0.00152588
-0.00183105
-0.00213623
-0.00244141
-0.00244141
-0.00244141
-0.00274658
-0.00366211
-0.00396729
-0.00427246
-0.00457764
-0.00488281
-0.00518799
-0.00488281
-0.00488281
-0.00488281
-0.00518799
-0.00518799
-0.00549316
-0.00549316
-0.00579834
-0.00579834
-0.00549316
-0.00579834
-0.00610352
-0.00610352
-0.00610352
-0.00610352
-0.00610352
-0.00610352
-0.00579834
-0.00518799
-0.00488281
-0.00518799
-0.00579834
-0.00640869
-0.00640869
-0.00640869
-0.00640869
-0.00610352
-0.00640869
-0.00671387
-0.00732422
-0.00732422
-0.00762939
-0.00823975
-0.00823975
-0.00793457
-0.00762939
-0.00762939
-0.00762939
-0.00793457
-0.00854492
-0.00885010
-0.00823975
-0.00793457
-0.00762939
-0.00732422
-0.00732422
-0.00793457
-0.00793457
-0.00793457
-0.00793457
-0.00793457
-0.00732422
-0.00640869
-0.00671387
-0.00671387
-0.00701904
-0.00640869
-0.00610352
-0.00640869
-0.00640869
-0.00579834
-0.00579834
-0.00579834
-0.00579834
-0.00579834
-0.00579834
-0.00610352
-0.00579834
-0.00579834
-0.00610352
-0.00579834
-0.00518799
-0.00488281
-0.00457764
-0.00396729
-0.00335693
-0.00335693
-0.00335693
-0.00335693
-0.00244141
-0.00183105
-0.00152588
-0.00152588
-0.00122070
-0.00091553
-0.00030518
-0.00091553
-0.00091553
-0.00030518
 0.00030518
 0.00030518
 0.00000000
 0.00000000
 0.00030518
 0.00000000
-0.00030518
-0.00061035
-0.00091553
-0.00061035
-0.00061035
-0.00091553
-0.00091553
-0.00061035
-0.00030518
 0.00000000
-0.00030518
 0.00000000
 0.00030518
 0.00091553
 0.00091553
 0.00061035
 0.00061035
 0.00061035
 0.00030518
 0.00000000
 0.00061035
 0.00122070
 0.00183105
 0.00213623
 0.00213623
 0.00244141
 0.00213623
 0.00183105
 0.00152588
 0.00091553
 0.00061035
 0.00091553
 0.00091553
 0.00091553
 0.00061035
-0.00030518
-0.00061035
-0.00061035
-0.00030518
-0.00030518
-0.00030518
 0.00000000
 0.00000000
 0.00030518
 0.00000000
 0.00000000
 0.00030518
 0.00030518
 0.00030518
 0.00030518
 0.00030518
 0.00061035
 0.00061035
 0.00091553
 0.00122070
 0.00152588
 0.00244141
 0.00274658
 0.00305176
 0.00335693
 0.00335693
 0.00366211
 0.00396729
 0.00366211
 0.00335693
 0.00366211
 0.00396729
 0.00396729
 0.00335693
 0.00335693
 0.00366211
 0.00366211
 0.00335693
 0.00305176
 0.00305176
 0.00396729
 0.00457764
 0.00488281
 0.00396729
 0.00335693
 0.00335693
 0.00335693
 0.00305176
 0.00305176
 0.00305176
 0.00274658
 0.00305176
 0.00335693
 0.00366211
 0.00396729
 0.00335693
 0.00305176
 0.00335693
 0.00396729
 0.00396729
 0.00396729
 0.00396729
 0.00366211
 0.00335693
 0.00335693
 0.00335693
 0.00335693
 0.00305176
 0.00305176
 0.00335693
 0.00335693
 0.00366211
 0.00335693
 0.00335693
 0.00366211
 0.00335693
 0.00335693
 0.00366211
 0.00366211
 0.00396729
 0.00427246
 0.00396729
 0.00366211
 0.00366211
 0.00366211
 0.00396729
 0.00427246
 0.00457764
 0.00488281
 0.00518799
 0.00549316
 0.00579834
 0.00549316
 0.00518799
 0.00488281
 0.00457764
 0.00396729
 0.00366211
 0.00335693
 0.00274658
 0.00244141
 0.00213623
 0.00183105
 0.00152588
 0.00122070
 0.00183105
 0.00213623
 0.00244141
 0.00244141
 0.00213623
 0.00152588
 0.00152588
 0.00152588
 0.00152588
 0.00152588
 0.00152588
 0.00122070
 0.00152588
 0.00183105
 0.00213623
 0.00244141
 0.00244141
 0.00244141
 0.00244141
 0.00274658
 0.00305176
 0.00305176
 0.00274658
 0.00183105
 0.00091553
 0.00030518
 0.00061035
 0.00091553
 0.00030518
-0.00030518
-0.00091553
-0.00061035
-0.00030518
 0.00000000
-0.00030518
-0.00061035
-0.00061035
-0.00061035
-0.00091553
-0.00122070
-0.00122070
-0.00061035
 0.00000000
 0.00000000
-0.00030518
-0.00030518
-0.00030518
 0.00000000
 0.00030518
 0.00091553
 0.00091553
 0.00091553
 0.00091553
 0.00152588
 0.00183105
 0.00122070
 0.00061035
 0.00061035
 0.00061035
 0.00000000
-0.00061035
-0.00091553
-0.00091553
-0.00061035
-0.00061035
-0.00091553
-0.00061035
-0.00061035
-0.00030518
 0.00000000
 0.00000000
-0.00030518
-0.00030518
-0.00091553
-0.00152588
-0.00152588
-0.00152588
-0.00152588
-0.00152588
-0.00183105
-0.00183105
-0.00152588
-0.00061035
-0.00061035
-0.00091553
-0.00122070
-0.00183105
-0.00183105
-0.00213623
-0.00213623
-0.00213623
-0.00244141
-0.00244141
-0.00305176
-0.00366211
-0.00396729
-0.00396729
-0.00396729
-0.00396729
-0.00335693
-0.00305176
-0.00335693
-0.00335693
-0.00305176
-0.00305176
-0.00305176
-0.00305176
-0.00305176
-0.00366211
-0.00427246
-0.00427246
-0.00427246
-0.00427246
-0.00427246
-0.00427246
-0.00427246
-0.00427246
-0.00427246
-0.00427246
-0.00396729
-0.00457764
-0.00488281
-0.00457764
-0.00457764
-0.00457764
-0.00457764
-0.00457764
-0.00457764
-0.00427246
-0.00396729
-0.00366211
-0.00396729
-0.00427246
-0.00457764
-0.00427246
-0.00427246
-0.00396729
-0.00366211
-0.00335693
-0.00335693
-0.00305176
-0.00305176
-0.00305176
-0.00305176
-0.00335693
-0.00366211
-0.00366211
-0.00274658
-0.00183105
-0.00152588
-0.00183105
-0.00213623
-0.00213623
-0.00183105
-0.00183105
-0.00213623
-0.00244141
-0.00244141
-0.00213623
-0.00213623
-0.00244141
-0.00305176
-0.00305176
-0.00305176
-0.00335693
-0.00366211
-0.00366211
-0.00366211
-0.00366211
-0.00335693
-0.00335693
-0.00335693
-0.00366211
-0.00396729
-0.00427246
-0.00396729
-0.00335693
-0.00305176
-0.00244141
-0.00183105
-0.00122070
-0.00091553
-0.00061035
-0.00030518
-0.00061035
-0.00030518
 0.00000000
 0.00030518
 0.00061035
 0.00061035
 0.00000000
-0.00030518
-0.00061035
-0.00091553
-0.00091553
-0.00122070
-0.00122070
-0.00091553
-0.00091553
-0.00091553
-0.00091553
-0.00122070
-0.00152588
-0.00152588
-0.00183105
-0.00183105
-0.00183105
-0.00183105
-0.00122070
-0.00061035
-0.00091553
-0.00061035
-0.00061035
-0.00030518
-0.00030518
 0.00000000
 0.00030518
 0.00061035
 0.00122070
 0.00122070
 0.00061035
 0.00000000
 0.00000000
 0.00061035
 0.00091553
 0.00061035
 0.00000000
-0.00061035
-0.00091553
-0.00061035
-0.00030518
-0.00030518
 0.00000000
 0.00030518
 0.00030518
 0.00061035
 0.00061035
 0.00030518
 0.00030518
 0.00061035
 0.00091553
 0.00152588
 0.00183105
 0.00213623
 0.00274658
 0.00274658
 0.00274658
 0.00335693
 0.00366211
 0.00396729
 0.00396729
 0.00366211
 0.00366211
 0.00396729
 0.00427246
 0.00457764
 0.00457764
 0.00457764
 0.00396729
 0.00366211
 0.00396729
 0.00396729
 0.00396729
 0.00427246
 0.00427246
 0.00366211
 0.00366211
 0.00366211
 0.00396729
 0.00396729
 0.00335693
 0.00335693
 0.00396729
 0.00396729
 0.00396729
 0.00366211
 0.00366211
 0.00396729
 0.00427246
 0.00457764
 0.00488281
 0.00549316
 0.00549316
 0.00579834
 0.00579834
 0.00610352
 0.00549316
 0.00549316
 0.00488281
 0.00457764
 0.00457764
 0.00457764
 0.00518799
 0.00518799
 0.00488281
 0.00457764
 0.00427246
 0.00427246
 0.00366211
 0.00335693
 0.00305176
 0.00305176
 0.00335693
 0.00366211
 0.00366211
 0.00305176
 0.00244141
 0.00213623
 0.00213623
 0.00152588
 0.00122070
 0.00122070
 0.00152588
 0.00213623
 0.00213623
 0.00152588
 0.00152588
 0.00183105
 0.00183105
 0.00183105
 0.00152588
 0.00152588
 0.00152588
 0.00122070
 0.00091553
 0.00122070
 0.00091553
 0.00061035
 0.00030518
 0.00030518
 0.00091553
 0.00152588
 0.00122070
 0.00061035
 0.00000000
-0.00091553
-0.00122070
-0.00122070
-0.00122070
-0.00122070
-0.00091553
-0.00061035
-0.00030518
-0.00030518
-0.00030518
 0.00000000
 0.00000000
 0.00030518
 0.00061035
 0.00091553
 0.00122070
 0.00091553
 0.00091553
 0.00122070
 0.00152588
 0.00152588
 0.00122070
 0.00122070
 0.00091553
 0.00091553
 0.00091553
 0.00152588
 0.00152588
 0.00122070
 0.00091553
 0.00061035
 0.00000000
-0.00061035
-0.00091553
-0.00091553
-0.00091553
-0.00061035
-0.00122070
-0.00152588
-0.00213623
-0.00183105
-0.00122070
-0.00061035
-0.00061035
-0.00061035
-0.00030518
-0.00030518
-0.00061035
-0.00122070
-0.00152588
-0.00122070
-0.00030518
 0.00030518
 0.00000000
 0.00000000
 0.00000000
 0.00000000
 0.00000000
 0.00000000
 0.00000000
-0.00030518
-0.00061035
-0.00030518
-0.00061035
-0.00061035
-0.00061035
-0.00061035
-0.00091553
-0.00152588
-0.00183105
-0.00244141
-0.00213623
-0.00152588
-0.00183105
-0.00213623
-0.00152588
-0.00122070
-0.00183105
-0.00183105
-0.00213623
-0.00244141
-0.00274658
-0.00274658
-0.00244141
-0.00244141
-0.00213623
-0.00183105
-0.00152588
-0.00122070
-0.00091553
-0.00091553
-0.00152588
-0.00213623
-0.00274658
-0.00244141
-0.00213623
-0.00213623
-0.00305176
-0.00335693
-0.00366211
-0.00366211
-0.00335693
-0.00366211
-0.00366211
-0.00366211
-0.00366211
-0.00335693
-0.00335693
-0.00335693
-0.00366211
-0.00366211
-0.00366211
-0.00396729
-0.00396729
-0.00396729
-0.00427246
-0.00396729
-0.00366211
-0.00335693
-0.00305176
-0.00305176
-0.00274658
-0.00213623
-0.00183105
-0.00183105
-0.00152588
-0.00122070
-0.00122070
-0.00152588
-0.00213623
-0.00213623
-0.00213623
-0.00183105
-0.00213623
-0.00244141
-0.00213623
-0.00213623
-0.00183105
-0.00152588
-0.00183105
-0.00183105
-0.00152588
-0.00122070
-0.00091553
-0.00091553
-0.00122070
-0.00091553
-0.00091553
-0.00091553
-0.00061035
-0.00030518
 0.00000000
 0.00030518
 0.00000000
 0.00000000
 0.00000000
 0.00061035
 0.00061035
 0.00000000
-0.00030518
 0.00000000
 0.00000000
-0.00030518
-0.00061035
-0.00122070
-0.00122070
-0.00122070
-0.00122070
-0.00122070
-0.00091553
-0.00091553
-0.00122070
-0.00152588
-0.00152588
-0.00122070
-0.00122070
-0.00091553
-0.00122070
-0.00122070
-0.00152588
-0.00152588
-0.00122070
-0.00061035
-0.00061035
-0.00030518
 0.00000000
 0.00030518
 0.00091553
 0.00091553
 0.00091553
 0.00122070
 0.00122070
 0.00091553
 0.00061035
 0.00061035
 0.00030518
 0.00000000
 0.00000000
-0.00030518
-0.00091553
-0.00152588
-0.00183105
-0.00183105
-0.00152588
-0.00122070
-0.00122070
-0.00122070
-0.00122070
-0.00122070
-0.00152588
-0.00183105
-0.00183105
-0.00152588
-0.00122070
-0.00122070
-0.00152588
-0.00152588
-0.00091553
-0.00030518
 0.00061035
 0.00091553
 0.00122070
 0.00152588
 0.00152588
 0.00213623
 0.00213623
 0.00183105
 0.00122070
 0.00152588
 0.00183105
 0.00183105
 0.00213623
 0.00183105
 0.00152588
 0.00152588
 0.00122070
 0.00122070
 0.00152588
 0.00152588
 0.00152588
 0.00152588
 0.00152588
 0.00122070
 0.00091553
 0.00091553
 0.00091553
 0.00061035
 0.00061035
 0.00061035
 0.00122070
 0.00152588
 0.00122070
 0.00122070
 0.00152588
 0.00213623
 0.00244141
 0.00183105
 0.00183105
 0.00213623
 0.00213623
 0.00244141
 0.00305176
 0.00305176
 0.00274658
 0.00244141
 0.00244141
 0.00274658
 0.00274658
 0.00244141
 0.00274658
 0.00335693
 0.00305176
 0.00244141
 0.00244141
 0.00244141
 0.00213623
 0.00213623
 0.00183105
 0.00213623
 0.00213623
 0.00183105
 0.00152588
 0.00122070
 0.00091553
 0.00122070
 0.00213623
 0.00244141
 0.00213623
 0.00183105
 0.00213623
 0.00183105
 0.00152588
 0.00183105
 0.00183105
 0.00183105
 0.00213623
 0.00152588
 0.00122070
 0.00122070
 0.00122070
 0.00152588
 0.00152588
 0.00122070
 0.00091553
 0.00091553
 0.00061035
 0.00030518
 0.00000000
 0.00000000
-0.00030518
-0.00030518
-0.00030518
 0.00000000
 0.00030518
 0.00061035
 0.00091553
 0.00061035
 0.00061035
 0.00061035
 0.00091553
 0.00061035
 0.00030518
 0.00030518
 0.00091553
 0.00152588
 0.00152588
 0.00152588
 0.00122070
 0.00091553
 0.00122070
 0.00091553
 0.00061035
 0.00000000
-0.00030518
-0.00061035
-0.00030518
 0.00000000
-0.00030518
 0.00000000
-0.00030518
-0.00030518
 0.00030518
-0.00030518
-0.00061035
-0.00061035
-0.00030518
-0.00030518
-0.00030518
 0.00000000
 0.00000000
 0.00000000
 0.00061035
 0.00091553
 0.00122070
 0.00091553
 0.00091553
 0.00122070
 0.00183105
 0.00152588
 0.00183105
 0.00213623
 0.00213623
 0.00183105
 0.00183105
 0.00122070
 0.00091553
 0.00061035
 0.00030518
 0.00000000
 0.00000000
 0.00000000
-0.00030518
-0.00030518
 0.00000000
 0.00030518
 0.00030518
 0.00000000
 0.00000000
-0.00030518
-0.00061035
-0.00091553
-0.00091553
-0.00091553
-0.00061035
-0.00061035
 0.00000000
 0.00000000
 0.00030518
 0.00030518
 0.00030518
 0.00030518
 0.00091553
 0.00122070
 0.00122070
 0.00122070
 0.00122070
 0.00061035
 0.00000000
-0.00030518
-0.00061035
-0.00061035
-0.00061035
-0.00061035
-0.00091553
-0.00122070
-0.00122070
-0.00091553
-0.00091553
-0.00091553
-0.00152588
-0.00152588
-0.00152588
-0.00152588
-0.00183105
-0.00244141
-0.00244141
-0.00274658
-0.00274658
-0.00274658
-0.00305176
-0.00305176
-0.00213623
-0.00183105
-0.00183105
-0.00183105
-0.00152588
-0.00152588
-0.00183105
-0.00152588
-0.00152588
-0.00152588
-0.00152588
-0.00152588
-0.00152588
-0.00213623
-0.00213623
-0.00213623
-0.00183105
-0.00152588
-0.00152588
-0.00183105
-0.00183105
-0.00183105
-0.00244141
-0.00274658
-0.00274658
-0.00244141
-0.00274658
-0.00305176
-0.00335693
-0.00274658
-0.00213623
-0.00183105
-0.00152588
-0.00213623
-0.00213623
-0.00213623
-0.00152588
-0.00122070
-0.00152588
-0.00183105
-0.00183105
-0.00152588
-0.00122070
-0.00122070
-0.00122070
-0.00091553
-0.00122070
-0.00152588
-0.00152588
-0.00183105
-0.00152588
-0.00152588
-0.00152588
-0.00183105
-0.00183105
-0.00244141
-0.00305176
-0.00305176
-0.00274658
-0.00274658
-0.00244141
-0.00213623
-0.00183105
-0.00183105
-0.00152588
-0.00213623
-0.00244141
-0.00244141
-0.00213623
-0.00183105
-0.00213623
-0.00183105
-0.00152588
-0.00152588
-0.00213623
-0.00183105
-0.00122070
-0.00122070
-0.00152588
-0.00152588
-0.00122070
-0.00091553
-0.00122070
-0.00152588
-0.00122070
-0.00091553
-0.00122070
-0.00183105
-0.00244141
-0.00274658
-0.00244141
-0.00213623
-0.00183105
-0.00122070
-0.00091553
-0.00122070
-0.00183105
-0.00183105
-0.00152588
-0.00152588
-0.00152588
-0.00122070
-0.00122070
-0.00122070
-0.00091553
-0.00061035
-0.00030518
-0.00091553
-0.00152588
-0.00122070
-0.00091553
-0.00091553
-0.00152588
-0.00122070
-0.00091553
-0.00122070
-0.00122070
-0.00122070
-0.00122070
-0.00152588
-0.00183105
-0.00183105
-0.00152588
-0.00122070
-0.00061035
-0.00030518
 0.00000000
 0.00061035
 0.00091553
 0.00122070
 0.00091553
 0.00122070
 0.00152588
 0.00152588
 0.00122070
 0.00091553
 0.00091553
 0.00122070
 0.00152588
 0.00213623
 0.00244141
 0.00244141
 0.00274658
 0.00335693
 0.00335693
 0.00305176
 0.00305176
 0.00274658
 0.00274658
 0.00244141
 0.00213623
 0.00183105
 0.00183105
 0.00183105
 0.00183105
 0.00213623
 0.00244141
 0.00244141
 0.00244141
 0.00305176
 0.00335693
 0.00335693
 0.00335693
 0.00335693
 0.00366211
 0.00335693
 0.00305176
 0.00335693
 0.00305176
 0.00274658
 0.00244141
 0.00274658
 0.00335693
 0.00366211
 0.00335693
 0.00335693
 0.00335693
 0.00335693
 0.00335693
 0.00305176
 0.00274658
 0.00244141
 0.00213623
 0.00152588
 0.00152588
 0.00122070
 0.00152588
 0.00183105
 0.00152588
 0.00091553
 0.00091553
 0.00122070
 0.00122070
 0.00122070
 0.00091553
 0.00122070
 0.00091553
 0.00091553
 0.00122070
 0.00152588
 0.00122070
 0.00091553
 0.00122070
 0.00183105
 0.00244141
 0.00244141
 0.00213623
 0.00183105
 0.00183105
 0.00152588
 0.00122070
 0.00091553
 0.00122070
 0.00091553
 0.00061035
 0.00030518
-0.00030518
-0.00030518
-0.00030518
-0.00030518
-0.00061035
-0.00061035
-0.00030518
 0.00000000
-0.00030518
-0.00061035
-0.00061035
-0.00030518
 0.00000000
 0.00000000
-0.00030518
-0.00030518
 0.00000000
 0.00030518
 0.00000000
 0.00000000
 0.00061035
 0.00091553
 0.00061035
 0.00061035
 0.00061035
 0.00061035
 0.00000000
 0.00000000
 0.00000000
 0.00030518
 0.00061035
 0.00061035
 0.00091553
 0.00091553
 0.00030518
 0.00030518
 0.00061035
 0.00091553
 0.00061035
 0.00091553
 0.00061035
 0.00061035
 0.00000000
-0.00030518
 0.00030518
 0.00061035
 0.00000000
 0.00000000
 0.00000000
 0.00061035
 0.00091553
 0.00091553
 0.00091553
 0.00091553
 0.00091553
 0.00061035
 0.00030518
 0.00030518
 0.00061035
 0.00091553
 0.00122070
 0.00091553
 0.00030518
 0.00000000
 0.00000000
 0.00000000
 0.00030518
 0.00061035
 0.00091553
 0.00091553
 0.00061035
 0.00030518
 0.00030518
 0.00030518
 0.00030518
-0.00030518
-0.00030518
-0.00030518
-0.00030518
-0.00030518
-0.00091553
-0.00091553
-0.00091553
-0.00091553
-0.00061035
-0.00061035
-0.00061035
-0.00030518
-0.00030518
-0.00061035
-0.00061035
-0.00091553
-0.00152588
-0.00213623
-0.00244141
-0.00244141
-0.00244141
-0.00274658
-0.00274658
-0.00274658
-0.00244141
-0.00213623
-0.00183105
-0.00183105
-0.00183105
-0.00183105
-0.00183105
-0.00183105
-0.00183105
-0.00213623
-0.00244141
-0.00274658
-0.00274658
-0.00274658
-0.00274658
-0.00244141
-0.00152588
-0.00091553
-0.00061035
-0.00061035
-0.00091553
-0.00091553
-0.00091553
-0.00122070
-0.00122070
-0.00122070
-0.00091553
-0.00122070
-0.00152588
-0.00183105
-0.00213623
-0.00183105
-0.00152588
-0.00152588
-0.00152588
-0.00183105
-0.00183105
-0.00183105
-0.00213623
-0.00244141
-0.00244141
-0.00244141
-0.00244141
-0.00213623
-0.00213623
-0.00244141
-0.00244141
-0.00213623
-0.00183105
-0.00183105
-0.00152588
-0.00122070
-0.00061035
-0.00030518
-0.00061035
-0.00091553
-0.00091553
-0.00030518
-0.00030518
-0.00061035
-0.00061035
-0.00091553
-0.00122070
-0.00152588
-0.00152588
-0.00091553
-0.00061035
-0.00091553
-0.00152588
-0.00183105
-0.00213623
-0.00183105
-0.00183105
-0.00213623
-0.00244141
-0.00244141
-0.00213623
-0.00213623
-0.00213623
-0.00244141
-0.00244141
-0.00213623
-0.00213623
-0.00213623
-0.00183105
-0.00152588
-0.00152588
-0.00183105
-0.00183105
-0.00122070
-0.00091553
-0.00091553
-0.00152588
-0.00152588
-0.00152588
-0.00152588
-0.00152588
-0.00122070
-0.00122070
-0.00152588
-0.00183105
-0.00183105
-0.00183105
-0.00213623
-0.00183105
-0.00152588
-0.00152588
-0.00213623
-0.00274658
-0.00274658
-0.00305176
-0.00274658
-0.00274658
-0.00274658
-0.00244141
-0.00213623
-0.00183105
-0.00152588
-0.00152588
-0.00213623
-0.00213623
-0.00122070
-0.00061035
-0.00030518
-0.00030518
-0.00061035
-0.00061035
-0.00061035
-0.00030518
 0.00000000
 0.00000000
 0.00000000
-0.00030518
 0.00000000
 0.00000000
 0.00000000
 0.00030518
 0.00061035
 0.00091553
 0.00061035
 0.00030518
 0.00030518
 0.00030518
 0.00091553
 0.00122070
 0.00091553
 0.00091553
 0.00091553
 0.00091553
 0.00122070
 0.00152588
 0.00183105
 0.00183105
 0.00213623
 0.00244141
 0.00244141
 0.00274658
 0.00274658
 0.00305176
 0.00335693
 0.00366211
 0.00335693
 0.00274658
 0.00305176
 0.00305176
 0.00305176
 0.00305176
 0.00305176
 0.00274658
 0.00274658
 0.00213623
 0.00213623
 0.00213623
 0.00213623
 0.00213623
 0.00213623
 0.00183105
 0.00183105
 0.00183105
 0.00213623
 0.00213623
 0.00244141
 0.00244141
 0.00213623
 0.00213623
 0.00183105
 0.00183105
 0.00183105
 0.00183105
 0.00183105
 0.00213623
 0.00244141
 0.00274658
 0.00274658
 0.00274658
 0.00213623
 0.00152588
 0.00183105
 0.00183105
 0.00183105
 0.00152588
 0.00183105
 0.00152588
 0.00152588
 0.00152588
 0.00152588
 0.00152588
 0.00183105
 0.00122070
 0.00061035
 0.00030518
 0.00061035
 0.00091553
 0.00030518
 0.00000000
 0.00030518
 0.00061035
 0.00030518
 0.00030518
 0.00061035
 0.00061035
 0.00061035
 0.00061035
 0.00061035
 0.00061035
 0.00061035
 0.00061035
 0.00061035
 0.00091553
 0.00122070
 0.00091553
 0.00061035
 0.00030518
 0.00030518
 0.00030518
 0.00000000
 0.00061035
 0.00091553
 0.00122070
 0.00122070
 0.00122070
 0.00122070
 0.00091553
 0.00091553
 0.00091553
 0.00091553
 0.00061035
 0.00061035
 0.00061035
 0.00061035
 0.00061035
 0.00061035
 0.00061035
 0.00061035
 0.00091553
 0.00091553
 0.00061035
 0.00000000
 0.00000000
 0.00000000
 0.00061035
 0.00061035
 0.00030518
 0.00030518
 0.00061035
 0.00091553
 0.00122070
 0.00061035
 0.00061035
 0.00061035
 0.00061035
 0.00061035
 0.00000000
-0.00030518
-0.00061035
-0.00061035
-0.00091553
-0.00061035
-0.00061035
-0.00030518
-0.00030518
-0.00030518
 0.00000000
 0.00030518
 0.00030518
 0.00030518
 0.00000000
-0.00061035
-0.00091553
-0.00091553
-0.00091553
-0.00061035
-0.00061035
-0.00061035
-0.00061035
-0.00030518
-0.00030518
-0.00091553
-0.00122070
-0.00122070
-0.00122070
-0.00091553
-0.00091553
-0.00152588
-0.00244141
-0.00305176
-0.00335693
-0.00305176
-0.00305176
-0.00305176
-0.00305176
-0.00305176
