 0.00000000
-0.00030518
-0.00061035
-0.00061035
-0.00091553
-0.00091553
-0.00091553
-0.00061035
-0.00030518
-0.00030518
 0.00000000
 0.00030518
 0.00030518
 0.00000000
-0.00030518
-0.00061035
-0.00091553
-0.00091553
-0.00030518
 0.00000000
 0.00030518
 0.00000000
 0.00000000
 0.00000000
 0.00000000
-0.00030518
-0.00061035
-0.00061035
-0.00061035
-0.00061035
-0.00061035
-0.00030518
 0.00000000
 0.00000000
 0.00030518
 0.00030518
 0.00030518
 0.00000000
 0.00000000
 0.00000000
-0.00030518
-0.00061035
-0.00030518
-0.00030518
-0.00061035
-0.00091553
-0.00061035
-0.00030518
 0.00000000
-0.00030518
-0.00030518
 0.00000000
 0.00000000
-0.00030518
-0.00030518
-0.00030518
-0.00030518
-0.00030518
-0.00061035
-0.00061035
 0.00000000
 0.00000000
 0.00000000
-0.00030518
-0.00061035
-0.00030518
-0.00030518
-0.00030518
 0.00000000
 0.00000000
 0.00000000
-0.00030518
 0.00000000
 0.00000000
-0.00030518
-0.00061035
-0.00061035
-0.00091553
-0.00061035
-0.00030518
-0.00030518
 0.00000000
 0.00030518
 0.00030518
 0.00030518
 0.00061035
 0.00030518
 0.00000000
 0.00000000
-0.00030518
-0.00030518
-0.00061035
-0.00030518
-0.00030518
 0.00030518
 0.00396729
 0.01586914
 0.04211426
 0.08300781
 0.12664795
 0.14892578
 0.11230469
 0.02441406
-0.05798340
-0.10498047
-0.10131836
-0.03051758
 0.09307861
 0.21453857
 0.34149170
 0.33172607
 0.30639648
 0.17944336
-0.00061035
-0.16082764
-0.21392822
-0.15747070
-0.05310059
 0.05218506
 0.12603760
 0.07629395
-0.11077881
-0.23132324
-0.18768311
-0.10437012
-0.01037598
 0.13336182
 0.21636963
 0.10101318
-0.13488770
-0.33447266
-0.22460938
-0.21179199
-0.22491455
-0.21942139
-0.18859863
-0.15747070
-0.10192871
-0.01464844
 0.02624512
-0.08331299
-0.21575928
-0.15258789
 0.04486084
 0.20751953
 0.23773193
 0.18432617
 0.07293701
-0.11444092
-0.21026611
-0.13000488
-0.01129150
 0.02807617
 0.04394531
 0.09155273
 0.14343262
 0.18157959
 0.22491455
 0.25634766
 0.16174316
-0.04882813
-0.15136719
-0.11932373
-0.04943848
 0.00732422
 0.02136230
-0.01312256
-0.05706787
-0.03173828
 0.06072998
 0.14221191
 0.14434814
 0.01190186
-0.21484375
-0.38726807
-0.33172607
-0.12207031
 0.06164551
 0.11810303
 0.06530762
-0.03601074
-0.15075684
-0.22216797
-0.21057129
-0.12237549
-0.03601074
-0.00427246
 0.02441406
 0.07995605
 0.11016846
 0.04638672
-0.03936768
-0.04943848
-0.04119873
-0.06988525
-0.10650635
-0.11352539
-0.16265869
-0.29266357
-0.36987305
-0.28900146
-0.14099121
 0.00793457
 0.10650635
 0.07690430
-0.11688232
-0.39337158
-0.39276123
-0.16021729
 0.06500244
 0.33813477
 0.45257568
 0.39489746
 0.33813477
 0.27801514
 0.23773193
 0.22430420
 0.15136719
-0.04852295
-0.28839111
-0.45867920
-0.51116943
-0.50933838
-0.49621582
-0.43640137
-0.28625488
-0.09368896
 0.10833740
 0.35095215
 0.55603027
 0.64453125
 0.57189941
 0.46752930
 0.43975830
 0.41748047
 0.25970459
 0.03936768
-0.18585205
-0.43670654
-0.63842773
-0.64849854
-0.42755127
-0.13946533
 0.13122559
 0.39581299
 0.43273926
 0.42480469
 0.42480469
 0.43670654
 0.44006348
 0.37628174
 0.18646240
 0.01953125
-0.08819580
-0.15319824
-0.19287109
-0.20782471
-0.20812988
-0.20202637
-0.16662598
-0.06408691
 0.11657715
 0.38787842
 0.51147461
 0.48706055
 0.36651611
 0.31585693
 0.19561768
 0.09094238
-0.05065918
-0.23010254
-0.39062500
-0.49194336
-0.49224854
-0.38299561
-0.22674561
-0.04241943
 0.09948730
 0.20568848
 0.29785156
 0.36437988
 0.44372559
 0.49804688
 0.51147461
 0.45257568
 0.31402588
 0.17333984
 0.08666992
 0.00518799
-0.10223389
-0.20538330
-0.26367188
-0.28106689
-0.25939941
-0.17913818
-0.03417969
 0.13488770
 0.31219482
 0.37170410
 0.33691406
 0.34881592
 0.28320313
 0.18554688
 0.04943848
-0.10650635
-0.22918701
-0.31402588
-0.33172607
-0.28594971
-0.19866943
-0.10345459
-0.03051758
 0.03173828
 0.09063721
 0.14373779
 0.18585205
 0.21881104
 0.24108887
 0.21362305
 0.09429932
-0.06225586
-0.18798828
-0.29510498
-0.38513184
-0.43212891
-0.41534424
-0.33660889
-0.23529053
-0.09307861
 0.04302979
 0.13305664
 0.16357422
 0.13427734
 0.05645752
-0.01800537
-0.05096436
-0.06561279
-0.10406494
-0.20050049
-0.31250000
-0.37231445
-0.34576416
-0.27343750
-0.18066406
-0.07904053
 0.01129150
 0.06683350
 0.08911133
 0.09338379
 0.09765625
 0.10711670
 0.09643555
 0.04516602
-0.03234863
-0.09887695
-0.12634277
-0.10925293
-0.06530762
-0.02563477
-0.01708984
-0.05584717
-0.12176514
-0.16357422
-0.17333984
-0.16998291
-0.16357422
-0.15655518
-0.13732910
-0.09613037
-0.03967285
 0.01373291
 0.04333496
 0.02105713
-0.03936768
-0.07232666
-0.05584717
-0.02349854
-0.01007080
-0.05767822
-0.17303467
-0.27496338
-0.31036377
-0.26000977
-0.16937256
-0.05767822
 0.04516602
 0.12023926
 0.15716553
 0.16052246
 0.13092041
 0.09124756
 0.04760742
-0.02136230
-0.10345459
-0.15869141
-0.17181396
-0.15350342
-0.11810303
-0.07934570
-0.05157471
-0.04211426
-0.03997803
-0.01037598
 0.04455566
 0.09796143
 0.12695313
 0.10528564
 0.04089355
-0.01464844
-0.03356934
-0.03051758
-0.02593994
-0.04364014
-0.08697510
-0.11535645
-0.09826660
-0.04394531
 0.03295898
 0.11291504
 0.18005371
 0.22369385
 0.24261475
 0.24108887
 0.24169922
 0.24719238
 0.23712158
 0.20416260
 0.16876221
 0.15411377
 0.16052246
 0.17578125
 0.18218994
 0.15777588
 0.09918213
 0.03295898
-0.01159668
-0.02777100
-0.02502441
-0.01678467
-0.01953125
-0.03936768
-0.05645752
-0.04547119
-0.01068115
 0.02746582
 0.04608154
 0.01312256
-0.06713867
-0.13427734
-0.15258789
-0.13092041
-0.08575439
-0.03540039
 0.00396729
 0.02655029
 0.02471924
 0.01037598
 0.01190186
 0.02685547
 0.03753662
 0.03143311
 0.01129150
-0.00579834
-0.01098633
-0.00610352
 0.00274658
 0.00885010
 0.01068115
 0.01708984
 0.03936768
 0.07720947
 0.11901855
 0.15319824
 0.16296387
 0.13793945
 0.09826660
 0.07202148
 0.06164551
 0.05065918
 0.01800537
-0.03967285
-0.09796143
-0.12847900
-0.12359619
-0.08697510
-0.03204346
 0.02105713
 0.05310059
 0.05157471
 0.01739502
-0.01159668
-0.01586914
-0.01220703
-0.01800537
-0.04577637
-0.08636475
-0.11596680
-0.12359619
-0.11260986
-0.09155273
-0.06835938
-0.04943848
-0.03540039
-0.02014160
 0.00244141
 0.02593994
 0.03631592
 0.01739502
-0.02624512
-0.07019043
-0.10223389
-0.12451172
-0.14343262
-0.16510010
-0.19226074
-0.21697998
-0.22338867
-0.20050049
-0.15289307
-0.09063721
-0.02471924
 0.03082275
 0.07171631
 0.09613037
 0.11199951
 0.13275146
 0.15106201
 0.14617920
 0.10742188
 0.05615234
 0.01678467
-0.00488281
-0.01342773
-0.01525879
-0.01892090
-0.02593994
-0.02807617
-0.01708984
 0.00793457
 0.04058838
 0.07049561
 0.08483887
 0.07354736
 0.04486084
 0.01831055
-0.00152588
-0.02044678
-0.04516602
-0.07293701
-0.09307861
-0.09429932
-0.07415771
-0.03540039
 0.01312256
 0.06164551
 0.09979248
 0.11383057
 0.10345459
 0.09033203
 0.08697510
 0.08270264
 0.06530762
 0.03601074
 0.00976563
-0.00091553
 0.00579834
 0.02502441
 0.04760742
 0.06317139
 0.06378174
 0.05462646
 0.04882813
 0.05340576
 0.06286621
 0.07171631
 0.07446289
 0.07019043
 0.06011963
 0.04577637
 0.02746582
 0.00274658
-0.02838135
-0.06011963
-0.08239746
-0.08605957
-0.06805420
-0.03051758
 0.02075195
 0.07720947
 0.12908936
 0.16723633
 0.17852783
 0.16387939
 0.14678955
 0.13519287
 0.11962891
 0.09643555
 0.07385254
 0.06378174
 0.06896973
 0.08422852
 0.10162354
 0.11260986
 0.11138916
 0.10223389
 0.09460449
 0.09429932
 0.09796143
 0.09979248
 0.09307861
 0.07690430
 0.05249023
 0.02380371
-0.00366211
-0.02655029
-0.04425049
-0.05462646
-0.05493164
-0.04272461
-0.01892090
 0.01312256
 0.04913330
 0.08148193
 0.09979248
 0.09490967
 0.07263184
 0.04913330
 0.03143311
 0.01831055
 0.00732422
-0.00457764
-0.01922607
-0.03540039
-0.04882813
-0.05584717
-0.05920410
-0.06347656
-0.07049561
-0.07659912
-0.07537842
-0.06378174
-0.04394531
-0.02258301
-0.00793457
-0.00610352
-0.01617432
-0.03021240
-0.04394531
-0.05798340
-0.07476807
-0.09490967
-0.11383057
-0.12664795
-0.12878418
-0.11932373
-0.10070801
-0.07843018
-0.05981445
-0.05126953
-0.05371094
-0.05828857
-0.05706787
-0.04913330
-0.03845215
-0.03051758
-0.02899170
-0.03265381
-0.03662109
-0.03936768
-0.04150391
-0.04608154
-0.05401611
-0.06378174
-0.07019043
-0.06774902
-0.05584717
-0.03845215
-0.02166748
-0.01159668
-0.01068115
-0.01556396
-0.02227783
-0.02899170
-0.03570557
-0.04272461
-0.05004883
-0.05615234
-0.05889893
-0.05676270
-0.05157471
-0.04791260
-0.05096436
-0.06195068
-0.07781982
-0.09307861
-0.10192871
-0.10192871
-0.09460449
-0.08544922
-0.07904053
-0.07720947
-0.07690430
-0.07537842
-0.07293701
-0.07141113
-0.07263184
-0.07629395
-0.07843018
-0.07385254
-0.06256104
-0.04730225
-0.03356934
-0.02655029
-0.02777100
-0.03387451
-0.03936768
-0.04028320
-0.03814697
-0.03295898
-0.02624512
-0.01739502
-0.00640869
 0.00610352
 0.01831055
 0.02624512
 0.02838135
 0.02593994
 0.02258301
 0.02288818
 0.03082275
 0.04638672
 0.06683350
 0.08880615
 0.10620117
 0.11657715
 0.11932373
 0.11596680
 0.10833740
 0.09613037
 0.07934570
 0.05859375
 0.03845215
 0.02502441
 0.02197266
 0.02777100
 0.03875732
 0.04974365
 0.05584717
 0.05523682
 0.05004883
 0.04333496
 0.03631592
 0.02838135
 0.01892090
 0.00823975
-0.00305176
-0.01403809
-0.02593994
-0.03967285
-0.05462646
-0.06744385
-0.07476807
-0.07232666
-0.05828857
-0.03265381
 0.00030518
 0.03479004
 0.06225586
 0.07476807
 0.06805420
 0.05035400
 0.02960205
 0.00854492
-0.01220703
-0.03173828
-0.04455566
-0.04699707
-0.03784180
-0.01831055
 0.00762939
 0.03356934
 0.05462646
 0.06683350
 0.07141113
 0.07324219
 0.07415771
 0.07171631
 0.06195068
 0.04302979
 0.01739502
-0.01037598
-0.03631592
-0.05706787
-0.07049561
-0.07446289
-0.06774902
-0.04913330
-0.01953125
 0.01800537
 0.05889893
 0.09613037
 0.11932373
 0.11810303
 0.09429932
 0.05981445
 0.02227783
-0.01556396
-0.05096436
-0.07934570
-0.09582520
-0.09826660
-0.08697510
-0.06317139
-0.03143311
 0.00335693
 0.03479004
 0.05584717
 0.06500244
 0.06683350
 0.06561279
 0.06011963
 0.04516602
 0.01983643
-0.01190186
-0.04486084
-0.07324219
-0.09368896
-0.10314941
-0.10162354
-0.08911133
-0.06713867
-0.03662109
-0.00122070
 0.03479004
 0.06622314
 0.08605957
 0.08758545
 0.07080078
 0.04394531
 0.01251221
-0.02075195
-0.05126953
-0.07507324
-0.08880615
-0.09063721
-0.08026123
-0.05889893
-0.03082275
-0.00244141
 0.01922607
 0.02960205
 0.02838135
 0.02136230
 0.01251221
 0.00183105
-0.01251221
-0.03021240
-0.04974365
-0.06744385
-0.07873535
-0.08209229
-0.07720947
-0.06469727
-0.04577637
-0.02136230
 0.00885010
 0.04272461
 0.07781982
 0.10772705
 0.12420654
 0.12023926
 0.09918213
 0.07110596
 0.04333496
 0.01831055
 0.00030518
-0.00976563
-0.01129150
-0.00427246
 0.00976563
 0.02960205
 0.05218506
 0.07415771
 0.09094238
 0.09918213
 0.09887695
 0.09185791
 0.07965088
 0.06317139
 0.04333496
 0.02075195
-0.00213623
-0.02288818
-0.03753662
-0.04425049
-0.04364014
-0.03631592
-0.02288818
-0.00518799
 0.01373291
 0.03173828
 0.04638672
 0.05462646
 0.05371094
 0.04272461
 0.02380371
 0.00152588
-0.01983643
-0.03662109
-0.04577637
-0.04638672
-0.03814697
-0.02319336
-0.00244141
 0.02288818
 0.04943848
 0.07354736
 0.09033203
 0.09613037
 0.09155273
 0.08117676
 0.06835938
 0.05462646
 0.03997803
 0.02471924
 0.00976563
-0.00244141
-0.01007080
-0.01220703
-0.00823975
 0.00061035
 0.01251221
 0.02593994
 0.03967285
 0.05157471
 0.05920410
 0.05981445
 0.05187988
 0.03601074
 0.01495361
-0.00610352
-0.02319336
-0.03265381
-0.03265381
-0.02410889
-0.00946045
 0.00793457
 0.02502441
 0.03967285
 0.04974365
 0.05462646
 0.05493164
 0.05065918
 0.04180908
 0.02960205
 0.01739502
 0.00610352
-0.00366211
-0.01129150
-0.01647949
-0.01922607
-0.01892090
-0.01495361
-0.00671387
 0.00427246
 0.01525879
 0.02319336
 0.02624512
 0.02410889
 0.01770020
 0.00793457
-0.00457764
-0.02075195
-0.04058838
-0.06164551
-0.07873535
-0.08911133
-0.09155273
-0.08636475
-0.07446289
-0.05859375
-0.04211426
-0.02746582
-0.01525879
-0.00762939
-0.00488281
-0.00579834
-0.01007080
-0.01739502
-0.02593994
-0.03448486
-0.04028320
-0.04302979
-0.04333496
-0.04119873
-0.03662109
-0.02868652
-0.01708984
-0.00335693
 0.01190186
 0.02593994
 0.03601074
 0.04028320
 0.03875732
 0.03234863
 0.01953125
 0.00091553
-0.02075195
-0.04150391
-0.05798340
-0.06652832
-0.06713867
-0.06042480
-0.04974365
-0.03753662
-0.02593994
-0.01525879
-0.00640869
 0.00061035
 0.00396729
 0.00152588
-0.00854492
-0.02380371
-0.04119873
-0.05706787
-0.06927490
-0.07690430
-0.07934570
-0.07720947
-0.07141113
-0.06195068
-0.05035400
-0.03601074
-0.02105713
-0.00732422
 0.00274658
 0.00671387
 0.00427246
-0.00335693
-0.01464844
-0.02960205
-0.04577637
-0.06164551
-0.07324219
-0.07904053
-0.07751465
-0.06958008
-0.05767822
-0.04486084
-0.03295898
-0.02319336
-0.01647949
-0.01251221
-0.01281738
-0.01678467
-0.02349854
-0.03082275
-0.03692627
-0.04058838
-0.04211426
-0.04058838
-0.03631592
-0.02990723
-0.02197266
-0.01220703
-0.00152588
 0.00915527
 0.01892090
 0.02563477
 0.02777100
 0.02410889
 0.01586914
 0.00427246
-0.00915527
-0.02258301
-0.03479004
-0.04455566
-0.05004883
-0.05004883
-0.04516602
-0.03509521
-0.02197266
-0.00946045
 0.00061035
 0.00732422
 0.01068115
 0.01037598
 0.00854492
 0.00549316
 0.00152588
-0.00396729
-0.01007080
-0.01556396
-0.01800537
-0.01708984
-0.01220703
-0.00457764
 0.00518799
 0.01556396
 0.02532959
 0.03326416
 0.03967285
 0.04364014
 0.04333496
 0.03967285
 0.03326416
 0.02502441
 0.01647949
 0.00823975
 0.00122070
-0.00335693
-0.00457764
-0.00213623
 0.00549316
 0.01647949
 0.02777100
 0.03845215
 0.04608154
 0.04974365
 0.04913330
 0.04577637
 0.03967285
 0.03143311
 0.02258301
 0.01373291
 0.00671387
 0.00152588
-0.00091553
 0.00000000
 0.00427246
 0.01159668
 0.02136230
 0.03204346
 0.04211426
 0.05004883
 0.05493164
 0.05737305
 0.05676270
 0.05249023
 0.04577637
 0.03662109
 0.02655029
 0.01739502
 0.00976563
 0.00366211
 0.00030518
 0.00030518
 0.00335693
 0.00823975
 0.01403809
 0.01892090
 0.02227783
 0.02258301
 0.02014160
 0.01495361
 0.00854492
 0.00213623
-0.00427246
-0.01007080
-0.01495361
-0.01647949
-0.01495361
-0.01037598
-0.00244141
 0.00793457
 0.01861572
 0.02777100
 0.03448486
 0.03814697
 0.03967285
 0.03967285
 0.03753662
 0.03417969
 0.02929688
 0.02288818
 0.01556396
 0.00823975
 0.00213623
-0.00213623
-0.00396729
-0.00335693
 0.00000000
 0.00549316
 0.01159668
 0.01678467
 0.01892090
 0.01770020
 0.01251221
 0.00549316
-0.00274658
-0.01037598
-0.01739502
-0.02258301
-0.02471924
-0.02441406
-0.02258301
-0.01861572
-0.01251221
-0.00549316
 0.00274658
 0.01098633
 0.01892090
 0.02532959
 0.02899170
 0.03021240
 0.02929688
 0.02655029
 0.02288818
 0.01800537
 0.01251221
 0.00762939
 0.00366211
 0.00213623
 0.00305176
 0.00640869
 0.01098633
 0.01586914
 0.02044678
 0.02410889
 0.02655029
 0.02777100
 0.02716064
 0.02410889
 0.01922607
 0.01312256
 0.00701904
 0.00183105
-0.00274658
-0.00701904
-0.00946045
-0.00976563
-0.00793457
-0.00427246
 0.00030518
 0.00335693
 0.00488281
 0.00457764
 0.00244141
-0.00091553
-0.00427246
-0.00793457
-0.01190186
-0.01617432
-0.02166748
-0.02685547
-0.03082275
-0.03234863
-0.03082275
-0.02655029
-0.02105713
-0.01403809
-0.00671387
 0.00091553
 0.00762939
 0.01281738
 0.01617432
 0.01647949
 0.01495361
 0.01190186
 0.00762939
 0.00335693
 0.00000000
-0.00274658
-0.00488281
-0.00640869
-0.00732422
-0.00671387
-0.00457764
-0.00122070
 0.00244141
 0.00549316
 0.00732422
 0.00762939
 0.00732422
 0.00671387
 0.00549316
 0.00335693
 0.00030518
-0.00244141
-0.00427246
-0.00396729
-0.00122070
 0.00274658
 0.00671387
 0.01068115
 0.01373291
 0.01586914
 0.01800537
 0.01892090
 0.01800537
 0.01525879
 0.01129150
 0.00701904
 0.00366211
 0.00091553
-0.00183105
-0.00396729
-0.00518799
-0.00457764
-0.00061035
 0.00640869
 0.01525879
 0.02288818
 0.02777100
 0.02929688
 0.02838135
 0.02563477
 0.02227783
 0.01892090
 0.01586914
 0.01281738
 0.01007080
 0.00732422
 0.00549316
 0.00518799
 0.00671387
 0.00946045
 0.01251221
 0.01434326
 0.01556396
 0.01647949
 0.01708984
 0.01739502
 0.01617432
 0.01190186
 0.00518799
-0.00366211
-0.01251221
-0.02075195
-0.02746582
-0.03173828
-0.03417969
-0.03479004
-0.03417969
-0.03234863
-0.03051758
-0.02929688
-0.02868652
-0.02899170
-0.02990723
-0.03112793
-0.03234863
-0.03356934
-0.03448486
-0.03540039
-0.03662109
-0.03662109
-0.03601074
-0.03509521
-0.03448486
-0.03387451
-0.03356934
-0.03326416
-0.03173828
-0.02990723
-0.02777100
-0.02593994
-0.02624512
-0.02807617
-0.03143311
-0.03570557
-0.04058838
-0.04486084
-0.04821777
-0.04974365
-0.05004883
-0.04943848
-0.04791260
-0.04547119
-0.04211426
-0.03784180
-0.03387451
-0.03173828
-0.03082275
-0.03143311
-0.03295898
-0.03417969
-0.03509521
-0.03601074
-0.03723145
-0.03906250
-0.04150391
-0.04394531
-0.04486084
-0.04425049
-0.04211426
-0.03967285
-0.03753662
-0.03509521
-0.03265381
-0.02990723
-0.02716064
-0.02471924
-0.02227783
-0.02044678
-0.01892090
-0.01770020
-0.01708984
-0.01708984
-0.01770020
-0.01708984
-0.01525879
-0.01129150
-0.00579834
 0.00000000
 0.00427246
 0.00640869
 0.00579834
 0.00396729
 0.00213623
 0.00183105
 0.00366211
 0.00671387
 0.00976563
 0.01190186
 0.01190186
 0.01037598
 0.00885010
 0.00823975
 0.00885010
 0.01159668
 0.01525879
 0.01953125
 0.02380371
 0.02716064
 0.02868652
 0.02777100
 0.02441406
 0.01953125
 0.01434326
 0.01007080
 0.00671387
 0.00457764
 0.00335693
 0.00213623
 0.00274658
 0.00427246
 0.00701904
 0.01129150
 0.01525879
 0.01800537
 0.01922607
 0.01953125
 0.01892090
 0.01800537
 0.01617432
 0.01434326
 0.01220703
 0.00976563
 0.00671387
 0.00366211
 0.00091553
 0.00000000
 0.00030518
 0.00244141
 0.00579834
 0.00976563
 0.01434326
 0.01861572
 0.02166748
 0.02349854
 0.02349854
 0.02105713
 0.01800537
 0.01525879
 0.01464844
 0.01556396
 0.01861572
 0.02227783
 0.02624512
 0.03021240
 0.03417969
 0.03875732
 0.04333496
 0.04730225
 0.04974365
 0.05065918
 0.05004883
 0.04791260
 0.04486084
 0.04089355
 0.03662109
 0.03204346
 0.02777100
 0.02441406
 0.02227783
 0.02044678
 0.01892090
 0.01739502
 0.01647949
 0.01708984
 0.01892090
 0.02105713
 0.02288818
 0.02319336
 0.02105713
 0.01708984
 0.01251221
 0.00823975
 0.00488281
 0.00366211
 0.00427246
 0.00671387
 0.01037598
 0.01373291
 0.01647949
 0.01831055
 0.01983643
 0.02105713
 0.02227783
 0.02258301
 0.02288818
 0.02258301
 0.02227783
 0.02044678
 0.01678467
 0.01159668
 0.00549316
 0.00000000
-0.00427246
-0.00732422
-0.00793457
-0.00701904
-0.00457764
-0.00244141
-0.00152588
-0.00122070
-0.00213623
-0.00427246
-0.00732422
-0.01037598
-0.01312256
-0.01525879
-0.01617432
-0.01708984
-0.01739502
-0.01647949
-0.01464844
-0.01220703
-0.00915527
-0.00610352
-0.00366211
-0.00396729
-0.00549316
-0.00854492
-0.01159668
-0.01495361
-0.01800537
-0.02044678
-0.02227783
-0.02349854
-0.02593994
-0.02868652
-0.03112793
-0.03173828
-0.02960205
-0.02471924
-0.01861572
-0.01312256
-0.00885010
-0.00671387
-0.00640869
-0.00671387
-0.00823975
-0.01037598
-0.01281738
-0.01434326
-0.01525879
-0.01525879
-0.01495361
-0.01342773
-0.01159668
-0.00885010
-0.00549316
-0.00091553
 0.00335693
 0.00671387
 0.00885010
 0.00946045
 0.00854492
 0.00762939
 0.00640869
 0.00579834
 0.00610352
 0.00640869
 0.00701904
 0.00762939
 0.00854492
 0.01007080
 0.01251221
 0.01617432
 0.02044678
 0.02563477
 0.03082275
 0.03479004
 0.03601074
 0.03540039
 0.03387451
 0.03143311
 0.02899170
 0.02746582
 0.02624512
 0.02716064
 0.02929688
 0.03204346
 0.03479004
 0.03753662
 0.03906250
 0.04028320
 0.04089355
 0.04150391
 0.04119873
 0.04058838
 0.03875732
 0.03509521
 0.03082275
 0.02716064
 0.02380371
 0.02105713
 0.01892090
 0.01678467
 0.01525879
 0.01464844
 0.01495361
 0.01647949
 0.01861572
 0.02075195
 0.02136230
 0.02014160
 0.01708984
 0.01281738
 0.00701904
 0.00061035
-0.00549316
-0.01068115
-0.01342773
-0.01434326
-0.01434326
-0.01434326
-0.01342773
-0.01251221
-0.01129150
-0.01007080
-0.00854492
-0.00854492
-0.01068115
-0.01464844
-0.01983643
-0.02563477
-0.03082275
-0.03479004
-0.03814697
-0.04089355
-0.04302979
-0.04455566
-0.04425049
-0.04241943
-0.03814697
-0.03234863
-0.02685547
-0.02227783
-0.01953125
-0.01983643
-0.02227783
-0.02593994
-0.03082275
-0.03570557
-0.03967285
-0.04180908
-0.04241943
-0.04272461
-0.04241943
-0.04089355
-0.03906250
-0.03692627
-0.03479004
-0.03295898
-0.03234863
-0.03326416
-0.03540039
-0.03875732
-0.04211426
-0.04608154
-0.05004883
-0.05432129
-0.05767822
-0.05920410
-0.05859375
-0.05615234
-0.05187988
-0.04608154
-0.04028320
-0.03540039
-0.03234863
-0.03051758
-0.02960205
-0.02960205
-0.03082275
-0.03387451
-0.03723145
-0.04058838
-0.04241943
-0.04272461
-0.04150391
-0.03875732
-0.03448486
-0.02960205
-0.02380371
-0.01861572
-0.01464844
-0.01281738
-0.01251221
-0.01403809
-0.01647949
-0.01953125
-0.02258301
-0.02502441
-0.02655029
-0.02685547
-0.02502441
-0.02197266
-0.01739502
-0.01190186
-0.00640869
-0.00152588
 0.00335693
 0.00823975
 0.01190186
 0.01434326
 0.01434326
 0.01312256
 0.01007080
 0.00671387
 0.00335693
 0.00122070
 0.00122070
 0.00274658
 0.00579834
 0.00976563
 0.01373291
 0.01770020
 0.02166748
 0.02563477
 0.02868652
 0.03051758
 0.03021240
 0.02777100
 0.02502441
 0.02136230
 0.01770020
 0.01464844
 0.01312256
 0.01342773
 0.01525879
 0.01831055
 0.02136230
 0.02410889
 0.02624512
 0.02807617
 0.02990723
 0.03234863
 0.03417969
 0.03570557
 0.03601074
 0.03417969
 0.03021240
 0.02502441
 0.01983643
 0.01617432
 0.01464844
 0.01586914
 0.01922607
 0.02441406
 0.02960205
 0.03326416
 0.03662109
 0.03936768
 0.04150391
 0.04211426
 0.04180908
 0.04028320
 0.03814697
 0.03479004
 0.03082275
 0.02655029
 0.02258301
 0.01983643
 0.02014160
 0.02288818
 0.02746582
 0.03204346
 0.03662109
 0.04028320
 0.04180908
 0.04241943
 0.04180908
 0.04058838
 0.03875732
 0.03631592
 0.03326416
 0.02990723
 0.02655029
 0.02319336
 0.02136230
 0.02105713
 0.02197266
 0.02410889
 0.02655029
 0.02929688
 0.03082275
 0.03051758
 0.02838135
 0.02441406
 0.01831055
 0.01190186
 0.00488281
-0.00213623
-0.00762939
-0.01220703
-0.01525879
-0.01708984
-0.01708984
-0.01586914
-0.01464844
-0.01281738
-0.01129150
-0.01098633
-0.01129150
-0.01220703
-0.01312256
-0.01525879
-0.01831055
-0.02197266
-0.02532959
-0.02838135
-0.02990723
-0.03021240
-0.02929688
-0.02685547
-0.02349854
-0.02014160
-0.01708984
-0.01434326
-0.01190186
-0.01007080
-0.00946045
-0.01129150
-0.01434326
-0.01953125
-0.02532959
-0.03082275
-0.03448486
-0.03570557
-0.03448486
-0.03234863
-0.02899170
-0.02471924
-0.02075195
-0.01800537
-0.01525879
-0.01281738
-0.01068115
-0.00946045
-0.00915527
-0.00976563
-0.01159668
-0.01434326
-0.01678467
-0.01892090
-0.01922607
-0.01770020
-0.01434326
-0.00976563
-0.00549316
-0.00152588
 0.00213623
 0.00518799
 0.00732422
 0.00885010
 0.00885010
 0.00671387
 0.00305176
-0.00122070
-0.00518799
-0.00823975
-0.01007080
-0.00976563
-0.00762939
-0.00335693
 0.00152588
 0.00640869
 0.01129150
 0.01556396
 0.01892090
 0.02044678
 0.02075195
 0.01983643
 0.01892090
 0.01770020
 0.01586914
 0.01403809
 0.01190186
 0.01129150
 0.01190186
 0.01312256
 0.01617432
 0.02044678
 0.02563477
 0.03112793
 0.03540039
 0.03814697
 0.03906250
 0.03784180
 0.03540039
 0.03082275
 0.02532959
 0.02044678
 0.01678467
 0.01495361
 0.01434326
 0.01464844
 0.01678467
 0.01983643
 0.02319336
 0.02655029
 0.02899170
 0.03051758
 0.03082275
 0.02929688
 0.02593994
 0.02227783
 0.01892090
 0.01617432
 0.01403809
 0.01159668
 0.00946045
 0.00885010
 0.01037598
 0.01342773
 0.01708984
 0.02105713
 0.02471924
 0.02777100
 0.02990723
 0.03051758
 0.02990723
 0.02746582
 0.02288818
 0.01708984
 0.01129150
 0.00610352
 0.00122070
-0.00274658
-0.00488281
-0.00579834
-0.00457764
-0.00183105
 0.00152588
 0.00396729
 0.00518799
 0.00457764
 0.00244141
-0.00030518
-0.00335693
-0.00549316
-0.00762939
-0.00976563
-0.01190186
-0.01403809
-0.01525879
-0.01586914
-0.01556396
-0.01495361
-0.01342773
-0.01129150
-0.00823975
-0.00610352
-0.00549316
-0.00610352
-0.00823975
-0.01220703
-0.01708984
-0.02197266
-0.02685547
-0.03051758
-0.03326416
-0.03448486
-0.03509521
-0.03509521
-0.03387451
-0.03204346
-0.03051758
-0.02960205
-0.02868652
-0.02868652
-0.02960205
-0.03173828
-0.03417969
-0.03662109
-0.03845215
-0.03967285
-0.04089355
-0.04150391
-0.04119873
-0.03936768
-0.03723145
-0.03448486
-0.03173828
-0.02838135
-0.02532959
-0.02258301
-0.02136230
-0.02197266
-0.02319336
-0.02502441
-0.02716064
-0.02990723
-0.03234863
-0.03479004
-0.03601074
-0.03631592
-0.03631592
-0.03540039
-0.03356934
-0.03173828
-0.02960205
-0.02868652
-0.02838135
-0.02899170
-0.03021240
-0.03112793
-0.03204346
-0.03234863
-0.03234863
-0.03265381
-0.03295898
-0.03295898
-0.03295898
-0.03204346
-0.02990723
-0.02685547
-0.02319336
-0.01892090
-0.01464844
-0.01129150
-0.00885010
-0.00823975
-0.00885010
-0.01037598
-0.01129150
-0.01220703
-0.01281738
-0.01312256
-0.01251221
-0.01129150
-0.00915527
-0.00671387
-0.00366211
-0.00030518
 0.00244141
 0.00518799
 0.00640869
 0.00671387
 0.00671387
 0.00732422
 0.00762939
 0.00793457
 0.00793457
 0.00823975
 0.00854492
 0.00976563
 0.01190186
 0.01434326
 0.01800537
 0.02197266
 0.02624512
 0.03021240
 0.03295898
 0.03479004
 0.03570557
 0.03509521
 0.03387451
 0.03051758
 0.02685547
 0.02380371
 0.02197266
 0.02105713
 0.02136230
 0.02227783
 0.02380371
 0.02593994
 0.02777100
 0.02990723
 0.03173828
 0.03265381
 0.03295898
 0.03143311
 0.02960205
 0.02746582
 0.02471924
 0.02258301
 0.02136230
 0.02166748
 0.02319336
 0.02532959
 0.02777100
 0.03051758
 0.03295898
 0.03540039
 0.03753662
 0.03997803
 0.04180908
 0.04241943
 0.04211426
 0.03997803
 0.03601074
 0.03143311
 0.02624512
 0.02136230
 0.01739502
 0.01495361
 0.01434326
 0.01464844
 0.01586914
 0.01739502
 0.01922607
 0.02044678
 0.02075195
 0.01983643
 0.01739502
 0.01434326
 0.01037598
 0.00701904
 0.00488281
 0.00335693
 0.00274658
 0.00305176
 0.00366211
 0.00457764
 0.00579834
 0.00701904
 0.00823975
 0.00976563
 0.01190186
 0.01373291
 0.01434326
 0.01312256
 0.01068115
 0.00732422
 0.00305176
-0.00122070
-0.00488281
-0.00732422
-0.00793457
-0.00701904
-0.00549316
-0.00305176
-0.00030518
 0.00213623
 0.00366211
 0.00366211
 0.00305176
 0.00183105
-0.00030518
-0.00335693
-0.00640869
-0.00946045
-0.01220703
-0.01434326
-0.01525879
-0.01525879
-0.01403809
-0.01220703
-0.00976563
-0.00671387
-0.00396729
-0.00244141
-0.00244141
-0.00335693
-0.00427246
-0.00579834
-0.00793457
-0.01037598
-0.01403809
-0.01831055
-0.02136230
-0.02288818
-0.02288818
-0.02288818
-0.02166748
-0.01983643
-0.01831055
-0.01678467
-0.01556396
-0.01464844
-0.01434326
-0.01403809
-0.01434326
-0.01464844
-0.01495361
-0.01525879
-0.01495361
-0.01403809
-0.01220703
-0.01007080
-0.00701904
-0.00396729
-0.00061035
 0.00274658
 0.00518799
 0.00701904
 0.00885010
 0.01037598
 0.01098633
 0.01098633
 0.01068115
 0.00976563
 0.00793457
 0.00610352
 0.00518799
 0.00579834
 0.00732422
 0.00976563
 0.01312256
 0.01617432
 0.01892090
 0.02105713
 0.02197266
 0.02227783
 0.02105713
 0.01922607
 0.01708984
 0.01464844
 0.01342773
 0.01251221
 0.01220703
 0.01159668
 0.01098633
 0.01068115
 0.01098633
 0.01159668
 0.01281738
 0.01434326
 0.01556396
 0.01647949
 0.01708984
 0.01678467
 0.01495361
 0.01220703
 0.00946045
 0.00701904
 0.00549316
 0.00396729
 0.00305176
 0.00335693
 0.00366211
 0.00488281
 0.00640869
 0.00793457
 0.00946045
 0.01068115
 0.01129150
 0.01159668
 0.01068115
 0.00854492
 0.00640869
 0.00488281
 0.00366211
 0.00305176
 0.00274658
 0.00274658
 0.00274658
 0.00305176
 0.00366211
 0.00457764
 0.00579834
 0.00671387
 0.00701904
 0.00671387
 0.00579834
 0.00366211
 0.00183105
-0.00030518
-0.00335693
-0.00640869
-0.00854492
-0.01007080
-0.01098633
-0.01068115
-0.01007080
-0.00946045
-0.00885010
-0.00823975
-0.00823975
-0.00823975
-0.00854492
-0.00976563
-0.01098633
-0.01251221
-0.01403809
-0.01556396
-0.01678467
-0.01770020
-0.01800537
-0.01800537
-0.01678467
-0.01586914
-0.01495361
-0.01373291
-0.01281738
-0.01190186
-0.01098633
-0.01037598
-0.00976563
-0.01007080
-0.01129150
-0.01281738
-0.01495361
-0.01770020
-0.01953125
-0.02105713
-0.02166748
-0.02044678
-0.01800537
-0.01525879
-0.01281738
-0.01098633
-0.00976563
-0.00915527
-0.01007080
-0.01129150
-0.01251221
-0.01434326
-0.01678467
-0.01892090
-0.02075195
-0.02166748
-0.02227783
-0.02197266
-0.02136230
-0.02014160
-0.01800537
-0.01495361
-0.01251221
-0.01098633
-0.01007080
-0.00946045
-0.00946045
-0.00976563
-0.01098633
-0.01312256
-0.01525879
-0.01617432
-0.01678467
-0.01678467
-0.01617432
-0.01434326
-0.01251221
-0.01007080
-0.00793457
-0.00579834
-0.00427246
-0.00335693
-0.00305176
-0.00396729
-0.00549316
-0.00762939
-0.00946045
-0.01129150
-0.01220703
-0.01220703
-0.01129150
-0.00946045
-0.00701904
-0.00396729
-0.00091553
 0.00152588
 0.00335693
 0.00457764
 0.00518799
 0.00518799
 0.00488281
 0.00427246
 0.00305176
 0.00061035
-0.00183105
-0.00335693
-0.00396729
-0.00152588
 0.00549316
 0.01678467
 0.02502441
 0.02044678
 0.00457764
-0.00701904
-0.00610352
-0.00305176
-0.00457764
-0.00244141
 0.01068115
 0.02838135
 0.04791260
 0.07202148
 0.07843018
 0.02349854
-0.06500244
-0.08972168
-0.04821777
 0.00671387
 0.04211426
 0.06439209
 0.07415771
 0.02777100
-0.06561279
-0.10345459
-0.06469727
-0.00549316
 0.04302979
 0.07049561
 0.04516602
-0.03967285
-0.07049561
-0.02288818
 0.01159668
-0.00366211
-0.03234863
-0.02075195
 0.01647949
 0.03906250
 0.03265381
-0.00427246
-0.04272461
-0.05493164
-0.03540039
 0.00793457
 0.05340576
 0.07324219
 0.05218506
 0.01861572
-0.01068115
-0.04760742
-0.05096436
 0.00122070
 0.05432129
 0.06317139
 0.03387451
 0.00823975
 0.02136230
 0.04943848
 0.05493164
 0.00732422
-0.05523682
-0.06774902
-0.05371094
-0.05920410
-0.07537842
-0.04394531
 0.04821777
 0.16845703
 0.33508301
 0.42633057
 0.38818359
 0.22125244
-0.09735107
-0.43304443
-0.53894043
-0.45501709
-0.21972656
 0.05920410
 0.34515381
 0.39672852
 0.19653320
 0.01861572
-0.16326904
-0.24932861
-0.21789551
-0.09399414
 0.05615234
 0.17883301
 0.26184082
 0.29296875
 0.25726318
 0.14312744
 0.00457764
-0.12542725
-0.25238037
-0.35888672
-0.38757324
-0.33203125
-0.22399902
-0.04974365
 0.15136719
 0.37322998
 0.40008545
 0.32989502
 0.21575928
 0.04333496
-0.09277344
-0.14038086
-0.13092041
-0.09765625
-0.06439209
-0.04119873
-0.02105713
 0.01556396
 0.09582520
 0.23040771
 0.38391113
 0.39337158
 0.30578613
 0.10467529
-0.13824463
-0.33630371
-0.41229248
-0.39306641
-0.31036377
-0.19439697
-0.07080078
 0.01373291
 0.05035400
 0.05950928
 0.06042480
 0.08453369
 0.14007568
 0.21026611
 0.27282715
 0.29541016
 0.21575928
 0.04333496
-0.12969971
-0.23223877
-0.25970459
-0.22613525
-0.15502930
-0.08026123
-0.01159668
 0.06072998
 0.14801025
 0.23345947
 0.27862549
 0.24627686
 0.13763428
 0.03234863
-0.01983643
-0.03143311
-0.01678467
 0.00213623
-0.01037598
-0.07904053
-0.14709473
-0.15319824
-0.10925293
-0.03173828
 0.06134033
 0.14495850
 0.19561768
 0.20446777
 0.16082764
 0.08605957
 0.01251221
-0.05584717
-0.11810303
-0.15380859
-0.16052246
-0.14648438
-0.11718750
-0.07385254
-0.01983643
 0.03753662
 0.09460449
 0.15197754
 0.20812988
 0.25268555
 0.25573730
 0.18737793
 0.07781982
-0.02227783
-0.09002686
-0.12145996
-0.11840820
-0.09307861
-0.05737305
-0.01831055
 0.01617432
 0.03509521
 0.03723145
 0.03723145
 0.03479004
 0.02044678
 0.00366211
 0.00152588
 0.01342773
 0.02563477
 0.02105713
-0.01007080
-0.05920410
-0.10375977
-0.12451172
-0.11199951
-0.06988525
-0.00976563
 0.05035400
 0.09063721
 0.09368896
 0.04302979
-0.02044678
-0.05096436
-0.05249023
-0.04058838
-0.02349854
-0.00732422
 0.00335693
 0.00000000
-0.03173828
-0.08544922
-0.12298584
-0.12054443
-0.08575439
-0.03204346
 0.02258301
 0.05889893
 0.06164551
 0.01617432
-0.04394531
-0.07781982
-0.08239746
-0.06774902
-0.04669189
-0.03967285
-0.06347656
-0.10314941
-0.11932373
-0.10314941
-0.06561279
-0.01770020
 0.02990723
 0.06561279
 0.07049561
 0.03601074
-0.00701904
-0.02716064
-0.02807617
-0.02136230
-0.01739502
-0.02319336
-0.03326416
-0.03356934
-0.01770020
 0.00732422
 0.02868652
 0.02655029
-0.00671387
-0.04577637
-0.06835938
-0.07995605
-0.08941650
-0.09735107
-0.09490967
-0.07568359
-0.04058838
 0.00366211
 0.04760742
 0.07843018
 0.08087158
 0.06134033
 0.04760742
 0.04699707
 0.04333496
 0.01861572
-0.03112793
-0.08544922
-0.11840820
-0.12054443
-0.09765625
-0.05889893
-0.01403809
 0.02960205
 0.06469727
 0.08483887
 0.09155273
 0.09643555
 0.09948730
 0.08911133
 0.05584717
 0.00915527
-0.02929688
-0.04821777
-0.05065918
-0.04425049
-0.03753662
-0.03631592
-0.03875732
-0.03570557
-0.02105713
 0.00244141
 0.02563477
 0.03723145
 0.02929688
 0.00854492
-0.01037598
-0.01922607
-0.01770020
-0.01007080
-0.00152588
 0.00061035
-0.00396729
-0.00732422
-0.00244141
 0.00793457
 0.01617432
 0.01922607
 0.02410889
 0.03814697
 0.06042480
 0.08514404
 0.10314941
 0.10437012
 0.08605957
 0.05950928
 0.03906250
 0.03021240
 0.02990723
 0.03234863
 0.03112793
 0.02441406
 0.01464844
 0.00823975
 0.01098633
 0.02136230
 0.03295898
 0.03753662
 0.03204346
 0.02319336
 0.02075195
 0.02563477
 0.02990723
 0.02319336
-0.00335693
-0.04302979
-0.07873535
-0.09674072
-0.09460449
-0.07843018
-0.05676270
-0.03997803
-0.03814697
-0.04943848
-0.05950928
-0.05828857
-0.04791260
-0.03417969
-0.02288818
-0.01739502
-0.01647949
-0.01525879
-0.01159668
-0.00610352
-0.00091553
 0.00396729
 0.01159668
 0.02685547
 0.04974365
 0.07507324
 0.09338379
 0.09490967
 0.07965088
 0.05981445
 0.04638672
 0.04272461
 0.04302979
 0.03906250
 0.02380371
 0.00152588
-0.01525879
-0.01892090
-0.01098633
 0.00396729
 0.01861572
 0.02655029
 0.02685547
 0.02563477
 0.02929688
 0.03601074
 0.03692627
 0.02441406
-0.00030518
-0.02655029
-0.04516602
-0.05218506
-0.04913330
-0.04119873
-0.03326416
-0.02807617
-0.02441406
-0.01708984
-0.00549316
 0.00671387
 0.01281738
 0.00579834
-0.01251221
-0.03112793
-0.04150391
-0.04272461
-0.03967285
-0.03875732
-0.04455566
-0.05554199
-0.06500244
-0.06530762
-0.05523682
-0.03784180
-0.01800537
 0.00000000
 0.01647949
 0.03509521
 0.05798340
 0.08239746
 0.09979248
 0.10223389
 0.08972168
 0.07080078
 0.05401611
 0.04150391
 0.03082275
 0.01892090
 0.00396729
-0.01129150
-0.02319336
-0.02685547
-0.02136230
-0.00976563
 0.00122070
 0.00762939
 0.00823975
 0.00671387
 0.00793457
 0.01251221
 0.01708984
 0.01739502
 0.01007080
-0.00335693
-0.01800537
-0.02777100
-0.03051758
-0.02685547
-0.01800537
-0.00640869
 0.00457764
 0.01403809
 0.02227783
 0.02746582
 0.02716064
 0.01831055
 0.00396729
-0.01007080
-0.01831055
-0.01831055
-0.01068115
 0.00152588
 0.01312256
 0.02166748
 0.02716064
 0.03265381
 0.03906250
 0.04577637
 0.05004883
 0.05126953
 0.04882813
 0.04486084
 0.04089355
 0.03753662
 0.03326416
 0.02685547
 0.01770020
 0.00762939
 0.00213623
 0.00488281
 0.01800537
 0.03784180
 0.06011963
 0.07873535
 0.08850098
 0.08850098
 0.08239746
 0.07415771
 0.06286621
 0.04638672
 0.02532959
 0.00488281
-0.00915527
-0.01342773
-0.00854492
 0.00244141
 0.01434326
 0.02349854
 0.02716064
 0.02624512
 0.02410889
 0.02166748
 0.01770020
 0.00976563
-0.00305176
-0.01922607
-0.03570557
-0.04974365
-0.06042480
-0.06561279
-0.06439209
-0.05615234
-0.03997803
-0.01739502
 0.00793457
 0.03082275
 0.04516602
 0.04760742
 0.04089355
 0.03021240
 0.01922607
 0.00915527
-0.00091553
-0.01251221
-0.02655029
-0.04241943
-0.05737305
-0.06805420
-0.07293701
-0.07263184
-0.06835938
-0.06164551
-0.05310059
-0.04302979
-0.03204346
-0.02288818
-0.01953125
-0.02410889
-0.03601074
-0.05157471
-0.06652832
-0.07690430
-0.08178711
-0.08178711
-0.07873535
-0.07324219
-0.06469727
-0.05249023
-0.03723145
-0.02014160
-0.00366211
 0.00823975
 0.01403809
 0.01403809
 0.00854492
 0.00000000
-0.01159668
-0.02502441
-0.03784180
-0.04821777
-0.05371094
-0.05249023
-0.04425049
-0.03173828
-0.01922607
-0.00946045
-0.00457764
-0.00396729
-0.00457764
-0.00640869
-0.00976563
-0.01617432
-0.02471924
-0.03265381
-0.03662109
-0.03540039
-0.02838135
-0.01708984
-0.00335693
 0.01159668
 0.02563477
 0.03845215
 0.04913330
 0.05615234
 0.05737305
 0.05126953
 0.03845215
 0.02075195
 0.00274658
-0.01281738
-0.02288818
-0.02685547
-0.02593994
-0.02166748
-0.01495361
-0.00488281
 0.00732422
 0.01892090
 0.02838135
 0.03234863
 0.03021240
 0.02502441
 0.01800537
 0.01007080
 0.00061035
-0.01007080
-0.02166748
-0.03143311
-0.03692627
-0.03662109
-0.03112793
-0.02166748
-0.01098633
-0.00091553
 0.00671387
 0.01159668
 0.01556396
 0.01831055
 0.01953125
 0.01831055
 0.01525879
 0.01251221
 0.01068115
 0.01190186
 0.01617432
 0.02349854
 0.03234863
 0.04119873
 0.04913330
 0.05584717
 0.05981445
 0.06072998
 0.05737305
 0.04943848
 0.03723145
 0.02349854
 0.01129150
 0.00274658
-0.00213623
-0.00396729
-0.00335693
-0.00061035
 0.00366211
 0.00915527
 0.01434326
 0.01739502
 0.01739502
 0.01495361
 0.01007080
 0.00396729
-0.00305176
-0.01068115
-0.02014160
-0.03143311
-0.04272461
-0.05157471
-0.05493164
-0.05279541
-0.04577637
-0.03540039
-0.02410889
-0.01464844
-0.00946045
-0.01007080
-0.01495361
-0.02227783
-0.03051758
-0.03845215
-0.04577637
-0.05157471
-0.05401611
-0.05218506
-0.04699707
-0.03875732
-0.02838135
-0.01739502
-0.00640869
 0.00427246
 0.01495361
 0.02471924
 0.03112793
 0.03234863
 0.02838135
 0.02105713
 0.01190186
 0.00244141
-0.00579834
-0.01159668
-0.01434326
-0.01251221
-0.00579834
 0.00579834
 0.02044678
 0.03448486
 0.04516602
 0.05004883
 0.04882813
 0.04272461
 0.03326416
 0.02105713
 0.00701904
-0.00762939
-0.02105713
-0.03112793
-0.03540039
-0.03326416
-0.02471924
-0.01190186
 0.00274658
 0.01556396
 0.02624512
 0.03356934
 0.03723145
 0.03723145
 0.03265381
 0.02288818
 0.00976563
-0.00427246
-0.01678467
-0.02532959
-0.02899170
-0.02716064
-0.02105713
-0.01098633
 0.00213623
 0.01708984
 0.03143311
 0.04364014
 0.05218506
 0.05645752
 0.05554199
 0.04913330
 0.03875732
 0.02685547
 0.01434326
 0.00305176
-0.00549316
-0.00854492
-0.00610352
 0.00061035
 0.01007080
 0.02014160
 0.02838135
 0.03326416
 0.03387451
 0.03112793
 0.02624512
 0.02044678
 0.01342773
 0.00518799
-0.00335693
-0.01098633
-0.01617432
-0.01800537
-0.01708984
-0.01312256
-0.00762939
-0.00030518
 0.00823975
 0.01800537
 0.02807617
 0.03753662
 0.04394531
 0.04669189
 0.04455566
 0.03845215
 0.03021240
 0.02258301
 0.01647949
 0.01342773
 0.01312256
 0.01464844
 0.01708984
 0.01983643
 0.02288818
 0.02532959
 0.02685547
 0.02746582
 0.02716064
 0.02532959
 0.02227783
 0.01770020
 0.01220703
 0.00610352
 0.00061035
-0.00366211
-0.00610352
-0.00701904
-0.00610352
-0.00366211
-0.00152588
-0.00030518
-0.00030518
-0.00061035
-0.00183105
-0.00366211
-0.00701904
-0.01098633
-0.01586914
-0.02014160
-0.02319336
-0.02471924
-0.02410889
-0.02227783
-0.01892090
-0.01434326
-0.00976563
-0.00518799
-0.00122070
 0.00152588
 0.00274658
 0.00091553
-0.00457764
-0.01220703
-0.02014160
-0.02716064
-0.03204346
-0.03479004
-0.03509521
-0.03356934
-0.03021240
-0.02532959
-0.02075195
-0.01647949
-0.01312256
-0.01098633
-0.00976563
-0.00885010
-0.00762939
-0.00701904
-0.00671387
-0.00762939
-0.00976563
-0.01159668
-0.01251221
-0.01159668
-0.00762939
-0.00122070
 0.00610352
 0.01342773
 0.02014160
 0.02502441
 0.02716064
 0.02655029
 0.02349854
 0.01831055
 0.01220703
 0.00610352
 0.00152588
-0.00122070
-0.00305176
-0.00396729
-0.00427246
-0.00396729
-0.00305176
-0.00122070
 0.00000000
-0.00030518
-0.00183105
-0.00579834
-0.01159668
-0.01892090
-0.02532959
-0.02990723
-0.03295898
-0.03448486
-0.03448486
-0.03326416
-0.03112793
-0.02838135
-0.02471924
-0.02075195
-0.01647949
-0.01220703
-0.00885010
-0.00610352
-0.00457764
-0.00427246
-0.00518799
-0.00671387
-0.00854492
-0.00946045
-0.00885010
-0.00732422
-0.00396729
 0.00061035
 0.00549316
 0.01037598
 0.01434326
 0.01678467
 0.01800537
 0.01861572
 0.01892090
 0.01953125
 0.02014160
 0.02105713
 0.02319336
 0.02624512
 0.02929688
 0.03204346
 0.03356934
 0.03387451
 0.03326416
 0.03234863
 0.03143311
 0.03112793
 0.03021240
 0.02777100
 0.02349854
 0.01770020
 0.01129150
 0.00549316
 0.00061035
-0.00335693
-0.00732422
-0.01129150
-0.01495361
-0.01831055
-0.02136230
-0.02380371
-0.02502441
-0.02624512
-0.02746582
-0.02929688
-0.03112793
-0.03265381
-0.03326416
-0.03326416
-0.03234863
-0.03051758
-0.02838135
-0.02624512
-0.02410889
-0.02227783
-0.02075195
-0.02044678
-0.02075195
-0.02166748
-0.02166748
-0.02044678
-0.01922607
-0.01708984
-0.01586914
-0.01434326
-0.01281738
-0.01098633
-0.00854492
-0.00549316
-0.00305176
-0.00122070
 0.00061035
 0.00274658
 0.00457764
 0.00610352
 0.00701904
 0.00701904
 0.00610352
 0.00579834
 0.00549316
 0.00488281
 0.00427246
 0.00305176
 0.00183105
 0.00061035
-0.00091553
-0.00274658
-0.00549316
-0.00854492
-0.01159668
-0.01525879
-0.01861572
-0.02166748
-0.02441406
-0.02655029
-0.02716064
-0.02685547
-0.02624512
-0.02593994
-0.02532959
-0.02410889
-0.02319336
-0.02197266
-0.02105713
-0.01953125
-0.01770020
-0.01617432
-0.01525879
-0.01434326
-0.01342773
-0.01220703
-0.01098633
-0.01068115
-0.01007080
-0.00854492
-0.00610352
-0.00335693
-0.00091553
 0.00091553
 0.00305176
 0.00518799
 0.00701904
 0.00823975
 0.00854492
 0.00762939
 0.00640869
 0.00549316
 0.00457764
 0.00457764
 0.00457764
 0.00488281
 0.00549316
 0.00488281
 0.00457764
 0.00488281
 0.00518799
 0.00488281
 0.00488281
 0.00518799
 0.00549316
 0.00610352
 0.00610352
 0.00579834
 0.00549316
 0.00549316
 0.00732422
 0.00976563
 0.01312256
 0.01770020
 0.02197266
 0.02532959
 0.02746582
 0.02929688
 0.03112793
 0.03204346
 0.03265381
 0.03204346
 0.02990723
 0.02746582
 0.02471924
 0.02197266
 0.01983643
 0.01800537
 0.01708984
 0.01708984
 0.01770020
 0.01861572
 0.01922607
 0.01953125
 0.01922607
 0.01800537
 0.01708984
 0.01586914
 0.01373291
 0.01129150
 0.00976563
 0.00885010
 0.00915527
 0.01068115
 0.01342773
 0.01586914
 0.01831055
 0.02044678
 0.02166748
 0.02288818
 0.02410889
 0.02532959
 0.02593994
 0.02532959
 0.02380371
 0.02136230
 0.01770020
 0.01281738
 0.00885010
 0.00610352
 0.00427246
 0.00366211
 0.00457764
 0.00610352
 0.00823975
 0.01037598
 0.01220703
 0.01312256
 0.01342773
 0.01312256
 0.01251221
 0.01159668
 0.01068115
 0.01007080
 0.01037598
 0.01098633
 0.01159668
 0.01251221
 0.01403809
 0.01586914
 0.01770020
 0.01953125
 0.02166748
 0.02349854
 0.02471924
 0.02563477
 0.02502441
 0.02319336
 0.02014160
 0.01678467
 0.01373291
 0.01037598
 0.00732422
 0.00457764
 0.00274658
 0.00183105
 0.00152588
 0.00152588
 0.00244141
 0.00366211
 0.00457764
 0.00427246
 0.00335693
 0.00152588
-0.00122070
-0.00427246
-0.00823975
-0.01159668
-0.01495361
-0.01831055
-0.02105713
-0.02349854
-0.02532959
-0.02624512
-0.02685547
-0.02746582
-0.02807617
-0.02899170
-0.02990723
-0.03143311
-0.03265381
-0.03387451
-0.03448486
-0.03601074
-0.03784180
-0.03967285
-0.04119873
-0.04150391
-0.03967285
-0.03631592
-0.03173828
-0.02624512
-0.02044678
-0.01586914
-0.01129150
-0.00762939
-0.00488281
-0.00335693
-0.00305176
-0.00366211
-0.00457764
-0.00579834
-0.00671387
-0.00793457
-0.00823975
-0.00823975
-0.00701904
-0.00549316
-0.00366211
-0.00183105
 0.00000000
 0.00152588
 0.00213623
 0.00183105
 0.00091553
-0.00061035
-0.00213623
-0.00427246
-0.00671387
-0.00915527
-0.01068115
-0.01068115
-0.00946045
-0.00762939
-0.00579834
-0.00335693
-0.00122070
 0.00091553
 0.00213623
 0.00244141
 0.00152588
 0.00030518
-0.00183105
-0.00335693
-0.00457764
-0.00488281
-0.00518799
-0.00488281
-0.00274658
 0.00000000
 0.00366211
 0.00762939
 0.01129150
 0.01434326
 0.01617432
 0.01708984
 0.01678467
 0.01617432
 0.01586914
 0.01556396
 0.01434326
 0.01251221
 0.01068115
 0.01037598
 0.01037598
 0.01098633
 0.01251221
 0.01342773
 0.01434326
 0.01464844
 0.01495361
 0.01464844
 0.01434326
 0.01312256
 0.01007080
 0.00610352
 0.00213623
-0.00122070
-0.00366211
-0.00549316
-0.00610352
-0.00579834
-0.00488281
-0.00366211
-0.00305176
-0.00274658
-0.00274658
-0.00335693
-0.00427246
-0.00549316
-0.00701904
-0.00854492
-0.01037598
-0.01220703
-0.01342773
-0.01434326
-0.01495361
-0.01464844
-0.01403809
-0.01342773
-0.01251221
-0.01159668
-0.01037598
-0.00915527
-0.00854492
-0.00793457
-0.00762939
-0.00732422
-0.00793457
-0.00946045
-0.01129150
-0.01251221
-0.01251221
-0.01129150
-0.01007080
-0.00915527
-0.00793457
-0.00640869
-0.00518799
-0.00396729
-0.00366211
-0.00396729
-0.00488281
-0.00640869
-0.00823975
-0.01037598
-0.01281738
-0.01495361
-0.01708984
-0.01922607
-0.02136230
-0.02258301
-0.02349854
-0.02319336
-0.02288818
-0.02227783
-0.02197266
-0.02166748
-0.02166748
-0.02197266
-0.02227783
-0.02258301
-0.02288818
-0.02288818
-0.02197266
-0.02105713
-0.02014160
-0.01953125
-0.01861572
-0.01678467
-0.01373291
-0.01037598
-0.00732422
-0.00457764
-0.00213623
-0.00061035
-0.00030518
-0.00061035
-0.00122070
-0.00152588
-0.00122070
-0.00061035
 0.00030518
 0.00152588
 0.00305176
 0.00396729
 0.00427246
 0.00518799
 0.00579834
 0.00701904
 0.00793457
 0.00885010
 0.00976563
 0.01068115
 0.01098633
 0.01068115
 0.00915527
 0.00732422
 0.00579834
 0.00427246
 0.00366211
 0.00457764
 0.00610352
 0.00671387
 0.00762939
 0.00762939
 0.00762939
 0.00762939
 0.00701904
 0.00701904
 0.00671387
 0.00640869
 0.00610352
 0.00549316
 0.00488281
 0.00488281
 0.00549316
 0.00579834
 0.00549316
 0.00549316
 0.00610352
 0.00640869
 0.00671387
 0.00671387
 0.00701904
 0.00701904
 0.00732422
 0.00793457
 0.00885010
 0.00946045
 0.01007080
 0.01037598
 0.01068115
 0.01129150
 0.01281738
 0.01434326
 0.01647949
 0.01861572
 0.02075195
 0.02319336
 0.02502441
 0.02624512
 0.02777100
 0.02838135
 0.02868652
 0.02868652
 0.02838135
 0.02807617
 0.02777100
 0.02807617
 0.02807617
 0.02716064
 0.02532959
 0.02410889
 0.02319336
 0.02288818
 0.02227783
 0.02197266
 0.02166748
 0.02105713
 0.02044678
 0.01953125
 0.01831055
 0.01708984
 0.01617432
 0.01495361
 0.01312256
 0.01068115
 0.00915527
 0.00854492
 0.00854492
 0.00823975
 0.00732422
 0.00640869
 0.00579834
 0.00579834
 0.00579834
 0.00579834
 0.00579834
 0.00610352
 0.00610352
 0.00579834
 0.00549316
 0.00518799
 0.00518799
 0.00488281
 0.00427246
 0.00335693
 0.00244141
 0.00152588
 0.00061035
 0.00030518
-0.00030518
 0.00000000
 0.00000000
-0.00061035
-0.00091553
-0.00183105
-0.00335693
-0.00488281
-0.00671387
-0.00793457
-0.00823975
-0.00793457
-0.00762939
-0.00762939
-0.00762939
-0.00854492
-0.00946045
-0.01007080
-0.01007080
-0.01037598
-0.01129150
-0.01190186
-0.01312256
-0.01464844
-0.01586914
-0.01617432
-0.01647949
-0.01678467
-0.01800537
-0.01892090
-0.01922607
-0.01953125
-0.01892090
-0.01800537
-0.01739502
-0.01647949
-0.01617432
-0.01586914
-0.01617432
-0.01678467
-0.01739502
-0.01800537
-0.01892090
-0.01983643
-0.02044678
-0.02014160
-0.01953125
-0.01922607
-0.01892090
-0.01861572
-0.01861572
-0.01800537
-0.01708984
-0.01556396
-0.01403809
-0.01342773
-0.01281738
-0.01312256
-0.01281738
-0.01281738
-0.01251221
-0.01312256
-0.01342773
-0.01312256
-0.01220703
-0.01159668
-0.01098633
-0.01037598
-0.00885010
-0.00762939
-0.00640869
-0.00549316
-0.00457764
-0.00396729
-0.00305176
-0.00244141
-0.00244141
-0.00213623
-0.00152588
 0.00000000
 0.00213623
 0.00427246
 0.00610352
 0.00823975
 0.01007080
 0.01220703
 0.01434326
 0.01586914
 0.01770020
 0.01922607
 0.01983643
 0.02044678
 0.02075195
 0.02075195
 0.02044678
 0.01983643
 0.02014160
 0.02014160
 0.02014160
 0.02014160
 0.02044678
 0.02075195
 0.02105713
 0.02166748
 0.02166748
 0.02105713
 0.02044678
 0.01953125
 0.01831055
 0.01678467
 0.01525879
 0.01373291
 0.01251221
 0.01098633
 0.00976563
 0.00885010
 0.00823975
 0.00732422
 0.00640869
 0.00579834
 0.00488281
 0.00427246
 0.00335693
 0.00213623
 0.00061035
-0.00213623
-0.00488281
-0.00671387
-0.00762939
-0.00823975
-0.00915527
-0.00976563
-0.01068115
-0.01129150
-0.01129150
-0.01068115
-0.01007080
-0.00915527
-0.00885010
-0.00885010
-0.00976563
-0.01037598
-0.01098633
-0.01190186
-0.01312256
-0.01464844
-0.01586914
-0.01647949
-0.01678467
-0.01678467
-0.01678467
-0.01678467
-0.01708984
-0.01708984
-0.01708984
-0.01708984
-0.01831055
-0.01922607
-0.01983643
-0.02014160
-0.02044678
-0.02075195
-0.02105713
-0.02197266
-0.02319336
-0.02410889
-0.02441406
-0.02349854
-0.02258301
-0.02166748
-0.02075195
-0.02014160
-0.01983643
-0.01953125
-0.01953125
-0.01983643
-0.02014160
-0.02044678
-0.02075195
-0.02075195
-0.02075195
-0.02014160
-0.01953125
-0.01861572
-0.01770020
-0.01739502
-0.01739502
-0.01708984
-0.01647949
-0.01556396
-0.01464844
-0.01464844
-0.01495361
-0.01495361
-0.01495361
-0.01495361
-0.01403809
-0.01281738
-0.01129150
-0.00915527
-0.00701904
-0.00549316
-0.00396729
-0.00244141
-0.00091553
 0.00061035
 0.00183105
 0.00244141
 0.00305176
 0.00335693
 0.00335693
 0.00335693
 0.00396729
 0.00549316
 0.00701904
 0.00854492
 0.01007080
 0.01098633
 0.01129150
 0.01190186
 0.01251221
 0.01312256
 0.01342773
 0.01342773
 0.01342773
 0.01342773
 0.01281738
 0.01220703
 0.01220703
 0.01281738
 0.01373291
 0.01464844
 0.01617432
 0.01708984
 0.01770020
 0.01831055
 0.01922607
 0.01983643
 0.02014160
 0.02044678
 0.02044678
 0.02075195
 0.02075195
 0.02044678
 0.01953125
 0.01892090
 0.01831055
 0.01861572
 0.01922607
 0.02014160
 0.02044678
 0.02105713
 0.02105713
 0.02136230
 0.02105713
 0.02044678
 0.01953125
 0.01892090
 0.01861572
 0.01861572
 0.01831055
 0.01831055
 0.01831055
 0.01831055
 0.01800537
 0.01739502
 0.01739502
 0.01770020
 0.01800537
 0.01861572
 0.01892090
 0.01922607
 0.01953125
 0.01922607
 0.01800537
 0.01647949
 0.01586914
 0.01525879
 0.01464844
 0.01403809
 0.01342773
 0.01281738
 0.01220703
 0.01129150
 0.01098633
 0.01098633
 0.01007080
 0.00915527
 0.00823975
 0.00701904
 0.00488281
 0.00335693
 0.00183105
 0.00030518
-0.00122070
-0.00305176
-0.00518799
-0.00671387
-0.00732422
-0.00762939
-0.00823975
-0.00885010
-0.00915527
-0.00946045
-0.00946045
-0.00976563
-0.01007080
-0.01037598
-0.01098633
-0.01129150
-0.01129150
-0.01220703
-0.01281738
-0.01312256
-0.01342773
-0.01373291
-0.01403809
-0.01403809
-0.01342773
-0.01281738
-0.01251221
-0.01312256
-0.01251221
-0.01159668
-0.01190186
-0.01251221
-0.01281738
-0.01342773
-0.01373291
-0.01373291
-0.01403809
-0.01403809
-0.01373291
-0.01373291
-0.01373291
-0.01403809
-0.01403809
-0.01373291
-0.01342773
-0.01251221
-0.01190186
-0.01129150
-0.01098633
-0.01068115
-0.01098633
-0.01098633
-0.01068115
-0.01007080
-0.00885010
-0.00762939
-0.00640869
-0.00549316
-0.00549316
-0.00518799
-0.00457764
-0.00396729
-0.00366211
-0.00335693
-0.00335693
-0.00366211
-0.00335693
-0.00305176
-0.00305176
-0.00305176
-0.00183105
-0.00030518
 0.00030518
 0.00091553
 0.00152588
 0.00183105
 0.00244141
 0.00305176
 0.00335693
 0.00366211
 0.00457764
 0.00549316
 0.00579834
 0.00610352
 0.00671387
 0.00762939
 0.00823975
 0.00854492
 0.00885010
 0.00885010
 0.00854492
 0.00823975
 0.00854492
 0.00885010
 0.00854492
 0.00732422
 0.00579834
 0.00488281
 0.00366211
 0.00335693
 0.00274658
 0.00305176
 0.00396729
 0.00488281
 0.00549316
 0.00518799
 0.00549316
 0.00579834
 0.00549316
 0.00549316
 0.00488281
 0.00457764
 0.00427246
 0.00396729
 0.00427246
 0.00396729
 0.00457764
 0.00488281
 0.00488281
 0.00457764
 0.00396729
 0.00427246
 0.00488281
 0.00488281
 0.00457764
 0.00427246
 0.00396729
 0.00305176
 0.00244141
 0.00183105
 0.00091553
 0.00030518
 0.00061035
 0.00122070
 0.00152588
 0.00183105
 0.00183105
 0.00122070
 0.00061035
 0.00030518
 0.00000000
 0.00000000
 0.00030518
-0.00030518
-0.00152588
-0.00305176
-0.00366211
-0.00396729
-0.00427246
-0.00427246
-0.00366211
-0.00305176
-0.00274658
-0.00244141
-0.00244141
-0.00244141
-0.00244141
-0.00244141
-0.00274658
-0.00305176
-0.00396729
-0.00457764
-0.00518799
-0.00579834
-0.00579834
-0.00610352
-0.00671387
-0.00762939
-0.00762939
-0.00762939
-0.00793457
-0.00854492
-0.00915527
-0.01007080
-0.01068115
-0.01129150
-0.01190186
-0.01220703
-0.01251221
-0.01281738
-0.01312256
-0.01342773
-0.01403809
-0.01434326
-0.01464844
-0.01434326
-0.01434326
-0.01434326
-0.01403809
-0.01373291
-0.01312256
-0.01251221
-0.01251221
-0.01220703
-0.01159668
-0.01129150
-0.01159668
-0.01129150
-0.01129150
-0.01159668
-0.01190186
-0.01220703
-0.01251221
-0.01251221
-0.01281738
-0.01312256
-0.01373291
-0.01342773
-0.01281738
-0.01190186
-0.01129150
-0.01068115
-0.01007080
-0.00976563
-0.00915527
-0.00946045
-0.00976563
-0.00946045
-0.00976563
-0.01007080
-0.01007080
-0.01068115
-0.01098633
-0.01068115
-0.01007080
-0.00885010
-0.00793457
-0.00640869
-0.00488281
-0.00366211
-0.00305176
-0.00274658
-0.00244141
-0.00244141
-0.00213623
-0.00244141
-0.00274658
-0.00305176
-0.00305176
-0.00244141
-0.00183105
-0.00122070
-0.00061035
 0.00000000
 0.00091553
 0.00213623
 0.00305176
 0.00335693
 0.00396729
 0.00457764
 0.00518799
 0.00488281
 0.00427246
 0.00305176
 0.00213623
 0.00183105
 0.00183105
 0.00274658
 0.00396729
 0.00518799
 0.00671387
 0.00762939
 0.00793457
 0.00793457
 0.00793457
 0.00793457
 0.00762939
 0.00671387
 0.00610352
 0.00640869
 0.00640869
 0.00640869
 0.00640869
 0.00671387
 0.00732422
 0.00823975
 0.00946045
 0.01098633
 0.01220703
 0.01281738
 0.01281738
 0.01281738
 0.01251221
 0.01129150
 0.01037598
 0.00976563
 0.00946045
 0.01007080
 0.01068115
 0.01159668
 0.01251221
 0.01342773
 0.01403809
 0.01495361
 0.01556396
 0.01556396
 0.01586914
 0.01617432
 0.01617432
 0.01586914
 0.01525879
 0.01464844
 0.01373291
 0.01281738
 0.01190186
 0.01159668
 0.01159668
 0.01159668
 0.01159668
 0.01190186
 0.01190186
 0.01190186
 0.01159668
 0.01007080
 0.00854492
 0.00701904
 0.00640869
 0.00579834
 0.00457764
 0.00335693
 0.00274658
 0.00213623
 0.00152588
 0.00061035
 0.00000000
 0.00030518
 0.00091553
 0.00183105
 0.00244141
 0.00244141
 0.00213623
 0.00183105
 0.00122070
 0.00091553
 0.00091553
 0.00091553
 0.00091553
 0.00091553
 0.00122070
 0.00152588
 0.00183105
 0.00213623
 0.00244141
 0.00213623
 0.00213623
 0.00213623
 0.00183105
 0.00122070
 0.00061035
 0.00000000
-0.00091553
-0.00183105
-0.00274658
-0.00366211
-0.00427246
-0.00427246
-0.00427246
-0.00396729
-0.00366211
-0.00335693
-0.00305176
-0.00366211
-0.00488281
-0.00579834
-0.00671387
-0.00762939
-0.00823975
-0.00915527
-0.00946045
-0.00976563
-0.00976563
-0.00976563
-0.00915527
-0.00854492
-0.00762939
-0.00640869
-0.00579834
-0.00549316
-0.00518799
-0.00518799
-0.00518799
-0.00488281
-0.00488281
-0.00518799
-0.00518799
-0.00549316
-0.00518799
-0.00396729
-0.00305176
-0.00305176
-0.00213623
-0.00061035
 0.00061035
 0.00091553
 0.00122070
 0.00183105
 0.00274658
 0.00366211
 0.00366211
 0.00427246
 0.00457764
 0.00457764
 0.00427246
 0.00427246
 0.00427246
 0.00518799
 0.00701904
 0.00793457
 0.00854492
 0.00854492
 0.00915527
 0.00946045
 0.00946045
 0.00915527
 0.00915527
 0.00946045
 0.00823975
 0.00671387
 0.00579834
 0.00579834
 0.00579834
 0.00488281
 0.00396729
 0.00305176
 0.00305176
 0.00305176
 0.00305176
 0.00335693
 0.00305176
 0.00274658
 0.00213623
 0.00183105
 0.00091553
 0.00000000
-0.00061035
-0.00122070
-0.00152588
-0.00183105
-0.00244141
-0.00274658
-0.00274658
-0.00366211
-0.00366211
-0.00396729
-0.00427246
-0.00488281
-0.00549316
-0.00671387
-0.00762939
-0.00823975
-0.00854492
-0.00885010
-0.00915527
-0.00915527
-0.00976563
-0.01037598
-0.01098633
-0.01159668
-0.01159668
-0.01159668
-0.01190186
-0.01159668
-0.01129150
-0.01098633
-0.01098633
-0.01068115
-0.01068115
-0.01068115
-0.01068115
-0.01007080
-0.00976563
-0.00976563
-0.00976563
-0.01007080
-0.01037598
-0.01007080
-0.01068115
-0.01129150
-0.01159668
-0.01159668
-0.01129150
-0.01068115
-0.00976563
-0.00946045
-0.00946045
-0.00885010
-0.00885010
-0.00946045
-0.01007080
-0.01068115
-0.01098633
-0.01068115
-0.01007080
-0.00976563
-0.00976563
-0.00946045
-0.00946045
-0.00915527
-0.00823975
-0.00732422
-0.00671387
-0.00640869
-0.00610352
-0.00610352
-0.00579834
-0.00549316
-0.00457764
-0.00335693
-0.00213623
-0.00152588
-0.00091553
 0.00030518
 0.00122070
 0.00183105
 0.00183105
 0.00183105
 0.00213623
 0.00213623
 0.00183105
 0.00183105
 0.00183105
 0.00122070
 0.00061035
-0.00030518
-0.00061035
-0.00091553
-0.00091553
-0.00091553
-0.00122070
-0.00091553
-0.00030518
 0.00000000
 0.00030518
 0.00030518
 0.00030518
 0.00000000
-0.00030518
-0.00030518
 0.00000000
 0.00000000
-0.00030518
-0.00061035
-0.00030518
-0.00030518
 0.00000000
 0.00061035
 0.00091553
 0.00122070
 0.00183105
 0.00183105
 0.00183105
 0.00183105
 0.00122070
 0.00061035
 0.00091553
 0.00183105
 0.00244141
 0.00305176
 0.00366211
 0.00427246
 0.00457764
 0.00457764
 0.00457764
 0.00457764
 0.00488281
 0.00518799
 0.00518799
 0.00488281
 0.00366211
 0.00305176
 0.00305176
 0.00305176
 0.00305176
 0.00305176
 0.00335693
 0.00366211
 0.00427246
 0.00457764
 0.00457764
 0.00396729
 0.00305176
 0.00274658
 0.00244141
 0.00213623
 0.00183105
 0.00091553
-0.00030518
-0.00061035
-0.00061035
 0.00000000
 0.00152588
 0.00213623
 0.00244141
 0.00274658
 0.00274658
 0.00335693
 0.00549316
 0.01159668
 0.02563477
 0.05035400
 0.08056641
 0.10620117
 0.11810303
 0.10894775
 0.06866455
-0.00122070
-0.05676270
-0.06134033
-0.02563477
 0.04394531
 0.15625000
 0.30822754
 0.40802002
 0.34118652
 0.12603760
-0.13153076
-0.32348633
-0.34362793
-0.24047852
-0.07965088
 0.03295898
-0.00732422
-0.09185791
-0.09094238
-0.03295898
-0.02197266
-0.02380371
 0.03479004
 0.11474609
 0.15777588
 0.17120361
 0.14404297
 0.03479004
-0.12817383
-0.24475098
-0.31097412
-0.33203125
-0.34667969
-0.30212402
-0.14190674
 0.01464844
 0.04913330
 0.04302979
 0.09399414
 0.15899658
 0.16265869
 0.11871338
 0.05493164
-0.09490967
-0.22033691
-0.16632080
-0.04760742
-0.02563477
-0.04272461
-0.01403809
-0.00091553
-0.05157471
-0.06042480
 0.02655029
 0.11932373
 0.17303467
 0.18493652
 0.11688232
 0.01708984
 0.01281738
 0.08850098
 0.13641357
 0.07995605
-0.05157471
-0.09887695
-0.04852295
-0.00457764
 0.00305176
 0.00549316
-0.00946045
-0.04669189
-0.02990723
 0.05218506
 0.10925293
 0.07873535
-0.02197266
-0.14099121
-0.27191162
-0.35980225
-0.32989502
-0.19470215
-0.07690430
-0.00854492
 0.06347656
 0.15991211
 0.21026611
 0.14404297
-0.00976563
-0.12908936
-0.20477295
-0.24200439
-0.18798828
-0.06011963
 0.01098633
-0.02258301
-0.08789063
-0.11810303
-0.11657715
-0.07873535
 0.01342773
 0.10498047
 0.11718750
 0.02044678
-0.08850098
-0.10620117
-0.05249023
 0.03326416
 0.13977051
 0.24322510
 0.28869629
 0.24078369
 0.13214111
 0.05401611
 0.00213623
-0.07812500
-0.15197754
-0.16387939
-0.15075684
-0.13519287
-0.09979248
-0.04394531
 0.00793457
 0.04119873
 0.05371094
 0.05310059
 0.05065918
 0.05096436
 0.04730225
 0.04302979
 0.06042480
 0.10864258
 0.17150879
 0.22369385
 0.22674561
 0.12390137
-0.05096436
-0.19714355
-0.23345947
-0.15838623
-0.01831055
 0.09399414
 0.14892578
 0.16845703
 0.16479492
 0.14648438
 0.16937256
 0.24139404
 0.34271240
 0.31738281
 0.22766113
 0.10467529
 0.00335693
-0.04974365
-0.06561279
-0.06683350
-0.07934570
-0.10009766
-0.08514404
-0.02593994
 0.04943848
 0.11444092
 0.16540527
 0.20996094
 0.23834229
 0.22918701
 0.18981934
 0.13153076
 0.02288818
-0.12939453
-0.23590088
-0.26184082
-0.23712158
-0.18646240
-0.12359619
-0.06134033
-0.01403809
 0.02136230
 0.05981445
 0.10894775
 0.16601563
 0.22064209
 0.25939941
 0.25878906
 0.21453857
 0.16754150
 0.13580322
 0.08544922
-0.01525879
-0.13549805
-0.21484375
-0.24108887
-0.21850586
-0.14801025
-0.05096436
 0.03265381
 0.08483887
 0.11657715
 0.13916016
 0.14770508
 0.13824463
 0.11077881
 0.06256104
-0.00427246
-0.06805420
-0.10223389
-0.10986328
-0.10986328
-0.11230469
-0.11138916
-0.09307861
-0.05157471
 0.01342773
 0.09613037
 0.17578125
 0.22338867
 0.20965576
 0.12237549
 0.01739502
-0.05950928
-0.11962891
-0.17761230
-0.22399902
-0.24719238
-0.24444580
-0.22064209
-0.18341064
-0.13916016
-0.09674072
-0.06195068
-0.03784180
-0.01617432
 0.01220703
 0.04119873
 0.05676270
 0.04119873
-0.01159668
-0.08056641
-0.13580322
-0.16540527
-0.17242432
-0.16448975
-0.14953613
-0.13214111
-0.11016846
-0.07812500
-0.03295898
 0.02075195
 0.07232666
 0.10803223
 0.10589600
 0.07232666
 0.04791260
 0.04364014
 0.04180908
 0.02746582
-0.00396729
-0.04852295
-0.09185791
-0.11993408
-0.12817383
-0.12359619
-0.10986328
-0.08728027
-0.05676270
-0.02197266
 0.01403809
 0.04821777
 0.07171631
 0.06591797
 0.02380371
-0.02838135
-0.06683350
-0.09063721
-0.10589600
-0.11688232
-0.13000488
-0.14312744
-0.14312744
-0.11779785
-0.07049561
-0.01312256
 0.04302979
 0.08666992
 0.10467529
 0.08575439
 0.05554199
 0.04272461
 0.03936768
 0.02532959
-0.01007080
-0.05737305
-0.09643555
-0.11718750
-0.11718750
-0.10314941
-0.08361816
-0.06378174
-0.04211426
-0.01159668
 0.02807617
 0.07080078
 0.10650635
 0.11810303
 0.09429932
 0.05798340
 0.03967285
 0.03509521
 0.02655029
-0.00030518
-0.04730225
-0.09643555
-0.12756348
-0.12939453
-0.10070801
-0.05035400
 0.00976563
 0.06713867
 0.11657715
 0.15625000
 0.18005371
 0.18615723
 0.17791748
 0.15625000
 0.12176514
 0.08605957
 0.06286621
 0.05523682
 0.05859375
 0.06134033
 0.05310059
 0.03112793
 0.00823975
-0.00183105
 0.00274658
 0.01403809
 0.02105713
 0.01373291
-0.00518799
-0.01953125
-0.01831055
-0.00762939
-0.00457764
-0.02349854
-0.06164551
-0.09460449
-0.10742188
-0.09979248
-0.07537842
-0.04180908
-0.00610352
 0.02624512
 0.05462646
 0.08270264
 0.11077881
 0.13214111
 0.13580322
 0.11230469
 0.06805420
 0.02197266
-0.01159668
-0.03051758
-0.03753662
-0.03723145
-0.03051758
-0.01861572
 0.00000000
 0.02441406
 0.05187988
 0.07507324
 0.08392334
 0.07537842
 0.05645752
 0.03662109
 0.01800537
-0.00305176
-0.03021240
-0.06530762
-0.10131836
-0.12359619
-0.12237549
-0.09857178
-0.06011963
-0.01556396
 0.02563477
 0.05310059
 0.05554199
 0.04150391
 0.03051758
 0.02441406
 0.01068115
-0.01708984
-0.05218506
-0.08361816
-0.10589600
-0.11444092
-0.10681152
-0.08239746
-0.04791260
-0.00885010
 0.03143311
 0.06744385
 0.09033203
 0.08758545
 0.05920410
 0.01892090
-0.02197266
-0.06072998
-0.09216309
-0.11352539
-0.12542725
-0.13214111
-0.13366699
-0.12542725
-0.10345459
-0.06805420
-0.02166748
 0.03051758
 0.08239746
 0.12664795
 0.15411377
 0.15716553
 0.14282227
 0.12023926
 0.08758545
 0.04272461
-0.00518799
-0.04364014
-0.06530762
-0.07019043
-0.05981445
-0.03784180
-0.00793457
 0.02532959
 0.05737305
 0.08270264
 0.09796143
 0.09857178
 0.08270264
 0.05096436
 0.01098633
-0.02868652
-0.06103516
-0.08392334
-0.09765625
-0.10223389
-0.09796143
-0.08239746
-0.05401611
-0.01464844
 0.03112793
 0.07568359
 0.10833740
 0.11535645
 0.09429932
 0.06469727
 0.04119873
 0.02136230
 0.00213623
-0.01434326
-0.02288818
-0.01739502
 0.00305176
 0.03509521
 0.07354736
 0.11138916
 0.14068604
 0.15380859
 0.14984131
 0.13366699
 0.10986328
 0.07812500
 0.04150391
 0.00854492
-0.01434326
-0.02471924
-0.02288818
-0.01251221
 0.00122070
 0.01403809
 0.02349854
 0.03204346
 0.04180908
 0.05401611
 0.06561279
 0.07141113
 0.06713867
 0.05279541
 0.03295898
 0.01220703
-0.00732422
-0.02410889
-0.03509521
-0.03692627
-0.02655029
-0.00396729
 0.02746582
 0.06408691
 0.09826660
 0.11962891
 0.11962891
 0.10162354
 0.07690430
 0.05035400
 0.02136230
-0.01007080
-0.03906250
-0.06072998
-0.07171631
-0.07141113
-0.06195068
-0.04394531
-0.02014160
 0.00549316
 0.02929688
 0.04608154
 0.05249023
 0.04882813
 0.03845215
 0.02319336
 0.00457764
-0.01464844
-0.03143311
-0.04486084
-0.05187988
-0.05157471
-0.04272461
-0.02716064
-0.00793457
 0.01098633
 0.02563477
 0.03387451
 0.03540039
 0.02990723
 0.01708984
-0.00213623
-0.02532959
-0.04943848
-0.07019043
-0.08483887
-0.09216309
-0.08911133
-0.07598877
-0.05401611
-0.02807617
-0.00427246
 0.01129150
 0.01373291
 0.00427246
-0.01220703
-0.03143311
-0.05126953
-0.06896973
-0.08148193
-0.08850098
-0.09124756
-0.08911133
-0.08270264
-0.07080078
-0.05340576
-0.03112793
-0.00610352
 0.01861572
 0.03845215
 0.05004883
 0.05340576
 0.04913330
 0.03753662
 0.01831055
-0.00671387
-0.03295898
-0.05523682
-0.06896973
-0.07110596
-0.06225586
-0.04577637
-0.02410889
-0.00152588
 0.01678467
 0.02777100
 0.02868652
 0.02075195
 0.00762939
-0.00915527
-0.02807617
-0.04608154
-0.06103516
-0.07171631
-0.07751465
-0.07965088
-0.07812500
-0.07354736
-0.06530762
-0.05340576
-0.03845215
-0.02441406
-0.01342773
-0.00793457
-0.00854492
-0.01495361
-0.02471924
-0.03692627
-0.05004883
-0.06317139
-0.07385254
-0.07843018
-0.07537842
-0.06469727
-0.04791260
-0.02807617
-0.00793457
 0.00854492
 0.01861572
 0.02197266
 0.01922607
 0.01129150
 0.00091553
-0.00885010
-0.01525879
-0.01739502
-0.01586914
-0.01068115
-0.00427246
 0.00244141
 0.00671387
 0.00823975
 0.00823975
 0.00946045
 0.01190186
 0.01525879
 0.01861572
 0.02105713
 0.02288818
 0.02441406
 0.02593994
 0.02624512
 0.02532959
 0.02258301
 0.01892090
 0.01556396
 0.01464844
 0.01647949
 0.02197266
 0.02899170
 0.03417969
 0.03540039
 0.03204346
 0.02502441
 0.01525879
 0.00518799
-0.00244141
-0.00762939
-0.01037598
-0.01098633
-0.01129150
-0.01281738
-0.01464844
-0.01708984
-0.01922607
-0.02014160
-0.01922607
-0.01495361
-0.00732422
 0.00244141
 0.01220703
 0.01983643
 0.02380371
 0.02502441
 0.02227783
 0.01708984
 0.00976563
 0.00122070
-0.00732422
-0.01373291
-0.01495361
-0.01159668
-0.00427246
 0.00579834
 0.01678467
 0.02685547
 0.03417969
 0.04028320
 0.04547119
 0.04974365
 0.05157471
 0.04974365
 0.04394531
 0.03387451
 0.02014160
 0.00549316
-0.00732422
-0.01739502
-0.02288818
-0.02288818
-0.01861572
-0.01037598
 0.00122070
 0.01495361
 0.02899170
 0.04089355
 0.04791260
 0.04760742
 0.04028320
 0.02777100
 0.01068115
-0.00793457
-0.02563477
-0.03967285
-0.04882813
-0.05157471
-0.04791260
-0.03875732
-0.02655029
-0.01312256
 0.00030518
 0.01190186
 0.02105713
 0.02716064
 0.02960205
 0.02838135
 0.02349854
 0.01434326
 0.00274658
-0.01007080
-0.02197266
-0.03204346
-0.03845215
-0.03906250
-0.03295898
-0.02044678
-0.00305176
 0.01861572
 0.04119873
 0.06103516
 0.07385254
 0.07690430
 0.07080078
 0.05737305
 0.04058838
 0.02288818
 0.00610352
-0.00885010
-0.02014160
-0.02563477
-0.02563477
-0.02044678
-0.01068115
 0.00183105
 0.01373291
 0.02319336
 0.02899170
 0.03021240
 0.02746582
 0.02014160
 0.00823975
-0.00640869
-0.02319336
-0.03875732
-0.05004883
-0.05584717
-0.05615234
-0.05126953
-0.03997803
-0.02258301
-0.00122070
 0.02197266
 0.04364014
 0.06072998
 0.06866455
 0.06622314
 0.05584717
 0.04119873
 0.02410889
 0.00671387
-0.00915527
-0.02136230
-0.02777100
-0.02746582
-0.02014160
-0.00579834
 0.01312256
 0.03356934
 0.05249023
 0.06652832
 0.07354736
 0.07293701
 0.06652832
 0.05523682
 0.03936768
 0.01983643
-0.00061035
-0.01983643
-0.03479004
-0.04425049
-0.04577637
-0.03997803
-0.02685547
-0.00885010
 0.01159668
 0.03234863
 0.05004883
 0.06042480
 0.06225586
 0.05432129
 0.03845215
 0.01739502
-0.00549316
-0.02685547
-0.04425049
-0.05554199
-0.05859375
-0.05340576
-0.04089355
-0.02197266
 0.00000000
 0.02319336
 0.04333496
 0.05737305
 0.06317139
 0.06225586
 0.05462646
 0.04241943
 0.02685547
 0.00976563
-0.00701904
-0.02105713
-0.02960205
-0.03112793
-0.02532959
-0.01312256
 0.00457764
 0.02502441
 0.04516602
 0.06225586
 0.07263184
 0.07507324
 0.06835938
 0.05401611
 0.03479004
 0.01434326
-0.00488281
-0.02044678
-0.03051758
-0.03448486
-0.03204346
-0.02349854
-0.01007080
 0.00640869
 0.02319336
 0.03814697
 0.04821777
 0.05187988
 0.04882813
 0.03997803
 0.02655029
 0.01129150
-0.00427246
-0.01831055
-0.02929688
-0.03540039
-0.03662109
-0.03204346
-0.02197266
-0.00762939
 0.00762939
 0.02136230
 0.03234863
 0.03875732
 0.04028320
 0.03601074
 0.02441406
 0.00701904
-0.01403809
-0.03601074
-0.05523682
-0.06896973
-0.07568359
-0.07476807
-0.06652832
-0.05279541
-0.03479004
-0.01495361
 0.00457764
 0.02075195
 0.03051758
 0.03204346
 0.02624512
 0.01525879
 0.00122070
-0.01464844
-0.02960205
-0.04150391
-0.04882813
-0.05096436
-0.04669189
-0.03662109
-0.02166748
-0.00366211
 0.01495361
 0.03204346
 0.04455566
 0.05004883
 0.04760742
 0.03753662
 0.02105713
 0.00061035
-0.02136230
-0.04241943
-0.05981445
-0.07080078
-0.07568359
-0.07385254
-0.06561279
-0.05187988
-0.03540039
-0.01861572
-0.00457764
 0.00457764
 0.00701904
 0.00183105
-0.00976563
-0.02624512
-0.04364014
-0.06011963
-0.07385254
-0.08239746
-0.08605957
-0.08361816
-0.07598877
-0.06256104
-0.04547119
-0.02593994
-0.00732422
 0.00701904
 0.01525879
 0.01647949
 0.01220703
 0.00305176
-0.01007080
-0.02655029
-0.04333496
-0.05645752
-0.06439209
-0.06622314
-0.06256104
-0.05401611
-0.04180908
-0.02746582
-0.01312256
-0.00152588
 0.00671387
 0.00976563
 0.00732422
 0.00061035
-0.00915527
-0.02044678
-0.03143311
-0.03997803
-0.04425049
-0.04394531
-0.03845215
-0.02868652
-0.01617432
-0.00244141
 0.01129150
 0.02288818
 0.03051758
 0.03326416
 0.03112793
 0.02502441
 0.01495361
 0.00274658
-0.01037598
-0.02288818
-0.03326416
-0.04028320
-0.04272461
-0.04028320
-0.03295898
-0.02227783
-0.00976563
 0.00305176
 0.01434326
 0.02258301
 0.02593994
 0.02532959
 0.02075195
 0.01281738
 0.00396729
-0.00457764
-0.01129150
-0.01525879
-0.01495361
-0.01037598
-0.00274658
 0.00671387
 0.01708984
 0.02777100
 0.03723145
 0.04394531
 0.04730225
 0.04699707
 0.04333496
 0.03692627
 0.02868652
 0.01983643
 0.01068115
 0.00213623
-0.00396729
-0.00640869
-0.00457764
 0.00091553
 0.00946045
 0.01922607
 0.02807617
 0.03509521
 0.03906250
 0.03936768
 0.03631592
 0.02990723
 0.02075195
 0.01129150
 0.00305176
-0.00335693
-0.00701904
-0.00823975
-0.00579834
 0.00061035
 0.01098633
 0.02288818
 0.03387451
 0.04394531
 0.05187988
 0.05645752
 0.05737305
 0.05584717
 0.05096436
 0.04364014
 0.03448486
 0.02532959
 0.01770020
 0.01159668
 0.00762939
 0.00610352
 0.00671387
 0.00946045
 0.01342773
 0.01739502
 0.02044678
 0.02166748
 0.02105713
 0.01800537
 0.01312256
 0.00640869
-0.00183105
-0.01007080
-0.01617432
-0.01983643
-0.02075195
-0.01831055
-0.01312256
-0.00579834
 0.00213623
 0.01007080
 0.01678467
 0.02136230
 0.02410889
 0.02502441
 0.02380371
 0.02197266
 0.01922607
 0.01525879
 0.01159668
 0.00793457
 0.00488281
 0.00366211
 0.00457764
 0.00671387
 0.01007080
 0.01373291
 0.01800537
 0.02166748
 0.02349854
 0.02380371
 0.02166748
 0.01770020
 0.01220703
 0.00610352
-0.00030518
-0.00518799
-0.00823975
-0.00946045
-0.00823975
-0.00549316
-0.00091553
 0.00427246
 0.01007080
 0.01586914
 0.01983643
 0.02258301
 0.02319336
 0.02197266
 0.01983643
 0.01770020
 0.01525879
 0.01190186
 0.00732422
 0.00305176
 0.00030518
-0.00122070
-0.00183105
-0.00091553
 0.00030518
 0.00122070
 0.00213623
 0.00152588
 0.00030518
-0.00152588
-0.00366211
-0.00610352
-0.00885010
-0.01159668
-0.01434326
-0.01617432
-0.01678467
-0.01708984
-0.01678467
-0.01556396
-0.01342773
-0.00976563
-0.00610352
-0.00274658
-0.00061035
 0.00000000
-0.00061035
-0.00152588
-0.00244141
-0.00335693
-0.00396729
-0.00427246
-0.00457764
-0.00488281
-0.00457764
-0.00366211
-0.00274658
-0.00183105
-0.00122070
-0.00030518
 0.00091553
 0.00274658
 0.00457764
 0.00701904
 0.00976563
 0.01159668
 0.01312256
 0.01373291
 0.01312256
 0.01190186
 0.01098633
 0.01037598
 0.00976563
 0.00854492
 0.00640869
 0.00427246
 0.00213623
 0.00030518
-0.00091553
-0.00183105
-0.00274658
-0.00335693
-0.00244141
-0.00061035
 0.00152588
 0.00396729
 0.00579834
 0.00701904
 0.00793457
 0.00885010
 0.00946045
 0.01007080
 0.01068115
 0.01068115
 0.01037598
 0.00976563
 0.00915527
 0.00885010
 0.00854492
 0.00823975
 0.00793457
 0.00732422
 0.00671387
 0.00640869
 0.00610352
 0.00610352
 0.00549316
 0.00488281
 0.00457764
 0.00488281
 0.00610352
 0.00854492
 0.01037598
 0.01159668
 0.01220703
 0.01220703
 0.01220703
 0.01220703
 0.01190186
 0.01190186
 0.01159668
 0.01098633
 0.01007080
 0.00885010
 0.00732422
 0.00610352
 0.00396729
 0.00122070
-0.00091553
-0.00244141
-0.00274658
-0.00274658
-0.00305176
-0.00366211
-0.00518799
-0.00732422
-0.01037598
-0.01342773
-0.01556396
-0.01739502
-0.02014160
-0.02319336
-0.02655029
-0.02929688
-0.03143311
-0.03417969
-0.03631592
-0.03753662
-0.03784180
-0.03692627
-0.03570557
-0.03417969
-0.03234863
-0.03051758
-0.02929688
-0.02899170
-0.02990723
-0.03051758
-0.03143311
-0.03295898
-0.03417969
-0.03570557
-0.03753662
-0.03845215
-0.03845215
-0.03753662
-0.03540039
-0.03234863
-0.02807617
-0.02410889
-0.02075195
-0.01892090
-0.01800537
-0.01861572
-0.02014160
-0.02136230
-0.02197266
-0.02227783
-0.02258301
-0.02227783
-0.02136230
-0.01953125
-0.01739502
-0.01495361
-0.01281738
-0.01068115
-0.00885010
-0.00762939
-0.00762939
-0.00854492
-0.01007080
-0.01312256
-0.01770020
-0.02288818
-0.02716064
-0.03051758
-0.03326416
-0.03479004
-0.03448486
-0.03234863
-0.02838135
-0.02349854
-0.01831055
-0.01434326
-0.01190186
-0.01037598
-0.00885010
-0.00762939
-0.00671387
-0.00701904
-0.00793457
-0.00823975
-0.00823975
-0.00793457
-0.00640869
-0.00427246
-0.00152588
 0.00183105
 0.00518799
 0.00762939
 0.00976563
 0.01159668
 0.01220703
 0.01251221
 0.01159668
 0.00915527
 0.00640869
 0.00396729
 0.00244141
 0.00213623
 0.00335693
 0.00549316
 0.00854492
 0.01281738
 0.01708984
 0.02105713
 0.02349854
 0.02563477
 0.02655029
 0.02655029
 0.02532959
 0.02288818
 0.01953125
 0.01647949
 0.01373291
 0.01220703
 0.01220703
 0.01403809
 0.01647949
 0.01922607
 0.02197266
 0.02441406
 0.02624512
 0.02716064
 0.02777100
 0.02746582
 0.02624512
 0.02349854
 0.01953125
 0.01495361
 0.01068115
 0.00701904
 0.00427246
 0.00274658
 0.00244141
 0.00366211
 0.00579834
 0.00823975
 0.01129150
 0.01434326
 0.01647949
 0.01770020
 0.01708984
 0.01586914
 0.01495361
 0.01434326
 0.01403809
 0.01373291
 0.01342773
 0.01342773
 0.01495361
 0.01770020
 0.02136230
 0.02471924
 0.02777100
 0.03021240
 0.03173828
 0.03234863
 0.03173828
 0.02929688
 0.02655029
 0.02349854
 0.02075195
 0.01800537
 0.01464844
 0.01159668
 0.00976563
 0.00885010
 0.00946045
 0.01007080
 0.01098633
 0.01281738
 0.01434326
 0.01464844
 0.01434326
 0.01342773
 0.01190186
 0.00976563
 0.00762939
 0.00549316
 0.00427246
 0.00396729
 0.00457764
 0.00549316
 0.00732422
 0.00946045
 0.01190186
 0.01434326
 0.01586914
 0.01647949
 0.01647949
 0.01647949
 0.01586914
 0.01464844
 0.01251221
 0.01007080
 0.00732422
 0.00335693
-0.00061035
-0.00366211
-0.00549316
-0.00579834
-0.00579834
-0.00640869
-0.00640869
-0.00610352
-0.00579834
-0.00488281
-0.00396729
-0.00366211
-0.00427246
-0.00518799
-0.00640869
-0.00732422
-0.00823975
-0.00915527
-0.00854492
-0.00701904
-0.00457764
-0.00274658
-0.00122070
 0.00000000
 0.00030518
-0.00030518
-0.00091553
-0.00152588
-0.00183105
-0.00244141
-0.00366211
-0.00518799
-0.00732422
-0.00976563
-0.01251221
-0.01525879
-0.01647949
-0.01647949
-0.01525879
-0.01342773
-0.01159668
-0.00946045
-0.00732422
-0.00549316
-0.00427246
-0.00366211
-0.00396729
-0.00488281
-0.00579834
-0.00701904
-0.00823975
-0.00915527
-0.01007080
-0.01037598
-0.01007080
-0.00885010
-0.00671387
-0.00366211
-0.00091553
 0.00091553
 0.00183105
 0.00213623
 0.00213623
 0.00152588
 0.00091553
 0.00000000
-0.00091553
-0.00183105
-0.00335693
-0.00488281
-0.00579834
-0.00610352
-0.00549316
-0.00305176
 0.00091553
 0.00518799
 0.00976563
 0.01373291
 0.01678467
 0.01861572
 0.01953125
 0.01922607
 0.01770020
 0.01586914
 0.01373291
 0.01220703
 0.01190186
 0.01312256
 0.01525879
 0.01800537
 0.02105713
 0.02410889
 0.02685547
 0.02838135
 0.02899170
 0.02899170
 0.02838135
 0.02685547
 0.02471924
 0.02197266
 0.01831055
 0.01434326
 0.01007080
 0.00610352
 0.00366211
 0.00274658
 0.00366211
 0.00579834
 0.00854492
 0.01068115
 0.01190186
 0.01281738
 0.01281738
 0.01190186
 0.00976563
 0.00610352
 0.00152588
-0.00244141
-0.00640869
-0.00885010
-0.01037598
-0.01068115
-0.00976563
-0.00732422
-0.00427246
-0.00152588
 0.00061035
 0.00122070
 0.00030518
-0.00213623
-0.00488281
-0.00915527
-0.01464844
-0.01983643
-0.02441406
-0.02838135
-0.03112793
-0.03204346
-0.03204346
-0.03112793
-0.02838135
-0.02471924
-0.02105713
-0.01770020
-0.01525879
-0.01373291
-0.01403809
-0.01647949
-0.01953125
-0.02349854
-0.02777100
-0.03143311
-0.03417969
-0.03540039
-0.03448486
-0.03112793
-0.02685547
-0.02288818
-0.01892090
-0.01586914
-0.01342773
-0.01190186
-0.01220703
-0.01373291
-0.01647949
-0.02105713
-0.02655029
-0.03082275
-0.03479004
-0.03753662
-0.03814697
-0.03723145
-0.03479004
-0.03082275
-0.02624512
-0.02166748
-0.01800537
-0.01556396
-0.01434326
-0.01464844
-0.01647949
-0.01983643
-0.02410889
-0.02777100
-0.03082275
-0.03356934
-0.03479004
-0.03417969
-0.03082275
-0.02593994
-0.02014160
-0.01403809
-0.00915527
-0.00579834
-0.00457764
-0.00427246
-0.00579834
-0.00915527
-0.01312256
-0.01647949
-0.01953125
-0.02166748
-0.02227783
-0.02105713
-0.01831055
-0.01495361
-0.01007080
-0.00366211
 0.00244141
 0.00762939
 0.01159668
 0.01403809
 0.01495361
 0.01373291
 0.01159668
 0.00854492
 0.00488281
 0.00213623
 0.00030518
 0.00030518
 0.00183105
 0.00457764
 0.00915527
 0.01495361
 0.02044678
 0.02471924
 0.02777100
 0.02960205
 0.02929688
 0.02746582
 0.02410889
 0.02014160
 0.01647949
 0.01312256
 0.00946045
 0.00701904
 0.00640869
 0.00762939
 0.00976563
 0.01312256
 0.01617432
 0.01953125
 0.02227783
 0.02471924
 0.02655029
 0.02685547
 0.02502441
 0.02136230
 0.01770020
 0.01373291
 0.01037598
 0.00762939
 0.00671387
 0.00701904
 0.00915527
 0.01312256
 0.01861572
 0.02410889
 0.02990723
 0.03417969
 0.03723145
 0.03875732
 0.03845215
 0.03631592
 0.03295898
 0.02807617
 0.02319336
 0.01892090
 0.01556396
 0.01373291
 0.01373291
 0.01617432
 0.01983643
 0.02319336
 0.02563477
 0.02777100
 0.02990723
 0.03173828
 0.03265381
 0.03143311
 0.02899170
 0.02593994
 0.02258301
 0.01892090
 0.01556396
 0.01342773
 0.01190186
 0.01159668
 0.01312256
 0.01556396
 0.01892090
 0.02258301
 0.02441406
 0.02502441
 0.02349854
 0.02075195
 0.01708984
 0.01312256
 0.00823975
 0.00244141
-0.00274658
-0.00732422
-0.01007080
-0.01159668
-0.01190186
-0.01129150
-0.01007080
-0.00854492
-0.00701904
-0.00579834
-0.00488281
-0.00518799
-0.00701904
-0.00915527
-0.01190186
-0.01525879
-0.01861572
-0.02136230
-0.02319336
-0.02349854
-0.02288818
-0.02136230
-0.01922607
-0.01556396
-0.01129150
-0.00701904
-0.00427246
-0.00274658
-0.00274658
-0.00488281
-0.00885010
-0.01312256
-0.01770020
-0.02166748
-0.02471924
-0.02716064
-0.02777100
-0.02716064
-0.02502441
-0.02227783
-0.01922607
-0.01617432
-0.01281738
-0.00976563
-0.00793457
-0.00732422
-0.00762939
-0.00915527
-0.01129150
-0.01373291
-0.01556396
-0.01739502
-0.01739502
-0.01617432
-0.01373291
-0.01098633
-0.00701904
-0.00244141
 0.00213623
 0.00579834
 0.00823975
 0.00915527
 0.00854492
 0.00671387
 0.00366211
 0.00000000
-0.00366211
-0.00671387
-0.00885010
-0.00915527
-0.00762939
-0.00488281
-0.00152588
 0.00274658
 0.00701904
 0.01159668
 0.01464844
 0.01678467
 0.01770020
 0.01770020
 0.01708984
 0.01525879
 0.01281738
 0.00976563
 0.00732422
 0.00610352
 0.00640869
 0.00762939
 0.01007080
 0.01312256
 0.01708984
 0.02197266
 0.02624512
 0.02929688
 0.03051758
 0.03021240
 0.02807617
 0.02441406
 0.01983643
 0.01525879
 0.01068115
 0.00762939
 0.00549316
 0.00549316
 0.00671387
 0.00976563
 0.01312256
 0.01617432
 0.01922607
 0.02136230
 0.02197266
 0.02197266
 0.02075195
 0.01831055
 0.01525879
 0.01190186
 0.00823975
 0.00549316
 0.00427246
 0.00457764
 0.00549316
 0.00732422
 0.01007080
 0.01373291
 0.01770020
 0.02136230
 0.02441406
 0.02593994
 0.02563477
 0.02380371
 0.02014160
 0.01495361
 0.00915527
 0.00335693
-0.00122070
-0.00457764
-0.00640869
-0.00671387
-0.00549316
-0.00366211
-0.00213623
-0.00030518
 0.00122070
 0.00213623
 0.00213623
 0.00122070
-0.00091553
-0.00396729
-0.00762939
-0.01098633
-0.01373291
-0.01556396
-0.01647949
-0.01708984
-0.01708984
-0.01556396
-0.01342773
-0.01098633
-0.00885010
-0.00671387
-0.00549316
-0.00518799
-0.00671387
-0.00976563
-0.01342773
-0.01800537
-0.02227783
-0.02655029
-0.02960205
-0.03143311
-0.03204346
-0.03143311
-0.03051758
-0.02899170
-0.02716064
-0.02532959
-0.02441406
-0.02380371
-0.02410889
-0.02502441
-0.02716064
-0.02960205
-0.03173828
-0.03326416
-0.03479004
-0.03570557
-0.03601074
-0.03509521
-0.03295898
-0.02990723
-0.02685547
-0.02349854
-0.02105713
-0.01922607
-0.01861572
-0.01831055
-0.01831055
-0.01953125
-0.02166748
-0.02380371
-0.02593994
-0.02807617
-0.02990723
-0.03051758
-0.02960205
-0.02746582
-0.02471924
-0.02197266
-0.01953125
-0.01800537
-0.01708984
-0.01647949
-0.01586914
-0.01678467
-0.01800537
-0.01922607
-0.01892090
-0.01861572
-0.01831055
-0.01831055
-0.01770020
-0.01617432
-0.01373291
-0.01068115
-0.00762939
-0.00488281
-0.00274658
-0.00091553
 0.00030518
 0.00000000
-0.00091553
-0.00213623
-0.00396729
-0.00610352
-0.00762939
-0.00854492
-0.00823975
-0.00732422
-0.00518799
-0.00274658
-0.00030518
 0.00244141
 0.00518799
 0.00732422
 0.00885010
 0.00915527
 0.00885010
 0.00823975
 0.00793457
 0.00671387
 0.00610352
 0.00579834
 0.00701904
 0.00823975
 0.00946045
 0.01129150
 0.01373291
 0.01586914
 0.01831055
 0.02136230
 0.02380371
 0.02532959
 0.02593994
 0.02532959
 0.02349854
 0.02105713
 0.01770020
 0.01495361
 0.01281738
 0.01220703
 0.01251221
 0.01342773
 0.01556396
 0.01831055
 0.02075195
 0.02288818
 0.02410889
 0.02441406
 0.02410889
 0.02380371
 0.02288818
 0.02105713
 0.01922607
 0.01800537
 0.01678467
 0.01617432
 0.01708984
 0.01831055
 0.02014160
 0.02258301
 0.02563477
 0.02807617
 0.02990723
 0.03112793
 0.03143311
 0.03112793
 0.02960205
 0.02746582
 0.02441406
 0.02044678
 0.01647949
 0.01312256
 0.01037598
 0.00885010
 0.00823975
 0.00854492
 0.01007080
 0.01190186
 0.01342773
 0.01495361
 0.01525879
 0.01434326
 0.01190186
 0.00915527
 0.00640869
 0.00457764
 0.00335693
 0.00213623
 0.00152588
 0.00152588
 0.00244141
 0.00366211
 0.00518799
 0.00671387
 0.00854492
 0.01037598
 0.01220703
 0.01342773
 0.01312256
 0.01159668
 0.00854492
 0.00579834
 0.00305176
 0.00000000
-0.00213623
-0.00366211
-0.00396729
-0.00274658
-0.00122070
 0.00061035
 0.00213623
 0.00335693
 0.00488281
 0.00518799
 0.00457764
 0.00335693
 0.00152588
-0.00122070
-0.00396729
-0.00610352
-0.00823975
-0.01007080
-0.01098633
-0.01007080
-0.00823975
-0.00671387
-0.00488281
-0.00305176
-0.00183105
-0.00152588
-0.00122070
-0.00152588
-0.00244141
-0.00366211
-0.00610352
-0.00854492
-0.01129150
-0.01373291
-0.01495361
-0.01556396
-0.01556396
-0.01556396
-0.01495361
-0.01342773
-0.01220703
-0.01068115
-0.00885010
-0.00793457
-0.00762939
-0.00823975
-0.00915527
-0.01037598
-0.01159668
-0.01251221
-0.01190186
-0.01068115
-0.00915527
-0.00762939
-0.00549316
-0.00305176
-0.00091553
 0.00152588
 0.00366211
 0.00518799
 0.00640869
 0.00732422
 0.00762939
 0.00701904
 0.00640869
 0.00549316
 0.00457764
 0.00366211
 0.00366211
 0.00396729
 0.00488281
 0.00640869
 0.00823975
 0.01068115
 0.01281738
 0.01373291
 0.01373291
 0.01312256
 0.01220703
 0.01098633
 0.00946045
 0.00701904
 0.00518799
 0.00366211
 0.00274658
 0.00183105
 0.00122070
 0.00152588
 0.00335693
 0.00488281
 0.00579834
 0.00671387
 0.00762939
 0.00823975
 0.00732422
 0.00671387
 0.00579834
 0.00427246
 0.00305176
 0.00122070
-0.00030518
-0.00152588
-0.00183105
-0.00183105
-0.00152588
-0.00030518
 0.00061035
 0.00213623
 0.00335693
 0.00396729
 0.00396729
 0.00335693
 0.00244141
 0.00091553
-0.00091553
-0.00305176
-0.00488281
-0.00579834
-0.00579834
-0.00549316
-0.00457764
-0.00305176
-0.00152588
 0.00030518
 0.00183105
 0.00305176
 0.00305176
 0.00274658
 0.00213623
 0.00152588
 0.00000000
-0.00183105
-0.00396729
-0.00610352
-0.00762939
-0.00885010
-0.00946045
-0.01007080
-0.01007080
-0.00946045
-0.00854492
-0.00732422
-0.00701904
-0.00732422
-0.00793457
-0.00915527
-0.01098633
-0.01312256
-0.01464844
-0.01556396
-0.01678467
-0.01800537
-0.01831055
-0.01739502
-0.01586914
-0.01403809
-0.01251221
-0.01098633
-0.00946045
-0.00823975
-0.00701904
-0.00671387
-0.00701904
-0.00762939
-0.00915527
-0.01098633
-0.01251221
-0.01464844
-0.01647949
-0.01708984
-0.01708984
-0.01678467
-0.01556396
-0.01403809
-0.01220703
-0.01037598
-0.00946045
-0.00885010
-0.00976563
-0.01129150
-0.01312256
-0.01525879
-0.01739502
-0.01861572
-0.01983643
-0.02014160
-0.01953125
-0.01861572
-0.01647949
-0.01434326
-0.01190186
-0.00946045
-0.00762939
-0.00610352
-0.00518799
-0.00518799
-0.00579834
-0.00671387
-0.00823975
-0.00976563
-0.01098633
-0.01190186
-0.01251221
-0.01220703
-0.01098633
-0.00915527
-0.00701904
-0.00457764
-0.00213623
 0.00000000
 0.00122070
 0.00122070
 0.00000000
-0.00183105
-0.00427246
-0.00640869
-0.00762939
-0.00885010
-0.00946045
-0.00915527
-0.00701904
-0.00427246
-0.00183105
 0.00000000
 0.00213623
 0.00396729
 0.00549316
 0.00671387
 0.00671387
 0.00610352
 0.00488281
 0.00305176
 0.00152588
 0.00000000
-0.00091553
-0.00183105
-0.00244141
-0.00152588
 0.00030518
 0.00213623
 0.00366211
 0.00518799
 0.00671387
 0.00793457
 0.00823975
 0.00701904
 0.00488281
 0.00305176
 0.00091553
-0.00061035
-0.00183105
-0.00213623
-0.00213623
-0.00091553
 0.00091553
 0.00274658
 0.00457764
 0.00640869
 0.00854492
 0.01037598
 0.01098633
 0.01159668
 0.01129150
 0.01068115
 0.00976563
 0.00915527
 0.00854492
 0.00762939
 0.00640869
 0.00610352
 0.00640869
 0.00793457
 0.00915527
 0.01007080
 0.01129150
 0.01220703
 0.01281738
 0.01190186
 0.01068115
 0.00946045
 0.00762939
 0.00579834
 0.00396729
 0.00305176
 0.00244141
 0.00244141
 0.00244141
 0.00335693
 0.00488281
 0.00640869
 0.00823975
 0.00976563
 0.01129150
 0.01220703
 0.01220703
 0.01251221
 0.01190186
 0.01129150
 0.01098633
 0.01007080
 0.00885010
 0.00762939
 0.00610352
 0.00488281
 0.00366211
 0.00366211
 0.00457764
 0.00549316
 0.00640869
 0.00732422
 0.00762939
 0.00793457
 0.00762939
 0.00640869
 0.00518799
 0.00427246
 0.00335693
 0.00274658
 0.00213623
 0.00305176
 0.00396729
 0.00488281
 0.00579834
 0.00732422
 0.00885010
 0.01037598
 0.01190186
 0.01281738
 0.01312256
 0.01281738
 0.01220703
 0.01190186
 0.01098633
 0.00976563
 0.00823975
 0.00671387
 0.00579834
 0.00579834
 0.00640869
 0.00671387
 0.00732422
 0.00793457
 0.00823975
 0.00885010
 0.00885010
 0.00854492
 0.00793457
 0.00732422
 0.00610352
 0.00457764
 0.00335693
 0.00274658
 0.00183105
 0.00183105
 0.00274658
 0.00427246
 0.00579834
 0.00732422
 0.00885010
 0.01007080
 0.01037598
 0.01037598
 0.01007080
 0.00854492
 0.00701904
 0.00549316
 0.00427246
 0.00274658
 0.00152588
 0.00030518
-0.00061035
-0.00122070
-0.00152588
-0.00122070
-0.00122070
-0.00030518
 0.00091553
 0.00152588
 0.00091553
 0.00061035
-0.00030518
-0.00122070
-0.00183105
-0.00274658
-0.00366211
-0.00427246
-0.00457764
-0.00427246
-0.00396729
-0.00335693
-0.00244141
-0.00152588
-0.00030518
 0.00091553
 0.00152588
 0.00213623
 0.00183105
 0.00091553
-0.00030518
-0.00152588
-0.00305176
-0.00396729
-0.00457764
-0.00518799
-0.00518799
-0.00518799
-0.00488281
