-0.00030518
-0.00030518
 0.00000000
-0.00030518
-0.00061035
-0.00061035
-0.00030518
 0.00000000
 0.00000000
-0.00030518
-0.00061035
-0.00061035
-0.00030518
-0.00030518
-0.00030518
-0.00061035
-0.00061035
-0.00030518
 0.00000000
 0.00000000
 0.00000000
-0.00030518
-0.00061035
-0.00061035
-0.00030518
 0.00030518
 0.00030518
 0.00000000
 0.00000000
-0.00030518
-0.00061035
-0.00061035
-0.00061035
-0.00091553
-0.00061035
 0.00000000
 0.00030518
 0.00000000
 0.00000000
 0.00000000
 0.00000000
-0.00030518
-0.00061035
-0.00030518
-0.00030518
 0.00000000
-0.00030518
-0.00061035
-0.00091553
-0.00061035
-0.00061035
-0.00091553
-0.00091553
-0.00030518
 0.00000000
 0.00000000
-0.00030518
-0.00061035
-0.00061035
-0.00061035
-0.00061035
-0.00061035
-0.00030518
-0.00030518
-0.00061035
-0.00091553
-0.00091553
-0.00030518
-0.00030518
-0.00061035
-0.00091553
-0.00152588
-0.00122070
-0.00091553
-0.00061035
-0.00030518
-0.00030518
-0.00030518
-0.00030518
-0.00091553
-0.00091553
-0.00030518
-0.00030518
-0.00061035
-0.00061035
-0.00061035
-0.00030518
-0.00030518
-0.00061035
-0.00061035
-0.00061035
-0.00030518
-0.00030518
 0.00030518
 0.00183105
 0.00640869
 0.01678467
 0.03570557
 0.05950928
 0.07568359
 0.05371094
-0.04852295
-0.22888184
-0.40283203
-0.48828125
-0.37811279
-0.14190674
 0.09155273
 0.38970947
 0.43518066
 0.28411865
 0.09460449
-0.00823975
 0.05950928
 0.18249512
 0.31005859
 0.21423340
 0.04913330
-0.15594482
-0.29449463
-0.33416748
-0.33325195
-0.33294678
-0.26519775
-0.07965088
 0.14526367
 0.38848877
 0.42114258
 0.34515381
 0.21331787
 0.02075195
-0.07873535
-0.07720947
-0.08209229
-0.10009766
-0.08148193
-0.03845215
-0.01770020
-0.00610352
 0.03021240
 0.05462646
 0.01647949
-0.03448486
-0.01617432
 0.04791260
 0.12817383
 0.20019531
 0.20355225
 0.03692627
-0.26153564
-0.46142578
-0.42083740
-0.23864746
-0.02441406
 0.25054932
 0.43579102
 0.35522461
 0.18920898
 0.05889893
 0.01281738
 0.00488281
 0.00854492
 0.01678467
-0.00244141
-0.06011963
-0.09490967
-0.07812500
-0.04974365
-0.03753662
-0.03173828
-0.00305176
 0.06042480
 0.14434814
 0.23193359
 0.29388428
 0.28137207
 0.15808105
 0.01220703
-0.08239746
-0.13000488
-0.15808105
-0.16662598
-0.15350342
-0.11657715
-0.05432129
 0.02380371
 0.09124756
 0.12359619
 0.10284424
 0.05340576
 0.03997803
 0.06744385
 0.10345459
 0.12359619
 0.08575439
-0.03234863
-0.15716553
-0.21301270
-0.20477295
-0.15167236
-0.07019043
 0.00793457
 0.05920410
 0.08575439
 0.10040283
 0.09796143
 0.08392334
 0.07171631
 0.05828857
 0.02746582
-0.01831055
-0.05645752
-0.08453369
-0.10467529
-0.09765625
-0.05096436
 0.01861572
 0.08422852
 0.13580322
 0.17303467
 0.17822266
 0.13946533
 0.09796143
 0.09246826
 0.10101318
 0.09460449
 0.05920410
-0.00122070
-0.08880615
-0.19409180
-0.27740479
-0.32409668
-0.30792236
-0.25573730
-0.15655518
-0.02716064
 0.09155273
 0.17669678
 0.21789551
 0.19714355
 0.09033203
-0.05828857
-0.18829346
-0.28686523
-0.35705566
-0.35827637
-0.31311035
-0.26092529
-0.20050049
-0.13519287
-0.06988525
-0.01037598
 0.04272461
 0.09124756
 0.13000488
 0.14007568
 0.10223389
 0.03234863
-0.03479004
-0.08392334
-0.10772705
-0.10711670
-0.09704590
-0.08880615
-0.07812500
-0.05004883
-0.00244141
 0.05737305
 0.12115479
 0.17608643
 0.20812988
 0.19775391
 0.15258789
 0.10070801
 0.05004883
-0.00122070
-0.04272461
-0.06988525
-0.08422852
-0.08026123
-0.05187988
-0.00915527
 0.03326416
 0.06652832
 0.08392334
 0.08300781
 0.06896973
 0.04516602
 0.00915527
-0.04089355
-0.09307861
-0.12329102
-0.12176514
-0.09826660
-0.06561279
-0.03356934
-0.01159668
-0.00671387
-0.00701904
 0.00823975
 0.03845215
 0.07232666
 0.09460449
 0.08789063
 0.05432129
 0.02166748
 0.01007080
 0.01525879
 0.02990723
 0.04943848
 0.07293701
 0.09674072
 0.11322021
 0.11657715
 0.10650635
 0.08605957
 0.06103516
 0.04516602
 0.04943848
 0.06988525
 0.09674072
 0.11901855
 0.12115479
 0.09185791
 0.04333496
 0.00518799
-0.00946045
-0.00427246
 0.01342773
 0.03997803
 0.07019043
 0.09674072
 0.11077881
 0.10803223
 0.08941650
 0.05401611
 0.00091553
-0.05950928
-0.11077881
-0.13885498
-0.14068604
-0.11932373
-0.08361816
-0.04394531
-0.00823975
 0.01617432
 0.02410889
 0.01953125
 0.00640869
-0.01312256
-0.03356934
-0.04974365
-0.06042480
-0.06958008
-0.08239746
-0.10406494
-0.13183594
-0.15472412
-0.15991211
-0.14343262
-0.10986328
-0.06561279
-0.01953125
 0.01708984
 0.02960205
 0.01220703
-0.00793457
-0.01098633
-0.00579834
-0.00671387
-0.01922607
-0.03631592
-0.04669189
-0.04608154
-0.03417969
-0.01312256
 0.01312256
 0.04028320
 0.06561279
 0.08850098
 0.10772705
 0.11871338
 0.11688232
 0.10192871
 0.07751465
 0.05035400
 0.02777100
 0.01220703
 0.00122070
-0.01129150
-0.02532959
-0.03601074
-0.03723145
-0.02777100
-0.00915527
 0.01434326
 0.03662109
 0.05279541
 0.05767822
 0.05096436
 0.03479004
 0.01037598
-0.02014160
-0.05004883
-0.07385254
-0.08575439
-0.08483887
-0.07202148
-0.05126953
-0.02899170
-0.01281738
-0.00518799
-0.00091553
 0.00915527
 0.02716064
 0.04730225
 0.05981445
 0.05523682
 0.03326416
 0.00457764
-0.01922607
-0.03509521
-0.04241943
-0.04272461
-0.03570557
-0.02258301
-0.00366211
 0.01953125
 0.04302979
 0.06042480
 0.06683350
 0.06195068
 0.05157471
 0.04241943
 0.03814697
 0.03845215
 0.04058838
 0.04119873
 0.03875732
 0.03234863
 0.02319336
 0.01403809
 0.00518799
-0.00305176
-0.01037598
-0.01647949
-0.01831055
-0.01434326
-0.00640869
 0.00213623
 0.00579834
 0.00091553
-0.01098633
-0.02349854
-0.03112793
-0.03265381
-0.03082275
-0.02777100
-0.02624512
-0.02502441
-0.02075195
-0.01037598
 0.00488281
 0.02319336
 0.03967285
 0.05096436
 0.05645752
 0.05950928
 0.06347656
 0.06744385
 0.06805420
 0.06378174
 0.05645752
 0.04760742
 0.03906250
 0.03051758
 0.02136230
 0.01068115
-0.00091553
-0.01129150
-0.01770020
-0.02014160
-0.02014160
-0.01831055
-0.01586914
-0.01403809
-0.01281738
-0.01129150
-0.00854492
-0.00518799
-0.00457764
-0.00946045
-0.01953125
-0.03082275
-0.03967285
-0.04394531
-0.04211426
-0.03631592
-0.02990723
-0.02471924
-0.02075195
-0.01892090
-0.01831055
-0.01861572
-0.01770020
-0.01495361
-0.01007080
-0.00427246
 0.00061035
 0.00366211
 0.00396729
 0.00183105
-0.00091553
-0.00274658
-0.00183105
 0.00152588
 0.00762939
 0.01647949
 0.02563477
 0.03417969
 0.03936768
 0.04028320
 0.03784180
 0.03387451
 0.02899170
 0.02349854
 0.01647949
 0.00671387
-0.00518799
-0.01647949
-0.02410889
-0.02655029
-0.02410889
-0.01892090
-0.01281738
-0.00823975
-0.00518799
-0.00335693
-0.00244141
-0.00183105
-0.00244141
-0.00305176
-0.00335693
-0.00213623
-0.00030518
 0.00091553
 0.00000000
-0.00427246
-0.01068115
-0.01800537
-0.02197266
-0.02197266
-0.01922607
-0.01464844
-0.01098633
-0.01007080
-0.01251221
-0.01708984
-0.02197266
-0.02624512
-0.03143311
-0.03814697
-0.04516602
-0.04974365
-0.05035400
-0.04760742
-0.04272461
-0.03845215
-0.03601074
-0.03479004
-0.03234863
-0.02655029
-0.01922607
-0.01281738
-0.00976563
-0.01129150
-0.01647949
-0.02349854
-0.03021240
-0.03570557
-0.03967285
-0.04150391
-0.04089355
-0.03723145
-0.03143311
-0.02441406
-0.01770020
-0.01342773
-0.01220703
-0.01281738
-0.01312256
-0.01220703
-0.00976563
-0.00823975
-0.00946045
-0.01556396
-0.02502441
-0.03448486
-0.04150391
-0.04577637
-0.04882813
-0.05126953
-0.05249023
-0.05218506
-0.04913330
-0.04302979
-0.03509521
-0.02716064
-0.02227783
-0.02136230
-0.02441406
-0.02899170
-0.03417969
-0.03906250
-0.04333496
-0.04577637
-0.04577637
-0.04333496
-0.03814697
-0.03173828
-0.02471924
-0.01739502
-0.00946045
-0.00152588
 0.00549316
 0.01129150
 0.01403809
 0.01525879
 0.01586914
 0.01647949
 0.01861572
 0.02288818
 0.02868652
 0.03509521
 0.04058838
 0.04394531
 0.04516602
 0.04638672
 0.04974365
 0.05584717
 0.06500244
 0.07537842
 0.08453369
 0.09033203
 0.09246826
 0.09033203
 0.08605957
 0.08117676
 0.07598877
 0.07080078
 0.06469727
 0.05828857
 0.05218506
 0.04730225
 0.04486084
 0.04455566
 0.04486084
 0.04486084
 0.04425049
 0.04364014
 0.04364014
 0.04425049
 0.04547119
 0.04638672
 0.04638672
 0.04577637
 0.04547119
 0.04394531
 0.04150391
 0.03723145
 0.03204346
 0.02655029
 0.02258301
 0.02075195
 0.02105713
 0.02380371
 0.02685547
 0.02777100
 0.02655029
 0.02410889
 0.02166748
 0.02166748
 0.02380371
 0.02685547
 0.03051758
 0.03479004
 0.03936768
 0.04547119
 0.05249023
 0.05889893
 0.06347656
 0.06378174
 0.06042480
 0.05554199
 0.05096436
 0.04669189
 0.04180908
 0.03692627
 0.03326416
 0.02990723
 0.02655029
 0.02258301
 0.01800537
 0.01312256
 0.00823975
 0.00396729
 0.00091553
 0.00000000
 0.00091553
 0.00122070
-0.00030518
-0.00488281
-0.01220703
-0.02014160
-0.02624512
-0.02899170
-0.02960205
-0.02868652
-0.02807617
-0.02899170
-0.03143311
-0.03356934
-0.03570557
-0.03845215
-0.04241943
-0.04852295
-0.05554199
-0.06164551
-0.06561279
-0.06652832
-0.06408691
-0.05950928
-0.05340576
-0.04638672
-0.03845215
-0.03082275
-0.02502441
-0.02136230
-0.02014160
-0.02136230
-0.02288818
-0.02410889
-0.02502441
-0.02685547
-0.03051758
-0.03692627
-0.04425049
-0.05004883
-0.05279541
-0.05126953
-0.04638672
-0.03936768
-0.03295898
-0.02868652
-0.02716064
-0.02655029
-0.02746582
-0.03051758
-0.03479004
-0.03967285
-0.04425049
-0.04669189
-0.04608154
-0.04150391
-0.03326416
-0.02319336
-0.01190186
 0.00000000
 0.01129150
 0.02136230
 0.02777100
 0.02929688
 0.02593994
 0.01953125
 0.01190186
 0.00427246
-0.00274658
-0.00976563
-0.01708984
-0.02349854
-0.02777100
-0.02990723
-0.02777100
-0.02166748
-0.01312256
-0.00335693
 0.00518799
 0.01190186
 0.01586914
 0.01770020
 0.01708984
 0.01403809
 0.00762939
-0.00061035
-0.00885010
-0.01556396
-0.01861572
-0.01678467
-0.01098633
-0.00244141
 0.00579834
 0.01251221
 0.01739502
 0.02014160
 0.02014160
 0.01831055
 0.01434326
 0.00946045
 0.00396729
-0.00091553
-0.00457764
-0.00762939
-0.00946045
-0.00976563
-0.00732422
-0.00213623
 0.00579834
 0.01586914
 0.02624512
 0.03479004
 0.04058838
 0.04272461
 0.04150391
 0.03845215
 0.03326416
 0.02655029
 0.01831055
 0.00885010
 0.00030518
-0.00549316
-0.00671387
-0.00305176
 0.00366211
 0.01129150
 0.01708984
 0.01983643
 0.01983643
 0.01678467
 0.01220703
 0.00579834
-0.00152588
-0.00885010
-0.01525879
-0.02014160
-0.02319336
-0.02410889
-0.02258301
-0.01861572
-0.01251221
-0.00488281
 0.00335693
 0.01190186
 0.01953125
 0.02532959
 0.02746582
 0.02532959
 0.01953125
 0.01281738
 0.00518799
-0.00213623
-0.00915527
-0.01464844
-0.01770020
-0.01708984
-0.01312256
-0.00640869
 0.00152588
 0.00793457
 0.01098633
 0.01098633
 0.00793457
 0.00366211
-0.00152588
-0.00732422
-0.01373291
-0.02075195
-0.02685547
-0.03021240
-0.03112793
-0.02990723
-0.02777100
-0.02563477
-0.02380371
-0.02166748
-0.01892090
-0.01556396
-0.01190186
-0.00915527
-0.00946045
-0.01190186
-0.01556396
-0.01800537
-0.01861572
-0.01770020
-0.01647949
-0.01464844
-0.01159668
-0.00701904
-0.00091553
 0.00579834
 0.01251221
 0.01617432
 0.01586914
 0.01190186
 0.00518799
-0.00305176
-0.01190186
-0.01983643
-0.02502441
-0.02685547
-0.02624512
-0.02349854
-0.02014160
-0.01708984
-0.01556396
-0.01556396
-0.01617432
-0.01647949
-0.01678467
-0.01708984
-0.01800537
-0.02044678
-0.02471924
-0.03082275
-0.03631592
-0.03997803
-0.04119873
-0.03906250
-0.03509521
-0.02960205
-0.02197266
-0.01251221
-0.00274658
 0.00640869
 0.01312256
 0.01556396
 0.01281738
 0.00732422
 0.00091553
-0.00427246
-0.00701904
-0.00732422
-0.00488281
 0.00000000
 0.00701904
 0.01525879
 0.02410889
 0.03234863
 0.03997803
 0.04638672
 0.05096436
 0.05432129
 0.05615234
 0.05645752
 0.05554199
 0.05340576
 0.04943848
 0.04486084
 0.04028320
 0.03692627
 0.03509521
 0.03448486
 0.03540039
 0.03784180
 0.04058838
 0.04302979
 0.04394531
 0.04425049
 0.04180908
 0.03570557
 0.02624512
 0.01525879
 0.00427246
-0.00488281
-0.01068115
-0.01373291
-0.01434326
-0.01312256
-0.01068115
-0.00701904
-0.00274658
 0.00122070
 0.00427246
 0.00549316
 0.00518799
 0.00366211
 0.00274658
 0.00213623
 0.00152588
 0.00061035
 0.00030518
 0.00000000
 0.00000000
 0.00122070
 0.00427246
 0.00915527
 0.01495361
 0.02105713
 0.02655029
 0.03112793
 0.03356934
 0.03417969
 0.03295898
 0.02929688
 0.02319336
 0.01586914
 0.00885010
 0.00427246
 0.00305176
 0.00457764
 0.00854492
 0.01373291
 0.01892090
 0.02319336
 0.02563477
 0.02593994
 0.02502441
 0.02288818
 0.01983643
 0.01678467
 0.01373291
 0.01159668
 0.00915527
 0.00610352
 0.00183105
-0.00335693
-0.00885010
-0.01281738
-0.01434326
-0.01342773
-0.01068115
-0.00732422
-0.00549316
-0.00427246
-0.00335693
-0.00274658
-0.00305176
-0.00427246
-0.00701904
-0.00976563
-0.01190186
-0.01220703
-0.01007080
-0.00549316
-0.00061035
 0.00274658
 0.00457764
 0.00549316
 0.00518799
 0.00427246
 0.00244141
 0.00030518
-0.00213623
-0.00488281
-0.00701904
-0.00885010
-0.01098633
-0.01281738
-0.01586914
-0.01953125
-0.02380371
-0.02746582
-0.03021240
-0.03112793
-0.03112793
-0.02990723
-0.02838135
-0.02685547
-0.02593994
-0.02593994
-0.02716064
-0.02960205
-0.03234863
-0.03479004
-0.03631592
-0.03509521
-0.03143311
-0.02624512
-0.02166748
-0.01831055
-0.01708984
-0.01678467
-0.01678467
-0.01586914
-0.01403809
-0.01220703
-0.01037598
-0.00915527
-0.00793457
-0.00671387
-0.00579834
-0.00518799
-0.00488281
-0.00549316
-0.00640869
-0.00671387
-0.00671387
-0.00549316
-0.00244141
 0.00061035
 0.00366211
 0.00671387
 0.00915527
 0.01098633
 0.01129150
 0.01007080
 0.00793457
 0.00549316
 0.00427246
 0.00457764
 0.00549316
 0.00732422
 0.00915527
 0.01037598
 0.00976563
 0.00823975
 0.00610352
 0.00427246
 0.00366211
 0.00335693
 0.00427246
 0.00518799
 0.00579834
 0.00671387
 0.00610352
 0.00427246
 0.00152588
-0.00244141
-0.00610352
-0.00915527
-0.01068115
-0.01098633
-0.01068115
-0.00885010
-0.00671387
-0.00488281
-0.00366211
-0.00244141
-0.00213623
-0.00244141
-0.00274658
-0.00274658
-0.00213623
-0.00091553
 0.00152588
 0.00427246
 0.00640869
 0.00732422
 0.00793457
 0.00732422
 0.00701904
 0.00762939
 0.01007080
 0.01312256
 0.01739502
 0.02075195
 0.02319336
 0.02410889
 0.02410889
 0.02227783
 0.01953125
 0.01586914
 0.01220703
 0.00946045
 0.00732422
 0.00610352
 0.00579834
 0.00549316
 0.00518799
 0.00396729
 0.00274658
 0.00061035
-0.00274658
-0.00640869
-0.00976563
-0.01220703
-0.01342773
-0.01342773
-0.01251221
-0.01159668
-0.01159668
-0.01190186
-0.01312256
-0.01464844
-0.01525879
-0.01556396
-0.01434326
-0.01159668
-0.00854492
-0.00518799
-0.00305176
-0.00274658
-0.00335693
-0.00488281
-0.00610352
-0.00732422
-0.00823975
-0.00854492
-0.00732422
-0.00488281
-0.00091553
 0.00335693
 0.00732422
 0.00946045
 0.00976563
 0.00885010
 0.00732422
 0.00640869
 0.00579834
 0.00610352
 0.00671387
 0.00732422
 0.00793457
 0.00885010
 0.00976563
 0.00946045
 0.00885010
 0.00823975
 0.00823975
 0.00946045
 0.01129150
 0.01434326
 0.01647949
 0.01800537
 0.01770020
 0.01556396
 0.01220703
 0.00854492
 0.00488281
 0.00152588
-0.00122070
-0.00335693
-0.00335693
-0.00244141
-0.00152588
-0.00122070
-0.00183105
-0.00335693
-0.00549316
-0.00762939
-0.00976563
-0.01220703
-0.01464844
-0.01678467
-0.01861572
-0.01953125
-0.01953125
-0.01861572
-0.01770020
-0.01678467
-0.01617432
-0.01525879
-0.01373291
-0.01190186
-0.00885010
-0.00610352
-0.00396729
-0.00335693
-0.00457764
-0.00671387
-0.01007080
-0.01403809
-0.01708984
-0.01892090
-0.01922607
-0.01861572
-0.01647949
-0.01220703
-0.00762939
-0.00396729
-0.00183105
-0.00122070
-0.00244141
-0.00488281
-0.00793457
-0.01098633
-0.01342773
-0.01464844
-0.01495361
-0.01403809
-0.01251221
-0.01098633
-0.00976563
-0.00854492
-0.00671387
-0.00396729
-0.00061035
 0.00244141
 0.00488281
 0.00610352
 0.00549316
 0.00335693
 0.00030518
-0.00335693
-0.00701904
-0.01037598
-0.01251221
-0.01342773
-0.01281738
-0.01068115
-0.00701904
-0.00244141
 0.00213623
 0.00579834
 0.00823975
 0.00823975
 0.00732422
 0.00518799
 0.00335693
 0.00183105
 0.00122070
 0.00152588
 0.00244141
 0.00366211
 0.00579834
 0.00854492
 0.01159668
 0.01464844
 0.01708984
 0.01922607
 0.02105713
 0.02197266
 0.02166748
 0.02014160
 0.01739502
 0.01373291
 0.00915527
 0.00305176
-0.00274658
-0.00701904
-0.00946045
-0.00915527
-0.00732422
-0.00366211
 0.00061035
 0.00488281
 0.00915527
 0.01190186
 0.01251221
 0.01159668
 0.00976563
 0.00732422
 0.00488281
 0.00244141
 0.00091553
 0.00091553
 0.00183105
 0.00427246
 0.00793457
 0.01251221
 0.01678467
 0.02075195
 0.02471924
 0.02777100
 0.03082275
 0.03265381
 0.03295898
 0.03173828
 0.02868652
 0.02532959
 0.02136230
 0.01739502
 0.01434326
 0.01312256
 0.01342773
 0.01525879
 0.01892090
 0.02349854
 0.02838135
 0.03234863
 0.03509521
 0.03662109
 0.03631592
 0.03417969
 0.02990723
 0.02471924
 0.01983643
 0.01647949
 0.01434326
 0.01373291
 0.01403809
 0.01464844
 0.01586914
 0.01678467
 0.01708984
 0.01678467
 0.01617432
 0.01434326
 0.01159668
 0.00823975
 0.00488281
 0.00030518
-0.00488281
-0.01068115
-0.01617432
-0.02044678
-0.02349854
-0.02471924
-0.02349854
-0.02044678
-0.01617432
-0.01129150
-0.00701904
-0.00396729
-0.00274658
-0.00305176
-0.00396729
-0.00549316
-0.00793457
-0.01068115
-0.01251221
-0.01251221
-0.01129150
-0.00885010
-0.00579834
-0.00274658
 0.00091553
 0.00457764
 0.00762939
 0.00976563
 0.01007080
 0.00885010
 0.00732422
 0.00579834
 0.00427246
 0.00213623
-0.00061035
-0.00366211
-0.00671387
-0.00885010
-0.01007080
-0.00976563
-0.00854492
-0.00610352
-0.00366211
-0.00122070
 0.00061035
 0.00122070
 0.00061035
-0.00122070
-0.00488281
-0.00976563
-0.01495361
-0.01922607
-0.02166748
-0.02227783
-0.02197266
-0.02014160
-0.01800537
-0.01586914
-0.01434326
-0.01373291
-0.01373291
-0.01495361
-0.01708984
-0.02014160
-0.02288818
-0.02624512
-0.02899170
-0.03173828
-0.03387451
-0.03601074
-0.03753662
-0.03814697
-0.03662109
-0.03356934
-0.03021240
-0.02685547
-0.02349854
-0.01983643
-0.01647949
-0.01403809
-0.01342773
-0.01434326
-0.01617432
-0.01800537
-0.01953125
-0.02014160
-0.01953125
-0.01678467
-0.01312256
-0.00885010
-0.00488281
-0.00183105
 0.00091553
 0.00244141
 0.00335693
 0.00244141
 0.00061035
-0.00122070
-0.00335693
-0.00518799
-0.00671387
-0.00793457
-0.00976563
-0.01068115
-0.01068115
-0.01068115
-0.00946045
-0.00732422
-0.00457764
-0.00274658
-0.00061035
 0.00152588
 0.00244141
 0.00152588
-0.00091553
-0.00366211
-0.00549316
-0.00640869
-0.00671387
-0.00640869
-0.00579834
-0.00396729
-0.00183105
 0.00091553
 0.00396729
 0.00579834
 0.00701904
 0.00671387
 0.00488281
 0.00305176
 0.00122070
-0.00091553
-0.00274658
-0.00488281
-0.00579834
-0.00579834
-0.00488281
-0.00366211
-0.00244141
-0.00122070
 0.00000000
 0.00213623
 0.00427246
 0.00640869
 0.00793457
 0.00946045
 0.01007080
 0.00946045
 0.00823975
 0.00701904
 0.00579834
 0.00518799
 0.00488281
 0.00610352
 0.00854492
 0.01068115
 0.01342773
 0.01617432
 0.01800537
 0.01892090
 0.01922607
 0.01892090
 0.01739502
 0.01647949
 0.01586914
 0.01556396
 0.01464844
 0.01403809
 0.01373291
 0.01403809
 0.01434326
 0.01525879
 0.01556396
 0.01586914
 0.01617432
 0.01647949
 0.01647949
 0.01647949
 0.01678467
 0.01586914
 0.01403809
 0.01190186
 0.00976563
 0.00701904
 0.00457764
 0.00213623
 0.00000000
-0.00030518
-0.00061035
-0.00030518
-0.00030518
 0.00030518
 0.00091553
 0.00030518
-0.00061035
-0.00213623
-0.00396729
-0.00610352
-0.00793457
-0.00946045
-0.01068115
-0.01159668
-0.01190186
-0.01251221
-0.01312256
-0.01373291
-0.01373291
-0.01342773
-0.01220703
-0.01037598
-0.00885010
-0.00793457
-0.00671387
-0.00518799
-0.00457764
-0.00427246
-0.00457764
-0.00457764
-0.00427246
-0.00335693
-0.00122070
 0.00122070
 0.00396729
 0.00732422
 0.01068115
 0.01373291
 0.01586914
 0.01739502
 0.01770020
 0.01739502
 0.01617432
 0.01464844
 0.01373291
 0.01342773
 0.01312256
 0.01251221
 0.01251221
 0.01342773
 0.01464844
 0.01556396
 0.01586914
 0.01617432
 0.01708984
 0.01800537
 0.01892090
 0.01983643
 0.02044678
 0.02014160
 0.01861572
 0.01678467
 0.01525879
 0.01373291
 0.01281738
 0.01220703
 0.01251221
 0.01342773
 0.01495361
 0.01647949
 0.01708984
 0.01678467
 0.01556396
 0.01434326
 0.01220703
 0.01007080
 0.00793457
 0.00640869
 0.00518799
 0.00366211
 0.00244141
 0.00213623
 0.00183105
 0.00183105
 0.00183105
 0.00183105
 0.00152588
 0.00183105
 0.00244141
 0.00305176
 0.00366211
 0.00366211
 0.00427246
 0.00457764
 0.00427246
 0.00366211
 0.00366211
 0.00335693
 0.00335693
 0.00305176
 0.00335693
 0.00366211
 0.00366211
 0.00427246
 0.00457764
 0.00427246
 0.00305176
 0.00183105
 0.00030518
-0.00122070
-0.00274658
-0.00427246
-0.00549316
-0.00610352
-0.00671387
-0.00732422
-0.00793457
-0.00885010
-0.00976563
-0.01129150
-0.01251221
-0.01312256
-0.01373291
-0.01403809
-0.01373291
-0.01342773
-0.01312256
-0.01342773
-0.01403809
-0.01556396
-0.01678467
-0.01800537
-0.01831055
-0.01800537
-0.01770020
-0.01739502
-0.01708984
-0.01708984
-0.01739502
-0.01770020
-0.01800537
-0.01861572
-0.01922607
-0.01922607
-0.01953125
-0.01983643
-0.01983643
-0.01983643
-0.01922607
-0.01861572
-0.01831055
-0.01800537
-0.01831055
-0.01861572
-0.01831055
-0.01708984
-0.01617432
-0.01495361
-0.01403809
-0.01312256
-0.01251221
-0.01190186
-0.01190186
-0.01220703
-0.01281738
-0.01251221
-0.01190186
-0.01068115
-0.00976563
-0.00885010
-0.00793457
-0.00671387
-0.00488281
-0.00366211
-0.00305176
-0.00274658
-0.00213623
-0.00183105
-0.00244141
-0.00274658
-0.00244141
-0.00213623
-0.00183105
-0.00183105
-0.00213623
-0.00213623
-0.00213623
-0.00213623
-0.00213623
-0.00183105
-0.00122070
 0.00000000
 0.00122070
 0.00213623
 0.00244141
 0.00305176
 0.00274658
 0.00183105
 0.00152588
 0.00183105
 0.00244141
 0.00305176
 0.00396729
 0.00488281
 0.00518799
 0.00518799
 0.00518799
 0.00518799
 0.00488281
 0.00518799
 0.00549316
 0.00518799
 0.00518799
 0.00488281
 0.00488281
 0.00518799
 0.00549316
 0.00579834
 0.00579834
 0.00610352
 0.00610352
 0.00640869
 0.00640869
 0.00671387
 0.00793457
 0.00946045
 0.01068115
 0.01190186
 0.01251221
 0.01251221
 0.01190186
 0.01129150
 0.01098633
 0.01068115
 0.01007080
 0.01068115
 0.01129150
 0.01190186
 0.01190186
 0.01159668
 0.01068115
 0.01007080
 0.00946045
 0.00915527
 0.00823975
 0.00732422
 0.00640869
 0.00549316
 0.00457764
 0.00427246
 0.00396729
 0.00366211
 0.00244141
 0.00091553
 0.00061035
 0.00091553
 0.00213623
 0.00396729
 0.00549316
 0.00671387
 0.00671387
 0.00640869
 0.00579834
 0.00518799
 0.00457764
 0.00366211
 0.00274658
 0.00213623
 0.00122070
 0.00061035
 0.00000000
-0.00030518
-0.00030518
 0.00000000
 0.00000000
 0.00061035
 0.00030518
-0.00030518
-0.00183105
-0.00305176
-0.00427246
-0.00488281
-0.00518799
-0.00579834
-0.00610352
-0.00610352
-0.00610352
-0.00579834
-0.00549316
-0.00488281
-0.00396729
-0.00244141
-0.00122070
-0.00091553
-0.00030518
 0.00000000
 0.00030518
 0.00030518
-0.00061035
-0.00152588
-0.00244141
-0.00244141
-0.00183105
-0.00091553
 0.00000000
 0.00122070
 0.00244141
 0.00366211
 0.00366211
 0.00305176
 0.00244141
 0.00152588
 0.00030518
-0.00091553
-0.00122070
-0.00183105
-0.00244141
-0.00274658
-0.00274658
-0.00274658
-0.00274658
-0.00183105
-0.00061035
 0.00030518
 0.00091553
 0.00091553
 0.00152588
 0.00152588
 0.00152588
 0.00091553
-0.00061035
-0.00183105
-0.00274658
-0.00335693
-0.00366211
-0.00335693
-0.00274658
-0.00183105
-0.00091553
 0.00000000
 0.00122070
 0.00213623
 0.00244141
 0.00244141
 0.00183105
 0.00183105
 0.00183105
 0.00183105
 0.00152588
 0.00183105
 0.00213623
 0.00335693
 0.00427246
 0.00488281
 0.00549316
 0.00640869
 0.00762939
 0.00793457
 0.00823975
 0.00885010
 0.00976563
 0.01007080
 0.00976563
 0.00915527
 0.00854492
 0.00732422
 0.00640869
 0.00579834
 0.00518799
 0.00488281
 0.00549316
 0.00640869
 0.00701904
 0.00701904
 0.00671387
 0.00610352
 0.00549316
 0.00488281
 0.00366211
 0.00244141
 0.00152588
 0.00091553
 0.00061035
 0.00000000
-0.00030518
 0.00000000
 0.00030518
 0.00091553
 0.00152588
 0.00183105
 0.00244141
 0.00244141
 0.00244141
 0.00274658
 0.00274658
 0.00305176
 0.00305176
 0.00274658
 0.00213623
 0.00183105
 0.00091553
-0.00030518
-0.00061035
-0.00061035
 0.00030518
 0.00122070
 0.00152588
 0.00152588
 0.00152588
 0.00061035
-0.00091553
-0.00244141
-0.00366211
-0.00396729
-0.00427246
-0.00488281
-0.00610352
-0.00671387
-0.00701904
-0.00701904
-0.00671387
-0.00671387
-0.00732422
-0.00793457
-0.00793457
-0.00793457
-0.00793457
-0.00823975
-0.00854492
-0.00915527
-0.01007080
-0.01068115
-0.01129150
-0.01159668
-0.01159668
-0.01129150
-0.01159668
-0.01159668
-0.01098633
-0.01007080
-0.01007080
-0.00976563
-0.00946045
-0.00915527
-0.00915527
-0.00885010
-0.00946045
-0.00976563
-0.01007080
-0.01007080
-0.00946045
-0.00854492
-0.00823975
-0.00762939
-0.00671387
-0.00610352
-0.00579834
-0.00518799
-0.00457764
-0.00366211
-0.00274658
-0.00244141
-0.00274658
-0.00274658
-0.00274658
-0.00335693
-0.00427246
-0.00488281
-0.00518799
-0.00457764
-0.00335693
-0.00213623
 0.00000000
 0.00488281
 0.01525879
 0.03204346
 0.05340576
 0.06835938
 0.05187988
-0.03387451
-0.19042969
-0.35247803
-0.45928955
-0.42144775
-0.25024414
-0.01647949
 0.26092529
 0.44097900
 0.36743164
 0.21789551
 0.08514404
 0.05798340
 0.11291504
 0.16387939
 0.14465332
 0.03204346
-0.10467529
-0.16723633
-0.18005371
-0.21362305
-0.28991699
-0.35461426
-0.28442383
-0.08209229
 0.18280029
 0.44372559
 0.43243408
 0.27404785
 0.11932373
 0.00244141
-0.04547119
-0.06622314
-0.07171631
-0.06774902
-0.05645752
-0.02227783
 0.03723145
 0.09216309
 0.10620117
 0.03875732
-0.07232666
-0.13183594
-0.09552002
 0.01220703
 0.12603760
 0.16784668
 0.09948730
-0.06774902
-0.21270752
-0.24078369
-0.15594482
 0.00946045
 0.17456055
 0.33477783
 0.27740479
 0.21209717
 0.11901855
 0.03509521
-0.02716064
-0.08239746
-0.12817383
-0.14373779
-0.10711670
-0.01983643
 0.08148193
 0.14526367
 0.15716553
 0.11749268
 0.06195068
 0.06072998
 0.12176514
 0.19927979
 0.24017334
 0.21179199
 0.10253906
-0.02746582
-0.11535645
-0.15106201
-0.16296387
-0.16113281
-0.13427734
-0.06958008
 0.03448486
 0.15228271
 0.23529053
 0.25024414
 0.16876221
 0.05126953
-0.01739502
-0.02105713
-0.00213623
 0.00427246
-0.03875732
-0.12084961
-0.16876221
-0.15472412
-0.09979248
-0.02685547
 0.03967285
 0.08392334
 0.10528564
 0.10498047
 0.09918213
 0.10406494
 0.09552002
 0.03967285
-0.04943848
-0.12359619
-0.16571045
-0.18127441
-0.17425537
-0.14465332
-0.08758545
 0.00305176
 0.11810303
 0.23132324
 0.31860352
 0.33264160
 0.25756836
 0.12573242
 0.03570557
 0.01831055
 0.03540039
 0.06500244
 0.07507324
 0.01159668
-0.13397217
-0.28442383
-0.38757324
-0.42388916
-0.38116455
-0.28289795
-0.13641357
 0.03143311
 0.17822266
 0.27496338
 0.29327393
 0.20507813
 0.01251221
-0.19958496
-0.35675049
-0.41931152
-0.39367676
-0.32287598
-0.25207520
-0.18157959
-0.12329102
-0.07690430
-0.03509521
 0.00152588
 0.02532959
 0.03662109
 0.04089355
 0.04089355
 0.03021240
-0.00091553
-0.05249023
-0.10803223
-0.15014648
-0.17333984
-0.17364502
-0.14160156
-0.07446289
 0.01922607
 0.11413574
 0.18585205
 0.21881104
 0.18981934
 0.10620117
 0.02532959
-0.01281738
-0.02044678
-0.00976563
 0.00976563
 0.02716064
 0.03051758
 0.01220703
-0.01861572
-0.04638672
-0.06225586
-0.06286621
-0.04455566
-0.00762939
 0.03906250
 0.07995605
 0.09216309
 0.04913330
-0.02075195
-0.06469727
-0.07171631
-0.05767822
-0.03631592
-0.01861572
-0.01434326
-0.01983643
-0.02014160
-0.01068115
 0.00244141
 0.01586914
 0.02716064
 0.03112793
 0.02929688
 0.03082275
 0.03784180
 0.04272461
 0.04577637
 0.05706787
 0.08239746
 0.11627197
 0.15075684
 0.17547607
 0.17303467
 0.13732910
 0.09307861
 0.06774902
 0.06408691
 0.07476807
 0.09277344
 0.10894775
 0.10833740
 0.08392334
 0.05218506
 0.03723145
 0.04180908
 0.05737305
 0.07812500
 0.09918213
 0.11718750
 0.13122559
 0.14038086
 0.13824463
 0.11444092
 0.06347656
-0.00305176
-0.06500244
-0.10864258
-0.12969971
-0.12634277
-0.10070801
-0.06072998
-0.01708984
 0.02288818
 0.05249023
 0.06500244
 0.06347656
 0.05645752
 0.04974365
 0.04150391
 0.02899170
 0.00854492
-0.02166748
-0.06286621
-0.11108398
-0.15350342
-0.17700195
-0.17608643
-0.15197754
-0.11016846
-0.05737305
-0.00427246
 0.03784180
 0.05706787
 0.04455566
 0.01861572
 0.00000000
-0.01586914
-0.03814697
-0.06439209
-0.08239746
-0.08361816
-0.07141113
-0.05004883
-0.02471924
 0.00000000
 0.02044678
 0.03509521
 0.04791260
 0.06347656
 0.08209229
 0.10101318
 0.11352539
 0.11169434
 0.09277344
 0.06164551
 0.02624512
-0.00885010
-0.03936768
-0.06134033
-0.06958008
-0.06195068
-0.03906250
-0.00579834
 0.03021240
 0.06072998
 0.07324219
 0.06103516
 0.03326416
 0.00274658
-0.02624512
-0.05554199
-0.08331299
-0.10467529
-0.11505127
-0.11291504
-0.09918213
-0.07904053
-0.05706787
-0.03662109
-0.01770020
 0.00274658
 0.02410889
 0.04394531
 0.05737305
 0.05828857
 0.04608154
 0.02532959
 0.00305176
-0.01800537
-0.03509521
-0.04547119
-0.04730225
-0.04180908
-0.03112793
-0.01861572
-0.00610352
 0.00457764
 0.01159668
 0.01251221
 0.00762939
 0.00122070
-0.00091553
 0.00396729
 0.01464844
 0.02685547
 0.03448486
 0.03295898
 0.02380371
 0.01190186
 0.00000000
-0.01251221
-0.02563477
-0.03723145
-0.04394531
-0.04577637
-0.04089355
-0.03051758
-0.01861572
-0.01007080
-0.00671387
-0.00732422
-0.00793457
-0.00732422
-0.00518799
-0.00335693
-0.00366211
-0.00762939
-0.01464844
-0.02014160
-0.02227783
-0.02075195
-0.01586914
-0.00549316
 0.00976563
 0.03021240
 0.05310059
 0.07568359
 0.09368896
 0.10253906
 0.10253906
 0.09765625
 0.08972168
 0.07781982
 0.05889893
 0.03479004
 0.00885010
-0.01342773
-0.02655029
-0.02777100
-0.01861572
-0.00518799
 0.00518799
 0.00823975
 0.00366211
-0.00366211
-0.00823975
-0.00823975
-0.00488281
-0.00213623
-0.00457764
-0.01342773
-0.02593994
-0.03723145
-0.04180908
-0.03814697
-0.02716064
-0.01098633
 0.00488281
 0.01525879
 0.01586914
 0.00671387
-0.00854492
-0.02502441
-0.03723145
-0.04211426
-0.03906250
-0.02868652
-0.01434326
 0.00030518
 0.01373291
 0.02563477
 0.03692627
 0.04730225
 0.05645752
 0.06134033
 0.06011963
 0.05432129
 0.04608154
 0.03906250
 0.03509521
 0.03356934
 0.03356934
 0.03234863
 0.03051758
 0.02838135
 0.02685547
 0.02563477
 0.02410889
 0.02166748
 0.01770020
 0.01159668
 0.00366211
-0.00518799
-0.01403809
-0.02288818
-0.02929688
-0.03021240
-0.02563477
-0.01617432
-0.00366211
 0.00946045
 0.02044678
 0.02685547
 0.02990723
 0.02990723
 0.02716064
 0.02105713
 0.01007080
-0.00549316
-0.02288818
-0.03814697
-0.04943848
-0.05584717
-0.05645752
-0.05187988
-0.04333496
-0.03265381
-0.02227783
-0.01525879
-0.01312256
-0.01770020
-0.02807617
-0.04211426
-0.05767822
-0.07202148
-0.08453369
-0.09368896
-0.09765625
-0.09490967
-0.08575439
-0.07080078
-0.05157471
-0.03051758
-0.01068115
 0.00488281
 0.01342773
 0.01464844
 0.00915527
-0.00122070
-0.01434326
-0.02838135
-0.04119873
-0.05126953
-0.05828857
-0.06042480
-0.05737305
-0.04882813
-0.03509521
-0.01770020
 0.00030518
 0.01525879
 0.02349854
 0.02288818
 0.01281738
-0.00366211
-0.02349854
-0.04364014
-0.06072998
-0.07263184
-0.07873535
-0.07934570
-0.07354736
-0.06195068
-0.04577637
-0.02716064
-0.00823975
 0.00823975
 0.01922607
 0.02319336
 0.02014160
 0.01007080
-0.00366211
-0.01861572
-0.03234863
-0.04302979
-0.05035400
-0.05340576
-0.05249023
-0.04699707
-0.03662109
-0.02136230
-0.00274658
 0.01586914
 0.03112793
 0.03936768
 0.03906250
 0.03234863
 0.02319336
 0.01434326
 0.00640869
 0.00030518
-0.00335693
-0.00366211
-0.00061035
 0.00671387
 0.01739502
 0.03204346
 0.05004883
 0.06988525
 0.08880615
 0.10345459
 0.11138916
 0.11199951
 0.10772705
 0.10009766
 0.09124756
 0.08148193
 0.07202148
 0.06347656
 0.05554199
 0.04882813
 0.04486084
 0.04364014
 0.04608154
 0.05218506
 0.05981445
 0.06683350
 0.06958008
 0.06744385
 0.06195068
 0.05615234
 0.05187988
 0.04913330
 0.04791260
 0.04730225
 0.04669189
 0.04547119
 0.04333496
 0.04119873
 0.03997803
 0.03906250
 0.03997803
 0.04302979
 0.04669189
 0.04882813
 0.04760742
 0.04180908
 0.03417969
 0.02685547
 0.02166748
 0.01922607
 0.01953125
 0.02258301
 0.02777100
 0.03387451
 0.04028320
 0.04821777
 0.05645752
 0.06439209
 0.06896973
 0.06896973
 0.06469727
 0.05645752
 0.04486084
 0.03173828
 0.01831055
 0.00701904
-0.00061035
-0.00518799
-0.00732422
-0.00823975
-0.00854492
-0.00854492
-0.00854492
-0.00823975
-0.00793457
-0.00823975
-0.00946045
-0.01342773
-0.02044678
-0.02960205
-0.03906250
-0.04608154
-0.05004883
-0.05004883
-0.04547119
-0.03753662
-0.02807617
-0.01861572
-0.01098633
-0.00579834
-0.00427246
-0.00762939
-0.01525879
-0.02685547
-0.04089355
-0.05554199
-0.06774902
-0.07659912
-0.08026123
-0.07843018
-0.07263184
-0.06317139
-0.05065918
-0.03723145
-0.02441406
-0.01403809
-0.00762939
-0.00549316
-0.00823975
-0.01556396
-0.02685547
-0.04119873
-0.05615234
-0.07019043
-0.08026123
-0.08483887
-0.08239746
-0.07415771
-0.06225586
-0.04943848
-0.03875732
-0.03173828
-0.02960205
-0.03204346
-0.03814697
-0.04638672
-0.05645752
-0.06713867
-0.07720947
-0.08361816
-0.08514404
-0.08087158
-0.07080078
-0.05554199
-0.03509521
-0.01251221
 0.00946045
 0.02716064
 0.03601074
 0.03601074
 0.03021240
 0.02044678
 0.00793457
-0.00640869
-0.02075195
-0.03295898
-0.04150391
-0.04608154
-0.04547119
-0.03845215
-0.02502441
-0.00732422
 0.01220703
 0.03082275
 0.04486084
 0.05157471
 0.05249023
 0.04760742
 0.03845215
 0.02593994
 0.01068115
-0.00427246
-0.01647949
-0.02349854
-0.02410889
-0.01831055
-0.00732422
 0.00732422
 0.02349854
 0.03845215
 0.04974365
 0.05462646
 0.05249023
 0.04455566
 0.03265381
 0.01892090
 0.00579834
-0.00671387
-0.01770020
-0.02471924
-0.02685547
-0.02288818
-0.01281738
 0.00213623
 0.02014160
 0.03845215
 0.05340576
 0.06256104
 0.06500244
 0.06195068
 0.05462646
 0.04455566
 0.03265381
 0.01953125
 0.00640869
-0.00366211
-0.00976563
-0.01007080
-0.00396729
 0.00640869
 0.01922607
 0.03204346
 0.04211426
 0.04730225
 0.04669189
 0.04089355
 0.02990723
 0.01647949
 0.00274658
-0.00946045
-0.01922607
-0.02593994
-0.02929688
-0.02960205
-0.02563477
-0.01678467
-0.00274658
 0.01434326
 0.03112793
 0.04455566
 0.05187988
 0.05187988
 0.04608154
 0.03601074
 0.02380371
 0.01068115
-0.00122070
-0.01068115
-0.01617432
-0.01678467
-0.01251221
-0.00305176
 0.00946045
 0.02258301
 0.03479004
 0.04272461
 0.04547119
 0.04272461
 0.03570557
 0.02349854
 0.00793457
-0.00854492
-0.02319336
-0.03448486
-0.04180908
-0.04455566
-0.04394531
-0.03967285
-0.03356934
-0.02655029
-0.01953125
-0.01342773
-0.00915527
-0.00793457
-0.01068115
-0.01647949
-0.02471924
-0.03417969
-0.04364014
-0.05035400
-0.05340576
-0.05249023
-0.04730225
-0.03875732
-0.02716064
-0.01403809
-0.00061035
 0.01098633
 0.01892090
 0.02227783
 0.02075195
 0.01525879
 0.00671387
-0.00457764
-0.01678467
-0.02777100
-0.03509521
-0.03814697
-0.03601074
-0.03021240
-0.02227783
-0.01373291
-0.00640869
-0.00061035
 0.00335693
 0.00610352
 0.00610352
 0.00213623
-0.00549316
-0.01586914
-0.02807617
-0.03967285
-0.04882813
-0.05432129
-0.05584717
-0.05340576
-0.04669189
-0.03631592
-0.02349854
-0.00946045
 0.00305176
 0.01312256
 0.01892090
 0.01892090
 0.01434326
 0.00640869
-0.00396729
-0.01434326
-0.02258301
-0.02716064
-0.02777100
-0.02410889
-0.01678467
-0.00640869
 0.00610352
 0.01831055
 0.02960205
 0.04028320
 0.04913330
 0.05554199
 0.05798340
 0.05584717
 0.04943848
 0.04028320
 0.03021240
 0.02105713
 0.01464844
 0.01220703
 0.01373291
 0.01831055
 0.02502441
 0.03295898
 0.04150391
 0.04882813
 0.05401611
 0.05584717
 0.05340576
 0.04638672
 0.03540039
 0.02197266
 0.00762939
-0.00549316
-0.01617432
-0.02349854
-0.02746582
-0.02716064
-0.02349854
-0.01739502
-0.00946045
-0.00091553
 0.00671387
 0.01251221
 0.01586914
 0.01678467
 0.01556396
 0.01190186
 0.00610352
-0.00030518
-0.00640869
-0.01037598
-0.01129150
-0.00976563
-0.00518799
 0.00152588
 0.00946045
 0.01770020
 0.02532959
 0.03204346
 0.03631592
 0.03692627
 0.03417969
 0.02899170
 0.02166748
 0.01342773
 0.00610352
 0.00000000
-0.00366211
-0.00488281
-0.00274658
 0.00213623
 0.00885010
 0.01739502
 0.02532959
 0.03143311
 0.03479004
 0.03509521
 0.03417969
 0.03234863
 0.02960205
 0.02532959
 0.01892090
 0.01129150
 0.00305176
-0.00396729
-0.00915527
-0.01159668
-0.01129150
-0.00854492
-0.00396729
 0.00152588
 0.00671387
 0.01007080
 0.01281738
 0.01403809
 0.01312256
 0.01037598
 0.00640869
 0.00183105
-0.00244141
-0.00488281
-0.00549316
-0.00396729
-0.00122070
 0.00305176
 0.00793457
 0.01251221
 0.01586914
 0.01739502
 0.01708984
 0.01556396
 0.01342773
 0.01037598
 0.00610352
-0.00030518
-0.00793457
-0.01586914
-0.02349854
-0.02929688
-0.03356934
-0.03631592
-0.03753662
-0.03723145
-0.03448486
-0.03112793
-0.02685547
-0.02288818
-0.01983643
-0.01831055
-0.02014160
-0.02410889
-0.02929688
-0.03387451
-0.03784180
-0.03967285
-0.03967285
-0.03784180
-0.03540039
-0.03204346
-0.02838135
-0.02380371
-0.01861572
-0.01342773
-0.00793457
-0.00274658
 0.00122070
 0.00396729
 0.00457764
 0.00427246
 0.00244141
-0.00030518
-0.00305176
-0.00518799
-0.00579834
-0.00488281
-0.00274658
 0.00030518
 0.00366211
 0.00762939
 0.01190186
 0.01586914
 0.01800537
 0.01831055
 0.01708984
 0.01434326
 0.00976563
 0.00488281
 0.00000000
-0.00427246
-0.00762939
-0.00976563
-0.01007080
-0.00976563
-0.00885010
-0.00762939
-0.00579834
-0.00427246
-0.00305176
-0.00244141
-0.00213623
-0.00152588
-0.00152588
-0.00274658
-0.00549316
-0.00915527
-0.01403809
-0.01831055
-0.02166748
-0.02349854
-0.02349854
-0.02197266
-0.01922607
-0.01525879
-0.01098633
-0.00701904
-0.00366211
-0.00122070
 0.00000000
-0.00030518
-0.00152588
-0.00274658
-0.00366211
-0.00396729
-0.00366211
-0.00274658
-0.00091553
 0.00091553
 0.00305176
 0.00579834
 0.00915527
 0.01312256
 0.01800537
 0.02319336
 0.02777100
 0.03082275
 0.03173828
 0.03021240
 0.02593994
 0.02075195
 0.01556396
 0.01159668
 0.00854492
 0.00640869
 0.00579834
 0.00640869
 0.00762939
 0.00885010
 0.00946045
 0.00976563
 0.00946045
 0.00793457
 0.00518799
 0.00061035
-0.00488281
-0.01068115
-0.01617432
-0.02044678
-0.02319336
-0.02502441
-0.02532959
-0.02532959
-0.02441406
-0.02227783
-0.01922607
-0.01556396
-0.01159668
-0.00823975
-0.00518799
-0.00274658
-0.00213623
-0.00366211
-0.00671387
-0.01068115
-0.01464844
-0.01739502
-0.01831055
-0.01800537
-0.01586914
-0.01129150
-0.00579834
 0.00000000
 0.00610352
 0.01037598
 0.01312256
 0.01373291
 0.01251221
 0.01007080
 0.00671387
 0.00427246
 0.00274658
 0.00213623
 0.00274658
 0.00396729
 0.00518799
 0.00762939
 0.01068115
 0.01434326
 0.01861572
 0.02319336
 0.02777100
 0.03173828
 0.03356934
 0.03265381
 0.02960205
 0.02410889
 0.01800537
 0.01159668
 0.00549316
 0.00061035
-0.00213623
-0.00244141
-0.00122070
 0.00122070
 0.00396729
 0.00671387
 0.00823975
 0.00823975
 0.00640869
 0.00366211
 0.00000000
-0.00457764
-0.00976563
-0.01525879
-0.01983643
-0.02349854
-0.02563477
-0.02624512
-0.02502441
-0.02197266
-0.01831055
-0.01312256
-0.00793457
-0.00396729
-0.00122070
-0.00030518
-0.00122070
-0.00366211
-0.00762939
-0.01312256
-0.01922607
-0.02471924
-0.02868652
-0.03112793
-0.03051758
-0.02807617
-0.02319336
-0.01678467
-0.00976563
-0.00366211
 0.00030518
 0.00244141
 0.00213623
 0.00000000
-0.00396729
-0.00885010
-0.01403809
-0.01861572
-0.02136230
-0.02258301
-0.02166748
-0.01861572
-0.01464844
-0.00976563
-0.00427246
 0.00183105
 0.00793457
 0.01281738
 0.01525879
 0.01556396
 0.01342773
 0.00915527
 0.00335693
-0.00244141
-0.00793457
-0.01281738
-0.01556396
-0.01586914
-0.01342773
-0.00854492
-0.00213623
 0.00457764
 0.01068115
 0.01525879
 0.01770020
 0.01770020
 0.01586914
 0.01281738
 0.00885010
 0.00427246
 0.00000000
-0.00366211
-0.00610352
-0.00610352
-0.00366211
 0.00091553
 0.00732422
 0.01373291
 0.01922607
 0.02410889
 0.02777100
 0.02990723
 0.02929688
 0.02563477
 0.01983643
 0.01251221
 0.00457764
-0.00305176
-0.00915527
-0.01342773
-0.01525879
-0.01373291
-0.00976563
-0.00396729
 0.00305176
 0.01068115
 0.01708984
 0.02136230
 0.02258301
 0.02105713
 0.01739502
 0.01220703
 0.00640869
 0.00061035
-0.00335693
-0.00549316
-0.00549316
-0.00274658
 0.00274658
 0.00915527
 0.01647949
 0.02319336
 0.02990723
 0.03570557
 0.03997803
 0.04150391
 0.03967285
 0.03509521
 0.02899170
 0.02258301
 0.01678467
 0.01098633
 0.00701904
 0.00549316
 0.00671387
 0.01098633
 0.01708984
 0.02471924
 0.03173828
 0.03753662
 0.04089355
 0.04180908
 0.03997803
 0.03570557
 0.02960205
 0.02258301
 0.01525879
 0.00946045
 0.00518799
 0.00274658
 0.00274658
 0.00457764
 0.00823975
 0.01190186
 0.01586914
 0.01831055
 0.01861572
 0.01739502
 0.01434326
 0.00946045
 0.00305176
-0.00427246
-0.01220703
-0.02075195
-0.02838135
-0.03417969
-0.03662109
-0.03662109
-0.03356934
-0.02838135
-0.02136230
-0.01403809
-0.00823975
-0.00396729
-0.00183105
-0.00152588
-0.00274658
-0.00640869
-0.01098633
-0.01556396
-0.01922607
-0.02105713
-0.02136230
-0.01983643
-0.01617432
-0.01037598
-0.00366211
 0.00274658
 0.00823975
 0.01220703
 0.01464844
 0.01434326
 0.01190186
 0.00823975
 0.00396729
-0.00152588
-0.00671387
-0.01129150
-0.01525879
-0.01770020
-0.01831055
-0.01678467
-0.01403809
-0.00946045
-0.00488281
-0.00030518
 0.00274658
 0.00396729
 0.00274658
-0.00122070
-0.00701904
-0.01403809
-0.02136230
-0.02746582
-0.03204346
-0.03387451
-0.03295898
-0.02990723
-0.02532959
-0.02075195
-0.01617432
-0.01190186
-0.00946045
-0.00915527
-0.01098633
-0.01434326
-0.01861572
-0.02349854
-0.02838135
-0.03387451
-0.03845215
-0.04180908
-0.04333496
-0.04272461
-0.03906250
-0.03417969
-0.02868652
-0.02227783
-0.01617432
-0.01129150
-0.00762939
-0.00610352
-0.00671387
-0.00915527
-0.01312256
-0.01708984
-0.02044678
-0.02197266
-0.02166748
-0.01983643
-0.01647949
-0.01129150
-0.00549316
 0.00091553
 0.00640869
 0.01007080
 0.01190186
 0.01190186
 0.01037598
 0.00732422
 0.00305176
-0.00091553
-0.00457764
-0.00732422
-0.00915527
-0.01037598
-0.01037598
-0.00854492
-0.00549316
-0.00152588
 0.00274658
 0.00671387
 0.01037598
 0.01220703
 0.01190186
 0.01007080
 0.00701904
 0.00335693
-0.00030518
-0.00335693
-0.00579834
-0.00701904
-0.00732422
-0.00610352
-0.00335693
 0.00000000
 0.00396729
 0.00854492
 0.01220703
 0.01403809
 0.01373291
 0.01068115
 0.00610352
 0.00183105
-0.00183105
-0.00457764
-0.00732422
-0.00885010
-0.00915527
-0.00823975
-0.00640869
-0.00335693
 0.00000000
 0.00427246
 0.00854492
 0.01190186
 0.01495361
 0.01647949
 0.01678467
 0.01556396
 0.01342773
 0.01068115
 0.00823975
 0.00640869
 0.00579834
 0.00640869
 0.00823975
 0.01129150
 0.01556396
 0.01953125
 0.02258301
 0.02532959
 0.02685547
 0.02685547
 0.02593994
 0.02441406
 0.02258301
 0.02014160
 0.01739502
 0.01464844
 0.01251221
 0.01068115
 0.01007080
 0.01098633
 0.01312256
 0.01586914
 0.01770020
 0.01892090
 0.01983643
 0.02044678
 0.01983643
 0.01892090
 0.01678467
 0.01342773
 0.00946045
 0.00488281
 0.00122070
-0.00244141
-0.00549316
-0.00701904
-0.00732422
-0.00640869
-0.00427246
-0.00274658
-0.00152588
-0.00061035
-0.00030518
-0.00122070
-0.00274658
-0.00518799
-0.00823975
-0.01159668
-0.01464844
-0.01708984
-0.01892090
-0.02014160
-0.02014160
-0.02014160
-0.01983643
-0.01861572
-0.01617432
-0.01342773
-0.01068115
-0.00885010
-0.00793457
-0.00732422
-0.00762939
-0.00885010
-0.01037598
-0.01159668
-0.01251221
-0.01251221
-0.01190186
-0.00976563
-0.00671387
-0.00305176
 0.00152588
 0.00549316
 0.00915527
 0.01159668
 0.01251221
 0.01190186
 0.01037598
 0.00885010
 0.00762939
 0.00640869
 0.00488281
 0.00457764
 0.00488281
 0.00579834
 0.00640869
 0.00762939
 0.00885010
 0.01068115
 0.01312256
 0.01556396
 0.01831055
 0.01983643
 0.02075195
 0.01983643
 0.01800537
 0.01525879
 0.01281738
 0.01068115
 0.00976563
 0.00976563
 0.01068115
 0.01190186
 0.01373291
 0.01617432
 0.01800537
 0.01922607
 0.01953125
 0.01892090
 0.01831055
 0.01678467
 0.01464844
 0.01190186
 0.00885010
 0.00671387
 0.00457764
 0.00305176
 0.00213623
 0.00183105
 0.00244141
 0.00335693
 0.00457764
 0.00579834
 0.00671387
 0.00732422
 0.00762939
 0.00762939
 0.00762939
 0.00701904
 0.00579834
 0.00488281
 0.00366211
 0.00213623
 0.00122070
 0.00000000
-0.00091553
-0.00152588
-0.00091553
 0.00091553
 0.00244141
 0.00335693
 0.00305176
 0.00213623
 0.00061035
-0.00122070
-0.00335693
-0.00518799
-0.00671387
-0.00854492
-0.00976563
-0.01098633
-0.01129150
-0.01190186
-0.01251221
-0.01312256
-0.01434326
-0.01495361
-0.01464844
-0.01403809
-0.01251221
-0.01190186
-0.01190186
-0.01312256
-0.01464844
-0.01647949
-0.01831055
-0.01983643
-0.02075195
-0.02105713
-0.02105713
-0.02014160
-0.01922607
-0.01861572
-0.01861572
-0.01861572
-0.01892090
-0.01892090
-0.01922607
-0.01953125
-0.01983643
-0.02044678
-0.02136230
-0.02258301
-0.02349854
-0.02441406
-0.02441406
-0.02380371
-0.02258301
-0.02136230
-0.02014160
-0.01861572
-0.01678467
-0.01464844
-0.01342773
-0.01251221
-0.01220703
-0.01251221
-0.01281738
-0.01342773
-0.01373291
-0.01373291
-0.01342773
-0.01281738
-0.01220703
-0.01098633
-0.00885010
-0.00610352
-0.00335693
-0.00091553
 0.00061035
 0.00152588
 0.00183105
 0.00183105
 0.00122070
 0.00061035
 0.00000000
-0.00030518
-0.00091553
-0.00122070
-0.00152588
-0.00152588
-0.00152588
-0.00091553
 0.00061035
 0.00213623
 0.00366211
 0.00518799
 0.00701904
 0.00823975
 0.00885010
 0.00823975
 0.00762939
 0.00701904
 0.00640869
 0.00610352
 0.00579834
 0.00610352
 0.00671387
 0.00762939
 0.00854492
 0.00946045
 0.01068115
 0.01159668
 0.01281738
 0.01342773
 0.01373291
 0.01373291
 0.01342773
 0.01281738
 0.01190186
 0.01129150
 0.01068115
 0.01037598
 0.01068115
 0.01068115
 0.01129150
 0.01190186
 0.01281738
 0.01403809
 0.01617432
 0.01831055
 0.02044678
 0.02166748
 0.02227783
 0.02227783
 0.02136230
 0.02014160
 0.01831055
 0.01617432
 0.01464844
 0.01434326
 0.01403809
 0.01495361
 0.01586914
 0.01647949
 0.01586914
 0.01556396
 0.01525879
 0.01464844
 0.01434326
 0.01312256
 0.01129150
 0.01007080
 0.00885010
 0.00732422
 0.00488281
 0.00305176
 0.00244141
 0.00244141
 0.00305176
 0.00427246
 0.00549316
 0.00762939
 0.00946045
 0.01068115
 0.01098633
 0.01037598
 0.00976563
 0.00793457
 0.00610352
 0.00366211
 0.00152588
-0.00030518
-0.00213623
-0.00335693
-0.00427246
-0.00427246
-0.00457764
-0.00427246
-0.00366211
-0.00305176
-0.00305176
-0.00427246
-0.00640869
-0.00885010
-0.01098633
-0.01251221
-0.01403809
-0.01586914
-0.01739502
-0.01800537
-0.01831055
-0.01800537
-0.01708984
-0.01617432
-0.01495361
-0.01373291
-0.01251221
-0.01159668
-0.01098633
-0.01159668
-0.01281738
-0.01464844
-0.01647949
-0.01831055
-0.01983643
-0.02044678
-0.01983643
-0.01892090
-0.01770020
-0.01678467
-0.01556396
-0.01464844
-0.01312256
-0.01190186
-0.01129150
-0.01190186
-0.01281738
-0.01434326
-0.01647949
-0.01800537
-0.01892090
-0.01922607
-0.01892090
-0.01770020
-0.01586914
-0.01403809
-0.01220703
-0.01037598
-0.00854492
-0.00701904
-0.00579834
-0.00518799
-0.00488281
-0.00518799
-0.00671387
-0.00885010
-0.01068115
-0.01159668
-0.01220703
-0.01220703
-0.01129150
-0.00946045
-0.00732422
-0.00518799
-0.00305176
-0.00122070
-0.00030518
 0.00030518
 0.00061035
 0.00091553
 0.00061035
 0.00000000
-0.00061035
-0.00122070
-0.00091553
-0.00030518
 0.00122070
 0.00305176
 0.00518799
 0.00732422
 0.00915527
 0.01129150
 0.01342773
 0.01495361
 0.01586914
 0.01647949
 0.01617432
 0.01525879
 0.01434326
 0.01312256
 0.01190186
 0.01098633
 0.01037598
 0.01007080
 0.01098633
 0.01251221
 0.01373291
 0.01464844
 0.01525879
 0.01556396
 0.01556396
 0.01525879
 0.01403809
 0.01281738
 0.01129150
 0.00946045
 0.00793457
 0.00701904
 0.00640869
 0.00610352
 0.00671387
 0.00732422
 0.00823975
 0.00946045
 0.01068115
 0.01190186
 0.01281738
 0.01342773
 0.01342773
 0.01342773
 0.01281738
 0.01159668
 0.01068115
 0.00946045
 0.00793457
 0.00640869
 0.00610352
 0.00640869
 0.00701904
 0.00793457
 0.00915527
 0.00976563
 0.01007080
 0.01037598
 0.00976563
 0.00823975
 0.00671387
 0.00549316
 0.00457764
 0.00274658
 0.00091553
-0.00061035
-0.00183105
-0.00305176
-0.00335693
-0.00274658
-0.00244141
-0.00183105
-0.00152588
-0.00183105
-0.00183105
-0.00183105
-0.00244141
-0.00335693
-0.00518799
-0.00701904
-0.00885010
-0.01037598
-0.01159668
-0.01251221
-0.01281738
-0.01312256
-0.01281738
-0.01251221
-0.01159668
-0.01037598
-0.00946045
-0.00915527
-0.00915527
-0.00915527
-0.00885010
-0.00946045
-0.01068115
-0.01129150
-0.01190186
-0.01220703
-0.01190186
-0.01129150
-0.01098633
-0.01037598
-0.00885010
-0.00732422
-0.00549316
-0.00488281
-0.00335693
-0.00274658
-0.00274658
-0.00335693
-0.00488281
-0.00610352
-0.00732422
-0.00885010
-0.01007080
-0.01037598
-0.01098633
-0.01068115
-0.00976563
-0.00854492
-0.00732422
-0.00640869
-0.00610352
-0.00579834
-0.00579834
-0.00610352
-0.00732422
-0.00915527
-0.01068115
-0.01129150
-0.01159668
-0.01159668
-0.01129150
-0.01098633
-0.01037598
-0.00854492
-0.00701904
-0.00610352
-0.00610352
-0.00579834
-0.00488281
-0.00427246
-0.00457764
-0.00488281
-0.00518799
-0.00579834
-0.00610352
-0.00671387
-0.00671387
-0.00610352
-0.00488281
-0.00366211
-0.00183105
 0.00000000
 0.00091553
 0.00122070
 0.00152588
 0.00213623
 0.00274658
 0.00335693
 0.00366211
 0.00366211
 0.00366211
 0.00396729
 0.00396729
 0.00457764
 0.00518799
 0.00640869
 0.00793457
 0.00976563
 0.01098633
 0.01220703
 0.01312256
 0.01373291
 0.01403809
 0.01373291
 0.01342773
 0.01342773
 0.01373291
 0.01373291
 0.01434326
 0.01525879
 0.01586914
 0.01617432
 0.01678467
 0.01770020
 0.01831055
 0.01892090
 0.01953125
 0.02044678
 0.02105713
 0.02105713
 0.02014160
 0.01861572
 0.01770020
 0.01708984
 0.01678467
 0.01647949
 0.01617432
 0.01647949
 0.01678467
 0.01708984
 0.01678467
 0.01678467
 0.01647949
 0.01617432
 0.01617432
 0.01617432
 0.01525879
 0.01434326
 0.01281738
 0.01129150
 0.00946045
 0.00823975
 0.00732422
 0.00640869
 0.00549316
 0.00457764
 0.00366211
 0.00335693
 0.00335693
 0.00335693
 0.00305176
 0.00274658
 0.00213623
 0.00122070
 0.00030518
-0.00091553
-0.00213623
-0.00305176
-0.00457764
-0.00518799
-0.00579834
-0.00610352
-0.00610352
-0.00610352
-0.00610352
-0.00640869
-0.00640869
-0.00640869
-0.00640869
-0.00671387
-0.00732422
-0.00823975
-0.00976563
-0.01098633
-0.01220703
-0.01342773
-0.01434326
-0.01525879
-0.01647949
-0.01708984
-0.01708984
-0.01678467
-0.01678467
-0.01678467
-0.01647949
-0.01617432
-0.01586914
-0.01586914
-0.01586914
-0.01556396
-0.01586914
-0.01617432
-0.01647949
-0.01708984
-0.01708984
-0.01617432
-0.01586914
-0.01525879
-0.01495361
-0.01464844
-0.01403809
-0.01342773
-0.01251221
-0.01190186
-0.01190186
-0.01251221
-0.01281738
-0.01312256
-0.01342773
-0.01495361
-0.01586914
-0.01617432
-0.01617432
-0.01586914
-0.01525879
-0.01434326
-0.01373291
-0.01342773
-0.01312256
-0.01220703
-0.01098633
-0.01037598
-0.01037598
-0.01129150
-0.01159668
-0.01220703
-0.01220703
-0.01220703
-0.01220703
-0.01220703
-0.01190186
-0.01129150
-0.01007080
-0.00854492
-0.00701904
-0.00518799
-0.00427246
-0.00366211
-0.00305176
-0.00244141
-0.00244141
-0.00244141
-0.00305176
-0.00366211
-0.00396729
-0.00366211
-0.00335693
-0.00274658
-0.00152588
 0.00000000
 0.00091553
 0.00244141
 0.00396729
 0.00488281
 0.00579834
 0.00610352
 0.00579834
 0.00549316
 0.00549316
 0.00549316
 0.00549316
 0.00518799
 0.00488281
 0.00518799
 0.00640869
 0.00823975
 0.01037598
 0.01220703
 0.01403809
 0.01525879
 0.01617432
 0.01647949
 0.01708984
 0.01739502
 0.01739502
 0.01647949
 0.01556396
 0.01464844
 0.01342773
 0.01342773
 0.01403809
 0.01464844
 0.01495361
 0.01556396
 0.01617432
 0.01678467
 0.01770020
 0.01861572
 0.01892090
 0.01861572
 0.01800537
 0.01708984
 0.01647949
 0.01586914
 0.01556396
 0.01525879
 0.01495361
 0.01495361
 0.01525879
 0.01586914
 0.01647949
 0.01678467
 0.01678467
 0.01678467
 0.01708984
 0.01708984
 0.01678467
 0.01647949
 0.01556396
 0.01403809
 0.01251221
 0.01159668
 0.01129150
 0.01129150
 0.01068115
 0.01007080
 0.00946045
 0.00976563
 0.01068115
 0.01190186
 0.01281738
 0.01342773
 0.01312256
 0.01220703
 0.01129150
 0.01007080
 0.00854492
 0.00701904
 0.00579834
 0.00427246
 0.00244141
 0.00152588
 0.00091553
 0.00061035
 0.00000000
-0.00061035
-0.00061035
 0.00030518
 0.00030518
 0.00000000
-0.00122070
-0.00274658
-0.00518799
-0.00762939
-0.00946045
-0.01098633
-0.01281738
-0.01373291
-0.01464844
-0.01525879
-0.01586914
-0.01586914
-0.01525879
-0.01525879
-0.01556396
-0.01556396
-0.01586914
-0.01647949
-0.01739502
-0.01861572
-0.01983643
-0.02166748
-0.02349854
-0.02441406
-0.02471924
-0.02380371
-0.02288818
-0.02197266
-0.02075195
-0.01953125
-0.01861572
-0.01831055
-0.01800537
-0.01861572
-0.01953125
-0.02044678
-0.02105713
-0.02166748
-0.02258301
-0.02319336
-0.02380371
-0.02410889
-0.02410889
-0.02319336
-0.02197266
-0.02044678
-0.01831055
-0.01678467
-0.01586914
-0.01586914
-0.01617432
-0.01647949
-0.01770020
-0.01831055
-0.01831055
-0.01770020
-0.01739502
-0.01708984
-0.01617432
-0.01495361
-0.01342773
-0.01190186
-0.01007080
-0.00823975
-0.00701904
-0.00579834
-0.00518799
-0.00518799
-0.00518799
-0.00579834
-0.00610352
-0.00732422
-0.00793457
-0.00762939
-0.00640869
-0.00488281
-0.00335693
-0.00183105
 0.00030518
 0.00183105
 0.00305176
 0.00396729
 0.00488281
 0.00518799
 0.00549316
 0.00610352
 0.00610352
 0.00518799
 0.00457764
 0.00488281
 0.00549316
 0.00701904
 0.00823975
 0.00976563
 0.01129150
 0.01251221
 0.01342773
 0.01434326
 0.01495361
 0.01525879
 0.01586914
 0.01556396
 0.01495361
 0.01403809
 0.01342773
 0.01312256
 0.01281738
 0.01281738
 0.01312256
 0.01373291
 0.01495361
 0.01617432
 0.01708984
 0.01800537
 0.01861572
 0.01861572
 0.01831055
 0.01800537
 0.01739502
 0.01708984
 0.01678467
 0.01678467
 0.01647949
 0.01647949
 0.01678467
 0.01739502
 0.01800537
 0.01861572
 0.01953125
 0.01983643
 0.02044678
 0.02044678
 0.01983643
 0.01861572
 0.01739502
 0.01556396
 0.01434326
 0.01342773
 0.01251221
 0.01190186
 0.01129150
 0.01129150
 0.01129150
 0.01098633
 0.01129150
 0.01159668
 0.01190186
 0.01190186
 0.01190186
 0.01129150
 0.01007080
 0.00854492
 0.00701904
 0.00549316
 0.00396729
 0.00305176
 0.00213623
 0.00152588
 0.00091553
 0.00061035
 0.00091553
 0.00091553
 0.00061035
 0.00030518
 0.00000000
-0.00122070
-0.00213623
-0.00274658
-0.00366211
-0.00488281
-0.00579834
-0.00701904
-0.00793457
-0.00885010
-0.00915527
-0.00885010
-0.00854492
-0.00793457
-0.00732422
-0.00671387
-0.00610352
-0.00579834
-0.00579834
-0.00579834
-0.00640869
-0.00701904
-0.00732422
-0.00762939
-0.00793457
-0.00885010
-0.00946045
-0.00946045
-0.00915527
-0.00885010
-0.00793457
-0.00701904
-0.00640869
-0.00579834
-0.00579834
-0.00610352
-0.00640869
-0.00671387
-0.00732422
-0.00823975
-0.00946045
-0.01007080
-0.01037598
-0.01068115
-0.01098633
-0.01068115
-0.01007080
-0.01007080
-0.00946045
-0.00854492
-0.00762939
-0.00640869
-0.00579834
-0.00549316
-0.00579834
-0.00640869
-0.00671387
-0.00701904
-0.00701904
-0.00701904
-0.00640869
-0.00610352
-0.00579834
-0.00518799
-0.00396729
-0.00335693
-0.00274658
-0.00213623
-0.00213623
-0.00244141
-0.00244141
-0.00305176
-0.00335693
-0.00366211
-0.00366211
-0.00366211
-0.00366211
-0.00366211
-0.00305176
-0.00244141
-0.00122070
 0.00030518
 0.00152588
 0.00244141
 0.00274658
 0.00213623
 0.00213623
 0.00183105
 0.00183105
 0.00122070
 0.00061035
-0.00030518
 0.00000000
 0.00030518
 0.00061035
 0.00030518
 0.00030518
 0.00122070
 0.00213623
 0.00274658
 0.00305176
 0.00274658
 0.00274658
 0.00244141
 0.00213623
 0.00152588
 0.00091553
 0.00030518
-0.00030518
 0.00000000
 0.00061035
 0.00183105
 0.00213623
 0.00274658
 0.00335693
 0.00335693
 0.00335693
 0.00396729
 0.00396729
 0.00427246
 0.00396729
 0.00396729
 0.00335693
 0.00274658
 0.00183105
 0.00122070
 0.00091553
 0.00091553
 0.00091553
 0.00091553
 0.00091553
 0.00061035
 0.00000000
 0.00000000
 0.00030518
 0.00061035
 0.00000000
-0.00091553
-0.00183105
-0.00213623
-0.00213623
-0.00244141
-0.00305176
-0.00335693
-0.00366211
-0.00366211
-0.00335693
-0.00274658
-0.00213623
-0.00122070
-0.00091553
-0.00030518
 0.00030518
-0.00030518
-0.00030518
-0.00030518
-0.00091553
-0.00183105
-0.00213623
-0.00213623
-0.00183105
-0.00183105
-0.00213623
-0.00183105
-0.00152588
-0.00152588
-0.00152588
-0.00152588
-0.00122070
-0.00122070
-0.00152588
-0.00213623
-0.00335693
-0.00396729
-0.00457764
-0.00457764
-0.00457764
-0.00518799
-0.00579834
-0.00518799
-0.00457764
-0.00366211
-0.00305176
-0.00305176
-0.00335693
-0.00335693
-0.00366211
-0.00396729
-0.00427246
-0.00427246
-0.00457764
-0.00549316
-0.00610352
-0.00701904
-0.00701904
-0.00671387
-0.00579834
-0.00549316
-0.00518799
-0.00457764
-0.00396729
-0.00366211
-0.00366211
-0.00427246
-0.00457764
-0.00457764
-0.00457764
-0.00427246
-0.00427246
-0.00427246
-0.00457764
-0.00457764
-0.00335693
-0.00213623
-0.00091553
 0.00000000
 0.00091553
 0.00122070
 0.00183105
 0.00244141
 0.00274658
 0.00305176
 0.00244141
 0.00213623
 0.00213623
 0.00213623
 0.00213623
 0.00213623
 0.00274658
 0.00244141
 0.00213623
 0.00244141
 0.00335693
 0.00366211
 0.00427246
 0.00457764
 0.00457764
 0.00457764
 0.00366211
 0.00305176
 0.00244141
 0.00183105
 0.00152588
 0.00122070
 0.00122070
 0.00152588
 0.00213623
 0.00274658
 0.00335693
 0.00366211
 0.00396729
 0.00457764
 0.00549316
 0.00549316
 0.00549316
 0.00549316
 0.00518799
 0.00457764
 0.00427246
 0.00427246
 0.00457764
 0.00427246
 0.00366211
 0.00366211
 0.00366211
 0.00396729
 0.00427246
 0.00457764
 0.00488281
 0.00457764
 0.00457764
 0.00457764
 0.00396729
 0.00396729
 0.00335693
 0.00305176
 0.00305176
 0.00305176
 0.00305176
 0.00305176
 0.00335693
 0.00396729
 0.00427246
 0.00488281
 0.00488281
 0.00518799
 0.00488281
 0.00457764
 0.00457764
 0.00427246
 0.00366211
 0.00274658
 0.00213623
 0.00213623
 0.00244141
 0.00274658
 0.00305176
 0.00335693
 0.00396729
 0.00457764
 0.00488281
 0.00518799
 0.00549316
 0.00579834
 0.00549316
 0.00518799
 0.00518799
 0.00457764
 0.00396729
 0.00305176
 0.00244141
 0.00244141
 0.00244141
 0.00305176
 0.00366211
 0.00427246
 0.00457764
 0.00518799
 0.00610352
 0.00610352
 0.00579834
 0.00518799
 0.00488281
 0.00427246
 0.00366211
 0.00274658
 0.00183105
 0.00122070
 0.00122070
 0.00122070
 0.00152588
 0.00122070
 0.00122070
 0.00213623
 0.00244141
 0.00274658
 0.00244141
 0.00183105
 0.00061035
-0.00030518
-0.00122070
-0.00183105
-0.00183105
-0.00244141
-0.00305176
-0.00366211
-0.00366211
-0.00305176
-0.00244141
-0.00152588
-0.00061035
 0.00000000
 0.00000000
-0.00030518
-0.00122070
-0.00183105
-0.00244141
-0.00335693
-0.00396729
-0.00457764
-0.00549316
-0.00579834
-0.00610352
-0.00640869
-0.00610352
-0.00579834
-0.00518799
-0.00457764
-0.00396729
-0.00366211
-0.00366211
-0.00396729
-0.00457764
-0.00518799
-0.00549316
-0.00610352
-0.00701904
-0.00732422
-0.00701904
-0.00671387
-0.00579834
-0.00518799
-0.00488281
-0.00488281
-0.00427246
-0.00396729
-0.00335693
-0.00366211
-0.00427246
-0.00488281
-0.00518799
-0.00579834
-0.00640869
-0.00701904
-0.00762939
-0.00793457
-0.00793457
-0.00732422
-0.00671387
-0.00579834
-0.00518799
-0.00518799
-0.00518799
-0.00579834
-0.00610352
-0.00671387
-0.00701904
-0.00732422
-0.00762939
-0.00823975
-0.00854492
-0.00823975
-0.00793457
-0.00762939
-0.00762939
-0.00732422
-0.00640869
-0.00549316
-0.00488281
-0.00457764
-0.00427246
-0.00396729
-0.00396729
-0.00396729
-0.00427246
-0.00488281
-0.00518799
-0.00549316
-0.00579834
-0.00579834
-0.00549316
-0.00457764
-0.00396729
-0.00335693
-0.00244141
-0.00213623
-0.00152588
-0.00122070
-0.00061035
-0.00061035
-0.00122070
-0.00213623
-0.00274658
-0.00244141
-0.00213623
-0.00183105
-0.00183105
-0.00183105
-0.00091553
-0.00030518
 0.00061035
 0.00152588
 0.00213623
 0.00305176
 0.00396729
 0.00488281
 0.00488281
 0.00427246
 0.00366211
 0.00305176
 0.00244141
 0.00244141
 0.00244141
 0.00305176
 0.00366211
 0.00427246
 0.00457764
 0.00549316
 0.00671387
 0.00732422
 0.00793457
 0.00823975
 0.00915527
 0.00915527
 0.00946045
 0.00946045
 0.00885010
 0.00793457
 0.00762939
 0.00793457
 0.00823975
 0.00854492
 0.00915527
 0.01007080
 0.01068115
 0.01129150
 0.01159668
 0.01159668
 0.01159668
 0.01129150
 0.01068115
 0.01007080
 0.00976563
 0.00946045
 0.00885010
 0.00793457
 0.00701904
 0.00640869
 0.00640869
 0.00671387
 0.00671387
 0.00671387
 0.00732422
 0.00793457
 0.00793457
 0.00732422
 0.00671387
 0.00579834
 0.00549316
 0.00518799
 0.00488281
 0.00457764
 0.00427246
 0.00366211
 0.00366211
 0.00396729
 0.00518799
 0.00579834
 0.00579834
 0.00579834
 0.00549316
 0.00518799
 0.00457764
 0.00366211
 0.00274658
 0.00183105
 0.00061035
-0.00030518
-0.00122070
-0.00183105
-0.00183105
-0.00152588
-0.00122070
-0.00122070
-0.00061035
-0.00030518
-0.00030518
 0.00000000
 0.00000000
-0.00122070
-0.00244141
-0.00335693
-0.00396729
-0.00427246
-0.00457764
-0.00549316
-0.00579834
-0.00579834
-0.00549316
-0.00457764
-0.00427246
-0.00427246
-0.00396729
-0.00366211
-0.00366211
-0.00427246
-0.00488281
-0.00549316
-0.00610352
-0.00671387
-0.00701904
-0.00701904
-0.00701904
-0.00701904
-0.00701904
-0.00701904
-0.00701904
-0.00640869
-0.00549316
-0.00457764
-0.00427246
-0.00427246
-0.00427246
-0.00427246
-0.00457764
-0.00518799
-0.00549316
-0.00549316
-0.00549316
-0.00518799
-0.00457764
-0.00427246
-0.00366211
-0.00305176
-0.00274658
-0.00244141
-0.00244141
-0.00244141
-0.00274658
-0.00335693
-0.00366211
-0.00396729
-0.00427246
-0.00488281
-0.00518799
-0.00549316
-0.00579834
-0.00549316
-0.00488281
-0.00427246
-0.00335693
-0.00274658
-0.00274658
-0.00274658
-0.00274658
-0.00305176
-0.00274658
-0.00305176
-0.00305176
-0.00274658
-0.00305176
-0.00335693
-0.00305176
-0.00274658
-0.00213623
-0.00183105
-0.00122070
-0.00091553
-0.00061035
 0.00000000
 0.00061035
 0.00061035
 0.00030518
-0.00061035
-0.00152588
-0.00183105
-0.00213623
-0.00244141
-0.00274658
-0.00274658
-0.00213623
-0.00152588
-0.00152588
-0.00122070
 0.00000000
 0.00091553
 0.00122070
 0.00183105
 0.00213623
 0.00244141
 0.00213623
 0.00183105
 0.00152588
 0.00152588
 0.00152588
 0.00152588
 0.00183105
 0.00213623
 0.00274658
 0.00305176
 0.00335693
 0.00396729
 0.00457764
 0.00518799
 0.00488281
 0.00427246
 0.00396729
 0.00366211
 0.00335693
 0.00305176
 0.00274658
 0.00244141
 0.00244141
 0.00213623
 0.00244141
 0.00274658
 0.00274658
 0.00305176
 0.00335693
 0.00396729
 0.00427246
 0.00427246
 0.00366211
 0.00305176
 0.00305176
 0.00274658
 0.00274658
 0.00213623
 0.00152588
 0.00152588
 0.00152588
 0.00152588
 0.00183105
 0.00213623
 0.00305176
 0.00335693
 0.00335693
 0.00305176
 0.00305176
 0.00274658
 0.00213623
 0.00122070
 0.00061035
 0.00000000
-0.00061035
-0.00091553
-0.00122070
-0.00122070
-0.00091553
 0.00000000
 0.00061035
 0.00152588
 0.00183105
 0.00183105
 0.00183105
 0.00183105
 0.00122070
 0.00061035
 0.00030518
 0.00061035
 0.00061035
 0.00000000
-0.00061035
-0.00091553
-0.00091553
-0.00091553
-0.00061035
 0.00000000
 0.00061035
 0.00122070
 0.00091553
 0.00030518
 0.00000000
-0.00061035
-0.00091553
-0.00152588
-0.00213623
-0.00244141
-0.00244141
-0.00213623
-0.00213623
-0.00183105
-0.00122070
-0.00061035
 0.00000000
 0.00000000
 0.00030518
 0.00030518
 0.00122070
 0.00183105
 0.00183105
 0.00152588
 0.00091553
 0.00091553
 0.00061035
 0.00030518
 0.00061035
 0.00122070
 0.00152588
 0.00183105
 0.00183105
 0.00213623
 0.00244141
 0.00274658
 0.00274658
 0.00274658
 0.00274658
 0.00274658
 0.00244141
 0.00183105
 0.00122070
 0.00091553
 0.00122070
 0.00152588
 0.00152588
 0.00152588
 0.00152588
 0.00183105
 0.00213623
 0.00244141
 0.00305176
 0.00305176
 0.00305176
 0.00274658
 0.00274658
 0.00244141
 0.00244141
 0.00213623
 0.00183105
 0.00183105
 0.00183105
 0.00213623
 0.00213623
 0.00213623
 0.00244141
 0.00305176
 0.00335693
 0.00335693
 0.00274658
 0.00244141
 0.00213623
 0.00152588
 0.00091553
 0.00061035
 0.00061035
 0.00061035
 0.00030518
-0.00030518
 0.00000000
 0.00030518
 0.00061035
 0.00091553
 0.00091553
 0.00061035
 0.00061035
 0.00122070
 0.00152588
 0.00091553
 0.00030518
 0.00030518
 0.00000000
-0.00091553
-0.00122070
-0.00152588
-0.00152588
-0.00152588
-0.00183105
-0.00183105
-0.00152588
-0.00183105
-0.00244141
-0.00274658
-0.00305176
-0.00366211
-0.00366211
-0.00366211
-0.00396729
-0.00396729
-0.00427246
-0.00457764
-0.00457764
-0.00488281
-0.00488281
-0.00488281
-0.00457764
-0.00457764
-0.00427246
-0.00457764
-0.00457764
-0.00427246
-0.00427246
-0.00427246
-0.00457764
-0.00488281
-0.00457764
-0.00488281
-0.00488281
-0.00518799
-0.00579834
-0.00549316
-0.00488281
-0.00457764
-0.00427246
-0.00366211
-0.00305176
-0.00335693
-0.00335693
-0.00335693
-0.00335693
-0.00366211
-0.00396729
-0.00457764
-0.00518799
-0.00518799
-0.00457764
-0.00427246
-0.00427246
-0.00457764
-0.00427246
-0.00396729
-0.00335693
-0.00335693
-0.00305176
-0.00305176
-0.00244141
-0.00183105
-0.00183105
-0.00183105
-0.00183105
-0.00213623
-0.00244141
-0.00213623
-0.00213623
-0.00244141
-0.00183105
-0.00122070
-0.00122070
-0.00091553
-0.00091553
-0.00091553
-0.00091553
-0.00061035
 0.00000000
 0.00000000
 0.00000000
 0.00000000
 0.00061035
 0.00091553
 0.00091553
 0.00122070
 0.00122070
 0.00152588
 0.00213623
 0.00274658
 0.00305176
 0.00335693
 0.00335693
 0.00396729
 0.00396729
 0.00396729
 0.00396729
 0.00396729
 0.00396729
 0.00427246
 0.00427246
 0.00396729
 0.00396729
 0.00396729
 0.00396729
 0.00396729
 0.00396729
 0.00457764
 0.00488281
 0.00457764
 0.00488281
 0.00488281
 0.00488281
 0.00518799
 0.00518799
 0.00488281
 0.00488281
 0.00488281
 0.00488281
 0.00457764
 0.00457764
 0.00457764
 0.00488281
 0.00518799
 0.00488281
 0.00518799
 0.00549316
 0.00610352
 0.00579834
 0.00549316
 0.00549316
 0.00518799
 0.00488281
 0.00518799
 0.00488281
 0.00457764
 0.00396729
 0.00427246
 0.00427246
 0.00427246
 0.00427246
 0.00396729
 0.00396729
 0.00366211
 0.00335693
 0.00335693
 0.00274658
 0.00274658
 0.00244141
 0.00183105
 0.00122070
 0.00122070
 0.00122070
 0.00091553
 0.00091553
 0.00091553
 0.00122070
 0.00152588
 0.00183105
 0.00152588
 0.00122070
 0.00122070
 0.00152588
 0.00091553
 0.00030518
 0.00000000
 0.00000000
-0.00030518
-0.00061035
-0.00061035
-0.00061035
-0.00061035
-0.00061035
-0.00091553
-0.00091553
-0.00122070
-0.00183105
-0.00213623
-0.00244141
-0.00305176
-0.00335693
-0.00335693
-0.00335693
-0.00366211
-0.00396729
-0.00427246
-0.00457764
-0.00427246
-0.00427246
-0.00396729
-0.00396729
-0.00396729
-0.00396729
-0.00427246
-0.00488281
-0.00488281
-0.00488281
-0.00518799
-0.00579834
-0.00610352
-0.00610352
-0.00579834
-0.00640869
-0.00640869
-0.00671387
-0.00671387
-0.00640869
-0.00610352
-0.00640869
-0.00671387
-0.00640869
-0.00640869
-0.00610352
-0.00640869
-0.00640869
-0.00610352
-0.00610352
-0.00640869
-0.00701904
-0.00671387
-0.00640869
-0.00579834
-0.00549316
-0.00549316
-0.00518799
-0.00488281
-0.00427246
-0.00396729
-0.00366211
-0.00366211
-0.00396729
-0.00396729
-0.00366211
-0.00366211
-0.00366211
-0.00335693
-0.00274658
-0.00244141
-0.00274658
-0.00274658
-0.00244141
-0.00213623
-0.00183105
-0.00152588
-0.00091553
-0.00091553
-0.00122070
-0.00122070
-0.00061035
-0.00061035
-0.00061035
-0.00061035
-0.00030518
 0.00030518
 0.00030518
 0.00000000
 0.00030518
 0.00091553
 0.00122070
 0.00152588
 0.00183105
 0.00213623
 0.00244141
 0.00305176
 0.00335693
 0.00335693
 0.00335693
 0.00274658
 0.00274658
 0.00274658
 0.00305176
 0.00305176
 0.00274658
 0.00274658
 0.00274658
 0.00305176
 0.00396729
 0.00427246
 0.00427246
 0.00457764
 0.00457764
 0.00518799
 0.00457764
 0.00427246
 0.00396729
 0.00396729
 0.00396729
 0.00366211
 0.00366211
 0.00366211
 0.00366211
 0.00396729
 0.00427246
 0.00457764
 0.00518799
 0.00488281
 0.00518799
 0.00518799
 0.00518799
 0.00488281
 0.00488281
 0.00427246
 0.00366211
 0.00305176
 0.00305176
 0.00305176
 0.00366211
 0.00335693
 0.00335693
 0.00366211
 0.00396729
 0.00366211
 0.00335693
 0.00305176
 0.00274658
 0.00305176
 0.00335693
 0.00335693
 0.00305176
 0.00244141
 0.00244141
 0.00213623
 0.00183105
 0.00213623
 0.00213623
 0.00274658
 0.00305176
 0.00305176
 0.00305176
 0.00274658
 0.00244141
 0.00274658
 0.00305176
 0.00244141
 0.00183105
 0.00122070
 0.00061035
 0.00061035
 0.00030518
 0.00030518
 0.00030518
 0.00061035
 0.00061035
 0.00030518
-0.00030518
-0.00030518
-0.00030518
-0.00030518
-0.00030518
-0.00061035
-0.00152588
-0.00183105
-0.00183105
-0.00183105
-0.00213623
-0.00244141
-0.00244141
-0.00213623
-0.00152588
-0.00122070
-0.00152588
-0.00213623
-0.00274658
-0.00274658
-0.00244141
-0.00244141
-0.00244141
-0.00244141
-0.00244141
-0.00274658
-0.00274658
-0.00305176
-0.00305176
-0.00335693
-0.00335693
-0.00305176
-0.00274658
-0.00244141
-0.00213623
-0.00213623
-0.00213623
-0.00274658
-0.00305176
-0.00305176
-0.00274658
-0.00183105
-0.00152588
-0.00152588
-0.00152588
-0.00213623
-0.00213623
-0.00183105
-0.00152588
-0.00091553
-0.00061035
-0.00030518
 0.00000000
 0.00030518
 0.00030518
 0.00000000
-0.00030518
-0.00061035
-0.00030518
 0.00000000
 0.00061035
 0.00122070
 0.00152588
 0.00152588
 0.00213623
 0.00213623
 0.00244141
 0.00274658
 0.00274658
 0.00305176
 0.00335693
 0.00274658
 0.00213623
 0.00213623
 0.00244141
 0.00274658
 0.00305176
 0.00366211
 0.00396729
 0.00335693
 0.00335693
 0.00457764
 0.00549316
 0.00579834
 0.00549316
 0.00488281
 0.00488281
 0.00518799
 0.00518799
 0.00457764
 0.00396729
 0.00427246
 0.00427246
 0.00366211
 0.00366211
 0.00396729
 0.00457764
 0.00457764
 0.00457764
 0.00488281
 0.00488281
 0.00488281
 0.00488281
 0.00457764
 0.00427246
 0.00427246
 0.00366211
 0.00366211
 0.00366211
 0.00366211
 0.00366211
 0.00305176
 0.00335693
 0.00366211
 0.00366211
 0.00366211
 0.00366211
 0.00305176
 0.00244141
 0.00213623
 0.00213623
 0.00213623
 0.00213623
 0.00152588
 0.00091553
 0.00030518
 0.00030518
 0.00030518
 0.00000000
 0.00000000
 0.00000000
-0.00030518
-0.00091553
-0.00122070
-0.00183105
-0.00244141
-0.00305176
-0.00396729
-0.00396729
-0.00366211
-0.00366211
-0.00427246
-0.00488281
-0.00488281
-0.00488281
-0.00488281
-0.00488281
-0.00518799
-0.00579834
-0.00640869
-0.00640869
-0.00640869
-0.00671387
-0.00732422
-0.00762939
-0.00823975
-0.00854492
-0.00915527
-0.00915527
-0.00915527
-0.00915527
-0.00915527
-0.00885010
-0.00915527
-0.01007080
-0.01068115
-0.01129150
-0.01159668
-0.01159668
-0.01159668
-0.01159668
-0.01129150
-0.01129150
-0.01159668
-0.01159668
-0.01190186
-0.01190186
-0.01190186
-0.01190186
-0.01220703
-0.01281738
-0.01251221
-0.01251221
-0.01251221
-0.01251221
-0.01281738
-0.01312256
-0.01281738
-0.01251221
-0.01220703
-0.01159668
-0.01098633
-0.01068115
-0.01037598
-0.01007080
-0.01007080
-0.01037598
-0.01037598
-0.00976563
-0.00915527
-0.00915527
-0.00885010
-0.00885010
-0.00854492
-0.00793457
-0.00701904
-0.00640869
-0.00579834
-0.00549316
-0.00518799
-0.00488281
-0.00457764
-0.00366211
-0.00335693
-0.00274658
-0.00274658
-0.00274658
-0.00244141
-0.00183105
-0.00091553
-0.00030518
 0.00000000
 0.00000000
 0.00030518
 0.00122070
 0.00213623
 0.00274658
 0.00305176
 0.00305176
 0.00396729
 0.00457764
 0.00488281
 0.00488281
 0.00427246
 0.00457764
 0.00549316
 0.00579834
 0.00610352
 0.00671387
 0.00762939
 0.00854492
 0.00915527
 0.00885010
 0.00885010
 0.00915527
 0.01007080
 0.01068115
 0.01037598
 0.01007080
 0.01007080
 0.01068115
 0.01159668
 0.01190186
 0.01159668
 0.01129150
 0.01159668
 0.01220703
 0.01220703
 0.01251221
 0.01281738
 0.01281738
 0.01281738
 0.01251221
 0.01281738
 0.01251221
 0.01251221
 0.01190186
 0.01159668
 0.01159668
 0.01190186
 0.01159668
 0.01159668
 0.01159668
 0.01159668
 0.01159668
 0.01190186
 0.01190186
 0.01159668
 0.01159668
 0.01098633
 0.01037598
 0.00976563
 0.00976563
 0.00976563
 0.00976563
 0.00915527
 0.00854492
 0.00823975
 0.00823975
 0.00823975
 0.00793457
 0.00762939
 0.00793457
 0.00732422
 0.00701904
 0.00671387
 0.00640869
 0.00610352
 0.00579834
 0.00518799
 0.00488281
 0.00457764
 0.00366211
 0.00335693
 0.00335693
 0.00335693
 0.00305176
 0.00305176
 0.00274658
 0.00274658
 0.00213623
 0.00152588
 0.00122070
 0.00091553
 0.00061035
 0.00061035
 0.00000000
-0.00030518
-0.00061035
-0.00091553
-0.00152588
-0.00183105
-0.00152588
-0.00152588
-0.00183105
-0.00244141
-0.00335693
-0.00335693
-0.00305176
-0.00274658
-0.00244141
-0.00274658
-0.00335693
-0.00335693
-0.00335693
-0.00396729
-0.00457764
-0.00549316
-0.00549316
-0.00488281
-0.00518799
-0.00579834
-0.00640869
-0.00701904
-0.00671387
-0.00610352
-0.00610352
-0.00640869
-0.00701904
-0.00701904
-0.00701904
-0.00732422
-0.00762939
-0.00732422
-0.00701904
-0.00671387
-0.00671387
-0.00671387
-0.00701904
-0.00701904
-0.00701904
-0.00640869
-0.00610352
-0.00579834
-0.00579834
-0.00610352
-0.00610352
-0.00640869
-0.00610352
-0.00579834
-0.00549316
-0.00518799
-0.00518799
-0.00518799
-0.00518799
-0.00457764
-0.00427246
-0.00427246
-0.00427246
-0.00457764
-0.00457764
-0.00457764
-0.00396729
-0.00366211
-0.00366211
-0.00366211
-0.00366211
-0.00366211
-0.00366211
-0.00305176
-0.00244141
-0.00183105
-0.00122070
-0.00091553
-0.00091553
-0.00091553
-0.00061035
 0.00000000
 0.00000000
-0.00030518
-0.00030518
 0.00000000
 0.00030518
 0.00061035
 0.00122070
 0.00122070
 0.00152588
 0.00183105
 0.00183105
 0.00152588
 0.00152588
 0.00213623
 0.00244141
 0.00244141
 0.00244141
 0.00274658
 0.00274658
 0.00274658
 0.00274658
 0.00244141
 0.00274658
 0.00305176
 0.00335693
 0.00366211
 0.00366211
 0.00396729
 0.00366211
 0.00335693
 0.00305176
 0.00274658
 0.00305176
 0.00335693
 0.00335693
 0.00305176
 0.00274658
 0.00305176
 0.00305176
 0.00305176
 0.00274658
 0.00274658
 0.00305176
 0.00305176
 0.00274658
 0.00244141
 0.00244141
 0.00244141
 0.00244141
 0.00213623
 0.00152588
 0.00091553
 0.00091553
 0.00152588
 0.00122070
 0.00091553
 0.00061035
 0.00091553
 0.00091553
 0.00061035
 0.00061035
 0.00061035
 0.00030518
 0.00000000
-0.00030518
-0.00061035
-0.00061035
-0.00091553
-0.00122070
-0.00152588
-0.00183105
-0.00152588
-0.00152588
-0.00152588
-0.00152588
-0.00122070
-0.00152588
-0.00152588
-0.00213623
-0.00244141
-0.00244141
-0.00244141
-0.00244141
-0.00274658
-0.00274658
-0.00274658
-0.00213623
-0.00183105
-0.00183105
-0.00244141
-0.00244141
-0.00244141
-0.00244141
-0.00274658
-0.00305176
-0.00305176
-0.00335693
-0.00366211
-0.00366211
-0.00396729
-0.00366211
-0.00366211
-0.00396729
-0.00427246
-0.00396729
-0.00366211
-0.00396729
-0.00396729
-0.00396729
-0.00366211
-0.00396729
-0.00457764
-0.00488281
-0.00488281
-0.00457764
-0.00457764
-0.00457764
-0.00457764
-0.00457764
-0.00457764
-0.00396729
-0.00366211
-0.00396729
-0.00396729
-0.00366211
-0.00335693
-0.00305176
-0.00335693
-0.00366211
-0.00366211
-0.00305176
-0.00305176
-0.00335693
-0.00335693
-0.00305176
-0.00274658
-0.00213623
-0.00244141
-0.00274658
-0.00274658
-0.00305176
-0.00335693
-0.00274658
-0.00183105
-0.00213623
-0.00244141
-0.00213623
-0.00183105
-0.00152588
-0.00122070
-0.00152588
-0.00183105
-0.00183105
-0.00122070
-0.00030518
-0.00030518
-0.00030518
-0.00030518
-0.00061035
-0.00091553
-0.00152588
-0.00122070
-0.00091553
-0.00061035
-0.00030518
-0.00030518
 0.00030518
 0.00030518
 0.00030518
 0.00030518
 0.00030518
 0.00030518
 0.00061035
 0.00061035
 0.00091553
 0.00091553
 0.00091553
 0.00091553
 0.00061035
 0.00061035
 0.00061035
 0.00091553
 0.00122070
 0.00122070
 0.00122070
 0.00152588
 0.00152588
 0.00152588
 0.00122070
 0.00091553
 0.00091553
 0.00091553
 0.00122070
 0.00152588
 0.00183105
 0.00183105
 0.00152588
 0.00152588
 0.00183105
 0.00183105
 0.00213623
 0.00244141
 0.00213623
 0.00183105
 0.00183105
 0.00152588
 0.00152588
 0.00152588
 0.00183105
 0.00213623
 0.00213623
 0.00213623
 0.00213623
 0.00213623
 0.00213623
 0.00183105
 0.00183105
 0.00183105
 0.00183105
 0.00213623
 0.00244141
 0.00274658
 0.00274658
 0.00305176
 0.00305176
 0.00274658
 0.00244141
 0.00244141
 0.00183105
 0.00152588
 0.00152588
 0.00213623
 0.00213623
 0.00152588
 0.00152588
 0.00152588
 0.00183105
 0.00152588
 0.00152588
 0.00152588
 0.00152588
 0.00152588
 0.00152588
 0.00122070
 0.00091553
 0.00091553
 0.00122070
 0.00122070
 0.00091553
 0.00091553
 0.00091553
 0.00152588
 0.00152588
 0.00091553
 0.00061035
 0.00061035
 0.00152588
 0.00183105
 0.00183105
 0.00152588
 0.00122070
 0.00091553
 0.00091553
 0.00091553
 0.00122070
 0.00152588
 0.00152588
 0.00183105
 0.00213623
 0.00213623
 0.00183105
 0.00183105
 0.00213623
 0.00213623
 0.00213623
 0.00152588
 0.00091553
 0.00122070
 0.00122070
 0.00091553
 0.00091553
 0.00091553
 0.00091553
 0.00061035
 0.00061035
 0.00122070
 0.00152588
 0.00152588
 0.00152588
 0.00091553
 0.00030518
 0.00030518
 0.00030518
 0.00061035
 0.00091553
 0.00091553
 0.00091553
 0.00122070
 0.00152588
 0.00122070
 0.00091553
 0.00091553
 0.00122070
 0.00122070
 0.00152588
 0.00152588
 0.00122070
 0.00122070
 0.00122070
 0.00091553
 0.00030518
 0.00000000
 0.00030518
 0.00030518
 0.00030518
 0.00030518
 0.00061035
 0.00061035
 0.00030518
-0.00030518
-0.00030518
 0.00061035
 0.00122070
 0.00091553
 0.00061035
 0.00061035
 0.00061035
 0.00061035
 0.00061035
 0.00061035
 0.00061035
 0.00091553
 0.00091553
 0.00122070
 0.00122070
 0.00091553
 0.00061035
 0.00030518
 0.00000000
 0.00000000
 0.00000000
 0.00000000
 0.00000000
 0.00000000
-0.00061035
-0.00061035
-0.00061035
-0.00061035
-0.00030518
-0.00030518
-0.00091553
-0.00061035
-0.00030518
-0.00030518
-0.00030518
-0.00030518
-0.00030518
-0.00091553
-0.00122070
-0.00091553
-0.00030518
-0.00030518
-0.00030518
-0.00030518
 0.00000000
-0.00030518
 0.00000000
 0.00000000
-0.00030518
-0.00061035
-0.00091553
-0.00091553
-0.00152588
-0.00183105
-0.00183105
-0.00152588
-0.00122070
-0.00122070
-0.00122070
-0.00122070
-0.00122070
-0.00152588
-0.00152588
-0.00213623
-0.00183105
-0.00183105
-0.00213623
-0.00244141
-0.00244141
-0.00244141
-0.00244141
-0.00274658
-0.00335693
-0.00305176
-0.00244141
-0.00183105
-0.00213623
-0.00244141
-0.00335693
-0.00335693
-0.00274658
-0.00274658
-0.00305176
-0.00335693
-0.00366211
-0.00335693
-0.00305176
-0.00274658
-0.00274658
-0.00305176
-0.00335693
-0.00274658
-0.00274658
-0.00244141
-0.00244141
-0.00213623
-0.00213623
-0.00274658
-0.00305176
-0.00305176
-0.00305176
-0.00305176
-0.00274658
-0.00244141
-0.00213623
-0.00244141
-0.00244141
-0.00183105
-0.00152588
-0.00183105
-0.00244141
-0.00213623
-0.00152588
-0.00183105
-0.00244141
-0.00244141
-0.00244141
-0.00274658
-0.00274658
-0.00274658
-0.00244141
-0.00213623
-0.00244141
-0.00274658
-0.00305176
-0.00305176
-0.00274658
-0.00244141
-0.00274658
-0.00335693
-0.00366211
-0.00366211
-0.00305176
-0.00274658
-0.00274658
-0.00305176
-0.00335693
-0.00274658
-0.00244141
-0.00274658
-0.00274658
-0.00244141
-0.00244141
-0.00244141
-0.00274658
-0.00244141
-0.00244141
-0.00244141
-0.00244141
-0.00244141
-0.00244141
-0.00244141
-0.00244141
-0.00305176
-0.00335693
-0.00335693
-0.00335693
-0.00305176
-0.00305176
-0.00335693
-0.00335693
-0.00305176
-0.00305176
-0.00335693
-0.00305176
-0.00305176
-0.00305176
-0.00335693
-0.00335693
-0.00335693
-0.00305176
-0.00366211
-0.00335693
-0.00305176
-0.00274658
-0.00274658
-0.00244141
-0.00213623
-0.00244141
-0.00274658
-0.00244141
-0.00213623
-0.00213623
-0.00183105
-0.00183105
-0.00213623
-0.00274658
-0.00274658
-0.00274658
-0.00305176
-0.00274658
-0.00213623
-0.00122070
-0.00091553
-0.00091553
-0.00122070
-0.00091553
-0.00061035
 0.00000000
 0.00030518
 0.00000000
 0.00000000
-0.00030518
-0.00030518
 0.00030518
 0.00061035
 0.00061035
 0.00061035
 0.00091553
 0.00152588
 0.00183105
 0.00213623
 0.00244141
 0.00305176
 0.00335693
 0.00335693
 0.00305176
 0.00305176
 0.00335693
 0.00366211
 0.00366211
 0.00335693
 0.00366211
 0.00427246
 0.00457764
 0.00457764
 0.00518799
 0.00549316
 0.00579834
 0.00579834
 0.00549316
 0.00488281
 0.00518799
 0.00549316
 0.00518799
 0.00549316
 0.00549316
 0.00549316
 0.00579834
 0.00640869
 0.00640869
 0.00640869
 0.00671387
 0.00701904
 0.00701904
 0.00762939
 0.00762939
 0.00732422
 0.00701904
 0.00671387
 0.00671387
 0.00671387
 0.00671387
 0.00701904
 0.00671387
 0.00610352
 0.00640869
 0.00732422
 0.00732422
 0.00701904
 0.00671387
 0.00671387
 0.00671387
 0.00701904
 0.00701904
 0.00640869
 0.00579834
 0.00549316
 0.00549316
 0.00579834
 0.00579834
 0.00549316
 0.00518799
 0.00518799
 0.00549316
 0.00579834
 0.00579834
 0.00549316
 0.00518799
 0.00488281
 0.00488281
 0.00488281
 0.00457764
 0.00427246
 0.00396729
 0.00366211
 0.00366211
 0.00335693
 0.00305176
 0.00305176
 0.00274658
 0.00305176
 0.00274658
 0.00305176
 0.00305176
 0.00244141
 0.00183105
 0.00213623
 0.00183105
 0.00122070
 0.00091553
 0.00061035
 0.00030518
-0.00030518
-0.00030518
 0.00000000
 0.00030518
 0.00030518
-0.00030518
-0.00061035
-0.00091553
-0.00122070
-0.00152588
-0.00183105
-0.00213623
-0.00244141
-0.00274658
-0.00305176
-0.00305176
-0.00305176
-0.00274658
-0.00274658
-0.00244141
-0.00244141
-0.00274658
-0.00274658
-0.00274658
-0.00335693
-0.00396729
-0.00396729
-0.00396729
-0.00427246
-0.00488281
-0.00488281
-0.00488281
-0.00518799
-0.00488281
-0.00488281
-0.00488281
-0.00488281
-0.00518799
-0.00518799
-0.00488281
-0.00457764
-0.00488281
-0.00549316
-0.00549316
-0.00518799
-0.00549316
-0.00579834
-0.00610352
-0.00610352
-0.00579834
-0.00549316
-0.00518799
-0.00518799
-0.00518799
-0.00518799
-0.00549316
-0.00518799
-0.00549316
-0.00579834
-0.00579834
-0.00549316
-0.00518799
-0.00549316
-0.00579834
-0.00579834
-0.00518799
-0.00488281
-0.00457764
-0.00427246
-0.00396729
-0.00366211
-0.00366211
-0.00396729
-0.00427246
-0.00457764
-0.00427246
-0.00396729
-0.00366211
-0.00366211
-0.00366211
-0.00335693
-0.00305176
-0.00244141
-0.00244141
-0.00305176
-0.00274658
-0.00274658
-0.00305176
-0.00305176
-0.00305176
-0.00244141
-0.00213623
-0.00213623
-0.00244141
-0.00244141
-0.00244141
-0.00183105
-0.00152588
-0.00122070
-0.00213623
-0.00213623
-0.00152588
-0.00091553
-0.00091553
-0.00152588
-0.00152588
-0.00122070
-0.00061035
-0.00030518
-0.00061035
-0.00061035
-0.00030518
-0.00061035
-0.00030518
 0.00000000
 0.00030518
 0.00061035
 0.00030518
 0.00061035
 0.00030518
-0.00030518
-0.00030518
-0.00030518
-0.00030518
-0.00030518
-0.00061035
-0.00030518
 0.00000000
 0.00030518
 0.00030518
-0.00030518
 0.00000000
 0.00061035
 0.00091553
 0.00091553
 0.00091553
 0.00091553
 0.00091553
 0.00091553
 0.00030518
 0.00000000
 0.00030518
 0.00061035
 0.00061035
 0.00061035
 0.00061035
 0.00061035
 0.00091553
 0.00061035
 0.00061035
 0.00091553
 0.00091553
 0.00030518
 0.00030518
 0.00030518
 0.00030518
 0.00030518
 0.00061035
 0.00061035
 0.00030518
 0.00030518
 0.00030518
 0.00091553
 0.00091553
 0.00091553
 0.00091553
 0.00091553
 0.00091553
 0.00122070
 0.00122070
 0.00091553
 0.00061035
 0.00030518
 0.00061035
 0.00061035
 0.00061035
 0.00091553
 0.00091553
 0.00030518
 0.00061035
 0.00091553
 0.00091553
 0.00091553
 0.00061035
 0.00061035
 0.00061035
 0.00030518
 0.00030518
 0.00091553
 0.00122070
 0.00091553
 0.00061035
 0.00061035
 0.00091553
 0.00122070
 0.00122070
 0.00091553
 0.00122070
 0.00122070
 0.00122070
 0.00122070
 0.00091553
 0.00091553
 0.00122070
 0.00183105
 0.00183105
 0.00152588
 0.00152588
 0.00183105
 0.00183105
 0.00152588
 0.00152588
 0.00152588
 0.00183105
 0.00213623
 0.00183105
 0.00152588
 0.00152588
 0.00152588
 0.00152588
 0.00152588
 0.00152588
 0.00213623
 0.00213623
 0.00213623
 0.00183105
 0.00183105
 0.00213623
 0.00183105
 0.00152588
 0.00122070
 0.00091553
 0.00122070
 0.00152588
 0.00183105
 0.00213623
 0.00213623
 0.00183105
 0.00183105
 0.00183105
 0.00213623
 0.00213623
 0.00183105
 0.00152588
 0.00183105
 0.00213623
 0.00183105
 0.00152588
 0.00152588
 0.00183105
 0.00213623
 0.00183105
 0.00183105
 0.00183105
 0.00213623
 0.00244141
 0.00213623
 0.00152588
 0.00152588
 0.00152588
 0.00152588
 0.00091553
 0.00061035
 0.00061035
 0.00061035
 0.00061035
 0.00091553
 0.00091553
 0.00061035
 0.00030518
 0.00061035
 0.00091553
 0.00122070
 0.00091553
 0.00061035
 0.00061035
 0.00061035
 0.00061035
 0.00061035
 0.00000000
 0.00000000
 0.00000000
 0.00030518
 0.00000000
 0.00000000
 0.00030518
 0.00061035
 0.00030518
 0.00000000
 0.00000000
 0.00030518
 0.00000000
-0.00061035
-0.00061035
-0.00030518
 0.00030518
 0.00000000
-0.00030518
-0.00061035
-0.00030518
-0.00030518
-0.00030518
-0.00061035
-0.00091553
-0.00122070
-0.00152588
-0.00122070
-0.00091553
-0.00122070
-0.00152588
-0.00183105
-0.00152588
-0.00122070
-0.00122070
-0.00152588
-0.00152588
-0.00152588
-0.00122070
-0.00122070
-0.00122070
-0.00122070
-0.00152588
-0.00152588
-0.00183105
-0.00213623
-0.00274658
-0.00244141
-0.00244141
-0.00213623
-0.00213623
-0.00213623
-0.00152588
-0.00122070
-0.00183105
-0.00183105
-0.00183105
-0.00152588
-0.00183105
-0.00183105
-0.00152588
-0.00152588
-0.00183105
-0.00152588
-0.00122070
-0.00122070
-0.00152588
-0.00183105
-0.00183105
-0.00122070
-0.00091553
-0.00122070
-0.00183105
-0.00183105
-0.00152588
-0.00152588
-0.00152588
-0.00152588
-0.00183105
-0.00152588
-0.00152588
-0.00122070
-0.00152588
-0.00122070
-0.00152588
-0.00091553
-0.00091553
-0.00061035
-0.00061035
-0.00030518
 0.00000000
 0.00000000
-0.00030518
-0.00030518
 0.00000000
 0.00000000
 0.00030518
 0.00061035
 0.00091553
 0.00061035
 0.00030518
 0.00000000
 0.00030518
 0.00061035
 0.00061035
 0.00061035
 0.00030518
 0.00000000
-0.00030518
-0.00030518
-0.00030518
 0.00030518
 0.00061035
 0.00091553
 0.00091553
 0.00091553
 0.00091553
 0.00091553
 0.00091553
 0.00122070
 0.00122070
 0.00091553
 0.00061035
 0.00091553
 0.00091553
 0.00091553
 0.00122070
 0.00122070
 0.00122070
 0.00061035
 0.00091553
 0.00122070
 0.00183105
 0.00183105
 0.00213623
 0.00183105
 0.00122070
 0.00091553
 0.00091553
 0.00122070
 0.00152588
 0.00122070
 0.00122070
 0.00122070
 0.00152588
 0.00152588
 0.00122070
 0.00091553
 0.00091553
 0.00122070
 0.00122070
 0.00122070
 0.00091553
 0.00061035
 0.00030518
 0.00030518
 0.00061035
 0.00030518
 0.00030518
 0.00000000
 0.00000000
-0.00030518
-0.00061035
-0.00030518
 0.00030518
 0.00091553
 0.00091553
 0.00030518
-0.00030518
-0.00061035
-0.00091553
-0.00091553
-0.00152588
-0.00152588
-0.00152588
-0.00152588
-0.00122070
-0.00091553
-0.00152588
-0.00152588
-0.00122070
-0.00061035
-0.00061035
-0.00091553
-0.00122070
-0.00122070
-0.00152588
-0.00152588
-0.00152588
-0.00183105
-0.00152588
-0.00152588
-0.00213623
-0.00244141
-0.00213623
-0.00152588
-0.00122070
-0.00152588
-0.00152588
-0.00152588
-0.00122070
-0.00152588
-0.00183105
-0.00213623
-0.00274658
-0.00274658
-0.00274658
-0.00274658
-0.00305176
-0.00305176
-0.00274658
-0.00213623
-0.00213623
-0.00244141
-0.00213623
-0.00183105
-0.00213623
-0.00244141
-0.00244141
-0.00213623
-0.00213623
-0.00213623
-0.00244141
-0.00244141
-0.00183105
-0.00183105
-0.00152588
-0.00152588
-0.00152588
-0.00091553
-0.00061035
-0.00061035
-0.00091553
-0.00091553
-0.00091553
-0.00091553
-0.00091553
-0.00061035
-0.00061035
-0.00030518
-0.00030518
 0.00000000
