 0.00000000
 0.00030518
 0.00000000
-0.00030518
-0.00061035
-0.00030518
-0.00030518
-0.00061035
-0.00030518
-0.00061035
-0.00030518
-0.00030518
-0.00030518
-0.00061035
-0.00061035
-0.00061035
-0.00091553
-0.00091553
-0.00061035
-0.00030518
 0.00000000
 0.00000000
-0.00061035
-0.00091553
-0.00061035
-0.00030518
 0.00000000
-0.00030518
-0.00122070
-0.00122070
-0.00091553
-0.00091553
-0.00091553
-0.00091553
-0.00061035
 0.00000000
 0.00000000
 0.00000000
-0.00030518
-0.00061035
-0.00061035
-0.00030518
 0.00000000
 0.00000000
 0.00000000
-0.00061035
-0.00122070
-0.00091553
-0.00061035
-0.00091553
-0.00091553
-0.00091553
-0.00061035
-0.00061035
-0.00091553
-0.00030518
-0.00030518
-0.00030518
-0.00061035
-0.00061035
 0.00000000
 0.00000000
-0.00030518
-0.00061035
-0.00061035
-0.00030518
-0.00030518
 0.00000000
-0.00030518
-0.00061035
-0.00061035
-0.00061035
-0.00030518
 0.00000000
 0.00000000
-0.00030518
-0.00030518
-0.00030518
 0.00000000
-0.00030518
-0.00030518
-0.00030518
 0.00000000
-0.00030518
-0.00030518
-0.00030518
-0.00030518
 0.00000000
 0.00000000
 0.00030518
 0.00000000
 0.00000000
 0.00000000
 0.00030518
 0.00030518
 0.00213623
 0.01037598
 0.02227783
 0.02227783
-0.00305176
-0.04364014
-0.07904053
-0.10864258
-0.12634277
-0.10955811
-0.05828857
 0.00000000
 0.02990723
 0.01251221
-0.05767822
-0.13885498
-0.16723633
-0.10742188
-0.00335693
 0.04455566
-0.00762939
-0.12207031
-0.21484375
-0.24932861
-0.20935059
-0.07629395
 0.07690430
 0.13061523
 0.07659912
 0.01831055
 0.06164551
 0.14190674
 0.16052246
 0.11260986
 0.08880615
 0.17913818
 0.38208008
 0.57800293
 0.60516357
 0.43243408
 0.23803711
 0.00030518
-0.13458252
-0.12847900
-0.02960205
 0.08972168
 0.15319824
 0.14251709
 0.10437012
 0.06500244
-0.01190186
-0.18218994
-0.33660889
-0.38665771
-0.30578613
-0.21484375
-0.07781982
 0.10131836
 0.22064209
 0.21636963
 0.12176514
-0.00244141
-0.06683350
-0.06591797
-0.01037598
 0.09613037
 0.18066406
 0.15014648
-0.02014160
-0.18249512
-0.23742676
-0.22918701
-0.22033691
-0.19470215
-0.13275146
-0.03173828
 0.10070801
 0.25482178
 0.38513184
 0.36285400
 0.28839111
 0.10101318
-0.10345459
-0.26245117
-0.34271240
-0.28808594
-0.20507813
-0.13580322
-0.06561279
 0.03112793
 0.12237549
 0.18554688
 0.24688721
 0.31311035
 0.33752441
 0.24383545
 0.05310059
-0.11444092
-0.23468018
-0.33477783
-0.37414551
-0.31860352
-0.23101807
-0.17364502
-0.13916016
-0.08514404
-0.00579834
 0.06195068
 0.11047363
 0.17791748
 0.30670166
 0.44311523
 0.41961670
 0.24902344
-0.01861572
-0.32836914
-0.55633545
-0.70617676
-0.74157715
-0.64849854
-0.45532227
-0.26306152
-0.05035400
 0.15197754
 0.34881592
 0.47912598
 0.51666260
 0.43762207
 0.29785156
 0.10284424
-0.09368896
-0.26580811
-0.40710449
-0.48156738
-0.50109863
-0.47973633
-0.38055420
-0.18920898
 0.04730225
 0.29174805
 0.47851563
 0.57495117
 0.63781738
 0.60882568
 0.45928955
 0.29724121
 0.15228271
 0.01251221
-0.15777588
-0.30517578
-0.38269043
-0.37719727
-0.33111572
-0.25695801
-0.09521484
 0.11627197
 0.34881592
 0.49926758
 0.54901123
 0.52825928
 0.44128418
 0.29632568
 0.08758545
-0.10284424
-0.26428223
-0.37994385
-0.40313721
-0.36468506
-0.32287598
-0.26611328
-0.14831543
 0.00396729
 0.14984131
 0.26641846
 0.33081055
 0.33386230
 0.26763916
 0.12939453
 0.01342773
-0.06011963
-0.14251709
-0.23925781
-0.31372070
-0.35064697
-0.33874512
-0.29541016
-0.20416260
-0.07293701
 0.05554199
 0.16906738
 0.27893066
 0.34851074
 0.36712646
 0.32196045
 0.20904541
 0.05584717
-0.07751465
-0.19470215
-0.28747559
-0.34057617
-0.33569336
-0.28991699
-0.20599365
-0.09155273
 0.03601074
 0.16082764
 0.26977539
 0.32257080
 0.33050537
 0.27465820
 0.15625000
 0.05889893
-0.00915527
-0.09094238
-0.18585205
-0.25207520
-0.26611328
-0.24047852
-0.18585205
-0.10894775
-0.01678467
 0.07690430
 0.15655518
 0.21697998
 0.26336670
 0.28320313
 0.25573730
 0.18646240
 0.09857178
 0.00213623
-0.09246826
-0.16448975
-0.20202637
-0.20782471
-0.18676758
-0.13854980
-0.06500244
 0.01983643
 0.09277344
 0.14160156
 0.16357422
 0.14526367
 0.10223389
 0.06713867
 0.03997803
 0.00000000
-0.05157471
-0.08880615
-0.09765625
-0.08819580
-0.07049561
-0.04638672
-0.01983643
-0.00091553
 0.00244141
 0.00427246
 0.02105713
 0.04150391
 0.04394531
 0.01892090
-0.02044678
-0.05981445
-0.09460449
-0.11383057
-0.11260986
-0.10162354
-0.08880615
-0.06958008
-0.03845215
-0.00122070
 0.02838135
 0.03967285
 0.03265381
 0.01739502
-0.00030518
-0.01464844
-0.01342773
 0.00213623
 0.02166748
 0.03601074
 0.04241943
 0.04699707
 0.05767822
 0.07415771
 0.08819580
 0.08850098
 0.07293701
 0.05554199
 0.05065918
 0.05432129
 0.05676270
 0.05035400
 0.03570557
 0.01831055
 0.00701904
 0.00762939
 0.02136230
 0.04272461
 0.06164551
 0.07110596
 0.06805420
 0.05065918
 0.01892090
-0.01922607
-0.05065918
-0.07263184
-0.09155273
-0.10650635
-0.11016846
-0.10070801
-0.08758545
-0.07812500
-0.07263184
-0.06591797
-0.05706787
-0.04699707
-0.03143311
-0.00854492
 0.01464844
 0.02441406
 0.01464844
-0.00152588
-0.00976563
-0.01312256
-0.01800537
-0.02166748
-0.02014160
-0.01525879
-0.01159668
-0.00640869
 0.00518799
 0.02105713
 0.03601074
 0.04638672
 0.05645752
 0.06774902
 0.07537842
 0.07507324
 0.06744385
 0.05645752
 0.04150391
 0.01983643
-0.00244141
-0.01342773
-0.00762939
 0.01068115
 0.03448486
 0.05767822
 0.07598877
 0.08514404
 0.08422852
 0.07659912
 0.06744385
 0.05645752
 0.03814697
 0.01220703
-0.01464844
-0.03570557
-0.05157471
-0.06317139
-0.06805420
-0.06225586
-0.04760742
-0.02685547
-0.00183105
 0.02532959
 0.05004883
 0.06469727
 0.06469727
 0.05371094
 0.04058838
 0.02746582
 0.01251221
-0.00366211
-0.02044678
-0.03753662
-0.05584717
-0.07080078
-0.07507324
-0.06713867
-0.05004883
-0.02899170
-0.00946045
 0.00244141
 0.00396729
-0.00244141
-0.01098633
-0.02075195
-0.03295898
-0.04516602
-0.05279541
-0.05157471
-0.04241943
-0.02960205
-0.01556396
-0.00396729
 0.00457764
 0.01190186
 0.02227783
 0.03723145
 0.05065918
 0.05676270
 0.05218506
 0.04089355
 0.02563477
 0.00793457
-0.01068115
-0.02685547
-0.03936768
-0.04699707
-0.05004883
-0.04882813
-0.04333496
-0.03540039
-0.02655029
-0.01892090
-0.01464844
-0.01342773
-0.01342773
-0.01251221
-0.01159668
-0.01342773
-0.01983643
-0.02899170
-0.03784180
-0.04211426
-0.03936768
-0.02838135
-0.01129150
 0.00823975
 0.02502441
 0.03448486
 0.03540039
 0.03082275
 0.02441406
 0.01678467
 0.00915527
 0.00213623
-0.00396729
-0.00946045
-0.01586914
-0.02166748
-0.02624512
-0.03051758
-0.03448486
-0.03753662
-0.03906250
-0.03753662
-0.03204346
-0.02410889
-0.01556396
-0.00946045
-0.00793457
-0.01159668
-0.01831055
-0.02502441
-0.03021240
-0.03234863
-0.03143311
-0.02624512
-0.01678467
-0.00366211
 0.01098633
 0.02471924
 0.03479004
 0.04119873
 0.04486084
 0.04791260
 0.05096436
 0.05279541
 0.05218506
 0.04821777
 0.04302979
 0.03936768
 0.04058838
 0.04699707
 0.05554199
 0.06378174
 0.06896973
 0.06958008
 0.06500244
 0.05676270
 0.04669189
 0.03479004
 0.02044678
 0.00366211
-0.01403809
-0.03021240
-0.04211426
-0.04821777
-0.04882813
-0.04486084
-0.03753662
-0.02990723
-0.02441406
-0.02136230
-0.02197266
-0.02777100
-0.04028320
-0.05737305
-0.07629395
-0.09338379
-0.10772705
-0.11749268
-0.12390137
-0.12664795
-0.12512207
-0.11779785
-0.10498047
-0.08850098
-0.07049561
-0.05371094
-0.03906250
-0.02563477
-0.01281738
-0.00091553
 0.00823975
 0.01373291
 0.01586914
 0.01739502
 0.02014160
 0.02624512
 0.03784180
 0.05645752
 0.07965088
 0.10314941
 0.12207031
 0.13336182
 0.13580322
 0.13183594
 0.12268066
 0.10925293
 0.09185791
 0.07232666
 0.05279541
 0.03509521
 0.01983643
 0.00823975
 0.00091553
-0.00183105
 0.00091553
 0.00885010
 0.02136230
 0.03570557
 0.04943848
 0.05889893
 0.06286621
 0.06042480
 0.05157471
 0.03692627
 0.01708984
-0.00579834
-0.02960205
-0.05004883
-0.06408691
-0.06988525
-0.06622314
-0.05493164
-0.03692627
-0.01464844
 0.00854492
 0.02960205
 0.04577637
 0.05462646
 0.05706787
 0.05493164
 0.04882813
 0.03845215
 0.02380371
 0.00885010
-0.00244141
-0.00915527
-0.01068115
-0.00579834
 0.00518799
 0.01983643
 0.03540039
 0.04791260
 0.05584717
 0.05706787
 0.05096436
 0.03784180
 0.01800537
-0.00671387
-0.03479004
-0.06317139
-0.08789063
-0.10711670
-0.11962891
-0.12420654
-0.12145996
-0.11230469
-0.09796143
-0.08117676
-0.06469727
-0.05157471
-0.04455566
-0.04455566
-0.05035400
-0.05859375
-0.06744385
-0.07690430
-0.08483887
-0.08941650
-0.08880615
-0.08087158
-0.06683350
-0.04821777
-0.02777100
-0.00762939
 0.01007080
 0.02319336
 0.03082275
 0.03173828
 0.02685547
 0.01739502
 0.00427246
-0.01037598
-0.02380371
-0.03387451
-0.03967285
-0.04089355
-0.03906250
-0.03295898
-0.02441406
-0.01464844
-0.00549316
 0.00183105
 0.00640869
 0.00793457
 0.00640869
 0.00427246
 0.00244141
 0.00122070
-0.00030518
-0.00061035
 0.00091553
 0.00488281
 0.01129150
 0.02136230
 0.03387451
 0.04821777
 0.06347656
 0.07751465
 0.08941650
 0.09735107
 0.10040283
 0.09887695
 0.09399414
 0.08880615
 0.08422852
 0.08178711
 0.08209229
 0.08331299
 0.08483887
 0.08636475
 0.08819580
 0.08880615
 0.08758545
 0.08453369
 0.08026123
 0.07476807
 0.06774902
 0.06072998
 0.05493164
 0.04913330
 0.04364014
 0.03906250
 0.03509521
 0.03204346
 0.03021240
 0.02929688
 0.02929688
 0.02929688
 0.02960205
 0.02899170
 0.02685547
 0.02258301
 0.01556396
 0.00640869
-0.00518799
-0.01770020
-0.03021240
-0.04058838
-0.04791260
-0.05157471
-0.05126953
-0.04852295
-0.04455566
-0.03967285
-0.03540039
-0.03234863
-0.03265381
-0.03570557
-0.04150391
-0.04791260
-0.05279541
-0.05554199
-0.05554199
-0.05462646
-0.05310059
-0.05157471
-0.05004883
-0.04791260
-0.04516602
-0.04119873
-0.03692627
-0.03295898
-0.03051758
-0.02990723
-0.03204346
-0.03631592
-0.04241943
-0.05065918
-0.06042480
-0.06988525
-0.07690430
-0.07995605
-0.07965088
-0.07659912
-0.07141113
-0.06469727
-0.05767822
-0.05187988
-0.04760742
-0.04577637
-0.04608154
-0.04852295
-0.05310059
-0.05798340
-0.06103516
-0.06195068
-0.06011963
-0.05523682
-0.04882813
-0.04089355
-0.03265381
-0.02471924
-0.01739502
-0.01098633
-0.00610352
-0.00213623
-0.00030518
 0.00030518
 0.00030518
-0.00061035
-0.00305176
-0.00610352
-0.00946045
-0.01220703
-0.01281738
-0.00946045
-0.00213623
 0.00915527
 0.02288818
 0.03723145
 0.05004883
 0.05981445
 0.06622314
 0.06958008
 0.07019043
 0.06835938
 0.06500244
 0.06103516
 0.05859375
 0.05859375
 0.06103516
 0.06530762
 0.07080078
 0.07568359
 0.07995605
 0.08270264
 0.08483887
 0.08605957
 0.08636475
 0.08575439
 0.08422852
 0.08239746
 0.08026123
 0.07812500
 0.07537842
 0.07171631
 0.06744385
 0.06256104
 0.05798340
 0.05432129
 0.05218506
 0.05187988
 0.05371094
 0.05615234
 0.05859375
 0.06042480
 0.06072998
 0.05950928
 0.05645752
 0.05126953
 0.04547119
 0.03906250
 0.03356934
 0.02899170
 0.02502441
 0.02075195
 0.01464844
 0.00640869
-0.00427246
-0.01556396
-0.02502441
-0.03234863
-0.03723145
-0.03967285
-0.04028320
-0.03997803
-0.04028320
-0.04058838
-0.04089355
-0.04150391
-0.04241943
-0.04364014
-0.04486084
-0.04516602
-0.04547119
-0.04455566
-0.04302979
-0.04058838
-0.03784180
-0.03509521
-0.03204346
-0.02868652
-0.02502441
-0.02166748
-0.01800537
-0.01403809
-0.01007080
-0.00640869
-0.00396729
-0.00335693
-0.00396729
-0.00854492
-0.01647949
-0.02593994
-0.03601074
-0.04394531
-0.04943848
-0.05249023
-0.05340576
-0.05187988
-0.04913330
-0.04486084
-0.04058838
-0.03692627
-0.03417969
-0.03326416
-0.03326416
-0.03387451
-0.03509521
-0.03631592
-0.03753662
-0.03906250
-0.04119873
-0.04394531
-0.04608154
-0.04547119
-0.04241943
-0.03662109
-0.02929688
-0.02075195
-0.01159668
-0.00305176
 0.00244141
 0.00427246
 0.00152588
-0.00366211
-0.01159668
-0.02166748
-0.03173828
-0.03997803
-0.04547119
-0.04730225
-0.04577637
-0.04028320
-0.03234863
-0.02288818
-0.01281738
-0.00274658
 0.00518799
 0.01129150
 0.01403809
 0.01464844
 0.01464844
 0.01373291
 0.01129150
 0.00885010
 0.00732422
 0.00610352
 0.00640869
 0.00854492
 0.01342773
 0.02105713
 0.03051758
 0.04089355
 0.04974365
 0.05676270
 0.06011963
 0.05950928
 0.05462646
 0.04669189
 0.03540039
 0.02288818
 0.01098633
 0.00183105
-0.00366211
-0.00579834
-0.00488281
-0.00122070
 0.00366211
 0.00854492
 0.01220703
 0.01464844
 0.01617432
 0.01586914
 0.01281738
 0.00732422
 0.00000000
-0.00854492
-0.01678467
-0.02380371
-0.02899170
-0.03204346
-0.03326416
-0.03234863
-0.02929688
-0.02441406
-0.01861572
-0.01251221
-0.00762939
-0.00396729
-0.00213623
-0.00305176
-0.00671387
-0.01281738
-0.02044678
-0.02838135
-0.03448486
-0.03784180
-0.03753662
-0.03387451
-0.02777100
-0.02014160
-0.01281738
-0.00579834
-0.00030518
 0.00335693
 0.00579834
 0.00701904
 0.00762939
 0.00762939
 0.00732422
 0.00732422
 0.00732422
 0.00793457
 0.00946045
 0.01251221
 0.01678467
 0.02197266
 0.02807617
 0.03570557
 0.04364014
 0.05065918
 0.05584717
 0.05889893
 0.05981445
 0.05859375
 0.05554199
 0.05218506
 0.04760742
 0.04272461
 0.03845215
 0.03540039
 0.03387451
 0.03448486
 0.03631592
 0.03875732
 0.04028320
 0.04028320
 0.03875732
 0.03570557
 0.03112793
 0.02532959
 0.01953125
 0.01373291
 0.00885010
 0.00488281
 0.00122070
-0.00122070
-0.00427246
-0.00579834
-0.00579834
-0.00488281
-0.00335693
-0.00152588
 0.00122070
 0.00305176
 0.00427246
 0.00427246
 0.00366211
 0.00244141
 0.00030518
-0.00244141
-0.00518799
-0.00671387
-0.00732422
-0.00610352
-0.00396729
-0.00183105
 0.00091553
 0.00366211
 0.00640869
 0.00762939
 0.00701904
 0.00549316
 0.00366211
 0.00244141
 0.00213623
 0.00305176
 0.00457764
 0.00640869
 0.00793457
 0.00976563
 0.01129150
 0.01251221
 0.01281738
 0.01220703
 0.01129150
 0.00976563
 0.00793457
 0.00518799
 0.00183105
-0.00244141
-0.00671387
-0.01098633
-0.01586914
-0.02044678
-0.02380371
-0.02532959
-0.02563477
-0.02563477
-0.02563477
-0.02563477
-0.02685547
-0.02868652
-0.03143311
-0.03509521
-0.03997803
-0.04547119
-0.05157471
-0.05615234
-0.05981445
-0.06195068
-0.06286621
-0.06256104
-0.06042480
-0.05737305
-0.05340576
-0.04852295
-0.04394531
-0.04058838
-0.03845215
-0.03631592
-0.03417969
-0.03265381
-0.03082275
-0.02868652
-0.02624512
-0.02410889
-0.02166748
-0.01831055
-0.01403809
-0.00976563
-0.00488281
-0.00030518
 0.00457764
 0.00854492
 0.01098633
 0.01220703
 0.01159668
 0.00976563
 0.00732422
 0.00427246
 0.00122070
-0.00152588
-0.00244141
-0.00152588
 0.00061035
 0.00366211
 0.00732422
 0.01129150
 0.01556396
 0.01922607
 0.02197266
 0.02319336
 0.02227783
 0.02044678
 0.01708984
 0.01342773
 0.01007080
 0.00762939
 0.00518799
 0.00274658
 0.00061035
-0.00061035
-0.00030518
 0.00152588
 0.00457764
 0.00732422
 0.00915527
 0.01068115
 0.01129150
 0.01007080
 0.00762939
 0.00366211
-0.00152588
-0.00701904
-0.01220703
-0.01617432
-0.01892090
-0.02014160
-0.02014160
-0.01892090
-0.01770020
-0.01556396
-0.01342773
-0.01098633
-0.00946045
-0.00823975
-0.00793457
-0.00854492
-0.01037598
-0.01190186
-0.01373291
-0.01434326
-0.01464844
-0.01434326
-0.01403809
-0.01312256
-0.01068115
-0.00732422
-0.00335693
 0.00152588
 0.00640869
 0.01129150
 0.01525879
 0.01861572
 0.02105713
 0.02288818
 0.02319336
 0.02349854
 0.02380371
 0.02502441
 0.02655029
 0.02807617
 0.02960205
 0.03143311
 0.03326416
 0.03417969
 0.03417969
 0.03356934
 0.03234863
 0.03051758
 0.02777100
 0.02410889
 0.02014160
 0.01586914
 0.01220703
 0.00823975
 0.00427246
 0.00122070
-0.00213623
-0.00457764
-0.00579834
-0.00610352
-0.00518799
-0.00366211
-0.00152588
 0.00030518
 0.00183105
 0.00305176
 0.00396729
 0.00457764
 0.00488281
 0.00427246
 0.00366211
 0.00366211
 0.00335693
 0.00366211
 0.00518799
 0.00732422
 0.00946045
 0.01129150
 0.01251221
 0.01342773
 0.01464844
 0.01556396
 0.01525879
 0.01434326
 0.01220703
 0.00946045
 0.00640869
 0.00366211
 0.00091553
-0.00183105
-0.00427246
-0.00671387
-0.00885010
-0.00976563
-0.00915527
-0.00732422
-0.00427246
-0.00122070
 0.00122070
 0.00335693
 0.00549316
 0.00762939
 0.00885010
 0.00885010
 0.00854492
 0.00762939
 0.00671387
 0.00640869
 0.00640869
 0.00671387
 0.00671387
 0.00671387
 0.00701904
 0.00732422
 0.00762939
 0.00793457
 0.00701904
 0.00518799
 0.00274658
 0.00000000
-0.00335693
-0.00762939
-0.01220703
-0.01708984
-0.02227783
-0.02685547
-0.03021240
-0.03143311
-0.03112793
-0.02990723
-0.02777100
-0.02593994
-0.02471924
-0.02349854
-0.02319336
-0.02319336
-0.02349854
-0.02502441
-0.02746582
-0.02960205
-0.03112793
-0.03204346
-0.03204346
-0.03112793
-0.02960205
-0.02716064
-0.02471924
-0.02136230
-0.01739502
-0.01251221
-0.00823975
-0.00488281
-0.00244141
-0.00122070
-0.00061035
 0.00000000
 0.00091553
 0.00213623
 0.00366211
 0.00488281
 0.00762939
 0.01098633
 0.01525879
 0.01983643
 0.02502441
 0.02899170
 0.03204346
 0.03417969
 0.03479004
 0.03417969
 0.03326416
 0.03082275
 0.02746582
 0.02410889
 0.02105713
 0.01831055
 0.01708984
 0.01617432
 0.01586914
 0.01525879
 0.01464844
 0.01373291
 0.01312256
 0.01220703
 0.01129150
 0.01007080
 0.00823975
 0.00579834
 0.00335693
 0.00122070
-0.00061035
-0.00152588
-0.00183105
-0.00152588
-0.00091553
 0.00030518
 0.00244141
 0.00579834
 0.00854492
 0.00976563
 0.01007080
 0.00976563
 0.00946045
 0.00915527
 0.00823975
 0.00762939
 0.00701904
 0.00610352
 0.00579834
 0.00640869
 0.00823975
 0.01068115
 0.01281738
 0.01373291
 0.01403809
 0.01403809
 0.01312256
 0.01098633
 0.00823975
 0.00488281
 0.00152588
-0.00122070
-0.00366211
-0.00549316
-0.00640869
-0.00610352
-0.00671387
-0.00671387
-0.00671387
-0.00640869
-0.00579834
-0.00518799
-0.00579834
-0.00671387
-0.00823975
-0.01098633
-0.01403809
-0.01770020
-0.02075195
-0.02288818
-0.02410889
-0.02349854
-0.02197266
-0.02014160
-0.01800537
-0.01586914
-0.01312256
-0.01129150
-0.01037598
-0.01098633
-0.01159668
-0.01281738
-0.01373291
-0.01495361
-0.01617432
-0.01708984
-0.01708984
-0.01617432
-0.01403809
-0.01098633
-0.00793457
-0.00488281
-0.00244141
 0.00000000
 0.00152588
 0.00244141
 0.00213623
 0.00091553
-0.00061035
-0.00274658
-0.00457764
-0.00549316
-0.00518799
-0.00396729
-0.00183105
 0.00030518
 0.00335693
 0.00640869
 0.00976563
 0.01342773
 0.01647949
 0.01831055
 0.01770020
 0.01556396
 0.01190186
 0.00701904
 0.00244141
-0.00122070
-0.00335693
-0.00488281
-0.00579834
-0.00610352
-0.00579834
-0.00518799
-0.00427246
-0.00305176
-0.00274658
-0.00335693
-0.00396729
-0.00488281
-0.00671387
-0.00854492
-0.01098633
-0.01373291
-0.01678467
-0.01892090
-0.01983643
-0.01953125
-0.01770020
-0.01464844
-0.01098633
-0.00701904
-0.00305176
-0.00061035
 0.00091553
 0.00091553
-0.00061035
-0.00335693
-0.00640869
-0.00946045
-0.01251221
-0.01495361
-0.01678467
-0.01770020
-0.01708984
-0.01556396
-0.01342773
-0.01098633
-0.00793457
-0.00549316
-0.00457764
-0.00427246
-0.00518799
-0.00610352
-0.00701904
-0.00762939
-0.00823975
-0.00854492
-0.00854492
-0.00823975
-0.00701904
-0.00427246
-0.00061035
 0.00335693
 0.00762939
 0.01190186
 0.01525879
 0.01831055
 0.01983643
 0.01922607
 0.01770020
 0.01556396
 0.01251221
 0.00885010
 0.00579834
 0.00366211
 0.00274658
 0.00274658
 0.00274658
 0.00396729
 0.00549316
 0.00701904
 0.00793457
 0.00823975
 0.00823975
 0.00854492
 0.00885010
 0.00885010
 0.00854492
 0.00762939
 0.00732422
 0.00732422
 0.00823975
 0.01007080
 0.01190186
 0.01556396
 0.01922607
 0.02227783
 0.02502441
 0.02655029
 0.02807617
 0.02899170
 0.02868652
 0.02746582
 0.02441406
 0.02075195
 0.01708984
 0.01373291
 0.01129150
 0.00946045
 0.00915527
 0.01037598
 0.01220703
 0.01403809
 0.01586914
 0.01708984
 0.01739502
 0.01739502
 0.01678467
 0.01556396
 0.01403809
 0.01220703
 0.01129150
 0.01098633
 0.01098633
 0.01098633
 0.01129150
 0.01190186
 0.01281738
 0.01464844
 0.01708984
 0.01953125
 0.02166748
 0.02288818
 0.02349854
 0.02258301
 0.02044678
 0.01678467
 0.01220703
 0.00793457
 0.00427246
 0.00122070
-0.00152588
-0.00335693
-0.00457764
-0.00488281
-0.00518799
-0.00610352
-0.00762939
-0.00976563
-0.01129150
-0.01342773
-0.01586914
-0.01861572
-0.02258301
-0.02655029
-0.02990723
-0.03265381
-0.03479004
-0.03570557
-0.03631592
-0.03692627
-0.03723145
-0.03692627
-0.03631592
-0.03631592
-0.03662109
-0.03753662
-0.03845215
-0.03967285
-0.04119873
-0.04272461
-0.04455566
-0.04608154
-0.04730225
-0.04760742
-0.04638672
-0.04364014
-0.04028320
-0.03631592
-0.03265381
-0.02929688
-0.02716064
-0.02502441
-0.02349854
-0.02227783
-0.02105713
-0.02075195
-0.02044678
-0.01922607
-0.01739502
-0.01525879
-0.01281738
-0.01037598
-0.00762939
-0.00457764
-0.00091553
 0.00213623
 0.00518799
 0.00762939
 0.00946045
 0.01037598
 0.01068115
 0.01007080
 0.00946045
 0.00793457
 0.00640869
 0.00488281
 0.00366211
 0.00366211
 0.00488281
 0.00671387
 0.00885010
 0.01098633
 0.01281738
 0.01434326
 0.01434326
 0.01342773
 0.01159668
 0.00915527
 0.00610352
 0.00335693
 0.00122070
 0.00000000
-0.00061035
-0.00061035
 0.00030518
 0.00091553
 0.00213623
 0.00396729
 0.00610352
 0.00854492
 0.01037598
 0.01190186
 0.01251221
 0.01312256
 0.01312256
 0.01220703
 0.01098633
 0.00976563
 0.00854492
 0.00823975
 0.00885010
 0.01037598
 0.01312256
 0.01617432
 0.01983643
 0.02319336
 0.02593994
 0.02777100
 0.02899170
 0.03021240
 0.03082275
 0.03051758
 0.02960205
 0.02838135
 0.02716064
 0.02655029
 0.02593994
 0.02502441
 0.02532959
 0.02563477
 0.02593994
 0.02593994
 0.02563477
 0.02502441
 0.02380371
 0.02227783
 0.01953125
 0.01617432
 0.01220703
 0.00793457
 0.00427246
 0.00061035
-0.00274658
-0.00579834
-0.00732422
-0.00823975
-0.00793457
-0.00610352
-0.00427246
-0.00274658
-0.00152588
-0.00091553
-0.00122070
-0.00305176
-0.00518799
-0.00823975
-0.01098633
-0.01281738
-0.01373291
-0.01403809
-0.01373291
-0.01281738
-0.01098633
-0.00946045
-0.00793457
-0.00579834
-0.00396729
-0.00244141
-0.00091553
 0.00000000
-0.00030518
-0.00122070
-0.00305176
-0.00488281
-0.00640869
-0.00762939
-0.00793457
-0.00732422
-0.00549316
-0.00274658
 0.00091553
 0.00427246
 0.00701904
 0.00915527
 0.01068115
 0.01159668
 0.01190186
 0.01129150
 0.01037598
 0.00854492
 0.00671387
 0.00549316
 0.00518799
 0.00518799
 0.00549316
 0.00610352
 0.00671387
 0.00762939
 0.00854492
 0.00915527
 0.00854492
 0.00762939
 0.00579834
 0.00335693
 0.00122070
-0.00091553
-0.00396729
-0.00732422
-0.01037598
-0.01281738
-0.01495361
-0.01617432
-0.01678467
-0.01647949
-0.01586914
-0.01525879
-0.01434326
-0.01434326
-0.01495361
-0.01647949
-0.01892090
-0.02197266
-0.02441406
-0.02563477
-0.02685547
-0.02777100
-0.02807617
-0.02716064
-0.02593994
-0.02471924
-0.02349854
-0.02227783
-0.02075195
-0.01983643
-0.01861572
-0.01770020
-0.01708984
-0.01678467
-0.01678467
-0.01678467
-0.01678467
-0.01678467
-0.01678467
-0.01556396
-0.01342773
-0.01037598
-0.00701904
-0.00396729
-0.00061035
 0.00305176
 0.00579834
 0.00854492
 0.01007080
 0.01037598
 0.01068115
 0.01037598
 0.00946045
 0.00885010
 0.00793457
 0.00793457
 0.00885010
 0.01007080
 0.01129150
 0.01190186
 0.01159668
 0.01098633
 0.01007080
 0.00946045
 0.00915527
 0.00885010
 0.00823975
 0.00732422
 0.00610352
 0.00457764
 0.00335693
 0.00244141
 0.00183105
 0.00122070
 0.00061035
 0.00091553
 0.00183105
 0.00274658
 0.00396729
 0.00488281
 0.00488281
 0.00427246
 0.00305176
 0.00183105
 0.00091553
-0.00030518
-0.00122070
-0.00213623
-0.00274658
-0.00183105
-0.00061035
 0.00000000
-0.00030518
 0.00030518
 0.00122070
 0.00244141
 0.00366211
 0.00457764
 0.00518799
 0.00579834
 0.00640869
 0.00671387
 0.00762939
 0.00885010
 0.01068115
 0.01220703
 0.01373291
 0.01495361
 0.01678467
 0.01892090
 0.02136230
 0.02349854
 0.02563477
 0.02777100
 0.02899170
 0.02929688
 0.02838135
 0.02746582
 0.02593994
 0.02441406
 0.02288818
 0.02136230
 0.01983643
 0.01831055
 0.01708984
 0.01617432
 0.01525879
 0.01373291
 0.01220703
 0.01068115
 0.00854492
 0.00671387
 0.00457764
 0.00213623
 0.00000000
-0.00213623
-0.00488281
-0.00762939
-0.00915527
-0.01068115
-0.01220703
-0.01403809
-0.01495361
-0.01525879
-0.01495361
-0.01495361
-0.01556396
-0.01586914
-0.01647949
-0.01739502
-0.01861572
-0.02014160
-0.02197266
-0.02349854
-0.02441406
-0.02471924
-0.02502441
-0.02441406
-0.02258301
-0.02075195
-0.01861572
-0.01708984
-0.01556396
-0.01434326
-0.01251221
-0.01159668
-0.01098633
-0.01037598
-0.00946045
-0.00885010
-0.00854492
-0.00823975
-0.00854492
-0.00823975
-0.00762939
-0.00579834
-0.00335693
-0.00061035
 0.00213623
 0.00396729
 0.00518799
 0.00610352
 0.00671387
 0.00610352
 0.00518799
 0.00366211
 0.00244141
 0.00122070
-0.00030518
-0.00122070
-0.00122070
-0.00091553
-0.00030518
 0.00091553
 0.00183105
 0.00274658
 0.00335693
 0.00396729
 0.00427246
 0.00396729
 0.00274658
 0.00122070
-0.00061035
-0.00152588
-0.00244141
-0.00335693
-0.00396729
-0.00427246
-0.00366211
-0.00244141
-0.00061035
 0.00152588
 0.00396729
 0.00610352
 0.00732422
 0.00823975
 0.00854492
 0.00823975
 0.00640869
 0.00457764
 0.00305176
 0.00213623
 0.00152588
 0.00183105
 0.00244141
 0.00305176
 0.00427246
 0.00579834
 0.00701904
 0.00793457
 0.00854492
 0.00885010
 0.00885010
 0.00854492
 0.00762939
 0.00640869
 0.00518799
 0.00366211
 0.00274658
 0.00183105
 0.00122070
 0.00213623
 0.00396729
 0.00640869
 0.00915527
 0.01190186
 0.01434326
 0.01617432
 0.01647949
 0.01678467
 0.01647949
 0.01525879
 0.01312256
 0.01159668
 0.01007080
 0.00854492
 0.00823975
 0.00823975
 0.00915527
 0.01007080
 0.01068115
 0.01098633
 0.01098633
 0.01007080
 0.00915527
 0.00762939
 0.00518799
 0.00183105
-0.00183105
-0.00488281
-0.00793457
-0.01129150
-0.01403809
-0.01586914
-0.01678467
-0.01739502
-0.01678467
-0.01586914
-0.01434326
-0.01251221
-0.01098633
-0.01007080
-0.00915527
-0.00885010
-0.00915527
-0.01007080
-0.01129150
-0.01251221
-0.01312256
-0.01281738
-0.01220703
-0.01037598
-0.00823975
-0.00579834
-0.00305176
-0.00061035
 0.00122070
 0.00244141
 0.00366211
 0.00457764
 0.00457764
 0.00396729
 0.00274658
 0.00183105
 0.00122070
 0.00030518
-0.00030518
-0.00122070
-0.00091553
 0.00030518
 0.00213623
 0.00396729
 0.00549316
 0.00640869
 0.00671387
 0.00640869
 0.00579834
 0.00427246
 0.00244141
 0.00061035
-0.00183105
-0.00335693
-0.00488281
-0.00579834
-0.00610352
-0.00549316
-0.00457764
-0.00366211
-0.00244141
-0.00183105
-0.00183105
-0.00183105
-0.00213623
-0.00335693
-0.00488281
-0.00671387
-0.00854492
-0.00946045
-0.01007080
-0.01068115
-0.01098633
-0.01068115
-0.00946045
-0.00732422
-0.00488281
-0.00244141
-0.00061035
 0.00122070
 0.00274658
 0.00427246
 0.00457764
 0.00427246
 0.00335693
 0.00244141
 0.00183105
 0.00152588
 0.00183105
 0.00244141
 0.00366211
 0.00610352
 0.00823975
 0.00976563
 0.01098633
 0.01159668
 0.01220703
 0.01281738
 0.01281738
 0.01220703
 0.01129150
 0.00946045
 0.00732422
 0.00549316
 0.00488281
 0.00427246
 0.00335693
 0.00335693
 0.00396729
 0.00518799
 0.00610352
 0.00732422
 0.00854492
 0.00854492
 0.00793457
 0.00732422
 0.00610352
 0.00457764
 0.00244141
 0.00000000
-0.00183105
-0.00335693
-0.00366211
-0.00335693
-0.00274658
-0.00213623
-0.00122070
-0.00030518
 0.00061035
 0.00091553
 0.00091553
 0.00030518
-0.00061035
-0.00122070
-0.00305176
-0.00518799
-0.00701904
-0.00793457
-0.00823975
-0.00793457
-0.00701904
-0.00518799
-0.00305176
-0.00091553
 0.00122070
 0.00305176
 0.00488281
 0.00610352
 0.00640869
 0.00610352
 0.00488281
 0.00366211
 0.00213623
 0.00000000
-0.00152588
-0.00213623
-0.00213623
-0.00122070
-0.00061035
 0.00061035
 0.00152588
 0.00213623
 0.00213623
 0.00122070
-0.00030518
-0.00152588
-0.00305176
-0.00488281
-0.00671387
-0.00854492
-0.01037598
-0.01159668
-0.01159668
-0.01129150
-0.01007080
-0.00854492
-0.00610352
-0.00427246
-0.00244141
-0.00091553
 0.00000000
 0.00061035
 0.00030518
-0.00061035
-0.00213623
-0.00366211
-0.00518799
-0.00579834
-0.00579834
-0.00518799
-0.00488281
-0.00366211
-0.00213623
-0.00030518
 0.00122070
 0.00183105
 0.00213623
 0.00183105
 0.00091553
 0.00000000
-0.00122070
-0.00274658
-0.00457764
-0.00579834
-0.00640869
-0.00671387
-0.00671387
-0.00579834
-0.00396729
-0.00213623
-0.00030518
 0.00152588
 0.00335693
 0.00488281
 0.00518799
 0.00488281
 0.00366211
 0.00183105
 0.00030518
-0.00061035
-0.00122070
-0.00183105
-0.00213623
-0.00183105
-0.00091553
 0.00000000
 0.00122070
 0.00183105
 0.00244141
 0.00305176
 0.00305176
 0.00305176
 0.00213623
 0.00000000
-0.00244141
-0.00457764
-0.00671387
-0.00823975
-0.00915527
-0.00915527
-0.00854492
-0.00762939
-0.00610352
-0.00427246
-0.00274658
-0.00122070
 0.00030518
 0.00091553
 0.00061035
 0.00030518
 0.00000000
-0.00030518
-0.00122070
-0.00244141
-0.00396729
-0.00457764
-0.00396729
-0.00274658
-0.00122070
 0.00061035
 0.00274658
 0.00488281
 0.00610352
 0.00671387
 0.00701904
 0.00610352
 0.00488281
 0.00335693
 0.00244141
 0.00152588
 0.00030518
-0.00061035
-0.00122070
-0.00061035
 0.00030518
 0.00213623
 0.00396729
 0.00640869
 0.00854492
 0.01068115
 0.01220703
 0.01281738
 0.01281738
 0.01220703
 0.01129150
 0.00976563
 0.00854492
 0.00701904
 0.00610352
 0.00579834
 0.00579834
 0.00640869
 0.00762939
 0.00915527
 0.01007080
 0.01098633
 0.01098633
 0.01007080
 0.00854492
 0.00701904
 0.00488281
 0.00274658
 0.00091553
-0.00152588
-0.00396729
-0.00518799
-0.00549316
-0.00488281
-0.00457764
-0.00335693
-0.00183105
 0.00000000
 0.00152588
 0.00274658
 0.00305176
 0.00305176
 0.00213623
 0.00061035
-0.00091553
-0.00244141
-0.00396729
-0.00488281
-0.00488281
-0.00427246
-0.00335693
-0.00183105
 0.00000000
 0.00183105
 0.00335693
 0.00488281
 0.00610352
 0.00640869
 0.00610352
 0.00488281
 0.00366211
 0.00213623
 0.00061035
-0.00061035
-0.00122070
-0.00122070
-0.00030518
 0.00152588
 0.00366211
 0.00610352
 0.00854492
 0.01037598
 0.01129150
 0.01159668
 0.01159668
 0.01129150
 0.01007080
 0.00854492
 0.00610352
 0.00366211
 0.00183105
 0.00061035
 0.00000000
 0.00000000
 0.00000000
 0.00061035
 0.00152588
 0.00244141
 0.00274658
 0.00213623
 0.00122070
 0.00030518
-0.00122070
-0.00305176
-0.00518799
-0.00701904
-0.00793457
-0.00823975
-0.00793457
-0.00762939
-0.00701904
-0.00549316
-0.00335693
-0.00122070
 0.00061035
 0.00213623
 0.00305176
 0.00335693
 0.00335693
 0.00274658
 0.00183105
 0.00061035
-0.00030518
-0.00091553
-0.00091553
-0.00061035
 0.00091553
 0.00213623
 0.00366211
 0.00518799
 0.00701904
 0.00793457
 0.00854492
 0.00854492
 0.00823975
 0.00793457
 0.00610352
 0.00427246
 0.00305176
 0.00213623
 0.00122070
 0.00061035
 0.00091553
 0.00152588
 0.00274658
 0.00427246
 0.00579834
 0.00793457
 0.00976563
 0.01098633
 0.01159668
 0.01129150
 0.01068115
 0.00976563
 0.00885010
 0.00762939
 0.00640869
 0.00579834
 0.00549316
 0.00610352
 0.00640869
 0.00671387
 0.00762939
 0.00823975
 0.00885010
 0.00946045
 0.00946045
 0.00854492
 0.00762939
 0.00610352
 0.00457764
 0.00305176
 0.00122070
-0.00030518
-0.00122070
-0.00183105
-0.00213623
-0.00183105
-0.00122070
 0.00000000
 0.00091553
 0.00213623
 0.00305176
 0.00305176
 0.00274658
 0.00244141
 0.00122070
-0.00061035
-0.00274658
-0.00427246
-0.00549316
-0.00640869
-0.00671387
-0.00671387
-0.00610352
-0.00518799
-0.00366211
-0.00244141
-0.00183105
-0.00183105
-0.00213623
-0.00213623
-0.00274658
-0.00396729
-0.00549316
-0.00732422
-0.00885010
-0.00976563
-0.01007080
-0.00976563
-0.00915527
-0.00762939
-0.00610352
-0.00427246
-0.00305176
-0.00183105
-0.00122070
-0.00030518
-0.00030518
-0.00091553
-0.00213623
-0.00366211
-0.00518799
-0.00671387
-0.00885010
-0.01007080
-0.01037598
-0.01007080
-0.00946045
-0.00854492
-0.00762939
-0.00701904
-0.00701904
-0.00701904
-0.00732422
-0.00823975
-0.01007080
-0.01129150
-0.01312256
-0.01464844
-0.01617432
-0.01708984
-0.01739502
-0.01708984
-0.01586914
-0.01403809
-0.01220703
-0.01098633
-0.00915527
-0.00732422
-0.00579834
-0.00488281
-0.00427246
-0.00427246
-0.00427246
-0.00488281
-0.00518799
-0.00549316
-0.00549316
-0.00518799
-0.00396729
-0.00244141
-0.00091553
 0.00091553
 0.00335693
 0.00457764
 0.00518799
 0.00549316
 0.00518799
 0.00457764
 0.00396729
 0.00305176
 0.00244141
 0.00152588
 0.00061035
 0.00000000
 0.00000000
 0.00030518
 0.00061035
 0.00091553
 0.00183105
 0.00335693
 0.00488281
 0.00518799
 0.00549316
 0.00518799
 0.00457764
 0.00366211
 0.00244141
 0.00091553
-0.00030518
-0.00122070
-0.00213623
-0.00305176
-0.00305176
-0.00274658
-0.00183105
-0.00152588
-0.00091553
-0.00091553
-0.00122070
-0.00213623
-0.00305176
-0.00427246
-0.00579834
-0.00793457
-0.01007080
-0.01190186
-0.01312256
-0.01312256
-0.01342773
-0.01312256
-0.01251221
-0.01129150
-0.00976563
-0.00854492
-0.00732422
-0.00610352
-0.00457764
-0.00427246
-0.00396729
-0.00396729
-0.00427246
-0.00488281
-0.00549316
-0.00549316
-0.00518799
-0.00457764
-0.00396729
-0.00305176
-0.00122070
 0.00091553
 0.00244141
 0.00366211
 0.00427246
 0.00427246
 0.00457764
 0.00457764
 0.00427246
 0.00335693
 0.00335693
 0.00366211
 0.00366211
 0.00366211
 0.00396729
 0.00549316
 0.00732422
 0.00946045
 0.01190186
 0.01373291
 0.01556396
 0.01739502
 0.01831055
 0.01831055
 0.01800537
 0.01800537
 0.01739502
 0.01678467
 0.01617432
 0.01586914
 0.01617432
 0.01708984
 0.01800537
 0.01922607
 0.02075195
 0.02227783
 0.02319336
 0.02319336
 0.02349854
 0.02380371
 0.02319336
 0.02258301
 0.02105713
 0.01953125
 0.01800537
 0.01739502
 0.01678467
 0.01647949
 0.01708984
 0.01770020
 0.01892090
 0.01983643
 0.02075195
 0.02166748
 0.02197266
 0.02136230
 0.02075195
 0.01983643
 0.01800537
 0.01647949
 0.01434326
 0.01251221
 0.01068115
 0.00946045
 0.00823975
 0.00762939
 0.00762939
 0.00793457
 0.00854492
 0.00915527
 0.00854492
 0.00823975
 0.00732422
 0.00579834
 0.00366211
 0.00122070
-0.00152588
-0.00366211
-0.00579834
-0.00732422
-0.00793457
-0.00823975
-0.00823975
-0.00762939
-0.00671387
-0.00610352
-0.00549316
-0.00549316
-0.00549316
-0.00549316
-0.00610352
-0.00732422
-0.00915527
-0.01098633
-0.01281738
-0.01403809
-0.01495361
-0.01586914
-0.01617432
-0.01586914
-0.01495361
-0.01403809
-0.01312256
-0.01251221
-0.01251221
-0.01312256
-0.01403809
-0.01464844
-0.01586914
-0.01678467
-0.01800537
-0.01892090
-0.01953125
-0.01953125
-0.01892090
-0.01800537
-0.01708984
-0.01617432
-0.01464844
-0.01312256
-0.01159668
-0.01037598
-0.00976563
-0.00946045
-0.00946045
-0.01007080
-0.01037598
-0.01129150
-0.01190186
-0.01251221
-0.01281738
-0.01251221
-0.01159668
-0.01037598
-0.00885010
-0.00701904
-0.00579834
-0.00518799
-0.00457764
-0.00427246
-0.00427246
-0.00427246
-0.00427246
-0.00518799
-0.00640869
-0.00701904
-0.00701904
-0.00640869
-0.00549316
-0.00488281
-0.00366211
-0.00183105
 0.00061035
 0.00305176
 0.00488281
 0.00610352
 0.00640869
 0.00701904
 0.00701904
 0.00640869
 0.00579834
 0.00518799
 0.00457764
 0.00457764
 0.00427246
 0.00427246
 0.00518799
 0.00579834
 0.00671387
 0.00762939
 0.00885010
 0.00946045
 0.00976563
 0.00976563
 0.00946045
 0.00854492
 0.00793457
 0.00701904
 0.00640869
 0.00640869
 0.00701904
 0.00732422
 0.00793457
 0.00885010
 0.01007080
 0.01190186
 0.01403809
 0.01525879
 0.01586914
 0.01556396
 0.01556396
 0.01495361
 0.01342773
 0.01129150
 0.00976563
 0.00854492
 0.00701904
 0.00579834
 0.00488281
 0.00488281
 0.00579834
 0.00610352
 0.00640869
 0.00671387
 0.00701904
 0.00701904
 0.00610352
 0.00457764
 0.00305176
 0.00152588
 0.00000000
-0.00122070
-0.00213623
-0.00305176
-0.00366211
-0.00396729
-0.00335693
-0.00213623
-0.00091553
 0.00000000
 0.00122070
 0.00244141
 0.00305176
 0.00274658
 0.00183105
 0.00091553
 0.00061035
 0.00000000
-0.00091553
-0.00213623
-0.00305176
-0.00335693
-0.00335693
-0.00305176
-0.00274658
-0.00213623
-0.00152588
-0.00061035
-0.00061035
-0.00091553
-0.00183105
-0.00244141
-0.00305176
-0.00427246
-0.00579834
-0.00762939
-0.00823975
-0.00854492
-0.00854492
-0.00854492
-0.00823975
-0.00762939
-0.00701904
-0.00640869
-0.00610352
-0.00579834
-0.00579834
-0.00579834
-0.00640869
-0.00762939
-0.00854492
-0.00946045
-0.01068115
-0.01190186
-0.01220703
-0.01159668
-0.01129150
-0.01098633
-0.01007080
-0.00946045
-0.00854492
-0.00793457
-0.00762939
-0.00823975
-0.00885010
-0.00915527
-0.00946045
-0.01007080
-0.01098633
-0.01159668
-0.01129150
-0.01098633
-0.01007080
-0.00946045
-0.00885010
-0.00762939
-0.00640869
-0.00579834
-0.00518799
-0.00427246
-0.00366211
-0.00335693
-0.00396729
-0.00488281
-0.00610352
-0.00671387
-0.00701904
-0.00701904
-0.00640869
-0.00579834
-0.00549316
-0.00457764
-0.00335693
-0.00213623
-0.00122070
-0.00061035
-0.00061035
-0.00061035
-0.00122070
-0.00213623
-0.00274658
-0.00305176
-0.00335693
-0.00366211
-0.00396729
-0.00396729
-0.00366211
-0.00274658
-0.00122070
 0.00030518
 0.00183105
 0.00244141
 0.00305176
 0.00396729
 0.00427246
 0.00488281
 0.00518799
 0.00518799
 0.00518799
 0.00488281
 0.00457764
 0.00427246
 0.00488281
 0.00579834
 0.00701904
 0.00823975
 0.00976563
 0.01129150
 0.01251221
 0.01342773
 0.01373291
 0.01342773
 0.01281738
 0.01220703
 0.01190186
 0.01129150
 0.01129150
 0.01068115
 0.01068115
 0.01068115
 0.01068115
 0.01159668
 0.01281738
 0.01373291
 0.01495361
 0.01586914
 0.01678467
 0.01708984
 0.01678467
 0.01617432
 0.01525879
 0.01434326
 0.01373291
 0.01281738
 0.01220703
 0.01220703
 0.01251221
 0.01281738
 0.01251221
 0.01281738
 0.01312256
 0.01373291
 0.01403809
 0.01403809
 0.01312256
 0.01220703
 0.01098633
 0.00915527
 0.00732422
 0.00549316
 0.00457764
 0.00366211
 0.00274658
 0.00244141
 0.00305176
 0.00335693
 0.00335693
 0.00335693
 0.00366211
 0.00396729
 0.00366211
 0.00274658
 0.00152588
 0.00091553
 0.00000000
-0.00152588
-0.00305176
-0.00457764
-0.00518799
-0.00549316
-0.00549316
-0.00549316
-0.00457764
-0.00396729
-0.00335693
-0.00366211
-0.00396729
-0.00427246
-0.00457764
-0.00518799
-0.00610352
-0.00701904
-0.00823975
-0.00915527
-0.00946045
-0.00946045
-0.00976563
-0.00946045
-0.00885010
-0.00762939
-0.00671387
-0.00518799
-0.00396729
-0.00335693
-0.00305176
-0.00244141
-0.00183105
-0.00183105
-0.00183105
-0.00213623
-0.00274658
-0.00335693
-0.00335693
-0.00305176
-0.00213623
-0.00152588
-0.00091553
-0.00061035
 0.00000000
 0.00091553
 0.00122070
 0.00091553
 0.00000000
-0.00030518
-0.00091553
-0.00183105
-0.00274658
-0.00366211
-0.00396729
-0.00366211
-0.00335693
-0.00274658
-0.00183105
-0.00122070
-0.00091553
 0.00000000
 0.00091553
 0.00152588
 0.00213623
 0.00213623
 0.00122070
 0.00061035
 0.00030518
-0.00091553
-0.00183105
-0.00244141
-0.00305176
-0.00335693
-0.00274658
-0.00244141
-0.00183105
-0.00122070
-0.00061035
 0.00000000
 0.00000000
-0.00030518
-0.00091553
-0.00091553
-0.00152588
-0.00274658
-0.00366211
-0.00366211
-0.00366211
-0.00396729
-0.00396729
-0.00396729
-0.00335693
-0.00244141
-0.00152588
-0.00030518
 0.00030518
 0.00061035
 0.00061035
 0.00061035
 0.00030518
-0.00061035
-0.00152588
-0.00183105
-0.00213623
-0.00274658
-0.00305176
-0.00274658
-0.00183105
-0.00061035
-0.00030518
-0.00030518
 0.00000000
 0.00091553
 0.00122070
 0.00091553
 0.00030518
-0.00061035
-0.00122070
-0.00183105
-0.00213623
-0.00213623
-0.00213623
-0.00152588
 0.00000000
 0.00122070
 0.00213623
 0.00305176
 0.00457764
 0.00579834
 0.00671387
 0.00701904
 0.00640869
 0.00610352
 0.00579834
 0.00579834
 0.00518799
 0.00457764
 0.00396729
 0.00396729
 0.00457764
 0.00488281
 0.00518799
 0.00579834
 0.00640869
 0.00732422
 0.00732422
 0.00732422
 0.00732422
 0.00701904
 0.00610352
 0.00488281
 0.00396729
 0.00366211
 0.00335693
 0.00366211
 0.00396729
 0.00427246
 0.00518799
 0.00518799
 0.00549316
 0.00579834
 0.00610352
 0.00640869
 0.00579834
 0.00518799
 0.00457764
 0.00366211
 0.00274658
 0.00244141
 0.00183105
 0.00122070
 0.00091553
 0.00061035
 0.00091553
 0.00152588
 0.00213623
 0.00274658
 0.00305176
 0.00335693
 0.00305176
 0.00244141
 0.00152588
 0.00061035
 0.00000000
-0.00091553
-0.00183105
-0.00274658
-0.00335693
-0.00366211
-0.00335693
-0.00274658
-0.00244141
-0.00244141
-0.00213623
-0.00152588
-0.00183105
-0.00213623
-0.00305176
-0.00335693
-0.00427246
-0.00518799
-0.00671387
-0.00793457
-0.00885010
-0.00946045
-0.01007080
-0.01068115
-0.01068115
-0.01098633
-0.01068115
-0.01068115
-0.01037598
-0.01037598
-0.01007080
-0.00976563
-0.01037598
-0.01129150
-0.01190186
-0.01251221
-0.01281738
-0.01312256
-0.01312256
-0.01312256
-0.01251221
-0.01190186
-0.01098633
-0.01068115
-0.01068115
-0.01037598
-0.00946045
-0.00885010
-0.00854492
-0.00915527
-0.01007080
-0.01098633
-0.01159668
-0.01190186
-0.01312256
-0.01342773
-0.01281738
-0.01190186
-0.01159668
-0.01129150
-0.01068115
-0.00946045
-0.00854492
-0.00793457
-0.00732422
-0.00701904
-0.00671387
-0.00701904
-0.00732422
-0.00793457
-0.00762939
-0.00762939
-0.00701904
-0.00610352
-0.00518799
-0.00488281
-0.00427246
-0.00335693
-0.00244141
-0.00122070
 0.00030518
 0.00091553
 0.00122070
 0.00183105
 0.00244141
 0.00244141
 0.00244141
 0.00244141
 0.00274658
 0.00305176
 0.00396729
 0.00488281
 0.00579834
 0.00701904
 0.00793457
 0.00823975
 0.00885010
 0.00976563
 0.01037598
 0.01068115
 0.01007080
 0.00946045
 0.00885010
 0.00885010
 0.00885010
 0.00885010
 0.00854492
 0.00854492
 0.00915527
 0.01037598
 0.01098633
 0.01159668
 0.01281738
 0.01342773
 0.01373291
 0.01373291
 0.01342773
 0.01312256
 0.01251221
 0.01159668
 0.01098633
 0.01068115
 0.01068115
 0.01037598
 0.01068115
 0.01098633
 0.01068115
 0.01098633
 0.01190186
 0.01281738
 0.01342773
 0.01342773
 0.01251221
 0.01159668
 0.01129150
 0.01068115
 0.00976563
 0.00885010
 0.00854492
 0.00854492
 0.00823975
 0.00854492
 0.00915527
 0.00976563
 0.01068115
 0.01098633
 0.01098633
 0.01098633
 0.01098633
 0.01068115
 0.01007080
 0.00946045
 0.00823975
 0.00732422
 0.00640869
 0.00610352
 0.00549316
 0.00549316
 0.00518799
 0.00518799
 0.00549316
 0.00579834
 0.00579834
 0.00579834
 0.00488281
 0.00427246
 0.00366211
 0.00335693
 0.00244141
 0.00091553
 0.00000000
-0.00091553
-0.00122070
-0.00152588
-0.00152588
-0.00091553
-0.00091553
-0.00091553
-0.00091553
-0.00061035
 0.00000000
 0.00000000
-0.00030518
-0.00122070
-0.00213623
-0.00366211
-0.00427246
-0.00488281
-0.00518799
-0.00640869
-0.00732422
-0.00762939
-0.00732422
-0.00671387
-0.00640869
-0.00610352
-0.00640869
-0.00671387
-0.00701904
-0.00732422
-0.00823975
-0.00885010
-0.00885010
-0.00915527
-0.00915527
-0.00915527
-0.00915527
-0.00885010
-0.00854492
-0.00823975
-0.00762939
-0.00671387
-0.00671387
-0.00610352
-0.00579834
-0.00549316
-0.00579834
-0.00671387
-0.00762939
-0.00793457
-0.00854492
-0.00915527
-0.00976563
-0.00976563
-0.01007080
-0.01037598
-0.01037598
-0.00976563
-0.00946045
-0.00946045
-0.00946045
-0.00946045
-0.00976563
-0.01007080
-0.01007080
-0.01007080
-0.01037598
-0.01098633
-0.01129150
-0.01129150
-0.01129150
-0.01098633
-0.01037598
-0.00915527
-0.00823975
-0.00762939
-0.00732422
-0.00701904
-0.00640869
-0.00549316
-0.00518799
-0.00518799
-0.00549316
-0.00518799
-0.00488281
-0.00488281
-0.00457764
-0.00457764
-0.00427246
-0.00396729
-0.00305176
-0.00244141
-0.00152588
-0.00091553
 0.00000000
 0.00061035
 0.00061035
 0.00061035
 0.00030518
 0.00030518
 0.00030518
 0.00061035
 0.00091553
 0.00091553
 0.00122070
 0.00183105
 0.00244141
 0.00335693
 0.00427246
 0.00427246
 0.00457764
 0.00488281
 0.00549316
 0.00579834
 0.00579834
 0.00579834
 0.00549316
 0.00518799
 0.00518799
 0.00518799
 0.00549316
 0.00549316
 0.00518799
 0.00579834
 0.00610352
 0.00640869
 0.00640869
 0.00640869
 0.00671387
 0.00671387
 0.00610352
 0.00610352
 0.00610352
 0.00579834
 0.00549316
 0.00488281
 0.00457764
 0.00427246
 0.00457764
 0.00488281
 0.00518799
 0.00549316
 0.00549316
 0.00518799
 0.00488281
 0.00457764
 0.00396729
 0.00366211
 0.00305176
 0.00244141
 0.00244141
 0.00213623
 0.00183105
 0.00152588
 0.00183105
 0.00183105
 0.00213623
 0.00244141
 0.00244141
 0.00244141
 0.00244141
 0.00274658
 0.00305176
 0.00305176
 0.00244141
 0.00152588
 0.00091553
 0.00061035
 0.00030518
-0.00030518
-0.00091553
-0.00122070
-0.00122070
-0.00061035
-0.00030518
-0.00030518
-0.00091553
-0.00122070
-0.00061035
-0.00061035
-0.00061035
-0.00091553
-0.00122070
-0.00183105
-0.00244141
-0.00274658
-0.00335693
-0.00305176
-0.00305176
-0.00305176
-0.00305176
-0.00274658
-0.00244141
-0.00213623
-0.00213623
-0.00183105
-0.00183105
-0.00244141
-0.00335693
-0.00427246
-0.00518799
-0.00549316
-0.00549316
-0.00549316
-0.00549316
-0.00549316
-0.00549316
-0.00488281
-0.00427246
-0.00427246
-0.00366211
-0.00305176
-0.00274658
-0.00244141
-0.00274658
-0.00305176
-0.00335693
-0.00366211
-0.00335693
-0.00335693
-0.00335693
-0.00305176
-0.00244141
-0.00152588
-0.00091553
 0.00000000
 0.00061035
 0.00091553
 0.00091553
 0.00091553
 0.00122070
 0.00122070
 0.00091553
 0.00030518
-0.00030518
-0.00091553
-0.00091553
-0.00061035
 0.00000000
 0.00061035
 0.00122070
 0.00183105
 0.00244141
 0.00274658
 0.00335693
 0.00396729
 0.00366211
 0.00366211
 0.00335693
 0.00366211
 0.00366211
 0.00366211
 0.00366211
 0.00305176
 0.00274658
 0.00335693
 0.00366211
 0.00457764
 0.00549316
 0.00610352
 0.00640869
 0.00671387
 0.00640869
 0.00610352
 0.00610352
 0.00579834
 0.00549316
 0.00488281
 0.00427246
 0.00335693
 0.00305176
 0.00335693
 0.00396729
 0.00427246
 0.00457764
 0.00457764
 0.00488281
 0.00549316
 0.00579834
 0.00610352
 0.00610352
 0.00549316
 0.00488281
 0.00457764
 0.00427246
 0.00366211
 0.00335693
 0.00305176
 0.00335693
 0.00366211
 0.00427246
 0.00427246
 0.00457764
 0.00457764
 0.00457764
 0.00488281
 0.00518799
 0.00518799
 0.00427246
 0.00335693
 0.00335693
 0.00305176
 0.00244141
 0.00183105
 0.00122070
 0.00091553
 0.00091553
 0.00091553
 0.00091553
 0.00091553
 0.00091553
 0.00122070
 0.00091553
 0.00061035
 0.00000000
-0.00091553
-0.00122070
-0.00183105
-0.00274658
-0.00305176
-0.00335693
-0.00366211
-0.00366211
-0.00305176
-0.00244141
-0.00213623
-0.00213623
-0.00183105
-0.00183105
-0.00183105
-0.00213623
-0.00274658
-0.00335693
-0.00366211
-0.00396729
-0.00457764
-0.00518799
-0.00579834
-0.00579834
-0.00579834
-0.00579834
-0.00518799
-0.00457764
-0.00366211
-0.00305176
-0.00305176
-0.00366211
-0.00427246
-0.00457764
-0.00488281
-0.00549316
-0.00610352
-0.00671387
-0.00701904
-0.00732422
-0.00762939
-0.00762939
-0.00732422
-0.00701904
-0.00640869
-0.00610352
-0.00549316
-0.00518799
-0.00488281
-0.00518799
-0.00549316
-0.00579834
-0.00610352
-0.00640869
-0.00671387
-0.00671387
-0.00671387
-0.00671387
-0.00640869
-0.00579834
-0.00488281
-0.00427246
-0.00427246
-0.00396729
-0.00335693
-0.00335693
-0.00366211
-0.00427246
-0.00457764
-0.00518799
-0.00549316
-0.00610352
-0.00640869
-0.00640869
-0.00610352
-0.00579834
-0.00549316
-0.00488281
-0.00396729
-0.00335693
-0.00305176
-0.00335693
-0.00335693
-0.00335693
-0.00366211
-0.00396729
-0.00427246
-0.00457764
-0.00427246
-0.00396729
-0.00457764
-0.00457764
-0.00427246
-0.00335693
-0.00244141
-0.00152588
-0.00091553
-0.00030518
-0.00030518
 0.00000000
 0.00000000
-0.00030518
-0.00030518
-0.00030518
-0.00091553
-0.00091553
-0.00122070
-0.00122070
-0.00122070
-0.00091553
-0.00030518
 0.00030518
 0.00122070
 0.00152588
 0.00183105
 0.00213623
 0.00213623
 0.00244141
 0.00274658
 0.00244141
 0.00152588
 0.00061035
 0.00030518
 0.00061035
 0.00061035
 0.00061035
 0.00061035
 0.00091553
 0.00152588
 0.00213623
 0.00244141
 0.00244141
 0.00244141
 0.00183105
 0.00152588
 0.00152588
 0.00122070
 0.00091553
 0.00061035
 0.00061035
 0.00061035
 0.00091553
 0.00091553
 0.00122070
 0.00244141
 0.00274658
 0.00244141
 0.00274658
 0.00335693
 0.00396729
 0.00396729
 0.00396729
 0.00305176
 0.00274658
 0.00244141
 0.00152588
 0.00091553
 0.00091553
 0.00122070
 0.00122070
 0.00183105
 0.00213623
 0.00274658
 0.00274658
 0.00274658
 0.00244141
 0.00244141
 0.00244141
 0.00213623
 0.00183105
 0.00152588
 0.00091553
 0.00061035
 0.00091553
 0.00030518
 0.00030518
 0.00030518
 0.00091553
 0.00122070
 0.00152588
 0.00213623
 0.00244141
 0.00274658
 0.00305176
 0.00244141
 0.00213623
 0.00152588
 0.00091553
 0.00030518
-0.00030518
-0.00030518
-0.00061035
-0.00061035
-0.00091553
-0.00061035
-0.00030518
-0.00030518
-0.00030518
-0.00030518
 0.00000000
 0.00000000
-0.00030518
-0.00030518
-0.00091553
-0.00091553
-0.00122070
-0.00152588
-0.00183105
-0.00183105
-0.00183105
-0.00152588
-0.00152588
-0.00152588
-0.00091553
-0.00030518
-0.00030518
-0.00030518
-0.00061035
-0.00030518
-0.00061035
-0.00091553
-0.00152588
-0.00213623
-0.00213623
-0.00213623
-0.00213623
-0.00244141
-0.00244141
-0.00183105
-0.00122070
-0.00091553
-0.00091553
-0.00061035
-0.00061035
-0.00091553
-0.00122070
-0.00152588
-0.00183105
-0.00213623
-0.00274658
-0.00305176
-0.00305176
-0.00274658
-0.00274658
-0.00305176
-0.00305176
-0.00213623
-0.00122070
-0.00091553
-0.00122070
-0.00152588
-0.00152588
-0.00183105
-0.00213623
-0.00244141
-0.00274658
-0.00335693
-0.00396729
-0.00396729
-0.00427246
-0.00427246
-0.00366211
-0.00244141
-0.00213623
-0.00183105
-0.00183105
-0.00183105
-0.00183105
-0.00183105
-0.00152588
-0.00183105
-0.00244141
-0.00305176
-0.00305176
-0.00274658
-0.00274658
-0.00244141
-0.00183105
-0.00152588
-0.00122070
-0.00091553
-0.00091553
-0.00061035
-0.00030518
-0.00030518
-0.00030518
-0.00091553
-0.00122070
-0.00152588
-0.00183105
-0.00244141
-0.00244141
-0.00244141
-0.00213623
-0.00183105
-0.00122070
-0.00061035
 0.00000000
 0.00000000
 0.00030518
 0.00061035
 0.00061035
 0.00030518
 0.00000000
-0.00030518
-0.00061035
-0.00061035
-0.00061035
-0.00061035
 0.00000000
 0.00000000
 0.00000000
 0.00030518
 0.00061035
 0.00152588
 0.00183105
 0.00183105
 0.00213623
 0.00213623
 0.00183105
 0.00122070
 0.00091553
 0.00030518
 0.00000000
 0.00000000
 0.00000000
 0.00030518
 0.00061035
 0.00061035
 0.00091553
 0.00091553
 0.00152588
 0.00213623
 0.00244141
 0.00305176
 0.00335693
 0.00335693
 0.00305176
 0.00274658
 0.00213623
 0.00152588
 0.00091553
 0.00091553
 0.00152588
 0.00183105
 0.00244141
 0.00274658
 0.00274658
 0.00305176
 0.00274658
 0.00244141
 0.00213623
 0.00213623
 0.00183105
 0.00152588
 0.00122070
 0.00122070
 0.00030518
-0.00030518
 0.00000000
 0.00030518
 0.00030518
 0.00030518
 0.00061035
 0.00091553
 0.00152588
 0.00213623
 0.00152588
 0.00122070
 0.00061035
 0.00061035
 0.00030518
-0.00030518
-0.00091553
-0.00183105
-0.00244141
-0.00244141
-0.00274658
-0.00244141
-0.00244141
-0.00244141
-0.00213623
-0.00213623
-0.00213623
-0.00213623
-0.00213623
-0.00183105
-0.00244141
-0.00335693
-0.00396729
-0.00457764
-0.00457764
-0.00457764
-0.00457764
-0.00457764
-0.00457764
-0.00427246
-0.00366211
-0.00305176
-0.00244141
-0.00213623
-0.00183105
-0.00213623
-0.00274658
-0.00305176
-0.00335693
-0.00335693
-0.00396729
-0.00488281
-0.00579834
-0.00579834
-0.00518799
-0.00488281
-0.00427246
-0.00396729
-0.00366211
-0.00335693
-0.00305176
-0.00335693
-0.00366211
-0.00366211
-0.00366211
-0.00335693
-0.00396729
-0.00457764
-0.00518799
-0.00518799
-0.00549316
-0.00549316
-0.00488281
-0.00457764
-0.00366211
-0.00305176
-0.00305176
-0.00305176
-0.00335693
-0.00335693
-0.00366211
-0.00396729
-0.00427246
-0.00427246
-0.00427246
-0.00457764
-0.00488281
-0.00518799
-0.00488281
-0.00427246
-0.00305176
-0.00244141
-0.00213623
-0.00244141
-0.00274658
-0.00244141
-0.00244141
-0.00244141
-0.00305176
-0.00305176
-0.00366211
-0.00366211
-0.00335693
-0.00335693
-0.00335693
-0.00366211
-0.00305176
-0.00213623
-0.00183105
-0.00183105
-0.00122070
-0.00091553
-0.00091553
-0.00152588
-0.00152588
-0.00122070
-0.00122070
-0.00091553
-0.00091553
-0.00061035
-0.00030518
-0.00030518
-0.00030518
-0.00030518
 0.00030518
 0.00091553
 0.00091553
 0.00091553
 0.00091553
 0.00091553
 0.00061035
 0.00122070
 0.00122070
 0.00091553
 0.00091553
 0.00030518
 0.00030518
 0.00030518
 0.00091553
 0.00122070
 0.00152588
 0.00213623
 0.00274658
 0.00305176
 0.00335693
 0.00366211
 0.00366211
 0.00335693
 0.00274658
 0.00244141
 0.00244141
 0.00274658
 0.00244141
 0.00244141
 0.00274658
 0.00274658
 0.00244141
 0.00213623
 0.00183105
 0.00183105
 0.00183105
 0.00183105
 0.00183105
 0.00183105
 0.00183105
 0.00152588
 0.00152588
 0.00183105
 0.00183105
 0.00183105
 0.00213623
 0.00213623
 0.00274658
 0.00274658
 0.00274658
 0.00244141
 0.00274658
 0.00335693
 0.00335693
 0.00305176
 0.00305176
 0.00335693
 0.00335693
 0.00274658
 0.00244141
 0.00213623
 0.00183105
 0.00152588
 0.00183105
 0.00152588
 0.00152588
 0.00152588
 0.00183105
 0.00183105
 0.00152588
 0.00183105
 0.00152588
 0.00122070
 0.00091553
 0.00091553
 0.00091553
 0.00061035
 0.00030518
 0.00000000
 0.00030518
 0.00061035
 0.00030518
 0.00000000
 0.00030518
 0.00061035
 0.00122070
 0.00152588
 0.00152588
 0.00152588
 0.00122070
 0.00122070
 0.00122070
 0.00122070
 0.00122070
 0.00091553
 0.00122070
 0.00152588
 0.00213623
 0.00213623
 0.00183105
 0.00213623
 0.00274658
 0.00305176
 0.00366211
 0.00366211
 0.00335693
 0.00335693
 0.00305176
 0.00274658
 0.00183105
 0.00152588
 0.00152588
 0.00122070
 0.00122070
 0.00122070
 0.00122070
 0.00152588
 0.00152588
 0.00183105
 0.00213623
 0.00274658
 0.00335693
 0.00335693
 0.00274658
 0.00244141
 0.00244141
 0.00274658
 0.00274658
 0.00244141
 0.00305176
 0.00335693
 0.00335693
 0.00335693
 0.00366211
 0.00366211
 0.00396729
 0.00335693
 0.00305176
 0.00305176
 0.00274658
 0.00244141
 0.00183105
 0.00183105
 0.00152588
 0.00122070
 0.00122070
 0.00122070
 0.00061035
 0.00030518
 0.00061035
 0.00122070
 0.00183105
 0.00183105
 0.00152588
 0.00152588
 0.00122070
 0.00091553
 0.00030518
 0.00000000
 0.00000000
-0.00030518
-0.00061035
-0.00061035
-0.00091553
-0.00122070
-0.00152588
-0.00122070
-0.00091553
-0.00091553
-0.00152588
-0.00183105
-0.00183105
-0.00244141
-0.00335693
-0.00366211
-0.00366211
-0.00366211
-0.00457764
-0.00488281
-0.00488281
-0.00488281
-0.00518799
-0.00518799
-0.00518799
-0.00518799
-0.00518799
-0.00518799
-0.00518799
-0.00518799
-0.00549316
-0.00579834
-0.00671387
-0.00701904
-0.00732422
-0.00732422
-0.00701904
-0.00732422
-0.00732422
-0.00732422
-0.00701904
-0.00701904
-0.00701904
-0.00732422
-0.00793457
-0.00793457
-0.00793457
-0.00823975
-0.00854492
-0.00885010
-0.00885010
-0.00885010
-0.00854492
-0.00823975
-0.00854492
-0.00885010
-0.00854492
-0.00793457
-0.00793457
-0.00732422
-0.00732422
-0.00762939
-0.00823975
-0.00823975
-0.00762939
-0.00762939
-0.00793457
-0.00793457
-0.00823975
-0.00823975
-0.00854492
-0.00823975
-0.00823975
-0.00823975
-0.00793457
-0.00732422
-0.00732422
-0.00762939
-0.00732422
-0.00762939
-0.00762939
-0.00762939
-0.00701904
-0.00701904
-0.00671387
-0.00671387
-0.00640869
-0.00579834
-0.00549316
-0.00579834
-0.00579834
-0.00549316
-0.00518799
-0.00518799
-0.00488281
-0.00457764
-0.00427246
-0.00396729
-0.00366211
-0.00305176
-0.00335693
-0.00335693
-0.00335693
-0.00305176
-0.00244141
-0.00213623
-0.00213623
-0.00183105
-0.00122070
-0.00091553
-0.00122070
-0.00091553
-0.00091553
-0.00122070
-0.00122070
-0.00122070
-0.00152588
-0.00183105
-0.00152588
-0.00122070
-0.00122070
-0.00091553
-0.00122070
-0.00122070
-0.00091553
-0.00061035
-0.00030518
 0.00000000
 0.00061035
 0.00061035
 0.00091553
 0.00091553
 0.00122070
 0.00152588
 0.00152588
 0.00122070
 0.00122070
 0.00122070
 0.00122070
 0.00152588
 0.00183105
 0.00183105
 0.00183105
 0.00183105
 0.00152588
 0.00152588
 0.00152588
 0.00183105
 0.00213623
 0.00213623
 0.00183105
 0.00152588
 0.00122070
 0.00122070
 0.00152588
 0.00152588
 0.00213623
 0.00213623
 0.00213623
 0.00213623
 0.00274658
 0.00305176
 0.00274658
 0.00244141
 0.00274658
 0.00305176
 0.00335693
 0.00305176
 0.00274658
 0.00305176
 0.00335693
 0.00274658
 0.00244141
 0.00244141
 0.00305176
 0.00335693
 0.00335693
 0.00305176
 0.00305176
 0.00335693
 0.00366211
 0.00366211
 0.00335693
 0.00335693
 0.00335693
 0.00335693
 0.00305176
 0.00305176
 0.00305176
 0.00366211
 0.00427246
 0.00457764
 0.00396729
 0.00396729
 0.00427246
 0.00457764
 0.00427246
 0.00427246
 0.00396729
 0.00427246
 0.00457764
 0.00457764
 0.00457764
 0.00488281
 0.00488281
 0.00457764
 0.00457764
 0.00457764
 0.00488281
 0.00427246
 0.00427246
 0.00396729
 0.00427246
 0.00366211
 0.00305176
 0.00244141
 0.00244141
 0.00213623
 0.00213623
 0.00152588
 0.00091553
 0.00091553
 0.00091553
 0.00122070
 0.00091553
 0.00061035
 0.00030518
 0.00000000
-0.00030518
-0.00030518
-0.00061035
-0.00030518
-0.00061035
-0.00091553
-0.00091553
-0.00122070
-0.00152588
-0.00152588
-0.00152588
-0.00152588
-0.00152588
-0.00183105
-0.00213623
-0.00183105
-0.00152588
-0.00183105
-0.00244141
-0.00213623
-0.00183105
-0.00183105
-0.00213623
-0.00244141
-0.00274658
-0.00305176
-0.00305176
-0.00274658
-0.00274658
-0.00305176
-0.00335693
-0.00305176
-0.00305176
-0.00305176
-0.00305176
-0.00274658
-0.00274658
-0.00244141
-0.00213623
-0.00183105
-0.00183105
-0.00213623
-0.00244141
-0.00183105
-0.00122070
-0.00091553
-0.00183105
-0.00244141
-0.00244141
-0.00183105
-0.00122070
-0.00061035
-0.00061035
-0.00091553
-0.00061035
-0.00030518
-0.00061035
-0.00091553
-0.00091553
-0.00091553
-0.00061035
-0.00061035
-0.00061035
-0.00061035
-0.00091553
-0.00030518
 0.00030518
 0.00091553
 0.00122070
 0.00183105
 0.00183105
 0.00213623
 0.00213623
 0.00244141
 0.00213623
 0.00183105
 0.00183105
 0.00183105
 0.00183105
 0.00183105
 0.00152588
 0.00122070
 0.00122070
 0.00152588
 0.00213623
 0.00274658
 0.00305176
 0.00274658
 0.00213623
 0.00183105
 0.00152588
 0.00183105
 0.00183105
 0.00152588
 0.00061035
 0.00030518
 0.00030518
 0.00061035
 0.00122070
 0.00122070
 0.00152588
 0.00183105
 0.00213623
 0.00213623
 0.00213623
 0.00152588
 0.00122070
 0.00091553
 0.00061035
 0.00000000
-0.00030518
-0.00061035
-0.00091553
-0.00091553
-0.00030518
 0.00030518
 0.00030518
 0.00000000
-0.00030518
 0.00000000
 0.00030518
 0.00000000
-0.00061035
-0.00091553
-0.00183105
-0.00213623
-0.00244141
-0.00305176
-0.00335693
-0.00335693
-0.00335693
-0.00305176
-0.00274658
-0.00274658
-0.00305176
-0.00305176
-0.00274658
-0.00305176
-0.00335693
-0.00396729
-0.00427246
-0.00427246
-0.00457764
-0.00457764
-0.00457764
-0.00457764
-0.00488281
-0.00518799
-0.00488281
-0.00488281
-0.00488281
-0.00488281
-0.00518799
-0.00549316
-0.00518799
-0.00549316
-0.00579834
-0.00610352
-0.00610352
-0.00610352
-0.00640869
-0.00640869
-0.00640869
-0.00610352
-0.00579834
-0.00610352
-0.00579834
-0.00549316
-0.00488281
-0.00488281
-0.00457764
-0.00457764
-0.00488281
-0.00518799
-0.00518799
-0.00549316
-0.00549316
-0.00579834
-0.00579834
-0.00579834
-0.00579834
-0.00579834
-0.00549316
-0.00549316
-0.00579834
-0.00549316
-0.00549316
-0.00579834
-0.00579834
-0.00549316
-0.00579834
-0.00579834
-0.00549316
-0.00518799
-0.00488281
-0.00427246
-0.00366211
-0.00366211
-0.00335693
-0.00274658
-0.00244141
-0.00183105
-0.00183105
-0.00183105
-0.00183105
-0.00183105
-0.00183105
-0.00152588
-0.00122070
-0.00122070
-0.00152588
-0.00183105
-0.00122070
-0.00091553
-0.00091553
-0.00152588
-0.00152588
-0.00091553
-0.00030518
-0.00061035
-0.00091553
-0.00091553
-0.00061035
 0.00000000
 0.00000000
-0.00030518
-0.00030518
 0.00000000
 0.00030518
 0.00061035
 0.00122070
 0.00183105
 0.00213623
 0.00274658
 0.00305176
 0.00335693
 0.00366211
 0.00396729
 0.00396729
 0.00396729
 0.00427246
 0.00457764
 0.00457764
 0.00427246
 0.00427246
 0.00427246
 0.00457764
 0.00488281
 0.00457764
 0.00457764
 0.00427246
 0.00396729
 0.00396729
 0.00427246
 0.00457764
 0.00457764
 0.00457764
 0.00396729
 0.00335693
 0.00335693
 0.00335693
 0.00335693
 0.00335693
 0.00366211
 0.00366211
 0.00366211
 0.00335693
 0.00366211
 0.00427246
 0.00488281
 0.00457764
 0.00427246
 0.00366211
 0.00396729
 0.00427246
 0.00427246
 0.00366211
 0.00335693
 0.00274658
 0.00274658
 0.00244141
 0.00213623
 0.00183105
 0.00183105
 0.00213623
 0.00183105
 0.00152588
 0.00122070
 0.00122070
 0.00122070
 0.00122070
 0.00091553
 0.00030518
-0.00030518
-0.00091553
-0.00152588
-0.00183105
-0.00213623
-0.00213623
-0.00183105
-0.00152588
-0.00152588
-0.00183105
-0.00183105
-0.00183105
-0.00183105
-0.00183105
-0.00213623
-0.00244141
-0.00213623
-0.00213623
-0.00244141
-0.00274658
-0.00305176
-0.00366211
-0.00335693
-0.00274658
-0.00213623
-0.00244141
-0.00274658
-0.00335693
-0.00335693
-0.00305176
-0.00335693
-0.00366211
-0.00427246
-0.00488281
-0.00488281
-0.00457764
-0.00427246
-0.00457764
-0.00518799
-0.00488281
-0.00457764
-0.00427246
-0.00396729
-0.00366211
-0.00366211
-0.00366211
-0.00366211
-0.00366211
-0.00366211
-0.00335693
-0.00335693
-0.00366211
-0.00366211
-0.00366211
-0.00366211
-0.00305176
-0.00274658
-0.00244141
-0.00244141
-0.00244141
-0.00213623
-0.00213623
-0.00213623
-0.00213623
-0.00244141
-0.00213623
-0.00213623
-0.00213623
-0.00213623
-0.00244141
-0.00183105
-0.00152588
-0.00091553
-0.00122070
-0.00091553
-0.00030518
 0.00030518
 0.00061035
 0.00091553
 0.00183105
 0.00213623
 0.00213623
 0.00183105
 0.00183105
 0.00244141
 0.00274658
 0.00274658
 0.00244141
 0.00213623
 0.00244141
 0.00244141
 0.00274658
 0.00335693
 0.00366211
 0.00366211
 0.00396729
 0.00396729
 0.00366211
 0.00335693
 0.00305176
 0.00274658
 0.00274658
 0.00335693
 0.00305176
 0.00244141
 0.00274658
 0.00274658
 0.00305176
 0.00335693
 0.00335693
 0.00274658
 0.00244141
 0.00274658
 0.00305176
 0.00335693
 0.00305176
 0.00305176
 0.00335693
 0.00366211
 0.00335693
 0.00305176
 0.00274658
 0.00244141
 0.00244141
 0.00244141
 0.00213623
 0.00183105
 0.00152588
 0.00152588
 0.00152588
 0.00152588
 0.00183105
 0.00183105
 0.00122070
 0.00122070
 0.00122070
 0.00061035
 0.00030518
 0.00000000
 0.00000000
-0.00061035
-0.00091553
-0.00091553
-0.00091553
-0.00091553
-0.00091553
-0.00091553
-0.00122070
-0.00152588
-0.00213623
-0.00244141
-0.00244141
-0.00244141
-0.00244141
-0.00305176
-0.00305176
-0.00335693
-0.00396729
-0.00396729
-0.00396729
-0.00396729
-0.00366211
-0.00366211
-0.00366211
-0.00396729
-0.00396729
-0.00396729
-0.00427246
-0.00427246
-0.00427246
-0.00427246
-0.00396729
-0.00396729
-0.00457764
-0.00457764
-0.00427246
-0.00427246
-0.00457764
-0.00488281
-0.00518799
-0.00457764
-0.00427246
-0.00427246
-0.00488281
-0.00518799
-0.00488281
-0.00457764
-0.00457764
-0.00518799
-0.00549316
-0.00579834
-0.00579834
-0.00549316
-0.00549316
-0.00549316
-0.00579834
-0.00579834
-0.00549316
-0.00549316
-0.00549316
-0.00549316
-0.00518799
-0.00518799
-0.00488281
-0.00518799
-0.00518799
-0.00549316
-0.00549316
-0.00518799
-0.00518799
-0.00549316
-0.00518799
-0.00518799
-0.00488281
-0.00457764
-0.00457764
-0.00427246
-0.00366211
-0.00335693
-0.00335693
-0.00366211
-0.00396729
-0.00396729
-0.00366211
-0.00366211
-0.00335693
-0.00335693
-0.00366211
-0.00335693
-0.00244141
-0.00213623
-0.00213623
-0.00213623
-0.00213623
-0.00183105
-0.00152588
-0.00152588
-0.00152588
-0.00122070
-0.00152588
-0.00183105
-0.00183105
-0.00122070
-0.00091553
-0.00122070
-0.00122070
-0.00122070
-0.00122070
-0.00122070
-0.00122070
-0.00122070
-0.00091553
-0.00091553
-0.00122070
-0.00091553
-0.00091553
-0.00091553
-0.00061035
-0.00030518
-0.00061035
-0.00061035
-0.00030518
 0.00000000
 0.00061035
 0.00030518
 0.00030518
 0.00030518
 0.00061035
 0.00061035
 0.00061035
 0.00061035
 0.00061035
 0.00061035
 0.00030518
 0.00000000
 0.00030518
 0.00122070
 0.00152588
 0.00183105
 0.00183105
 0.00183105
 0.00183105
 0.00183105
 0.00183105
 0.00183105
 0.00152588
 0.00091553
 0.00061035
 0.00030518
 0.00091553
 0.00122070
 0.00213623
 0.00213623
 0.00183105
 0.00244141
 0.00335693
 0.00366211
 0.00396729
 0.00366211
 0.00335693
 0.00244141
 0.00274658
 0.00305176
 0.00305176
 0.00244141
 0.00152588
 0.00122070
 0.00183105
 0.00274658
 0.00274658
 0.00274658
 0.00244141
 0.00213623
 0.00213623
 0.00274658
 0.00274658
 0.00213623
 0.00152588
 0.00152588
 0.00122070
 0.00091553
 0.00091553
 0.00152588
 0.00213623
 0.00213623
 0.00213623
 0.00213623
 0.00183105
 0.00183105
 0.00244141
 0.00274658
 0.00305176
 0.00305176
 0.00305176
 0.00305176
 0.00305176
 0.00305176
 0.00274658
 0.00244141
 0.00274658
 0.00305176
 0.00305176
 0.00305176
 0.00274658
 0.00274658
 0.00305176
 0.00305176
 0.00305176
 0.00244141
 0.00213623
 0.00244141
 0.00305176
 0.00274658
 0.00244141
 0.00213623
 0.00213623
 0.00213623
 0.00183105
 0.00183105
 0.00183105
 0.00183105
 0.00213623
 0.00274658
 0.00274658
 0.00244141
 0.00183105
 0.00183105
 0.00213623
 0.00213623
 0.00244141
 0.00274658
 0.00274658
 0.00274658
 0.00274658
 0.00213623
 0.00244141
 0.00305176
 0.00335693
 0.00305176
 0.00244141
 0.00244141
 0.00274658
 0.00274658
 0.00274658
 0.00274658
 0.00274658
 0.00213623
 0.00183105
 0.00183105
 0.00213623
 0.00152588
 0.00122070
 0.00122070
 0.00152588
 0.00152588
 0.00183105
 0.00183105
 0.00152588
 0.00122070
 0.00122070
 0.00152588
 0.00152588
 0.00091553
 0.00061035
 0.00061035
 0.00061035
 0.00061035
 0.00030518
-0.00030518
-0.00061035
 0.00000000
 0.00061035
 0.00091553
 0.00061035
 0.00091553
 0.00061035
 0.00061035
 0.00030518
 0.00000000
-0.00061035
-0.00122070
-0.00152588
-0.00152588
-0.00152588
-0.00183105
-0.00213623
-0.00244141
-0.00244141
-0.00244141
-0.00274658
-0.00274658
-0.00244141
-0.00213623
-0.00244141
-0.00274658
-0.00274658
-0.00305176
-0.00335693
-0.00335693
-0.00305176
-0.00305176
-0.00335693
-0.00305176
-0.00244141
-0.00213623
-0.00152588
-0.00183105
-0.00244141
-0.00244141
-0.00274658
-0.00244141
-0.00244141
-0.00244141
-0.00274658
-0.00274658
-0.00305176
-0.00335693
-0.00335693
-0.00335693
-0.00335693
-0.00396729
-0.00427246
-0.00396729
-0.00366211
-0.00366211
-0.00396729
-0.00457764
-0.00457764
-0.00396729
-0.00366211
-0.00366211
-0.00335693
-0.00366211
-0.00366211
-0.00366211
-0.00335693
-0.00335693
-0.00335693
-0.00274658
-0.00274658
-0.00244141
-0.00244141
-0.00213623
-0.00183105
-0.00183105
-0.00152588
-0.00152588
-0.00152588
-0.00152588
-0.00152588
-0.00122070
-0.00122070
-0.00152588
-0.00183105
-0.00152588
-0.00152588
-0.00152588
-0.00122070
-0.00152588
-0.00152588
-0.00122070
-0.00061035
-0.00030518
-0.00030518
-0.00091553
-0.00091553
-0.00091553
-0.00061035
-0.00030518
 0.00000000
-0.00030518
-0.00030518
-0.00061035
 0.00000000
 0.00061035
 0.00061035
 0.00061035
 0.00030518
 0.00030518
 0.00061035
 0.00030518
 0.00030518
 0.00030518
 0.00030518
 0.00000000
 0.00000000
-0.00030518
-0.00061035
-0.00061035
-0.00061035
-0.00091553
-0.00091553
-0.00091553
-0.00091553
-0.00091553
-0.00091553
-0.00122070
-0.00091553
-0.00091553
-0.00091553
-0.00122070
-0.00152588
-0.00152588
-0.00122070
-0.00122070
-0.00122070
-0.00091553
-0.00061035
-0.00091553
-0.00122070
-0.00122070
-0.00091553
-0.00061035
-0.00091553
-0.00152588
-0.00183105
-0.00183105
-0.00183105
-0.00183105
-0.00152588
-0.00183105
-0.00213623
-0.00274658
-0.00244141
-0.00244141
-0.00244141
-0.00244141
-0.00274658
-0.00305176
-0.00274658
-0.00244141
-0.00213623
-0.00213623
-0.00213623
-0.00213623
-0.00213623
-0.00213623
-0.00244141
-0.00244141
-0.00183105
-0.00213623
-0.00213623
-0.00213623
-0.00213623
-0.00183105
-0.00152588
-0.00152588
-0.00122070
-0.00122070
-0.00183105
-0.00213623
-0.00244141
-0.00213623
-0.00183105
-0.00183105
-0.00152588
-0.00122070
-0.00152588
-0.00122070
-0.00061035
 0.00000000
 0.00000000
-0.00030518
-0.00030518
 0.00000000
 0.00030518
 0.00061035
 0.00061035
 0.00030518
 0.00000000
 0.00030518
 0.00030518
 0.00030518
 0.00030518
 0.00061035
 0.00122070
 0.00152588
 0.00122070
 0.00152588
 0.00183105
 0.00183105
 0.00183105
 0.00183105
 0.00244141
 0.00244141
 0.00213623
 0.00213623
 0.00213623
 0.00213623
 0.00183105
 0.00183105
 0.00213623
 0.00274658
 0.00335693
 0.00335693
 0.00305176
 0.00274658
 0.00305176
 0.00366211
 0.00335693
 0.00305176
 0.00274658
 0.00274658
 0.00305176
 0.00335693
 0.00335693
 0.00335693
 0.00366211
 0.00396729
 0.00457764
 0.00488281
 0.00457764
 0.00427246
 0.00427246
 0.00457764
 0.00457764
 0.00457764
 0.00488281
 0.00488281
 0.00457764
 0.00457764
 0.00396729
 0.00396729
 0.00488281
 0.00518799
 0.00518799
 0.00488281
 0.00488281
 0.00488281
 0.00488281
 0.00457764
 0.00427246
 0.00427246
 0.00427246
 0.00457764
 0.00366211
 0.00305176
 0.00335693
 0.00366211
 0.00366211
 0.00366211
 0.00396729
 0.00396729
 0.00396729
 0.00366211
 0.00366211
 0.00366211
 0.00335693
 0.00305176
 0.00244141
 0.00213623
 0.00183105
 0.00122070
 0.00091553
 0.00061035
 0.00091553
 0.00091553
 0.00061035
 0.00061035
 0.00061035
 0.00061035
 0.00030518
 0.00030518
 0.00000000
-0.00030518
-0.00091553
-0.00122070
-0.00122070
-0.00152588
-0.00152588
-0.00183105
-0.00213623
-0.00213623
-0.00213623
-0.00213623
-0.00213623
-0.00183105
-0.00183105
-0.00244141
-0.00274658
-0.00274658
-0.00305176
-0.00305176
-0.00305176
-0.00305176
-0.00366211
-0.00366211
-0.00335693
-0.00335693
-0.00366211
-0.00366211
-0.00366211
-0.00335693
-0.00305176
-0.00305176
-0.00335693
-0.00366211
-0.00396729
-0.00335693
-0.00366211
-0.00396729
-0.00427246
-0.00457764
-0.00457764
-0.00457764
-0.00457764
-0.00488281
-0.00488281
-0.00427246
-0.00457764
-0.00457764
-0.00427246
-0.00427246
-0.00427246
-0.00427246
-0.00427246
-0.00427246
-0.00427246
-0.00427246
-0.00427246
-0.00457764
-0.00427246
-0.00396729
-0.00335693
-0.00274658
-0.00244141
-0.00274658
-0.00274658
-0.00244141
-0.00213623
-0.00244141
-0.00244141
-0.00213623
-0.00183105
-0.00152588
-0.00152588
-0.00183105
-0.00183105
-0.00183105
-0.00122070
-0.00061035
-0.00061035
-0.00030518
 0.00000000
 0.00030518
 0.00091553
 0.00091553
 0.00091553
 0.00091553
 0.00091553
 0.00122070
 0.00122070
 0.00122070
 0.00091553
 0.00091553
 0.00122070
 0.00183105
 0.00183105
 0.00183105
 0.00213623
 0.00213623
 0.00244141
 0.00244141
 0.00244141
 0.00244141
 0.00244141
 0.00244141
 0.00244141
 0.00213623
 0.00213623
 0.00213623
 0.00213623
 0.00213623
 0.00244141
 0.00274658
 0.00305176
 0.00335693
 0.00396729
 0.00396729
 0.00335693
 0.00305176
 0.00335693
 0.00335693
 0.00335693
 0.00305176
 0.00244141
 0.00213623
 0.00213623
 0.00244141
 0.00244141
 0.00213623
 0.00244141
 0.00244141
 0.00274658
 0.00244141
 0.00244141
 0.00274658
 0.00244141
 0.00213623
 0.00213623
 0.00213623
 0.00152588
 0.00122070
 0.00122070
 0.00122070
 0.00091553
 0.00061035
 0.00061035
 0.00061035
 0.00030518
 0.00000000
 0.00030518
 0.00030518
 0.00061035
 0.00061035
 0.00030518
-0.00030518
-0.00030518
-0.00030518
-0.00030518
-0.00061035
-0.00091553
-0.00091553
-0.00061035
-0.00030518
-0.00030518
-0.00061035
-0.00061035
-0.00061035
-0.00061035
-0.00091553
-0.00091553
-0.00091553
-0.00091553
-0.00091553
-0.00152588
-0.00213623
-0.00183105
-0.00152588
-0.00152588
-0.00183105
-0.00183105
-0.00122070
-0.00122070
-0.00152588
-0.00183105
-0.00152588
-0.00152588
-0.00213623
-0.00244141
-0.00244141
-0.00213623
-0.00213623
-0.00213623
-0.00152588
-0.00152588
-0.00122070
-0.00091553
-0.00122070
-0.00122070
-0.00122070
-0.00061035
 0.00000000
 0.00000000
-0.00061035
-0.00061035
 0.00000000
 0.00030518
 0.00030518
 0.00030518
 0.00000000
 0.00000000
 0.00000000
 0.00000000
 0.00000000
 0.00061035
 0.00061035
 0.00030518
 0.00030518
 0.00061035
 0.00061035
 0.00061035
 0.00061035
 0.00091553
 0.00091553
 0.00091553
 0.00091553
 0.00091553
 0.00122070
 0.00152588
 0.00152588
 0.00152588
 0.00183105
 0.00183105
 0.00183105
 0.00183105
 0.00183105
 0.00244141
 0.00244141
 0.00244141
 0.00274658
 0.00274658
 0.00244141
 0.00244141
 0.00213623
 0.00213623
 0.00213623
 0.00183105
 0.00152588
 0.00183105
 0.00183105
 0.00183105
 0.00213623
 0.00213623
 0.00244141
 0.00183105
 0.00213623
 0.00244141
 0.00183105
 0.00183105
 0.00152588
 0.00122070
 0.00122070
 0.00122070
 0.00122070
 0.00091553
 0.00091553
 0.00152588
 0.00183105
 0.00152588
 0.00152588
 0.00183105
 0.00152588
 0.00122070
 0.00152588
 0.00152588
 0.00122070
 0.00091553
 0.00091553
 0.00091553
 0.00122070
 0.00122070
 0.00122070
 0.00091553
 0.00122070
 0.00152588
 0.00152588
 0.00152588
 0.00122070
 0.00122070
 0.00152588
 0.00122070
 0.00091553
 0.00061035
 0.00061035
 0.00122070
 0.00152588
 0.00091553
 0.00061035
 0.00061035
 0.00091553
 0.00091553
 0.00091553
 0.00061035
 0.00091553
 0.00122070
 0.00091553
-0.00030518
-0.00061035
-0.00030518
-0.00030518
-0.00030518
-0.00030518
-0.00030518
 0.00000000
 0.00030518
 0.00000000
 0.00000000
 0.00000000
-0.00030518
-0.00030518
 0.00000000
 0.00030518
 0.00000000
-0.00030518
-0.00061035
-0.00061035
-0.00030518
-0.00030518
 0.00000000
 0.00000000
-0.00061035
-0.00091553
-0.00091553
-0.00091553
-0.00061035
-0.00061035
-0.00061035
-0.00061035
-0.00030518
 0.00030518
 0.00030518
 0.00000000
-0.00030518
 0.00000000
 0.00030518
 0.00000000
-0.00030518
-0.00030518
 0.00000000
 0.00030518
 0.00030518
 0.00000000
 0.00030518
 0.00061035
 0.00061035
 0.00091553
 0.00030518
 0.00000000
 0.00000000
 0.00000000
-0.00030518
-0.00030518
 0.00030518
 0.00030518
 0.00000000
-0.00030518
 0.00000000
 0.00030518
 0.00061035
 0.00061035
 0.00030518
 0.00000000
 0.00061035
 0.00122070
 0.00122070
 0.00091553
 0.00091553
 0.00091553
 0.00122070
 0.00122070
 0.00091553
 0.00061035
 0.00030518
 0.00091553
 0.00122070
 0.00122070
 0.00122070
 0.00122070
 0.00091553
 0.00091553
 0.00061035
 0.00061035
 0.00061035
 0.00061035
 0.00091553
 0.00061035
 0.00061035
 0.00030518
 0.00061035
 0.00061035
 0.00091553
 0.00122070
 0.00091553
 0.00091553
 0.00061035
 0.00030518
 0.00061035
 0.00061035
 0.00061035
 0.00061035
 0.00061035
 0.00061035
 0.00061035
 0.00091553
 0.00091553
 0.00061035
 0.00000000
 0.00000000
 0.00061035
 0.00061035
 0.00000000
-0.00030518
-0.00061035
-0.00091553
-0.00122070
-0.00122070
-0.00122070
-0.00152588
-0.00152588
-0.00183105
-0.00183105
-0.00213623
-0.00213623
-0.00244141
-0.00274658
-0.00274658
-0.00244141
-0.00213623
-0.00183105
-0.00183105
-0.00213623
-0.00213623
-0.00183105
-0.00183105
-0.00152588
-0.00152588
-0.00183105
-0.00183105
-0.00213623
-0.00183105
-0.00183105
-0.00183105
-0.00152588
-0.00213623
-0.00274658
-0.00274658
-0.00274658
-0.00244141
-0.00274658
-0.00305176
-0.00335693
-0.00305176
-0.00274658
-0.00274658
-0.00335693
-0.00366211
-0.00335693
-0.00305176
-0.00305176
-0.00335693
-0.00366211
-0.00335693
-0.00335693
-0.00335693
-0.00366211
-0.00335693
-0.00305176
-0.00305176
-0.00274658
-0.00274658
-0.00244141
-0.00274658
-0.00305176
-0.00305176
-0.00305176
-0.00305176
-0.00274658
-0.00244141
-0.00213623
-0.00122070
-0.00122070
-0.00152588
-0.00213623
-0.00213623
-0.00213623
-0.00183105
-0.00122070
-0.00091553
-0.00122070
-0.00122070
-0.00122070
-0.00061035
-0.00030518
-0.00061035
-0.00091553
-0.00091553
-0.00061035
 0.00000000
-0.00030518
-0.00061035
-0.00091553
-0.00030518
 0.00030518
 0.00030518
-0.00030518
-0.00061035
-0.00030518
 0.00030518
 0.00091553
 0.00091553
 0.00091553
 0.00122070
 0.00122070
 0.00152588
 0.00183105
 0.00213623
 0.00213623
 0.00213623
 0.00244141
 0.00244141
 0.00244141
 0.00213623
 0.00213623
 0.00244141
 0.00244141
 0.00244141
 0.00244141
 0.00213623
 0.00183105
 0.00213623
 0.00244141
 0.00244141
 0.00183105
 0.00213623
 0.00244141
 0.00274658
 0.00244141
 0.00213623
 0.00213623
 0.00244141
 0.00274658
 0.00305176
 0.00305176
 0.00305176
 0.00305176
 0.00366211
 0.00335693
 0.00366211
 0.00396729
 0.00396729
 0.00366211
 0.00335693
 0.00305176
 0.00335693
 0.00335693
 0.00335693
 0.00305176
 0.00335693
 0.00335693
 0.00305176
 0.00274658
 0.00244141
 0.00244141
 0.00244141
 0.00274658
 0.00244141
 0.00244141
 0.00213623
 0.00152588
 0.00122070
 0.00183105
 0.00213623
 0.00274658
 0.00274658
 0.00244141
 0.00244141
 0.00213623
 0.00213623
 0.00213623
 0.00213623
 0.00213623
 0.00213623
 0.00183105
 0.00152588
 0.00122070
 0.00091553
 0.00091553
 0.00091553
 0.00091553
 0.00091553
 0.00091553
 0.00122070
 0.00152588
 0.00183105
 0.00183105
 0.00122070
 0.00122070
 0.00152588
 0.00183105
 0.00183105
 0.00122070
 0.00091553
 0.00091553
 0.00122070
 0.00122070
 0.00152588
 0.00122070
 0.00091553
 0.00061035
 0.00091553
 0.00091553
 0.00061035
 0.00061035
 0.00091553
 0.00091553
 0.00061035
 0.00030518
 0.00030518
 0.00061035
 0.00091553
 0.00030518
-0.00030518
-0.00030518
-0.00030518
 0.00000000
 0.00030518
 0.00061035
 0.00000000
-0.00030518
-0.00061035
-0.00061035
-0.00030518
-0.00030518
-0.00030518
-0.00030518
-0.00030518
 0.00000000
 0.00030518
 0.00000000
 0.00000000
 0.00000000
-0.00030518
-0.00030518
-0.00061035
-0.00030518
 0.00000000
 0.00030518
 0.00030518
-0.00030518
-0.00061035
-0.00030518
-0.00030518
-0.00061035
-0.00061035
-0.00061035
-0.00091553
-0.00091553
-0.00091553
-0.00122070
-0.00152588
-0.00122070
-0.00091553
-0.00030518
-0.00030518
-0.00030518
-0.00061035
-0.00030518
-0.00061035
-0.00122070
-0.00122070
-0.00091553
-0.00122070
-0.00122070
-0.00091553
-0.00091553
-0.00152588
-0.00152588
-0.00091553
-0.00091553
-0.00091553
-0.00091553
 0.00000000
 0.00030518
 0.00000000
 0.00000000
-0.00030518
-0.00030518
-0.00091553
-0.00091553
-0.00091553
-0.00091553
-0.00122070
-0.00122070
-0.00122070
-0.00122070
-0.00122070
-0.00122070
-0.00091553
-0.00061035
-0.00061035
-0.00061035
-0.00091553
-0.00091553
-0.00091553
-0.00091553
-0.00091553
-0.00091553
-0.00122070
-0.00122070
-0.00061035
-0.00030518
-0.00030518
-0.00030518
 0.00030518
 0.00030518
 0.00000000
 0.00000000
 0.00000000
 0.00000000
 0.00000000
-0.00030518
-0.00061035
-0.00091553
-0.00061035
-0.00030518
-0.00061035
-0.00091553
-0.00061035
-0.00030518
-0.00030518
 0.00000000
 0.00000000
-0.00030518
-0.00091553
-0.00091553
-0.00091553
-0.00122070
-0.00122070
-0.00122070
-0.00152588
-0.00152588
-0.00152588
-0.00183105
-0.00213623
-0.00183105
-0.00183105
-0.00183105
-0.00213623
-0.00183105
-0.00183105
-0.00183105
-0.00152588
-0.00152588
-0.00183105
-0.00244141
-0.00244141
-0.00183105
-0.00152588
-0.00183105
-0.00213623
-0.00183105
-0.00152588
-0.00122070
-0.00122070
-0.00122070
-0.00152588
-0.00122070
-0.00122070
-0.00152588
-0.00122070
-0.00122070
-0.00152588
-0.00183105
-0.00122070
-0.00091553
-0.00122070
-0.00122070
-0.00122070
-0.00061035
-0.00030518
 0.00000000
 0.00000000
-0.00030518
-0.00061035
-0.00122070
-0.00152588
-0.00152588
-0.00122070
-0.00061035
-0.00030518
-0.00030518
-0.00030518
-0.00061035
-0.00030518
 0.00000000
 0.00030518
 0.00061035
 0.00061035
 0.00061035
 0.00091553
 0.00091553
 0.00061035
 0.00061035
 0.00091553
 0.00122070
 0.00091553
 0.00091553
 0.00122070
 0.00122070
 0.00122070
 0.00122070
 0.00122070
 0.00152588
 0.00183105
 0.00213623
 0.00183105
 0.00213623
 0.00183105
 0.00183105
 0.00213623
 0.00244141
 0.00213623
 0.00213623
 0.00213623
 0.00274658
 0.00274658
 0.00274658
 0.00274658
 0.00305176
 0.00305176
 0.00305176
 0.00305176
 0.00305176
 0.00274658
 0.00305176
 0.00335693
 0.00335693
 0.00335693
 0.00335693
 0.00335693
 0.00366211
 0.00366211
 0.00396729
 0.00396729
 0.00396729
 0.00427246
 0.00427246
 0.00396729
 0.00396729
 0.00396729
 0.00366211
 0.00335693
 0.00335693
 0.00305176
 0.00305176
 0.00274658
 0.00305176
 0.00305176
 0.00274658
 0.00244141
 0.00213623
 0.00244141
 0.00244141
 0.00183105
 0.00183105
 0.00213623
 0.00244141
 0.00213623
 0.00183105
 0.00152588
 0.00152588
 0.00183105
 0.00183105
 0.00183105
 0.00152588
 0.00183105
 0.00213623
 0.00213623
 0.00213623
 0.00152588
 0.00122070
 0.00122070
 0.00152588
 0.00152588
 0.00122070
 0.00122070
 0.00091553
 0.00061035
 0.00061035
 0.00091553
 0.00122070
 0.00122070
 0.00091553
 0.00061035
 0.00030518
 0.00030518
 0.00030518
 0.00030518
 0.00000000
 0.00000000
 0.00000000
 0.00000000
 0.00000000
-0.00030518
-0.00030518
 0.00000000
 0.00000000
-0.00030518
-0.00122070
-0.00152588
-0.00091553
-0.00061035
-0.00061035
-0.00122070
-0.00152588
-0.00122070
-0.00122070
-0.00122070
-0.00152588
-0.00152588
-0.00122070
-0.00091553
-0.00091553
-0.00091553
-0.00061035
-0.00061035
-0.00061035
-0.00030518
-0.00030518
-0.00030518
-0.00030518
-0.00030518
-0.00030518
-0.00030518
 0.00000000
 0.00030518
 0.00030518
 0.00000000
-0.00061035
-0.00091553
-0.00030518
-0.00030518
-0.00061035
-0.00091553
-0.00091553
-0.00091553
-0.00061035
-0.00061035
-0.00061035
-0.00061035
-0.00061035
-0.00122070
-0.00122070
-0.00122070
-0.00152588
-0.00183105
-0.00152588
-0.00152588
-0.00183105
-0.00213623
-0.00213623
-0.00152588
-0.00152588
-0.00183105
-0.00213623
-0.00183105
-0.00122070
-0.00061035
-0.00061035
-0.00061035
-0.00122070
-0.00122070
-0.00091553
-0.00091553
-0.00091553
-0.00091553
-0.00061035
 0.00000000
-0.00061035
-0.00091553
-0.00061035
-0.00030518
 0.00000000
-0.00030518
-0.00030518
-0.00061035
-0.00061035
-0.00061035
-0.00061035
-0.00091553
-0.00091553
-0.00122070
-0.00152588
-0.00152588
-0.00122070
-0.00091553
-0.00061035
-0.00091553
-0.00091553
-0.00091553
-0.00122070
-0.00122070
-0.00091553
-0.00122070
-0.00122070
-0.00091553
-0.00091553
-0.00091553
-0.00122070
-0.00152588
-0.00122070
-0.00091553
-0.00061035
-0.00061035
-0.00061035
-0.00061035
-0.00061035
 0.00000000
 0.00000000
-0.00030518
-0.00061035
-0.00061035
-0.00061035
-0.00061035
-0.00061035
-0.00122070
-0.00122070
-0.00152588
-0.00152588
-0.00122070
-0.00091553
-0.00061035
-0.00061035
-0.00030518
 0.00000000
 0.00000000
 0.00000000
 0.00000000
-0.00030518
-0.00061035
-0.00061035
-0.00030518
-0.00061035
-0.00091553
-0.00091553
-0.00091553
-0.00091553
-0.00091553
-0.00061035
-0.00030518
 0.00000000
 0.00000000
 0.00000000
 0.00030518
 0.00030518
 0.00000000
-0.00030518
-0.00030518
-0.00030518
-0.00030518
-0.00030518
-0.00061035
-0.00091553
-0.00061035
-0.00061035
-0.00030518
-0.00030518
-0.00030518
-0.00030518
-0.00061035
-0.00061035
-0.00061035
-0.00030518
-0.00061035
-0.00061035
-0.00091553
-0.00091553
-0.00091553
-0.00091553
-0.00091553
-0.00061035
-0.00030518
 0.00030518
 0.00030518
 0.00000000
 0.00000000
 0.00000000
 0.00000000
 0.00030518
 0.00061035
 0.00030518
 0.00061035
 0.00061035
 0.00061035
 0.00030518
 0.00061035
 0.00061035
 0.00030518
 0.00030518
 0.00061035
 0.00091553
 0.00091553
 0.00122070
 0.00091553
 0.00061035
 0.00000000
 0.00000000
-0.00030518
-0.00061035
 0.00000000
 0.00000000
 0.00000000
 0.00030518
 0.00000000
 0.00000000
 0.00000000
 0.00030518
 0.00091553
 0.00091553
 0.00091553
 0.00091553
 0.00091553
 0.00091553
 0.00091553
 0.00061035
 0.00030518
 0.00061035
 0.00122070
 0.00091553
 0.00030518
 0.00000000
 0.00030518
 0.00061035
 0.00091553
 0.00091553
 0.00061035
 0.00091553
 0.00091553
 0.00091553
 0.00091553
 0.00122070
 0.00091553
 0.00091553
 0.00091553
 0.00091553
 0.00122070
 0.00122070
 0.00061035
 0.00061035
 0.00091553
 0.00091553
 0.00122070
 0.00091553
 0.00061035
 0.00000000
 0.00000000
 0.00061035
 0.00091553
 0.00061035
 0.00061035
 0.00030518
 0.00000000
 0.00030518
 0.00091553
 0.00091553
 0.00030518
 0.00000000
 0.00000000
 0.00061035
 0.00091553
 0.00122070
 0.00122070
 0.00091553
 0.00061035
 0.00061035
 0.00030518
 0.00030518
 0.00030518
 0.00091553
 0.00122070
 0.00091553
 0.00061035
 0.00030518
 0.00061035
 0.00091553
 0.00091553
 0.00061035
 0.00000000
-0.00030518
-0.00030518
-0.00030518
 0.00000000
 0.00000000
-0.00030518
-0.00061035
-0.00061035
 0.00000000
 0.00030518
 0.00000000
-0.00030518
 0.00000000
 0.00000000
 0.00000000
 0.00030518
 0.00000000
 0.00030518
 0.00030518
 0.00061035
 0.00061035
 0.00061035
 0.00061035
 0.00091553
 0.00091553
 0.00061035
 0.00091553
 0.00122070
 0.00122070
 0.00122070
 0.00122070
 0.00122070
 0.00122070
 0.00091553
 0.00061035
 0.00061035
 0.00091553
 0.00061035
 0.00061035
 0.00091553
 0.00091553
 0.00091553
 0.00061035
 0.00061035
 0.00061035
 0.00061035
 0.00122070
 0.00152588
 0.00152588
 0.00122070
 0.00091553
 0.00091553
 0.00061035
 0.00061035
 0.00091553
 0.00152588
 0.00183105
 0.00122070
 0.00122070
 0.00152588
 0.00183105
 0.00152588
 0.00152588
 0.00152588
 0.00152588
 0.00152588
 0.00152588
 0.00152588
 0.00152588
 0.00183105
 0.00213623
 0.00183105
 0.00152588
 0.00091553
 0.00152588
 0.00183105
 0.00183105
 0.00152588
 0.00152588
 0.00213623
 0.00244141
 0.00213623
 0.00152588
 0.00122070
 0.00122070
 0.00152588
 0.00183105
 0.00152588
 0.00122070
 0.00091553
 0.00091553
 0.00091553
 0.00091553
 0.00091553
 0.00091553
 0.00091553
 0.00091553
 0.00091553
 0.00061035
 0.00030518
 0.00000000
 0.00000000
 0.00030518
 0.00061035
 0.00061035
 0.00061035
 0.00030518
 0.00030518
 0.00061035
 0.00061035
 0.00061035
 0.00030518
 0.00030518
 0.00030518
 0.00061035
 0.00030518
 0.00000000
 0.00000000
 0.00030518
 0.00030518
 0.00000000
-0.00030518
-0.00030518
-0.00030518
-0.00030518
-0.00030518
-0.00091553
-0.00091553
-0.00061035
-0.00030518
-0.00061035
-0.00091553
-0.00091553
-0.00061035
-0.00091553
-0.00122070
-0.00122070
-0.00091553
-0.00061035
-0.00091553
-0.00091553
-0.00152588
-0.00183105
-0.00183105
-0.00183105
-0.00213623
-0.00183105
-0.00152588
-0.00152588
-0.00183105
-0.00213623
-0.00152588
-0.00122070
-0.00122070
-0.00183105
-0.00213623
-0.00244141
-0.00244141
-0.00213623
-0.00183105
-0.00183105
-0.00244141
-0.00244141
-0.00244141
-0.00244141
-0.00183105
-0.00244141
-0.00274658
-0.00335693
-0.00305176
-0.00244141
-0.00213623
-0.00244141
-0.00244141
-0.00244141
-0.00244141
-0.00274658
-0.00244141
-0.00244141
-0.00213623
-0.00152588
-0.00183105
-0.00213623
-0.00274658
-0.00244141
-0.00213623
-0.00244141
-0.00274658
-0.00305176
-0.00305176
-0.00274658
-0.00244141
-0.00244141
-0.00213623
-0.00244141
-0.00244141
-0.00213623
-0.00152588
-0.00122070
-0.00152588
-0.00183105
-0.00213623
-0.00183105
-0.00183105
-0.00183105
-0.00183105
-0.00183105
-0.00183105
-0.00152588
-0.00152588
-0.00152588
-0.00122070
-0.00122070
-0.00122070
-0.00122070
-0.00152588
-0.00213623
-0.00213623
-0.00183105
-0.00152588
-0.00122070
-0.00122070
-0.00152588
-0.00183105
-0.00152588
-0.00061035
 0.00000000
 0.00061035
 0.00030518
 0.00000000
-0.00030518
 0.00000000
 0.00000000
 0.00030518
 0.00030518
 0.00030518
 0.00030518
 0.00061035
 0.00030518
 0.00000000
 0.00061035
 0.00122070
 0.00122070
 0.00091553
 0.00061035
 0.00122070
 0.00152588
 0.00152588
 0.00122070
 0.00091553
 0.00091553
 0.00091553
 0.00091553
 0.00091553
 0.00091553
 0.00122070
 0.00152588
 0.00122070
 0.00061035
 0.00030518
 0.00061035
 0.00122070
 0.00091553
 0.00061035
 0.00061035
 0.00061035
 0.00030518
 0.00030518
 0.00000000
 0.00030518
 0.00061035
 0.00061035
 0.00061035
 0.00061035
 0.00061035
 0.00091553
 0.00091553
 0.00091553
 0.00091553
 0.00091553
 0.00091553
 0.00091553
 0.00091553
 0.00091553
 0.00091553
 0.00091553
 0.00061035
 0.00091553
 0.00122070
 0.00122070
 0.00091553
 0.00061035
 0.00061035
 0.00061035
 0.00061035
 0.00091553
 0.00091553
 0.00061035
 0.00030518
 0.00000000
 0.00000000
 0.00030518
 0.00030518
 0.00030518
 0.00030518
 0.00030518
 0.00000000
 0.00000000
-0.00030518
 0.00000000
 0.00030518
 0.00030518
 0.00030518
 0.00030518
 0.00030518
 0.00061035
 0.00091553
 0.00061035
 0.00061035
 0.00091553
 0.00061035
 0.00061035
 0.00061035
 0.00061035
 0.00061035
 0.00030518
 0.00000000
 0.00030518
 0.00000000
 0.00030518
 0.00030518
 0.00030518
 0.00061035
 0.00061035
 0.00030518
 0.00000000
 0.00000000
 0.00030518
 0.00061035
 0.00091553
 0.00091553
 0.00061035
 0.00091553
 0.00122070
 0.00122070
 0.00091553
 0.00030518
 0.00122070
 0.00183105
 0.00183105
 0.00122070
