-0.00030518
-0.00061035
-0.00030518
-0.00030518
-0.00030518
-0.00030518
-0.00030518
-0.00061035
-0.00091553
-0.00122070
-0.00122070
-0.00091553
-0.00091553
-0.00030518
-0.00030518
-0.00030518
-0.00061035
-0.00091553
-0.00091553
-0.00030518
-0.00030518
-0.00030518
-0.00061035
-0.00091553
-0.00061035
-0.00061035
-0.00030518
-0.00030518
-0.00030518
-0.00061035
-0.00030518
-0.00061035
-0.00091553
-0.00091553
-0.00091553
-0.00061035
-0.00030518
-0.00061035
-0.00030518
 0.00000000
 0.00030518
 0.00000000
-0.00030518
-0.00061035
-0.00030518
-0.00061035
-0.00091553
-0.00122070
-0.00091553
-0.00030518
 0.00030518
 0.00030518
 0.00000000
-0.00030518
-0.00061035
-0.00030518
 0.00000000
 0.00030518
 0.00030518
 0.00000000
 0.00000000
 0.00000000
 0.00000000
-0.00061035
-0.00061035
-0.00030518
-0.00030518
-0.00030518
-0.00030518
-0.00061035
-0.00061035
-0.00030518
 0.00000000
-0.00030518
-0.00030518
-0.00061035
-0.00061035
-0.00030518
-0.00091553
-0.00061035
-0.00030518
-0.00030518
-0.00030518
-0.00061035
-0.00061035
-0.00091553
-0.00061035
-0.00030518
 0.00000000
 0.00000000
 0.00000000
 0.00000000
-0.00030518
-0.00061035
-0.00030518
 0.00000000
 0.00396729
 0.05950928
 0.24047852
 0.42175293
-0.02746582
-0.85174561
-1.30310059
-0.98968506
-0.47607422
-0.19470215
-0.01770020
 0.28778076
 0.17486572
 0.19714355
 0.28503418
 0.39947510
 0.44281006
 0.43395996
 0.41320801
 0.31616211
 0.20812988
 0.07446289
-0.31951904
-0.85144043
-1.08215332
-0.83618164
-0.41992188
-0.06286621
 0.50201416
 0.81756592
 0.85327148
 0.63995361
 0.44097900
 0.34393311
 0.20172119
-0.03601074
-0.30181885
-0.50476074
-0.49377441
-0.30822754
-0.15258789
-0.04364014
-0.00518799
-0.09399414
-0.27252197
-0.26123047
 0.06256104
 0.48217773
 0.85418701
 0.91125488
 0.57037354
 0.14160156
-0.32409668
-0.52734375
-0.50842285
-0.37414551
-0.25451660
-0.20690918
-0.20294189
-0.11077881
 0.06805420
 0.18798828
 0.23864746
 0.29693604
 0.35003662
 0.38482666
 0.33782959
 0.25024414
 0.08972168
-0.14129639
-0.35491943
-0.45745850
-0.39733887
-0.28533936
-0.16723633
-0.03509521
 0.08117676
 0.17608643
 0.26733398
 0.36132813
 0.44677734
 0.42572021
 0.29327393
 0.08697510
-0.08697510
-0.16174316
-0.18127441
-0.18554688
-0.19256592
-0.19927979
-0.20812988
-0.19683838
-0.12634277
 0.00701904
 0.16021729
 0.35858154
 0.39398193
 0.34057617
 0.22918701
 0.07110596
-0.03967285
-0.10650635
-0.17730713
-0.24139404
-0.26733398
-0.26611328
-0.26000977
-0.23345947
-0.15563965
-0.01831055
 0.13153076
 0.27526855
 0.32836914
 0.32348633
 0.22369385
 0.06561279
-0.07202148
-0.15991211
-0.21545410
-0.23284912
-0.22277832
-0.20538330
-0.18646240
-0.15014648
-0.08178711
 0.01159668
 0.10620117
 0.19256592
 0.26245117
 0.28778076
 0.22521973
 0.10223389
-0.01312256
-0.10009766
-0.16906738
-0.20660400
-0.21514893
-0.20660400
-0.17730713
-0.12481689
-0.05340576
 0.03326416
 0.12573242
 0.20172119
 0.24414063
 0.24139404
 0.18341064
 0.09307861
 0.01190186
-0.04119873
-0.07781982
-0.12237549
-0.17913818
-0.21301270
-0.19866943
-0.14221191
-0.05493164
 0.04547119
 0.13458252
 0.19104004
 0.20263672
 0.16387939
 0.10437012
 0.05889893
 0.02471924
-0.01434326
-0.06866455
-0.13580322
-0.18249512
-0.18341064
-0.15075684
-0.10437012
-0.04730225
 0.02014160
 0.08636475
 0.13610840
 0.16204834
 0.15045166
 0.10589600
 0.04821777
-0.00335693
-0.04089355
-0.07080078
-0.10467529
-0.13549805
-0.14160156
-0.12237549
-0.09033203
-0.04913330
 0.00244141
 0.05981445
 0.10986328
 0.13427734
 0.11596680
 0.07904053
 0.05401611
 0.03143311
-0.00213623
-0.03906250
-0.07354736
-0.10864258
-0.13366699
-0.12847900
-0.09033203
-0.03082275
 0.03570557
 0.09216309
 0.12603760
 0.12573242
 0.09643555
 0.07019043
 0.05950928
 0.04974365
 0.02563477
-0.01342773
-0.05218506
-0.07934570
-0.09216309
-0.08636475
-0.06195068
-0.02685547
 0.01190186
 0.04852295
 0.07659912
 0.08850098
 0.08453369
 0.07049561
 0.05157471
 0.02899170
 0.00427246
-0.02197266
-0.04882813
-0.07263184
-0.08514404
-0.08239746
-0.06652832
-0.04180908
-0.01159668
 0.01922607
 0.04425049
 0.05554199
 0.05310059
 0.04364014
 0.02929688
 0.00579834
-0.02410889
-0.05187988
-0.07171631
-0.08392334
-0.08789063
-0.08026123
-0.06134033
-0.03723145
-0.01464844
 0.00488281
 0.02471924
 0.04302979
 0.05554199
 0.05889893
 0.05310059
 0.03479004
 0.00091553
-0.03814697
-0.06591797
-0.07690430
-0.07507324
-0.06317139
-0.04211426
-0.01464844
 0.01434326
 0.03936768
 0.05889893
 0.07324219
 0.08178711
 0.08056641
 0.06774902
 0.04547119
 0.01647949
-0.01403809
-0.03845215
-0.05035400
-0.04852295
-0.03570557
-0.01678467
 0.00366211
 0.02197266
 0.03753662
 0.05187988
 0.06500244
 0.07415771
 0.07385254
 0.06042480
 0.03356934
 0.00000000
-0.02990723
-0.05004883
-0.06134033
-0.06561279
-0.06317139
-0.05249023
-0.03540039
-0.01586914
 0.00305176
 0.01770020
 0.02624512
 0.02746582
 0.02349854
 0.01617432
 0.00640869
-0.00701904
-0.02380371
-0.04150391
-0.05615234
-0.06378174
-0.06164551
-0.05035400
-0.03295898
-0.01403809
 0.00335693
 0.01922607
 0.03540039
 0.04943848
 0.05584717
 0.04852295
 0.02899170
 0.00335693
-0.01983643
-0.03509521
-0.03967285
-0.03631592
-0.02777100
-0.01770020
-0.00579834
 0.00762939
 0.02258301
 0.03845215
 0.05218506
 0.05889893
 0.05584717
 0.04547119
 0.03356934
 0.02319336
 0.01220703
 0.00061035
-0.01098633
-0.02044678
-0.02441406
-0.02105713
-0.01190186
 0.00122070
 0.01525879
 0.02563477
 0.03082275
 0.03204346
 0.03112793
 0.02655029
 0.01770020
 0.00427246
-0.01190186
-0.02777100
-0.03875732
-0.04302979
-0.04119873
-0.03631592
-0.02990723
-0.02227783
-0.01251221
-0.00213623
 0.00793457
 0.01556396
 0.01861572
 0.01617432
 0.00823975
-0.00213623
-0.01281738
-0.02227783
-0.02960205
-0.03356934
-0.03448486
-0.03234863
-0.02716064
-0.01861572
-0.00732422
 0.00427246
 0.01403809
 0.02075195
 0.02380371
 0.02288818
 0.01831055
 0.01220703
 0.00610352
-0.00061035
-0.00701904
-0.01281738
-0.01647949
-0.01678467
-0.01312256
-0.00549316
 0.00457764
 0.01464844
 0.02319336
 0.02929688
 0.03143311
 0.02929688
 0.02349854
 0.01586914
 0.00762939
-0.00061035
-0.00823975
-0.01373291
-0.01495361
-0.01312256
-0.00885010
-0.00366211
 0.00213623
 0.00701904
 0.01129150
 0.01495361
 0.01770020
 0.01831055
 0.01586914
 0.01007080
 0.00274658
-0.00457764
-0.01098633
-0.01617432
-0.01922607
-0.02166748
-0.02319336
-0.02288818
-0.01892090
-0.01098633
-0.00152588
 0.00640869
 0.01098633
 0.01129150
 0.00915527
 0.00579834
 0.00152588
-0.00427246
-0.01098633
-0.01770020
-0.02166748
-0.02258301
-0.01892090
-0.01190186
-0.00274658
 0.00518799
 0.01068115
 0.01342773
 0.01556396
 0.01708984
 0.01800537
 0.01617432
 0.01098633
 0.00335693
-0.00366211
-0.00823975
-0.01037598
-0.01007080
-0.00823975
-0.00579834
-0.00305176
 0.00091553
 0.00549316
 0.01129150
 0.01586914
 0.01892090
 0.01922607
 0.01678467
 0.01312256
 0.00946045
 0.00579834
 0.00183105
-0.00152588
-0.00457764
-0.00579834
-0.00427246
 0.00030518
 0.00549316
 0.01007080
 0.01312256
 0.01464844
 0.01464844
 0.01373291
 0.01190186
 0.00915527
 0.00518799
 0.00061035
-0.00427246
-0.00793457
-0.01007080
-0.01037598
-0.00946045
-0.00854492
-0.00762939
-0.00671387
-0.00549316
-0.00396729
-0.00213623
-0.00061035
-0.00061035
-0.00244141
-0.00549316
-0.00854492
-0.01098633
-0.01251221
-0.01342773
-0.01373291
-0.01251221
-0.01098633
-0.00885010
-0.00640869
-0.00396729
-0.00183105
 0.00000000
 0.00122070
 0.00213623
 0.00274658
 0.00244141
 0.00213623
 0.00122070
-0.00030518
-0.00213623
-0.00335693
-0.00396729
-0.00305176
-0.00061035
 0.00213623
 0.00488281
 0.00671387
 0.00793457
 0.00915527
 0.01037598
 0.01007080
 0.00915527
 0.00701904
 0.00457764
 0.00213623
 0.00091553
 0.00030518
 0.00091553
 0.00183105
 0.00305176
 0.00366211
 0.00427246
 0.00518799
 0.00579834
 0.00579834
 0.00549316
 0.00427246
 0.00183105
-0.00061035
-0.00305176
-0.00549316
-0.00732422
-0.00854492
-0.00976563
-0.01007080
-0.00976563
-0.00793457
-0.00518799
-0.00244141
-0.00030518
 0.00030518
 0.00030518
 0.00030518
 0.00000000
-0.00152588
-0.00396729
-0.00671387
-0.00915527
-0.01129150
-0.01190186
-0.01098633
-0.00915527
-0.00671387
-0.00488281
-0.00274658
-0.00061035
 0.00183105
 0.00335693
 0.00457764
 0.00488281
 0.00457764
 0.00427246
 0.00366211
 0.00396729
 0.00396729
 0.00396729
 0.00366211
 0.00305176
 0.00396729
 0.00549316
 0.00732422
 0.00976563
 0.01190186
 0.01312256
 0.01312256
 0.01190186
 0.01007080
 0.00793457
 0.00610352
 0.00457764
 0.00335693
 0.00274658
 0.00244141
 0.00244141
 0.00274658
 0.00305176
 0.00335693
 0.00335693
 0.00244141
 0.00152588
 0.00030518
 0.00000000
-0.00061035
-0.00152588
-0.00274658
-0.00427246
-0.00549316
-0.00610352
-0.00640869
-0.00671387
-0.00671387
-0.00671387
-0.00610352
-0.00518799
-0.00427246
-0.00335693
-0.00274658
-0.00305176
-0.00366211
-0.00427246
-0.00488281
-0.00549316
-0.00579834
-0.00549316
-0.00488281
-0.00396729
-0.00274658
-0.00122070
 0.00030518
 0.00213623
 0.00366211
 0.00457764
 0.00488281
 0.00549316
 0.00579834
 0.00610352
 0.00610352
 0.00549316
 0.00457764
 0.00396729
 0.00335693
 0.00305176
 0.00274658
 0.00274658
 0.00244141
 0.00244141
 0.00244141
 0.00274658
 0.00305176
 0.00305176
 0.00274658
 0.00183105
 0.00030518
-0.00091553
-0.00213623
-0.00335693
-0.00427246
-0.00488281
-0.00457764
-0.00488281
-0.00457764
-0.00457764
-0.00396729
-0.00396729
-0.00396729
-0.00457764
-0.00518799
-0.00671387
-0.00823975
-0.00915527
-0.00946045
-0.00946045
-0.01007080
-0.01037598
-0.01037598
-0.01007080
-0.00946045
-0.00885010
-0.00793457
-0.00701904
-0.00579834
-0.00457764
-0.00335693
-0.00305176
-0.00335693
-0.00366211
-0.00427246
-0.00518799
-0.00610352
-0.00640869
-0.00610352
-0.00549316
-0.00518799
-0.00427246
-0.00305176
-0.00152588
 0.00000000
 0.00091553
 0.00152588
 0.00122070
 0.00061035
 0.00000000
-0.00030518
-0.00061035
-0.00061035
-0.00030518
 0.00000000
 0.00000000
 0.00061035
 0.00091553
 0.00152588
 0.00274658
 0.00335693
 0.00396729
 0.00396729
 0.00427246
 0.00427246
 0.00427246
 0.00366211
 0.00274658
 0.00183105
 0.00183105
 0.00183105
 0.00152588
 0.00183105
 0.00213623
 0.00244141
 0.00305176
 0.00366211
 0.00427246
 0.00457764
 0.00457764
 0.00457764
 0.00396729
 0.00274658
 0.00213623
 0.00244141
 0.00274658
 0.00305176
 0.00335693
 0.00366211
 0.00335693
 0.00335693
 0.00366211
 0.00427246
 0.00427246
 0.00457764
 0.00488281
 0.00579834
 0.00701904
 0.00793457
 0.00823975
 0.00854492
 0.00854492
 0.00793457
 0.00793457
 0.00793457
 0.00823975
 0.00885010
 0.00915527
 0.00946045
 0.00976563
 0.01007080
 0.01037598
 0.01007080
 0.00915527
 0.00854492
 0.00762939
 0.00671387
 0.00579834
 0.00549316
 0.00549316
 0.00549316
 0.00518799
 0.00549316
 0.00488281
 0.00427246
 0.00427246
 0.00396729
 0.00335693
 0.00244141
 0.00152588
 0.00122070
 0.00091553
 0.00091553
 0.00122070
 0.00091553
 0.00030518
-0.00030518
-0.00091553
-0.00122070
-0.00152588
-0.00183105
-0.00213623
-0.00183105
-0.00213623
-0.00213623
-0.00244141
-0.00305176
-0.00396729
-0.00518799
-0.00640869
-0.00762939
-0.00854492
-0.00854492
-0.00823975
-0.00823975
-0.00793457
-0.00793457
-0.00854492
-0.00854492
-0.00854492
-0.00885010
-0.00885010
-0.00946045
-0.00976563
-0.00946045
-0.00915527
-0.00885010
-0.00885010
-0.00823975
-0.00762939
-0.00732422
-0.00732422
-0.00701904
-0.00610352
-0.00549316
-0.00518799
-0.00518799
-0.00457764
-0.00427246
-0.00427246
-0.00457764
-0.00488281
-0.00518799
-0.00579834
-0.00640869
-0.00671387
-0.00610352
-0.00488281
-0.00366211
-0.00274658
-0.00244141
-0.00183105
-0.00152588
-0.00183105
-0.00244141
-0.00244141
-0.00274658
-0.00335693
-0.00396729
-0.00427246
-0.00427246
-0.00366211
-0.00366211
-0.00396729
-0.00396729
-0.00396729
-0.00396729
-0.00366211
-0.00305176
-0.00274658
-0.00274658
-0.00244141
-0.00213623
-0.00213623
-0.00274658
-0.00305176
-0.00366211
-0.00396729
-0.00366211
-0.00305176
-0.00213623
-0.00061035
 0.00061035
 0.00122070
 0.00213623
 0.00305176
 0.00335693
 0.00366211
 0.00366211
 0.00366211
 0.00366211
 0.00366211
 0.00396729
 0.00488281
 0.00549316
 0.00579834
 0.00579834
 0.00549316
 0.00518799
 0.00549316
 0.00640869
 0.00732422
 0.00793457
 0.00762939
 0.00732422
 0.00732422
 0.00732422
 0.00732422
 0.00701904
 0.00701904
 0.00701904
 0.00671387
 0.00640869
 0.00640869
 0.00640869
 0.00671387
 0.00701904
 0.00701904
 0.00671387
 0.00640869
 0.00488281
 0.00427246
 0.00396729
 0.00335693
 0.00274658
 0.00152588
 0.00091553
 0.00091553
 0.00061035
 0.00000000
 0.00000000
 0.00030518
 0.00061035
 0.00030518
 0.00000000
 0.00000000
-0.00030518
-0.00030518
 0.00000000
 0.00030518
 0.00061035
 0.00030518
 0.00000000
-0.00030518
-0.00030518
-0.00030518
-0.00030518
 0.00030518
 0.00091553
 0.00183105
 0.00244141
 0.00244141
 0.00213623
 0.00152588
 0.00122070
 0.00122070
 0.00122070
 0.00152588
 0.00152588
 0.00122070
 0.00152588
 0.00213623
 0.00274658
 0.00305176
 0.00335693
 0.00366211
 0.00396729
 0.00366211
 0.00366211
 0.00335693
 0.00366211
 0.00366211
 0.00335693
 0.00274658
 0.00213623
 0.00152588
 0.00122070
 0.00091553
 0.00091553
 0.00091553
 0.00091553
 0.00122070
 0.00152588
 0.00122070
 0.00061035
 0.00000000
-0.00091553
-0.00183105
-0.00274658
-0.00335693
-0.00427246
-0.00427246
-0.00427246
-0.00457764
-0.00457764
-0.00427246
-0.00366211
-0.00305176
-0.00335693
-0.00366211
-0.00366211
-0.00366211
-0.00335693
-0.00366211
-0.00396729
-0.00396729
-0.00396729
-0.00396729
-0.00366211
-0.00305176
-0.00274658
-0.00274658
-0.00305176
-0.00274658
-0.00213623
-0.00152588
-0.00091553
-0.00091553
-0.00061035
-0.00030518
-0.00061035
-0.00091553
-0.00152588
-0.00213623
-0.00335693
-0.00366211
-0.00335693
-0.00213623
-0.00122070
-0.00061035
-0.00061035
-0.00122070
-0.00152588
-0.00152588
-0.00091553
-0.00122070
-0.00213623
-0.00244141
-0.00183105
-0.00183105
-0.00183105
-0.00244141
-0.00274658
-0.00244141
-0.00213623
-0.00213623
-0.00213623
-0.00213623
-0.00122070
 0.00030518
 0.00091553
 0.00091553
 0.00061035
 0.00030518
 0.00000000
-0.00061035
-0.00091553
-0.00122070
-0.00183105
-0.00152588
-0.00122070
-0.00122070
-0.00091553
 0.00000000
 0.00030518
 0.00030518
 0.00000000
-0.00030518
-0.00030518
-0.00030518
-0.00091553
-0.00091553
-0.00061035
-0.00061035
-0.00091553
-0.00091553
-0.00061035
 0.00000000
 0.00030518
 0.00061035
 0.00091553
 0.00152588
 0.00183105
 0.00213623
 0.00274658
 0.00274658
 0.00244141
 0.00244141
 0.00183105
 0.00183105
 0.00152588
 0.00183105
 0.00183105
 0.00213623
 0.00244141
 0.00305176
 0.00396729
 0.00457764
 0.00488281
 0.00427246
 0.00396729
 0.00335693
 0.00274658
 0.00213623
 0.00152588
 0.00122070
 0.00122070
 0.00122070
 0.00061035
 0.00000000
-0.00061035
-0.00061035
-0.00030518
 0.00000000
 0.00030518
 0.00030518
 0.00030518
 0.00030518
 0.00061035
 0.00030518
-0.00061035
-0.00152588
-0.00213623
-0.00213623
-0.00213623
-0.00244141
-0.00213623
-0.00183105
-0.00152588
-0.00122070
-0.00122070
-0.00091553
-0.00061035
-0.00122070
-0.00152588
-0.00183105
-0.00244141
-0.00274658
-0.00274658
-0.00213623
-0.00213623
-0.00213623
-0.00213623
-0.00183105
-0.00122070
-0.00091553
-0.00061035
-0.00030518
 0.00061035
 0.00091553
 0.00091553
 0.00061035
 0.00091553
 0.00152588
 0.00183105
 0.00183105
 0.00152588
 0.00122070
 0.00122070
 0.00213623
 0.00274658
 0.00366211
 0.00396729
 0.00366211
 0.00427246
 0.00396729
 0.00366211
 0.00366211
 0.00396729
 0.00335693
 0.00274658
 0.00244141
 0.00274658
 0.00274658
 0.00244141
 0.00152588
 0.00091553
 0.00122070
 0.00122070
 0.00152588
 0.00122070
 0.00091553
 0.00091553
 0.00061035
 0.00061035
 0.00030518
 0.00061035
 0.00061035
 0.00030518
-0.00061035
-0.00091553
-0.00091553
-0.00122070
-0.00122070
-0.00122070
-0.00091553
-0.00061035
 0.00000000
 0.00000000
 0.00000000
 0.00000000
-0.00061035
-0.00091553
-0.00061035
-0.00091553
-0.00091553
-0.00030518
 0.00000000
 0.00030518
 0.00061035
 0.00091553
 0.00091553
 0.00122070
 0.00152588
 0.00213623
 0.00305176
 0.00305176
 0.00274658
 0.00274658
 0.00335693
 0.00335693
 0.00305176
 0.00244141
 0.00244141
 0.00213623
 0.00213623
 0.00183105
 0.00122070
 0.00122070
 0.00152588
 0.00152588
 0.00122070
 0.00122070
 0.00122070
 0.00061035
 0.00000000
-0.00061035
-0.00091553
-0.00091553
-0.00183105
-0.00213623
-0.00213623
-0.00213623
-0.00183105
-0.00183105
-0.00244141
-0.00305176
-0.00305176
-0.00274658
-0.00244141
-0.00244141
-0.00274658
-0.00305176
-0.00274658
-0.00213623
-0.00183105
-0.00213623
-0.00274658
-0.00274658
-0.00305176
-0.00305176
-0.00274658
-0.00213623
-0.00152588
-0.00122070
-0.00122070
-0.00122070
-0.00122070
-0.00152588
-0.00122070
-0.00122070
-0.00152588
-0.00122070
-0.00061035
-0.00030518
-0.00030518
-0.00061035
-0.00091553
-0.00061035
 0.00000000
 0.00061035
 0.00091553
 0.00091553
 0.00061035
 0.00061035
 0.00091553
 0.00061035
 0.00091553
 0.00122070
 0.00122070
 0.00091553
 0.00061035
 0.00061035
 0.00091553
 0.00061035
 0.00061035
 0.00061035
 0.00030518
 0.00061035
 0.00122070
 0.00122070
 0.00061035
 0.00030518
 0.00030518
 0.00030518
-0.00030518
-0.00091553
-0.00091553
-0.00091553
-0.00091553
-0.00091553
-0.00091553
-0.00061035
-0.00030518
-0.00061035
-0.00061035
-0.00061035
 0.00000000
 0.00061035
 0.00061035
 0.00061035
 0.00061035
 0.00091553
 0.00091553
 0.00061035
 0.00091553
 0.00061035
 0.00030518
 0.00061035
 0.00091553
 0.00122070
 0.00091553
 0.00152588
 0.00183105
 0.00183105
 0.00091553
 0.00030518
 0.00000000
 0.00000000
 0.00000000
 0.00000000
 0.00000000
 0.00000000
-0.00030518
 0.00000000
 0.00030518
 0.00030518
 0.00000000
-0.00030518
-0.00030518
 0.00000000
 0.00030518
 0.00000000
-0.00061035
-0.00091553
-0.00091553
-0.00091553
-0.00091553
-0.00091553
-0.00091553
-0.00091553
-0.00091553
-0.00122070
-0.00122070
-0.00091553
-0.00061035
-0.00061035
-0.00091553
-0.00152588
-0.00183105
-0.00213623
-0.00213623
-0.00244141
-0.00274658
-0.00305176
-0.00335693
-0.00305176
-0.00305176
-0.00274658
-0.00213623
-0.00152588
-0.00152588
-0.00183105
-0.00244141
-0.00274658
-0.00244141
-0.00213623
-0.00213623
-0.00244141
-0.00305176
-0.00305176
-0.00305176
-0.00244141
-0.00213623
-0.00244141
-0.00274658
-0.00274658
-0.00213623
-0.00152588
-0.00152588
-0.00183105
-0.00152588
-0.00183105
-0.00213623
-0.00244141
-0.00244141
-0.00152588
-0.00122070
-0.00122070
-0.00122070
-0.00091553
-0.00091553
-0.00030518
-0.00061035
-0.00061035
-0.00061035
-0.00030518
 0.00000000
 0.00030518
 0.00030518
 0.00000000
 0.00030518
 0.00030518
 0.00030518
 0.00030518
 0.00061035
 0.00091553
 0.00122070
 0.00122070
 0.00091553
 0.00091553
 0.00061035
 0.00061035
 0.00061035
 0.00061035
 0.00061035
 0.00030518
 0.00030518
 0.00030518
 0.00091553
 0.00091553
 0.00091553
 0.00122070
 0.00122070
 0.00122070
 0.00122070
 0.00091553
 0.00061035
 0.00091553
 0.00061035
 0.00091553
 0.00122070
 0.00122070
 0.00122070
 0.00152588
 0.00183105
 0.00213623
 0.00244141
 0.00274658
 0.00244141
 0.00274658
 0.00305176
 0.00335693
 0.00274658
 0.00244141
 0.00244141
 0.00244141
 0.00274658
 0.00335693
 0.00305176
 0.00305176
 0.00335693
 0.00305176
 0.00335693
 0.00366211
 0.00366211
 0.00366211
 0.00366211
 0.00396729
 0.00396729
 0.00396729
 0.00396729
 0.00396729
 0.00366211
 0.00366211
 0.00366211
 0.00335693
 0.00335693
 0.00396729
 0.00396729
 0.00366211
 0.00366211
 0.00366211
 0.00335693
 0.00305176
 0.00274658
 0.00244141
 0.00244141
 0.00213623
 0.00183105
 0.00152588
 0.00122070
 0.00091553
 0.00030518
 0.00030518
 0.00000000
 0.00000000
 0.00030518
 0.00061035
 0.00030518
 0.00000000
 0.00000000
-0.00030518
-0.00030518
-0.00091553
-0.00091553
-0.00091553
-0.00091553
-0.00061035
-0.00030518
-0.00061035
-0.00061035
-0.00061035
-0.00091553
-0.00091553
-0.00061035
-0.00091553
-0.00122070
-0.00122070
-0.00091553
-0.00091553
-0.00091553
-0.00122070
-0.00152588
-0.00213623
-0.00183105
-0.00183105
-0.00152588
-0.00152588
-0.00183105
-0.00183105
-0.00213623
-0.00213623
-0.00274658
-0.00305176
-0.00274658
-0.00274658
-0.00274658
-0.00305176
-0.00366211
-0.00366211
-0.00335693
-0.00335693
-0.00335693
-0.00335693
-0.00335693
-0.00335693
-0.00335693
-0.00366211
-0.00366211
-0.00366211
-0.00396729
-0.00396729
-0.00396729
-0.00366211
-0.00427246
-0.00488281
-0.00488281
-0.00457764
-0.00427246
-0.00396729
-0.00396729
-0.00396729
-0.00396729
-0.00427246
-0.00427246
-0.00366211
-0.00274658
-0.00274658
-0.00335693
-0.00305176
-0.00274658
-0.00213623
-0.00213623
-0.00183105
-0.00152588
-0.00091553
-0.00061035
-0.00030518
-0.00030518
-0.00030518
 0.00000000
 0.00030518
 0.00061035
 0.00061035
 0.00091553
 0.00122070
 0.00183105
 0.00183105
 0.00152588
 0.00152588
 0.00152588
 0.00152588
 0.00122070
 0.00122070
 0.00152588
 0.00152588
 0.00122070
 0.00122070
 0.00152588
 0.00152588
 0.00122070
 0.00122070
 0.00122070
 0.00183105
 0.00213623
 0.00244141
 0.00244141
 0.00274658
 0.00274658
 0.00244141
 0.00244141
 0.00244141
 0.00274658
 0.00274658
 0.00274658
 0.00244141
 0.00213623
 0.00244141
 0.00244141
 0.00183105
 0.00152588
 0.00183105
 0.00213623
 0.00244141
 0.00213623
 0.00122070
 0.00122070
 0.00122070
 0.00122070
 0.00091553
 0.00091553
 0.00091553
 0.00061035
 0.00091553
 0.00122070
 0.00152588
 0.00152588
 0.00152588
 0.00152588
 0.00183105
 0.00183105
 0.00213623
 0.00244141
 0.00274658
 0.00244141
 0.00244141
 0.00183105
 0.00152588
 0.00122070
 0.00152588
 0.00183105
 0.00183105
 0.00213623
 0.00183105
 0.00183105
 0.00152588
 0.00122070
 0.00122070
 0.00152588
 0.00122070
 0.00061035
 0.00030518
 0.00061035
 0.00061035
 0.00030518
 0.00000000
 0.00000000
 0.00030518
 0.00061035
 0.00061035
 0.00061035
 0.00061035
 0.00091553
 0.00091553
 0.00061035
 0.00091553
 0.00091553
 0.00091553
 0.00061035
 0.00030518
-0.00030518
-0.00061035
-0.00061035
-0.00030518
-0.00030518
-0.00030518
-0.00030518
-0.00030518
-0.00030518
-0.00061035
-0.00122070
-0.00152588
-0.00122070
-0.00122070
-0.00152588
-0.00183105
-0.00213623
-0.00244141
-0.00213623
-0.00213623
-0.00183105
-0.00152588
-0.00122070
-0.00122070
-0.00122070
-0.00122070
-0.00091553
-0.00091553
-0.00061035
-0.00061035
-0.00091553
-0.00152588
-0.00152588
-0.00122070
-0.00122070
-0.00091553
-0.00091553
-0.00091553
-0.00122070
-0.00152588
-0.00122070
-0.00091553
-0.00091553
-0.00122070
-0.00122070
-0.00152588
-0.00183105
-0.00244141
-0.00244141
-0.00244141
-0.00244141
-0.00213623
-0.00213623
-0.00213623
-0.00213623
-0.00183105
-0.00183105
-0.00213623
-0.00183105
-0.00183105
-0.00183105
-0.00183105
-0.00183105
-0.00244141
-0.00274658
-0.00274658
-0.00274658
-0.00244141
-0.00244141
-0.00274658
-0.00244141
-0.00213623
-0.00213623
-0.00244141
-0.00244141
-0.00183105
-0.00183105
-0.00213623
-0.00244141
-0.00244141
-0.00244141
-0.00274658
-0.00274658
-0.00274658
-0.00244141
-0.00183105
-0.00122070
-0.00122070
-0.00091553
-0.00091553
-0.00091553
-0.00061035
-0.00030518
-0.00030518
 0.00030518
 0.00061035
 0.00061035
 0.00030518
 0.00030518
 0.00030518
 0.00030518
 0.00030518
 0.00030518
 0.00091553
 0.00091553
 0.00122070
 0.00091553
 0.00030518
 0.00030518
 0.00061035
 0.00061035
 0.00061035
 0.00030518
-0.00030518
 0.00000000
 0.00000000
 0.00000000
 0.00061035
 0.00091553
 0.00091553
 0.00091553
 0.00091553
 0.00061035
 0.00030518
 0.00061035
 0.00122070
 0.00152588
 0.00091553
 0.00030518
 0.00030518
 0.00091553
 0.00122070
 0.00122070
 0.00122070
 0.00122070
 0.00122070
 0.00152588
 0.00122070
 0.00152588
 0.00152588
 0.00152588
 0.00152588
 0.00122070
 0.00122070
 0.00122070
 0.00122070
 0.00091553
 0.00091553
 0.00122070
 0.00152588
 0.00183105
 0.00183105
 0.00152588
 0.00213623
 0.00213623
 0.00213623
 0.00183105
 0.00183105
 0.00152588
 0.00152588
 0.00183105
 0.00183105
 0.00213623
 0.00213623
 0.00213623
 0.00213623
 0.00244141
 0.00244141
 0.00244141
 0.00244141
 0.00213623
 0.00183105
 0.00183105
 0.00152588
 0.00152588
 0.00152588
 0.00152588
 0.00122070
 0.00061035
 0.00061035
 0.00061035
 0.00091553
 0.00091553
 0.00091553
 0.00122070
 0.00122070
 0.00091553
 0.00061035
 0.00061035
 0.00061035
 0.00091553
 0.00061035
 0.00061035
 0.00061035
 0.00091553
 0.00091553
 0.00122070
 0.00122070
 0.00122070
 0.00122070
 0.00091553
 0.00091553
 0.00122070
 0.00152588
 0.00152588
 0.00152588
 0.00122070
 0.00091553
 0.00061035
 0.00091553
 0.00061035
 0.00061035
 0.00091553
 0.00091553
 0.00061035
 0.00030518
 0.00030518
 0.00030518
 0.00061035
 0.00061035
 0.00061035
 0.00030518
 0.00000000
 0.00000000
-0.00030518
 0.00000000
 0.00030518
 0.00091553
 0.00122070
 0.00122070
 0.00122070
 0.00061035
 0.00061035
 0.00061035
 0.00091553
 0.00061035
 0.00000000
-0.00061035
-0.00030518
-0.00030518
 0.00000000
-0.00030518
-0.00061035
-0.00091553
-0.00091553
-0.00091553
-0.00122070
-0.00152588
-0.00183105
-0.00183105
-0.00152588
-0.00152588
-0.00183105
-0.00183105
-0.00213623
-0.00213623
-0.00213623
-0.00213623
-0.00244141
-0.00244141
-0.00183105
-0.00122070
-0.00122070
-0.00152588
-0.00152588
-0.00152588
-0.00183105
-0.00213623
-0.00244141
-0.00274658
-0.00274658
-0.00305176
-0.00274658
-0.00183105
-0.00183105
-0.00213623
-0.00213623
-0.00183105
-0.00213623
-0.00305176
-0.00305176
-0.00274658
-0.00244141
-0.00213623
-0.00244141
-0.00274658
-0.00274658
-0.00274658
-0.00213623
-0.00183105
-0.00183105
-0.00183105
-0.00152588
-0.00122070
-0.00122070
-0.00122070
-0.00122070
-0.00122070
-0.00122070
-0.00091553
-0.00091553
-0.00091553
-0.00091553
-0.00061035
-0.00061035
-0.00030518
-0.00030518
-0.00091553
-0.00122070
-0.00122070
-0.00061035
-0.00061035
-0.00091553
-0.00152588
-0.00122070
-0.00122070
-0.00061035
-0.00030518
-0.00030518
-0.00030518
-0.00030518
-0.00030518
 0.00000000
 0.00030518
 0.00000000
 0.00000000
 0.00000000
 0.00061035
 0.00061035
 0.00091553
 0.00091553
 0.00122070
 0.00152588
 0.00183105
 0.00183105
 0.00152588
 0.00122070
 0.00122070
 0.00122070
 0.00183105
 0.00213623
 0.00183105
 0.00183105
 0.00152588
 0.00152588
 0.00122070
 0.00091553
 0.00122070
 0.00152588
 0.00091553
 0.00061035
 0.00061035
 0.00122070
 0.00152588
 0.00152588
 0.00183105
 0.00152588
 0.00152588
 0.00152588
 0.00152588
 0.00122070
 0.00152588
 0.00183105
 0.00183105
 0.00152588
 0.00122070
 0.00122070
 0.00122070
 0.00091553
 0.00061035
 0.00030518
 0.00061035
 0.00061035
 0.00030518
 0.00030518
 0.00000000
-0.00030518
 0.00000000
-0.00030518
-0.00061035
-0.00091553
-0.00122070
-0.00122070
-0.00091553
-0.00061035
-0.00091553
-0.00091553
-0.00091553
-0.00091553
-0.00091553
-0.00091553
-0.00122070
-0.00122070
-0.00122070
-0.00091553
-0.00061035
-0.00061035
-0.00091553
-0.00122070
-0.00091553
-0.00091553
-0.00122070
-0.00152588
-0.00122070
-0.00152588
-0.00122070
-0.00091553
-0.00122070
-0.00152588
-0.00152588
-0.00152588
-0.00122070
-0.00152588
-0.00213623
-0.00244141
-0.00244141
-0.00213623
-0.00183105
-0.00152588
-0.00152588
-0.00122070
-0.00152588
-0.00152588
-0.00183105
-0.00183105
-0.00152588
-0.00122070
-0.00061035
-0.00061035
-0.00091553
-0.00122070
-0.00091553
-0.00030518
 0.00000000
 0.00000000
-0.00030518
-0.00030518
 0.00000000
-0.00030518
-0.00030518
-0.00091553
-0.00122070
-0.00091553
-0.00030518
-0.00030518
-0.00061035
-0.00091553
-0.00091553
-0.00061035
-0.00030518
 0.00000000
 0.00030518
 0.00030518
 0.00000000
 0.00030518
 0.00061035
 0.00122070
 0.00122070
 0.00122070
 0.00152588
 0.00183105
 0.00183105
 0.00213623
 0.00244141
 0.00274658
 0.00274658
 0.00244141
 0.00244141
 0.00274658
 0.00274658
 0.00244141
 0.00213623
 0.00183105
 0.00244141
 0.00274658
 0.00244141
 0.00213623
 0.00213623
 0.00244141
 0.00244141
 0.00213623
 0.00244141
 0.00274658
 0.00305176
 0.00274658
 0.00244141
 0.00274658
 0.00305176
 0.00274658
 0.00305176
 0.00305176
 0.00305176
 0.00305176
 0.00335693
 0.00335693
 0.00305176
 0.00305176
 0.00335693
 0.00305176
 0.00274658
 0.00305176
 0.00305176
 0.00274658
 0.00244141
 0.00244141
 0.00244141
 0.00244141
 0.00183105
 0.00122070
 0.00122070
 0.00122070
 0.00152588
 0.00152588
 0.00122070
 0.00091553
 0.00091553
 0.00091553
 0.00061035
 0.00030518
 0.00030518
 0.00030518
 0.00030518
 0.00030518
 0.00061035
 0.00061035
 0.00030518
 0.00000000
 0.00000000
 0.00000000
 0.00000000
 0.00030518
 0.00000000
 0.00000000
 0.00000000
 0.00000000
-0.00030518
-0.00091553
-0.00122070
-0.00152588
-0.00152588
-0.00152588
-0.00122070
-0.00122070
-0.00213623
-0.00213623
-0.00183105
-0.00213623
-0.00244141
-0.00213623
-0.00244141
-0.00244141
-0.00274658
-0.00244141
-0.00244141
-0.00274658
-0.00305176
-0.00274658
-0.00244141
-0.00274658
-0.00305176
-0.00274658
-0.00244141
-0.00213623
-0.00213623
-0.00274658
-0.00305176
-0.00305176
-0.00335693
-0.00366211
-0.00366211
-0.00396729
-0.00366211
-0.00305176
-0.00305176
-0.00305176
-0.00335693
-0.00335693
-0.00305176
-0.00305176
-0.00305176
-0.00366211
-0.00335693
-0.00335693
-0.00335693
-0.00335693
-0.00335693
-0.00335693
-0.00335693
-0.00305176
-0.00244141
-0.00213623
-0.00213623
-0.00213623
-0.00152588
-0.00152588
-0.00183105
-0.00183105
-0.00152588
-0.00152588
-0.00152588
-0.00152588
-0.00152588
-0.00122070
-0.00091553
-0.00091553
-0.00091553
-0.00091553
-0.00091553
-0.00091553
-0.00122070
-0.00122070
-0.00122070
-0.00122070
-0.00122070
-0.00122070
-0.00122070
-0.00122070
-0.00091553
-0.00091553
-0.00061035
 0.00000000
 0.00061035
 0.00030518
 0.00000000
 0.00000000
 0.00000000
 0.00000000
 0.00000000
 0.00000000
 0.00030518
 0.00061035
 0.00061035
 0.00091553
 0.00061035
 0.00091553
 0.00091553
 0.00091553
 0.00122070
 0.00122070
 0.00152588
 0.00122070
 0.00122070
 0.00091553
 0.00122070
 0.00152588
 0.00122070
 0.00061035
 0.00091553
 0.00122070
 0.00122070
 0.00122070
 0.00152588
 0.00183105
 0.00152588
 0.00152588
 0.00183105
 0.00183105
 0.00213623
 0.00213623
 0.00183105
 0.00152588
 0.00183105
 0.00213623
 0.00244141
 0.00244141
 0.00183105
 0.00152588
 0.00183105
 0.00183105
 0.00213623
 0.00183105
 0.00183105
 0.00183105
 0.00122070
 0.00061035
 0.00091553
 0.00091553
 0.00091553
 0.00061035
 0.00061035
 0.00061035
 0.00061035
 0.00091553
 0.00091553
 0.00061035
 0.00030518
 0.00061035
 0.00091553
 0.00061035
 0.00061035
 0.00091553
 0.00091553
 0.00061035
 0.00061035
 0.00000000
 0.00000000
 0.00030518
 0.00091553
 0.00091553
 0.00091553
 0.00061035
 0.00030518
 0.00030518
 0.00061035
 0.00061035
 0.00061035
-0.00030518
-0.00061035
-0.00030518
-0.00030518
-0.00030518
-0.00030518
-0.00061035
-0.00091553
-0.00091553
-0.00061035
-0.00030518
 0.00000000
 0.00000000
-0.00030518
 0.00000000
 0.00030518
 0.00000000
-0.00030518
 0.00000000
 0.00030518
 0.00000000
-0.00061035
-0.00091553
-0.00061035
 0.00000000
 0.00000000
 0.00000000
 0.00030518
 0.00061035
 0.00061035
 0.00030518
-0.00030518
-0.00030518
-0.00030518
-0.00030518
-0.00091553
-0.00091553
-0.00091553
-0.00091553
-0.00122070
-0.00122070
-0.00152588
-0.00122070
-0.00091553
-0.00091553
-0.00091553
-0.00122070
-0.00152588
-0.00152588
-0.00152588
-0.00122070
-0.00122070
-0.00122070
-0.00152588
-0.00213623
-0.00213623
-0.00183105
-0.00122070
-0.00091553
-0.00122070
-0.00091553
-0.00061035
-0.00122070
-0.00152588
-0.00152588
-0.00152588
-0.00152588
-0.00183105
-0.00183105
-0.00244141
-0.00244141
-0.00213623
-0.00183105
-0.00122070
-0.00152588
-0.00213623
-0.00213623
-0.00183105
-0.00152588
-0.00152588
-0.00122070
-0.00152588
-0.00183105
-0.00213623
-0.00183105
-0.00152588
-0.00152588
-0.00152588
-0.00122070
-0.00091553
-0.00091553
-0.00091553
-0.00061035
-0.00061035
-0.00091553
-0.00091553
-0.00091553
-0.00061035
-0.00091553
-0.00122070
-0.00152588
-0.00122070
-0.00122070
-0.00122070
-0.00122070
-0.00122070
-0.00091553
-0.00091553
-0.00122070
-0.00091553
-0.00030518
 0.00000000
-0.00030518
-0.00091553
-0.00122070
-0.00091553
-0.00030518
 0.00000000
-0.00061035
-0.00061035
-0.00030518
 0.00000000
 0.00061035
 0.00091553
 0.00091553
 0.00091553
 0.00091553
 0.00091553
 0.00091553
 0.00030518
 0.00030518
 0.00000000
 0.00000000
 0.00000000
 0.00030518
 0.00030518
 0.00000000
 0.00030518
 0.00030518
 0.00061035
 0.00091553
 0.00091553
 0.00122070
 0.00122070
 0.00091553
 0.00091553
 0.00091553
 0.00122070
 0.00122070
 0.00091553
 0.00061035
 0.00061035
 0.00061035
 0.00091553
 0.00091553
 0.00122070
 0.00091553
 0.00152588
 0.00183105
 0.00183105
 0.00152588
 0.00122070
 0.00091553
 0.00091553
 0.00091553
 0.00091553
 0.00061035
 0.00000000
 0.00000000
 0.00030518
 0.00061035
 0.00091553
 0.00122070
 0.00061035
 0.00091553
 0.00122070
 0.00122070
 0.00061035
 0.00030518
 0.00030518
 0.00030518
 0.00030518
 0.00030518
 0.00061035
 0.00061035
 0.00091553
 0.00091553
 0.00091553
 0.00091553
 0.00091553
 0.00061035
 0.00091553
 0.00122070
 0.00091553
 0.00091553
 0.00091553
 0.00122070
 0.00061035
 0.00030518
 0.00000000
 0.00000000
 0.00000000
 0.00030518
 0.00061035
 0.00091553
 0.00061035
 0.00030518
 0.00030518
 0.00000000
 0.00000000
 0.00000000
 0.00000000
-0.00030518
-0.00030518
-0.00030518
-0.00091553
-0.00091553
-0.00061035
-0.00061035
-0.00091553
-0.00061035
-0.00061035
-0.00030518
-0.00030518
-0.00030518
-0.00061035
-0.00061035
-0.00030518
-0.00061035
-0.00091553
-0.00122070
-0.00122070
-0.00152588
-0.00152588
-0.00183105
-0.00152588
-0.00183105
-0.00183105
-0.00213623
-0.00183105
-0.00183105
-0.00152588
-0.00183105
-0.00213623
-0.00213623
-0.00213623
-0.00213623
-0.00213623
-0.00244141
-0.00213623
-0.00183105
-0.00213623
-0.00244141
-0.00213623
-0.00183105
-0.00152588
-0.00183105
-0.00213623
-0.00213623
-0.00244141
-0.00274658
-0.00213623
-0.00183105
-0.00183105
-0.00152588
-0.00183105
-0.00244141
-0.00244141
-0.00244141
-0.00244141
-0.00244141
-0.00213623
-0.00183105
-0.00183105
-0.00244141
-0.00244141
-0.00213623
-0.00213623
-0.00213623
-0.00244141
-0.00274658
-0.00244141
-0.00183105
-0.00152588
-0.00152588
-0.00152588
-0.00122070
-0.00122070
-0.00122070
-0.00122070
-0.00122070
-0.00091553
-0.00061035
-0.00061035
-0.00091553
-0.00091553
-0.00091553
-0.00091553
-0.00122070
-0.00091553
-0.00061035
-0.00061035
-0.00061035
-0.00091553
-0.00122070
-0.00152588
-0.00122070
-0.00091553
-0.00030518
-0.00030518
-0.00030518
-0.00030518
-0.00030518
 0.00000000
 0.00030518
 0.00000000
-0.00030518
 0.00030518
 0.00061035
 0.00061035
 0.00091553
 0.00061035
 0.00030518
 0.00061035
 0.00091553
 0.00091553
 0.00091553
 0.00091553
 0.00091553
 0.00091553
 0.00091553
 0.00091553
 0.00091553
 0.00091553
 0.00122070
 0.00091553
 0.00091553
 0.00091553
 0.00122070
 0.00152588
 0.00152588
 0.00122070
 0.00091553
 0.00061035
 0.00091553
 0.00122070
 0.00152588
 0.00152588
 0.00091553
 0.00091553
 0.00061035
 0.00122070
 0.00152588
 0.00122070
 0.00091553
 0.00030518
 0.00061035
 0.00091553
 0.00152588
 0.00152588
 0.00152588
 0.00122070
 0.00122070
 0.00152588
 0.00152588
 0.00152588
 0.00122070
 0.00061035
 0.00000000
 0.00000000
 0.00030518
 0.00030518
 0.00030518
 0.00061035
 0.00061035
 0.00030518
 0.00030518
 0.00030518
 0.00000000
 0.00030518
 0.00030518
 0.00000000
 0.00000000
 0.00000000
 0.00000000
-0.00030518
-0.00030518
 0.00000000
 0.00030518
 0.00000000
-0.00030518
-0.00030518
 0.00000000
-0.00030518
 0.00000000
 0.00000000
 0.00000000
 0.00000000
 0.00000000
 0.00000000
 0.00000000
-0.00061035
-0.00091553
-0.00091553
-0.00091553
-0.00091553
-0.00061035
-0.00091553
-0.00122070
-0.00091553
-0.00122070
-0.00091553
-0.00061035
-0.00061035
-0.00061035
-0.00091553
-0.00061035
-0.00061035
-0.00091553
-0.00122070
-0.00122070
-0.00122070
-0.00122070
-0.00061035
-0.00030518
-0.00030518
-0.00030518
-0.00030518
-0.00030518
-0.00061035
-0.00061035
-0.00061035
-0.00061035
-0.00061035
-0.00091553
-0.00122070
-0.00122070
-0.00091553
-0.00061035
-0.00091553
-0.00091553
-0.00091553
-0.00061035
-0.00030518
-0.00030518
-0.00030518
-0.00030518
-0.00030518
 0.00000000
 0.00000000
 0.00000000
-0.00030518
 0.00000000
 0.00030518
 0.00061035
 0.00030518
 0.00000000
 0.00000000
 0.00061035
 0.00061035
 0.00000000
 0.00000000
 0.00030518
 0.00030518
 0.00000000
 0.00000000
 0.00000000
-0.00030518
-0.00061035
-0.00061035
-0.00030518
-0.00030518
 0.00000000
 0.00000000
 0.00000000
-0.00030518
 0.00000000
 0.00000000
-0.00030518
-0.00030518
 0.00000000
 0.00061035
 0.00061035
 0.00061035
 0.00061035
 0.00030518
 0.00030518
 0.00030518
 0.00030518
 0.00030518
 0.00030518
 0.00030518
 0.00030518
 0.00030518
 0.00061035
 0.00061035
 0.00061035
 0.00061035
 0.00030518
 0.00000000
-0.00030518
-0.00061035
-0.00030518
-0.00030518
-0.00030518
-0.00061035
-0.00061035
-0.00030518
-0.00030518
-0.00030518
-0.00061035
-0.00061035
-0.00061035
-0.00061035
-0.00091553
-0.00091553
-0.00122070
-0.00091553
-0.00061035
-0.00030518
-0.00061035
-0.00091553
-0.00091553
-0.00091553
-0.00061035
-0.00061035
-0.00061035
-0.00091553
-0.00061035
-0.00091553
-0.00091553
-0.00091553
-0.00122070
-0.00122070
-0.00091553
-0.00122070
-0.00122070
-0.00122070
-0.00122070
-0.00122070
-0.00122070
-0.00122070
-0.00091553
-0.00091553
-0.00152588
-0.00183105
-0.00213623
-0.00183105
-0.00152588
-0.00152588
-0.00183105
-0.00183105
-0.00183105
-0.00152588
-0.00122070
-0.00122070
-0.00183105
-0.00213623
-0.00213623
-0.00183105
-0.00122070
-0.00122070
-0.00152588
-0.00183105
-0.00183105
-0.00183105
-0.00183105
-0.00244141
-0.00244141
-0.00213623
-0.00183105
-0.00152588
-0.00183105
-0.00183105
-0.00213623
-0.00183105
-0.00152588
-0.00122070
-0.00152588
-0.00183105
-0.00183105
-0.00152588
-0.00152588
-0.00183105
-0.00244141
-0.00183105
-0.00122070
-0.00091553
-0.00122070
-0.00152588
-0.00152588
-0.00122070
-0.00122070
-0.00091553
-0.00091553
-0.00122070
-0.00122070
-0.00122070
-0.00122070
-0.00122070
-0.00091553
-0.00122070
-0.00152588
-0.00122070
-0.00061035
-0.00061035
-0.00122070
-0.00091553
-0.00061035
-0.00091553
-0.00122070
-0.00122070
-0.00091553
-0.00091553
-0.00091553
-0.00091553
-0.00061035
-0.00061035
-0.00030518
-0.00030518
-0.00030518
 0.00000000
 0.00030518
 0.00030518
 0.00000000
 0.00000000
 0.00000000
 0.00030518
 0.00030518
 0.00061035
 0.00030518
 0.00000000
 0.00000000
 0.00091553
 0.00122070
 0.00122070
 0.00091553
 0.00091553
 0.00091553
 0.00030518
 0.00030518
 0.00091553
 0.00061035
 0.00061035
 0.00061035
 0.00091553
 0.00122070
 0.00122070
 0.00122070
 0.00122070
 0.00152588
 0.00183105
 0.00152588
 0.00152588
 0.00152588
 0.00122070
 0.00091553
 0.00122070
 0.00152588
 0.00122070
 0.00122070
 0.00152588
 0.00152588
 0.00152588
 0.00152588
 0.00183105
 0.00213623
 0.00213623
 0.00183105
 0.00152588
 0.00122070
 0.00091553
 0.00061035
 0.00061035
 0.00091553
 0.00152588
 0.00122070
 0.00061035
 0.00061035
 0.00091553
 0.00122070
 0.00152588
 0.00152588
 0.00122070
 0.00122070
 0.00122070
 0.00122070
 0.00122070
 0.00061035
 0.00030518
 0.00030518
 0.00030518
 0.00091553
 0.00122070
 0.00122070
 0.00091553
 0.00061035
 0.00030518
 0.00061035
 0.00091553
 0.00061035
 0.00030518
 0.00030518
 0.00030518
 0.00030518
 0.00030518
 0.00000000
-0.00030518
-0.00061035
-0.00030518
 0.00000000
 0.00000000
-0.00030518
-0.00030518
-0.00030518
-0.00030518
-0.00030518
 0.00000000
-0.00030518
-0.00030518
-0.00030518
-0.00030518
-0.00061035
-0.00091553
-0.00061035
-0.00030518
-0.00061035
-0.00030518
-0.00030518
-0.00061035
-0.00122070
-0.00122070
-0.00091553
-0.00030518
 0.00000000
-0.00061035
-0.00122070
-0.00152588
-0.00091553
-0.00061035
-0.00091553
-0.00091553
-0.00061035
-0.00061035
-0.00091553
-0.00122070
-0.00091553
-0.00061035
-0.00061035
-0.00061035
-0.00061035
-0.00091553
-0.00091553
-0.00122070
-0.00122070
-0.00061035
-0.00061035
-0.00091553
-0.00122070
-0.00152588
-0.00152588
-0.00122070
-0.00091553
-0.00091553
-0.00122070
-0.00122070
-0.00122070
-0.00122070
-0.00122070
-0.00152588
-0.00183105
-0.00183105
-0.00183105
-0.00152588
-0.00183105
-0.00213623
-0.00183105
-0.00152588
-0.00152588
-0.00152588
-0.00183105
-0.00183105
-0.00152588
-0.00152588
-0.00152588
-0.00122070
-0.00183105
-0.00213623
-0.00213623
-0.00213623
-0.00152588
-0.00091553
-0.00122070
-0.00122070
-0.00122070
-0.00122070
-0.00122070
-0.00152588
-0.00122070
-0.00091553
-0.00122070
-0.00152588
-0.00152588
-0.00152588
-0.00122070
-0.00091553
-0.00122070
-0.00152588
-0.00152588
-0.00152588
-0.00122070
-0.00091553
-0.00091553
-0.00122070
-0.00091553
-0.00091553
-0.00091553
-0.00091553
-0.00152588
-0.00152588
-0.00152588
-0.00091553
-0.00061035
-0.00061035
-0.00091553
-0.00122070
-0.00091553
-0.00061035
 0.00000000
-0.00030518
-0.00091553
-0.00091553
-0.00091553
-0.00030518
-0.00061035
-0.00061035
-0.00030518
-0.00030518
-0.00061035
-0.00061035
-0.00061035
-0.00061035
-0.00091553
-0.00091553
-0.00030518
 0.00000000
-0.00030518
-0.00061035
-0.00061035
-0.00061035
-0.00030518
-0.00030518
-0.00061035
-0.00061035
-0.00030518
 0.00000000
 0.00030518
-0.00030518
-0.00061035
-0.00061035
-0.00061035
-0.00061035
 0.00000000
 0.00030518
 0.00061035
 0.00061035
 0.00000000
-0.00030518
-0.00030518
 0.00000000
 0.00000000
-0.00030518
 0.00000000
 0.00030518
 0.00030518
 0.00030518
-0.00030518
-0.00030518
 0.00000000
 0.00030518
 0.00000000
-0.00030518
-0.00030518
 0.00000000
 0.00000000
 0.00000000
 0.00000000
-0.00030518
-0.00030518
 0.00000000
 0.00000000
 0.00000000
 0.00000000
 0.00030518
 0.00000000
 0.00000000
-0.00030518
-0.00030518
 0.00000000
 0.00030518
 0.00000000
-0.00030518
-0.00030518
-0.00030518
-0.00030518
-0.00030518
-0.00030518
-0.00061035
-0.00061035
 0.00000000
 0.00000000
 0.00000000
-0.00030518
-0.00030518
-0.00030518
-0.00030518
-0.00030518
-0.00061035
-0.00091553
-0.00091553
-0.00061035
-0.00030518
-0.00061035
-0.00061035
-0.00030518
 0.00000000
 0.00000000
-0.00061035
-0.00061035
-0.00061035
-0.00030518
 0.00000000
 0.00030518
 0.00000000
-0.00061035
-0.00091553
-0.00061035
-0.00030518
 0.00000000
 0.00000000
 0.00000000
 0.00000000
-0.00030518
-0.00030518
 0.00030518
 0.00030518
 0.00030518
 0.00000000
 0.00000000
-0.00030518
 0.00000000
-0.00030518
-0.00030518
 0.00000000
 0.00000000
 0.00000000
 0.00000000
 0.00000000
-0.00030518
-0.00061035
 0.00000000
 0.00000000
 0.00030518
 0.00000000
 0.00000000
-0.00030518
-0.00061035
-0.00030518
-0.00030518
 0.00030518
 0.00030518
-0.00030518
-0.00091553
-0.00061035
-0.00061035
-0.00061035
-0.00030518
-0.00030518
-0.00030518
-0.00030518
 0.00000000
-0.00030518
-0.00061035
-0.00091553
-0.00091553
-0.00061035
-0.00061035
-0.00030518
-0.00030518
-0.00061035
-0.00122070
-0.00122070
-0.00061035
-0.00030518
-0.00061035
-0.00091553
-0.00091553
-0.00061035
-0.00061035
-0.00091553
-0.00122070
-0.00122070
-0.00122070
-0.00091553
-0.00122070
-0.00122070
-0.00152588
-0.00122070
-0.00091553
-0.00122070
-0.00122070
-0.00122070
-0.00061035
-0.00061035
-0.00061035
-0.00061035
-0.00061035
-0.00091553
-0.00122070
-0.00122070
-0.00122070
-0.00091553
-0.00091553
-0.00122070
-0.00091553
-0.00061035
-0.00061035
-0.00061035
-0.00091553
-0.00091553
-0.00091553
-0.00091553
-0.00122070
-0.00091553
-0.00030518
-0.00061035
-0.00091553
-0.00091553
-0.00061035
-0.00030518
 0.00000000
-0.00030518
 0.00000000
-0.00030518
-0.00061035
-0.00091553
-0.00061035
-0.00030518
 0.00000000
 0.00000000
-0.00030518
-0.00030518
 0.00000000
-0.00030518
-0.00030518
-0.00030518
 0.00000000
 0.00061035
 0.00091553
 0.00030518
-0.00030518
 0.00000000
 0.00030518
 0.00000000
-0.00030518
 0.00000000
 0.00000000
 0.00000000
 0.00030518
 0.00030518
 0.00061035
 0.00061035
 0.00061035
 0.00061035
 0.00061035
 0.00030518
 0.00000000
 0.00061035
 0.00061035
 0.00030518
 0.00030518
 0.00030518
 0.00030518
 0.00061035
 0.00061035
 0.00030518
 0.00000000
 0.00000000
 0.00030518
 0.00061035
 0.00030518
 0.00030518
 0.00000000
 0.00030518
 0.00030518
 0.00030518
 0.00030518
 0.00030518
 0.00030518
 0.00000000
 0.00000000
 0.00030518
 0.00061035
 0.00091553
 0.00061035
 0.00000000
 0.00030518
 0.00061035
 0.00061035
 0.00091553
 0.00030518
-0.00030518
 0.00000000
 0.00030518
-0.00030518
-0.00061035
-0.00061035
-0.00030518
-0.00030518
-0.00030518
-0.00030518
-0.00030518
 0.00000000
-0.00030518
-0.00091553
-0.00091553
-0.00122070
-0.00122070
-0.00091553
-0.00061035
-0.00061035
-0.00061035
-0.00030518
-0.00061035
-0.00091553
-0.00122070
-0.00091553
-0.00061035
-0.00061035
-0.00061035
-0.00061035
-0.00061035
-0.00091553
-0.00122070
-0.00122070
-0.00122070
-0.00152588
-0.00152588
-0.00152588
-0.00122070
-0.00091553
-0.00122070
-0.00122070
-0.00122070
-0.00122070
-0.00152588
-0.00183105
-0.00183105
-0.00183105
-0.00152588
-0.00091553
-0.00091553
-0.00122070
-0.00183105
-0.00183105
-0.00183105
-0.00122070
-0.00152588
-0.00152588
-0.00122070
-0.00122070
-0.00152588
-0.00183105
-0.00183105
-0.00183105
-0.00152588
-0.00122070
-0.00152588
-0.00152588
-0.00122070
-0.00122070
-0.00122070
-0.00122070
-0.00122070
-0.00152588
-0.00152588
-0.00122070
-0.00122070
-0.00122070
-0.00122070
-0.00122070
-0.00122070
-0.00122070
-0.00122070
-0.00122070
-0.00122070
-0.00122070
-0.00091553
-0.00061035
-0.00091553
-0.00061035
-0.00091553
-0.00091553
-0.00091553
-0.00122070
-0.00122070
-0.00091553
-0.00030518
-0.00030518
-0.00030518
-0.00061035
-0.00091553
-0.00091553
-0.00030518
-0.00061035
-0.00091553
-0.00091553
-0.00061035
-0.00061035
-0.00061035
-0.00091553
-0.00091553
-0.00061035
-0.00061035
-0.00091553
-0.00061035
-0.00061035
-0.00061035
-0.00061035
-0.00061035
-0.00030518
-0.00030518
 0.00000000
 0.00000000
 0.00000000
-0.00030518
-0.00030518
-0.00030518
-0.00030518
-0.00061035
-0.00061035
-0.00061035
-0.00030518
 0.00000000
 0.00000000
 0.00000000
-0.00030518
-0.00030518
-0.00061035
-0.00061035
-0.00061035
-0.00061035
-0.00061035
-0.00061035
-0.00061035
-0.00061035
-0.00061035
 0.00000000
 0.00030518
 0.00030518
 0.00030518
-0.00030518
-0.00030518
-0.00030518
 0.00030518
 0.00000000
-0.00030518
-0.00030518
-0.00030518
 0.00000000
-0.00030518
 0.00000000
 0.00000000
 0.00000000
-0.00030518
-0.00030518
-0.00061035
-0.00091553
-0.00061035
-0.00061035
-0.00030518
-0.00061035
-0.00091553
-0.00091553
-0.00030518
-0.00030518
-0.00091553
-0.00030518
-0.00030518
 0.00000000
 0.00000000
-0.00030518
-0.00030518
 0.00000000
 0.00000000
-0.00030518
-0.00061035
-0.00091553
-0.00091553
-0.00030518
 0.00000000
 0.00030518
 0.00030518
-0.00030518
-0.00030518
-0.00061035
-0.00061035
-0.00061035
 0.00000000
 0.00000000
 0.00000000
-0.00030518
-0.00091553
-0.00091553
-0.00091553
-0.00091553
 0.00000000
 0.00030518
 0.00000000
-0.00030518
-0.00061035
-0.00061035
-0.00030518
 0.00000000
 0.00000000
 0.00000000
-0.00030518
-0.00030518
 0.00000000
 0.00030518
 0.00030518
 0.00000000
-0.00030518
 0.00000000
 0.00030518
 0.00000000
 0.00000000
 0.00000000
 0.00000000
 0.00030518
 0.00030518
 0.00061035
 0.00061035
 0.00030518
 0.00030518
 0.00000000
 0.00030518
 0.00030518
 0.00030518
 0.00030518
 0.00030518
 0.00061035
 0.00061035
 0.00061035
 0.00091553
 0.00091553
 0.00091553
 0.00061035
 0.00091553
 0.00091553
 0.00061035
 0.00030518
 0.00061035
 0.00091553
 0.00091553
 0.00061035
 0.00091553
 0.00091553
 0.00091553
 0.00091553
 0.00122070
 0.00122070
 0.00091553
 0.00061035
 0.00061035
 0.00030518
 0.00061035
 0.00030518
 0.00030518
 0.00030518
 0.00061035
 0.00091553
 0.00091553
 0.00030518
 0.00061035
 0.00122070
 0.00122070
 0.00091553
 0.00061035
 0.00030518
 0.00030518
 0.00030518
 0.00061035
 0.00091553
 0.00091553
 0.00061035
 0.00030518
 0.00000000
 0.00000000
 0.00061035
 0.00091553
 0.00061035
 0.00030518
 0.00030518
 0.00000000
 0.00030518
 0.00030518
 0.00030518
 0.00000000
 0.00030518
 0.00030518
 0.00000000
 0.00000000
-0.00030518
-0.00061035
-0.00061035
-0.00030518
 0.00000000
 0.00000000
 0.00000000
 0.00000000
-0.00061035
-0.00030518
-0.00061035
-0.00061035
-0.00061035
-0.00061035
-0.00030518
-0.00030518
-0.00061035
-0.00152588
-0.00152588
-0.00122070
-0.00061035
-0.00061035
-0.00091553
-0.00122070
-0.00122070
-0.00061035
-0.00030518
-0.00061035
-0.00091553
-0.00061035
-0.00091553
-0.00061035
-0.00091553
-0.00122070
-0.00152588
-0.00122070
-0.00091553
-0.00091553
-0.00091553
-0.00091553
-0.00030518
-0.00061035
-0.00122070
-0.00122070
-0.00091553
-0.00091553
-0.00091553
-0.00122070
-0.00152588
-0.00152588
-0.00152588
-0.00122070
-0.00091553
-0.00152588
-0.00183105
-0.00152588
-0.00091553
-0.00091553
-0.00122070
-0.00122070
-0.00122070
-0.00091553
-0.00091553
-0.00122070
-0.00122070
-0.00152588
-0.00213623
-0.00213623
-0.00183105
-0.00122070
-0.00122070
-0.00152588
-0.00213623
-0.00183105
-0.00122070
-0.00091553
-0.00122070
-0.00122070
-0.00122070
-0.00122070
-0.00091553
-0.00091553
-0.00122070
-0.00122070
-0.00122070
-0.00122070
-0.00122070
-0.00091553
-0.00061035
-0.00030518
-0.00061035
-0.00091553
-0.00091553
-0.00091553
-0.00091553
-0.00061035
-0.00030518
-0.00030518
-0.00061035
-0.00091553
-0.00091553
-0.00091553
-0.00091553
-0.00091553
-0.00091553
-0.00091553
-0.00091553
-0.00061035
-0.00061035
-0.00061035
-0.00091553
-0.00030518
 0.00000000
 0.00000000
-0.00061035
-0.00122070
-0.00091553
-0.00091553
-0.00061035
-0.00061035
-0.00091553
-0.00091553
-0.00030518
-0.00061035
-0.00061035
-0.00061035
-0.00030518
 0.00000000
-0.00030518
-0.00061035
-0.00061035
-0.00030518
-0.00030518
-0.00030518
-0.00061035
-0.00061035
-0.00061035
-0.00030518
-0.00030518
 0.00000000
 0.00000000
 0.00030518
 0.00030518
 0.00030518
 0.00061035
 0.00091553
 0.00091553
 0.00030518
 0.00000000
 0.00061035
 0.00091553
 0.00091553
 0.00061035
 0.00061035
 0.00061035
 0.00061035
 0.00061035
 0.00091553
 0.00061035
 0.00061035
 0.00091553
 0.00091553
 0.00091553
 0.00061035
 0.00061035
 0.00091553
 0.00091553
 0.00030518
 0.00000000
 0.00061035
 0.00091553
 0.00091553
 0.00061035
 0.00030518
 0.00061035
 0.00030518
 0.00061035
 0.00091553
 0.00091553
 0.00122070
 0.00091553
 0.00061035
 0.00030518
 0.00061035
 0.00122070
 0.00122070
 0.00091553
 0.00091553
 0.00091553
 0.00122070
 0.00183105
 0.00183105
 0.00122070
 0.00122070
 0.00122070
 0.00122070
 0.00091553
 0.00061035
 0.00061035
 0.00091553
 0.00152588
 0.00183105
 0.00122070
 0.00091553
 0.00061035
 0.00061035
 0.00091553
 0.00091553
 0.00122070
 0.00091553
 0.00061035
 0.00061035
 0.00061035
 0.00030518
 0.00030518
 0.00061035
 0.00091553
 0.00122070
 0.00091553
 0.00061035
 0.00091553
 0.00152588
 0.00183105
 0.00122070
 0.00091553
 0.00091553
 0.00122070
 0.00091553
 0.00030518
 0.00030518
 0.00091553
 0.00122070
 0.00061035
 0.00061035
 0.00030518
 0.00061035
 0.00091553
 0.00091553
 0.00061035
 0.00030518
 0.00061035
 0.00061035
 0.00030518
 0.00000000
 0.00000000
 0.00000000
 0.00030518
 0.00030518
 0.00030518
 0.00000000
-0.00030518
 0.00000000
 0.00030518
 0.00000000
 0.00000000
-0.00061035
-0.00030518
 0.00000000
 0.00030518
 0.00000000
-0.00061035
-0.00061035
-0.00091553
-0.00091553
-0.00061035
-0.00030518
-0.00030518
-0.00061035
-0.00061035
-0.00091553
-0.00091553
-0.00091553
-0.00091553
-0.00091553
-0.00091553
-0.00091553
-0.00091553
-0.00091553
-0.00091553
-0.00091553
-0.00122070
-0.00122070
-0.00152588
-0.00152588
-0.00122070
-0.00061035
-0.00061035
-0.00091553
-0.00091553
-0.00122070
-0.00122070
-0.00091553
-0.00091553
-0.00122070
-0.00122070
-0.00122070
-0.00091553
-0.00091553
-0.00122070
-0.00091553
-0.00091553
-0.00091553
-0.00091553
-0.00061035
-0.00061035
-0.00091553
-0.00091553
-0.00091553
-0.00091553
-0.00122070
-0.00122070
-0.00122070
-0.00122070
-0.00122070
-0.00091553
-0.00091553
-0.00030518
-0.00030518
-0.00091553
-0.00122070
-0.00122070
-0.00091553
-0.00061035
-0.00061035
-0.00091553
-0.00091553
-0.00061035
-0.00061035
-0.00091553
-0.00091553
-0.00122070
-0.00091553
-0.00061035
-0.00030518
-0.00061035
-0.00061035
-0.00061035
-0.00030518
-0.00030518
-0.00061035
-0.00061035
-0.00091553
-0.00061035
-0.00030518
 0.00000000
 0.00000000
-0.00030518
-0.00061035
-0.00061035
-0.00061035
-0.00061035
-0.00030518
-0.00030518
 0.00000000
 0.00030518
 0.00030518
 0.00000000
 0.00000000
 0.00000000
 0.00030518
 0.00061035
 0.00061035
 0.00061035
 0.00000000
-0.00030518
-0.00030518
 0.00000000
 0.00061035
 0.00091553
 0.00091553
 0.00061035
 0.00061035
 0.00030518
 0.00061035
 0.00061035
 0.00122070
 0.00122070
 0.00061035
 0.00030518
 0.00091553
 0.00122070
 0.00061035
 0.00061035
 0.00061035
 0.00091553
 0.00061035
 0.00091553
 0.00091553
 0.00091553
 0.00061035
 0.00061035
 0.00030518
 0.00061035
 0.00091553
 0.00152588
 0.00122070
 0.00061035
 0.00000000
 0.00000000
 0.00000000
 0.00030518
 0.00061035
 0.00091553
 0.00061035
 0.00030518
 0.00000000
 0.00000000
 0.00061035
 0.00061035
 0.00030518
-0.00030518
-0.00061035
-0.00030518
 0.00000000
-0.00030518
 0.00000000
 0.00030518
 0.00030518
 0.00030518
 0.00061035
 0.00030518
 0.00000000
 0.00000000
 0.00000000
-0.00061035
-0.00061035
-0.00030518
-0.00030518
-0.00030518
-0.00061035
-0.00061035
-0.00091553
-0.00091553
-0.00091553
-0.00091553
-0.00091553
-0.00061035
-0.00091553
-0.00091553
-0.00061035
-0.00091553
-0.00122070
-0.00122070
-0.00122070
-0.00091553
-0.00091553
-0.00122070
-0.00122070
-0.00061035
-0.00061035
-0.00091553
-0.00122070
-0.00091553
-0.00061035
-0.00061035
-0.00061035
-0.00091553
-0.00091553
-0.00091553
-0.00030518
-0.00030518
-0.00030518
-0.00030518
 0.00000000
-0.00030518
-0.00030518
-0.00030518
-0.00030518
-0.00091553
-0.00091553
-0.00091553
-0.00091553
-0.00061035
-0.00030518
-0.00030518
-0.00091553
-0.00091553
-0.00091553
-0.00061035
 0.00000000
 0.00030518
 0.00000000
 0.00000000
-0.00030518
-0.00030518
-0.00030518
-0.00030518
-0.00030518
-0.00061035
-0.00061035
-0.00030518
 0.00000000
 0.00030518
 0.00030518
 0.00061035
 0.00061035
 0.00061035
 0.00030518
 0.00000000
 0.00000000
 0.00000000
 0.00000000
 0.00000000
 0.00000000
 0.00000000
 0.00030518
 0.00061035
 0.00030518
-0.00030518
-0.00061035
 0.00000000
 0.00061035
 0.00061035
 0.00030518
 0.00030518
 0.00061035
 0.00091553
 0.00091553
 0.00061035
 0.00030518
 0.00091553
 0.00152588
 0.00091553
 0.00030518
 0.00000000
 0.00000000
 0.00091553
 0.00091553
 0.00091553
 0.00091553
 0.00061035
 0.00030518
 0.00000000
 0.00061035
 0.00122070
 0.00122070
 0.00061035
 0.00030518
 0.00030518
 0.00061035
 0.00030518
 0.00061035
 0.00061035
 0.00061035
 0.00061035
 0.00030518
 0.00030518
 0.00061035
 0.00091553
 0.00030518
 0.00000000
 0.00000000
 0.00030518
 0.00061035
 0.00030518
 0.00000000
 0.00030518
 0.00030518
 0.00030518
 0.00030518
 0.00061035
 0.00061035
 0.00061035
 0.00030518
 0.00030518
 0.00000000
 0.00061035
 0.00061035
 0.00061035
 0.00061035
 0.00030518
 0.00000000
 0.00000000
 0.00000000
 0.00030518
 0.00030518
 0.00000000
 0.00000000
 0.00000000
 0.00000000
 0.00000000
 0.00030518
 0.00030518
 0.00000000
-0.00030518
-0.00061035
-0.00030518
 0.00000000
-0.00030518
-0.00030518
 0.00000000
 0.00030518
 0.00030518
 0.00000000
 0.00000000
 0.00000000
-0.00030518
-0.00030518
 0.00000000
 0.00000000
 0.00000000
 0.00000000
-0.00030518
-0.00030518
-0.00030518
-0.00030518
-0.00091553
-0.00091553
-0.00061035
-0.00061035
-0.00030518
-0.00030518
 0.00000000
 0.00000000
-0.00030518
-0.00061035
-0.00061035
-0.00061035
-0.00061035
-0.00030518
-0.00030518
-0.00030518
-0.00030518
-0.00030518
-0.00061035
-0.00061035
-0.00061035
-0.00061035
-0.00061035
-0.00061035
-0.00030518
-0.00030518
-0.00030518
-0.00030518
-0.00030518
-0.00061035
-0.00061035
-0.00061035
-0.00030518
-0.00030518
-0.00030518
 0.00000000
 0.00000000
-0.00030518
-0.00030518
-0.00030518
-0.00030518
-0.00091553
-0.00091553
-0.00061035
-0.00030518
 0.00000000
 0.00000000
-0.00030518
-0.00061035
-0.00030518
 0.00030518
 0.00061035
 0.00091553
 0.00061035
 0.00030518
 0.00030518
 0.00061035
 0.00061035
 0.00061035
 0.00061035
 0.00061035
 0.00061035
 0.00061035
 0.00030518
 0.00030518
 0.00030518
 0.00030518
 0.00030518
 0.00030518
 0.00061035
 0.00091553
 0.00091553
 0.00061035
 0.00061035
 0.00061035
 0.00061035
 0.00030518
 0.00030518
 0.00061035
 0.00061035
 0.00061035
 0.00061035
 0.00061035
 0.00000000
-0.00030518
 0.00000000
 0.00030518
 0.00061035
 0.00091553
 0.00091553
 0.00061035
 0.00000000
-0.00030518
 0.00000000
 0.00000000
-0.00030518
-0.00061035
-0.00030518
-0.00030518
-0.00030518
-0.00030518
 0.00000000
-0.00061035
-0.00091553
-0.00061035
 0.00000000
 0.00000000
-0.00030518
 0.00000000
 0.00000000
-0.00030518
-0.00061035
-0.00030518
 0.00000000
-0.00030518
-0.00030518
-0.00061035
-0.00091553
-0.00091553
-0.00061035
-0.00030518
-0.00061035
-0.00061035
-0.00030518
-0.00030518
-0.00061035
-0.00091553
-0.00091553
-0.00061035
-0.00061035
-0.00061035
-0.00061035
-0.00061035
-0.00122070
-0.00122070
-0.00091553
-0.00061035
-0.00091553
-0.00091553
-0.00061035
-0.00030518
-0.00030518
-0.00061035
-0.00061035
-0.00061035
-0.00061035
-0.00091553
-0.00091553
-0.00091553
-0.00091553
-0.00061035
-0.00030518
 0.00000000
-0.00030518
-0.00091553
-0.00152588
-0.00183105
-0.00122070
-0.00061035
-0.00030518
-0.00030518
-0.00061035
-0.00091553
-0.00091553
-0.00061035
-0.00091553
-0.00091553
-0.00091553
-0.00091553
-0.00091553
-0.00061035
 0.00000000
-0.00030518
-0.00091553
-0.00091553
-0.00061035
-0.00030518
 0.00000000
 0.00000000
-0.00030518
-0.00091553
-0.00091553
-0.00061035
-0.00030518
-0.00030518
-0.00030518
 0.00000000
 0.00000000
-0.00030518
-0.00061035
 0.00000000
 0.00000000
-0.00030518
 0.00000000
 0.00000000
-0.00030518
-0.00061035
-0.00061035
-0.00061035
-0.00091553
-0.00061035
 0.00000000
 0.00000000
-0.00030518
-0.00030518
-0.00030518
-0.00030518
-0.00030518
-0.00030518
-0.00030518
 0.00000000
 0.00000000
 0.00000000
-0.00061035
-0.00061035
-0.00061035
-0.00030518
 0.00000000
 0.00030518
 0.00000000
 0.00030518
 0.00030518
 0.00061035
 0.00030518
 0.00000000
 0.00000000
-0.00061035
-0.00061035
-0.00061035
 0.00000000
 0.00030518
 0.00061035
 0.00061035
 0.00030518
 0.00000000
 0.00000000
 0.00061035
 0.00091553
 0.00061035
 0.00061035
 0.00061035
 0.00061035
 0.00030518
-0.00030518
-0.00030518
-0.00030518
-0.00030518
 0.00030518
 0.00030518
 0.00030518
 0.00061035
 0.00030518
 0.00061035
 0.00061035
 0.00061035
 0.00061035
 0.00030518
 0.00030518
 0.00061035
 0.00061035
 0.00061035
 0.00061035
 0.00061035
 0.00030518
 0.00061035
 0.00091553
 0.00122070
 0.00091553
 0.00091553
 0.00061035
 0.00091553
 0.00122070
 0.00122070
 0.00061035
 0.00030518
 0.00030518
 0.00061035
 0.00061035
 0.00030518
 0.00061035
 0.00122070
 0.00152588
 0.00152588
 0.00091553
 0.00030518
 0.00030518
 0.00091553
 0.00122070
 0.00091553
 0.00000000
-0.00030518
 0.00030518
 0.00061035
 0.00061035
 0.00061035
 0.00061035
 0.00091553
 0.00061035
 0.00030518
 0.00030518
 0.00061035
 0.00061035
 0.00061035
 0.00061035
 0.00061035
 0.00061035
 0.00091553
 0.00122070
 0.00122070
 0.00091553
 0.00061035
 0.00061035
 0.00091553
 0.00122070
 0.00122070
 0.00061035
 0.00030518
 0.00061035
 0.00061035
 0.00061035
 0.00091553
 0.00091553
 0.00061035
 0.00030518
 0.00000000
 0.00030518
 0.00000000
 0.00000000
 0.00000000
 0.00030518
 0.00061035
 0.00030518
 0.00000000
 0.00000000
-0.00030518
 0.00030518
 0.00030518
 0.00000000
-0.00030518
 0.00000000
 0.00000000
-0.00061035
-0.00061035
-0.00091553
-0.00091553
 0.00000000
 0.00030518
-0.00030518
-0.00030518
-0.00061035
-0.00061035
-0.00061035
-0.00091553
-0.00091553
-0.00091553
-0.00061035
-0.00061035
-0.00091553
-0.00091553
-0.00061035
-0.00061035
-0.00091553
-0.00091553
-0.00122070
-0.00122070
-0.00091553
-0.00061035
-0.00061035
-0.00091553
-0.00122070
-0.00152588
-0.00122070
-0.00091553
-0.00061035
-0.00061035
-0.00091553
-0.00122070
-0.00091553
-0.00061035
-0.00030518
-0.00061035
-0.00091553
-0.00122070
-0.00091553
-0.00061035
-0.00061035
-0.00091553
-0.00122070
-0.00122070
-0.00122070
-0.00122070
-0.00122070
-0.00122070
-0.00152588
-0.00122070
-0.00091553
-0.00091553
-0.00122070
-0.00122070
-0.00091553
-0.00030518
-0.00061035
-0.00122070
-0.00122070
-0.00091553
-0.00091553
-0.00091553
-0.00091553
-0.00061035
-0.00091553
-0.00091553
-0.00091553
-0.00061035
-0.00091553
-0.00061035
-0.00061035
-0.00091553
-0.00091553
-0.00061035
-0.00061035
-0.00061035
-0.00091553
-0.00061035
-0.00030518
-0.00030518
-0.00061035
-0.00091553
-0.00091553
-0.00061035
-0.00061035
-0.00061035
-0.00061035
-0.00061035
-0.00061035
-0.00061035
-0.00061035
-0.00030518
 0.00000000
 0.00000000
-0.00030518
-0.00030518
 0.00000000
 0.00030518
 0.00030518
 0.00030518
 0.00030518
 0.00030518
 0.00000000
 0.00000000
 0.00000000
 0.00000000
-0.00030518
 0.00000000
 0.00000000
 0.00000000
 0.00030518
 0.00030518
 0.00030518
 0.00030518
 0.00030518
 0.00030518
 0.00000000
-0.00030518
 0.00000000
 0.00000000
 0.00000000
 0.00030518
 0.00030518
 0.00030518
 0.00030518
 0.00061035
 0.00061035
 0.00091553
 0.00091553
 0.00091553
 0.00091553
 0.00061035
 0.00061035
 0.00030518
 0.00030518
 0.00061035
 0.00091553
 0.00091553
 0.00091553
 0.00091553
 0.00091553
 0.00091553
 0.00030518
 0.00030518
 0.00061035
 0.00152588
 0.00152588
 0.00091553
 0.00030518
 0.00030518
 0.00061035
 0.00122070
 0.00122070
 0.00061035
 0.00061035
 0.00061035
 0.00091553
 0.00091553
 0.00091553
 0.00061035
 0.00030518
 0.00030518
 0.00030518
 0.00061035
 0.00061035
 0.00091553
 0.00091553
 0.00061035
 0.00091553
 0.00091553
 0.00061035
 0.00030518
 0.00030518
 0.00030518
 0.00061035
 0.00091553
 0.00091553
 0.00061035
 0.00061035
 0.00061035
 0.00030518
 0.00030518
 0.00091553
 0.00091553
 0.00091553
 0.00061035
 0.00000000
-0.00030518
-0.00030518
 0.00000000
 0.00030518
 0.00061035
 0.00061035
 0.00000000
 0.00000000
 0.00000000
 0.00030518
 0.00061035
 0.00030518
 0.00030518
 0.00000000
 0.00061035
 0.00030518
 0.00030518
 0.00000000
-0.00030518
-0.00030518
 0.00000000
 0.00000000
 0.00030518
 0.00000000
 0.00000000
 0.00000000
 0.00000000
 0.00000000
 0.00030518
 0.00030518
 0.00030518
 0.00030518
 0.00000000
 0.00000000
 0.00000000
 0.00030518
 0.00061035
 0.00061035
 0.00030518
 0.00000000
 0.00030518
 0.00061035
 0.00061035
 0.00030518
 0.00000000
 0.00030518
 0.00000000
 0.00000000
-0.00030518
 0.00000000
 0.00030518
 0.00030518
 0.00030518
 0.00000000
-0.00030518
-0.00030518
-0.00061035
-0.00030518
 0.00000000
 0.00000000
-0.00030518
-0.00030518
 0.00000000
-0.00030518
-0.00061035
-0.00030518
 0.00030518
 0.00061035
 0.00091553
 0.00000000
-0.00091553
-0.00091553
-0.00061035
 0.00000000
 0.00000000
-0.00030518
 0.00000000
 0.00030518
 0.00061035
 0.00030518
-0.00030518
-0.00061035
-0.00030518
 0.00000000
 0.00000000
 0.00000000
 0.00000000
 0.00000000
 0.00000000
 0.00000000
 0.00000000
 0.00000000
 0.00030518
 0.00000000
 0.00000000
 0.00030518
 0.00030518
 0.00000000
-0.00061035
-0.00061035
 0.00000000
 0.00030518
 0.00030518
 0.00000000
 0.00000000
 0.00030518
 0.00030518
 0.00000000
-0.00030518
 0.00000000
 0.00061035
 0.00061035
 0.00030518
 0.00000000
 0.00000000
 0.00000000
 0.00030518
 0.00000000
 0.00000000
 0.00030518
 0.00030518
 0.00000000
 0.00000000
 0.00000000
 0.00000000
 0.00000000
 0.00030518
 0.00000000
-0.00030518
-0.00061035
-0.00030518
 0.00000000
 0.00030518
 0.00000000
-0.00030518
-0.00030518
-0.00030518
-0.00030518
-0.00030518
-0.00030518
-0.00030518
-0.00091553
-0.00061035
-0.00030518
 0.00000000
 0.00030518
 0.00030518
 0.00030518
-0.00030518
-0.00030518
 0.00000000
 0.00000000
 0.00000000
-0.00030518
-0.00030518
-0.00030518
-0.00030518
-0.00030518
-0.00030518
-0.00030518
-0.00030518
-0.00061035
-0.00061035
-0.00030518
-0.00030518
-0.00030518
-0.00061035
-0.00030518
 0.00000000
 0.00000000
-0.00030518
-0.00091553
-0.00122070
-0.00122070
-0.00122070
-0.00061035
 0.00000000
 0.00030518
 0.00000000
-0.00030518
-0.00061035
-0.00061035
-0.00061035
-0.00091553
-0.00091553
-0.00061035
-0.00030518
 0.00000000
 0.00000000
 0.00030518
-0.00030518
-0.00030518
 0.00000000
 0.00030518
 0.00061035
 0.00000000
 0.00000000
-0.00030518
-0.00030518
-0.00030518
 0.00000000
 0.00000000
 0.00000000
-0.00030518
-0.00030518
-0.00061035
-0.00061035
-0.00030518
-0.00030518
-0.00061035
-0.00091553
-0.00061035
 0.00030518
 0.00030518
-0.00030518
-0.00061035
 0.00000000
 0.00061035
 0.00061035
 0.00030518
 0.00000000
 0.00000000
 0.00030518
 0.00000000
 0.00000000
 0.00030518
 0.00061035
 0.00030518
-0.00030518
-0.00030518
-0.00030518
 0.00000000
 0.00030518
 0.00061035
 0.00030518
-0.00061035
-0.00061035
-0.00030518
 0.00030518
 0.00030518
 0.00030518
 0.00030518
 0.00000000
-0.00030518
-0.00030518
-0.00030518
 0.00030518
 0.00091553
 0.00061035
 0.00000000
-0.00030518
-0.00030518
-0.00030518
-0.00030518
-0.00030518
-0.00030518
 0.00000000
 0.00030518
 0.00030518
 0.00000000
 0.00000000
-0.00030518
-0.00030518
 0.00000000
 0.00030518
 0.00061035
 0.00000000
 0.00000000
 0.00000000
 0.00000000
 0.00000000
-0.00030518
-0.00030518
 0.00000000
 0.00000000
 0.00000000
-0.00030518
-0.00030518
 0.00000000
 0.00030518
 0.00030518
 0.00000000
 0.00030518
 0.00030518
 0.00000000
 0.00030518
 0.00000000
 0.00000000
-0.00030518
-0.00030518
-0.00030518
-0.00030518
 0.00000000
-0.00030518
-0.00030518
 0.00000000
 0.00061035
 0.00061035
 0.00030518
 0.00000000
-0.00030518
-0.00030518
 0.00000000
-0.00030518
-0.00091553
-0.00061035
-0.00030518
 0.00000000
 0.00030518
 0.00030518
 0.00000000
 0.00000000
-0.00030518
-0.00030518
-0.00061035
-0.00061035
-0.00030518
-0.00030518
 0.00000000
-0.00030518
-0.00030518
 0.00000000
 0.00000000
 0.00000000
 0.00030518
 0.00030518
 0.00030518
 0.00000000
-0.00030518
 0.00000000
 0.00030518
 0.00030518
 0.00000000
-0.00030518
-0.00061035
-0.00091553
-0.00030518
 0.00000000
 0.00030518
 0.00000000
 0.00000000
 0.00000000
 0.00000000
-0.00030518
-0.00030518
-0.00030518
 0.00000000
 0.00000000
 0.00030518
 0.00000000
-0.00061035
-0.00061035
 0.00000000
 0.00030518
 0.00030518
 0.00000000
 0.00030518
 0.00061035
 0.00061035
 0.00030518
 0.00030518
 0.00030518
 0.00000000
 0.00000000
 0.00030518
 0.00061035
 0.00030518
 0.00030518
 0.00030518
 0.00000000
-0.00030518
 0.00000000
 0.00000000
 0.00030518
 0.00030518
 0.00061035
 0.00030518
 0.00030518
 0.00000000
 0.00030518
 0.00061035
 0.00030518
 0.00030518
 0.00000000
 0.00030518
 0.00061035
 0.00061035
 0.00000000
 0.00000000
 0.00000000
 0.00030518
 0.00000000
 0.00000000
 0.00000000
 0.00000000
 0.00030518
 0.00061035
 0.00061035
 0.00061035
 0.00061035
 0.00030518
 0.00030518
 0.00030518
 0.00030518
 0.00030518
 0.00030518
 0.00030518
 0.00030518
 0.00000000
 0.00000000
 0.00061035
 0.00122070
 0.00122070
 0.00061035
 0.00061035
 0.00061035
 0.00030518
 0.00030518
 0.00061035
 0.00061035
 0.00030518
 0.00000000
 0.00030518
 0.00061035
 0.00061035
 0.00030518
 0.00030518
 0.00061035
 0.00091553
 0.00061035
 0.00030518
 0.00061035
 0.00061035
 0.00061035
 0.00091553
 0.00061035
 0.00030518
 0.00061035
 0.00030518
 0.00030518
 0.00030518
 0.00030518
 0.00000000
 0.00000000
 0.00000000
 0.00000000
-0.00030518
 0.00000000
 0.00030518
 0.00091553
 0.00091553
 0.00061035
 0.00030518
 0.00000000
 0.00000000
 0.00061035
 0.00061035
 0.00030518
 0.00000000
 0.00000000
 0.00000000
 0.00030518
 0.00000000
-0.00030518
 0.00000000
 0.00030518
 0.00061035
 0.00030518
 0.00000000
 0.00000000
 0.00030518
 0.00030518
 0.00030518
 0.00000000
 0.00000000
 0.00000000
 0.00000000
-0.00030518
 0.00000000
 0.00000000
 0.00000000
-0.00030518
-0.00030518
 0.00000000
 0.00030518
 0.00030518
 0.00000000
-0.00030518
-0.00030518
-0.00030518
-0.00061035
-0.00061035
-0.00061035
-0.00030518
 0.00000000
 0.00000000
 0.00000000
 0.00000000
 0.00000000
 0.00030518
 0.00000000
-0.00030518
-0.00061035
-0.00061035
 0.00000000
 0.00000000
 0.00000000
-0.00030518
-0.00061035
-0.00091553
-0.00091553
-0.00091553
-0.00091553
-0.00061035
 0.00000000
 0.00030518
-0.00030518
-0.00061035
-0.00061035
-0.00061035
-0.00061035
-0.00030518
-0.00030518
-0.00030518
-0.00091553
-0.00091553
-0.00061035
-0.00030518
-0.00061035
-0.00091553
-0.00061035
-0.00030518
 0.00000000
-0.00030518
-0.00091553
-0.00122070
-0.00091553
-0.00061035
-0.00061035
-0.00122070
-0.00122070
-0.00091553
-0.00061035
-0.00091553
-0.00122070
-0.00122070
-0.00061035
-0.00061035
-0.00061035
-0.00091553
-0.00091553
-0.00061035
-0.00030518
-0.00030518
-0.00061035
-0.00061035
-0.00091553
-0.00091553
-0.00091553
-0.00091553
-0.00091553
-0.00091553
-0.00061035
-0.00030518
-0.00091553
-0.00091553
-0.00061035
-0.00030518
-0.00030518
-0.00061035
-0.00091553
-0.00091553
-0.00091553
-0.00122070
-0.00091553
-0.00061035
-0.00122070
-0.00152588
-0.00122070
-0.00091553
-0.00030518
 0.00000000
 0.00000000
 0.00030518
 0.00030518
 0.00000000
-0.00061035
-0.00091553
-0.00091553
-0.00061035
-0.00030518
 0.00000000
 0.00000000
-0.00030518
-0.00061035
-0.00030518
-0.00030518
 0.00030518
 0.00030518
 0.00000000
 0.00030518
 0.00000000
 0.00000000
 0.00000000
-0.00030518
-0.00030518
 0.00000000
 0.00000000
 0.00000000
 0.00030518
 0.00061035
 0.00030518
 0.00000000
 0.00030518
 0.00030518
 0.00061035
 0.00061035
 0.00061035
 0.00030518
 0.00000000
 0.00000000
 0.00000000
 0.00000000
 0.00030518
 0.00061035
 0.00061035
 0.00030518
 0.00030518
 0.00030518
 0.00061035
 0.00091553
 0.00091553
 0.00061035
 0.00061035
 0.00061035
 0.00091553
 0.00061035
 0.00061035
 0.00061035
 0.00030518
 0.00000000
 0.00000000
 0.00000000
 0.00030518
 0.00061035
 0.00061035
 0.00061035
 0.00061035
 0.00061035
 0.00061035
 0.00030518
 0.00000000
 0.00000000
 0.00030518
 0.00061035
 0.00061035
 0.00030518
 0.00030518
 0.00061035
 0.00061035
 0.00061035
 0.00122070
 0.00152588
 0.00122070
 0.00091553
 0.00091553
 0.00091553
 0.00091553
 0.00091553
 0.00091553
 0.00091553
 0.00061035
 0.00061035
 0.00030518
 0.00000000
 0.00030518
 0.00061035
 0.00091553
 0.00122070
 0.00091553
 0.00091553
 0.00091553
 0.00091553
 0.00091553
 0.00061035
 0.00030518
 0.00030518
 0.00061035
 0.00091553
 0.00061035
 0.00030518
 0.00061035
 0.00091553
 0.00091553
 0.00091553
 0.00091553
 0.00122070
 0.00122070
 0.00091553
 0.00061035
 0.00030518
 0.00030518
 0.00030518
 0.00030518
 0.00030518
 0.00000000
 0.00000000
 0.00000000
 0.00030518
 0.00030518
 0.00030518
 0.00030518
 0.00030518
 0.00030518
 0.00030518
 0.00000000
 0.00000000
 0.00000000
-0.00030518
 0.00000000
-0.00030518
-0.00030518
-0.00061035
-0.00030518
-0.00030518
 0.00000000
 0.00000000
 0.00030518
 0.00030518
 0.00030518
-0.00061035
-0.00091553
-0.00091553
-0.00091553
-0.00091553
-0.00091553
-0.00061035
-0.00061035
-0.00061035
-0.00061035
-0.00091553
-0.00061035
-0.00061035
-0.00030518
-0.00030518
-0.00061035
-0.00061035
-0.00030518
-0.00030518
-0.00030518
-0.00061035
-0.00091553
-0.00122070
-0.00091553
-0.00061035
-0.00030518
-0.00061035
-0.00061035
-0.00091553
-0.00122070
-0.00091553
-0.00091553
-0.00091553
-0.00091553
-0.00091553
-0.00061035
-0.00061035
-0.00091553
-0.00122070
-0.00091553
-0.00061035
-0.00030518
-0.00061035
-0.00091553
-0.00061035
-0.00030518
-0.00061035
-0.00061035
-0.00061035
-0.00061035
-0.00030518
-0.00061035
-0.00122070
-0.00122070
-0.00061035
-0.00061035
-0.00061035
-0.00061035
-0.00061035
-0.00061035
-0.00030518
-0.00030518
-0.00030518
-0.00030518
-0.00030518
-0.00030518
-0.00030518
-0.00061035
-0.00091553
-0.00061035
-0.00030518
-0.00061035
-0.00061035
-0.00061035
-0.00030518
-0.00030518
-0.00030518
 0.00000000
 0.00000000
 0.00000000
 0.00000000
 0.00000000
 0.00030518
 0.00000000
-0.00030518
-0.00030518
-0.00030518
-0.00030518
-0.00030518
-0.00030518
-0.00030518
-0.00061035
-0.00030518
 0.00000000
 0.00030518
 0.00030518
 0.00000000
 0.00000000
-0.00030518
-0.00030518
-0.00030518
-0.00061035
-0.00061035
-0.00061035
-0.00030518
 0.00000000
 0.00000000
 0.00000000
-0.00030518
-0.00030518
-0.00030518
-0.00030518
 0.00000000
-0.00030518
-0.00030518
 0.00000000
 0.00000000
-0.00061035
-0.00091553
-0.00030518
 0.00030518
 0.00030518
-0.00030518
-0.00061035
-0.00061035
 0.00000000
 0.00000000
 0.00000000
 0.00030518
 0.00030518
 0.00030518
 0.00030518
 0.00000000
-0.00030518
-0.00030518
 0.00000000
 0.00030518
 0.00030518
 0.00000000
 0.00000000
 0.00000000
 0.00030518
 0.00030518
 0.00030518
 0.00000000
-0.00030518
 0.00000000
 0.00000000
-0.00030518
-0.00061035
-0.00091553
-0.00061035
-0.00030518
 0.00000000
 0.00000000
-0.00030518
-0.00030518
-0.00030518
 0.00030518
 0.00000000
 0.00030518
 0.00030518
 0.00030518
 0.00000000
-0.00030518
-0.00030518
-0.00030518
-0.00030518
 0.00000000
 0.00000000
 0.00000000
 0.00000000
 0.00030518
 0.00030518
 0.00000000
-0.00030518
-0.00030518
 0.00000000
 0.00061035
 0.00061035
 0.00030518
 0.00000000
-0.00030518
-0.00030518
-0.00061035
-0.00061035
 0.00000000
 0.00030518
 0.00030518
 0.00030518
-0.00030518
-0.00030518
-0.00030518
 0.00000000
 0.00030518
-0.00030518
-0.00061035
-0.00061035
 0.00000000
 0.00000000
 0.00000000
 0.00000000
-0.00030518
-0.00030518
-0.00030518
 0.00030518
 0.00000000
 0.00030518
 0.00030518
 0.00000000
 0.00000000
-0.00030518
-0.00030518
 0.00030518
 0.00061035
 0.00030518
-0.00030518
-0.00030518
-0.00030518
 0.00000000
 0.00061035
 0.00030518
 0.00000000
 0.00000000
 0.00000000
 0.00000000
 0.00000000
-0.00030518
-0.00030518
 0.00030518
 0.00000000
-0.00030518
-0.00030518
-0.00030518
-0.00030518
 0.00030518
 0.00030518
 0.00030518
 0.00000000
-0.00030518
-0.00030518
 0.00000000
 0.00030518
 0.00000000
 0.00000000
 0.00000000
-0.00030518
-0.00030518
-0.00030518
 0.00000000
 0.00000000
-0.00030518
 0.00000000
 0.00061035
 0.00091553
 0.00091553
 0.00061035
 0.00030518
 0.00061035
 0.00061035
 0.00061035
 0.00061035
 0.00030518
 0.00000000
-0.00030518
 0.00030518
 0.00061035
 0.00030518
 0.00000000
 0.00000000
 0.00000000
 0.00030518
 0.00000000
 0.00000000
 0.00000000
 0.00000000
 0.00030518
 0.00000000
 0.00000000
-0.00030518
 0.00000000
 0.00000000
 0.00000000
 0.00030518
 0.00061035
 0.00061035
 0.00030518
 0.00030518
 0.00000000
 0.00030518
 0.00061035
 0.00030518
 0.00000000
-0.00030518
-0.00061035
-0.00030518
-0.00030518
-0.00030518
-0.00061035
 0.00000000
 0.00030518
 0.00030518
 0.00030518
 0.00000000
-0.00030518
 0.00000000
 0.00000000
 0.00000000
 0.00000000
-0.00061035
-0.00061035
-0.00091553
-0.00061035
-0.00030518
-0.00030518
-0.00030518
 0.00030518
 0.00000000
 0.00030518
 0.00000000
-0.00030518
 0.00000000
 0.00000000
 0.00000000
-0.00030518
-0.00061035
-0.00091553
-0.00091553
-0.00030518
-0.00030518
-0.00030518
-0.00030518
-0.00030518
-0.00061035
-0.00030518
 0.00000000
 0.00030518
 0.00000000
-0.00030518
-0.00030518
-0.00061035
-0.00061035
-0.00061035
-0.00061035
-0.00061035
-0.00061035
-0.00030518
 0.00030518
 0.00183105
 0.00518799
 0.01159668
 0.02044678
 0.02899170
 0.03051758
 0.01861572
-0.00762939
-0.03906250
-0.05279541
-0.03509521
 0.00396729
 0.04730225
 0.07720947
 0.06805420
 0.00946045
-0.04547119
-0.06011963
-0.05004883
-0.02807617
-0.00091553
 0.01983643
 0.02105713
 0.00549316
-0.00030518
 0.01129150
 0.01831055
 0.00122070
-0.02380371
-0.02166748
 0.00335693
 0.02960205
 0.04241943
 0.02380371
-0.02349854
-0.05889893
-0.05340576
-0.02624512
-0.00244141
 0.01281738
 0.02014160
 0.01800537
 0.01129150
 0.02105713
 0.04425049
 0.04608154
 0.00091553
-0.05004883
-0.06530762
-0.05859375
-0.03692627
 0.00061035
 0.03540039
 0.04211426
 0.01037598
-0.02227783
-0.03112793
-0.02441406
-0.00610352
 0.01678467
 0.02838135
 0.01434326
-0.01159668
-0.02258301
-0.02136230
-0.02227783
-0.02929688
-0.03509521
-0.03082275
-0.01373291
 0.01190186
 0.03662109
 0.04333496
 0.02319336
-0.00427246
-0.01586914
-0.01464844
-0.00946045
-0.00579834
-0.00885010
-0.01312256
-0.00976563
-0.00366211
-0.00366211
-0.00610352
-0.00488281
 0.00030518
 0.00732422
 0.01312256
 0.01556396
 0.01586914
 0.01403809
 0.00946045
 0.00183105
-0.01007080
-0.02319336
-0.02685547
-0.01495361
 0.00335693
 0.01373291
 0.00885010
 0.00244141
 0.00427246
 0.00366211
-0.00488281
-0.01495361
-0.01892090
-0.01403809
 0.00000000
 0.01556396
 0.01892090
 0.00457764
-0.01281738
-0.01586914
-0.00915527
-0.00213623
 0.00061035
 0.00335693
 0.00854492
 0.01617432
 0.02288818
 0.02319336
 0.01464844
 0.00244141
-0.00701904
-0.01190186
-0.01373291
-0.01312256
-0.00976563
-0.00335693
 0.00671387
 0.01892090
 0.02746582
 0.02655029
 0.01983643
 0.01495361
 0.01525879
 0.02136230
 0.03112793
 0.03601074
 0.02685547
 0.00640869
-0.01403809
-0.02807617
-0.03112793
-0.02136230
-0.00274658
 0.01617432
 0.02685547
 0.02227783
 0.00030518
-0.02777100
-0.04943848
-0.05950928
-0.05950928
-0.05126953
-0.03601074
-0.01617432
 0.00579834
 0.02868652
 0.05096436
 0.06896973
 0.07995605
 0.07995605
 0.06713867
 0.04180908
 0.00854492
-0.02258301
-0.04211426
-0.04486084
-0.03387451
-0.01617432
 0.00122070
 0.01373291
 0.02319336
 0.03112793
 0.03967285
 0.04852295
 0.05767822
 0.06072998
 0.05126953
 0.02746582
-0.00488281
-0.03509521
-0.05432129
-0.05859375
-0.05065918
-0.03417969
-0.01373291
 0.00610352
 0.02227783
 0.03540039
 0.04455566
 0.05035400
 0.05096436
 0.04608154
 0.03570557
 0.01983643
 0.00030518
-0.02136230
-0.04150391
-0.05554199
-0.06072998
-0.05462646
-0.03723145
-0.01068115
 0.01922607
 0.04547119
 0.05859375
 0.05432129
 0.03723145
 0.01617432
-0.00518799
-0.02593994
-0.04425049
-0.05584717
-0.05859375
-0.05340576
-0.04150391
-0.02624512
-0.01068115
 0.00305176
 0.01434326
 0.02227783
 0.02624512
 0.02502441
 0.01892090
 0.01037598
 0.00366211
-0.00122070
-0.00823975
-0.02105713
-0.03723145
-0.05126953
-0.05676270
-0.05126953
-0.03662109
-0.01586914
 0.00549316
 0.02136230
 0.02807617
 0.02502441
 0.01556396
 0.00274658
-0.01007080
-0.02166748
-0.03082275
-0.03753662
-0.04119873
-0.04150391
-0.03784180
-0.03051758
-0.01892090
-0.00427246
 0.01159668
 0.02563477
 0.03356934
 0.03295898
 0.02410889
 0.01037598
-0.00366211
-0.01525879
-0.02288818
-0.02746582
-0.03051758
-0.03265381
-0.03234863
-0.02716064
-0.01800537
-0.00732422
 0.00305176
 0.01159668
 0.01739502
 0.01922607
 0.01708984
 0.01068115
 0.00091553
-0.01037598
-0.02075195
-0.02685547
-0.02777100
-0.02380371
-0.01617432
-0.00701904
 0.00000000
 0.00549316
 0.01037598
 0.01617432
 0.02166748
 0.02532959
 0.02624512
 0.02441406
 0.01983643
 0.01373291
 0.00579834
-0.00366211
-0.01129150
-0.01556396
-0.01403809
-0.00640869
 0.00640869
 0.02166748
 0.03540039
 0.04516602
 0.04882813
 0.04760742
 0.04211426
 0.03295898
 0.02105713
 0.00732422
-0.00732422
-0.02014160
-0.02960205
-0.03265381
-0.02777100
-0.01678467
-0.00213623
 0.01312256
 0.02593994
 0.03479004
 0.03814697
 0.03753662
 0.03417969
 0.02868652
 0.01953125
 0.00793457
-0.00427246
-0.01464844
-0.02227783
-0.02685547
-0.02807617
-0.02593994
-0.02014160
-0.01220703
-0.00335693
 0.00488281
 0.01098633
 0.01434326
 0.01434326
 0.01190186
 0.00701904
-0.00030518
-0.00915527
-0.01831055
-0.02563477
-0.02899170
-0.02716064
-0.02044678
-0.00946045
 0.00396729
 0.01647949
 0.02593994
 0.03112793
 0.03356934
 0.03448486
 0.03387451
 0.03051758
 0.02410889
 0.01403809
 0.00183105
-0.00946045
-0.01831055
-0.02319336
-0.02471924
-0.02258301
-0.01678467
-0.00854492
 0.00122070
 0.01037598
 0.01678467
 0.01892090
 0.01525879
 0.00732422
-0.00213623
-0.01098633
-0.01800537
-0.02319336
-0.02593994
-0.02593994
-0.02349854
-0.01892090
-0.01220703
-0.00457764
 0.00183105
 0.00549316
 0.00640869
 0.00488281
 0.00213623
-0.00122070
-0.00549316
-0.01037598
-0.01556396
-0.02014160
-0.02349854
-0.02532959
-0.02349854
-0.01861572
-0.01251221
-0.00671387
-0.00274658
-0.00122070
-0.00030518
-0.00030518
-0.00152588
-0.00366211
-0.00701904
-0.01068115
-0.01312256
-0.01312256
-0.01068115
-0.00640869
-0.00213623
 0.00274658
 0.00762939
 0.01281738
 0.01770020
 0.02136230
 0.02258301
 0.02075195
 0.01617432
 0.00976563
 0.00213623
-0.00427246
-0.00854492
-0.01098633
-0.01251221
-0.01159668
-0.00915527
-0.00427246
 0.00244141
 0.00946045
 0.01434326
 0.01586914
 0.01434326
 0.01129150
 0.00732422
 0.00427246
 0.00183105
 0.00000000
-0.00152588
-0.00213623
-0.00213623
-0.00122070
 0.00091553
 0.00335693
 0.00610352
 0.00793457
 0.00946045
 0.01129150
 0.01159668
 0.01037598
 0.00732422
 0.00305176
-0.00183105
-0.00640869
-0.00915527
-0.00976563
-0.00885010
-0.00640869
-0.00396729
-0.00152588
 0.00122070
 0.00457764
 0.00793457
 0.01068115
 0.01159668
 0.00976563
 0.00610352
 0.00122070
-0.00305176
-0.00579834
-0.00762939
-0.00793457
-0.00671387
-0.00396729
-0.00030518
 0.00427246
 0.00885010
 0.01342773
 0.01647949
 0.01770020
 0.01708984
 0.01495361
 0.01251221
 0.00915527
 0.00579834
 0.00274658
 0.00061035
 0.00000000
 0.00091553
 0.00244141
 0.00488281
 0.00762939
 0.01037598
 0.01281738
 0.01434326
 0.01495361
 0.01434326
 0.01190186
 0.00732422
 0.00244141
-0.00152588
-0.00366211
-0.00396729
-0.00244141
 0.00000000
 0.00244141
 0.00457764
 0.00549316
 0.00671387
 0.00823975
 0.00976563
 0.01037598
 0.00946045
 0.00640869
 0.00213623
-0.00274658
-0.00732422
-0.00976563
-0.01068115
-0.01037598
-0.00946045
-0.00823975
-0.00671387
-0.00518799
-0.00366211
-0.00305176
-0.00366211
-0.00488281
-0.00640869
-0.00854492
-0.01037598
-0.01159668
-0.01159668
-0.01098633
-0.00976563
-0.00793457
-0.00518799
-0.00244141
 0.00061035
 0.00244141
 0.00305176
 0.00305176
 0.00274658
 0.00274658
 0.00335693
 0.00305176
 0.00122070
-0.00122070
-0.00366211
-0.00457764
-0.00427246
-0.00244141
 0.00061035
 0.00427246
 0.00732422
 0.00946045
 0.01068115
 0.01068115
 0.01037598
 0.00915527
 0.00640869
 0.00244141
-0.00183105
-0.00549316
-0.00823975
-0.00976563
-0.01007080
-0.00915527
-0.00701904
-0.00427246
-0.00122070
 0.00091553
 0.00122070
-0.00061035
-0.00457764
-0.00915527
-0.01373291
-0.01831055
-0.02075195
-0.02166748
-0.02227783
-0.02288818
-0.02288818
-0.02136230
-0.01831055
-0.01373291
-0.00854492
-0.00396729
-0.00091553
 0.00091553
 0.00183105
 0.00213623
 0.00091553
-0.00061035
-0.00305176
-0.00640869
-0.01037598
-0.01251221
-0.01281738
-0.01129150
-0.00915527
-0.00671387
-0.00457764
-0.00152588
 0.00183105
 0.00427246
 0.00549316
 0.00518799
 0.00335693
 0.00030518
-0.00244141
-0.00457764
-0.00579834
-0.00579834
-0.00457764
-0.00213623
 0.00091553
 0.00396729
 0.00732422
 0.01037598
 0.01312256
 0.01556396
 0.01617432
 0.01464844
 0.01190186
 0.00854492
 0.00518799
 0.00244141
-0.00030518
-0.00183105
-0.00305176
-0.00305176
-0.00244141
-0.00030518
 0.00122070
 0.00213623
 0.00244141
 0.00305176
 0.00396729
 0.00457764
 0.00396729
 0.00213623
-0.00091553
-0.00427246
-0.00732422
-0.00854492
-0.00854492
-0.00762939
-0.00640869
-0.00488281
-0.00396729
-0.00244141
-0.00030518
 0.00213623
 0.00427246
 0.00549316
 0.00549316
 0.00457764
 0.00305176
 0.00183105
 0.00152588
 0.00213623
 0.00213623
 0.00244141
 0.00274658
 0.00366211
 0.00457764
 0.00610352
 0.00732422
 0.00823975
 0.00823975
 0.00854492
 0.00823975
 0.00823975
 0.00823975
 0.00732422
 0.00549316
 0.00427246
 0.00335693
 0.00335693
 0.00396729
 0.00457764
 0.00457764
 0.00396729
 0.00305176
 0.00244141
 0.00244141
 0.00274658
 0.00335693
 0.00335693
 0.00274658
 0.00152588
 0.00061035
 0.00000000
 0.00061035
 0.00122070
 0.00213623
 0.00274658
 0.00213623
 0.00152588
 0.00122070
 0.00122070
 0.00091553
 0.00000000
-0.00122070
-0.00183105
-0.00213623
-0.00183105
-0.00183105
-0.00213623
-0.00274658
-0.00305176
-0.00335693
-0.00366211
-0.00335693
-0.00305176
-0.00335693
-0.00427246
-0.00579834
-0.00762939
-0.00885010
-0.00915527
-0.00885010
-0.00854492
-0.00915527
-0.00915527
-0.00915527
-0.00823975
-0.00701904
-0.00579834
-0.00518799
-0.00488281
-0.00518799
-0.00549316
-0.00518799
-0.00457764
-0.00366211
-0.00274658
-0.00244141
-0.00152588
-0.00061035
 0.00122070
 0.00274658
 0.00427246
 0.00457764
 0.00488281
 0.00518799
 0.00518799
 0.00518799
 0.00518799
 0.00488281
 0.00366211
 0.00244141
 0.00091553
-0.00030518
-0.00030518
 0.00000000
 0.00061035
 0.00091553
 0.00122070
 0.00152588
 0.00213623
 0.00305176
 0.00366211
 0.00366211
 0.00305176
 0.00183105
 0.00091553
 0.00000000
-0.00091553
-0.00152588
-0.00213623
-0.00244141
-0.00244141
-0.00152588
 0.00000000
 0.00091553
 0.00122070
 0.00091553
 0.00061035
 0.00061035
 0.00000000
-0.00030518
-0.00061035
-0.00091553
-0.00183105
-0.00213623
-0.00244141
-0.00183105
-0.00091553
 0.00091553
 0.00213623
 0.00366211
 0.00457764
 0.00518799
 0.00579834
 0.00640869
 0.00671387
 0.00610352
 0.00549316
 0.00457764
 0.00335693
 0.00274658
 0.00244141
 0.00274658
 0.00274658
 0.00274658
 0.00366211
 0.00488281
 0.00610352
 0.00701904
 0.00762939
 0.00793457
 0.00732422
 0.00640869
 0.00610352
 0.00518799
 0.00457764
 0.00335693
 0.00213623
 0.00122070
 0.00152588
 0.00213623
 0.00274658
 0.00396729
 0.00488281
 0.00579834
 0.00610352
 0.00610352
 0.00518799
 0.00427246
 0.00305176
 0.00152588
-0.00030518
-0.00213623
-0.00274658
-0.00305176
-0.00335693
-0.00274658
-0.00183105
-0.00061035
 0.00030518
 0.00122070
 0.00183105
 0.00274658
 0.00244141
 0.00152588
 0.00030518
-0.00122070
-0.00244141
-0.00305176
-0.00366211
-0.00396729
-0.00366211
-0.00305176
-0.00213623
-0.00091553
 0.00061035
 0.00213623
 0.00366211
 0.00427246
 0.00366211
 0.00244141
 0.00091553
 0.00000000
-0.00061035
-0.00091553
-0.00152588
-0.00244141
-0.00305176
-0.00274658
-0.00213623
-0.00122070
-0.00030518
 0.00061035
 0.00061035
 0.00030518
-0.00061035
-0.00183105
-0.00305176
-0.00488281
-0.00671387
-0.00854492
-0.01007080
-0.01098633
-0.01098633
-0.01007080
-0.00915527
-0.00793457
-0.00671387
-0.00549316
-0.00457764
-0.00366211
-0.00274658
-0.00305176
-0.00427246
-0.00579834
-0.00701904
-0.00793457
-0.00823975
-0.00793457
-0.00823975
-0.00823975
-0.00823975
-0.00762939
-0.00640869
-0.00488281
-0.00335693
-0.00213623
-0.00244141
-0.00274658
-0.00366211
-0.00457764
-0.00518799
-0.00579834
-0.00671387
-0.00732422
-0.00701904
-0.00640869
-0.00579834
-0.00457764
-0.00244141
-0.00061035
 0.00122070
 0.00183105
 0.00213623
 0.00213623
 0.00213623
 0.00183105
 0.00061035
-0.00152588
-0.00305176
-0.00427246
-0.00488281
-0.00488281
-0.00457764
-0.00366211
-0.00244141
-0.00091553
 0.00030518
 0.00122070
 0.00213623
 0.00305176
 0.00305176
 0.00213623
 0.00122070
 0.00061035
-0.00030518
-0.00091553
-0.00091553
-0.00122070
-0.00152588
-0.00183105
-0.00152588
-0.00030518
 0.00061035
 0.00091553
 0.00122070
 0.00122070
 0.00091553
 0.00061035
 0.00000000
-0.00122070
-0.00244141
-0.00427246
-0.00610352
-0.00640869
-0.00640869
-0.00579834
-0.00457764
-0.00305176
-0.00152588
 0.00000000
 0.00122070
 0.00213623
 0.00305176
 0.00396729
 0.00488281
 0.00518799
 0.00488281
 0.00427246
 0.00335693
 0.00274658
 0.00244141
 0.00274658
 0.00335693
 0.00396729
 0.00488281
 0.00610352
 0.00732422
 0.00823975
 0.00854492
 0.00823975
 0.00762939
 0.00671387
 0.00579834
 0.00488281
 0.00396729
 0.00335693
 0.00274658
 0.00244141
 0.00274658
 0.00305176
 0.00396729
 0.00488281
 0.00610352
 0.00701904
 0.00762939
 0.00762939
 0.00732422
 0.00732422
 0.00671387
 0.00488281
 0.00335693
 0.00244141
 0.00183105
 0.00183105
 0.00152588
 0.00152588
 0.00152588
 0.00213623
 0.00305176
 0.00366211
 0.00427246
 0.00488281
 0.00518799
 0.00518799
 0.00488281
 0.00396729
 0.00335693
 0.00183105
 0.00122070
 0.00030518
-0.00030518
-0.00091553
-0.00061035
 0.00061035
 0.00152588
 0.00213623
